2322 4038 4016 2667 2790 5060 2424 3696 1732 2559 1347 2421 5164 2112 1653 2899 4000 4527 4556 5114 3610 4521 4567 2379 4544 2810 3920 4434 1387
3769 6168 5172 5510 5580 5443 4471 3481 6063 6208 3067 2681 3184 2485 6087 5313 2869 4747 3021 2644 5551 4163 2848 3914 3604 5537 3221 4893 3991
5401 3555 5545 4002 3959 3546 2041 2655 2757 2475 4708 3478 3214 2654 5143 2424 3391 4970 5656 4325 3812 5222 3738 4625 1948 2110 3365 2439 3747
7059 4980 6859 8116 6521 6743 4996 4889 5311 6069 7383 7025 6980 5726 7046 6271 5950 8314 7545 5339 5298 7522 7219 6219 4706 7712 6416 8048 7632
3456 5103 4899 2888 3068 5148 4231 5739 3053 5773 5214 5627 4182 3086 4594 4520 3339 5599 5333 4455 5192 4027 2937 3414 2347 4196 3809 4980 5814
3564 2553 4668 4595 4317 2324 3200 4024 2417 4035 5394 3773 4394 3155 4160 2384 3688 2954 4242 3431 4461 4394 2433 2734 2730 4797 4972 4726 3274
5089 3433 4474 4835 6800 6990 3758 7077 4680 3585 6030 4338 3305 5687 5917 4479 4796 7020 6118 5021 4564 5066 4617 3733 5393 6453 3278 4128 5883
6288 4487 6833 6062 6502 4673 4369 4714 4361 5450 6891 5522 4928 6923 7857 7828 7594 6358 6227 4973 7122 6966 4703 4253 4155 7396 6860 5343 5249
4137 5404 3889 6140 4072 4179 4512 3370 3929 3665 5364 5856 4737 5187 3230 4909 4853 4662 3972 5340 5186 5595 5412 3570 5017 4913 5004 5886 5088
7795 6118 5398 5442 7708 6275 5950 8436 8374 6507 5490 6370 6937 7898 6845 8291 6595 7594 6026 7091 6493 5703 5134 5805 8249 7445 6283 6802 7690
6888 7090 6884 6713 3758 6537 6598 5809 5066 5371 4980 4885 6169 4235 4472 3882 5535 5196 4942 4594 5152 7117 5620 4725 6297 3323 7059 5042 3461
7273 5353 4449 4731 6369 4931 7096 5525 6309 7195 4895 4552 4789 4194 4034 7334 5440 3567 4394 6443 5273 5904 4954 4209 4829 6474 4549 6794 4056
4913 5756 4639 5146 6613 5221 3375 6414 5627 4704 3219 5149 3917 5941 3163 6577 2807 3013 4604 3004 4834 5302 4487 3893 3860 5342 5272 3026 4205
5644 4525 4238 3708 5243 4832 4783 4976 4887 7086 3637 3830 3900 5169 3278 4619 6784 5565 3817 6812 3449 4489 4957 6272 4385 3797 5014 5968 6238
5288 3962 5376 3865 4739 5177 6678 4275 4875 3389 5595 2982 4645 2953 4220 5881 3627 4369 6402 2956 5668 3899 5055 6205 3325 6439 4436 2914 3597
3600 4666 4729 6422 5982 6877 3537 4544 6581 4923 7073 5688 4779 6721 5732 6510 4258 6164 3502 5376 5420 5050 3407 4429 5474 6688 5826 4187 5578
5416 6597 6277 4521 6956 6600 6880 6263 5824 3948 5194 6340 6743 5125 4770 6030 5293 5545 5984 7174 3369 4564 5575 6990 6065 4738 6813 5948 6414
1367 2415 3249 3164 4723 2693 1687 3960 2429 2053 3798 3294 3270 1265 2351 4431 5103 3474 1369 2437 3698 4628 2400 3551 1388 4539 4983 4238 3307
4360 4199 3301 5446 3623 2862 6012 4010 5041 2623 3165 5802 3603 3575 3816 4042 4113 5974 3926 3747 3598 3182 3928 5341 5236 5209 3929 2223 3456
5341 4642 7753 7523 5481 5928 6289 6633 6191 5318 7719 7088 7258 7172 8090 7824 6214 8128 7382 4449 4932 8110 5346 4944 5252 7758 7680 4711 4420
6451 6438 4359 5582 5175 7510 7604 6573 4820 6125 7547 5631 7419 7323 7484 5972 6982 7493 5135 5266 7514 6085 4179 5290 4457 4380 4004 7758 6683
5952 5549 6926 5653 4664 5181 7434 5526 5327 5316 6122 7255 3945 5114 6097 4337 7374 4649 6899 4974 5316 4069 4124 4553 4138 3970 6010 5841 7239
4645 5717 3843 3924 4688 6070 4879 4310 6925 6894 6292 4573 4398 4900 5969 3420 5837 4529 3562 6943 5666 4477 3244 6758 4445 4279 5601 5034 4951
5014 2316 3679 5934 3065 4386 3120 5320 5347 4631 3148 4057 5039 2559 3934 5077 5053 3901 5675 2780 3989 5091 5595 2713 2406 3885 5981 2245 5676
5292 5159 6835 4559 3901 5543 6061 7463 4866 4918 7401 7080 5880 4709 7230 5263 4068 5133 4364 7539 4590 4533 6348 5321 5116 4974 4009 4789 7445
6775 4498 6672 5392 4898 6567 5354 4277 6274 5970 5769 6423 4462 3415 5470 5411 5892 4568 7158 5508 5470 3450 6621 5490 6246 6462 6991 7127 3917
3519 2618 2600 2608 5888 5093 5906 3048 4018 2541 5377 4133 3675 6254 6257 5100 4681 6186 3589 5416 5299 2542 3893 3614 3556 5238 6041 5661 4233
3049 4922 1298 4867 4060 1432 1865 3662 2955 4280 1805 1473 3924 4076 2405 3808 2787 3741 3879 4072 4473 2385 4673 4792 1891 1629 1617 2652 3816
8155 5131 5564 8110 7530 8364 5592 5248 6055 7369 8505 7664 7884 6061 6320 6982 7802 7260 8468 7274 7617 5685 6476 6571 5638 7364 5482 7811 8390
3765 3964 2770 2833 5532 6090 5752 5038 4177 4321 5190 4966 4182 5807 4854 3399 3518 5052 4055 5277 5897 4462 5840 2945 5102 4242 4655 3362 2947
8234 3118 5908 6172 5659 7351 2222 5105 5099 1681 7461 4074 5304 4876 3029 5720 1930 3314 4120 5766 5094 4976 7401 4799 5427 4847 5962 6807 3741 5166
6298 5104 7132 7720 6607 4612 3642 5416 5056 3571 7132 2834 3238 3693 6006 5066 2621 4351 4975 8511 6753 4830 6414 6520 4915 7008 7482 5473 3066 6565
7350 6526 5692 4906 4011 7458 3129 6866 3665 4578 4822 3496 3787 4704 5190 5559 5266 5145 4134 7279 5082 4275 6057 6625 3861 6359 7851 5526 5067 5481
7240 6026 6374 5139 4302 7589 3983 3671 5276 3990 6497 4207 4950 2809 6637 6915 4639 3622 3110 6049 7248 6024 5702 5238 4974 4146 5089 5080 5726 6836
7955 4445 8202 7281 7450 5714 2137 4775 5014 2329 6308 4041 4986 4475 3664 3922 5173 4680 3174 8644 4279 7124 8397 5798 5563 3690 8562 5755 3509 4243
6800 2962 4862 4998 7060 4683 4824 4981 5299 4445 6762 3759 4650 5331 5266 5686 4586 6578 4832 6311 5567 6516 6031 5956 5316 4705 7066 5572 2844 4729
5117 2727 7335 6395 5913 5432 2520 5488 4671 1861 6895 2343 3532 3831 6129 5625 3130 5094 4255 8750 3593 5441 8448 4839 2674 4715 8261 4903 3346 3925
4862 4028 6496 4358 6814 5874 4713 5519 5972 4150 6320 5884 5936 3232 5440 7123 4838 4632 2587 5046 3728 4698 8798 7211 4192 3876 6136 4795 5382 4792
5969 5825 6551 7821 5972 7120 5540 5180 5790 4603 7130 4116 4005 4844 3262 3483 4335 6220 1523 7024 5720 6753 8460 5407 6287 3794 5305 6507 3230 6715
8450 3355 7737 7454 6932 7697 3384 5329 2752 1789 6286 5285 3251 1863 5804 6218 3335 6627 4210 5066 6416 7034 8516 6228 5828 3253 8448 6213 5234 7221
5452 5131 8067 6681 5813 7221 3794 6836 2507 3769 6290 2812 3835 1997 5565 5129 4732 5836 4978 8152 6895 5919 7855 5883 6320 4943 7069 6169 3573 4256
7482 5494 4962 6270 6802 6790 4155 6056 3823 2537 4664 5940 5676 2164 5114 4946 3365 6912 1510 8021 7157 4822 7531 7917 2777 5042 6076 6564 2571 4141
7648 2984 6561 6097 6693 7321 2146 3736 5138 4241 7014 4317 5475 1942 5383 3658 1997 4086 4744 6885 5145 4274 7368 7307 4380 3645 7916 4146 5234 7530
5889 4798 8296 5862 6568 7168 3243 5170 5980 2669 5991 2651 5093 4688 3385 4498 3064 3731 2611 6383 7061 4491 7573 7466 6073 6148 5096 6260 2784 6775
7827 5469 7980 8062 5085 4596 3953 4851 3744 2701 6129 3831 5456 2388 2926 4099 2507 5408 3982 5850 6669 3661 6360 6879 4193 6892 4803 3988 3659 7747
6702 5171 7759 7889 6075 4363 4608 4221 5768 1992 7337 4401 5685 2285 4776 5396 5004 6912 2241 6949 3826 4466 6564 5642 3789 4081 8556 6600 6108 5385
7849 4741 7617 5832 5226 5668 4910 4331 4071 3150 4495 5735 2684 4245 3695 6586 3398 3657 4115 8786 7107 5094 5489 8620 4973 4778 8281 7312 3144 5062
7057 6288 7265 7178 6678 7380 3263 6371 3322 1947 4525 4267 3160 3445 5266 7135 4266 3304 3399 6645 7135 4478 8262 7029 5344 6281 7235 6396 4631 4132
5054 4775 5819 7013 5768 7562 2328 3577 3842 5384 7285 5965 2635 1687 3316 6684 2294 3906 2448 6799 3897 5749 6244 5667 5784 3699 8404 4811 5154 5344
7794 5177 8072 6432 4842 7878 2197 4942 4238 4045 7745 2968 2953 2067 3828 6467 3383 6324 3835 5465 3794 6830 6587 6480 3161 4783 5980 6204 4583 5188
7660 4983 8065 4663 5434 5267 3471 3709 2900 2001 5911 4514 3780 4679 4275 7195 1480 4413 3150 7639 6882 5575 6332 7990 5447 4534 7624 4317 2493 5735
8388 5814 6368 4900 6343 6883 3060 6592 3494 1843 5655 5517 4445 4153 6674 5264 3953 3355 1347 6944 4627 4310 6971 7030 5436 5044 8291 6108 2448 4601
6092 3995 4558 7764 6436 6464 4192 6320 3151 2132 7075 3651 3562 4783 4435 3785 1655 5960 1969 6425 4818 6264 6415 6430 3846 6047 5321 5872 5623 5259
6302 5033 5831 5056 6624 5589 3595 4693 4510 4088 4615 3028 4035 4774 3219 5822 3804 3942 1384 8266 5520 5097 5800 6388 2754 5239 6296 3851 2516 6754
7203 5902 6108 7613 6994 5469 2948 4053 4504 1757 4731 2622 5144 3585 4026 4053 3316 3173 2245 4963 3613 3941 7436 4846 3906 4462 5054 6428 4502 5661
6635 3139 5563 4560 5129 7620 2954 5268 3046 4286 5638 6035 5336 3554 6005 3918 2649 5600 1682 7733 6946 6673 5203 5136 4079 6959 8317 7512 4391 4921
4758 6488 6661 6046 5655 4217 4441 5161 5851 5424 4479 5687 3892 3003 6330 3524 1940 3553 4921 8362 6519 7117 5910 7272 6392 6300 6017 6748 4283 3936
8461 2750 6173 7324 3863 6902 5103 3423 5617 3103 7805 2756 4276 1862 6213 6266 2266 5340 2863 5141 5403 4009 6236 8207 4312 5655 5067 4022 6186 5418
6086 2741 4999 4316 6571 7719 4628 6910 6029 4880 7171 5887 2118 3733 5539 6612 2301 6544 1484 8137 5637 5012 7532 6347 6218 3594 7944 4598 6050 5220
6 29 5 7 87301 0.9728492383430033
22 9 9 21 85682 0.9735407834408073
1 25 15 22 76577 0.9903882636560516
11 6 18 15 53853 1.069493110161422
22 13 7 21 77285 1.0440546808223565
25 2 29 14 53284 0.9986966783380345
19 20 6 19 57712 1.0509352525404894
0 13 16 24 94638 1.0990942258432719
4 0 18 3 73428 1.0770919316311844
17 7 24 10 32747 1.0463825621406857
26 5 16 26 97797 1.052305556111035
27 5 18 16 56159 1.063562604764968
13 14 19 25 58746 0.9735019077427591
10 21 23 19 60692 0.9969990285612458
19 18 3 17 58691 0.9274315564631525
22 20 10 2 112500 1.0770756595635076
24 17 19 8 51351 1.0337040013776075
13 6 0 25 109003 1.0139069912612582
26 22 26 1 76473 1.0017860535868384
19 28 18 7 81067 1.0088502512725623
7 28 9 8 98722 1.0180970349401508
7 6 13 0 51922 1.0666387544978273
0 0 2 17 54842 0.9685304389868484
17 5 10 1 47339 0.9543422757400142
23 20 5 14 79377 0.9998827944741672
12 3 29 2 89818 0.9389413999610484
12 16 13 2 66183 1.0343872987605156
2 20 20 22 89982 0.9100535754806945
24 0 19 28 127598 1.0244289526791017
3 9 28 3 102216 1.0569052867230162
11 28 2 7 109265 1.045342651373895
6 24 22 3 126163 0.9116042144960275
5 16 11 20 39864 1.0115428252188683
2 23 25 1 156220 1.0337611442235215
29 19 7 21 83892 1.0107332738108656
4 3 13 14 68755 0.9676764142436054
18 6 2 24 113579 0.9472225880611864
21 25 0 29 98613 0.9166754282574617
1 8 29 22 136074 1.052812539351055
10 14 6 8 39943 0.9413437457969902
24 23 9 0 142867 0.9124209542605798
7 7 24 13 78272 0.9361399786127247
16 9 1 12 58352 1.0228859057317106
24 12 15 9 38365 0.9068249327003944
12 29 8 11 90791 0.9051840132093859
5 2 15 7 57713 0.996577362661674
29 20 20 5 82098 1.015091647203728
7 1 22 8 86683 0.9009217899604746
15 2 25 14 80139 1.022322247178198
5 10 23 18 83047 0.9089299057486092
7 6 25 5 72067 1.0443977061069158
29 17 1 17 97106 0.9913719982462788
23 20 5 11 86108 0.9744167174060511
9 12 10 21 46808 1.0504809889050908
21 19 9 6 87039 0.9399247526635072
15 16 21 12 32247 1.0728559532345103
12 13 2 9 48260 1.0858828097364226
2 1 24 3 111765 1.0511965023499577
13 21 29 9 87878 0.9564254871587181
20 27 22 3 108734 1.0268072557292338
19 29 14 7 91945 1.0412574665352927
13 27 6 17 68523 1.0199547656006687
12 12 2 14 41821 1.0739256012856233
22 22 13 24 53591 0.9782008021385433
16 19 22 9 54358 0.9426423709301591
8 1 7 15 70657 0.9945061550884461
21 4 12 24 97556 1.0757101033371592
29 11 12 10 64408 1.0588353460757682
22 13 3 5 88857 1.0515657607815396
22 28 13 9 91342 1.0082240138178333
25 2 18 25 110381 1.0223230103081375
29 6 13 21 98108 0.990862338139967
27 23 9 17 81095 1.0055182873544157
29 17 9 12 73381 0.9986469428897674
20 0 6 22 126328 0.9131189687620114
15 17 5 13 48099 1.097603099763562
28 13 16 21 57657 1.032789823077174
29 16 15 3 86146 0.9306550852906504
22 22 14 20 50308 1.0279530659514249
5 25 3 16 40037 0.9363952207249273
24 26 0 29 104642 0.9398240287888799
29 1 1 21 153357 0.9227795616277807
26 6 2 7 87088 1.0042729995875181
29 1 12 25 129387 0.9564869450238254
17 26 18 1 83657 1.0442773006387267
12 2 0 2 63600 1.0582926072397205
24 25 18 8 84426 0.9160062288992348
20 11 9 7 53912 1.078162846533508
13 5 8 12 49440 1.0632573561454735
0 12 1 21 32590 0.9035219250868651
0 0 22 26 159909 0.9603597400100279
23 16 18 6 48832 0.9709005626767475
22 2 2 15 111396 0.9984418868134504
11 29 7 6 117507 0.952665500316992
27 17 2 0 134254 0.9842276120084148
3 5 3 24 81021 1.0923857444295855
0 20 24 6 120590 1.06315178001849
24 8 13 20 78913 0.938428271635672
11 21 28 11 85662 0.9778093484152222
6 26 28 23 110967 0.9550884800836187
1 21 23 25 112594 1.0870618663307234
6 8 11 13 37705 1.0638443696581326
8 15 1 11 41460 1.002138335119262
12 24 13 6 80106 0.9070687232161985
17 20 1 29 97893 1.0256255401034644
15 24 11 10 73634 0.9197323343922145
26 11 12 19 73988 0.9949027218431107
21 28 8 13 92383 0.960835786852609
4 24 5 7 67636 0.9548322526329435
9 25 17 11 78327 1.0398794482195928
8 11 17 12 40279 1.0975998672568403
26 0 5 14 112790 1.0979378873058605
19 5 8 23 99573 0.9668407249550109
25 10 8 27 124755 1.0941976609606299
11 10 24 15 64525 0.9943682427940073
0 17 8 25 60769 0.9913568189291475
26 18 14 18 31797 0.9365199047703019
23 3 22 17 63109 1.0698457661288494
28 24 3 3 149933 0.9436074113334441
2 4 16 11 69754 0.9245914444677127
13 9 0 18 70226 0.9786846904976818
27 22 3 19 96606 0.9244573336006837
4 27 13 10 89032 1.0488053085505509
22 0 5 4 96183 1.0326641105087526
0 8 28 13 99355 0.9039441137126351
5 17 22 17 63250 0.945992485594845
28 2 19 8 53747 1.0446583465748356
28 2 1 15 131613 0.9986889495944069
22 16 28 1 62946 0.9633926506298168
20 1 10 26 124808 0.913819354667854
12 0 17 25 100906 1.0014544285955913
7 17 15 12 47476 0.9476064588786913
4 17 14 27 78487 1.023919475390364
5 6 17 27 105580 0.9710561468328033
9 21 0 12 67658 0.9505715600146839
25 26 13 26 65448 1.0761125195600587
25 6 15 10 43195 1.0644203540892925
25 2 8 24 139138 1.071743397166752
8 22 28 7 114655 0.9747603437356601
22 8 2 16 93125 1.07085951331924
16 29 11 17 64370 1.0378359166880538
13 14 20 0 73263 1.0021590196440668
29 28 10 17 96379 1.0324559169390033
1 19 10 16 45280 0.967017261525922
6 29 20 27 67211 0.9241940822935174
7 22 9 11 63712 1.0461050626855222
2 8 25 18 100377 0.9467157142844568
2 20 19 24 91198 1.0666712702501948
0 29 26 14 137991 1.0723882710875277
11 16 20 6 55661 0.9384358917798548
24 19 24 4 69780 1.0453061354634632
3 6 12 28 114798 1.0938329974677392
21 15 28 11 38353 1.0181350334883181
17 5 1 11 69590 0.980069229227363
10 22 24 5 106270 1.05025827731203
25 17 14 2 87914 1.09567132700925
10 6 28 13 78452 0.9210801074363101
18 28 10 3 118045 0.9701186052133675
24 17 0 2 121806 1.0559672092094479
14 14 21 4 53466 1.0550947870341194
29 22 7 29 113145 0.9701664972822223
15 0 20 14 63922 1.0651127376705816
7 27 21 0 154179 0.933801977654808
0 1 5 27 102102 1.039801289915102
25 7 27 27 71791 0.9204807931976011
9 10 16 3 53843 1.0983379064134955
8 24 17 25 46008 1.0720928183321257
23 11 9 12 56371 0.9230677930714718
18 9 27 15 46239 1.048017387299679
23 28 7 4 139874 0.9410952682025764
3 1 16 9 73326 1.0449868420487323
6 17 21 23 81990 1.0001044446051204
0 23 14 22 82198 1.0237147407871057
6 26 24 15 106568 0.9921342598308391
10 20 26 25 83085 1.0612537367412311
9 25 1 18 56903 0.9638621426907408
11 3 3 17 89732 0.9836035909403907
14 18 26 10 65216 0.9595995276197454
18 15 23 3 62734 1.0311300495826303
5 2 26 26 147097 1.0432968826749585
18 21 16 10 43463 0.9749003485643879
4 18 8 5 62988 0.913780874808915
3 21 14 9 84078 1.0844192198322307
2 14 27 1 122437 0.9345056221348857
27 23 16 5 91338 1.0643493550345335
24 21 22 8 63438 0.9343444870458719
7 9 4 16 38274 0.926911591410503
3 22 10 0 114693 0.9307392980883221
21 20 10 20 58422 0.9621944316491206
12 26 8 2 116605 1.0702371884618873
8 7 19 11 48450 0.972745044717035
16 17 25 4 73748 0.9248332541980286
3 18 24 14 81230 1.0603067197026388
0 11 18 7 67723 1.0633154891093042
10 6 23 21 92516 0.9351182853269173
9 25 4 1 107990 1.06833949013009
18 24 0 10 103941 1.0933774454177314
6 2 11 8 48549 0.9112332902587637
0 15 28 23 121718 1.08367006026486
20 20 8 22 67876 1.0208976329268857
8 14 0 24 68133 1.00905690539867
4 28 17 14 93567 1.0016174740964519
14 3 20 24 95411 0.968813467872965
7 8 6 20 57344 0.9611030929365971
3 28 26 4 160038 0.9274679240212078
5 19 29 29 116550 0.9019685643368135
11 28 0 4 118232 0.933274330578788
6 16 11 29 77813 1.0971149767167232
2 20 18 4 104370 0.9532968946990579
27 15 17 2 70091 1.0918694028257516
14 22 22 16 46625 0.9904711665736009
17 29 10 20 66913 0.9708523467664326
7 25 4 0 103776 0.9949215392431874
27 9 7 7 73176 1.0717296879334828
15 10 9 28 95585 1.0558578714174414
21 23 7 26 78342 0.9797948724820995
23 13 4 21 91430 0.9440920496241433
6 29 13 8 111808 1.004943409263039
23 16 5 12 66512 0.9181464513896384
5 6 26 26 131193 0.9037291717348609
4 4 26 25 136308 0.9803367822363778
7 16 29 3 114327 1.00855510301166
16 14 5 21 62830 0.9134565853078116
2 20 23 0 137527 0.9889788003184845
21 13 10 14 35822 1.0234154346580335
27 18 5 12 84438 0.9403385842589589
13 9 22 16 46350 1.0951253778541656
9 29 22 17 89694 0.9616294395517658
26 11 7 17 88774 0.9463032128221084
1 13 4 23 51463 1.0710742516673821
26 1 5 27 155232 0.9747186121091886
19 19 2 25 92858 0.9340216685489239
13 14 25 9 50868 1.0983842271917297
8 14 4 23 51443 1.0786494699993519
26 17 19 9 51003 1.0550779765281955
11 7 2 4 48625 1.0364578805786402
29 24 20 1 117443 0.9318227940471144
13 8 24 24 89183 1.021820029115866
22 17 29 14 32021 1.060864294494456
13 24 26 6 102234 0.9780463953932268
12 28 22 27 45272 1.0556445909967698
9 29 8 11 94249 0.9870439609161923
14 16 15 29 64532 1.0292194434930513
0 6 27 4 100844 0.9137193768694313
27 2 17 25 94289 1.0322411606126267
15 26 28 27 66563 1.081484209056231
14 0 27 27 129819 1.0390331618175748
9 8 19 5 48453 1.0589866416247558
26 19 4 2 119775 0.9480295931245512
14 4 2 11 68120 0.9397314243456547
12 3 8 14 65440 0.9582725020626386
12 26 8 11 78288 0.9051808477024975
28 19 11 26 90971 1.050733728853425
2 15 26 21 98554 0.9499789743076914
25 5 6 7 78345 1.039535993061623
22 18 9 7 80462 1.00215333296256
21 18 20 6 57735 1.0130929070464958
10 25 20 27 58676 1.088165842144588
26 25 1 6 138306 0.9272296266990524
5 20 7 2 79294 0.9975827149103927
26 16 13 28 81252 0.970131486598936
27 11 19 17 44080 1.000334190158538
10 19 6 11 48222 1.0309895179767163
5 23 27 7 121774 1.012671349494271
19 6 1 4 76368 0.9816276364964299
2 3 26 20 127267 0.9129399537784555
20 12 7 17 61245 1.0148232898163247
19 27 1 6 128639 1.041011111349761
22 20 26 29 52365 0.9762099416130092
27 2 0 5 112069 1.0878920013036235
11 9 23 3 57262 0.9547181805393427
6 24 21 2 130845 1.004532379081158
23 12 24 2 48518 0.9281272625391972
8 16 11 29 71838 1.0179666429766634
18 21 9 16 46809 1.0211032705202334
27 23 6 8 113043 0.9849996952962503
28 10 15 28 100687 1.0308867799267545
21 22 29 18 39153 0.967189150515148
1 28 1 10 67940 1.077087628997917
24 18 17 10 44518 0.9922304955190927
5 20 19 29 91139 1.0856800648426408
13 29 3 10 116711 0.9060101259237838
22 18 1 15 82036 1.068503351139323
3 0 11 7 65469 0.9551696375595973
27 6 24 18 45629 1.0965021489547084
8 23 17 8 82407 1.033993756058904
12 18 22 1 88889 0.9261782776672515
12 6 22 22 90802 0.9894997705294307
24 25 11 17 72406 1.0721215566884983
2 24 18 8 107991 0.9106031962986546
26 4 6 17 111986 0.9239984841367349
12 26 10 12 67157 1.0295469668322084
28 18 22 5 63844 0.9987873837018932
16 21 11 7 70761 1.0552780954904128
13 15 13 29 67082 1.0553974704269784
8 2 27 19 116840 1.0788539745161447
23 13 15 16 37003 0.9695134761684727
8 13 25 27 107582 0.948917595802441
9 3 28 11 96618 0.9195843987115472
11 10 23 18 64168 0.9512872144663015
3 18 22 17 66580 0.9028580976114594
26 19 2 2 127396 0.9575724032100198
14 29 24 17 72404 0.9726635486688266
12 19 6 11 51679 0.9897420312677021
5 21 27 11 102245 1.0313515653758305
25 6 6 13 79024 0.934490566161838
25 1 14 25 119636 0.9995888116860332
8 15 18 10 48829 0.9392658441628712
5 10 11 6 38451 1.0822579791041682
20 26 26 6 97757 0.918043493634988
26 8 12 24 99877 0.9317311517161542
19 26 14 19 51550 1.0459443379952367
12 25 15 18 41321 1.024324154153746
27 13 5 23 103675 0.9577202834237846
4 1 18 22 114653 1.022548094741353
23 28 27 12 68496 0.9484707751708312
29 6 3 15 119633 0.9338002120824324
18 6 28 10 48140 1.0365540403454403
25 3 22 12 52585 0.943208216615878
13 15 28 5 79808 1.0476859895157027
12 8 14 25 82194 1.0025235695902477
7 29 3 10 90498 0.9919019594931695
2 8 27 23 126462 1.0036188486611874
14 11 9 27 84947 0.9855942049809181
28 25 18 21 60288 1.026844008614882
13 4 15 17 63820 0.9336593716663939
24 4 6 5 81506 1.0831074316959208
4 18 13 23 52717 1.0114486676632193
13 2 17 24 89933 0.9826363644208141
17 11 23 6 32438 1.0046781271530882
18 18 0 7 91900 1.05160819614825
19 26 5 29 69570 1.026061171195289
15 3 8 12 69274 0.955546665335064
9 15 20 19 56409 0.9288274438171964
15 24 27 0 109634 0.9797103509557522
8 1 24 14 101953 1.0156597925403243
4 28 27 20 115354 0.9646313756399763
16 28 20 9 76790 0.9354158101491628
0 23 22 19 97748 0.9993142505938807
22 20 26 9 53745 0.9275925292770196
1 11 19 19 89312 0.9956877624031053
28 9 1 24 136833 1.0420388481562997
20 15 9 20 60145 0.9848336955345345
16 19 21 28 56760 1.0788759821937532
21 22 0 13 105672 1.0165907499405602
29 11 9 22 108772 1.0420878656352444
15 12 1 22 83886 1.0494283460356322
6 28 5 18 41764 1.016621275686439
13 13 0 27 93617 0.917267420066315
18 17 7 21 55888 1.0637833722605143
4 6 12 10 39636 1.0615823762022747
6 2 5 24 85981 0.9133181339331017
23 22 11 25 68340 0.962020802232697
27 28 14 20 77107 1.012391300970555
29 12 19 5 55220 0.9232401354069917
26 13 6 26 120726 1.0637499120789666
16 7 22 29 96501 1.0787330237502648
8 17 16 10 54796 1.0302490518008933
14 28 29 27 64807 0.9887649626239148
13 4 2 14 74382 1.0466839767284517
8 16 23 14 57779 1.076648631192582
3 7 9 12 44138 0.9963985393117392
5 1 27 21 133848 1.0284387659168617
29 10 3 4 107414 0.9286192461749809
0 6 2 26 66667 0.9405591627121295
19 2 17 16 52852 1.0923770891623386
27 15 28 5 34779 1.0072541986638313
15 12 22 16 34732 0.9252573334680134
22 11 17 17 37966 1.0494071695993161
8 18 29 29 100634 1.0455743089488394
21 0 13 23 115196 0.9511737597628336
20 15 10 29 86305 0.9016942914200164
5 8 8 27 83987 0.9592221004185575
19 2 23 24 103420 0.9403679487359665
5 3 17 28 121054 0.9088620505347375
28 9 6 3 99792 0.9049154040297307
22 12 1 9 78493 1.0503933132345138
22 14 4 10 75067 1.083177338582741
24 26 22 17 44928 1.081975542113924
8 2 19 18 92428 0.944511868873024
1 21 12 6 89801 0.9808855047495351
1 11 14 10 54367 1.0005326155660517
8 24 22 10 102241 0.9856768662162382
16 2 18 27 93451 1.0789702377848158
20 20 5 28 88603 0.9342747084701966
25 24 18 4 95514 1.070034024806446
8 29 13 16 71137 0.9662332713953699
5 17 1 10 36695 1.0835649140631036
29 1 25 12 47338 1.0006945466085326
29 15 14 7 74161 0.9512310815367665
0 27 18 16 102023 0.9176308039381922
3 29 17 1 143740 0.9238079276676026
29 12 14 3 78175 1.0260765555766982
22 5 6 1 86356 1.0693187298925073
26 11 11 15 65487 1.0997405991063196
11 1 2 26 123080 1.067778574326789
29 7 17 11 55708 1.0919981324910708
21 4 25 13 54906 0.9877766602424713
15 5 20 0 44854 1.0172072034681507
8 6 18 6 38996 1.0143255897893835
14 5 27 17 77385 1.0726960880578
0 21 17 27 96327 1.0544437612350221
13 18 17 26 36959 1.0334960771135768
4 28 1 2 103705 1.0248743969551621
22 28 25 13 74180 0.9456581727764688
25 7 1 9 86123 0.9016065488317161
2 9 20 14 74894 0.9696510123323645
15 23 8 20 48912 0.9020539118882908
4 19 22 1 121291 1.0048411934638326
10 7 26 11 67316 0.90079621209539
3 25 22 29 92009 0.9646119938353656
24 2 13 13 75503 0.9622874092656586
0 24 21 14 108340 0.9470720377779186
28 5 2 16 121759 1.0280861701242916
13 1 12 23 98759 0.9105800838169127
20 24 9 23 56794 1.0673104782165386
19 7 15 25 70707 1.0025677686375865
5 10 24 2 91424 1.040624577670639
3 29 11 24 56466 0.979495861584235
6 2 19 1 64219 0.9785087245188737
11 18 7 29 69622 1.0557384009032118
11 24 20 18 53950 1.0576590514495048
16 7 8 19 69165 0.9319962408399372
4 23 20 3 124271 0.9347212906124946
22 6 16 16 46255 0.9518898105032023
23 15 7 28 102883 1.0912760995044648
0 21 20 24 103722 1.0909493314147856
2 27 2 7 72670 1.0376085120291938
10 4 17 27 103212 1.0868866656049716
19 14 7 7 62531 1.0323618965690697
7 4 16 0 63071 0.9460532395693653
12 10 4 7 38979 0.9448626849069262
23 27 24 4 102340 1.027655725785911
0 12 27 29 139005 0.9995455701914999
15 29 5 27 48161 1.009331994220573
17 19 7 23 62148 0.9358665586392998
22 8 12 2 63922 0.9578975326372003
14 15 15 26 57205 1.0845775067612804
7 29 24 3 151872 0.9875395826546791
8 15 25 14 65451 0.9703556893431937
2 10 29 1 113874 1.0632379442877014
3 2 29 11 117013 0.9936171246058253
3 22 1 0 88336 1.063345741156008
17 14 0 8 69468 0.9783905856474004
26 5 12 13 69140 0.9933235923736397
9 5 29 3 87676 0.980155946150866
21 21 0 21 101371 0.942624785237213
13 21 21 7 76244 0.9874399434161313
24 5 20 16 58458 1.0419042744459284
13 23 17 11 57850 1.0063466227941247
2 4 29 7 109191 1.0603349885378432
15 19 26 3 86774 1.0840578536260355
29 21 4 28 119902 1.0574789623383751
22 0 22 20 91680 1.0373481833719778
3 4 11 7 46526 1.098125514092651
26 10 5 20 103844 0.9116096333974648
26 0 12 22 118406 0.9946821675500735
25 8 21 14 41021 0.9717391225186469
11 2 21 2 60653 1.0658377177971934
6 21 4 12 41922 1.0467015624562164
28 8 19 14 56483 0.9168963413015487
9 11 26 22 89808 1.052095337935666
5 3 21 23 126037 0.915847470932197
17 8 12 21 57123 1.06164598675346
1 28 24 5 150893 0.9438632686863099
18 7 7 10 46812 0.9161184934313075
24 21 16 5 79165 0.9992738654422052
23 28 7 1 152521 0.9511481281983616
4 12 21 17 73264 0.9582996042032732
12 22 21 2 101755 1.0519578836682846
21 13 0 2 100734 1.0305343546149395
13 18 6 8 66114 1.0527508967337145
5 1 10 28 120991 0.9154633873432786
24 14 15 17 41921 1.0562993620716488
11 2 2 4 55029 1.0435194866627477
10 17 22 13 53680 0.9261264262915214
6 3 13 25 117336 0.905798518603831
20 3 5 25 124588 1.0730901496670204
9 26 17 21 57234 0.9105629102340624
20 13 27 20 50964 1.0105374454546103
4 8 21 9 56666 1.098289272901019
18 29 4 7 118636 0.9230889648558441
14 27 15 13 67411 1.06781134622611
10 11 19 21 64220 1.0035001611943042
8 0 22 17 108758 1.0490913040301875
0 10 28 1 116469 0.9110946246068448
7 15 23 5 85344 1.0609154717348541
26 6 8 20 99869 1.0974429065315408
3 2 29 25 162895 1.0609438011387022
28 20 26 9 44393 0.9007004536228761
2 4 7 17 64116 1.0353953860730893
21 10 29 28 91854 1.0272007911356233
22 1 1 12 108139 0.9368891497950204
8 13 27 10 69348 1.052180041757706
19 0 10 15 78629 0.981147886456866
26 0 5 13 109635 1.0185189510219674
23 11 5 8 65455 1.0699091730744203
29 18 0 8 115532 0.9882519372805997
16 3 4 22 111806 0.9778945770277793
28 0 26 10 43931 0.9553283469743876
27 27 8 17 90367 0.9228501336499719
20 28 24 4 114887 1.0471071621081185
1 7 19 19 101900 0.9245357813712846
2 11 13 14 48188 1.050545877863786
10 10 5 17 47639 0.9307688300045445
11 29 21 5 114342 1.0702958648763468
16 18 0 26 85625 0.9336907894333725
28 27 23 10 75484 1.0526187472577764
5 9 16 10 38705 1.078489231219278
4 8 3 17 43010 0.9806198357963716
21 24 4 20 91359 0.9511206004404401
29 3 9 26 146658 1.0730477737569815
26 22 14 5 92740 1.0883382613216197
15 4 22 1 47166 0.9448022646248143
20 12 7 17 61245 1.0407688460679394
14 15 16 23 44071 0.9776191851168088
18 4 20 15 51398 0.9086548171466394
1 10 25 22 120230 1.0142107153181303
21 19 8 9 76221 0.9120898606020745
12 0 9 17 91373 0.9121559486869693
5 18 11 22 43918 0.9715010874098212
8 1 3 10 50203 1.001640509307993
20 23 0 18 92340 1.0224727799572475
0 24 12 24 58106 0.9702858746769317
7 23 22 9 100558 0.9342739210555264
29 8 26 20 54385 0.9641844254568137
25 26 18 7 98432 1.0810578042837178
18 29 10 25 49936 0.9136388620815231
26 12 23 28 71250 0.9806533096384131
23 25 24 9 69736 1.0428406764258429
28 21 11 18 62016 1.0152408228200256
13 21 14 1 93297 0.9710533055444259
11 21 19 14 54418 1.0118178347586448
26 17 13 10 62361 1.0999767129860092
18 25 16 14 44806 0.9333338678317289
0 14 15 24 89017 1.0524157656040158
22 17 1 13 83751 1.0380871757405372
4 1 17 7 72379 0.9645174129110492
5 22 2 3 76812 0.9739751004052164
7 6 27 16 93177 1.0301217360309618
23 23 9 19 73467 0.9598355844199133
3 8 19 3 78848 0.9566693610395754
5 16 22 20 72914 1.0858289500768383
24 12 28 2 48242 0.9737267860564686
14 7 15 19 54295 0.9727657312464807
20 29 8 7 114890 1.0124011250408924
11 18 27 16 52040 0.9765865627317702
3 26 12 20 64383 0.9995496311025649
16 6 11 1 42828 1.038032740637114
2 23 9 12 70648 1.0229990043269668
2 29 11 12 91930 1.053796436405577
11 22 27 19 70475 1.0054008927960392
8 10 17 24 77080 1.058929519298387
0 28 11 6 113866 0.9170352898387812
13 14 23 19 51118 1.0030404278907743
1 26 10 8 97046 0.9910804884229136
18 18 17 0 58125 0.9092481218779582
20 28 18 8 81640 0.9742546178047184
14 2 28 22 115840 0.9528609710073802
23 3 14 29 118750 0.9816870078302894
0 22 24 3 142724 1.0735992484930823
28 5 15 5 53507 0.9830636195829372
29 29 7 9 131360 1.09862567986092
24 12 5 9 71130 0.9067761708642071
8 12 19 10 52434 0.9384868018682382
11 9 26 19 71377 1.0849010054503068
13 21 1 5 97032 1.0988301132087885
25 16 8 2 102155 0.9281594336583727
8 22 8 6 74367 0.9224267846368535
12 7 4 0 58663 0.9977561303978878
11 14 27 22 79141 0.9621895899555702
16 1 22 7 40183 0.9534360412440692
7 25 21 17 82444 0.9094957691443484
21 21 12 14 62859 1.037735030455937
21 20 28 27 52780 0.92582111219112
13 26 10 7 93078 0.9914806125851723
11 8 0 16 58725 1.023461205379307
3 19 22 1 126613 0.941918519299808
20 12 0 4 87651 0.9481749794393336
29 26 15 15 89324 0.9443156441793242
10 28 4 24 38877 1.0508003836832542
27 22 4 18 85951 1.0483184625157174
15 17 1 8 80910 0.9814413891743459
0 4 1 17 38656 0.9667943167486198
1 23 10 28 53029 1.0728414461828637
23 18 18 23 31130 0.9855948417221205
20 8 5 1 79836 0.9969169940357531
15 16 21 9 42241 1.0080818759873238
16 29 22 25 42071 1.030309654287556
18 6 3 21 100654 1.0099234981073886
2 1 1 25 86758 0.9875954451947121
7 10 19 13 52121 1.0420433208952846
22 23 2 28 106140 0.9350821612756361
26 10 16 13 46684 1.0167673013201761
16 16 0 3 95843 0.9360220307083712
22 11 7 11 64914 1.0636573480794744
18 11 15 23 52976 1.0773031241288729
29 20 8 0 136181 1.0903618207965575
25 28 12 0 144961 1.052617439146451
18 20 9 19 45130 0.978968023155118
8 20 18 13 54815 0.9988290174831647
4 20 9 1 89529 1.092217602345538
7 1 6 23 92641 0.9690301579398366
13 3 1 7 61565 0.9840321835727378
17 10 25 20 59353 1.0548852778561069
1 13 13 8 59061 0.9494308886314655
0 23 6 3 87238 0.9268011820347389
15 18 26 25 55724 1.075955602467565
26 6 0 26 148923 0.9841042927074337
13 28 7 16 74833 1.0658815790584315
18 17 17 4 44333 0.9912035531451739
0 23 25 6 136236 0.9660645487826631
24 24 4 3 134573 0.9336919726801698
14 19 8 5 78147 0.9364399281776402
9 5 11 25 105244 1.020020799529516
15 29 17 16 55562 0.9217534750512675
14 28 21 18 58974 0.9941005409963662
28 5 5 4 95214 1.065892811286153
17 5 24 29 106277 1.07244611095824
18 17 21 5 53357 1.015367095966717
19 15 29 22 60570 0.9296176183157805
23 5 0 24 136458 0.9305379026350401
21 11 26 24 68452 1.0554245610856134
9 22 2 17 53591 0.9217315925711743
11 20 18 5 68800 1.0276890001554433
12 20 17 9 49860 0.9715623674106079
7 11 2 0 58490 0.9337223241448669
9 16 29 25 96621 0.9609063294900476
25 17 2 26 106084 1.010893295222816
29 6 13 23 107554 0.9999535793805899
2 21 17 17 69273 1.0673990230860222
1 13 27 1 121790 1.0192342177990799
25 28 16 25 49739 0.9459838819760111
5 14 0 5 44288 1.0417737071866546
3 18 12 25 60163 0.9381462763668147
19 6 21 20 67411 1.0940539388455066
28 26 4 7 137308 1.0604739261423606
5 20 12 4 90977 0.9973278696253225
11 3 26 26 130767 1.0795751417935446
19 29 26 6 108544 0.9806828284619743
21 26 14 3 105777 1.0737921690451786
14 0 11 9 51749 0.943846615391628
15 0 13 19 83627 1.0556931001778767
4 22 1 8 64149 0.9742676845735563
7 17 16 16 37824 0.9884131479833744
19 11 15 0 51532 1.0737059577735866
13 1 24 13 82502 0.9456630968827656
3 3 5 20 69631 0.9751309081742497
0 18 17 25 80572 0.9325071900616937
6 27 6 1 103858 0.9216368111485528
28 17 21 22 43887 0.954106552078474
28 22 14 13 72967 1.0355100310615806
27 18 15 17 38900 1.035286285799656
24 20 15 18 35791 0.9577445266333507
1 8 8 28 97324 0.953830011465946
21 21 4 12 93065 0.9637094432659044
28 21 10 13 79146 1.093384199211283
0 4 11 7 54834 0.9292561970014986
19 4 20 13 43206 0.9125522776051681
17 19 7 3 88419 0.91270351837767
25 23 7 18 79835 1.0680038511534877
27 3 0 15 120196 1.0953287843888952
17 25 16 9 51660 0.9523301681646701
23 19 2 27 106927 0.9427366439299559
17 10 18 21 38968 0.9305210006472315
16 9 5 23 84564 1.061127375781195
6 22 23 0 131717 1.0547135576493063
2 3 25 25 150901 0.959786077810752
26 13 22 5 47167 0.9510120620586784
9 23 26 14 98994 0.9209490756356209
22 11 15 2 63805 0.9188983842510063
29 0 26 25 94398 0.917497154566819
6 8 11 21 78146 1.0785745163417357
23 7 6 15 85517 0.9251765312759002
25 1 29 7 34310 0.9190106020104352
14 10 29 13 58532 0.9757257828521837
26 9 4 5 82316 0.985296044231583
26 5 11 0 84903 0.9445033665144197
2 2 10 21 97924 0.920916656964784
4 1 22 26 147580 0.9211280537384913
1 29 14 4 137277 1.0316595674087374
21 22 2 12 104726 0.9002492448389035
8 1 6 28 113516 1.071804377632027
25 17 15 9 53680 0.9418495286501556
0 17 26 24 110453 1.06272490938474
21 3 10 7 60164 1.0472782547551205
18 19 13 11 43145 1.0104397776358676
19 3 14 25 93685 1.0600069429886032
5 27 19 24 76778 0.9434167782432651
24 1 11 14 85321 1.0054460234505647
19 16 28 14 34606 1.0303099915365683
9 11 28 8 76324 1.0305842513408126
9 6 14 13 47405 1.0258281197013135
5 27 10 6 98753 0.9739742439451913
0 11 28 3 115952 1.0666589076201591
5 12 24 15 74563 0.9385873813427783
14 3 2 11 71985 0.9696753579220786
28 19 24 12 41859 1.003775792540764
25 13 20 22 58663 1.0868252009807278
10 8 21 20 79850 0.9535949999661185
11 19 3 14 50266 0.9420435954170477
10 9 2 20 70183 0.9460147606043587
8 12 16 7 51273 1.091365905073495
13 11 21 25 74588 0.9194393229169061
6 15 14 17 36902 0.9360414819704462
4 19 27 27 105886 0.9127549116656867
14 14 21 5 48802 1.016211617140371
26 0 6 23 143763 0.9582715201059094
9 15 20 11 52283 1.044260133244821
8 26 19 27 58092 1.0880604832500724
10 6 2 4 37735 1.0734580979640853
21 21 12 16 53416 1.0879051845438488
18 23 6 25 62175 1.080384326251665
15 29 18 5 90225 0.9765878846591542
22 16 15 23 47522 1.0451015813824156
24 11 6 15 75973 1.0764669939090281
22 5 11 29 118291 0.9014461368641301
9 3 28 8 92463 0.9699048817873779
8 10 3 5 36625 0.9481302151751316
3 21 19 13 82032 1.0730687745606526
16 1 5 2 50497 1.014754669354266
17 4 2 21 105850 1.0211673863229036
28 22 12 13 79597 1.0173331266005299
16 17 3 16 55998 1.090082361143745
22 11 2 29 128250 1.095796615963738
5 28 16 25 57120 0.9579465479914415
25 11 0 16 98069 0.9470191490305666
6 16 0 8 44102 0.9055874321396317
7 8 26 20 95465 1.0906073744038642
11 28 17 4 101262 1.013926706088184
28 17 25 1 60492 0.9792803448640022
7 20 15 7 77087 0.9994913045522905
7 18 11 5 74510 0.9359210356445664
22 19 7 18 50242 0.944831113208252
7 12 19 11 50729 1.0686678644700294
29 19 2 12 105418 0.9240907054090282
8 11 1 26 82162 1.0471906171441674
12 7 26 3 63832 0.9095860689667792
24 6 6 23 115535 0.9059233107995546
29 8 16 13 61727 1.0522605823937539
21 11 6 6 67677 1.085914361363609
0 23 15 1 132234 1.0901251605777438
13 16 23 13 42574 0.9355548732617536
1 0 14 9 77894 0.9516893272453484
22 12 29 26 78064 0.9689635922869005
0 5 22 26 144076 1.095773637052977
26 0 27 23 78755 1.034506729968978
18 28 6 4 126392 0.9031159611196352
27 28 22 9 75365 0.957082679354459
24 0 15 1 51269 0.9530839045376662
20 3 5 5 76054 0.9771846133029899
7 23 17 29 65135 1.08702089792518
11 11 29 20 83736 0.9602611171301683
8 6 1 15 53213 0.9894494689668407
8 16 9 0 78549 1.0478866536480713
1 8 0 21 46793 1.0514270121570277
0 20 9 21 53283 1.0108272858370189
14 11 23 25 77566 1.054325684317949
1 0 12 23 120921 1.0782156839876038
6 10 21 15 70241 0.9957815403241879
3 1 3 15 61817 0.9368524154503779
29 3 11 23 127090 0.994599003743406
28 6 15 26 103282 1.048070857078236
21 5 13 2 51175 0.932818107574489
4 11 14 27 99402 0.9470891350728806
29 24 17 23 60230 0.9435213497373656
11 12 22 16 45924 1.0856613228782046
16 11 29 17 57166 1.072060049004685
9 20 26 23 82331 0.9457248264656563
28 23 12 15 83576 1.0102970037525005
1 1 15 13 90442 0.9457543429187627
27 9 2 28 142151 1.010237050609892
15 15 27 19 53547 0.9417966166565983
22 15 13 11 46039 1.0017196673156616
26 10 29 0 42282 1.085926115641706
14 4 1 5 61642 0.9181109446099115
2 5 21 29 145424 0.9089507708252771
1 1 11 15 87488 1.0043973169151852
26 23 6 20 88745 1.0760150274928684
13 17 4 0 96553 0.9342953943175373
6 18 26 13 81109 0.9590806582013679
10 22 0 7 86125 0.9120278557529496
3 4 27 23 137104 0.9700391379776621
14 6 23 22 84269 0.9776481265001757
3 14 18 23 84167 0.9808094385565505
19 14 14 3 56262 1.0023726633258494
9 14 15 6 51929 0.9079234153059001
23 16 8 3 91146 0.9868687199357732
23 15 23 27 52146 1.0266064639367902
25 29 17 1 120802 0.9815276105735105
24 24 16 1 102845 0.9398205950284222
10 17 27 12 72555 0.9336027203161418
9 27 29 19 105417 0.9050843366999075
6 6 25 29 142977 1.0393672316904379
10 25 29 26 97488 0.990998161586776
3 6 12 23 95824 0.9514352710210128
2 25 23 5 135161 0.9126690911422719
13 12 4 2 67005 1.0142894724908273
22 14 11 12 43432 0.9230524953346427
5 0 18 7 77869 0.9695050656632518
11 17 29 21 68726 0.9946833462864613
8 21 7 2 93548 0.9688671106371737
6 4 12 23 103405 0.9461238486968054
5 1 4 17 63761 0.9660564150168603
20 18 3 28 98096 0.9490186638961409
7 22 12 14 53943 0.9451413118423807
27 13 8 7 76455 1.0508372383346443
17 20 12 14 36644 1.0285018139687092
14 25 22 28 46009 0.9547704074016151
3 26 14 20 73982 0.9767438182803854
21 1 20 22 102577 1.0413455422613769
15 1 7 23 119570 1.0228027896342242
27 13 7 18 75627 0.9154767411578822
12 21 29 0 118486 0.9156610931971922
28 6 6 11 88705 0.955250236786654
9 25 3 13 64255 1.0238181028181406
8 3 1 8 45449 0.9738766151458546
1 5 28 18 122697 0.9942998843956725
27 23 20 0 110553 0.9056163459353646
20 1 27 29 120499 0.9622577809655275
5 18 24 2 115629 1.0915258304008955
18 27 14 20 46275 1.0689702009424698
1 22 21 27 105136 1.0531589130112162
24 28 6 27 75841 0.9714322244974846
1 21 22 24 111452 1.0071663643176842
2 1 16 26 134890 1.0942152968881478
25 24 8 24 80298 1.079274578401507
12 5 16 29 102796 1.0936569035251158
13 4 6 14 68244 1.096938337102351
28 22 17 25 60798 1.0634024717782569
20 1 29 29 128960 0.9991743488817469
11 17 27 22 63959 1.0375950932175328
23 4 9 13 68025 0.9318253738454689
3 12 21 25 106762 0.9802788405696065
29 18 5 23 91276 0.9022865766097243
22 12 10 28 97171 0.9082333569164196
13 29 29 25 77704 1.0141988849434758
21 13 29 2 65345 0.9295473311110223
29 12 11 21 87286 0.9348300181604629
29 22 7 18 82919 1.0208693416979824
27 19 23 28 43876 1.079189102465191
19 12 6 13 42544 1.0141877415556175
13 23 27 2 109480 0.9094705305661485
17 10 13 1 46552 0.9947198864967657
12 21 27 16 62398 0.9181859815544317
4 1 23 5 93589 0.9504373299754915
10 9 20 18 59780 0.9237755761480273
29 19 2 8 115382 1.0550962462128168
4 29 4 17 52103 0.9879094572578104
1 18 24 20 86416 0.9319795213223456
15 14 11 2 66586 1.0438920982454603
8 22 29 17 85786 0.9886039635431638
10 24 1 19 62730 1.0614404272407632
5 27 14 0 138821 0.9778852573537669
29 28 22 12 79801 1.0974527589837768
24 6 1 7 86602 0.9852330821733135
16 14 5 1 83288 0.9797308288507668
21 18 18 28 49752 1.013766182662859
19 27 13 23 46918 1.0292955028727766
19 11 26 19 54275 1.0392152532611507
27 5 10 22 110508 1.0253132732491876
15 1 6 21 109902 1.0046533882276891
15 0 27 8 67732 0.9896869513253259
11 17 19 14 40139 1.0040912972027092
0 23 10 29 60382 1.0478464135798018
20 1 15 29 116584 1.001268352290337
25 19 4 23 92555 1.0001071091696785
26 6 12 4 58702 1.026554348343565
14 6 23 1 51362 0.9912178550355142
8 23 23 9 97330 1.028760249569946
16 10 9 6 39435 0.9638506316655937
21 1 18 22 89746 1.0719070697878068
21 19 8 1 111716 1.0008431353577587
11 6 16 12 42920 0.9186122132059806
27 4 0 19 131311 1.031384753119986
17 4 26 16 62754 1.007397912094208
12 2 2 14 83448 0.9441281873454745
7 22 18 20 66254 0.9212082234813029
24 2 2 26 155780 1.028243423321862
20 26 7 26 72768 0.9787742867061937
13 2 22 1 51741 1.0758490221602075
10 10 5 20 58266 0.9471098472498382
4 12 0 18 33752 0.9068635808030591
20 21 23 0 99961 1.0058405823631247
5 12 10 22 59947 0.9638869753605318
5 3 2 22 79410 0.944653011364063
26 6 11 17 81321 0.9917041645066228
22 29 28 16 67123 1.0030929179642694
5 4 25 9 77386 0.9304398709428432
27 27 17 5 95599 1.0761179328163704
16 16 4 29 88724 1.0461276393406074
3 2 26 25 150469 1.096274564197492
11 4 2 29 126221 0.900113144982588
28 22 14 14 74181 1.0954991219623573
21 1 18 13 61403 0.9405679341769598
15 1 17 19 64640 0.9510901943953677
4 28 13 18 69739 0.9386295218189865
17 4 25 29 111974 1.0830349858442807
12 28 28 13 99219 0.9234932129394388
2 14 15 21 74595 1.0078962612063491
19 12 29 21 68249 0.9727128947504103
24 0 15 22 107445 0.9638926012045508
9 12 26 27 105780 1.0204861167729842
4 21 27 8 116295 0.9417662342593656
12 22 21 6 79331 1.051830705230573
29 4 6 29 161660 0.9644541025669352
22 27 20 18 49472 1.012129658151636
10 6 19 8 39620 0.9315768839827
20 3 22 20 87739 1.0182807629372015
25 22 29 29 39168 1.0113234410280263
11 10 20 4 52555 1.0261170894154965
6 3 3 12 47384 0.9156070715656746
29 23 0 18 117359 0.9230526640386101
0 26 3 8 70457 0.982340324632886
23 23 7 13 85550 0.960700030574211
1 6 15 20 95669 0.9218555390939704
26 18 6 10 85235 0.9546286161338872
28 29 18 2 122496 1.0282916458041256
22 1 19 14 68899 0.9744364740638845
5 17 28 21 87355 0.9102553649393935
11 11 3 8 40669 1.0227188637959517
16 19 7 16 45869 1.0327586084096003
20 7 10 28 107623 1.03254339725965
10 13 1 24 72976 1.0258312865568873
0 23 17 27 88232 1.0354512420823434
14 0 14 27 118285 0.9443168845120137
17 28 20 3 96286 1.0790155673735722
15 11 24 27 91433 0.9312456992248185
18 2 2 17 102862 0.9868661089570159
0 7 2 16 28134 0.9164976632104124
11 22 1 21 64518 0.9567083097342546
21 4 23 21 80435 0.9403690024623766
16 2 14 14 53808 0.9356694569667684
3 9 14 18 71149 1.0343290317816747
8 8 13 13 35558 0.9998540732843958
25 5 12 12 67522 1.0644354243171885
29 6 11 2 85675 0.928012853912376
21 16 29 2 69099 0.9286530605465567
27 17 12 0 104385 1.0229267491094958
27 26 15 20 68913 1.0240004665517912
29 21 11 9 92285 1.024716928745129
27 24 18 9 80849 1.0737384890439352
23 2 0 22 142190 1.0385639897973276
17 13 10 17 37649 1.0193402228837112
23 22 20 14 46806 1.0835160256647676
20 26 9 2 130605 1.0477339830012267
23 12 28 5 42781 1.0199881925967769
9 0 0 20 96586 0.9731397812768291
8 15 20 24 76443 0.9331256348833602
5 27 19 25 71526 1.0844975432168469
3 4 20 8 76034 1.060933331553899
21 0 5 26 146864 1.0195652153952797
27 29 5 29 94823 1.00196057846361
6 12 25 22 94488 1.092886944270383
1 1 27 23 156869 1.055166878293016
29 3 8 25 143007 0.9345420546168152
29 23 3 24 126935 1.053249226039799
2 0 29 11 127216 1.0045136157919745
9 25 24 5 119903 0.9472895562727223
8 16 1 3 73916 0.9358560137818858
1 26 19 5 132417 1.0035911084124867
3 15 25 8 98848 1.062734830639474
22 2 0 29 161216 1.0074813860590441
8 11 19 19 66862 0.9225973964114201
19 27 11 19 63298 1.0285795203300792
5 14 22 17 71225 0.9634180433878329
29 27 9 4 145562 1.0069467859250079
15 1 10 29 127036 1.0587073919569427
12 18 0 20 50047 1.0744196009810105
14 21 27 20 55056 1.0665030311723995
25 9 6 21 98867 0.9782195810359077
15 18 4 2 96593 1.0596848048886043
12 6 27 18 82355 0.9283957741247184
1 9 8 5 36509 1.0792569844452786
19 14 28 7 57951 0.9100574592592239
28 17 3 26 114449 1.0253070242407099
10 27 8 4 114046 0.9922650883257114
5 16 6 4 50637 1.0062084600478498
5 0 26 28 161334 0.9603953724921078
18 13 16 2 45382 0.9651860315002188
20 27 8 10 101615 0.9371404762146165
27 19 18 17 32834 0.9019069592544996
3 21 17 26 82850 1.0059816681234803
11 15 23 27 88357 0.969396842861534
9 26 11 14 69924 1.0323996762913747
10 29 26 10 118643 0.9150483411249881
16 24 26 12 72931 0.9871183653621224
17 3 17 25 67166 0.971842308313523
22 6 10 21 85823 0.9658626520900891
18 20 20 10 51562 0.9358381623854503
22 11 1 27 127537 1.0675539474637887
6 5 11 11 45589 1.0604375848485046
24 13 1 10 88114 1.0855346210647128
0 26 7 17 62778 0.9274793904955322
8 25 1 16 59116 0.9316235948712479
18 20 28 4 76790 1.0793616667374668
5 17 20 27 87160 0.9403346995616523
17 11 28 10 48159 1.0821711949359107
29 6 7 7 86995 0.940020129123569
15 6 5 27 111804 0.9767232949352777
