7362 6888 6783 6909 6918 6510 7063 6792 7351 6986 6884 6659 6857 7702 6845 6804 7644 6642 7598 6660 6614 7477 7077 7400 6964 6638 7526 7427 7555
4798 4115 4224 4500 4610 4411 3770 3725 4034 4348 4058 3694 3692 3939 3809 4206 4225 3886 4476 4277 3765 4436 4431 4786 4561 3967 3902 4280 4273
2493 2933 2565 2731 3135 2838 3204 2954 3028 2899 2658 2598 2200 3265 3238 2409 2777 2798 2431 2709 2818 2472 3234 3202 2323 2269 2896 2870 2378
6257 5597 5841 5382 5496 5119 5481 5923 6080 5393 5201 5558 5192 5426 5282 5371 6164 5336 6028 6224 5188 5296 5674 5845 5616 5357 6063 5410 6012
6013 5503 5529 5610 6054 5255 5945 5931 5471 5060 6217 5598 5278 5156 5520 5389 6049 5242 5251 6008 5157 5945 5282 5758 5117 5690 5088 6154 6205
6550 7044 7581 7198 6596 7531 6598 7229 7209 7386 7483 6841 7375 7342 6701 7561 6881 6835 7599 6621 7377 6880 6469 6553 6776 6606 6485 7588 7577
2809 2935 2136 2240 1882 2822 2309 2776 2166 2502 1982 2015 1836 1807 2226 2855 1849 2852 2423 2913 1809 1971 2425 2206 2403 2108 2342 2247 2274
3513 3506 4040 3934 3655 3289 3421 3494 3914 3205 3970 3573 3357 2975 4037 3341 4141 3005 3783 3772 3047 3271 2999 3834 3067 4084 3851 3353 3456
3431 4039 3774 3601 4158 3790 3576 4564 4204 4463 3809 3745 3996 3643 4068 4334 4278 4302 4163 3621 3579 4042 4355 3713 4108 4024 3993 3701 4140
3136 2761 3484 2627 3552 2775 3418 3799 3718 2895 3606 3352 3300 3556 3221 2844 3234 3505 3298 3739 2844 2782 2680 3210 2722 3049 3675 3736 3547
7717 7839 7787 8422 8370 7871 8695 7961 8657 8341 8377 8420 8717 8252 7908 8180 8587 8029 8521 7638 7514 7631 7739 8623 7950 8195 8003 7931 7936
7413 6974 6769 6605 6663 6265 6868 7216 6953 7164 6479 6964 6376 7289 6677 7394 7065 6518 6682 6445 6485 6577 6869 7396 7079 6630 7158 7047 7212
6624 6873 7161 6854 7353 7265 7156 6941 7063 6866 6523 7111 7154 7453 7274 7454 6513 6947 6948 6944 7538 7533 6676 7315 7359 7099 7387 7517 7099
4160 4853 5108 3933 4011 4065 4541 4541 4755 5101 5062 4471 4684 4608 5115 4973 4274 4007 4378 4245 5054 4419 4494 4044 4723 3961 4645 4863 4769
4603 4210 3538 4191 3457 3594 4100 3546 3855 4104 4530 4606 4296 3956 3664 3569 3899 3497 4304 3631 3991 4483 3693 4055 4413 3413 4211 4421 4184
7201 7337 7271 6689 6724 6849 6895 7700 6711 6997 6753 6860 7327 7801 7595 6645 6656 7339 7759 7635 7010 7138 6993 7531 7381 6925 6721 6648 7100
6232 6645 6586 6161 6479 6131 6227 6199 6471 6611 6523 6201 6160 6003 6233 5738 5864 5656 6276 6653 6196 5916 5651 6182 6670 6273 6178 6689 6278
7412 7110 7560 7527 7195 7228 6900 7422 7065 7867 7980 7795 7320 6920 7065 6839 7748 7536 6992 6915 7733 7903 6921 7278 7189 7248 7647 7223 6828
3088 2637 3124 2521 2608 2986 3314 3531 2805 3147 3406 3564 2601 2583 2628 3413 3201 2878 3337 3526 3517 3130 3143 3563 2743 3202 3446 3517 3547
6604 7106 6706 6237 6662 6643 7046 6778 6970 7117 6674 6467 6006 6097 6900 6621 7140 6584 6162 6005 6119 6236 6299 7122 5981 5995 6903 6252 7046
3183 3128 3095 2953 3451 3325 3103 2779 2670 3025 3479 3313 3185 2898 2560 2929 2632 3162 3262 2639 3489 3499 3367 3255 3048 3346 2808 2377 3382
3620 3920 3733 3678 4352 3943 4223 4556 3821 4325 3410 3789 3473 3686 3633 3467 4171 3933 3949 3417 4211 4458 3978 3353 3859 4079 3915 3509 4418
1990 2745 1998 2772 2769 2151 2351 1881 1870 2719 2625 2099 2383 2870 2875 2107 2341 1858 2511 2408 2575 1874 2171 2806 2075 2300 2573 1859 2822
7766 6922 7782 7090 7948 7641 7861 7234 7282 7101 7166 7624 7592 7696 7800 7764 7444 7289 7969 7959 7345 7216 7581 7604 7486 7334 7050 8023 7836
4217 4493 5343 4863 4242 4747 5197 4514 4952 4337 4352 4378 4785 4882 4676 4768 4949 4938 4657 5213 4977 4362 5383 4771 4894 4251 5245 4567 5227
6247 5547 5840 6355 6020 6281 5940 5823 6075 6387 6020 6337 5621 6117 5624 5590 5904 5557 5686 6340 6248 5792 5231 6037 6041 5559 5411 6030 5482
2367 2539 2877 2863 2132 2204 1862 2932 2929 2792 2537 2871 1845 1920 2100 2762 2898 2091 2040 2226 1977 1938 2421 2098 2215 2033 2909 2923 2054
4826 5232 4828 5403 5537 5638 5600 4683 5538 4801 5575 5393 5078 5484 5536 5226 5414 5121 5560 4523 5199 4699 5622 4584 5637 5061 5656 5049 5297
7262 7571 7394 7499 7767 6940 7147 7833 7120 6779 7690 7303 6768 6862 7100 7371 7368 7532 7338 7629 7786 7741 7862 6817 7570 7749 6930 7235 7543
6970 6696 7060 6880 7292 6772 6756 7123 6461 6426 7161 7326 6488 6852 6454 7008 6721 6209 7136 7110 6828 7325 7183 6346 6659 6277 7018 6760 6944
2959 2182 7027 2989 1088 2555 7835 2975 4311 5094 4020 6501 3602 5702 4652 4592 7744 3326 6070 7855 3738 7449 4339 7128 4274 7722 3400 7793 7305 6254
3151 2353 6987 3314 1485 2843 7546 3600 4776 5973 3779 6526 3510 4576 5022 3777 6709 3016 5337 8309 3688 8005 3746 7147 4664 7801 3760 8710 7234 5680
3072 1948 7808 2441 1095 2893 7679 3419 4495 5452 4318 5898 3566 5615 4677 3845 7194 4122 6097 8111 2809 7561 4727 6723 4837 7909 2705 8245 6743 6138
2357 1593 7142 2918 1655 1825 6899 2789 3854 5954 4139 5589 4367 5163 4517 3828 7278 3894 6254 7661 3220 7548 4298 7208 4321 8126 3273 8140 7586 5459
2576 1291 7179 2702 2072 2294 7349 2554 4092 5768 3568 6346 3324 5679 5481 4192 7069 3958 6152 8078 2844 8260 3958 6617 4826 7405 3695 8374 7290 6255
2653 1778 7285 2472 1041 2167 7188 2562 4371 5842 3983 6046 4193 5452 4585 3683 6969 3104 5337 8150 2940 8116 3916 6919 3974 7961 2649 8424 7404 5924
3135 1725 7373 3415 1601 2542 7588 2925 3944 5631 4464 5734 3298 5178 5356 3979 7649 3543 6320 8485 3025 8116 4037 6908 4223 7763 3370 8570 7424 6219
2949 1498 7601 3007 1297 2606 7246 3595 4218 5589 3649 6363 3836 4548 5344 4769 7847 3063 6409 7975 3556 7520 3843 7523 4008 8235 3014 8433 6752 5832
2591 2068 7102 2426 1758 1976 7110 3510 4113 5848 4442 5540 3319 5203 4629 3730 7680 4085 5786 8064 3576 8413 3787 7476 4531 7463 2626 8327 7339 5936
2633 2042 7320 3362 1854 1924 7649 2568 4000 6056 3553 6491 4426 5146 5116 4573 6825 3106 5957 8123 3956 8630 3915 6876 4543 8278 3298 8449 7106 6254
2833 1536 7719 3285 1054 1867 7085 3196 4405 6071 4398 5788 3759 5314 4583 4461 6866 3453 5713 7469 3417 7746 4369 7093 4899 7916 3638 7971 6911 5868
2075 1867 6765 2618 2025 2489 7677 3194 3915 5867 3817 6485 3793 4741 4425 4176 6872 3436 6287 7979 2849 8551 3655 7225 4643 7901 2984 7741 7294 5984
2837 1844 7219 2777 1510 2587 7859 3127 3818 5102 3981 6109 3275 4844 4658 4230 7661 3102 6155 7386 3464 7901 3735 6540 3949 8127 3321 7757 7195 5662
2375 2063 7304 3341 2021 2674 7298 3303 4772 5355 4307 5532 3447 5039 5456 4810 7350 4012 5947 8211 3360 8354 4009 6610 4175 7679 3379 8654 7870 6230
3032 2185 6845 3367 2051 1989 7716 3002 3867 5059 4527 5979 4074 5429 4697 4266 6687 3264 5798 7680 3087 8401 4376 7152 4842 8187 3190 8150 7312 5661
2382 1374 7498 2537 1050 2419 7453 3374 4280 6038 3974 5729 3227 5431 4960 4553 7465 3909 6096 8481 3929 7904 3838 6649 4267 7965 3124 8081 7439 5777
2806 1568 7222 2923 1796 2867 7455 3424 4118 5255 4461 6220 4287 4580 5372 3709 7735 3565 5437 8432 2912 7804 3988 7080 4566 7406 3268 8331 6897 6128
2101 1904 6839 3010 2055 2187 7083 2557 4643 5484 4652 6086 3357 4979 4718 3708 6809 3661 5869 7623 3473 8539 4250 7489 3872 8267 2947 8503 7327 6002
2451 2072 7337 3113 1997 2253 7828 2675 4291 5615 4743 6089 3770 5266 5015 4094 7220 3210 5688 8187 3214 8381 4559 6922 3972 8330 2735 8153 7593 5735
3075 1660 6930 3018 1827 1801 7796 3534 4425 5768 4604 5623 4273 4670 5049 4413 7240 3089 6418 7765 3240 7760 4224 6523 4034 7803 3681 7965 7548 5944
2546 1856 7113 3023 1835 2287 7029 3103 4790 5823 4550 6374 4145 5287 4647 4197 6861 3382 6239 7694 3182 7782 4470 6766 4077 7560 3339 8625 6792 5333
2666 1782 6653 2544 1238 2580 7412 3371 4318 5690 3647 6184 3825 4644 5322 4238 7541 4021 5359 8327 2959 7500 4565 7504 4904 8419 3156 8386 6786 5630
2905 1799 7787 3174 1405 2215 7041 2894 4243 5164 3661 5994 3829 5581 4881 4182 7380 3421 6407 7545 3321 7960 4201 7533 4470 7910 2716 8761 6713 5606
2666 2133 7331 2671 1528 2245 7726 3360 4452 5254 4286 5914 3623 4981 4652 3746 7601 3821 5341 7654 2744 7800 3979 6926 4004 7713 3605 7723 7597 5389
2476 2302 7377 3337 1837 2239 7111 3603 4100 5879 4728 6197 4078 5523 4713 4654 7548 3254 5959 8218 2973 8301 4679 7635 4696 7410 2730 8335 7044 5965
2864 1313 6870 2761 1125 2100 7695 3324 4345 5016 4184 5662 3226 5318 5200 3930 6930 3226 6490 7369 2963 8004 4028 7413 4185 7630 2915 8002 6782 6295
2660 1967 7483 2755 1733 2038 7553 3245 4914 5878 3773 6432 4176 5118 4510 4201 7215 3777 6425 7379 3457 7459 3774 7155 4967 8530 2835 8298 6971 5436
2570 1299 7376 2282 1433 2055 7272 2695 3939 5580 4580 5557 3799 5199 4531 3640 6779 3262 5921 7630 3633 8090 4356 7609 4078 8260 3320 8667 7637 5421
2387 2249 7317 2239 1263 2103 7228 2964 4816 5927 4581 6571 4138 5226 4385 3906 7800 3805 5791 8104 3180 7730 3993 6703 4534 7806 2698 8479 7626 5321
12 9 3 18 62051 1.0945512722838528
8 2 13 28 92169 0.9798867023722545
16 10 24 7 37533 0.9666734855298567
0 5 27 3 52878 0.9370333445689595
2 14 10 6 51742 1.0261096036802695
15 21 15 9 59212 0.9923754193962246
11 9 17 18 65592 1.0804263740370954
27 26 5 21 85100 0.9692136972885286
0 13 8 19 51920 0.9540373997156492
8 28 13 11 74028 0.9969968085682759
0 26 14 22 59836 0.9946543045537877
13 7 20 18 54501 0.9857693888050405
29 1 13 29 114404 0.9286974867931076
8 0 14 17 70792 0.9501939438326799
28 15 1 7 85469 1.0674594749592274
29 20 17 4 63258 0.9573647962236485
25 4 13 9 42369 0.962769203554653
27 27 18 14 62895 0.9386348292060361
4 2 8 24 66800 0.9873838502689851
17 13 21 22 43624 1.0305741238669581
8 22 19 16 59951 1.0638010454125764
21 20 22 1 48292 1.0325375000242503
1 1 20 17 78906 0.952974906686612
3 17 25 0 84504 1.0192453722707657
2 1 22 10 54631 1.002524079535523
3 28 17 15 89996 1.0274153956536018
5 12 16 18 55395 1.022792305012045
11 20 9 7 51440 1.0363167500509085
7 17 10 29 50875 0.9212924254563165
6 0 7 15 38422 0.9281751932997528
14 0 15 15 64516 1.0093027350654495
29 8 18 14 60751 0.9940470648332931
24 25 17 2 79993 1.0167961018131182
24 4 25 17 37972 0.9470329156267748
16 27 7 18 61086 1.0008638158646193
12 29 29 5 112603 0.9310285544669341
20 14 29 17 40009 0.931024440393592
22 14 12 3 46298 0.9193478229662361
13 21 4 28 58350 1.040515127826326
16 26 12 18 48500 1.0432904969726369
13 24 23 5 83657 0.9184861002052439
8 1 28 10 62352 0.9225394098173727
20 23 4 3 88697 1.0311137659188663
1 14 25 2 83598 1.0489316979353127
20 20 1 24 75261 0.9035981481206398
22 2 27 25 67844 0.9492322200759274
28 24 12 8 96729 0.9322297087147027
22 15 4 18 72653 0.9557657049062959
13 10 26 23 81167 1.0325473707348303
11 2 29 28 111316 0.9914174463620675
19 25 8 27 44498 0.9486385155340726
19 13 6 6 58004 0.9904046706669971
26 8 16 11 53915 0.953912908548866
11 16 14 7 53167 0.9062045296414918
18 15 25 0 57622 1.064231871270341
9 28 3 4 71326 1.078769027377732
5 4 26 8 43035 1.054779208291603
11 8 26 12 66567 1.0883931417413157
0 25 26 27 92065 1.000645055363585
14 0 2 18 72290 0.9065861348204719
5 21 6 5 45258 1.0781107741314893
10 29 28 11 116662 1.0707871929869666
27 22 12 9 92723 1.036904264178886
17 4 7 16 49660 1.0584912855676647
0 23 23 17 95662 1.0297459937286437
13 15 28 17 61140 1.0485143743696121
0 7 7 4 23216 0.9876211382667677
14 0 10 28 100090 0.9167533770791122
7 8 28 13 77543 0.9282823081591934
15 0 9 14 59699 0.9401311210769142
28 26 23 1 71005 0.9719561478854478
0 7 19 1 52041 1.0542042255089048
9 16 3 5 44049 1.0689345501658019
16 23 23 8 66040 0.9009430616082561
2 4 15 18 71985 0.922112161179725
0 14 7 8 43198 1.0714144746188197
22 7 1 19 88684 1.0538231018013648
10 4 16 11 44290 1.078586005979201
25 28 12 23 68517 0.9441440696940148
5 21 4 7 45243 1.0241935084625253
9 25 17 16 60375 0.9160377608629399
29 20 0 11 119534 0.9534449516345841
21 22 7 20 55491 1.0710186499869168
1 6 13 4 27351 1.0366865201911983
3 0 24 11 70715 0.9616087758839034
15 26 28 22 51113 0.9165669919936186
6 2 3 10 30523 1.0061163232077261
7 25 9 3 60199 1.02067741405158
8 18 21 6 72899 0.9534126382872061
26 18 21 29 41798 1.0655505776359002
20 10 9 2 43091 1.0798660256798331
16 5 23 17 45668 0.9320554111959174
19 16 8 13 59377 1.0100881770872487
11 9 4 26 69601 1.0417788695909045
1 3 16 22 92407 1.0298140303540806
24 14 23 5 32697 1.016606914844394
9 13 28 3 66523 1.0057926920634273
21 18 18 11 31604 1.0212661143338195
17 20 4 12 63409 0.9534471561652017
0 7 4 20 48568 0.989797921142058
15 15 14 3 52165 1.0021736219640438
16 8 26 28 85766 1.0228490889578266
0 28 10 7 87291 1.0883758424591279
24 3 4 14 66928 1.0206023551084376
27 28 25 11 51900 0.9105852310894363
20 15 1 11 83071 1.0943506782401076
12 0 5 21 70419 0.9294422671047187
28 27 19 22 47662 1.0133247580834448
12 18 7 11 43825 0.9988671869225454
17 28 12 23 47037 1.0157215760284384
5 12 5 0 35420 1.0527837252003178
0 4 23 12 57699 0.9343106892471573
19 25 15 14 57339 0.9009957855222793
23 9 29 28 77106 1.0976038837987165
14 17 7 3 62362 0.9458679730469625
15 27 19 3 89634 0.9605632359172268
22 27 8 1 87445 0.918386978343838
12 12 29 27 97126 1.0133549773413792
17 27 3 19 71009 1.0557375280517571
28 2 25 10 34329 0.931351767393546
21 15 16 27 54568 0.905800075756077
1 8 22 3 52106 0.9683204734455815
26 19 14 4 55659 0.9698617390028358
16 4 23 12 33042 0.917827108134264
11 21 10 0 79601 1.0461548042737772
3 23 10 11 60683 1.0881905879227598
13 28 1 5 92036 0.988002336667439
17 27 28 16 68917 1.009916847312601
18 13 7 14 49733 0.9227671782031166
16 10 5 25 82645 0.995516486336359
29 24 26 16 31268 1.0108665323404162
13 13 26 7 63464 0.9550594205591615
8 14 27 28 103349 0.9928477554209477
3 15 19 17 61816 0.989060939728386
23 28 27 7 70924 0.9704348359768453
1 27 22 0 106595 0.9774679850919308
20 1 3 17 72069 1.089318520151654
18 9 28 9 49519 0.9121774688664629
19 0 15 27 98001 0.9774993469726759
27 19 18 22 39223 0.942326689870112
27 17 17 8 61838 0.9245069498514881
28 1 3 20 90628 1.0454547340388913
18 0 15 24 86956 0.9650078986546314
25 17 23 4 39500 1.0038402667684156
20 19 26 27 36372 1.04538719138286
20 29 10 5 91912 0.9234791944935333
1 20 17 17 62227 1.0294191349514386
8 10 25 16 86831 1.0102440098099097
29 0 22 13 45006 1.0310317737521786
5 20 18 9 75471 1.0096154990122181
27 9 4 6 62399 1.0541722170445302
12 14 27 9 77093 1.0101235346691586
14 29 26 20 62904 1.062834448441455
19 6 13 2 29518 1.088235245613278
15 12 1 9 61359 0.9681060028367047
26 19 7 26 74574 0.9197206595232074
29 15 20 20 41906 0.9801931289039275
5 20 29 6 88119 1.084539000374417
10 28 2 25 38118 0.9162242137878457
4 5 28 3 47107 1.0267061506442188
2 14 8 0 48607 1.0478422286989928
2 5 27 18 82162 1.0527320467229606
0 14 6 22 40955 0.981056373450586
8 13 7 26 42943 0.9018462491775134
18 10 8 23 75352 1.0892049968151272
26 13 13 15 58520 1.0044766841536106
28 2 19 5 29514 0.9632985870253903
0 3 8 20 58633 0.9660062803527458
0 8 11 13 58614 1.0172168353156787
6 26 16 12 68137 1.0146853385304089
21 8 10 2 49214 0.9614414445645466
18 12 25 27 63168 0.9101317357956107
1 21 13 18 51732 0.9379223519591358
21 10 6 26 92595 0.9437960900139741
26 19 10 13 80980 1.0086299652724942
20 15 12 23 57373 1.0299988757975664
28 4 11 22 92748 0.9773552047186613
25 11 7 13 78037 0.96628476202819
7 7 22 17 66774 0.9533242403977219
7 24 19 17 63453 0.9169476840297557
8 1 11 20 65279 1.0249659376085294
16 0 5 21 78885 1.0745459026989552
15 10 18 22 50871 0.9852026672020926
0 28 29 23 118778 1.0142503330228465
27 5 5 29 99958 0.9413745848767486
10 0 9 11 38404 0.9409677931611818
2 17 15 0 72524 1.0486584774105454
18 29 8 16 75851 0.9448387860385118
6 18 24 21 69577 1.0526868606457889
19 0 24 27 80596 1.050182414615851
16 20 25 19 34358 1.0479485474401258
23 2 2 18 85390 0.992006960281062
5 1 18 8 41600 0.9923167242201865
6 27 17 17 61990 0.9468488014386206
7 13 12 19 45479 0.9864991632864766
1 25 27 8 116887 1.0351128072688267
25 13 25 1 37014 0.9015108263682376
15 13 2 1 68558 1.006762461597449
21 11 12 29 89526 1.0356938444338848
29 24 21 28 40373 0.9103818898835433
0 2 4 14 53730 1.0015008007250228
26 29 3 20 92848 0.9760330247177657
1 10 9 21 55546 0.9915781589741716
9 28 27 14 92746 1.098630397104972
22 29 17 2 78254 1.0438265295706664
29 1 17 6 38609 1.0380168271147605
14 24 12 7 74109 0.9794164354039212
5 5 23 27 92403 1.075478287365378
19 1 28 9 42225 1.006562834694546
15 5 11 16 62850 0.9785709104393351
11 3 26 8 40223 0.9597411880926099
25 5 23 18 43236 0.9178192928589165
0 3 17 9 55637 0.917432273646673
12 10 11 0 49399 0.9147825051296652
22 18 10 29 77992 1.0266014674159292
27 28 6 2 100866 0.98387664538704
10 18 29 12 87493 0.9522367240290067
29 26 22 12 52889 0.9476578358343902
5 20 10 0 58526 1.0724175839185988
24 6 16 2 33859 0.9412815222892426
17 17 13 9 48203 0.9658092083598185
25 21 3 9 106547 1.0493447749231484
24 9 28 15 32363 0.9473693298453242
16 28 15 0 106567 1.001130341297846
23 13 20 0 40765 0.9486502280190747
26 1 19 16 59371 0.9053619819870891
17 25 24 0 89801 1.0419171145357895
1 26 5 7 61768 0.980050166175385
22 0 11 7 44129 1.040192899320659
23 18 6 8 76064 0.9055781298388098
18 1 22 27 69077 0.9477289296312003
27 7 9 3 40278 1.0329173906048923
28 29 12 13 103275 0.9034285163157547
14 22 7 27 40835 1.0847576277121806
18 11 8 6 45958 0.944098970996025
22 13 21 29 43655 0.9806196349139307
12 0 28 12 65105 1.0820515513144804
8 5 21 2 34014 0.9261593116090276
21 9 27 14 35727 0.9842796276291365
28 21 19 2 74662 0.9929294833826007
14 17 12 27 49567 0.9581579288597647
26 19 20 24 32634 1.0850116695656074
9 0 24 22 84768 1.0592523819675312
16 14 4 28 87285 1.0182319312835229
24 28 5 21 86432 0.9421706727044614
0 16 10 21 55364 0.9183657427908914
19 23 4 14 82500 1.0775905212958297
9 13 18 22 60491 0.9061460020986006
27 20 13 9 83389 0.9131747483044393
18 9 12 14 42459 1.0640526881454984
14 16 28 0 81646 1.014168126344296
16 29 0 13 104524 1.0700978209901693
27 24 16 9 80909 0.9486763623092427
22 1 19 14 45082 1.0702134323109767
8 28 16 20 51669 0.9501947373681501
14 4 26 2 25484 0.9582693416020351
15 0 2 26 91917 1.0264660052239483
23 20 9 29 70140 1.0890330110542854
23 24 2 21 81726 0.9689214615476613
22 29 19 8 63254 0.9870099102578254
25 4 3 0 49445 1.0999615184825366
8 16 1 13 39709 0.924209884436169
5 24 10 7 55185 1.0351395489537043
15 18 9 23 39085 1.0372282794750876
11 21 16 1 86743 0.9439733596264588
7 26 24 6 92398 0.948534070469819
19 8 4 11 65027 0.9971245316097512
0 24 13 23 60831 0.9343197520499937
11 16 26 23 70830 0.96893385887721
21 12 10 24 80372 1.0882782922128933
20 19 1 12 84455 1.0696929669584745
0 4 8 24 62293 1.0895133344093983
3 19 14 6 71518 0.9695778565482344
19 9 28 28 86070 0.9613573926900201
7 19 21 18 58353 1.045654001472207
4 10 1 24 51930 0.974239861829826
24 0 13 23 95867 1.0850387556285548
11 0 1 13 57157 1.0782716193142678
26 15 0 22 102405 0.9838214673778358
15 19 8 1 82842 0.967223302519412
14 6 1 3 32019 0.9544215366425387
18 4 20 25 66170 1.003087944455866
27 24 21 0 69608 1.0539884407883566
10 23 18 1 90572 1.0105651844466765
13 4 28 28 92908 0.9359377716132211
5 14 12 19 46096 0.9067501469500253
11 19 20 7 73918 1.0150425199818693
27 18 4 8 91224 1.063345661895705
20 9 29 28 82613 0.9293550133150229
1 29 19 25 73035 0.9104917599000247
11 22 27 19 65850 0.9370821548013158
18 14 8 12 42148 0.9369527900131995
27 25 15 6 86901 0.922741538291631
28 24 20 16 46292 0.9671335449717241
7 28 2 21 36396 0.9436150462647058
2 25 14 2 83926 1.003698765318432
14 5 26 3 26064 1.0786633777918115
2 8 16 6 45110 0.9716377818399113
5 6 12 19 65755 0.9910396403178663
24 24 6 9 94642 0.9367578652631039
17 4 24 9 30392 1.053928227244953
2 24 29 14 116282 1.0606401788497233
3 11 15 2 59042 1.017050590413326
19 2 8 10 52355 0.9428600321779064
17 6 10 13 57904 0.932690460525557
27 21 19 9 61724 1.0755792532642385
6 20 22 14 67299 1.0006059293862493
13 13 24 29 87055 1.008996223218212
10 20 27 29 77091 0.9187815596207506
10 5 0 20 63620 1.0934647754724924
3 5 26 13 63136 0.929296136767638
29 28 15 17 78928 1.0621815144605637
6 0 1 16 55983 1.024672355633034
13 0 4 18 65382 0.9821914700669323
24 20 2 1 84773 0.959080996909325
26 2 29 21 60979 0.9411731008061665
23 1 6 20 73498 1.0052444726289722
13 3 2 27 80387 0.9211510356155584
0 24 3 0 79599 0.9398475693475814
17 0 6 23 76963 1.019520235653421
14 4 0 7 34735 1.0794719634143108
12 24 4 7 70576 0.9189391822005223
27 11 3 7 71602 1.030026466653252
15 6 29 20 78133 1.0635296385310853
19 5 23 11 26259 0.9954956249022596
11 2 12 28 104670 1.08905428964894
16 27 23 24 34149 0.9357018045772076
2 25 24 25 76233 0.902842112176661
4 22 21 17 71157 0.9202079532903944
15 15 14 24 39388 0.907845936565261
29 14 13 27 85655 1.0538955959653822
0 5 28 17 86083 0.9239951783031379
9 13 15 22 53082 1.0559080760635615
23 24 28 8 59183 0.9175093375099854
15 17 6 2 64467 0.9967830986505513
22 14 6 14 69007 0.9110313851042018
8 9 15 16 56208 1.0280735726274781
22 5 24 14 30482 1.017322765082179
2 23 0 14 33886 1.0938703918722728
2 11 24 22 102066 1.0182182016458186
20 11 28 27 68404 1.0155922598797151
10 28 14 16 63354 0.9403841144801419
7 9 14 21 61621 1.096935182078967
20 13 10 3 52946 0.9822260866511109
16 19 26 4 69346 0.9399234889200115
10 9 22 3 48403 0.9412102666565625
27 27 18 15 60267 1.0930350744896264
6 10 19 21 72695 0.9227250465728071
27 16 8 10 88358 0.9954376127077371
11 4 24 21 68265 1.0326593255857184
12 3 26 20 66616 1.0676328867677833
19 26 28 0 83566 0.9431239034975185
24 11 3 2 69000 1.0615654339206606
16 13 2 2 68752 0.9721165648641827
2 27 19 3 91061 1.0252859189808126
13 13 26 21 68983 1.0659296403194536
14 5 25 8 36676 1.0010251644924921
3 11 11 5 40381 0.9735757176874001
2 8 10 19 61667 1.0448470104900187
5 25 20 20 65833 0.957922088458127
11 12 19 4 51256 1.0630659775655467
1 4 16 14 68055 1.0440742852023477
11 28 19 5 104847 0.945258549042988
17 6 27 13 52037 1.0526239557174157
29 23 17 25 59245 0.9034815553717649
29 0 6 14 73224 0.9109772387219276
23 8 1 2 56436 0.9744595654912356
24 4 18 20 53346 1.080140187192432
1 7 10 21 66753 1.062048969502944
2 5 19 9 49929 0.9812335341119748
26 3 1 19 90171 1.006603204678506
17 22 5 26 55205 1.0576018779555147
1 8 15 4 37536 1.0303771326574493
21 19 14 24 42676 1.041007126270679
0 2 19 13 74920 0.9455740784518107
29 26 19 8 75735 0.9987779414589834
25 26 27 15 31815 1.0879488928648637
25 7 19 1 28230 1.0691121047768215
4 13 18 17 62067 0.9013360291348639
14 24 2 25 48047 1.0894040729052037
3 26 14 16 62426 1.0613214170222947
0 20 10 18 42390 0.9304516779955032
15 24 21 8 71637 1.0840949956274522
13 9 6 17 47975 1.0390281130954842
15 7 19 27 78911 0.9216028597704197
21 24 29 7 66962 1.0701854906998614
6 12 19 9 59385 0.9379245619137142
2 24 21 24 71960 1.0631995943937398
6 7 29 9 68563 1.0516218361349852
4 28 0 9 73842 0.9964479268800479
29 10 14 21 78212 1.0414632697825477
21 28 25 11 61601 1.0806241492341966
11 8 19 6 37655 0.9455538837651997
17 13 28 2 61027 0.9097605553699719
18 9 19 29 69827 0.9533081878563071
12 7 20 14 46345 0.9389874969015058
18 10 28 19 67689 0.9920582677802923
11 21 17 2 91571 0.9238866562272737
1 1 2 27 74937 1.045424107629635
3 21 22 1 85891 0.9047000304027878
0 5 15 2 42090 1.0788947306064054
0 29 4 14 61952 1.0918796614049007
24 12 1 23 105284 0.9377883799696041
19 13 0 28 111927 1.0546416544562711
17 29 20 10 72323 0.9429025652081482
1 16 6 9 35899 1.045789292847613
7 4 28 25 94453 1.0370198349347548
19 14 27 12 38034 0.9292609898524574
4 15 18 1 60552 1.0975379597257775
19 25 25 10 65174 1.0576732474430433
4 21 21 6 81120 1.0039447495146174
26 17 9 29 84023 0.9813840411627881
23 26 14 23 40037 0.9220343363717642
24 24 19 15 41973 1.0067770282311017
21 22 5 18 69189 1.0478374988064472
29 22 3 22 97190 0.9649206437033206
0 28 25 0 126227 1.0256430522104814
4 6 5 25 60038 1.041065884545194
13 4 11 18 62790 1.0476674330031275
22 2 4 6 43337 0.9184811173415297
16 7 0 4 39083 0.9062810192547048
2 20 7 15 28684 0.9142108888883531
26 0 22 24 63785 1.0502043576636049
20 19 26 6 52640 1.097415613053856
7 13 8 0 39074 1.0203813363479999
26 2 10 11 64202 0.9669867808411601
24 14 5 25 95607 0.9705762985779063
3 9 12 12 43511 1.036988585440712
4 0 10 25 84737 1.0105238606197129
26 3 20 7 21710 0.9288678901789429
5 29 13 21 53551 1.098502917377166
9 13 1 10 37537 0.9579759666156082
21 14 27 0 48241 0.9837611925896277
24 15 5 4 62531 1.0353080033845938
23 28 28 10 67379 1.0049480842181326
21 9 29 23 67271 0.9690198131398237
25 10 13 14 61096 1.0150318201493989
0 11 11 5 49355 0.9528638073295419
4 20 28 12 96841 1.0592924908871177
8 29 24 6 107246 0.9290867185035198
23 0 29 5 26633 1.08537519579099
23 29 22 1 71994 1.0291875554398329
27 11 15 11 57803 1.0210473510235418
28 14 11 6 70182 0.9767041063019357
13 23 29 16 78896 0.9088049654328183
2 1 2 19 50661 1.0844457409131962
7 26 22 16 70619 1.0951615911077512
19 2 5 3 37124 1.0600562040624801
29 6 14 13 70932 0.9202623437959649
17 5 13 23 79485 0.9704914540769497
14 11 7 18 49614 0.902089330182399
22 27 11 10 87002 0.9767836620541777
25 10 16 12 41056 1.0870261243166235
21 16 5 23 76798 0.9401815542215359
4 26 27 23 82881 0.9184261247735338
26 8 28 26 47848 0.9045805893885052
13 4 25 8 35240 0.9712883164888234
9 10 29 19 103886 1.073259869792735
20 19 18 1 57266 0.9553985396645344
8 25 21 25 49633 0.9600997353302809
23 20 2 20 68333 0.9971391246317559
26 22 23 12 32724 0.9153624789364491
14 16 22 23 45397 1.021204796844317
27 10 4 17 87577 0.9862402892990233
5 6 20 8 47521 1.027834860843188
22 19 9 28 65680 0.9897958890049512
12 19 0 5 76303 0.9493325788035347
2 6 27 8 58744 1.0177818569066188
4 24 11 10 60475 0.9143379092399775
8 0 29 11 77525 1.045894894294107
18 17 6 16 44048 1.0630942543486774
2 8 19 11 65952 1.0448201304523939
29 20 12 1 80129 1.0199996253476793
14 24 0 2 101713 1.0477393109187028
6 7 28 5 46102 1.0901233811834714
4 7 16 13 59171 0.9098722976043617
18 10 1 2 54535 0.9427403899742602
26 12 13 27 75994 0.9841444550292511
5 0 19 7 44428 1.0589010343646827
14 27 6 17 50951 1.0132096202984133
19 13 5 7 62875 1.0977424737838544
29 17 13 24 75595 0.9644900065458795
26 2 4 28 106327 0.9267590480648127
5 15 28 28 112853 1.0093826469830969
13 24 13 7 75157 1.082561515725252
23 4 15 14 53897 0.9585482603450234
0 20 18 15 76198 1.0845838284409532
16 20 6 8 61645 1.0678895175724321
20 20 6 29 66843 1.0617637638294175
16 27 16 17 48658 1.0863667979291582
24 27 0 9 121647 1.0805089383718092
20 20 8 18 48261 0.9088591762267159
6 0 27 1 41367 0.9330051701845445
28 14 19 11 44468 1.0485277577799228
19 0 26 23 67783 0.9374806951359462
25 25 17 21 51841 1.0202897587170432
10 9 19 16 66907 0.9685797681872467
9 24 1 21 40439 1.0981946879759366
0 6 6 21 56973 1.0327721810041774
17 26 11 0 98221 1.0871849192962049
3 19 13 16 50382 0.9664557609897237
14 6 8 11 38151 1.0509872139746113
25 25 23 12 47088 1.074571681902587
4 20 23 5 74952 0.9007975217472252
16 17 18 3 49534 0.9608743869534366
8 0 25 9 59654 0.9437553735444598
1 17 3 2 51232 0.9841432104903857
9 8 24 7 49382 1.0242716038730726
17 21 1 13 80880 1.0778213353992956
2 1 9 7 28322 0.9092355829567111
14 23 28 7 87831 0.9297196144909247
18 12 1 16 73498 1.0205961942038668
8 29 2 12 64780 0.9910751538942919
2 14 29 12 99878 0.9434756511565785
1 9 13 8 49339 1.0273864557646353
2 17 21 27 84502 1.0702164164181518
9 20 17 22 37511 1.052632128443075
20 24 3 0 100900 0.9107847137740064
10 1 23 9 45412 0.9169822156020259
6 2 8 22 53251 0.9216474543386216
0 17 21 29 97490 0.97496058609687
27 8 17 19 68830 1.018445161257782
10 2 29 22 95818 1.0228339606505805
1 8 0 20 45212 0.9800361221303102
23 7 12 17 61879 1.041418666501496
27 14 13 29 86371 0.9469695567014027
18 1 6 3 26745 0.9345977642562906
14 1 17 24 82066 0.9676849232511343
24 29 29 22 41036 0.9066858994122243
1 22 8 28 41174 0.9609978748575345
12 12 8 3 44146 0.9812609619620076
29 5 25 22 50148 1.072661672107708
15 15 3 27 76324 0.9132059789760057
6 6 10 25 64684 0.9484590539806526
10 16 4 21 39879 1.0946162247217053
29 28 15 21 77233 1.0833632096547408
19 29 9 22 57055 1.0016727448632692
17 9 26 24 70687 1.0211443203782997
22 17 11 1 58731 1.0746451460421036
11 2 9 11 39806 1.0849818447293247
27 0 13 25 103600 1.0815164178510475
20 21 29 5 59674 0.9479737332492774
27 23 27 2 61898 1.092475771569036
23 14 21 22 27995 0.9085989218168011
25 28 6 24 76073 0.9089195698183755
2 10 28 17 95608 1.0940986825467063
11 14 29 11 86975 0.9535480720064929
22 13 0 6 68723 1.0940479259890339
3 26 15 10 82435 1.0413767363277375
16 4 14 20 65709 1.018494308625454
26 20 3 4 75773 0.9871232315948464
20 0 18 27 82312 1.0901395095146813
19 18 12 15 39473 1.0927070105358527
27 28 21 13 59100 1.0438965114006968
12 10 25 16 74219 1.0764312970290886
13 10 24 16 64762 0.935938894722257
6 2 24 23 87175 1.027563251838163
8 14 28 2 80955 1.073981862750586
26 14 0 0 79412 0.9109418856753893
13 8 16 29 100707 0.9165950271295586
17 0 6 25 81572 1.0792700637364108
3 20 0 3 56924 0.9681940106612451
9 1 10 14 47959 0.9573723892062823
8 8 15 28 90084 1.017679058102112
20 29 29 19 57090 0.919196323778727
5 28 14 5 78707 0.9248325457729868
5 25 10 7 61575 1.0674182372349141
14 22 5 2 84006 1.0355939518121176
1 29 17 21 83932 1.0487365866575733
19 28 7 17 77368 1.0259709574558333
11 20 18 0 83972 0.9767358494580892
2 4 26 26 89550 1.0537307080240574
29 13 19 18 55928 0.9178359329385244
21 1 22 24 56541 0.915546662061615
23 12 5 3 53975 0.9835078106940169
16 9 9 28 93521 0.9364567045000483
14 21 29 24 64001 1.073237963492894
29 16 20 17 38690 0.9258591428099863
15 13 21 23 57613 0.9222797062812589
17 6 8 1 37364 0.9146070103291507
26 29 5 1 100662 1.0990068652451777
18 20 11 15 44824 0.9539185949503264
4 4 16 25 91467 1.0094349736846766
28 14 5 24 100743 0.9327268803771436
1 5 22 3 41582 1.0096186301876044
26 12 27 22 25571 1.0430128996660675
0 7 25 29 119483 0.9211323060150379
28 11 25 29 59605 1.033098729784594
27 13 0 27 123881 1.0486473465068558
3 13 26 9 80453 0.969633967047111
6 22 28 7 85997 1.0296481984529746
4 23 29 6 102115 0.9470312444496809
18 15 1 2 69317 1.0722794129949456
19 19 10 1 76812 0.9364376464343501
3 10 1 19 34841 1.0929218986515459
18 12 21 21 37181 1.039455332841526
8 26 13 14 57914 0.9971347027140782
26 12 14 15 54817 0.9844287176135895
23 4 11 21 81377 0.9903416495101128
2 16 11 11 49428 1.0972852228005003
11 25 27 3 104886 0.9002706309111447
26 25 10 11 95194 1.052280791726481
25 25 10 19 75135 1.0534875811592377
25 16 6 23 82581 0.9135165342840296
15 17 28 10 63845 0.9800979935855215
22 24 4 15 83392 0.9945614880247464
0 13 11 11 53530 1.0565764495406158
11 16 16 1 75403 0.9092763257655518
1 27 15 8 95939 1.0790775989030064
27 27 23 10 57661 0.9250192927252708
4 21 20 21 61488 1.0493496711501402
6 5 11 25 70831 0.9378420266220708
15 4 27 8 31737 1.0305738204654804
5 24 9 10 47698 1.0421864730410093
28 8 18 28 82386 1.0025388246287714
14 0 6 6 31130 0.9478804641148211
18 0 27 18 64168 0.9979350188072467
28 18 18 4 59013 1.042432867321034
20 25 2 29 68387 1.0600569571754304
24 22 9 8 86304 1.0362401784120419
15 2 25 11 54104 0.9729582965973264
19 26 3 4 93532 1.0792994894746715
7 12 10 2 39839 0.9681585264888184
20 17 7 3 64965 1.0988686955643936
18 22 22 10 43319 0.9422429480810367
26 28 6 26 68868 1.0299230997018567
24 19 19 14 37329 1.0501718302367016
2 21 27 0 98016 0.9971198687535376
18 5 2 15 60560 0.9084421097735134
12 24 8 18 36961 0.9838537740028797
21 1 0 6 54848 0.9781083965880935
0 10 10 17 52174 0.9550577573358445
11 12 3 21 51591 0.9279822243158142
0 22 24 0 104448 1.0347888886319523
21 1 19 16 54494 0.9430193005155827
10 18 20 17 42730 0.9056211448998676
15 16 10 8 56177 0.9959929332356126
6 19 27 9 85103 1.0015121637486177
3 7 20 14 69429 0.9824413073377641
6 25 23 18 75339 1.0757190328505963
14 11 4 11 46874 1.0858719081915982
20 25 29 24 39634 0.9324174364667625
23 29 24 3 72275 1.0334829906867196
21 25 5 17 76207 1.0960952192599227
26 7 5 13 64804 1.0645375848991838
11 5 6 20 46248 1.020444202083114
21 0 3 26 97316 0.9665916470952657
21 11 10 27 87533 0.9323957112025324
19 12 18 25 44033 1.0373774301635366
17 13 26 3 48596 1.090382978548107
13 24 28 12 84251 1.0970436610393015
1 6 16 29 111702 1.0641242055499964
5 8 20 18 75269 0.9615019986031059
29 28 16 9 102821 1.0278887802168413
3 14 12 16 48712 0.9992489634436027
5 0 28 18 91858 1.096133935595662
6 22 15 0 70453 1.0729819153279183
3 25 28 29 96753 1.0928543544503866
17 23 9 6 87977 1.0227002474875928
9 13 23 26 81359 0.9874767318386103
27 24 29 2 68741 1.0724442783551884
7 15 19 10 62882 0.9999130013764401
7 19 8 5 42624 1.098834445417211
15 21 8 14 51561 1.069036743016201
26 8 8 25 99959 0.9739787323853987
5 3 23 0 41482 0.9748373916071966
1 19 6 6 50779 1.0302442026740335
20 1 6 2 28341 0.9057864309952144
24 3 19 12 38504 0.9418591711223401
1 11 5 28 65759 1.0716066369063066
16 27 3 22 59436 1.0664632165245491
2 17 12 4 52655 0.9487527823979405
24 23 12 21 58370 0.9276761476174077
19 16 6 26 73617 1.0679561119835612
16 3 11 14 61396 0.9746138504918693
23 16 7 23 75795 1.0317237098703216
17 26 8 23 40217 1.0471008585681252
29 8 16 22 82161 1.031058122286392
28 28 17 12 83265 0.9438666656726545
12 15 9 27 50792 1.0320889164250695
27 24 4 28 89837 0.9086135944485896
6 27 25 24 70957 1.0665362156147942
19 12 0 11 77023 1.0934963567464202
16 3 13 10 36225 1.0277954898008466
5 12 26 9 67570 1.0546020836486723
22 28 3 24 73134 1.0605341228472944
6 14 5 24 27503 0.9028563009134849
23 7 17 29 76665 0.9704618903241335
28 16 16 5 61790 0.9928128149074658
26 15 20 22 37147 0.9043124796891325
2 27 19 29 69622 0.9892869554240042
21 14 14 22 50160 0.9359672740921626
15 27 19 16 55449 0.9529495349713953
2 15 23 10 82251 1.0202296110046558
27 22 29 3 55969 0.9998480676564857
9 21 20 20 39745 1.001500087512275
17 1 20 11 35229 1.087126594739554
20 19 12 24 46840 0.9135775412638908
2 29 7 17 45119 0.9807157880291663
23 21 1 12 100884 0.9026914266104502
8 0 12 29 102176 1.018227830164684
21 1 8 5 34814 1.0774423791701633
29 2 25 15 47253 1.007146935230657
29 20 16 14 62082 1.040943197766207
13 18 25 9 71583 0.954334975187141
19 27 11 19 58455 1.0013994072491907
20 28 7 25 50474 1.0792226706067545
4 29 9 24 33823 0.9900141449592043
27 29 12 12 94577 0.9662913377625654
18 17 22 29 41534 0.9409135679163223
25 14 9 1 66304 0.9136675220989047
0 22 2 7 49339 1.0360223371289818
20 8 14 17 47389 1.076975364076423
0 12 28 14 102218 0.9447045344372569
7 3 9 20 52907 0.9923590384903468
19 18 7 16 51363 1.0611934836088412
5 1 4 15 41287 0.9830093814220072
0 24 12 26 44782 0.9292146807896556
14 0 7 16 58069 0.9491010279302406
24 23 0 19 97110 0.9981343104942213
14 1 18 27 87585 1.0629319577082115
0 23 6 10 55023 0.9939689396049007
19 12 22 28 49829 0.9377914161255366
14 14 4 0 68513 1.0764780439048032
8 18 25 20 63440 0.9872683462511816
3 13 26 22 102334 0.9595042666666603
26 7 28 27 57710 0.9752314419130268
28 10 7 9 72240 1.0493163571122281
2 15 19 5 62813 0.9984075162284481
29 25 2 17 110839 0.9755833540156498
0 10 3 2 36870 1.0264149173522852
28 26 22 2 67643 0.9208545929686424
6 23 11 14 44082 1.0405219457856
20 9 11 0 44987 0.9217233857461352
18 1 4 0 29712 0.98812509281647
12 6 5 9 36584 0.9445171728695455
15 10 3 0 58009 1.0773757533096713
6 12 12 6 37241 1.08250138678502
17 22 1 3 92345 0.9166137355220408
25 7 23 16 38666 1.0272773842580047
29 15 27 0 51177 1.0363082471533125
0 23 24 19 96742 0.9325154866472141
4 22 12 28 50850 1.0293123809111275
10 11 15 4 40769 1.0887710519798002
19 18 4 18 63069 1.0628421818315834
26 3 1 20 88443 0.916441031608659
17 25 2 22 65810 0.920418097665665
27 0 21 18 57459 1.0945069112038053
10 3 17 26 93178 1.0000753174536878
15 28 16 19 53661 0.9382312960870578
21 20 7 2 74119 0.9631472500338125
29 23 17 28 63340 0.9978292439701136
0 26 9 20 42561 1.0606851533460884
13 17 7 8 46970 0.9785748790089526
18 5 8 21 70055 0.9019002908415951
24 8 4 28 112539 0.939296374911292
27 13 1 21 105621 1.075316831488583
29 21 18 14 58820 0.9521592404556487
8 21 26 18 66464 0.9497152748269088
7 15 28 21 93441 0.923768517234698
8 11 29 28 122520 1.0042088941744898
27 19 25 7 40420 0.9799201595059247
13 12 10 26 62535 0.9173853876332853
1 14 3 26 39733 1.0661003809574283
25 15 6 0 73038 0.9067567516141124
17 9 0 22 100924 0.9436708615471285
14 6 0 3 35008 0.9871561146369016
27 3 0 8 65158 0.9567073380176587
1 8 27 29 119374 1.0734693584781172
15 4 7 6 20514 0.928353906245341
7 22 20 24 58477 1.0819781584143824
23 13 29 4 36753 1.0639400305273299
22 25 22 9 38297 1.0643143206979655
14 5 28 16 64537 1.0828850769948966
17 27 5 27 51993 1.0514152338839975
16 26 19 18 38064 1.0916396861555369
2 7 16 12 59219 1.065930229216266
6 28 5 16 34517 1.0184033638535315
29 14 11 9 90711 1.0461931682339811
6 26 9 19 26818 0.9129051354627934
16 14 1 12 66022 0.9320143613580469
27 17 1 8 90790 0.9129183643405089
11 26 4 9 64237 0.953789483271113
23 16 29 21 41200 0.9739237432436147
8 25 18 29 46309 0.9937087668185621
15 27 17 17 48760 1.0320902516670871
22 7 24 29 62597 1.0283669223883254
0 11 4 3 40486 0.9510014442339049
10 0 29 16 86658 1.093091753152871
14 2 26 28 84128 1.014794060840707
2 7 7 16 35954 0.9066419112992848
14 1 17 10 38356 0.9547608911096527
25 8 15 5 35572 0.9557119928049675
9 29 9 11 58294 0.997893636377363
11 18 24 10 70416 0.9664769118303285
26 6 14 29 96709 1.035832054690928
17 4 3 27 83834 0.9265354161313815
25 22 7 17 76443 0.9977846667843064
28 26 5 5 93891 1.0972785799555305
4 5 19 24 93268 0.9517837484589479
5 21 22 28 74731 0.9132932764689623
25 26 27 0 67044 0.9913276893994185
15 8 15 20 54865 0.9040677492755573
20 0 15 20 75039 1.0062263142404626
17 25 27 8 81679 0.9056963856438344
16 22 29 7 80112 1.083162478704038
16 9 9 4 37779 1.0350387991347048
7 27 26 2 95962 1.0943277375119467
14 21 24 6 71985 1.0279801139438085
12 2 3 22 76771 1.0698874236778055
17 23 29 20 52145 0.9141135439346766
25 1 23 20 54888 0.9152470197260663
12 25 19 3 99902 0.9190946524552662
12 2 21 10 47129 0.9558057600946945
25 21 3 19 83713 1.034806281623367
22 26 1 7 97228 1.0260840641026039
24 23 16 21 43188 0.9192817851806498
25 9 16 12 46544 0.9117279056767013
10 28 22 18 73416 1.0408221601675796
26 3 9 19 81144 0.9465263999148199
29 14 2 24 116282 1.0694466093898272
29 27 15 17 72168 0.9067591220462458
27 3 15 4 23311 0.9144936703744273
23 8 7 3 42697 0.9545438470900187
26 8 4 28 109717 1.0717254812731434
20 2 10 8 42832 0.9826439541252564
3 11 23 0 70727 1.0331996260300988
2 1 15 7 41194 0.9290810720359005
8 19 26 29 82808 0.9201539684817311
1 11 0 26 52509 0.900770403237034
17 10 18 24 49142 1.014738888901472
0 3 24 1 51387 1.0191355211784234
28 27 12 26 57191 1.0628089201598236
19 26 27 6 75501 1.0817921979282796
15 4 25 16 53337 0.9665610434660359
19 15 29 11 54664 1.0453938223324233
0 21 19 14 90455 0.9694252240509518
4 25 13 1 79434 0.9855228716056852
10 10 18 17 54547 0.9576636572338244
29 29 12 18 92881 0.9842832520774499
19 16 22 23 30672 0.9828043097106346
22 4 22 20 37818 0.9913492458911877
7 6 16 18 68989 0.9634521610306074
22 29 12 5 79748 0.9101326066259339
25 5 14 26 80989 1.0959845815716776
1 13 15 1 60092 0.9044914513657727
13 24 20 12 63519 1.0922044749263409
26 9 29 1 25853 0.9736925208772421
28 29 12 22 79467 1.0604471535901348
14 13 23 10 43639 0.9672637059753977
21 10 7 18 73506 0.9004586423589257
14 9 27 17 73693 1.031555568400139
7 0 27 23 95611 0.9782772366386248
4 8 26 12 71183 1.0524134380623331
19 18 11 21 42110 0.912642065785364
26 7 14 29 94847 0.9589886850099121
11 19 13 1 79190 1.0919328873024037
26 4 11 5 30852 1.0357345975419388
6 27 14 23 39853 0.907616383488878
6 19 15 13 53592 0.9507568968189879
7 26 14 12 64206 1.0370321981653616
24 8 6 23 88236 1.0430694500618882
9 7 0 22 65420 0.921992426609482
18 3 5 11 45078 1.086049128195787
16 5 10 25 88725 0.9343486352014155
19 12 25 26 54448 0.9798731971232362
19 0 7 3 33034 0.9216631064969382
27 3 18 13 46372 1.074088430878746
20 19 27 3 56381 1.0003846033012302
25 16 20 8 44721 1.0808647681975467
7 3 11 25 78248 0.9220829608316764
22 5 27 16 42218 1.0493580890072838
6 5 19 10 45088 1.0547482656485578
21 19 0 5 83572 1.016453520177855
6 22 28 15 88838 1.0943808429132456
17 11 28 18 65937 1.0204631658523913
18 2 12 23 91468 0.9904532151416979
21 3 12 25 95774 1.0340301939391845
6 26 19 20 56740 0.9532386494787617
28 10 22 5 29871 0.9204072274078069
6 10 7 0 27006 0.9967571816413341
2 3 13 14 62046 0.9134724906434538
4 20 19 4 65068 1.0384423743765825
25 26 0 10 118322 1.004674164513775
12 5 24 0 37544 0.9623374869392967
1 4 17 24 94173 0.9342128518966724
23 4 14 10 37910 1.0346307841080842
26 18 9 21 62153 1.0354262220533508
23 11 6 18 79422 1.0389248450255297
0 13 23 9 84810 1.0439096843920954
21 16 8 2 65438 0.9189351402453364
26 21 19 27 39750 0.9248871950038053
19 4 0 16 75122 1.001044709756485
14 11 10 19 54387 0.9445127330778712
24 16 7 29 91129 1.0458823000997728
12 16 3 4 60994 1.028046171002483
21 9 10 9 58439 0.9336465307540475
13 5 2 22 68427 1.0017166954032135
15 17 29 26 65150 1.090525467886105
27 25 8 6 94705 1.0369784135571782
11 24 6 8 58041 1.0213608330559447
18 28 1 12 95194 0.9240195072029947
21 3 4 15 61607 1.0959442308122544
3 26 17 15 78523 1.0546247427836246
11 25 24 27 53320 1.0063988131058164
24 3 9 1 34341 1.096929294207258
8 22 28 27 82559 0.9871601091902484
23 21 8 23 67345 0.9168533159009191
3 12 7 25 46346 1.0831614596720722
4 2 24 15 74433 1.0499086161179298
28 25 3 16 115170 0.9274567515042195
25 28 24 13 52174 0.9211475649817926
1 21 6 4 56481 0.9049429876803644
20 18 9 15 47047 1.0820314544955216
16 24 13 13 56890 0.9371162812662909
15 8 20 28 80940 0.9868398662024693
9 1 19 27 99883 0.9816046183580993
4 11 24 22 97704 0.9243804169625404
6 0 19 13 63420 0.9774116958958334
6 26 1 2 66209 1.0052243321390564
20 8 10 24 88714 0.9393850744026363
13 29 27 26 57897 0.9499791604699073
4 5 23 11 55672 0.913374411883901
13 10 27 25 93869 0.9718953218167112
4 8 13 29 85339 0.9540270859719142
2 6 6 13 27805 1.0564127156095924
28 12 1 15 102755 0.9368498515266669
8 2 24 16 70429 1.0781201030674463
2 3 12 19 72202 0.9581211200115045
24 20 9 8 79740 0.9122008228528877
10 17 5 22 29681 0.9913751618772296
19 25 14 6 80383 0.956900383903967
22 26 14 14 59811 0.9093511878064824
13 20 1 10 66388 0.9522305427340313
26 27 8 5 87468 0.9571334711442143
26 22 12 5 70419 1.0195081500924643
8 14 1 19 43976 0.9282003584505771
9 13 14 23 52399 0.9427636201035571
26 13 9 10 70469 1.0240143113665547
26 14 12 10 66440 1.0770146941191032
1 13 22 4 62922 1.0653003802949543
20 16 28 14 39017 1.0431984848861449
23 6 9 21 85825 0.9185449453043766
19 24 5 15 74504 0.9590172385019904
15 11 7 6 47928 0.9980531964966997
20 27 5 25 56638 0.9329380335517911
4 13 13 10 45096 0.9743595115863634
19 23 29 27 50504 1.028632338549479
7 18 15 22 44372 0.9990926531645807
24 28 0 19 106024 1.0936232537915318
1 23 4 0 74759 1.0687198673374487
1 0 7 28 80276 0.9737518103968841
23 10 10 24 86839 1.0788397290643124
12 16 7 25 50172 1.070880706284382
6 24 19 10 82983 1.0170361405809871
20 12 19 24 40911 1.0781097785460547
19 19 7 29 73253 0.921019206786225
4 13 26 13 86217 1.0687349061046632
21 21 19 12 34933 1.0773514735069276
0 28 29 24 112432 1.003059461076602
6 17 26 1 70170 1.0822100287010106
10 18 18 6 70624 0.9035469525950951
4 24 12 13 64146 0.9331306611932345
1 18 3 9 34398 1.042015534670306
15 8 4 26 82299 0.9502575142446328
1 9 14 23 85716 0.9981638561424027
8 20 9 1 56398 0.9903988214285606
17 15 20 7 34182 1.075577738346818
29 19 9 0 95737 1.0242582308633774
17 29 24 11 74407 1.0256039304302573
28 13 0 9 96778 0.961844505571384
15 28 21 20 51642 1.0501351638221936
4 8 29 22 105103 0.9545222469603287
10 7 9 29 74880 1.0361994578118048
25 17 21 11 30686 0.9478684448862168
2 17 19 6 74642 1.0614959853342125
19 16 6 4 63878 0.9916146538450462
7 26 18 27 38235 1.0959851528985876
17 6 0 21 94148 0.9831757532546546
24 25 9 18 72873 1.0511227132395389
18 23 25 8 63846 0.932383953834356
19 11 13 21 55635 1.0008696945210591
21 5 18 22 56871 0.9252242454544546
12 20 22 10 56897 1.0601141849936044
13 26 23 27 38585 1.0686546541526156
19 0 9 28 100451 0.964147535433611
7 25 2 9 57366 0.9811042958842544
24 27 2 17 95309 0.9730429851598851
8 14 22 18 60944 0.9709851562973348
26 9 3 9 71397 1.0154082637127373
28 11 7 22 101041 0.9367545035121975
0 18 10 28 64809 0.9545113262937599
16 12 6 8 45119 1.037168580636517
25 5 4 2 49326 1.0697787134971748
5 29 27 1 106034 0.9326435729573366
12 1 29 7 46820 1.01602810766336
16 28 9 14 72929 0.9569808437752296
13 7 22 24 68316 1.0985936106603174
20 7 6 23 76582 0.9502548545032063
29 8 5 11 77574 0.9744092628595645
