7269 7501 5362 6036 6468 5485 5662 7459 6545 6828 6264 7427 7332 6360 7035 6986 7753 5742 6758 6663 4310 2331 3544 2961 4674 3159 2985 3795 2318
4260 5344 3699 3624 3081 4334 4379 3936 3025 3197 4416 3063 3810 4752 3658 3818 4670 4717 4617 3769 3307 4737 5206 3262 3623 4997 5722 3721 4944
2961 2962 4072 4470 3122 3527 3035 2733 3681 3776 3472 1812 4131 3690 1738 2024 3212 1553 3166 1613 3894 2282 2745 1858 3079 2005 3563 1939 2369
6641 6486 7388 6978 6793 5135 6092 5478 6455 7007 6107 7440 4998 6039 5815 7221 4869 4870 5926 6654 5252 7389 6825 5335 3276 3747 5879 4964 4617
2841 2795 4727 3781 2240 3228 4344 4651 2890 3701 3230 3314 4636 2209 3318 4608 3869 4173 4276 4733 4542 4873 4000 3655 3328 3565 4160 2545 2016
3017 2019 3464 3378 2253 2706 3029 2453 4073 1569 3293 3078 3693 1828 3201 1354 3594 2051 2108 3002 3040 2182 3108 2448 7013 7281 6049 5631 6516
4157 4484 1914 4000 1891 2049 4260 2283 2075 4432 2995 2195 3749 2476 4494 3388 2688 2826 3500 2445 2072 3803 4365 4439 3453 4267 3923 4817 3986
2529 2937 1660 2481 4131 2016 4134 4117 2629 4237 3568 3686 2233 2927 3829 2231 3830 1509 2132 2244 1875 2014 1344 1425 1938 3104 3184 1203 1781
2759 2897 5301 4104 2711 3345 2908 4248 3759 5097 3322 5309 4982 3192 2992 5336 5299 3569 7048 5365 6545 6214 6170 7493 6224 6504 6425 5304 6467
3506 3352 2614 2010 3497 4277 3643 2654 6780 7722 7956 7531 7351 6111 8461 5838 7806 5837 6001 6256 6064 8422 7397 7267 8452 8453 7182 6606 8415
6729 7703 7533 5968 6233 7757 5868 7496 5503 6405 7497 6680 7734 6357 6525 7735 7678 6333 5731 7852 6153 6354 5907 7519 7388 5980 6728 4638 3346
7440 6886 6066 8059 7031 8764 6860 7135 7864 7094 7334 8200 7133 7354 7932 6133 6755 8294 6487 8721 6642 6147 6958 6182 6934 8276 3695 3045 4666
2008 2583 3132 2385 1865 2696 1204 1361 2800 2976 2866 1821 3240 3520 3400 3748 1433 1444 3255 1927 2721 3004 2596 3604 4152 2122 2626 3602 2959
6556 5919 7659 5469 6391 6574 4238 2818 3376 3426 4721 2093 3785 4505 3735 2711 2468 4346 2980 2938 3972 3786 2167 2561 3465 4151 2324 2805 2197
5789 4563 5884 3914 5788 3942 6200 5885 5545 5797 4324 4821 5030 5764 4737 4861 3756 5915 4046 7018 6249 6421 5274 5391 4855 7168 6986 5936 6548
6000 7107 6831 8554 1650 1255 3046 2331 2893 2046 3612 2286 3932 2188 2546 2798 1592 3569 1635 3608 3572 3411 1413 2875 3565 2403 1394 2521 1417
3891 4779 5034 4693 6351 4406 5739 5399 5151 5094 5759 5769 5628 3980 5694 3673 4400 6071 7475 6437 7452 7158 5240 6872 5815 6043 4985 6295 6438
2841 2188 2016 1779 3996 1757 2292 3636 4133 2444 2664 1965 4224 4181 2159 2698 4316 2225 3306 1927 3971 4022 4124 2223 2407 1966 2957 2463 6030
7782 6669 6641 7762 7596 6051 5922 6710 7790 6363 7040 6947 6196 6127 5863 5560 6685 6379 7604 6288 5142 6738 5283 5477 6398 6283 6323 4842 3680
4555 3956 6060 6386 5088 5432 4035 5342 6091 3903 5799 6021 5216 5564 4203 6370 4691 6240 4618 5921 6258 6541 4586 4348 4983 4229 3708 2678 4169
1713 2153 1807 2274 2098 2869 1140 3110 2053 2864 2750 3513 2579 2919 1427 3338 4613 4953 5971 7124 4665 4723 6366 6011 6552 5884 6254 6913 5086
3520 5433 5042 4030 5257 3900 5568 3234 3924 5244 3858 5579 4328 4691 3399 5174 4590 5682 5851 4976 5569 5414 5772 4580 4611 5197 4484 3628 4552
5371 3044 3341 3268 3067 3880 3618 4823 3854 4509 5480 3913 3536 4368 3233 5415 3379 5282 4885 4533 4227 4886 4488 4782 5759 5195 3846 5650 5950
4588 3893 4431 2702 3642 4002 3238 4356 4004 3983 3183 3898 4533 4576 2166 3126 2122 4122 2477 4386 2209 3786 2925 2779 3065 2599 3519 4106 2035
6696 6235 6572 6958 5311 6053 4984 4827 6798 6156 6483 6841 4496 5664 6521 6606 5180 5551 5926 6939 5256 5700 6171 6715 6973 5522 6020 4992 4823
6874 8104 7853 7585 8761 7001 7489 8743 8177 7351 7750 7694 7527 6969 6295 6940 6407 6981 7662 6404 6315 5068 4498 4182 5773 6288 4862 6647 4881
8733 7160 8404 8087 7114 7695 6564 6212 6233 8716 8017 6535 7638 8557 6380 8457 6688 7512 7947 7358 7558 6272 6485 8531 5206 3265 3136 3552 5168
7054 6107 5136 5697 7075 6180 6236 6879 6007 5753 5244 3567 3014 3383 2823 4854 4566 4113 5402 2988 3155 4523 4978 4066 4268 5174 2776 4550 3856
6853 6344 6200 5526 7289 7038 6171 7561 7648 7128 5764 7776 6554 6254 6713 6063 7973 7104 5741 6541 5820 6849 7267 6083 4265 4068 4798 4211 4420
7429 7133 6199 5690 6289 6590 6183 6444 5715 7002 6219 7222 7484 5769 5700 8132 7866 5902 7641 6942 5597 7037 7541 6411 4159 6695 4956 4639 4204
5037 5065 3283 8147 4859 3815 5499 6802 6713 3773 5159 7533 6679 6509 3206 6301 8414 6199 4539 4725 4889 1392 8163 5931 6037 4570 3872 3731 5208 7090
3343 6493 5089 6976 5368 2699 7521 4863 7721 3296 7640 7495 7338 8175 2803 4942 8452 6530 4812 4280 5059 1394 6372 6628 5528 3529 4244 4499 5039 7345
4511 4984 5234 7567 4029 2575 7689 5708 7613 4139 5166 7307 6050 7087 4165 7076 7643 6285 3226 5633 3693 1483 7706 5062 6237 5489 4769 4431 5410 6431
5993 7410 4821 6666 4905 2243 7666 6713 7571 4301 6587 7044 6260 7363 3230 7170 6600 4625 3695 7108 5541 3362 6946 4309 4425 4680 5671 3633 7097 7003
5319 7199 5717 6432 5761 3786 5332 6829 7548 2766 5784 7894 6482 8513 2562 4749 7741 4727 5076 7156 4718 2642 6812 6577 6470 4958 4053 2737 5126 5217
6010 5131 3500 6938 5969 3822 7462 7078 7966 2990 6130 6671 7083 7979 2382 4821 7882 4812 5912 5292 5978 1733 7724 4135 5295 3577 5276 3883 4989 6972
3997 6388 4232 4923 5743 2091 6633 4717 8165 2457 8558 5888 5320 6626 2152 5647 8835 6933 4557 6309 3775 2334 8113 6136 4641 3006 5042 4061 4991 5986
5137 7371 5218 7097 3439 3859 5407 5792 7224 2266 8045 7142 7056 6694 2638 5904 7458 5045 6385 4918 5142 2148 8467 6589 4325 5484 6206 2099 7642 6720
3776 5822 4194 5750 3634 2422 6797 6566 3270 4016 8161 5818 6712 7732 1690 6991 7064 5798 6680 6578 3879 1710 6217 4726 4613 4098 6126 4202 5909 4826
5666 6264 5791 4669 6044 1915 6909 5026 3034 5193 8014 7354 6260 7047 3557 1115 8174 5976 5299 6354 3649 4005 8794 4803 4637 4941 5178 3652 5321 4941
5696 6305 4851 5285 4090 2794 7103 4759 3425 6745 7152 5668 5858 7981 2293 1894 6257 5732 7675 5504 4325 1331 7745 6178 5168 5483 5967 2365 5480 6307
5895 7347 5328 5767 3910 2326 7312 5766 4916 4639 6923 7353 7158 6341 2824 1294 8754 5049 7375 5156 4387 2060 8837 5557 5777 4081 5634 3074 6331 5473
4377 5041 5342 5036 6111 3313 5572 6698 3572 5568 8334 7370 7923 8592 1726 2839 8475 4818 6124 5106 4290 2294 8125 6308 5229 4212 5479 3002 5482 5090
4092 6326 4536 6338 4528 2693 7150 6974 5349 4685 6922 6793 6957 7862 3300 3319 6306 5674 5212 5072 2507 2001 8076 6209 4755 3833 3838 2576 5980 6811
3338 5384 4192 6383 5978 3743 7621 4899 4721 5587 7876 5488 6199 8603 3156 2109 7392 6593 5515 6804 3261 1811 6761 5092 4268 3748 4455 3146 5383 5612
5054 6756 4734 6136 6845 4953 7053 7037 3069 4873 7387 6560 5743 6311 2278 3520 7822 5947 7177 7258 2010 3570 7594 6120 5507 5282 4943 3207 5273 7224
3327 5635 3234 6899 7630 5606 7453 7102 3773 5698 6334 7509 6672 6771 2299 1036 6275 4643 7462 4749 2550 3791 5029 6335 4492 3069 6030 4673 6496 4885
4364 5948 5045 5475 6259 5266 6335 6080 3262 6299 7692 7648 6381 6773 3707 1966 8536 5160 6797 6520 2721 1621 7218 4947 5302 4068 6433 4000 7250 5143
6827 6707 3148 5299 6750 3687 7742 5631 3016 4245 6747 7130 6027 7157 2624 2120 7399 5405 7085 5129 4038 1403 5382 4603 5857 4546 5927 4783 5242 6301
6515 6677 2516 4969 7295 4480 6765 5487 4171 5835 7666 5529 7633 8102 3915 1765 6966 5442 6516 7357 3763 2372 5949 5711 5435 3923 4182 4267 7045 6428
5658 5212 3774 6507 6904 5466 7526 5092 3223 6306 6857 5420 6709 7141 3131 3651 7568 5046 6055 6376 3383 1454 5944 6163 5429 5282 4351 4607 5870 5636
6179 4852 3777 7353 7169 4674 5641 4793 5529 4453 7184 6042 5423 6325 5105 1188 8665 5778 6639 6812 4084 1736 6627 6536 7448 5175 6286 4806 6060 7202
4669 4004 2872 6149 7019 4698 6329 6995 4706 5268 8754 5170 6360 7518 4810 3364 8939 5196 5210 5053 3352 1546 6757 5042 6151 3537 5878 3785 5899 6385
4728 4221 3299 5013 5646 5815 7663 6312 3978 4241 6611 4240 7335 7264 4567 3519 7098 6570 5830 6474 3951 3312 7025 6008 6129 3239 6350 2438 7236 6255
6296 4748 4312 5038 6058 3193 5929 6419 5508 5192 8446 5056 7347 8520 6943 3406 8778 4913 6481 6037 3726 3677 6235 5102 6359 3346 5149 3361 7053 6477
4964 4202 3530 4917 6251 5111 8087 4333 3276 5585 7514 5864 5338 6382 6806 1822 7304 5555 7146 5254 3363 3209 5381 5242 5177 3964 6456 4236 6758 5013
4605 5692 4060 4818 6011 4131 7694 6806 5366 6081 6513 4152 5926 8416 6997 2517 8469 7050 6031 4696 4102 2996 7174 6127 7492 6742 5641 4561 7321 6557
4599 4371 3628 6317 7602 5465 6991 4745 3575 4901 8565 6311 6730 7674 6829 1237 8711 5099 7197 5788 2861 4867 6169 5219 7001 5665 6075 4673 4929 2385
5688 3995 3526 6565 5147 3188 6787 4909 3541 4566 7215 4763 6234 5443 6859 1408 8168 5204 6786 5073 3621 5029 5265 5444 6664 7720 7263 4326 5466 4773
1 24 8 12 52429 1.0194886422911558
6 9 11 18 48401 1.0307610438151549
11 0 3 24 92234 0.9322979699403493
19 3 22 22 67642 0.9026512364228807
23 11 6 13 61775 1.062466730660487
21 14 8 19 55050 1.0735824218743395
16 0 0 24 103676 0.9280380661379364
18 13 3 26 77287 0.9357288782374368
8 1 14 27 85983 1.0424206161087113
4 26 1 19 30879 1.029179256118719
16 23 22 27 38351 0.9232893208914735
2 27 24 18 76841 1.066210944129345
20 0 1 15 89992 1.004089222331858
28 3 6 23 120805 0.9791287223795413
8 13 21 7 58887 0.9565453577299545
6 28 16 26 36647 1.0093763166930603
5 9 28 25 106009 1.0980089621246956
27 2 22 7 35247 0.9212843917499306
27 4 16 23 103512 0.945282312784073
16 10 11 4 34482 0.9887091665264931
15 23 9 1 69850 0.996401421818688
20 0 15 15 45676 0.9633196801484007
4 23 20 11 70476 0.9344043153645604
1 17 29 9 114484 0.9787166251552053
1 28 15 2 107182 1.0591404337298884
28 4 20 1 43131 1.0060039951206998
0 0 19 9 89392 1.0095609704461277
27 22 10 18 62355 0.9166830422508563
29 16 26 4 71108 1.0983437859089467
3 4 27 11 105667 1.0943999032006217
23 18 16 15 24460 0.9436553735606108
3 18 23 9 87818 1.0997489904852789
5 2 25 11 93714 1.0802051733883606
15 27 28 15 62946 1.0947470706038824
24 4 8 13 83675 0.9616959803107892
13 16 5 6 48724 1.025144942220894
27 12 1 26 100910 1.0716566239489527
21 21 13 3 70015 0.9187163215587417
18 17 6 8 60168 0.9315295272619746
9 10 24 21 78375 1.0021932247226026
16 27 8 0 89792 1.0663854269345436
2 11 24 13 78495 1.0798558250328643
6 24 24 6 99232 1.044177624750643
11 27 9 11 64783 0.9924232952304711
21 17 9 4 66782 1.091197543041649
29 21 15 6 79835 1.0141281641359186
1 9 3 23 47466 0.9030299069406575
10 27 27 20 63066 1.0984198601822688
6 13 1 0 57394 1.0579219311786527
9 4 4 9 28292 1.0260207736274456
28 1 10 21 103592 0.9686130717721844
13 17 1 10 56977 0.9549976639622143
6 21 0 26 28675 0.9011039669572859
28 23 10 6 103644 1.0456984776136746
5 20 19 28 58869 0.9142465876536222
1 27 6 13 50726 0.9581969054099642
1 23 3 13 38741 1.0991895075328584
10 12 4 28 65861 0.946052849252869
17 8 10 26 76200 1.008627013371516
23 0 27 9 54987 1.0227669744346046
3 1 18 9 76289 0.9843514062129878
2 2 21 14 87308 1.0984503309471976
0 1 4 27 94165 1.0438296075609614
17 27 2 24 58740 0.9914300701311574
25 1 25 13 70500 1.0894639757481885
20 3 6 5 53520 1.0553962593770723
9 10 1 24 69088 1.0389572890629037
12 7 16 24 55824 1.073333479245197
10 1 1 17 76688 0.9337181820710574
17 0 18 16 49801 0.9375563839279752
5 2 0 27 83094 1.095331825769178
20 6 22 24 64641 0.9107406280420789
2 10 6 16 33326 0.9478916654093534
7 9 29 16 80666 1.018219942761205
7 27 4 17 32004 1.0646922716952565
11 0 24 23 94598 0.9064011281051736
20 26 27 3 113326 1.0585862905881118
18 24 28 2 100620 1.0814333351666479
14 6 21 20 64168 1.005360725758651
27 19 28 3 85886 0.9075837650000781
10 27 0 22 39633 0.9941074801979383
6 7 23 8 68846 1.078302577176423
10 10 25 26 92477 1.0075425269511642
26 26 2 1 132358 1.0426793506624068
29 15 5 22 72817 1.0293401019008708
2 16 27 21 73039 0.9405984727852047
29 17 24 3 79203 0.9466803783106142
0 13 16 13 54302 0.9832029857766964
0 8 28 13 109353 0.9921396578306885
18 20 3 15 59348 0.9558918979755555
17 17 1 10 68269 0.9657723652882086
16 3 10 14 50076 0.9355443833441652
15 21 20 26 36640 1.0145410635719168
21 14 17 21 28852 1.0595943631038525
4 20 18 18 48773 1.0519371058806903
17 25 5 22 43224 1.020928631186616
13 14 29 0 97466 1.033531538332634
7 11 17 14 34607 0.9389541683420535
3 15 22 23 73816 1.0508324174855315
21 8 17 1 29418 0.9782099407971916
14 29 8 23 46447 0.9132579992672636
10 19 14 3 62048 1.0557923410807724
18 20 25 10 63466 0.9532917971013047
9 25 0 6 82073 1.0771819722685554
9 28 23 15 74567 1.055705158821132
10 10 18 20 56733 1.097663274135309
21 22 4 28 63220 1.092430673503299
9 7 23 15 60224 1.0865281771597401
17 0 13 16 54970 1.0191255822249539
13 20 23 20 26640 1.0865966388699932
8 20 3 5 57202 1.052257077194601
19 5 6 28 93363 1.0520133994891026
28 7 1 21 117798 1.030694205691741
6 9 14 6 36022 1.0872503354117573
28 4 24 24 103004 1.0301009690532452
4 6 28 4 105826 0.9280603893658792
11 20 3 8 63818 0.9080190318705802
16 0 14 22 75164 1.0811148130266026
10 2 1 13 64929 1.0888229319565703
0 22 20 18 64548 1.0548998615085905
28 17 23 2 74497 0.9066661507427628
2 8 8 1 40199 1.0352465314519927
24 0 7 11 96176 0.9576492642235862
19 13 25 6 55037 0.9165694268076816
6 19 28 26 79789 0.9644976473496017
18 10 17 0 34774 0.9236116662827019
1 3 15 29 102273 1.0638492729289535
2 10 8 16 38562 0.972068193525252
7 7 14 16 50040 1.0742733983973847
15 8 29 23 84726 0.9707875823158947
23 29 16 5 87767 0.9713529448928823
20 11 9 27 70495 1.048308396153422
29 17 14 22 64880 1.062422507393284
20 24 13 20 36795 0.9912757313458915
28 10 19 15 46094 0.9939469489617357
4 8 29 13 91003 0.9324887323361464
29 25 8 26 94115 0.9601197592157138
24 16 2 14 66590 0.9760826412421747
17 9 25 19 56049 1.098450396466412
6 13 24 26 78447 0.9222341626194607
11 28 25 13 85477 0.9965507413315997
13 3 3 12 57621 0.9379664855880451
1 1 9 4 42742 1.0592826056130404
15 8 28 25 86879 0.9732609722663057
1 25 9 7 70187 0.9566523369997852
9 15 29 14 50789 1.0863471808348166
19 24 28 13 66169 0.9898723625231461
14 26 18 4 79162 1.0629289380571667
18 9 21 22 54643 1.0009681804427082
5 18 24 18 61972 1.0087074568480934
7 7 9 23 55720 0.9350195146581403
21 28 20 15 57537 0.9560782954178179
2 7 12 27 80450 0.9273330254793997
10 1 20 2 48982 0.9158550603840282
26 10 13 3 82150 1.0788574912156186
18 5 15 17 43667 1.026362321581486
13 6 11 16 36187 1.0883061528610178
28 3 5 27 132264 1.0034088564045456
14 10 21 15 34456 1.0170902303057716
13 3 13 17 42410 1.0541754311155114
4 9 19 18 70068 1.0312812965156752
4 3 16 10 57743 1.0372156612357664
25 20 6 14 64541 1.059724694091695
25 14 2 23 82460 1.0094949050760786
21 17 4 4 81505 1.0196945508202868
5 19 20 13 54959 1.0307249148980653
6 5 18 9 49062 1.0962458588899295
10 19 23 12 58692 0.9944148966310159
11 24 24 5 94060 0.9651711922404043
4 12 23 2 89538 0.9117326158246356
27 13 12 15 44347 0.9539175786344762
2 21 20 25 61066 1.082308849480494
26 3 25 27 102165 0.928225417547932
14 20 0 23 40242 0.9323576173761581
15 8 6 28 72755 0.9333413715571355
12 29 3 24 47535 1.0768311983197691
16 6 6 4 35355 0.9725395834157838
26 25 1 10 105555 0.900163373223309
23 2 29 16 70755 0.9336122444135152
1 13 11 21 45503 1.0097999008946075
24 17 29 6 69065 0.943537995632496
25 20 8 27 59847 1.081762497825856
12 22 29 3 106586 1.0769999885404593
27 5 2 5 94662 1.0350225918669222
9 13 16 22 49547 1.0329039104360311
8 18 3 26 39325 0.9573918883936089
25 0 29 26 132009 0.9052204223985871
4 14 20 19 59742 0.9944139047613868
10 29 24 6 109741 1.0891186848632932
0 6 5 18 55002 1.0156253073390864
2 18 26 6 113890 1.0967390486760815
25 2 18 6 38431 1.0682970295113785
20 2 21 16 40228 1.077121881388041
9 2 6 20 62348 0.942534079102083
5 20 16 17 42798 1.0643476311867923
7 27 25 14 78888 1.0009965769880604
16 10 4 23 71582 1.0999775451611027
18 1 0 12 97156 0.9799724289956544
3 26 22 12 87121 0.9842315384104342
3 28 20 11 87181 1.0167185032720938
20 18 3 26 74566 1.086404539562456
3 5 8 11 33660 0.9463387555164203
15 27 8 23 40356 1.0100529381565322
9 29 16 1 107845 1.079330979771718
26 10 28 26 77190 1.0987778626133389
0 10 9 28 78673 0.9989338595777819
10 11 17 5 47232 1.0258534273989501
4 14 15 24 49805 0.9252968619917338
26 21 8 27 60159 0.9320069268214527
26 1 9 23 112547 1.0977891855708146
13 25 29 17 72439 1.0767367984305132
10 11 0 27 80300 0.913138092186004
16 16 24 21 33916 0.9585684618330724
3 22 5 3 63096 1.094898016361391
5 22 4 3 56061 0.9669301748312201
16 11 8 2 50842 0.9973119808950148
27 2 17 7 48173 1.0074682845879193
6 0 23 16 83793 1.0095089736296943
23 27 10 1 106301 0.9210261985285663
7 4 27 23 102313 0.9868175593835341
28 2 10 0 76769 0.9377648273360298
16 1 1 25 107678 0.9121621359532459
27 24 8 20 66011 1.0103921219501957
15 8 20 20 47787 0.9101253762269538
10 19 20 16 42552 0.9566389668701856
18 22 2 26 56603 1.0155918692841162
19 16 17 24 37054 1.0277427747724557
6 4 27 6 90307 1.0861859118194224
0 3 18 6 72908 0.9500731952210468
3 6 6 18 51556 0.9449066739061869
20 27 9 25 48907 1.0995463093569295
25 6 29 24 104272 1.0587582486520042
14 21 4 2 77136 1.0733850276056085
6 18 24 18 60106 0.9359286059032494
24 20 0 21 55353 1.0487003900120615
28 2 29 24 122275 0.965307538897657
29 16 16 3 78224 1.040962930853444
7 9 23 20 71363 0.9641889357566384
19 0 6 17 88277 1.0829063220833277
0 9 23 10 96176 0.9381793644326574
17 5 28 1 54096 1.0380704528485611
12 10 0 9 49557 0.9424378067634454
4 12 17 2 70174 0.9398053263574304
14 19 14 7 43131 0.9158057508747207
4 28 23 12 90169 1.0203830654671726
15 28 17 15 38912 0.9190408641149675
3 0 3 20 68954 1.0521585267611848
13 29 16 6 74492 0.9494048533155143
28 4 24 18 84143 0.9985577156336363
19 14 27 2 59515 1.0787390510296493
3 1 1 11 43495 1.0265864794860813
12 19 25 11 61226 0.9853074702800722
0 24 16 4 91855 1.054073503781912
1 24 12 4 77498 0.9270621380039376
12 9 0 28 81394 0.9068399391940677
5 4 11 14 42687 0.9059222764221978
11 20 20 26 49854 0.9296879634185915
28 10 3 16 99722 1.0987462666869918
6 0 6 28 81965 1.0066985069862222
29 15 4 10 76368 0.9891691485753928
16 25 4 13 60861 1.0378999014009773
22 3 10 12 78006 1.0097519350751334
15 23 9 7 60110 1.000533477708039
6 29 23 17 70026 1.0987215549201483
20 15 8 7 56885 0.9329211100621485
29 12 8 19 91557 0.9443910191061218
14 18 12 29 42061 0.9774307723442348
1 20 10 9 58705 1.0449179902247219
5 0 19 3 68605 1.0899862393130308
18 8 6 17 60967 0.9408081887884377
3 22 7 16 29050 0.9490087447359029
1 2 0 28 86395 0.9931681603578095
25 22 1 8 98866 1.0525703760996517
22 27 8 10 91154 1.0728455704657167
1 4 3 18 47390 0.9502129235736274
15 10 2 6 52680 1.0498248816621754
16 25 28 27 53509 1.0244672692987482
27 6 14 11 76031 1.0573063674987146
1 19 28 26 92962 1.0986780431646261
12 25 12 15 27884 1.085994849828676
24 4 13 11 69368 0.9471434936279437
22 15 15 18 23205 1.0405370473827262
5 23 25 21 51199 0.9667013047143446
23 9 22 28 68889 1.0706759739895528
1 2 9 6 38178 1.0405686222122608
12 1 13 24 61185 1.0041961647097246
28 1 6 6 91860 0.9892211990400108
26 7 16 26 94663 0.9033880480066091
16 0 0 13 91180 1.0441203755735993
15 7 17 29 69716 0.9028464133445017
16 2 16 18 55660 0.9340556866946808
13 13 14 1 47566 0.9012633648754614
20 10 4 14 54055 0.9228103568461433
29 26 5 16 98063 0.9969742331012923
2 22 25 8 99341 1.02710818970808
25 12 11 27 86483 1.0709613162936307
20 25 3 16 78001 1.0848820228695142
16 26 25 12 73586 0.9146765068940044
2 9 12 21 56889 1.0496596561821225
24 18 16 3 71383 0.991860742210974
6 0 6 18 56356 0.9638563421500355
21 2 14 8 39084 1.0995407156474857
8 7 24 24 93262 0.9262228733238957
15 21 25 17 42170 1.0269016641389315
29 26 3 21 90272 0.9606821548895548
15 6 7 3 29092 1.0504685759679875
17 19 2 11 64589 0.9998262853188875
17 20 25 17 38780 0.9943553491329608
20 15 22 4 38431 1.0501075085388338
7 4 26 14 82190 0.9216637419924519
17 26 14 0 87179 1.027646924694273
19 4 11 0 47916 1.0409045613197352
24 26 11 14 65667 1.0294830144924034
28 26 8 1 124343 1.0307187662062156
8 4 28 20 95389 1.0565616906823943
29 27 11 25 75276 0.9244646028266551
18 7 29 16 62246 0.9610679792766333
22 29 10 13 84200 1.0641701734736342
28 1 20 14 65572 0.9063234551503704
21 16 25 4 63011 0.9293807012440162
25 6 3 28 128024 1.0253909001121748
14 4 12 27 70310 0.9604749720262343
1 13 13 1 72538 1.0917186889544916
9 4 27 5 77361 1.0132330937310938
1 10 29 13 100687 0.9684940186556572
28 7 8 4 88562 0.9008671375383327
23 28 5 5 105538 0.9377488770784973
10 4 7 25 68118 1.088375049376757
11 17 23 10 55463 1.0917691742298519
1 3 27 28 138586 0.9688448055519949
17 29 3 29 62408 1.0577446481497086
28 21 22 26 39093 0.9961081161777849
5 12 19 11 58948 0.9382635844062182
24 25 19 14 47781 1.0299963004640016
5 13 5 26 42210 1.077799354614003
11 6 18 18 58054 1.0877422848524982
6 2 23 21 87223 1.0419608660930813
24 14 18 7 46938 0.9907102228616785
7 11 3 18 32351 1.0590491054025437
6 3 27 16 88872 0.9568535707941943
7 3 20 29 109605 1.049952599275121
22 7 0 11 97422 0.9299452399467223
12 20 21 27 49425 0.9842446841018593
1 0 25 8 105379 0.976748030910095
0 18 27 6 128513 1.0082819884408862
1 26 18 11 86549 0.9008955717773819
0 7 8 24 71802 1.0920194681376385
11 20 19 6 63988 0.946051834914968
15 11 3 15 45731 0.9680409477418698
14 25 3 27 42499 1.0036053823744349
0 19 2 10 33803 0.9534776281218166
26 12 3 11 92683 1.0296678501944787
20 9 5 3 60585 1.0897888240005202
6 26 15 21 31354 0.9244986621249386
4 27 9 3 82446 1.0720396616378904
4 18 3 7 44451 1.0725270422227502
6 24 15 8 62976 1.00010323195202
26 19 0 16 96854 0.973823759453107
11 5 13 24 53546 0.9141115870244994
19 6 13 14 45910 1.0152197678133965
2 23 27 26 83444 1.0190158687070872
21 10 8 11 64332 1.0622250406026015
25 0 11 17 90235 1.0075341372037185
28 12 9 23 89074 0.9829090790333903
20 29 14 24 41568 1.0542035128508165
22 25 9 14 66293 1.0120637302612654
10 18 19 11 56316 0.9503790947745278
22 9 13 27 74775 1.0620917934167118
1 17 8 13 33825 1.025937138820184
23 29 9 22 64231 0.9677685026901958
5 22 28 7 111099 0.9760447462755479
14 14 6 1 55206 0.9025415601226229
14 20 7 17 27787 0.9434511802215136
2 8 11 1 54135 0.977666164927462
5 4 26 0 95182 0.9347367164478121
3 19 21 24 69314 1.005528156525828
8 14 12 3 37098 0.9219189251541311
22 19 12 27 48492 1.0043236791189998
5 17 7 8 29686 1.083035467328436
20 3 25 16 51664 0.9252884832479845
28 15 8 0 88963 0.9718952622605693
17 22 9 19 36938 1.0540603339224528
8 9 22 19 76488 0.9246899833185981
28 22 1 22 76424 1.0747200150542429
14 28 17 16 42871 1.085620230926403
17 0 3 5 57419 0.978121972860283
29 21 22 8 72581 1.0949916676750495
8 5 19 23 77487 1.007718094888672
10 8 9 22 58910 1.0446391698534632
9 7 24 5 69349 1.0571769995807276
8 26 29 18 88298 0.9543472863362776
27 27 12 7 93380 1.0736128225736619
25 3 18 0 42113 1.0938819546918244
13 24 19 28 34184 0.9120698755193936
28 14 12 14 48186 1.0499794660428456
3 4 16 29 102420 0.9254240054898862
21 5 10 9 57362 0.9162122605817431
2 7 28 27 124844 1.0890059600566246
3 5 24 15 80233 1.0976447042669957
10 6 12 14 34203 1.0001827087698165
4 25 0 0 93157 1.0103713248792248
5 17 13 8 46480 1.0385012725423661
0 21 29 18 86607 1.0338324968917578
1 26 2 0 80857 0.9826091832436373
6 22 18 22 39217 1.052650083128548
21 25 3 0 124166 0.9679227499632519
24 9 15 4 46682 0.9841643648877398
23 17 6 22 54184 0.9082079521004053
18 13 13 23 43088 0.9830800542166686
11 9 24 12 64927 0.940659963238756
23 4 1 17 105470 0.9662147606732854
0 11 21 12 83800 0.9582754620343353
8 28 21 14 69426 1.0967953358997016
4 19 11 6 64100 0.9668242924949304
15 21 19 4 61798 1.0840046925223545
5 7 16 2 51150 0.96911624608519
13 13 8 24 44521 0.9423063342330852
20 25 22 16 48318 0.9275326804470493
20 13 5 22 55051 1.009158245910213
28 5 19 28 117231 1.0807675087306765
27 20 15 24 41541 1.0709050360399472
10 14 23 15 34089 1.0261458985092877
24 15 14 28 61868 1.01544727269567
17 27 9 11 75931 0.9418304430580335
26 29 4 9 110692 0.9936333589897948
26 10 5 6 96209 1.0173799324225625
17 27 13 0 85809 1.0840792804413995
19 23 20 14 39872 1.0693302864715954
22 5 5 8 71298 1.0752629305335382
8 11 0 13 42848 0.9786859731003931
11 10 25 1 80053 0.9796927200751576
1 2 7 9 38653 0.9669266685107785
24 8 29 17 60228 1.0705075194202114
12 1 24 24 89595 0.9322476997198842
29 21 2 15 84959 1.0079246752051803
0 29 6 0 97954 1.063573497557437
2 4 19 7 65798 1.0218104497577085
11 27 26 14 77370 1.0058708767548439
9 29 24 29 73469 0.9542075947371753
2 10 27 0 121639 0.9947462918221899
25 28 15 24 53936 0.9991029323518884
5 16 18 4 72012 1.0292563541608215
23 1 21 24 90097 0.9295844466119751
20 11 21 25 58350 0.9548692243277337
27 29 22 14 66714 0.9955152791054874
2 14 21 2 83439 0.9212566740811222
20 28 19 5 90203 0.9393902737909042
18 12 1 1 87090 1.0295062079598896
10 19 22 28 67015 1.08142130424466
19 22 6 9 69935 0.9332441472160248
18 16 24 26 54722 1.0666602145470958
11 22 13 2 61343 0.988223089681703
10 6 1 16 61645 1.0764468178413895
23 29 26 18 53343 0.9395568800406897
1 7 15 23 78076 1.092735744787157
0 27 25 8 119499 1.0481096238804541
24 20 27 13 37654 0.9905181612625742
2 23 5 7 50851 1.042834658592255
14 3 28 5 73485 1.0066760045652128
3 3 23 15 87158 0.9043140443504718
29 1 1 19 135229 0.9831070456234008
8 25 18 11 70987 1.043401527936326
21 14 28 19 43938 0.9065451385336448
6 6 25 2 74298 0.9892128344584155
24 8 11 19 69251 0.9403916368275963
9 16 14 5 42031 1.0934279820374992
12 29 0 8 93631 1.0879701721489587
16 17 6 4 60847 0.9834509637740454
26 23 15 6 78542 0.9093672235585508
5 7 16 25 76077 0.9373293714250525
8 5 14 24 65432 0.9198181395934094
2 1 6 21 69035 0.9004617855973218
19 23 1 1 113829 1.0344788881819806
13 12 22 16 37587 0.9518035638741671
5 14 3 22 31743 1.0490437465825049
16 20 23 24 26143 0.9437893223392542
9 18 5 12 34519 0.9245825449637449
27 28 12 6 99134 0.9776917726479962
16 7 8 14 43971 0.9711022321896713
13 7 28 19 86622 0.9274103293195923
28 18 5 18 77936 0.9714165232942255
10 18 0 19 49364 1.009318430541673
24 11 25 21 44844 1.0004425494042188
3 15 11 0 69495 1.0147697583209203
11 24 26 27 67288 1.0117725722514146
18 9 5 28 86733 0.9918627035463229
25 5 5 6 79522 0.9045604327441726
22 18 1 5 92700 1.0692632000023603
1 6 8 24 69379 1.079267578358878
21 6 10 14 55767 0.9920416125524245
0 13 6 28 60326 1.0486815769447457
25 6 7 6 79920 0.9824611210626575
9 6 14 29 82441 0.9737417268351598
14 1 13 29 87494 0.9116345997068365
13 9 23 15 45126 0.915580133363006
0 26 15 18 57184 1.081853370068357
21 0 12 26 89607 1.0070475071350091
2 23 13 13 51994 1.089615144588445
22 1 2 9 89673 1.0816840049193115
16 13 9 23 52054 0.9546447028984002
6 11 2 23 41666 0.9606628250004781
9 18 25 25 68189 1.0837436186643188
7 5 15 26 73501 0.971502724590803
21 4 15 12 44249 0.9813920064481152
21 19 7 15 55937 0.9318416599787962
23 28 7 9 91933 0.9953293970554941
19 3 22 10 32569 0.9150231476535289
22 5 9 17 71985 0.9823361231995787
23 5 9 0 70593 0.9698536542675433
2 22 7 9 47027 1.030998626351259
16 29 16 7 70968 0.9917157378638449
15 29 3 10 81081 0.9096969726724136
16 24 28 9 83384 0.9375647417659626
8 17 3 4 56122 1.0039426146643788
2 10 7 29 57852 1.036969009764508
2 8 9 4 33590 1.0325243534919943
0 2 22 28 135857 0.9678603486809009
29 12 7 29 101514 1.0447725607005236
24 22 15 0 88243 1.0549792473271966
21 22 4 17 55980 1.0913109753647339
18 24 6 19 47211 0.9960122003856281
6 27 11 3 78753 0.9398295183243829
7 22 24 21 40179 0.9341472452073615
4 21 27 4 116552 1.0168909695283028
17 28 9 14 58112 1.0383594724274807
3 25 2 4 65632 1.092149806457723
19 25 7 15 59410 0.9424455763017139
27 18 22 2 71954 1.011199847557299
5 17 24 27 70232 1.0004173680463995
25 24 17 16 46614 1.0560160698922674
0 0 5 8 42759 1.0391962133554549
27 26 17 1 100019 0.909412254734344
21 7 27 13 49938 1.0638617788041933
2 17 27 8 104494 1.0641983677563167
0 12 21 9 88664 1.0917703582206484
18 0 17 15 46639 0.928184738377779
18 2 2 24 99335 1.014999267924169
22 7 10 4 54787 0.9020589107266471
22 18 22 0 66021 1.0268228024116668
10 21 6 13 30141 1.0783956439866946
7 16 23 8 69666 1.0022851837816962
29 25 4 3 135797 0.9288260810693688
25 25 9 24 67525 0.9654814429004926
27 28 29 17 56296 0.930086560645466
2 9 0 18 34759 0.9999144724474425
7 15 3 3 50558 1.0904389573074784
16 20 27 21 29847 0.9539727454099884
7 11 0 21 40836 0.9727991403313073
7 27 26 26 71415 0.9673531428268767
16 27 24 11 70359 1.0109674902584171
28 15 18 16 30149 1.0137550434491691
24 25 7 29 66640 0.9496362339563372
13 29 7 0 91376 1.0648466979397886
10 19 18 4 73073 1.02695330221154
24 17 19 25 47330 1.0651206146193855
10 1 23 20 89837 0.9765404208658641
13 10 25 19 66708 1.088268918900547
2 8 21 29 115454 1.0105453578514891
13 1 3 2 51276 1.0361698989796642
14 9 27 1 70800 1.0325379884828862
22 21 21 6 58072 0.9463824464567798
12 14 23 24 51017 1.0165081937901688
27 3 24 21 85823 1.0222581967328863
2 10 25 24 97449 0.9109660941399056
13 25 4 4 79459 1.0862785229520695
10 22 19 21 26236 0.9469934163479602
26 4 15 0 59630 1.0395202439188558
10 2 25 5 72951 1.0102105104226822
6 17 17 26 52118 1.0932067387169246
3 23 11 15 46967 0.9709972897854886
7 24 1 4 67073 1.0720716653127509
11 2 16 23 70172 0.9547843090823267
19 26 11 3 88993 1.064396223146464
24 20 20 14 29814 0.9823541568205081
2 2 11 27 93501 0.9947317023301735
6 19 26 13 83194 0.9911817533079799
11 23 17 13 44848 1.026946023108233
14 6 21 0 46268 1.0421879112139634
29 9 4 28 123409 1.0059291230777345
12 14 17 4 43662 0.9439458147278363
27 24 4 2 123201 1.0152812854151019
23 14 16 10 37747 0.924197652036905
2 4 18 2 64099 1.059181343143749
24 1 12 0 54463 0.9502946102849517
24 14 18 10 42537 0.9057384498139093
5 29 20 18 76828 0.9522600682492056
23 9 3 2 87790 0.997663040268088
15 29 9 14 51707 0.9284256133070947
6 26 20 14 59877 0.938204259783378
23 24 16 20 26143 1.030579270294386
4 16 0 6 52337 1.0656740473825554
15 10 24 5 50002 0.947344680979848
24 14 1 21 72340 0.9424484069434386
27 20 19 10 60432 1.0357627615647018
17 3 20 20 60224 0.9069602737381601
29 4 16 24 112409 0.9537791151788403
21 1 26 15 55718 1.0143966961384316
23 22 15 13 40385 0.9834930035377746
29 1 19 9 60777 0.9755792408466979
5 23 19 9 75700 1.0658677182140832
4 24 27 10 100229 1.0336378645862936
11 6 7 13 42318 1.0642287429595505
17 11 4 25 69396 0.9544614849092605
26 10 13 7 70781 1.0623361005947018
4 4 10 19 67663 1.0835760074775267
12 0 11 10 29933 1.0011873742060697
26 9 19 25 83365 0.9022028819908315
24 21 17 17 24873 1.0460493183776522
11 29 10 20 38433 0.9500434334833595
11 29 5 14 55222 1.0016715897236186
11 6 29 6 92080 0.9474185404265144
11 5 24 17 65600 0.9379649192050238
23 20 24 8 46554 0.9400819423907552
12 4 17 13 40518 0.9205752007523863
9 26 4 13 49112 1.0574502527539105
12 19 26 24 54161 1.0784957902272378
28 12 10 23 84271 1.0650638716795577
12 15 26 24 64041 0.9242636841173256
9 18 15 3 68390 0.9295187511504159
8 4 20 4 48007 0.9782067167003776
13 8 21 11 40448 1.0323969446264474
8 18 2 7 53399 0.9230274564491107
22 8 4 16 75650 1.0754257117669355
19 17 7 26 53340 0.9017774026658402
13 22 21 13 44028 0.9881293881937794
27 12 22 0 67707 0.9077049779342652
27 3 1 5 100100 1.001736460278326
3 23 28 2 125002 0.9574592720949805
10 19 28 19 64032 1.0922388224883606
6 26 24 19 61916 1.0426185605377
5 16 16 20 40804 0.9452714574708232
9 24 20 12 64913 0.9781350590294524
13 14 6 4 41508 0.9204690713884685
16 29 10 20 41873 0.9272856085174824
11 12 23 27 74118 0.9765183706581999
12 29 21 8 78855 1.0059252554650513
17 3 13 11 41134 0.9884869771138765
6 13 26 17 68888 1.039059453365225
10 19 20 19 44851 0.9042733648309236
14 26 0 18 62696 1.0803513753712222
4 2 9 29 89979 0.9076408805537968
10 22 1 0 91657 1.0446142114291683
4 13 15 4 55728 0.9320379564963069
1 4 26 4 103425 0.9845422984435188
20 22 18 8 53594 0.9958231536139239
24 17 8 20 59014 0.9626017064055399
15 9 17 29 64492 0.9717962455786814
22 5 17 14 43374 1.0991537012773196
6 5 22 12 72121 0.9860930872618682
4 13 1 21 28198 0.9581581316644435
22 29 2 16 91044 1.072557884448952
23 7 17 2 37777 0.9165541351869689
11 26 0 29 49101 0.9338862293279874
8 20 13 2 66655 1.0923847567066054
27 11 7 21 76710 0.9934324136505611
28 7 16 10 66082 1.0735392398023862
22 19 14 23 34623 1.0995011892775939
18 5 15 21 56051 1.0515928846534996
21 19 8 3 84055 0.9717530211747473
9 4 6 26 70740 1.0775972009886876
26 6 18 1 55164 1.0313189565636245
29 23 4 5 119903 0.9681815352649712
5 27 24 7 105777 0.9484520047396461
10 19 5 9 49376 0.9181339632389978
12 27 15 13 45293 1.049030758675591
17 28 24 22 39306 0.9463333660988011
12 2 12 17 38447 1.0658655149993463
21 9 16 18 43389 1.0809264715655467
4 24 5 13 34386 0.9289863533480356
16 21 12 12 34364 0.9400247940375169
6 14 0 21 31005 1.0436568915278637
10 6 15 27 73298 1.030576887403532
11 29 5 9 68683 1.0187784291717428
4 29 25 12 105150 0.9639495833593438
26 11 25 22 53290 1.0549970340148278
22 8 18 21 52772 0.9919341459605784
18 19 10 21 26076 1.0857603309502715
23 15 8 11 52819 1.008433247001971
3 27 7 7 68370 0.9481881141544504
6 2 21 22 89355 1.0520892588286272
15 12 27 0 80211 0.9978640725978927
4 13 16 10 49894 1.0285438498617943
19 20 25 24 33901 1.0028938416090132
13 27 14 9 59754 1.0764430757675725
13 21 10 7 49331 0.9063967979247133
27 22 27 5 78687 1.0849245324726986
24 26 10 4 95192 0.982656040033236
25 16 12 6 62625 0.9048136576588046
23 28 7 26 65534 1.0360138421018732
28 25 28 2 119200 0.9311183717168273
1 18 8 22 33003 1.0407749166741709
14 18 5 11 46333 0.9402812547058454
12 6 0 1 54041 1.0048434445266285
3 19 22 28 84938 1.0526775450313566
16 3 4 9 54767 0.97011392553271
1 6 17 7 59223 1.0981208393082162
10 3 18 0 43327 0.9549751004849107
26 15 21 28 58081 0.9048683473113486
15 6 11 18 47147 1.054468554182871
27 18 18 0 81611 0.9587497037287224
18 15 12 19 24669 1.0718816453342777
3 0 2 16 55717 0.934171634093508
6 29 15 3 92367 0.9732639195041852
4 2 24 18 99085 1.0419731390820504
4 0 28 0 118324 1.0710121896749973
18 4 17 14 37551 1.0531530071361834
20 17 25 8 49000 1.053057815525325
23 25 7 1 99251 0.9679090058796457
12 7 9 25 64069 0.9926142906786617
5 5 22 16 72736 0.9740499295606304
27 20 2 15 78218 1.054903149251967
11 12 24 8 65990 0.9518606963310235
16 16 9 8 46519 1.0236590657225102
27 2 19 7 41299 0.9618548166110505
17 28 0 28 65229 0.910823231129279
11 3 27 17 82157 0.9432852090747117
1 11 21 5 90386 0.9756294229910415
21 24 27 1 107512 1.0289146261163842
25 19 25 8 60187 0.9640456616575177
1 15 18 8 69197 0.959586324454424
10 3 20 28 103267 0.988465710059424
6 18 20 22 45191 1.0030472652689035
21 21 26 5 73782 1.0576999995405942
10 0 11 14 48872 1.0575874459508374
26 10 13 6 75019 0.9120181048466803
29 5 14 24 106113 0.9810082639045549
24 20 21 4 62613 1.0624981170708385
16 9 24 18 52589 0.9414253074274517
19 3 28 28 103363 1.0950936993330804
26 3 22 15 62615 0.9606508683974101
7 26 18 10 71315 0.9970855723935286
10 12 9 26 61783 1.0122704525728767
2 5 27 7 99970 1.0453540471058134
21 9 4 3 69855 1.0886718778252495
12 9 25 18 65076 1.0149421959143319
6 13 7 3 32741 1.0751329320858336
20 19 12 10 51091 1.0386109571624245
11 9 15 15 29790 0.9038273257378607
19 1 14 9 42947 1.0796996986601304
19 2 9 9 59708 1.0476449080291044
25 3 26 28 105036 0.9838529269180174
12 5 3 0 43060 1.0928742190405851
6 7 18 19 69342 0.9465505977358117
13 0 24 18 83006 0.9909049505273746
8 19 23 15 58695 0.9904506750495914
20 25 21 12 61961 0.9648115398425006
0 29 23 12 104041 1.0296556557100345
22 5 29 2 34903 1.0876322900761954
8 19 2 12 40761 0.9030007559187927
18 4 1 13 84969 0.9274776002332102
26 11 14 16 53783 1.0391357710836906
16 22 14 12 42367 0.9666398513650729
12 13 3 4 49124 1.0612851512063761
2 8 12 24 69774 1.0672467566483483
6 28 23 19 60651 1.0014647596668766
16 19 29 2 87326 1.002771465964482
17 5 3 21 78131 0.9552651478279424
8 9 9 24 50288 0.941793678555133
1 5 15 2 51984 0.9712878049784665
18 29 18 12 65609 0.9142335224924376
27 23 6 11 85770 1.0585994045245766
12 27 5 13 52413 1.0654648279339192
20 10 7 29 73637 0.9268893279012416
21 1 7 22 85238 1.0515712155440124
8 25 21 8 77989 0.9326420767540855
10 18 19 24 53005 1.0953932295514603
6 26 25 21 55836 1.0910769249241634
4 15 12 20 37940 0.9508927189281382
25 17 8 5 77644 0.9471652764524594
10 19 16 8 51379 0.9976178661824326
20 7 20 25 70822 1.0901818822663727
24 3 2 3 94100 0.9723728058944299
7 5 8 18 47331 1.0657699233210718
15 21 3 9 60072 0.9434455215589874
29 2 12 18 89480 0.9483624700294682
12 2 28 5 77479 1.0431103530968662
22 27 0 19 82060 0.9488099885324045
14 21 27 18 44043 1.0810545627184547
27 19 6 17 67367 0.9601133087412926
22 29 6 10 97269 1.098661423352795
27 15 26 27 55424 1.0784082899970784
28 21 22 29 49260 0.9036659666602561
19 14 18 26 47907 1.0873135898149782
1 4 26 27 125851 1.08246269937963
4 6 2 25 63534 1.064429463639316
18 6 15 14 36062 1.0123377953732104
17 22 26 24 40068 1.0396079649110803
4 21 21 1 89933 1.0271933466965917
21 9 20 0 24311 1.077592517464449
13 5 7 20 54574 1.079531780756586
6 8 4 28 63959 1.0157654821805264
17 3 25 6 49751 1.069018073860795
11 22 7 7 56388 1.053093931565839
18 15 12 8 34107 0.9385440652764772
21 5 15 14 43277 0.9163363378251953
24 24 7 14 68122 0.9907836009000239
18 0 29 5 65128 1.083499400491184
26 20 3 0 120320 0.9464842849360441
5 11 6 1 30808 0.9870087711162152
19 21 4 14 52491 0.9244603888679195
11 8 12 19 35419 1.024643190040072
4 20 20 21 41368 1.0430211228389412
6 19 18 15 47422 0.9485126008660778
10 18 14 12 40895 0.9150518173976159
11 6 28 5 82302 0.9190377458792934
8 0 15 23 76348 0.9628993519888533
24 12 17 22 49489 1.0529040966648142
20 14 5 25 59187 1.0776077690860613
23 8 11 25 82202 1.044318963964312
14 15 27 6 74889 0.9018329619127908
23 13 15 20 38554 1.0331364192392147
7 13 2 20 30724 0.9504056281027082
8 8 1 11 33587 0.9696722942289853
9 17 24 3 87891 0.9465277607436943
18 12 12 28 65662 1.027045107476025
17 19 10 7 56572 0.9178103995646302
18 15 19 5 33589 1.0288412380444336
8 20 5 9 38912 1.0062761247271994
14 3 1 1 61904 0.9320666084047396
15 5 22 21 56454 0.9749939876199967
8 12 22 19 63107 0.9311581960972957
7 25 14 11 54805 0.9314724096162732
8 29 21 23 65470 1.0352311484225143
3 1 13 24 93854 1.0468966381239821
14 3 4 16 66132 1.0538498111098862
21 18 1 18 72608 0.9549244346501943
22 15 4 29 77546 1.0391193408411483
23 22 28 12 49442 1.0545827983144958
2 24 23 10 89454 0.9617101362335876
18 27 24 13 62670 0.9198269524592858
6 18 1 23 28574 0.9792913523559816
20 18 2 13 64856 0.9101846864036524
22 19 3 3 102755 1.0793183968758673
17 20 27 21 27297 0.916199102398795
5 16 3 4 41208 0.9538013155646381
15 26 12 12 44461 1.012323947099899
5 18 21 12 62082 0.9553934469815848
4 18 11 1 72608 1.0901846408451132
19 0 23 23 75140 0.9759225910651517
26 28 2 8 116429 0.9562583643597222
22 13 21 24 48455 1.0875028496314258
0 23 19 10 85525 1.097578665142699
15 25 24 17 48521 1.0513879601292795
10 8 29 2 85188 1.0287427755791032
25 5 5 20 100633 1.066064265581216
20 23 5 24 53011 1.0483128232780632
1 14 7 22 33571 1.0999099418934348
12 17 29 29 81779 1.0870175824736805
8 11 6 22 39775 0.9060839600898523
9 22 18 23 42378 0.9776170804425842
15 4 22 13 50266 0.9192365964016773
9 7 24 3 73630 1.0325979261824763
17 5 8 18 67226 1.0647643353157323
13 27 14 0 81602 0.9002025830417966
27 4 3 6 104297 0.9325585573039212
8 26 25 6 111768 0.9178412661817082
9 26 26 16 90866 1.004405334629357
25 4 1 28 133928 1.0428003318361279
22 9 21 28 76941 0.9709016315015137
11 16 24 23 55852 0.9918272545167988
2 3 16 16 75830 0.9219585678945371
3 4 19 19 91756 1.0268729016829654
17 23 11 6 66641 0.9380838700373169
0 4 21 22 104134 1.044734911459133
8 4 7 28 67750 1.0330941916933054
14 28 9 0 91497 0.9482706817923814
5 2 25 22 102780 1.0549898969948868
14 22 14 8 49230 1.0127021168877068
8 3 6 14 39279 0.9151264544810281
23 3 26 25 85829 0.9499891410686471
23 11 0 16 90331 0.9090244371710401
15 19 18 9 38086 1.0882773187935755
23 24 20 6 58490 0.9158149756898176
28 20 7 27 67072 1.0270835707007917
26 20 10 23 52500 0.9721333992461625
14 26 29 0 123726 1.0740220308933732
17 7 27 6 56750 0.9483323102796305
15 10 22 15 29444 1.015863760649373
4 0 13 14 61277 0.9940149824425161
24 14 15 13 29711 1.0020018756200086
27 5 5 17 104766 1.0082742014150714
25 3 11 14 79901 0.92574456035462
9 14 22 17 43076 1.0461752453398951
5 1 5 16 41391 1.0918169373160644
5 23 15 5 69541 0.9769906565278643
9 16 1 6 61867 1.089662581604544
15 27 9 0 83593 0.9403956828882565
29 16 12 4 75362 0.9107591681785557
17 16 14 2 50449 0.9490081377961528
4 0 8 8 38111 0.9369435140608358
8 29 22 18 69665 0.9808768867430891
14 27 9 10 74788 1.0172696083377972
11 27 10 2 79151 1.0319698401362014
24 8 15 9 37620 0.9411312252095057
9 14 17 20 37164 0.9283428255971797
21 9 5 15 63864 0.9459539499039171
15 22 18 2 67032 1.0652419183620463
1 1 8 8 47324 0.9074923997267951
16 7 7 24 66803 0.9351479922046747
27 11 2 26 100233 0.9203931668100986
16 11 22 15 30525 1.0799266977536461
13 23 7 17 27261 0.904620462005586
13 4 19 26 85643 0.9332161048050743
3 3 29 22 128383 1.015514783935847
10 15 0 26 58840 1.056136026069382
9 6 21 14 59123 1.0012656275553216
4 16 7 25 29585 1.0694327815954987
18 3 14 24 74002 0.9509909516204466
11 18 21 25 55972 1.0643400784182901
23 9 15 3 50995 0.9586308787349095
26 10 1 22 106152 1.0531959404240672
7 24 5 15 23999 0.9584361221811699
5 25 13 21 26852 1.0126154507972915
6 10 28 5 102800 1.0728894782540952
21 19 19 4 59147 0.9474764188305953
7 7 16 15 50647 1.0120641405399433
11 20 27 26 62717 1.0731885696931873
28 22 20 2 81934 1.013023673607948
3 5 28 26 126873 0.9203499310614836
26 23 10 17 65524 0.9132832676519073
2 25 13 22 38852 1.001450054886989
22 20 13 6 69568 0.9414849382121564
11 3 4 29 89934 1.0352012935177608
15 29 6 26 36038 0.9064933420527737
4 11 12 28 66908 1.0033316855635808
21 14 3 21 59085 0.9887069651132303
9 11 19 6 65156 0.917679035821341
10 8 25 12 78776 1.092252747077383
21 17 27 22 41885 1.0304253774075687
5 18 24 14 63441 0.9669942285339226
29 6 17 7 65414 1.0921887876965348
29 11 18 22 68816 0.9209888968558015
3 3 6 14 44577 0.9652568239784655
28 13 5 17 79801 1.0556095832739907
15 13 11 21 29589 0.9368715554584418
19 14 5 28 71086 1.0455945319793236
21 26 12 22 48895 0.9929728769217314
3 17 21 0 96733 0.9590186969649515
19 18 9 28 64613 0.9803612976192905
20 10 20 27 68231 1.032158266357881
9 7 19 1 55203 0.9037358857486862
2 3 16 3 58362 0.9756992876882198
27 12 7 20 75018 0.9320186698411975
13 26 28 5 110900 1.0611736214614411
28 10 0 20 107435 1.0518786608376236
15 21 27 24 44254 0.9198071768189039
28 18 19 6 69317 0.903889358215121
28 24 26 9 75511 0.9128420946817559
12 0 3 26 90328 1.0962796109433817
25 17 4 4 93442 0.9571440418520547
14 20 27 1 90004 1.0310094112905166
16 23 26 6 94746 1.0817258959896872
8 20 22 8 73578 1.0385579951176631
17 12 5 19 51008 1.0136221215595818
15 19 20 12 26926 1.0862915418114458
8 18 20 6 66527 1.090504158703
1 20 18 18 53777 1.066314354156221
3 11 17 23 74816 0.9523958462635917
25 7 15 14 59374 0.9727572573952634
18 26 7 8 82304 0.9386158546265674
1 21 11 13 48130 1.0152463312906974
27 14 13 16 40836 0.910452479508372
21 1 25 26 90841 1.0012266284166975
6 6 1 20 53391 1.0101352090050613
22 1 2 19 101953 1.0351840846817253
23 21 29 2 89511 1.0907705196208788
23 13 12 3 62448 1.0672561370928564
24 29 27 11 73419 1.051465108796392
13 24 7 1 73905 1.0381881414990088
11 7 24 17 65140 0.9614601301939297
7 19 2 2 64055 1.0436809303120513
7 20 12 11 37358 1.008820953318386
14 22 6 7 61977 0.9324809923194471
13 9 20 17 44874 0.9415893340402108
6 29 25 2 115872 0.9234332861890048
18 15 19 1 41760 1.0348648299571752
25 19 8 1 98061 0.9453596642331441
5 12 25 12 76269 0.9697011214341402
26 11 2 16 88430 0.9151608730699651
13 10 26 10 74484 1.012747103017496
29 12 12 27 92031 0.9885914189632157
17 29 28 5 114263 0.9189104233823593
27 0 14 27 115576 0.9782378436007324
5 19 20 11 61051 0.9415976953972428
0 6 19 20 97565 1.0234108703229716
19 0 3 29 121494 0.9581196218041063
20 29 3 14 90335 0.9788662394318545
9 18 5 11 37597 0.9069960986500449
2 9 21 16 71797 0.9560459987312948
0 5 11 2 46075 1.06956234626281
13 17 17 1 54597 0.9946953538150867
10 12 13 28 60689 1.0889678974651185
24 1 12 4 56801 0.9752349026243795
14 6 2 19 71618 1.0542119033553117
5 22 14 6 67863 1.0873363589672753
22 20 7 8 74464 1.0048542262743563
8 25 28 6 123226 0.9502256869002483
5 0 9 7 32633 0.9648317473260901
10 13 9 28 57808 1.0159071074707715
25 7 3 20 106566 1.0731942569244939
