4405 3569 8279 6919 6799 7158 6813 6189 5925 5845 8365 8026 7269 5735 6862 7297 6698 6652 6337 7560 7972 6953 6623 6123 6933 6323 7170 6969 6842
2750 1696 1716 2217 2308 2091 1336 3160 3100 1035 2380 3559 1382 1589 1262 1873 1951 1295 1859 1627 3284 1693 3334 1164 2804 2622 1169 2397 2429
3961 4035 5133 5651 6216 5733 5988 4649 5568 3976 5219 4620 3633 3577 4714 5849 3435 5090 5142 3339 4990 3535 3469 4968 4734 4625 3794 3414 3479
2249 2559 4058 5039 4652 3819 3966 4560 5993 4385 6214 3851 5609 4433 5851 4612 4884 4705 5885 5530 4831 5314 5571 4956 3677 3937 3677 3612 4068
5486 6444 5158 6536 6082 6143 6335 6702 4880 6177 5901 4668 4995 6242 4556 5217 7033 4906 4391 3057 2855 4209 3568 2970 3071 4349 2628 4472 3483
7571 6389 5772 5943 5620 5175 4924 5577 6684 6030 4951 6911 7155 5581 7315 5767 5985 7518 7054 7359 6820 5474 6836 7106 5699 6698 4534 5496 4153
6175 5194 6152 5775 6872 8473 8331 6046 6606 7959 6072 7973 6960 8546 6909 7332 6346 6943 6583 8230 8305 6678 7155 6945 6891 6001 7701 8085 7727
2488 3122 2335 2053 2207 1599 5702 7592 7972 8057 7864 6055 6552 7447 7390 5693 6225 5407 7928 6405 7423 8071 6147 7813 6020 6126 6099 7410 5826
6969 6757 8185 5924 7113 7775 8044 6851 6654 6232 5824 6411 4266 5354 5716 4405 4990 6459 6009 5103 4676 5598 6086 6055 6307 4105 5342 6406 5693
4465 4209 4543 3528 2733 3247 4012 2732 4546 4708 4513 3503 5173 4239 4244 5298 6175 8060 5994 6262 5707 5603 7957 7406 6396 8199 6809 6303 7915
4722 4603 5290 5453 5058 4132 4024 3592 4168 3648 4952 4677 4541 5151 3157 5586 3254 3493 4330 3742 5693 4583 3862 3288 3393 4360 3535 4509 4632
3881 4411 2834 3010 4251 2911 2684 1850 2052 2449 2725 3185 2564 4338 1723 4360 3030 2972 3517 4318 3912 3919 4248 2154 1728 3642 1800 3318 3695
3047 5142 4511 3086 4723 3625 3638 4151 3471 5458 5722 5116 5420 5726 5655 5420 3683 3492 4742 4568 4892 5186 5755 3176 4471 5595 4651 4450 5775
5085 5716 5084 5438 4176 6545 5401 3853 4936 5479 5292 4567 5917 2232 3730 4183 2393 4953 4889 3173 3868 3342 3612 3395 2226 2313 2624 3387 3335
5674 7669 8272 6758 6553 8076 6314 5748 5461 7328 7316 6192 6023 8003 6913 5498 8041 7946 7993 5945 5557 1730 2386 4270 2904 2561 2055 2848 4018
3606 3177 4282 3461 5980 5373 6694 7462 5015 7694 5274 5631 7658 6308 7100 6435 6329 5995 6153 6115 6099 6543 7491 6374 7045 4956 6555 6430 6304
5131 3614 5155 4282 4743 5126 4545 4186 3203 3284 2978 4219 3626 3480 4543 3425 4040 3080 4003 4719 3399 2609 5343 4217 3060 3244 4882 3658 5080
3809 3222 2173 3646 2180 2531 4211 1956 3689 4474 2474 3200 3299 3287 6237 4339 5176 4845 6541 6442 6563 5772 4932 4216 6403 6653 4866 4559 6676
6148 8834 7726 7748 8667 8406 6388 6299 8012 7374 6835 6148 6012 6762 7768 7352 6863 8193 6045 5957 6818 7446 5743 7136 7994 7936 7566 6325 7100
2115 4212 2696 3785 4159 1482 1697 2114 2149 3935 3514 2515 2213 3024 2420 2047 2292 5172 4748 5082 4455 4149 4036 6158 5002 4079 5316 4140 6376
5462 4715 5292 6626 6764 8048 6333 7174 6170 7294 6842 6964 6867 7939 7860 5909 7065 6524 6913 7884 7872 6295 6106 5832 7301 6577 7090 5752 6627
4023 4315 6336 4613 4672 4552 5626 5733 6052 5326 5898 4861 4815 4510 4488 5315 3774 3686 5496 6305 6035 6319 6312 4485 5103 1836 4024 3232 3366
3476 1455 3642 1842 3781 3713 2151 1586 3012 3017 4044 2297 1464 3008 3309 2418 1587 2195 1701 2706 3991 3221 2411 2989 3920 2142 2626 4285 1711
3105 3538 4987 5293 5153 3206 4927 3384 4738 4191 4373 5631 4066 4415 4451 4306 4018 4178 3293 4493 1176 3517 2599 1818 2246 3420 3597 3506 2777
7842 7405 8123 6852 7648 3396 1817 4144 2518 3328 4267 2685 2446 1791 3930 2225 3252 3751 3829 4064 3576 2052 2512 1834 2962 2895 4300 3173 3748
5999 6264 7070 6362 5324 6603 4774 4339 7105 6310 5672 5681 6534 5839 6422 7696 7679 7620 8294 5784 7605 6261 7054 7444 6421 7227 8229 6136 6589
3763 2860 4147 3283 2958 4557 4964 3652 4537 2640 3082 4233 4464 3636 4920 3501 4948 5299 5116 5120 4830 3194 4293 4403 3127 4886 7656 7803 6168
4491 4336 6252 6006 3693 6095 3922 3921 5410 5674 5021 4764 4174 4338 5088 5859 5173 3920 3328 3480 4860 2312 3957 4322 2419 3978 4447 3430 3385
4666 5191 4842 5232 4369 5654 4566 4630 5680 5198 4984 4770 5630 5491 2939 3382 5082 4334 5593 3306 4692 3044 4600 4335 3622 4264 4825 5500 4889
4947 5964 5778 5254 8051 7048 8135 8537 6939 8312 7068 7843 8037 7078 7014 8107 7469 8512 7171 8411 7481 6204 8348 7109 5884 7493 6547 7195 6300
3906 5908 3981 5101 4667 5408 3754 5933 5246 6507 6135 4863 4173 2798 6622 5533 5940 6966 3675 7949 3650 4679 5578 5306 3718 4949 8103 4761 5057 3058
3920 3588 2542 6520 6214 5066 4072 6367 4553 6336 6024 5472 4356 2860 6896 4347 7876 8296 2279 7010 5389 3291 3939 4204 4526 4246 7735 4628 3494 5301
3286 3926 2818 6882 3985 5793 4310 5428 3741 8740 4999 5105 3705 2254 7474 5633 5256 6165 2066 6344 3605 3818 5974 3561 3202 3534 7663 6084 5412 3000
3245 4625 3399 5853 6388 4998 3763 7810 4213 8656 4600 3076 2970 2456 6356 3278 5571 7218 3652 7370 3563 3833 3357 2788 3597 4234 6764 4591 2935 4209
3548 5659 4356 4874 5624 4868 4868 7545 2999 6688 5386 5618 5441 1750 5645 7541 5980 7568 2411 8313 4961 4518 5305 4450 3645 3578 7789 5187 3798 4896
3240 3734 3173 6023 4977 6183 3790 5658 4377 8628 5234 3169 5246 2234 6936 5467 5904 8015 4333 6614 4612 4099 4189 4047 7256 2903 7328 5683 3390 5300
2416 3838 3693 5723 5284 6900 5217 7151 2724 6969 4053 3065 3019 3765 7232 6697 7024 6161 6693 7268 5570 3938 4646 4702 7744 4719 5935 6254 3051 3140
3372 5574 3344 5564 6995 6235 5540 7220 3594 7989 4170 4347 4391 3430 5712 7233 7216 7768 7151 7249 5838 4681 3553 4619 5337 4764 5824 3674 2471 3331
3170 3565 4496 6997 5250 5234 4184 6817 4771 6168 4802 1946 4777 3978 6363 7445 5495 6748 7665 7073 5773 2862 5480 2712 6559 4325 6980 5419 4147 4765
1904 3697 3124 5509 4940 4607 4835 7560 3017 7129 6173 3126 3211 3264 7163 5227 6805 6794 8136 6251 5861 4456 4563 3509 7812 3135 6951 4020 3724 4146
3405 5170 2614 6560 5557 5150 5122 7029 5216 7912 5870 2209 4349 1626 7251 5156 5368 6525 7569 6145 6952 3385 5192 4477 5091 3256 7754 5980 3120 6629
3312 3784 2817 5695 5629 6716 5144 5204 3112 8751 5792 2565 4876 3260 5904 6813 6378 7919 6039 3469 7237 3318 3996 2568 5278 4717 6803 6192 2730 7822
2232 3652 2867 6696 6816 5053 3177 7774 4318 8609 5016 2182 2745 2046 5420 7267 7681 7530 6763 2600 7604 4792 3663 2898 7866 5355 8056 6286 3553 5946
4420 3739 3957 6961 7036 6484 4612 7711 3452 6692 4304 4152 2455 2067 4796 7489 5182 6910 8128 3889 7321 3796 4031 4766 5178 4320 8271 5021 1334 7891
3887 5209 4113 5877 5015 5838 3696 5994 3147 6009 3136 2327 2187 2498 5239 7159 5697 5607 7662 1171 5327 3017 4445 2725 6443 3990 6308 5629 3482 6927
2350 6149 5012 7826 6112 6103 4970 7158 2748 7556 4276 1944 4852 1918 6884 7593 5825 7573 7182 2079 6505 2635 3468 4139 7760 4322 6102 4569 3029 8029
3279 3781 5241 6983 5377 5102 4531 6780 5005 7702 3679 2482 3762 2372 7391 6856 6821 5895 8143 2266 5058 3932 4982 2945 5397 3690 5761 4908 1743 5867
3658 4845 5232 5832 7426 4996 2985 7655 4953 7582 5439 3588 4311 1810 5175 7164 6146 5953 6094 2301 5622 4915 4098 3444 5946 4901 6710 5406 2397 6900
4277 5788 5140 8007 6314 4668 3736 8330 2653 5980 3525 3659 2833 2520 5035 7100 6954 7596 8706 3752 7574 2103 3588 4552 5876 4766 6535 7072 2166 6537
4552 5316 5179 7501 5249 4917 5616 6627 2220 8076 3072 3027 3735 3663 5133 6326 7816 6717 8101 1936 6568 4858 4115 4594 6917 3798 6529 6956 3007 5830
4381 4084 4818 6967 5971 6029 3950 6395 4422 7970 4711 2954 3206 2114 7138 5489 5499 8306 7448 1888 6371 2177 3191 5168 6436 4792 8077 4986 1890 7194
3789 4980 4009 7650 5343 6097 4616 7198 2326 6801 4375 4423 2616 3712 4951 5422 7720 7975 7409 1993 6832 2076 3248 5266 7783 2711 7939 6713 2087 7349
2714 5603 3434 6610 6868 6361 4851 7731 1973 5899 4142 2814 4225 2090 5596 7295 5476 8337 7934 3848 6664 2096 4230 3531 5429 4517 6172 6802 3709 6526
4695 5684 4407 5875 7204 6016 3124 8278 3899 3968 3025 3541 3287 2913 6834 6914 5115 7953 7575 2349 5378 3889 4548 5203 7849 3649 7332 7029 3882 7535
3480 5464 3175 5415 6367 5712 3949 8691 2491 3586 4333 2827 4900 3234 6444 5493 7387 8253 6620 2533 7590 4015 5274 5323 7556 5327 5910 5534 2123 7833
2255 3408 3374 8089 6344 7361 3703 8223 3594 3388 3454 4093 3881 2583 5340 6814 7753 6107 7985 2525 7520 3368 4532 7021 5571 3287 6001 6364 2097 6177
3571 3271 5316 6957 4960 6376 5100 7374 2998 3598 3375 4156 2889 3898 5439 5805 3718 7127 8379 3723 5540 3327 3330 6824 5662 3083 6290 6047 3216 8271
3072 4674 3165 6262 4652 6210 2958 8508 4563 3972 3232 4052 4650 2448 5611 7864 5100 8711 6404 2392 5427 3880 4138 7300 6189 6854 8360 5373 2764 7929
3510 3090 4529 8175 5042 5141 5705 7748 3281 5179 3233 1861 4116 3184 6832 6532 4609 6143 8685 1943 5264 5556 4914 6671 7121 6394 5852 4928 3037 5910
0 20 26 3 114670 1.0688636615766518
5 26 16 4 117003 1.0907780201834532
10 26 19 12 68333 0.9914443553015623
5 27 23 26 63629 1.0593635319627854
17 20 25 22 36003 0.9160890436744871
18 1 2 9 84866 0.978888106322117
28 10 14 12 52763 1.0293120460869383
2 26 19 10 86956 1.078693453721559
28 21 11 2 98081 1.0629367333951183
9 4 4 16 66231 1.0896208679225727
4 0 14 4 51634 0.9489152149193713
17 18 23 22 30721 0.9298303303460003
3 1 14 2 40399 1.0727146089020834
17 12 25 2 55956 1.039368094929559
23 18 21 28 34739 0.9585560565322147
25 3 7 23 115078 1.0706342405221574
27 7 18 23 75019 1.0670814256905998
5 5 29 23 133253 0.9662623280300167
23 23 17 6 62461 1.0440613014113347
24 4 27 17 59014 1.0156351905052314
10 25 21 18 51377 1.0453658894918096
0 25 13 1 97447 0.9701287874414595
5 13 24 7 70098 1.0434769890349
17 7 6 21 80745 1.0083542540104082
16 2 21 19 64156 1.0458988300921344
1 12 7 28 53385 1.020635544408868
12 15 25 14 49141 0.9467288848996717
25 21 15 28 46913 0.9135911033496098
13 9 20 14 40662 1.0324099337658685
0 22 0 5 45462 1.096500018372986
8 1 10 29 100758 0.9894174003213209
18 26 16 1 101590 1.0138479614404587
16 8 2 8 51429 0.9733088351559538
16 1 27 20 83543 0.9943738381199956
27 13 28 26 57132 1.0024366663390456
18 7 25 25 73341 1.05886242943494
0 15 5 24 38583 1.0802870280598043
7 10 23 7 64097 1.0150016977505365
11 14 4 20 54626 0.9652656455913102
7 0 28 1 76441 1.0413030845326676
1 6 4 26 55628 0.9731733261425097
9 8 17 27 89066 1.0748029075784618
28 10 5 2 99092 0.9466213774276249
25 2 0 10 110589 0.9509694636496532
9 3 17 29 106651 0.9481802361545358
12 24 11 0 80888 0.9829380150567761
28 2 15 7 71375 0.9550773972157255
17 23 27 0 97948 1.0960599612712052
5 24 23 9 101265 0.9157102394839144
7 3 0 29 82010 1.0968199260437828
17 11 2 17 62992 0.991938030508512
5 14 12 6 46531 0.9862260741985308
23 16 11 7 57016 1.0694163201946851
26 14 29 2 59163 1.095328527512369
29 13 23 8 34490 0.9283556814613533
4 4 9 29 101870 0.9237802802942375
3 9 26 3 105422 1.0561083862891307
29 3 5 6 112342 0.9656577844643941
20 26 5 3 128855 0.984808925569896
7 11 5 20 55964 0.9887567632617794
18 6 3 8 61845 1.0643318684110488
23 10 9 17 63774 1.0667944232157873
5 28 9 8 87990 0.9420525292017763
19 22 8 21 43360 1.0036183045715155
28 23 20 16 51714 0.9868539553978855
23 28 15 26 31641 0.9125993001544256
19 5 17 13 23949 1.0483979096353122
25 24 14 12 67484 1.0124713152668225
16 3 7 12 63200 1.060613771865244
19 23 6 2 103702 1.0050705103259479
26 10 3 26 111167 0.9441836871815011
25 29 6 23 76382 0.9261754159647176
1 16 20 13 54495 0.9133075871187053
13 21 0 0 93303 0.9528679182763536
3 15 22 5 82022 0.9795861561793711
6 1 20 28 122160 0.9323695152224749
25 3 25 15 53213 0.9179949489831872
23 26 25 8 58131 0.9831283489827292
28 26 25 16 54147 1.0799637050073572
26 12 2 17 85596 1.015663486594336
17 19 6 22 48204 1.003091199769923
4 25 19 13 81435 0.972962048192954
29 7 8 8 82696 1.0292221402373753
24 20 21 2 59037 1.0791841006174516
5 17 7 26 51376 1.0106128640579797
21 29 23 14 50550 1.0834250136752228
17 27 15 13 60870 1.040490935775061
6 24 23 6 104340 0.9237197359264283
18 20 7 16 58135 0.9279595311304015
21 26 10 13 67609 1.0729769116006707
20 6 23 16 40348 1.093153168608946
13 0 13 27 94315 1.016930884618266
22 13 21 22 27384 1.0756884786161167
16 21 26 1 84271 1.0594626273176173
0 4 23 17 98844 0.9064621787257187
25 4 29 12 48622 0.9110906734467354
22 6 6 24 99489 0.9678544065093282
23 13 5 24 88216 1.088747239581379
14 10 10 27 71462 0.9281940904573048
24 14 2 9 76979 0.919670951908847
4 11 18 11 42720 1.0746460289960171
21 22 16 16 38425 0.9005177821638147
27 21 14 8 75696 0.967101286149638
2 2 15 17 84804 0.9178067474050902
9 16 26 21 69101 0.9149705806266586
17 28 4 19 70531 0.9426808266851723
5 13 26 14 60733 1.0709790921836033
9 0 25 8 70213 0.9210570463456474
8 20 24 4 99673 0.9906329695941851
1 19 22 4 90462 1.066933097033829
19 11 22 2 35281 1.0437307012144628
13 1 25 6 65457 1.060485895922858
21 13 24 27 47167 1.037768413484077
0 11 12 12 44861 1.0551345371126524
6 0 6 28 93437 0.976618450863893
4 10 9 21 68051 1.0026154089331119
15 28 9 8 79973 1.001877972607631
13 25 3 27 44855 0.977470069976688
3 16 3 1 49646 0.9670440923673105
13 10 1 4 62582 0.955930946281163
9 4 13 11 31908 1.0424362646531429
2 2 24 7 95070 1.0449258996169608
12 0 1 17 68739 1.0799102067237136
17 23 23 15 46731 0.9936687566867788
5 2 21 15 84225 0.906084663616626
1 27 21 8 94602 0.9486932015474256
3 0 1 21 49192 0.9643554536993534
1 25 29 14 106760 0.9983068097875238
11 17 18 12 35222 0.9229452859183311
6 27 18 5 112882 1.0643917659037934
29 22 15 16 64410 1.0548372136121604
28 18 5 20 87848 0.9010149437140944
24 29 4 20 90360 0.98676423803767
21 7 23 18 42344 0.9171998257254318
24 20 17 7 56843 1.01769999958252
18 25 25 6 79018 1.0042542663493588
0 10 26 1 114610 1.0897654968139887
23 21 11 8 63966 0.9771826596020374
5 26 0 1 77437 0.9920789405171446
14 20 2 4 90025 1.0671722303844482
21 10 11 6 45956 1.030355708513813
8 21 27 7 93205 0.9591117569086955
18 16 14 26 51711 1.029623054784464
28 2 25 12 50415 1.071097730818052
25 2 6 18 118540 0.9085321982194405
19 27 17 10 71283 1.0329415051774125
24 8 20 21 44874 1.0645843706593177
6 18 5 5 60730 1.013883823583583
27 14 2 20 91498 0.9767462625990936
13 10 17 3 37732 1.0980429171157964
8 29 21 4 114667 0.981461692593885
5 13 11 8 31272 0.9729865901728005
19 2 19 26 82923 0.9117369435712139
4 6 2 28 61514 1.0505314484595683
12 7 2 2 51911 1.0397937341655978
23 14 18 27 60572 0.9169345438647214
17 6 5 19 90513 0.9253661430786687
4 22 2 13 32563 1.0457011420061548
8 13 26 11 53884 0.972700012071387
3 17 7 4 62798 1.0646817269506976
26 1 19 5 41896 1.0955833203184422
3 24 10 6 78907 1.076227715592119
15 23 19 1 82702 1.0881620641188667
5 20 7 8 62439 1.0782687447829356
3 14 17 18 64953 1.0599684763912955
29 5 25 23 82228 1.0695236529016516
25 26 19 0 90127 0.971230798836036
24 1 0 20 113879 0.9116649503964734
3 26 5 3 78527 0.9771190682194597
16 22 14 12 43737 1.0511300245890594
5 0 21 26 121342 0.9271044203133432
11 24 28 22 65360 1.0667843347544912
11 13 24 16 40929 1.0239267249334012
8 23 4 10 70279 0.9146855724180561
1 29 13 24 54804 1.0941314549647474
11 19 3 15 52727 0.953970308363143
26 10 29 23 64680 1.069906962075723
25 20 10 1 94444 1.0001187248306656
27 2 10 9 84161 0.9943978487897537
15 9 22 21 57533 0.9191815939654434
24 21 17 0 77795 1.0977290488927505
25 9 2 11 81877 0.9275888905527185
20 17 17 9 34277 1.0890786605148295
25 5 22 14 37662 0.9857712609186202
13 20 22 17 28344 0.9570541600259178
17 15 14 2 57723 0.9440865501277437
6 7 0 26 71845 0.9131892294685144
8 22 4 29 42234 0.9990635537713051
0 16 10 20 57145 1.0766204113605946
0 23 2 13 27933 1.0936604423316256
21 13 11 28 71308 1.0483617027540117
17 3 4 18 89405 1.0389727009540195
18 19 9 20 33523 0.9583166428682581
26 18 2 24 95392 1.0056457813172803
7 15 18 5 69913 0.9991180540987162
10 4 28 21 97794 0.9655530789337731
3 2 0 12 32435 0.9618310264619083
27 0 5 7 96438 1.0778212245558763
20 4 14 29 93591 1.005232522089449
13 24 7 7 80564 1.0049092893040923
23 5 17 28 79684 1.021372978168299
28 7 9 11 70948 1.0235758556557497
6 19 28 24 98677 0.9520576765909982
11 6 29 5 79441 1.021067833720985
0 10 4 29 57561 0.9008580461179799
28 14 12 10 61784 1.0888109455976298
21 1 5 0 56437 1.088783032544913
21 7 18 18 50362 0.956596779012764
28 27 14 12 88385 1.000745528792582
28 12 27 29 71433 1.0606654053768778
6 16 20 11 64652 0.9855420719737396
24 4 14 26 92565 1.092348011770302
5 5 10 25 94847 0.90578781595147
27 25 14 13 68564 0.9021137215162589
23 17 24 5 41680 0.9595624305890023
22 9 13 4 50763 1.029488754225583
25 0 24 16 59318 1.0405972405277042
27 1 10 3 74905 1.0290912545939799
17 3 29 9 55970 1.00406080782744
16 14 11 29 62028 1.0158283689409033
21 18 27 4 65599 1.0178254669785942
28 24 18 11 68760 0.9997031321184088
28 24 0 0 139798 1.0651383749039631
24 13 11 2 63498 1.0108324167164784
7 21 21 22 55347 1.0406438698258367
27 26 12 7 99944 1.054972100321159
17 15 21 9 35205 1.099866631236364
23 26 16 18 40532 0.9690588370277962
15 15 6 13 39342 0.925145507367594
19 28 15 5 96563 0.9291235437744325
3 29 0 19 38016 0.913672665408721
4 12 7 27 71165 0.9938004856049434
8 21 29 27 86953 0.9130983874597771
21 7 14 28 82771 0.9462239370535162
1 27 18 20 80446 1.0347741518703326
12 21 22 24 42922 1.0996634324047971
2 0 19 28 118549 0.9374370750614616
2 12 10 14 31915 0.9091149599603487
2 24 16 28 58869 1.076124460151604
15 18 28 16 54747 0.9281955454662945
24 21 12 5 81158 0.9906167564642945
2 15 28 14 83685 1.0949652655414412
7 27 21 21 65704 1.092683213848767
5 28 27 20 89470 1.076279471946282
28 15 5 5 104948 1.0422642431554228
27 20 23 5 58304 1.064616744583571
0 24 12 9 71760 1.0589776624834237
28 25 22 8 68645 1.097135459554273
17 10 14 28 66440 0.9822027230626639
4 8 19 1 76231 1.0837189686413777
13 21 19 12 44415 0.9597524788554253
18 3 2 21 97301 1.0626615060002709
9 22 15 6 74839 1.0997139495244899
4 20 19 12 71736 0.9345747668237514
7 27 18 0 122739 1.0008484208027286
4 1 10 29 103805 1.097364987949553
29 11 25 27 70627 0.9474078965217627
8 6 4 21 73194 1.0074013526256607
28 0 11 12 85782 1.028825164602711
27 21 14 15 65597 0.9656242554456761
1 7 19 9 72901 0.9662842820027274
29 22 19 27 57756 0.9517060663453605
14 27 25 5 92684 0.9386757662194956
12 6 0 8 54129 0.9526310615939827
4 15 14 5 68660 1.0459570764785449
21 14 1 4 76746 1.025830479889898
9 4 14 10 39548 1.0811423071623607
16 21 20 28 36326 0.9656662640438676
19 29 7 26 53651 0.9925963150914568
26 15 25 5 44686 1.0326512905561551
22 5 21 26 59287 1.0740726187411098
14 8 2 27 83628 1.0623259284185802
0 3 16 15 75098 0.9346601915053676
23 20 8 7 81296 1.0035674568550097
22 22 5 10 80678 1.0432131107389617
1 18 12 19 57350 0.9868436601608509
26 29 16 5 97983 0.9363032374458602
25 15 11 14 48535 1.0491313824391368
11 19 4 15 50785 1.0538472604866307
15 9 21 2 46304 1.0849649505511745
9 23 13 0 87262 1.0669990338478204
9 15 5 8 46392 1.044099773340045
16 15 1 23 67196 0.9311873729538761
15 16 20 23 47583 0.9528770935928217
17 0 3 17 95252 0.903374188239359
0 21 26 15 94392 1.067742437018668
19 29 27 4 101542 0.9047449497144605
16 26 6 6 100754 1.061057111111269
20 20 4 26 76884 1.0124665627935958
2 26 0 9 47469 0.9754332030772765
20 23 21 12 40761 0.9845807015302779
24 24 8 10 80132 0.9894707705894877
17 27 9 22 45974 1.0409641960736886
21 21 24 7 46841 0.9823418347649793
27 20 8 21 64735 0.9777968503966302
15 29 9 0 109185 0.9370841846637468
27 19 23 1 66717 1.0355020077329855
20 28 14 0 106897 1.0251127309947428
6 27 28 16 107088 0.9018158005804797
20 11 13 20 46089 1.0408140393413425
29 18 13 2 102889 0.966602328589148
24 22 25 6 53624 0.9236025242138338
22 29 4 2 127515 1.069999743659382
3 11 18 11 45796 1.0693965715516864
23 2 10 19 81690 0.9569595604110672
1 19 21 17 79801 1.073892658100212
10 8 2 18 55694 1.0396578691151195
1 20 13 9 60340 1.0840214050082928
26 10 27 23 54584 1.0678824937313816
16 29 20 3 102403 1.0377595517208702
12 10 20 23 71657 0.9436913334145818
14 6 0 18 69704 1.0783470831340547
7 3 3 19 64800 0.9474099503976269
6 23 24 21 66065 1.0552129762647082
15 3 7 27 112607 1.0309259992561304
2 9 6 1 43746 1.067006920929535
3 0 15 17 92430 0.9409633789447643
29 25 16 19 61123 0.9941557125188589
10 2 21 7 58591 0.9039397220650242
25 13 4 16 72279 1.0699947293731367
8 22 26 20 68250 1.0203640411913515
27 25 14 6 94488 1.0687379757203423
22 10 6 19 83353 1.0444113156278623
2 19 24 29 100867 1.0689505063503462
12 18 21 10 52770 0.9317320686284316
24 10 11 14 46291 0.904259047452339
13 18 4 24 55836 0.9049618394152608
6 14 27 17 84357 1.0366911577838551
15 5 2 28 100545 1.0641880529579102
13 16 7 20 45663 0.9238745072966079
4 21 22 24 74179 1.0303059127860186
20 2 18 23 77415 0.9703482991228839
8 3 17 29 113648 1.0430273061394097
15 26 22 13 60979 1.0439709554216159
7 27 24 22 72687 0.9294740529606498
18 22 9 7 76895 0.985006200586743
2 12 17 9 55998 0.9030523916736609
21 27 21 12 46107 0.9163466943094579
23 29 6 2 122257 0.9619354322027448
1 1 28 1 98653 1.0738893684815753
15 0 20 25 97483 1.0578289086306834
15 20 12 27 34842 1.0754034532209662
12 10 5 18 60031 0.9981810927585182
0 20 28 4 120287 1.063639674340246
29 12 10 17 73666 0.9155113464619774
29 21 24 14 41714 0.9462291364840811
27 25 20 3 89481 0.9277789226003511
25 10 22 19 32524 0.9377543821792768
14 13 23 22 47135 1.0377247596046941
8 0 27 13 89984 0.9999503527423563
9 17 19 8 57663 1.0582676629385577
15 29 26 10 85250 1.0990503215605045
29 28 26 9 77156 0.9284128607188028
17 25 9 5 88970 1.021908377334737
4 8 25 8 73417 1.0486256093070314
14 20 7 5 74632 1.0252062847844416
15 29 19 8 84658 0.9595476087812923
16 10 9 21 57908 0.9286671943476045
5 4 0 29 77972 1.0785711768843975
11 21 9 3 64608 0.9772722335523853
25 28 4 22 81858 0.9654007201753328
18 29 24 7 82609 0.9578923822566623
16 28 2 5 102702 1.0330125646055257
7 13 21 1 74660 1.0450646114988134
14 22 4 6 89641 0.9770097327977062
15 16 0 11 63751 1.0616800083134754
28 1 25 26 99190 1.003719135866048
19 17 16 25 41586 0.9264113799336923
10 27 10 2 84499 1.048121836512283
10 23 25 8 81628 0.9373148911869419
11 12 9 23 46073 0.9816415952996296
8 23 3 28 38243 1.0127281809916777
10 13 11 29 54300 1.0660026469461243
8 6 19 1 60189 1.0642920536156497
27 4 9 28 120113 0.9628266482423448
17 2 19 12 33175 1.0628830248804624
23 11 11 27 70853 1.046610488347462
12 27 23 10 77280 0.9462521525807334
25 7 28 20 55331 1.03907280236083
24 10 18 2 41759 1.0220813973738516
19 10 21 18 35792 0.9947960081006941
15 23 20 14 50340 0.9069633754380649
10 1 21 15 70998 0.9825297581917516
6 0 9 7 29956 1.021106189821685
24 13 6 15 64501 1.0808969586708235
8 9 12 16 41885 0.987681203382943
24 0 26 9 40456 1.0398520754215455
23 12 10 0 75659 0.9488620215797112
26 25 1 4 120822 1.0114997215010673
15 1 0 2 54471 0.9864160223902566
14 10 11 0 45445 1.0520639265281857
27 13 20 25 55677 1.0827285131515625
3 14 11 19 46876 1.083544061990973
27 7 3 17 102944 0.9166911823672043
19 10 2 7 72940 0.9565981291531258
0 19 9 17 51165 0.916812495198824
28 22 1 10 105548 1.0314189338382644
27 18 25 29 48189 0.9761788791824503
1 1 12 17 74079 1.044737796840258
26 1 21 27 89826 1.0465991134069506
3 9 20 15 72723 0.9454403410168664
1 21 21 24 86250 1.0409841781872102
26 15 11 27 80179 0.9733827046413541
0 26 2 1 64028 0.9430332829942788
29 10 9 15 71311 1.0751128926086135
3 23 23 28 75073 0.9424991443152758
21 4 26 16 53285 0.9960084807718965
0 17 12 20 62122 1.0322801247386781
25 11 16 20 46016 0.9648616950253041
14 3 11 18 63456 0.912736428144584
8 14 3 7 48413 0.9273177885335934
19 21 21 4 59980 1.067500179720832
18 8 18 18 40640 1.0683937015422935
25 21 20 27 35098 0.9469394891284117
23 29 29 5 96199 0.912791528722689
12 7 7 20 67328 1.0352145769207777
26 26 8 11 90770 1.0707230301504032
9 8 11 23 57545 1.0198895481687351
19 22 5 6 98077 1.0035026321214706
2 11 5 20 38734 0.9238247981680004
28 15 12 12 55736 0.9775400395217085
28 3 6 1 90835 0.9254360149048478
19 8 12 15 40740 1.0736652221970233
21 12 13 5 53796 0.930687085695406
29 24 27 3 103013 1.013128341288962
24 22 16 25 40132 1.033341943501347
10 7 27 8 62119 0.9899088640242683
12 9 7 18 61825 0.9540018822782103
14 24 25 19 45022 0.9804283820642973
29 13 19 0 65412 0.9590114685303349
3 5 21 6 83555 0.9041744794269445
14 9 10 3 37609 0.944631573496139
8 19 12 11 47723 1.023490932858588
24 10 11 21 63765 0.9313888020848619
15 7 27 23 86280 1.086685118539912
5 14 13 6 49708 0.9457965820016884
9 19 0 5 73088 1.0957995383620367
23 3 7 29 120401 0.9180156075320173
7 3 22 10 74459 0.955444209034278
12 0 17 28 105058 0.9985408482934275
26 2 6 5 89848 1.0543024256839941
9 6 17 21 72664 1.0680503391179816
26 11 20 22 47611 1.0741760854423226
5 23 14 8 83446 0.9062062536235057
3 4 28 19 117735 1.0220158255790592
4 28 14 19 59693 0.9949131835658723
3 9 23 23 99569 0.9422521470985166
7 15 26 21 86234 1.0632519748615485
17 16 11 27 53868 1.0869263837105414
21 5 12 1 54361 0.9324600508986484
24 27 1 8 110508 0.9054337336515338
3 25 28 20 96208 1.0617278446861242
1 3 21 9 90027 0.9673255979212216
14 24 5 9 79824 0.9290020954976762
21 20 9 15 55918 1.0609453235636892
17 27 18 10 75736 0.9257705458618065
17 0 9 21 91036 1.058803587954833
26 27 4 19 101692 0.9520059000093197
22 29 13 21 43745 0.9604217976417833
7 10 13 21 56074 0.9279363753965725
26 28 0 5 128145 1.036566800053571
12 23 0 5 84725 1.01958542901025
22 18 17 6 45851 1.024493089967338
0 14 19 15 59763 0.9835853307356218
4 0 20 19 99037 0.9762219395239361
13 16 25 2 74355 1.0880370814983862
28 21 0 2 123448 1.0758029877932502
21 10 28 17 46240 1.004147254909222
20 11 17 28 65194 0.9142778909417858
12 25 9 13 49826 0.9874147236153744
21 6 4 14 72483 0.936557945234357
4 9 1 27 55974 0.9994309890308218
26 23 4 2 125065 1.0061601412134233
2 18 14 26 69717 1.0702667681516302
18 4 0 16 86864 0.9962093006210992
15 23 24 16 50419 1.098585715418015
24 25 9 27 56286 1.0586384086891765
16 1 2 29 116980 1.0891429436929752
3 8 19 19 82080 0.9159172730441958
8 18 21 29 75997 1.0596448694050618
15 19 17 9 40469 0.9103258901554679
24 22 17 28 36074 0.9925166341813704
17 25 27 27 46082 1.0206756311907315
13 15 2 11 44278 1.0907197238260475
10 4 27 20 90884 1.0006693764842498
11 12 6 25 62982 0.9252890963958604
21 4 4 12 78531 0.9749162468424835
18 23 1 28 71050 1.002833784724783
13 12 7 8 33138 1.021538346407983
8 17 12 2 62488 1.0426991971978303
10 0 4 13 62259 0.9440782874359004
6 29 4 9 82749 1.0824094093042052
8 18 16 4 82599 0.9003376115018854
15 0 6 22 103722 1.003284222876232
7 7 24 16 78094 0.9421221788250175
9 22 8 0 87987 0.9499251642876153
21 0 7 4 58197 1.0563323224495902
21 28 26 0 93220 1.0805306977498932
1 23 7 12 41300 0.9523307651568108
21 1 4 25 122500 0.970870024700941
17 2 0 26 110071 0.9521679549715378
29 23 9 18 85417 0.9176306454543525
6 26 22 13 85036 1.0641979862027724
2 0 12 26 104969 0.9440037493980061
25 23 5 5 116139 1.0079596777309567
7 28 27 27 59337 1.0479472658533415
2 17 8 22 43013 0.9059128587447053
22 27 27 4 83897 0.9747565482857748
19 14 26 24 54451 1.04970861638962
9 20 22 1 89314 1.098191931276658
25 7 3 3 98996 0.9661324574226212
3 20 4 4 57388 1.087499254780051
5 25 27 16 95119 0.9921649185765551
15 16 5 10 54892 0.9293195074835763
21 17 14 27 51001 0.9471101210105228
12 0 2 6 50184 0.9630350257631263
28 11 6 29 115268 0.9206428562903871
11 16 22 10 46206 1.018497458429846
5 5 19 14 72887 0.9368946837148466
7 9 4 18 58002 1.0219566122046777
1 27 21 28 63270 1.0524358512045737
9 18 22 29 75003 1.0237531558498554
16 29 1 7 99289 0.9499371573375934
4 19 16 28 68788 1.0764756323362639
14 23 26 16 58640 0.9015331547530934
10 24 21 0 101468 0.9408065585908796
15 16 20 9 42583 1.0684157653335962
27 28 17 29 33250 1.0930605512795426
20 16 7 23 70264 0.9987959060672073
9 4 29 13 81240 0.9007349015671096
11 8 3 2 45739 0.9909527572938956
20 9 16 3 33292 1.0227648650224919
28 10 14 12 52763 1.0727272900192124
25 3 19 28 94300 1.0092568926525198
0 3 15 24 105347 0.9939219711915971
13 18 22 10 47970 1.0005674483978104
3 3 10 16 73587 0.9639932982039107
1 28 22 18 90621 0.91502952433364
7 6 18 5 53338 1.0890967313409556
7 10 3 29 75178 0.9303795895717664
21 8 26 26 65920 1.0338770432113165
0 18 16 1 91729 0.9800569704466248
1 27 26 17 108773 1.0802966795643438
24 1 10 13 72782 0.9461241621523204
1 1 0 15 34364 0.9316529824285491
2 28 8 24 41872 0.975209326179568
15 2 5 29 117304 1.0072754741979644
11 27 22 4 89343 1.0788987902473597
12 13 4 19 51235 0.9816755078632545
0 23 16 8 81074 1.0711040777333805
28 5 18 12 55324 0.9939010987410959
21 6 3 25 105326 0.9434887820552399
29 9 9 7 77434 0.9148540545004079
17 24 6 0 107106 0.9207662763599481
10 3 17 24 89228 1.0364022639083759
25 2 3 3 89250 1.0644347717588076
26 3 4 18 115531 1.0212565796670197
14 3 24 20 83351 1.0615230444288637
27 13 11 25 73554 1.0330683357547814
6 14 12 8 40696 0.9410751938635114
9 26 23 19 63033 0.9095332689349623
13 12 21 23 60404 1.046922058262111
13 6 23 25 84057 0.9578570217578142
21 14 15 25 57966 1.0183009293833951
21 23 19 2 70548 1.0215146766923746
20 3 22 26 77122 0.9666321673407724
4 20 16 24 57897 0.9800217793797541
11 20 27 12 64053 1.0966327326035343
17 23 28 15 64970 1.048161800054189
19 14 1 0 77862 0.9933379384257436
22 23 27 0 78742 1.0611936092599838
0 1 18 0 62955 0.9703103139780638
3 27 6 1 84004 0.9516674475403508
10 13 15 7 36092 0.9119471068260808
3 12 26 4 96676 1.0767982318204479
27 16 4 28 104029 1.0125440444389961
22 10 0 0 96038 1.0169541446827262
8 14 20 2 68151 1.0596396039539677
2 9 6 16 47902 0.9729118407030364
6 20 25 18 76919 0.9238906028963818
19 25 7 9 98157 0.9282852008658273
8 16 20 22 66515 0.9659056687849883
20 11 12 16 38766 0.9546706656164248
16 25 16 15 37895 1.099200126816839
6 7 25 18 92895 1.035280262959778
13 29 22 2 96096 1.0567395808477507
12 23 1 2 85558 1.0948734716239124
10 3 15 26 91246 1.0322777730606776
16 29 27 6 97511 0.9748308753724378
11 18 27 28 70707 1.0030588382167747
15 0 1 1 47914 1.0602369720789337
2 5 18 12 72497 0.9524323817610058
22 17 12 18 32513 0.9405315866924185
28 28 2 25 86605 1.0653314124974225
7 5 28 28 123597 1.0203673404850306
20 1 15 9 45835 1.0496991590348426
3 27 9 22 44350 1.0951382480999208
1 16 14 29 72376 0.9857912971691278
18 4 22 24 68104 0.9415891178903654
5 14 22 27 90082 1.0624545750898562
27 19 23 10 39982 1.0553944319497819
27 29 3 3 144997 0.989697077223961
5 27 11 14 70040 1.099400343230296
13 29 7 22 42597 1.0769842539892238
27 26 14 6 98466 0.9735599210418009
8 20 17 9 69069 0.9252841431689139
25 16 3 22 94540 0.9330242026450273
1 11 17 1 77100 0.94522304175075
21 13 4 23 82075 1.0356365990908118
6 4 3 14 57086 0.9469871887968615
18 28 0 19 81853 1.0171670423423664
23 21 13 2 85198 0.9317723629189446
11 22 3 1 89743 1.0664133775295417
10 22 8 4 74298 0.9961266627787837
26 29 17 3 98707 0.9310857667495002
16 28 19 15 57709 0.9356199346949431
15 15 19 25 58845 1.0423930000953165
1 11 6 23 43628 1.0864496146116398
1 28 17 8 88837 0.9658646191731834
9 12 3 8 39948 1.0150568165658915
29 3 15 2 67809 1.0005705695496063
23 4 0 23 111422 0.9923475377182923
28 16 18 23 58144 0.9613292417836644
22 13 10 26 66452 0.9935003633552338
4 10 20 1 86157 1.0283907168151845
7 18 1 5 47447 1.0108041971405408
9 29 23 8 95301 1.097353793045792
8 20 28 13 80249 0.9160621588734722
9 21 21 6 79820 1.037574404799009
29 4 6 6 108609 0.9300801128555227
26 0 17 9 55053 1.0323255108064797
17 8 7 25 86996 1.0444321798878182
1 9 6 16 41566 1.0684517721533162
29 3 13 17 95092 0.987302933180667
5 0 12 14 64345 1.001823131566925
15 15 26 9 54275 0.9944658642721692
23 21 2 26 85112 1.0521769255085391
12 13 13 4 38767 1.0199099546703854
6 13 14 17 40817 1.0711274558195223
5 14 10 19 47223 1.0121593021023167
14 9 2 19 70428 1.0142108785958026
24 24 5 18 90079 0.9747866295394133
29 20 15 24 66659 0.9411636280720738
29 7 7 28 126228 1.0802295464237175
27 28 1 13 107910 1.0632851506170744
26 16 16 13 39068 0.9261199764021874
25 8 15 14 46585 0.9458829806126314
9 15 22 14 44361 0.9625027821293014
6 23 23 17 72074 1.0350036853598035
9 16 7 25 54667 0.9831486415962168
3 28 18 4 115029 0.9502424254496713
0 4 28 26 139690 1.059767260400411
13 8 4 13 40452 1.0277142597520195
22 2 3 24 114776 1.0254404565092043
18 27 0 4 115076 0.9728374674197645
21 6 15 12 40279 1.0564510033299983
20 15 29 11 44333 1.066824823280081
17 12 19 20 32414 1.019185937830647
7 23 5 5 81408 1.0028525018626695
19 28 15 20 40687 0.9023945278965328
15 5 6 1 48015 0.9132328081843717
0 9 16 17 69757 0.9604449433691027
0 1 8 12 54849 0.9694999695697343
6 9 26 21 96736 1.0620839687879697
24 14 4 16 70836 0.9021981913709524
6 14 19 19 62803 0.9801276522197652
17 22 12 7 68886 1.077166575969181
6 1 22 22 103169 1.0687722993954019
18 16 28 16 52912 1.0266371990337386
4 3 21 24 123947 1.082152254470397
22 9 20 22 41397 1.0921667477160246
22 23 4 15 85372 0.9292337280355352
4 24 20 8 94910 1.0167088448425425
9 12 23 2 70452 0.9277383722084259
6 26 25 17 92848 1.0987744697617854
2 4 12 5 56407 1.004063824355398
14 24 17 15 43560 0.9814490154340079
1 20 5 11 33444 0.9844593481353527
14 17 19 24 51388 0.9957341081220661
5 23 9 5 87059 1.0757614066268817
27 18 0 23 103094 1.0950449070034036
6 20 20 4 100387 1.0957887991445083
27 9 0 5 105404 1.012757984736214
21 1 14 19 68588 0.9185640186587696
8 27 3 20 45647 0.9216312440008695
19 13 5 2 69450 0.9121481541106825
9 3 23 26 101029 1.0653100411401257
3 3 8 12 56717 1.0583769460774017
20 27 27 10 70506 0.933037700763226
25 22 5 10 90768 0.9690029971727949
21 22 5 16 87841 1.0497299636184934
1 6 25 10 89855 0.9036077601157498
17 27 16 17 43464 1.0920097995291538
28 8 16 17 65002 0.9701499800815125
16 24 21 2 83199 0.9996541285606316
16 2 5 5 52022 1.0416430234302951
3 22 14 11 68611 1.0900440674052705
11 18 16 10 38320 0.9199791852044952
0 18 1 8 23101 0.9065714560347166
15 17 26 17 50033 1.0716493630956339
23 17 4 1 106655 0.9889450167881415
26 8 13 14 50668 1.0904660988898411
11 27 5 7 87912 1.090175269441097
20 21 1 21 72247 0.9228927281297999
14 26 5 28 32423 1.0201658817864006
15 23 27 8 77352 1.0778549109056255
3 6 26 8 89750 0.9144536745405405
27 4 12 26 111151 1.0146635466051994
25 3 28 26 99813 0.9582485556808794
13 0 28 10 75608 1.023875540522039
8 11 12 19 36439 1.0758773159418387
1 13 11 17 41068 0.934630208748338
23 3 12 22 83056 1.0285535585416896
4 12 26 10 73140 0.9235643173979179
19 27 18 17 55793 0.9986624424146653
20 21 9 21 41207 1.0413604922858672
15 13 2 8 53497 1.0156594216855546
3 1 26 17 115625 0.9988491404308342
10 2 21 11 56260 1.075061618474603
15 16 2 24 79404 1.0548129692492343
12 7 26 11 60481 1.0783693935398806
6 9 10 3 39456 0.9571653154919957
25 12 13 11 42496 1.0734702089322234
13 29 26 20 63262 1.0863851598293743
26 19 20 27 41270 1.0865985375879765
11 17 5 28 55431 0.9842856126802972
2 19 11 20 45213 1.007836831094085
29 23 1 4 129849 0.9946123558359153
16 2 27 29 106554 0.9208536564857717
22 28 5 6 116686 0.929713556477407
1 1 18 20 97269 1.0109325930004789
10 12 2 19 45923 0.9427828661384721
19 19 24 24 24897 0.9810093605570452
25 29 2 21 97737 1.0439640354300297
16 29 24 3 100271 1.0104091639665453
25 17 9 1 92896 0.9548353527506118
23 27 1 23 80331 0.9074359527679695
23 18 9 28 66914 0.910035113730205
29 1 8 1 81019 0.9582051470669657
21 4 0 21 100525 1.0494807440440943
16 20 18 10 44074 1.087225075603709
26 13 10 18 61067 1.0405782729460014
11 2 9 19 62851 1.0715383043090114
1 1 0 15 34364 1.0873632939597355
1 10 22 20 79842 1.0911828801985548
21 2 20 29 87671 1.0160295373038297
3 6 8 21 67252 0.9215958338468558
0 6 25 7 98513 0.9284024626292157
24 29 22 15 44059 1.0250549293120883
6 17 4 4 66592 0.907420521323628
10 12 19 2 54917 1.0175620406893808
13 16 25 13 41056 0.934536743923744
13 2 5 27 110577 1.0562701734126614
11 8 28 25 95766 0.9190698676884853
6 2 14 12 53806 1.0459603385545195
26 0 11 24 105732 1.0053856481160304
6 0 25 28 128850 0.999270251072558
14 25 22 13 53414 0.9528830875445544
20 22 5 7 98246 1.0891961389507336
19 26 4 3 130824 1.092487804340341
10 29 5 17 70712 1.0349330359961002
14 8 26 7 43083 0.9258404263340707
24 16 19 5 41044 0.934197900597455
14 1 21 16 73839 0.9592432759314922
12 27 7 8 81426 0.9658351928155073
0 7 10 8 43082 0.9248114857072091
28 27 0 3 143843 0.939678026184884
29 23 20 2 93277 1.032307629856012
28 27 13 28 44426 1.0765753004550478
5 13 23 9 61416 0.9438434497365755
7 28 4 20 38361 0.9193884972118836
16 2 8 9 55253 0.9043499930862089
9 21 3 1 77983 0.9741265149530116
24 20 8 28 68564 0.9388651299339771
2 4 0 15 34949 0.9298066019117054
11 4 24 10 61770 0.9223063890981892
9 10 28 29 105294 0.9011805323626896
1 26 29 3 141834 1.007463678812996
20 10 4 12 54847 1.0427082841895021
16 19 11 10 41622 0.9001851365873271
3 14 11 25 67155 1.0462285418517374
16 21 29 16 59242 1.0167352732673873
5 26 14 25 44192 0.9578840185980133
25 28 22 6 66322 1.0577050024124013
20 4 11 3 48943 0.9306623840116451
22 17 7 2 82395 0.9474009698343152
10 6 14 21 59477 0.9414115082471555
26 29 21 9 74522 0.9084240329902646
9 8 11 0 34065 0.9131883898404501
24 28 6 16 101181 1.003679602532916
0 27 5 9 65256 1.0387267983840016
6 8 24 6 69390 0.9277201145801853
26 6 11 29 104489 0.9162147512377713
1 21 6 2 55312 0.9274234207944735
21 9 3 29 107355 1.046539105719455
1 4 23 4 95821 1.0636551930179514
27 3 4 6 109526 1.0792700778947242
22 18 3 22 72780 0.9933775056181897
28 5 26 14 42045 0.9306562224759332
11 17 12 7 33480 1.0507222488365087
1 10 15 26 90303 0.9539091744846125
4 10 26 25 106802 0.9567900363130566
22 26 2 9 105783 1.0355770518243932
9 18 4 29 66811 1.0600812535299682
26 25 5 4 124111 0.9973229552154151
19 0 20 28 91548 0.993195233182933
16 26 5 22 56135 0.9514726414180608
20 5 6 6 64148 0.9558553894447779
6 13 17 10 39197 1.0087679367811606
26 3 12 15 79870 0.9422679477423789
28 11 12 17 67986 1.065443290116055
14 26 17 19 29887 0.9417461483527465
6 11 23 24 79367 0.9442453352259956
18 23 12 19 30806 0.919363606957516
19 5 7 13 50408 0.9265293761175047
19 0 7 21 98631 1.0870503649503935
17 19 5 0 90773 1.0859163393102738
10 2 15 7 38943 1.051072238074771
11 13 8 25 50935 1.0781009772368308
29 0 7 26 138258 0.9977393192782863
19 3 29 28 95904 1.0765557244823842
29 2 0 17 127158 1.0180517908371427
0 2 12 25 94989 0.9085470604927328
23 1 11 14 69810 1.0514082985939612
4 11 14 22 67805 0.912876671752197
18 3 29 7 61548 0.9253565926877116
22 18 27 24 35610 0.9185262454350742
21 26 17 16 52217 0.9770966858279433
27 24 16 18 52048 1.0087610676632557
6 1 25 25 120620 0.9375986351364356
5 26 26 14 103092 1.0983347318488486
24 7 6 19 99398 0.9691224451152434
14 29 16 5 90280 0.9268214219885671
25 26 16 11 67865 0.9842409408518065
28 13 4 25 102682 1.0498632410550726
6 29 24 12 97473 1.017399134906488
4 12 22 10 60827 1.0865573493232576
5 26 12 7 90048 1.0316836398825675
16 24 1 29 64424 1.064111708983548
19 9 13 24 64728 0.9773244651054382
7 10 25 5 79560 0.9241064442400494
0 14 19 28 90932 0.955077471226955
28 23 11 16 69875 0.9143500329091189
22 11 15 22 46310 1.006987792059217
3 12 3 29 49339 0.988797961422633
11 6 8 16 41675 0.9839751740579455
7 1 25 17 99649 1.0598373351885608
3 16 12 9 56893 0.9875042824662151
7 21 23 11 71751 0.9274462644976599
16 25 18 3 85782 1.0197309927451328
15 12 9 16 33498 0.9842071869807553
12 29 24 3 110885 1.0822970585102636
14 22 3 5 94346 0.9340796702112266
23 16 8 4 80351 1.0049090992778504
7 26 25 25 76805 0.9390910790546398
21 4 23 14 36913 0.9415247967598521
11 14 18 25 59356 1.0299593922236987
22 11 28 4 45852 0.9609972050250785
28 16 8 13 65826 1.0758618897483863
5 18 21 29 90159 1.0141777940072352
8 8 21 7 54767 1.0201708813836572
18 14 5 22 79482 0.926231690218848
21 0 14 11 54791 0.9599086085674785
27 4 7 2 88743 1.033235618222265
13 16 26 2 77729 0.9482695810492257
27 24 16 19 48045 0.9738873133801085
17 7 12 19 52927 0.9474753389650206
20 3 10 13 55181 0.9611139609123605
12 0 28 4 73188 1.0289865400170761
13 9 12 25 66203 0.9844929683476343
15 25 11 5 72546 1.0991847044347056
20 5 13 24 77087 0.9502433226717546
7 11 27 19 74553 1.0164157172006263
17 19 5 15 66463 0.9246544903351258
24 11 0 6 85419 0.9556999291520495
20 23 14 16 53280 0.9742282132571068
26 14 1 1 96033 0.9036924756720255
25 14 10 23 72669 1.0811461129637752
24 9 22 26 52899 1.076283882385646
11 11 22 2 58180 0.9551997175934552
15 15 20 22 48261 0.9570293525658004
21 25 15 17 50312 1.0067887543185565
24 10 7 10 60790 0.9722530128127957
18 16 29 11 51039 1.071744873005946
19 10 28 20 51944 0.949481306666019
1 8 12 8 42317 1.016054591351144
11 25 5 15 71268 0.9913879024733963
16 6 29 5 59914 1.0195713576745766
27 3 27 15 57352 0.9163706962833851
5 7 10 15 52185 1.018358983490254
14 1 25 8 56754 1.0013918933613872
8 17 14 27 59368 1.0952030564236153
28 11 7 17 90148 1.0906283920622521
19 10 1 23 74117 0.9999636241414834
19 1 0 3 70815 1.0701747472520629
13 4 16 28 97301 1.0425717426634624
2 14 7 26 57960 0.965593408330605
27 20 17 16 46890 1.0732378948630033
28 27 14 1 123980 1.0569989702641596
5 22 8 6 82520 0.9356122443647357
17 28 22 9 64878 1.077595070183846
20 21 25 1 72997 0.951755075007911
23 21 19 11 36547 0.902177507956675
2 15 9 8 49626 0.9057027216569588
10 29 7 17 67610 0.9965343329621109
6 27 29 1 147761 0.9958866759882079
8 19 29 2 118980 0.9720381494223858
29 10 6 9 88224 1.0368748176687084
24 9 1 6 88850 0.9761763175492518
10 0 13 13 47518 0.9995260265021878
18 13 6 10 42485 0.9618512998894863
0 5 5 24 59352 0.9681220521838256
18 1 3 5 70991 1.0134622851475708
26 11 12 28 82801 1.093453969509531
2 25 11 27 39890 0.9417012451234802
24 24 19 4 65552 0.9235304433812367
23 28 11 0 110501 0.9260986102626937
29 8 15 16 70068 0.977174634609983
15 14 26 7 53831 1.0461168175593376
7 22 4 7 74508 0.9342817950408906
19 0 12 18 73331 0.9454848522188247
10 0 17 8 46613 0.9838958795564527
29 5 1 25 129688 1.0992536165692326
25 15 6 18 90458 1.0769824682903009
0 19 14 3 92428 0.932015662232568
28 23 22 13 47230 0.9780217419216461
9 2 28 15 89829 1.0541189221566971
0 25 4 16 40219 0.9472269714226593
20 24 27 7 75223 0.9868089835157746
11 24 17 15 50158 1.0077688116027201
29 5 27 28 99505 1.0564158219288635
14 3 27 17 90640 0.920964357081347
27 23 2 8 115411 1.0793095650809992
26 6 10 26 99650 1.0551649984813438
9 2 7 29 104520 0.9899410443593313
26 22 27 8 61307 1.072772558376144
1 2 26 1 91512 0.9088226082888812
23 11 16 6 36918 1.086819357189353
17 15 27 21 56089 0.9443327405715715
14 2 24 25 94490 1.020698122251966
1 14 15 28 74975 0.9425161742312858
14 27 29 4 112685 0.9194764838077106
28 1 18 3 49904 1.0809443562179224
12 27 17 5 87908 1.0267526349409908
19 2 9 0 39051 0.9633479036332828
11 9 4 22 68243 0.9839841696894922
5 13 19 24 80371 1.0168237411310042
5 26 16 16 71405 1.028715225850968
19 9 24 2 35673 0.9121872484557326
12 2 15 15 56611 1.0014347299942672
14 17 27 9 68478 0.9458067557580117
22 20 8 18 55528 0.9307582297487625
21 9 22 24 47042 1.0383634980134648
15 11 16 27 63833 0.95069251986978
5 12 18 21 75286 0.9616327205330361
11 13 14 20 35843 1.017597562863735
0 27 29 7 133025 0.9694183783568386
9 6 29 6 84308 0.9386346988524906
0 20 5 0 56351 0.9536455114362372
6 21 22 28 67549 1.0351221284694825
21 29 19 18 44309 0.9120571297642773
6 26 10 9 82977 0.9694722274412679
23 23 22 6 46698 0.9534438048899871
1 4 13 25 90144 0.9546554001359558
11 7 13 22 51217 0.9527498049780281
28 21 3 27 98835 0.9808957307394092
27 16 24 1 69800 1.0087586318264925
16 0 17 23 88101 0.9329393494092844
24 28 6 15 105276 1.0657374709919605
8 11 20 9 44060 1.0109508565375203
9 6 29 15 87574 1.0900294296143558
27 19 3 10 95253 1.065926597270122
7 9 17 29 101294 0.9424547024911907
17 22 5 9 83449 0.9077317712739572
10 1 8 28 97702 1.0074612454807765
20 23 5 28 64557 0.9841010896957764
3 20 12 3 81443 0.9930446239039166
26 13 3 5 94570 0.9016187776663565
1 13 22 6 73139 1.0205304509296977
7 26 26 9 102239 0.9753194266759918
26 21 23 0 72477 1.019477642999393
11 27 25 27 46586 0.9244744370477942
10 0 7 16 73594 1.0705574704240717
14 16 3 6 72584 1.0237845852539786
25 14 7 4 82214 1.0040113705152371
24 23 9 19 56986 1.0564829913353582
19 6 8 29 102064 1.0660701433562365
26 16 22 24 39156 0.9676702419903779
8 5 27 9 79754 0.9484797854266809
21 15 9 14 42395 1.0731199431908591
25 22 7 17 81676 1.032831433733354
8 1 29 22 119551 1.0762214155294474
26 28 23 19 33506 0.9302119309837328
3 0 11 8 49177 1.017721133144867
22 11 26 24 49934 1.0530611010412172
0 20 20 5 85750 0.9800286051838403
5 12 14 16 46085 1.0232175837976603
12 13 22 12 26184 1.068403585344226
12 24 20 2 90668 1.0794682573448708
10 27 13 12 61555 1.0361402568015987
