7907 8577 6328 7222 7227 6667 7646 7717 8285 8177 6855 6311 7533 6698 1357 1844 2145 2907 3432 3719 1394 2185 3874 3905 2946 1572 3022 3505 3383
5990 5683 4102 6234 6018 4547 4890 2833 4510 2674 2117 3354 2186 3660 3962 3398 3489 4320 2289 3769 2829 3628 4297 4587 2999 3617 4319 2565 4589
3569 5063 5361 5133 3574 3727 5396 5017 5478 4729 5538 4190 4059 5716 5530 4997 4771 4090 5968 4437 6551 5473 5917 4425 4496 5820 4344 5993 6228
2206 3156 5991 5399 5348 4393 6240 5246 5438 6270 6435 4454 5088 4362 4374 5170 5018 4194 5520 6201 4902 6319 6700 6516 5258 5789 4260 4557 5117
8282 7727 8102 7123 8245 5720 6794 7811 7970 5924 7255 7062 8149 7969 7459 7030 1469 3332 2813 1596 3491 2761 1443 3767 2381 1824 2486 2121 2407
3807 3662 1617 2779 1599 3744 2629 3790 1926 2289 1210 1520 2013 3168 2846 2841 1766 3715 1525 3785 1585 3576 1570 6289 5785 4698 4839 4929 4472
2003 1800 1711 3655 2020 1308 1489 1901 3183 3477 1099 3742 3397 3285 5693 5193 3452 5070 4357 5672 3449 5500 5522 4834 3292 3982 3405 4830 5660
3266 2132 3292 3103 3980 3981 3511 2278 3194 3545 2100 3135 4353 3783 4011 3220 4445 3988 2165 3551 2759 4174 4254 2754 3986 3456 2687 5414 6531
5443 3139 5645 3848 3492 4880 5626 4250 3249 4710 5572 5100 4388 4711 5366 3539 3335 5032 3255 5104 4485 4731 5658 4887 4983 5655 5444 4152 4422
6075 4064 5512 4692 4474 5684 3930 3195 3254 3376 3718 4427 4233 3210 2360 2559 4613 3214 2927 4251 2293 2691 3736 4447 2513 4083 3490 3003 4660
1643 2204 1696 2711 3124 2757 3145 1557 3547 1519 2797 3411 1657 2344 2442 3392 4345 3661 2647 4628 3847 2331 4095 4639 3943 4613 3152 3004 4643
6621 8261 6225 8318 8270 7726 7167 6402 3385 2492 2107 3121 2292 2610 1052 1436 2761 1077 1749 1153 3359 2748 2382 1179 3481 1137 1661 2959 2588
1156 1651 2519 3685 2993 3021 2683 1637 2745 3677 2725 1576 3145 2680 2717 3428 2931 1385 2318 1314 2124 2276 2595 1803 1406 3106 2890 4856 3594
2777 3847 3904 2179 3115 3680 2275 3374 2414 2415 4676 3673 2194 4008 3558 3762 4801 2807 2840 6787 6621 8622 8238 6732 8430 6292 7247 8476 6667
7097 6980 5296 7115 6077 2434 1882 2047 3280 1421 2875 2547 3481 1510 3047 2895 1202 1545 3360 1958 2379 1653 2775 3432 2818 2674 2179 1174 1783
2471 2074 3487 2021 2148 3914 3750 2232 3651 1797 2175 7259 6763 6113 7372 8084 7370 7091 6960 7511 6036 7174 8554 8375 7684 6323 7929 6404 6365
3590 3227 1786 1902 2220 3439 3720 1615 1279 2664 2151 3352 2662 4215 3592 4139 2543 3913 2082 4014 2490 2171 4512 2540 4529 3365 2794 3923 4575
6167 6265 7006 5996 5905 6629 6986 5933 3681 1619 2240 3893 1671 2166 3292 1913 3416 2963 2549 1691 1961 2126 2044 3006 1720 3803 3028 1868 3383
6662 7869 6002 6936 7323 5780 4672 3818 3721 4243 2984 3872 4388 5045 4982 3433 3564 4323 3742 4842 2635 3444 3011 3833 3589 3541 4934 2546 4013
2321 1859 3852 3856 4259 3810 2937 4195 3599 3922 3783 3244 3406 2728 3683 4168 2436 3561 2727 4177 1890 2994 1827 6939 8073 8850 7740 6359 8675
7133 7159 7074 5796 5674 5510 5584 4932 6995 6001 6553 5311 5037 7135 7321 6484 5876 6089 6938 6134 7518 5782 5287 7472 6294 5850 5214 5321 6284
4192 2192 2024 3541 2588 2262 2123 4198 3473 3683 3222 1772 3015 3962 2426 1702 3534 2048 1659 3966 3302 3441 2249 2787 2085 4248 4220 2892 2144
5755 3329 4693 4735 4713 3534 5682 4510 5342 4954 4361 3746 5004 3243 5800 4961 4557 5303 5380 5330 5570 3910 5320 4225 5917 5055 4946 3679 3738
5846 6931 5429 6041 5853 5009 6700 6163 4942 5063 4946 5410 6149 6857 6166 5024 6050 6564 6953 7488 7154 6928 6442 6880 7991 7385 8055 6474 7263
1813 2699 2901 3909 1667 7242 8014 5559 7983 6196 5654 7259 6591 6139 5521 7362 7364 6443 6507 7811 5831 7062 6343 7700 7623 7183 6658 6227 6914
3342 4129 4764 2372 4089 4714 3206 2249 2496 2861 3181 2325 4716 3150 3053 4411 4676 4468 3016 3029 2504 2920 4014 3630 2739 3958 4682 2392 5165
5453 4150 4742 5904 4070 3896 5487 5866 5255 5236 5312 4897 5079 4433 4381 4527 4874 6031 5198 3711 4269 6212 5282 5867 5289 3651 3815 5011 4552
7083 8199 8080 8175 8881 7659 8112 6429 8692 7994 7829 8795 7994 8600 7496 7792 6362 6336 7346 8506 6345 8188 3380 4177 4240 5347 3316 3543 3918
3672 4150 4495 3834 6262 5189 4000 5251 6244 4662 5382 6233 5033 4176 5517 5096 4164 5905 6072 5310 4638 4050 2747 2343 1581 2862 1407 1965 1829
2433 1463 1787 2638 2150 2818 2654 3205 1948 1688 3672 2325 3161 1929 1756 4183 1808 2009 4172 2951 3420 2685 3203 1974 2861 4203 3354 3004 4288
7398 5509 5960 7260 4654 3808 6612 5451 4133 3836 3093 4260 5050 3378 7598 5978 2853 8325 5930 3905 3017 4178 5504 4513 6644 5768 2982 8237 5368 4010
6410 4510 5660 7828 3683 4683 1877 3560 5081 1278 1763 3135 3864 2851 5970 5665 4452 7157 6747 4513 3886 5152 6283 4684 6109 6213 4040 6477 3483 4305
7142 4163 7373 8547 3457 4346 1668 4333 4221 3076 3592 3309 5033 4360 7184 5445 3740 7407 6086 6213 3602 4793 5224 4538 7608 5789 2518 6770 3518 2582
8593 6387 6290 7431 3859 4708 2894 4995 3956 3378 3467 3274 5249 2899 6427 7113 2789 7553 7320 4300 2954 3967 6181 4122 7748 4797 3141 7487 5337 6540
8647 5614 7133 7069 2793 5381 3074 4912 5920 2960 3026 4422 6281 3829 7457 5512 3792 7088 6047 4874 5435 3332 4886 5930 7117 5591 2994 6045 4401 5880
8593 6272 5832 7276 2705 3994 1962 5681 3823 3819 2847 3789 4192 4777 7584 6451 3083 7040 6264 4734 3937 5265 5168 7205 6347 1937 4029 6739 4671 6854
4582 6303 5854 6842 4619 4375 2478 5407 3200 3303 2052 4188 5281 3057 7630 5160 3111 5679 5703 6347 2923 3152 5037 5794 5909 2662 3602 7357 5457 7118
5012 4198 7403 6784 1909 3578 3573 5116 3209 1251 1593 5174 6080 3039 6962 5572 4676 5916 5671 6812 3053 3085 5609 6488 6384 1785 2490 6909 4322 7130
3107 4483 6775 7528 2986 5055 2857 5704 2109 1455 1621 4249 4850 3925 5990 6742 3881 6845 6718 6679 5082 4515 6369 7206 7534 2759 4329 6874 3264 6059
3569 5006 5953 8791 3322 5773 1742 4426 2650 3198 1863 4618 6239 3690 4798 7302 2670 8108 7176 6322 5366 2886 5258 5962 7083 2881 2071 6644 4262 6591
4265 4167 6643 7436 1301 5710 3867 5174 2823 2225 3540 5263 6280 4887 5177 7475 3329 6235 6551 8295 4659 3861 6965 7814 6567 1761 2300 7990 4192 8278
3656 4136 7682 6875 2373 3576 3737 5778 3696 2256 2419 3426 4795 4783 3330 7921 4875 6751 5162 7768 5795 8431 3449 8145 7232 2462 4014 8464 3785 7297
2682 4020 6059 7250 2761 3563 1546 4847 2291 1765 2596 4608 4863 3349 4576 8079 3931 6342 7546 5904 4988 6448 3995 6083 5976 3315 4133 4342 4837 6911
4758 5629 6079 7406 1979 2396 3211 5331 1855 2077 2253 4248 5364 3448 3794 7780 3374 7952 7358 7163 6649 7276 3131 5626 6632 2125 4096 6288 3823 6654
3018 4998 7457 7698 3528 1106 2413 4213 1841 3400 1755 3858 5043 6585 4352 8538 2564 7055 5691 8384 5900 7336 2852 6166 7846 2003 3588 5339 4291 7815
3910 4468 6226 6394 1259 3287 2779 5098 3225 1903 3207 4714 5961 5143 4450 6732 3752 6417 5456 8142 6421 7077 2331 7403 6782 2163 2269 4934 3792 7663
3714 6103 6379 6880 1093 2231 3611 5037 1414 1733 3781 3647 4904 5864 4588 7127 4313 7347 4957 6018 5974 6973 4065 6710 8064 2772 2743 4339 4091 6113
4575 4163 5824 8490 2804 2655 3163 3853 2612 3556 3248 4583 4777 6225 3406 8585 2858 7682 7489 7625 4611 8577 3276 7659 5903 3112 3389 5924 5011 8327
4647 6500 5661 7395 2634 3561 2419 3353 3066 3410 4024 3605 3907 4658 2790 8569 2357 7302 6805 5783 5545 7776 3791 7672 6133 2579 3248 4696 3266 6190
3002 6311 4354 6281 2640 3521 2509 5736 3354 3436 6022 4686 5491 5988 3011 6320 4467 5915 7570 6177 7002 6683 3287 6491 6204 3617 2356 4976 5052 8168
4624 4126 4791 7326 2325 2191 2142 5112 3292 2377 5759 5123 4281 4776 4945 6227 5750 6793 6504 8162 5851 8202 3384 7320 8371 3286 1848 6441 5677 5937
5213 4921 6603 6397 3317 3103 3064 6526 2274 1272 5874 3799 5520 6356 4577 7133 6147 7852 5840 6942 6259 7423 2572 6606 8245 1744 3562 5534 3693 7182
3694 4326 4003 8471 1982 2637 3214 6957 2891 3115 4698 3201 5942 4700 3080 7763 6189 7488 7013 7108 6844 8355 4480 7347 6568 3520 2989 6315 5701 7586
3509 5017 6452 6739 2305 1163 1843 8248 3182 7636 6856 4530 5487 6708 3603 6317 5889 6040 5586 8313 5687 6907 4446 7206 6231 2465 1995 4287 3121 6303
3569 5685 5568 6481 1203 1018 1784 6751 3630 6732 5280 5155 5630 6930 4523 8553 5536 7545 3751 6674 6143 7588 2432 7872 6792 3671 1187 5609 4561 8062
3574 5281 5369 4203 3639 2146 1891 8591 3146 7994 4945 4243 4218 5838 3405 7433 5174 5716 4558 6447 6093 6879 4768 7492 6273 3713 3376 6426 4763 7520
3051 5944 5380 3902 1525 2938 3310 7018 2935 6607 4920 4348 4453 6611 4139 7715 5469 5994 3327 7609 6031 7477 2646 8024 7705 3358 1196 4842 5015 6833
4642 4907 6558 4287 2239 1465 3613 8131 3742 7974 6922 5934 5066 6714 2950 8611 4328 5961 3152 6723 4970 7159 3783 5862 7228 2529 2887 5870 4352 8432
3514 4488 6290 3830 1362 1020 3960 7225 1785 7428 5953 5788 4698 5625 3676 7699 4619 6492 2035 6246 5194 8735 4596 5705 6825 3693 1308 4635 3795 6483
6 8 22 27 86724 0.9779604626171253
26 14 7 3 78361 1.0047962480079995
26 15 10 13 69088 1.097977837346185
12 29 28 14 92329 0.9195580979681406
19 1 12 14 46380 1.0896589759033686
23 10 19 16 35040 0.9258559020532368
2 16 4 6 37627 0.942469921831382
18 3 4 26 85201 1.0284203113712465
8 6 11 24 46591 0.9913398743832254
5 26 22 22 55610 0.9912042601610289
11 28 19 5 68249 1.0714842947048988
0 4 9 22 77039 0.9098326008265416
0 16 29 22 114507 1.0334415731696176
10 26 25 0 91593 0.9251255781522628
9 26 0 10 66472 0.9561248732871646
0 19 15 7 65791 1.0066849245919742
6 27 27 15 105731 0.9577002719012311
14 20 9 4 49758 0.9312706714393029
21 16 19 26 33523 1.0583026974111063
4 12 12 8 27732 0.9562636462251742
26 10 19 21 62696 0.9171005987033369
9 14 26 12 71985 1.084773072127515
19 6 27 19 68092 0.9853310064390907
5 21 13 1 66904 1.0697399926608928
8 4 1 26 72465 0.9543948278781491
6 21 1 9 44220 0.9739679046814191
19 3 15 22 57268 0.9432100356662104
24 25 4 11 86567 1.0876118258078407
21 24 29 29 33969 0.9233643945738894
2 2 23 2 77012 1.0408826128695707
1 15 6 6 37732 1.0563145119696304
15 0 11 12 35680 0.9955552923485027
15 20 4 11 56736 0.9811276842146543
5 2 7 19 50763 1.053285591768704
21 0 7 16 72034 0.9931390181615789
20 21 22 0 74299 0.9090022928274736
16 13 5 5 43861 1.0889572311403675
27 10 18 15 54208 0.9071210284292075
9 28 24 1 94775 0.9466531314650174
16 11 8 9 21510 1.0451563366410275
4 22 6 11 34646 1.0636225542466287
3 29 24 17 104902 0.969588009603315
22 21 19 10 47177 0.9432582872819476
28 8 1 13 80620 1.0340330150384143
16 22 28 24 46010 1.055747866670598
4 13 14 7 32629 1.0836507918743696
13 7 2 28 78473 0.9623845104513635
13 25 14 15 26142 1.0882265955772363
18 4 26 15 54324 1.055713300044017
12 1 13 24 63604 0.9156181958147486
13 27 22 16 61134 1.019809831525242
5 17 9 4 39634 0.9823228717484781
3 27 12 28 37621 1.0278501682612142
22 6 4 22 80106 0.9503818651080931
18 5 0 21 79105 1.0392076412022222
16 8 22 21 54732 1.0306946376927235
17 12 16 23 32325 1.017082163535342
26 21 25 1 76087 0.9732846295071056
2 24 6 3 65006 0.919963245617837
3 9 15 26 68563 0.9533624536211015
13 24 5 27 33166 1.063684689324148
19 27 4 17 72083 0.9727800589195964
15 17 18 29 48107 0.9192971885333935
16 10 2 7 45388 1.0034955398344465
0 8 29 6 84868 1.0740203093997847
0 17 26 6 90140 0.9806804546802346
16 16 8 0 59617 0.9140483535214253
8 16 0 20 37331 1.061822018719094
23 2 26 24 86839 0.9662863101685106
6 24 7 3 65637 1.0114303709535495
11 9 21 12 34590 0.9951282953066579
26 13 14 27 76245 0.9772711343570799
18 23 0 24 63773 0.9308990249433188
13 9 6 3 28917 1.0663918897411946
25 20 17 0 87307 0.9636541260932034
25 23 3 1 120321 0.9719628201081049
12 15 2 23 57362 0.9075184930427842
23 25 10 18 55049 0.9661711438996461
10 6 22 22 71255 0.9067122899081816
22 25 18 11 51882 0.9407858736232251
12 3 9 10 24627 1.044550571416211
20 8 14 13 26083 0.9161841934931737
6 15 1 9 30189 1.0022960669999064
23 22 9 14 64378 1.042239882992495
27 17 19 9 60431 1.0632176776909945
19 6 13 20 51937 0.9247150883106832
17 18 6 16 46855 1.0174615594518988
15 28 4 17 59180 1.0523237145780642
20 11 22 2 38840 1.0678317995906037
6 11 8 22 44403 0.9210643832493354
14 28 1 29 55570 1.0220643652437547
16 17 1 9 58676 1.05686845764628
8 26 0 14 55027 1.05380521594512
25 28 9 13 79065 0.9840322020620039
11 1 21 8 44185 0.9299873102541947
1 4 24 1 71143 1.0008002061827095
24 10 1 22 99438 1.0311206495155782
7 1 20 16 69452 0.9757913630025012
16 4 0 18 69162 0.9197132240208916
19 13 2 8 61383 0.9704110074322595
24 16 16 12 45246 0.9805225119724885
13 20 23 0 78998 0.9848231457441806
19 28 9 23 42951 0.996697047896342
19 6 4 3 53067 1.0045943700484588
12 20 1 0 85792 1.0456517720899452
7 24 15 5 63930 1.0572449464216522
5 3 10 19 52687 0.9149217619295159
2 20 23 19 96756 1.0644813365861414
7 2 11 19 51664 0.9712076138355339
12 13 6 4 33598 1.02789357784288
19 15 4 1 72220 0.9597477483081676
26 16 6 18 93365 1.0199167781085656
14 19 4 24 43139 0.9559848535741613
27 17 18 28 64696 1.0289252021579365
20 14 16 26 42025 0.9269180223826998
5 10 3 19 29304 0.9852066103150652
2 16 29 20 113307 0.9123202533364132
2 21 21 6 83041 1.0211324379754072
14 15 3 28 61528 1.0444738767969137
0 27 28 21 96058 0.9969667684443271
13 10 2 27 68725 1.050577629284181
0 3 19 4 60941 0.9993513688019426
15 23 8 6 59985 1.0951837144155572
8 6 23 9 45210 0.9281594849939082
11 21 26 11 75215 1.0004411183579232
6 9 8 1 27245 1.000357995677284
22 7 17 21 52163 0.9480946834866357
4 23 23 3 89232 0.9449782539397877
21 2 9 7 41815 1.051107002299509
11 13 29 0 66567 0.9620916048427746
12 19 2 9 49155 1.063623459969443
0 18 25 4 89465 1.0421894115203234
18 29 1 13 94146 1.0321237261046114
13 22 23 15 57887 1.002965163890871
27 10 21 2 40997 1.059788101074537
1 0 6 14 61807 1.0228338009436992
29 15 3 10 86695 1.0732860513148177
6 6 4 22 43495 0.9951354755107537
13 6 8 23 56456 0.9501196832067325
11 26 19 6 61780 1.004451775869452
4 6 15 23 67861 0.9441570318382863
26 20 10 1 98993 1.0339519375706898
22 28 9 2 99772 0.9738508627541953
20 21 6 2 83224 1.0714745439734912
1 5 1 23 62752 0.9316272154213171
3 7 22 25 92862 1.0900200666054527
20 22 3 7 85862 1.0798072470248092
22 3 2 24 99029 0.9668516209621345
11 2 12 18 51229 1.0006725211396474
16 14 4 15 52093 0.921518412474286
23 25 0 24 71097 0.9498258475891411
12 28 27 27 49075 0.9835651663308141
1 6 13 26 73671 1.0647297586908335
26 18 1 3 119305 1.0017471298437841
3 24 25 23 74634 1.0415183203640634
13 20 6 1 61040 1.011718083663631
20 24 22 8 56886 1.0531741988496677
8 8 27 24 95020 0.9165967325114447
23 19 18 3 70252 0.9980852472831848
0 27 21 3 105108 1.0533767191053236
17 14 3 7 55597 1.0151424634375754
10 1 20 18 68419 1.0378750729952846
0 9 14 22 65750 0.9197855704802336
10 28 10 10 45640 0.9301241960416364
27 11 19 27 79416 0.9330710248040603
19 11 29 28 74129 1.0198805192009923
18 11 11 0 43076 1.0368363825272007
20 19 19 5 52953 0.9093749222788112
26 0 14 27 95472 1.045541733228413
7 22 23 6 80303 0.9744989718224165
26 3 3 6 64173 0.9842651687248554
4 11 26 18 94685 1.0087447018955564
0 20 21 21 82610 1.0406817871964102
16 18 13 7 38413 1.0932446387855488
25 11 9 7 55829 0.9052608899430815
9 24 20 6 70307 1.0242434381531547
1 4 17 6 51639 0.9396072066580099
19 4 11 11 30296 1.0093865491611538
6 7 0 21 51392 1.07167974982805
18 25 1 16 71362 0.9130577099501113
15 16 8 19 36246 0.989822840316466
26 9 27 26 67860 1.0783398351157598
3 24 22 2 100698 0.9868391089354144
27 15 29 27 49379 1.0005242657100704
12 27 22 17 60357 0.9364439724807381
2 13 25 23 103913 1.0494358025069652
22 16 14 0 64352 1.0080569572045293
20 20 12 13 49996 0.9044114147654633
4 18 24 10 78130 0.9061550841741729
21 17 21 7 30987 1.05079447985767
0 15 6 25 46259 1.007140598474578
20 7 8 6 39438 1.0207803608073984
8 21 29 7 88509 0.9332314552874745
14 27 25 8 74779 0.9623623537283196
4 2 11 15 49149 1.0262396203465438
29 11 6 6 74704 0.9590361603181745
1 1 24 19 125285 0.9587580463775001
16 22 0 0 106699 1.0133283502680805
3 11 14 3 49382 0.9207609632190218
21 7 10 28 74038 0.9305421165370085
9 13 7 28 53151 1.0293676492968162
11 10 2 14 35063 1.0435833529318554
27 27 13 8 79929 1.0050659107970288
27 20 5 7 109911 0.9465392082958881
27 7 3 11 73531 0.9294917016085414
29 14 26 22 34009 0.957986924937855
14 3 15 23 61430 0.9583656593459202
3 17 16 23 65466 0.9012543710820735
27 16 11 8 75134 1.0722444293229378
4 3 0 18 62101 1.0112003034529577
15 2 12 18 44992 0.995975144816366
12 15 29 18 77638 1.0686070605462312
22 18 23 7 46005 1.030581750727435
21 12 20 1 35204 1.03151561445716
18 10 8 5 37791 1.0335752541944128
21 3 9 15 55072 1.0512618784932717
1 28 2 0 101833 1.0393523036271335
22 27 17 20 33470 1.061955601666344
12 7 9 18 35574 0.9688308929119442
11 4 28 28 97870 0.9656359424027617
23 26 13 14 58452 1.02121479602639
8 19 14 26 39341 0.9132638392362428
22 18 0 16 88039 0.9221872564379044
11 21 18 28 37622 1.0379289057774217
13 14 21 26 51901 0.9682626324751561
29 16 19 7 54679 1.0767106479732642
6 1 20 18 77117 0.9701198353848031
12 14 6 3 39933 0.9063437156091567
24 5 13 26 78931 0.9577355289945668
15 3 25 7 32737 1.0225033479492938
27 13 11 10 66488 1.0326383133758024
19 17 1 16 65983 0.9237998846325741
17 9 12 14 22163 0.992089229644656
29 10 17 12 50978 0.928230201795703
5 12 7 29 63151 0.9532600699213725
17 6 29 12 46295 0.9942256734419729
26 2 21 7 25475 0.9135560147314268
9 11 6 18 36979 1.0943069109101877
23 8 5 7 52550 0.9777426045649361
18 16 7 26 51501 1.0076942348122144
17 9 6 11 25106 1.0399754681822957
2 28 1 6 75091 0.9221979738408452
7 7 27 28 98458 0.9081944678558533
19 20 4 23 59085 1.0475866161861922
22 26 14 18 42980 0.9341120710392753
15 25 14 5 50544 1.0012896624223286
3 17 11 1 61600 1.083213320708463
8 3 14 26 71835 1.035240418187424
23 14 3 23 92976 0.9306170132972847
24 14 17 8 40682 1.0105195634430566
13 25 4 5 69121 0.9225565738215745
27 25 18 28 34584 0.9792229442298637
28 25 6 2 109789 0.9102124522088405
20 29 28 21 45968 1.0904740952756997
27 6 3 2 77698 0.9406430200335024
23 22 19 28 35856 0.9276044466331822
6 4 17 29 82444 1.0773070707355978
12 26 20 8 59558 0.9017636835786206
14 23 24 22 37259 1.031643974596853
1 6 18 1 58021 0.9933594094217219
3 21 16 29 60282 0.9370278884029796
28 23 9 13 85671 1.0496525645363814
25 17 14 29 64330 0.948968481574481
3 3 16 29 97332 1.0562441079994078
9 12 18 8 30458 0.9884123147032675
13 4 1 5 38621 1.066536776783429
14 16 0 10 52080 1.0730537140313765
27 0 5 27 118103 1.0001522994520609
19 21 12 4 59358 0.9818715466083064
27 14 17 6 51866 1.017289331815591
17 14 17 1 38613 1.096305216805853
25 10 7 24 90753 1.070492551976677
11 24 25 21 53972 0.9214306300764683
20 13 10 26 59870 0.9338157774908292
26 25 7 3 103529 1.0987205573840613
19 9 17 22 38466 1.013900840986991
27 3 14 29 91644 1.0087979198623502
21 28 1 20 79718 0.9936806202947102
24 9 14 1 52002 1.075707572454303
12 6 21 15 44711 0.959388498479325
9 0 23 9 55221 0.9979032219934769
1 1 2 14 57715 0.9435440111255283
21 7 27 25 70995 1.0537066713444014
20 25 18 10 49207 1.0499975030501916
3 15 12 28 59930 0.9733934016251682
22 29 29 1 93964 1.0811121303899602
11 1 22 7 46513 0.900668608585651
14 22 20 29 43808 0.9740824720350814
27 27 9 8 89736 1.0284426171759304
7 29 28 5 108144 0.928123176709086
1 20 25 27 87021 0.9294170271387275
18 24 11 3 74738 1.042871728812604
5 19 3 9 29231 0.9099853902084487
28 26 18 3 92326 0.9196692618566474
19 1 28 24 88460 1.0122583327822448
0 1 24 9 96123 0.9368999903057266
0 12 10 9 33864 0.9716880538114037
14 25 8 29 27589 0.9034213762930888
14 11 23 20 62539 1.0240074064249722
10 14 16 9 25354 0.9303248513666441
16 27 20 14 44819 1.0300755416262866
4 10 5 19 23630 1.0647932133584768
1 21 24 21 94877 1.0709176473045938
22 19 5 26 70420 0.9255871032330426
5 12 11 4 29656 0.9246771709390916
10 4 2 29 83243 1.0251679749893412
4 22 17 0 79172 1.050192325349634
29 13 16 19 64090 0.9334185140024831
28 9 21 0 46513 1.0123221726263794
18 28 23 9 68420 0.9415967573739974
29 24 6 11 98533 1.031446677920632
11 16 22 8 42632 0.9313550255468024
6 6 15 7 29106 1.0649627390776564
9 3 17 21 63620 1.005696084913013
29 1 16 8 44575 1.0311958945326276
29 2 1 17 98239 1.0970520040668656
22 19 28 25 44036 0.9918510149508274
4 27 28 4 104560 0.9024891039054115
29 2 16 13 55220 1.0585922057957573
29 28 28 5 66003 0.969347660607052
17 8 29 0 45594 1.0118488447062424
12 10 28 29 83299 0.9221793272609063
14 16 28 8 58627 0.9502283788220195
10 20 24 10 67558 0.9427705808333173
23 14 6 17 70506 1.040539455770355
14 20 9 2 56796 1.0597164762327438
27 24 15 11 78077 1.0876382307670027
8 2 18 10 46900 0.9883431841734212
3 27 21 29 66802 1.0268049729056081
2 5 29 10 84092 1.018302537833564
5 10 7 21 34008 1.0839938588231426
28 11 13 21 87665 1.02419538888418
11 24 1 27 38699 1.005063499414893
19 16 0 13 70923 1.0026483394045087
19 15 3 17 64541 0.9893241910116036
11 29 4 16 50774 0.9929071915793884
2 17 9 12 42205 1.012694380857415
25 24 19 12 57428 1.0084428118762228
21 10 28 17 53025 0.9949439387078115
22 23 3 23 68558 0.9118763674257675
1 8 18 22 78363 1.0636003106484222
18 14 18 29 47810 0.9812381273813194
29 29 26 10 74668 0.9189903439856825
24 0 3 21 96581 1.0834700145033584
13 15 6 19 43114 0.9890447947730233
16 17 7 16 35595 0.9270585355218562
4 27 8 8 56912 0.9817788867071411
27 5 4 28 105844 0.9096005860943985
17 1 8 10 39412 0.9033734839905194
19 1 9 9 40687 1.014734977193692
27 10 12 21 78863 1.0725750288262221
12 10 23 0 52508 1.0247003992443706
1 24 19 0 102746 1.0184976406230026
26 11 6 22 98214 1.0707589688129795
11 27 14 10 42573 0.9481058057560098
10 1 21 8 42479 1.0769147025687629
26 15 5 12 78894 0.9156790155154687
9 10 1 3 41375 0.9305664662939455
1 22 25 21 94570 1.01703243668976
10 28 10 9 46817 1.0116396789034645
10 18 2 27 53805 1.0985809367844006
24 17 29 6 53604 1.032199615344021
13 23 0 16 63350 1.0823660918152762
0 1 9 19 86851 0.9666879917871091
0 7 11 26 72935 0.9616642644495449
7 29 4 19 42520 0.9490597385783093
10 12 11 1 32635 0.9155183985312912
3 29 18 5 92688 0.9563276001008156
13 26 13 3 62924 1.0852860455665236
17 10 20 0 37046 1.0597481691574497
29 15 21 21 49912 1.0472124496072819
25 26 29 19 30064 0.935561523952267
24 1 7 5 54007 1.0348489985477938
5 3 22 28 101223 0.9877439090821716
12 8 5 5 26379 0.9232929176672732
25 3 3 29 110597 1.0627260376749634
1 20 27 14 109251 0.9458072781399782
5 12 19 10 38475 1.0929394796979142
14 11 20 27 59011 1.0929563317313247
11 16 17 28 42710 0.912118161402631
29 4 24 24 74283 0.9473818410797856
15 19 2 17 62513 0.9042109591655959
18 28 1 29 69724 0.9767621045866361
19 11 21 25 46533 0.993339010998259
0 3 4 15 57399 0.9933640664479231
14 7 16 19 37957 0.9360421665010135
22 14 16 6 38665 1.0095877794901547
20 15 0 23 93176 1.011593311880323
5 9 25 23 91567 0.989592114843404
28 7 10 18 77798 0.9918865643672549
22 26 2 28 67169 0.9902692192493733
1 5 10 22 65336 0.9997763124444367
24 11 13 0 63546 1.0335233088557298
27 0 5 18 92581 1.0352289087389992
19 25 10 22 34287 0.9189833973156599
19 26 13 14 47697 0.9541107673953328
16 23 14 8 42848 1.0591644248938024
8 21 27 0 96253 0.9929955176199938
4 16 23 12 76221 0.9729636923226168
3 17 18 24 70054 0.9609645017788615
4 18 11 10 35707 0.9004596052310739
6 19 20 24 65682 0.9337558268653342
28 6 11 11 53613 1.0170804969633516
10 18 28 28 71860 0.964946323544442
3 19 20 21 74004 0.9659273806997394
17 6 16 20 45345 1.0773065022344848
2 22 27 24 88517 1.0823608822085904
26 0 22 13 57139 1.009064955568858
14 20 9 3 54450 0.9108646865022555
24 14 8 20 74837 0.9028484222323776
16 3 8 12 38968 1.0489883385066068
28 27 4 14 101076 0.9271467319203541
14 24 20 2 68829 1.0218972697745214
4 14 24 27 97681 1.0631796854902404
24 14 4 27 90619 0.9703392451715285
4 18 6 9 28299 1.0481802569555876
25 5 11 7 41950 0.9595672614748518
11 8 4 16 34495 1.0844738488559922
26 16 3 3 102968 1.0417873957557426
14 21 26 3 69254 0.9302655523941087
26 18 15 5 74431 1.0474083195520445
4 0 0 20 76548 0.9728624351483
28 8 18 23 75592 0.9734856668128351
25 2 21 16 48747 0.9108230341889811
2 16 19 1 72903 0.9462198252541065
4 21 9 29 40322 1.097061575928017
5 1 16 5 39020 1.073961833790404
24 10 22 21 51993 1.078245085697228
5 24 27 5 97164 1.0841955722956156
14 25 0 4 85042 1.0996409023788425
5 7 10 14 28190 1.0033746165306205
6 21 0 13 43813 1.0835449842189013
23 2 22 12 45012 1.0919436043968098
26 0 4 11 76083 0.920085781407833
12 4 6 17 49188 1.086448169432254
26 12 16 26 74837 0.9873577609378663
12 12 20 4 33628 0.9523138790026175
27 17 21 21 43061 0.9962952156319473
18 24 5 7 75318 0.9073430097589966
15 11 24 15 47024 0.982046075529927
0 9 22 11 66279 1.0212806640241736
9 25 1 16 48768 1.0593387794144338
24 1 26 21 73128 0.9419743733443201
9 8 18 5 28957 0.9062051899219068
9 19 21 29 61031 0.9054583282068541
23 3 25 18 56537 1.0228503475976598
16 12 5 0 53795 0.9207732930945584
14 8 22 14 38396 0.90812875859223
2 28 23 21 83197 1.0132853429243274
8 27 27 18 83120 1.0527523730628312
18 17 3 17 61580 1.0491382995996719
19 18 27 11 54367 1.0552522366469217
2 21 5 1 62101 0.9438678210105731
2 18 4 10 35806 1.0500712417563356
21 10 16 0 40328 0.9135844848152108
23 11 17 4 38835 1.0851490494534233
24 17 24 2 58078 0.9752954463964494
1 22 8 16 40771 1.0769087474769032
16 9 21 17 35136 0.9351606451147316
10 20 0 26 49359 0.9996006778372908
7 24 5 1 69225 0.9533653455926018
8 3 4 27 69100 1.0376784882796068
13 20 2 24 52112 1.0429807347883735
8 10 29 25 90928 1.0427103365572878
18 2 5 28 98307 0.9325613982504778
11 22 25 6 68157 0.9187721037399444
19 6 6 0 49683 1.0587682166791281
29 1 5 1 71756 1.0545521914257425
20 15 27 24 54780 0.9181919339824333
19 14 5 14 52550 0.9701760205907727
19 21 1 8 80387 0.9900207239722696
18 17 29 12 55309 0.917506220268344
15 24 6 20 47157 1.0710710477433243
14 18 7 25 33928 0.9404298165762984
14 12 29 4 50067 0.9446532861416016
25 3 3 5 63105 1.0241888827830878
27 0 9 17 85504 0.9536981060657279
24 29 8 24 67870 1.0829013579940012
3 3 20 10 64044 0.947978867811224
9 22 18 9 50167 0.909224456733715
14 6 12 16 29480 1.0343889214654154
13 21 24 15 64487 1.0362388404529634
23 29 19 22 40169 0.9239454398441734
18 29 1 16 85506 1.0909749160648103
16 0 9 9 35094 1.0897257011063652
0 12 18 6 60274 0.9833951783436963
2 16 22 21 83961 0.9437109627491733
3 29 2 8 72217 1.038228072774356
16 21 9 3 65836 1.0587730583825097
8 28 5 6 70139 0.9062401104762369
16 27 16 14 40200 0.9150686658207867
0 4 1 23 73424 0.9752005003267912
23 16 4 8 78436 0.9655670782469382
7 4 12 15 41490 1.0706874447927621
4 16 20 11 60386 0.9027493997413106
12 17 22 7 51307 0.9554648579316396
5 0 15 15 65328 1.0016928976634105
11 20 8 4 44513 1.042538427663291
1 5 11 9 33935 0.9666511035617622
14 10 26 0 53142 1.0555219423003415
12 13 4 21 44693 1.027853019695331
12 10 25 7 39547 1.0622029740607914
22 11 20 29 61188 1.0998218267989488
6 10 8 21 39940 1.0568309718283362
6 28 5 10 55161 1.0858518757093254
26 11 14 3 55465 1.08349135489311
16 8 20 0 32415 1.0082342663631843
12 8 0 1 61351 0.938440813815957
24 24 23 2 87358 1.0493275905343042
19 25 0 23 62835 0.9897204905905115
18 1 11 23 66686 0.9397341888531655
3 6 7 26 67851 0.983529094708816
16 3 29 18 64412 0.9472316421581951
2 27 19 12 85054 0.9971013296402467
3 5 17 9 43370 0.9403295437276467
5 19 20 4 62661 1.0021458457682448
21 1 24 29 98043 0.9791732540153518
18 17 10 2 53855 0.9559573596308366
22 21 29 8 64288 0.9404510258318334
24 14 24 0 47428 1.0995056060363753
11 5 21 26 75516 0.9345440564254055
14 1 22 20 75180 1.0194197743027982
12 17 16 29 39346 0.9355589511860514
13 16 6 24 39685 0.9195100227810654
22 25 18 17 38187 0.9477552586920773
11 21 19 11 48565 0.9014707172806037
17 14 25 24 53414 0.9528395734972728
8 11 27 24 93703 1.0544046945691776
19 9 21 26 54914 1.0903271026912456
18 1 17 15 46068 1.0228682525773973
20 28 26 18 52484 1.0636202775770767
11 21 23 25 42237 0.9071088972793815
3 24 15 5 73627 1.0260525214712182
25 18 7 14 87800 0.9936689644039768
24 10 9 15 63088 1.0860285539341696
6 28 6 9 61269 0.9716419435915548
3 17 7 28 49687 1.0773176148913741
25 13 26 0 46898 0.9052811768692118
24 5 2 18 86433 1.0139241379683746
24 28 25 0 100527 0.9494103618108604
8 15 18 5 51543 1.0407138664886852
0 15 29 19 122489 1.0259771280043333
13 9 29 15 62461 0.9950766477624569
11 26 24 14 68070 1.0833767546901354
21 29 0 13 103629 1.060793143954852
1 28 9 13 67347 1.0250946431390806
10 29 23 27 57787 1.0261033012810823
20 7 3 22 80026 1.0828592495095808
28 27 0 11 111541 0.9774430519344858
24 19 3 9 94196 1.007649300418839
1 19 21 13 89794 0.9021781460666997
0 1 26 24 140771 1.008612071132826
1 2 12 17 70990 0.9723302138597829
25 12 12 1 59951 1.0952239221981928
29 9 21 21 61365 0.9637073648405277
19 13 1 20 80696 0.9959034103447773
10 5 9 26 53738 1.0451033403021355
6 13 21 16 61937 0.9482503888559884
10 24 6 5 57306 0.9401385346817607
16 20 21 8 49392 1.0890924962814392
28 4 12 10 47862 0.957466588994772
21 23 27 14 47654 0.9141954306036476
7 10 4 20 31499 1.0963245603957517
24 1 1 1 86083 0.9279261700980561
26 13 8 24 91678 0.9158231051763872
26 4 0 3 78352 0.9400771567551456
0 23 2 9 44542 1.097865142486211
0 10 6 29 75762 1.0203208664673855
26 11 11 19 70703 1.0511909884644475
22 17 9 3 74819 1.017077911004089
11 12 1 18 50722 0.9802833940414986
10 13 22 16 54373 0.9076109430185751
26 3 1 26 110945 1.0909890243676683
21 13 6 26 75465 1.059210825238127
28 24 1 27 85233 1.087441759100833
22 15 9 4 64854 0.9898386020529886
17 8 14 17 25705 0.9083738156734216
18 6 6 1 45471 1.090735597503289
21 1 18 28 85239 1.098090665265996
5 19 18 4 57387 0.939210358384183
29 18 1 12 105521 1.0594324711950704
13 7 26 4 36375 0.9744722544424579
26 1 5 24 106065 1.0625880475007394
17 12 7 17 50416 1.0923557139386686
17 1 16 23 66742 1.0784536144370855
28 28 23 23 35796 1.0331264257203852
24 20 13 11 72474 1.0936624359656713
9 7 17 13 34011 0.959545826578243
2 26 1 17 36293 1.0559579977706348
5 23 20 20 66422 1.0205660856806738
24 8 1 0 92608 1.0223149549772235
5 26 15 18 48916 0.9074773686241934
15 3 5 20 58037 1.0727728904608038
12 11 12 29 46144 1.074458304579692
9 23 5 3 65108 0.9916775079211619
24 9 14 4 42950 1.0626486571682068
1 26 24 9 102664 0.9312563109996355
29 22 7 22 79866 0.9151246267657638
9 11 29 28 92613 0.9156806720460554
26 10 12 3 55220 1.082508750518282
15 9 23 11 30203 1.026557152675984
2 10 29 27 106656 1.0751299659993354
24 28 2 12 110749 0.9364591321245379
20 2 28 14 55290 0.9967419791999202
15 7 11 13 22375 0.960937695816316
11 28 13 20 23411 1.0122474107919561
4 12 11 9 22731 1.057808000352022
20 17 11 22 46867 0.9953222979791959
24 29 18 22 47967 1.0091852702568231
15 27 18 4 67143 1.0066346929722971
19 17 6 26 59797 0.9677012072551673
6 28 27 15 110561 1.0715665927091267
25 14 17 3 55338 1.00259070253061
16 5 18 25 53168 0.9164606012268114
12 23 18 1 68551 1.0252565845526482
20 18 14 8 43654 0.9656371138449747
17 21 5 29 56459 1.0514419533536983
27 21 9 21 72588 1.0876988821901623
2 1 19 6 67441 1.0719633033657712
17 0 26 26 93709 0.9060811057956465
6 2 25 6 57654 1.044764712143101
3 10 1 29 68288 1.0876325527863508
14 23 9 1 64860 0.9360735929422227
11 9 28 12 62995 0.9880208032969455
5 3 24 17 93960 1.0849563284809056
26 1 5 26 108418 1.010842280432027
20 23 26 7 70865 0.9262023496173974
2 11 13 21 59456 1.0881654380265697
11 14 9 23 25761 1.070589024700236
12 1 17 12 38165 1.0828341951326352
25 19 28 29 34384 1.0589221242986788
28 17 3 13 104156 1.0341762169598767
10 19 25 7 67620 1.0284414693841915
25 14 28 2 46134 1.001240791008544
1 21 28 17 118658 0.9160508323594803
21 23 3 24 61737 1.019425395595296
6 16 1 4 45935 0.9299754943579028
5 24 0 16 41302 0.9668605499573162
14 27 24 8 71149 1.050031944838433
25 14 2 26 98315 1.073011242150944
12 26 1 10 63022 0.9542653190041206
2 19 3 8 45754 1.060410048145228
4 0 5 13 41232 0.9385009776208474
3 10 22 15 68647 0.9275661144415743
28 6 18 8 33478 1.0996723236539492
5 0 3 11 36748 0.9457728140708508
24 12 22 26 59924 0.9253595194006389
16 0 28 1 49949 0.9306350138462535
21 16 5 18 64472 0.9959233104232026
1 2 12 28 92615 1.0548655058159322
24 25 28 1 83448 1.0044355397603495
19 2 18 18 55784 1.0944177480802117
28 1 17 29 101682 0.9188389062086677
29 9 24 24 61508 0.9133905869205959
18 23 24 13 52950 0.9492492891425227
9 24 21 12 69805 0.9716531307412594
1 28 22 24 72878 1.039349011998956
0 9 16 16 59969 0.9140435434619257
26 24 22 1 90621 1.0835806687370324
28 5 29 23 50607 0.965703923544984
21 19 10 18 55871 0.9264089076032337
29 9 4 12 74682 0.9703484556821473
10 23 20 24 40785 1.0722901692663322
12 13 27 5 53081 1.078687494646177
10 19 24 9 64912 0.9129990468760797
19 1 4 9 53475 1.0957977662989369
1 21 15 1 79080 1.0893550404261687
9 13 14 19 31962 0.9840349158598775
5 27 28 15 109478 0.9636536404676285
29 17 17 11 59582 0.944584284723479
6 12 26 21 97230 0.939296408980886
25 1 22 28 93000 1.0800909960364906
19 18 1 11 68825 0.9123390255305461
27 1 6 11 72852 0.9511469390973275
4 1 13 19 69950 0.9371940315656337
4 20 7 1 54502 0.9035997788513098
29 13 8 21 94973 1.0816233253474339
10 11 21 3 40744 1.067222021520367
19 18 1 11 68825 0.9253290178208259
27 25 5 8 95892 1.0219044495886334
7 26 11 4 64982 0.9205431026782677
3 10 27 15 89911 0.9337107764165098
17 16 10 26 39753 1.0374780881245333
23 4 21 22 57675 0.9262675951215024
29 5 7 5 54752 0.9961001661141623
17 28 29 20 52583 0.990799046101517
12 22 12 0 54386 1.0350287013560917
28 16 28 26 35213 1.0137710320959217
22 6 21 27 66179 0.9383782567927876
28 18 24 24 36942 0.9907947140561006
19 13 25 22 46692 1.0375540315691447
21 8 10 29 74483 0.9096239983682466
25 1 11 6 47009 1.064237300913475
9 25 20 15 56661 0.9149794113946483
8 0 28 12 80493 1.0433527931778135
19 12 14 18 30911 0.9993337785985218
6 0 3 16 44104 1.030838304409594
14 10 1 29 81416 1.0036383988337516
19 22 27 7 72363 1.0233758989808965
18 0 26 23 97856 0.9435989523155159
12 1 25 15 70870 1.0694268674071579
4 10 11 13 24062 1.0672107605483112
15 4 21 14 41006 0.9731794639796654
20 21 6 14 75787 0.9130149828246189
5 17 11 28 47372 1.0904183052114365
16 23 23 15 55313 0.9340812117968058
26 4 19 0 29299 0.9772746531522916
6 15 23 7 65835 1.0661829796504882
19 24 11 18 43474 1.0366311198234828
25 15 11 12 61760 1.0346419252922276
22 19 0 9 86965 1.0418173854439474
28 22 20 27 33787 1.0418410789086316
4 28 14 7 70146 1.0831091009400782
27 13 10 8 68217 0.9898144906917211
10 26 16 13 49188 0.9358725222833294
29 1 12 16 71383 1.0203724967619117
4 21 11 25 29728 0.995814406373276
19 19 4 8 66964 0.9361233269163326
22 7 18 23 60576 0.9148105403717939
10 15 16 25 38427 1.0144356199739648
23 5 21 25 62649 0.9923484108457867
29 4 28 25 59801 1.0963653475977393
4 29 18 15 70821 0.9562132954102747
0 0 10 19 91507 0.9726347959197676
8 10 14 26 49856 1.0785081528034066
16 17 1 6 62121 0.9226771102154219
0 22 20 19 90093 0.9685574392900427
13 18 2 21 53825 1.062300078958802
28 5 10 11 54041 0.957612888718979
29 13 21 17 39544 0.9832335857971911
17 17 6 6 51257 1.0409466917797152
26 21 4 20 89439 1.0090321830860964
20 11 29 21 64124 0.9685313992628968
2 21 25 16 105708 0.974142792016885
27 6 8 19 82013 1.0124720430796306
17 11 18 28 48121 1.0001598083029768
20 1 23 24 82944 0.9794729306156866
24 28 17 6 83960 1.0709067145197089
12 21 20 17 41572 0.9384199921893895
1 12 5 27 56897 1.0690031454100248
22 15 2 19 89745 0.9163329000404573
28 16 14 29 76982 1.0698655682995672
7 17 10 7 36747 1.0211843475888536
6 22 9 9 45868 1.0214345800379716
17 0 2 28 102049 1.0261989524139408
3 18 25 2 89716 1.0344578284697257
8 26 28 6 93850 1.011395124572461
0 9 4 3 38064 1.0215120443893442
2 21 28 25 86922 1.0362357142831127
9 18 20 24 56199 1.0229579721041002
28 24 12 20 57757 0.985552827413682
11 25 0 11 64248 0.9212730836036646
7 5 18 17 57443 1.0675368842207185
22 8 11 20 49372 1.0888441268451465
13 14 27 27 69522 1.0061430849223107
3 19 23 8 74607 0.9793461568782785
14 21 25 26 41454 0.9914425111114398
29 9 19 25 74929 1.0656913707755107
17 9 15 0 25318 0.9310123134894778
11 17 26 18 73332 0.9090171441980833
14 12 22 17 47365 0.9673783431924771
19 8 17 23 42903 1.0497515140348017
28 16 21 25 53626 0.9091603464090691
2 14 18 6 59452 0.9661814972190639
14 4 9 18 48577 0.9247512163891273
8 17 27 10 80772 0.9691070772280831
24 13 5 23 97138 1.0932850656182687
11 19 12 10 20624 0.9447515498654447
14 3 3 28 91902 0.9089010420931511
26 29 1 22 98232 1.089502151983654
10 1 17 22 64343 0.9171849096463235
14 28 17 7 56890 0.9988759172723012
22 25 14 8 60686 0.9246886338390853
23 21 2 12 102477 0.9066525507339523
10 3 19 9 35909 0.9005512497474878
27 18 2 14 113927 1.0676061255254234
16 6 23 16 50552 0.9838993582240269
25 15 3 6 83554 0.9549470965615341
15 13 27 22 68166 1.07935364452579
27 28 18 27 33550 1.0242505767850085
16 11 25 1 48179 0.9220543668658513
26 27 7 7 94218 1.0321921995875625
27 27 18 7 80107 0.9341750712937452
26 6 23 19 58973 0.9921389476349186
8 0 3 27 82402 0.9030794646155622
5 12 0 4 36638 1.0870311742505752
16 3 29 24 82817 1.0463342340752602
18 23 0 25 60827 1.0681055669305146
0 20 1 8 40321 0.9061006167829659
28 0 7 25 104254 0.9206765305356909
0 22 9 20 37468 0.9291657229854495
8 16 5 25 40466 1.092583257024507
5 24 13 1 78339 1.0909871452769417
5 7 25 17 87765 0.9008588748405127
1 27 1 8 63498 0.9979717777165708
2 12 18 25 80129 1.0348443771922344
20 9 22 22 42681 0.9935902099730174
8 21 5 9 39382 1.0871684419440317
5 17 16 21 53292 1.004212691917627
16 15 18 4 34806 0.9350692908350666
29 19 16 2 70370 0.9753213052923062
16 4 5 0 40607 0.93088648804614
23 4 6 22 84169 0.9078924817965601
17 24 17 7 46164 1.0981143669370792
6 4 5 14 22667 0.9489347614543678
22 26 13 14 55463 1.0828773010106618
29 18 25 7 38336 1.0785817994483196
18 22 29 23 43388 0.965698525208271
21 20 3 21 73115 0.9862328738574615
22 16 8 27 73176 1.0214378211613928
20 20 29 3 69174 0.9329236319710839
26 6 13 6 34043 1.030672099001757
9 28 13 11 49604 1.0190492293286182
13 18 0 23 65028 1.063509262115399
11 11 26 2 55385 0.9785097136328611
24 24 1 25 77302 1.0144419626911745
18 27 10 4 76089 1.0225025907269578
8 11 21 25 70992 1.074670131923185
14 8 18 15 28055 1.0664201792492718
12 4 11 19 36032 0.9073774916068528
19 14 22 28 52208 0.937449347848661
20 29 3 5 107669 0.901992264753359
9 20 8 5 51828 0.9978444715081666
9 22 26 23 68033 0.9323746776266832
8 20 16 27 41888 0.9849613680693636
0 11 28 14 97097 1.0701985887577798
27 21 11 25 64087 0.952513752404732
17 10 15 27 50516 0.939280660191993
29 3 18 14 57795 0.9069078290769148
25 6 13 6 32152 0.9617789338574079
22 5 9 15 57177 0.9688898424580065
22 1 21 13 39014 1.0521626494735539
18 0 23 26 90785 1.01796626445495
24 15 20 0 63652 0.9804852563347564
6 3 19 15 59498 1.017148059405882
2 5 23 29 117060 0.9076341027286071
10 21 27 0 88852 1.0618725975402858
19 5 1 16 69584 0.9660608991660483
8 10 19 4 32925 1.0568587565067322
27 28 24 19 40899 1.0742315388772348
0 2 23 27 132333 0.9876030548059778
10 23 2 8 63701 0.9500551459588288
18 2 11 8 34609 1.0824231370192254
20 16 13 1 56358 1.0723433389866477
3 26 23 9 88470 0.9465596026481506
20 3 26 15 54846 1.0326327673573745
14 5 23 10 36670 1.0677072201599316
11 24 26 3 77562 0.9017488046139076
27 2 23 21 87671 0.9053017661181556
7 18 10 3 52472 0.9338354855833371
26 6 27 19 53754 1.0689450445316024
12 23 0 28 46079 0.9632431130209019
18 10 22 24 58118 0.9503527244944473
20 10 16 0 39424 1.0375332880232062
24 8 14 4 35801 0.9426942578458684
1 16 29 27 104209 0.9817621739643495
28 8 12 12 51422 0.9947092116152544
6 25 0 6 71890 1.0125037013608222
23 28 9 4 98435 1.0270422768074747
20 0 27 13 63554 0.9553000695055343
15 17 18 27 41971 0.9371297446834429
28 17 12 16 76262 0.9613209758665728
15 11 25 28 73684 1.01139273405377
2 4 22 28 108553 1.090575121825313
7 29 24 18 89823 1.0618437336095987
10 10 24 0 53332 0.9609724816915639
19 7 12 10 22780 1.0122021933318537
2 6 20 3 53930 0.9658196639453719
25 4 7 8 49812 0.9861695996915971
27 4 6 1 58670 1.002400784259737
26 16 17 13 44414 1.0589149208745026
2 5 8 0 35151 0.9773252753841084
9 9 1 1 47255 1.0604740245249211
2 21 7 1 65968 1.022270767724819
27 1 5 1 78514 0.9676526244998125
29 0 20 21 80510 0.9601748857212301
17 12 14 29 45266 0.9201392785493459
22 6 27 26 75253 0.937535427488232
11 10 17 24 48816 0.955367950103534
2 18 21 14 81662 1.0559752202028116
1 9 17 15 53958 1.0651074395098314
5 25 21 17 62756 1.0792632734408276
25 21 21 8 55863 0.9692291179241497
26 1 18 13 61469 1.0229800671405682
0 16 0 2 62702 1.0585784873792679
26 25 16 12 63129 1.0915541145789562
11 19 6 0 51107 1.0791407962898723
13 5 19 15 38305 0.9724712354233997
28 10 18 14 56087 1.0967758184874141
29 28 1 13 115354 1.0932401675934051
25 3 9 26 82348 1.024037217617659
16 22 1 22 62142 1.0174175718923177
29 27 19 5 83181 0.9322487621956519
23 22 21 7 52455 1.0401338617255302
12 10 23 24 72650 0.9330081943235431
20 15 4 13 63214 1.095344603489258
24 9 21 18 37387 1.0526294453095204
8 27 21 25 42715 1.0140185617456883
20 21 9 24 44901 1.0945442481994394
10 2 23 3 40444 1.0035172535810177
25 0 6 10 64030 1.0518164698448624
23 14 28 23 50147 1.0363422853937103
14 12 0 22 69566 0.9043055761807126
14 28 29 16 70580 1.0972111212970803
9 1 14 7 27879 1.0532252958577486
6 9 12 27 54472 1.0140862083845135
12 8 17 26 54297 1.016387192390655
11 18 25 1 69682 1.0198574243031533
10 19 22 0 75970 1.0725490906968962
24 21 17 6 75637 0.9873789380820497
8 20 26 3 83001 0.9013662052690272
25 0 6 20 95203 1.0386423556782263
10 6 0 19 59452 1.0062307835052753
7 4 15 14 44998 0.9793724678661537
29 22 17 22 43461 1.0559068628086028
25 12 15 5 45931 0.9666304990084188
6 5 23 23 91087 1.0838682907711292
27 15 9 21 89399 0.9455588975624154
8 10 16 24 54979 1.0109253266443445
24 11 26 22 48191 1.014949369052534
23 6 29 27 73992 0.9830630698989058
25 4 14 18 54982 1.0261481923662712
25 4 0 26 107352 1.0113493182401307
27 15 0 29 130287 1.0277774727342817
26 8 10 14 55494 1.0740184661109202
26 21 17 10 67348 0.9883642468893521
26 4 11 19 63805 0.989997354563785
20 3 27 9 43104 0.9875048672516692
23 7 16 11 31160 1.0821592565817255
13 16 14 5 30793 1.0908620887476315
16 5 20 24 65323 1.0098919654239435
1 8 12 13 40872 0.9276891565508768
28 29 4 4 112825 1.0283052110650237
24 6 1 0 87410 0.9297559381757142
28 0 17 5 41403 1.0538934880188142
23 7 9 27 80573 1.0712039345174373
26 8 1 15 81565 0.9952476320120218
14 29 12 18 27086 0.9472973992802493
17 20 8 17 46643 0.9759905964365295
23 18 21 1 60618 1.044955243397224
24 0 27 29 93151 0.9058643057696922
9 8 24 19 80866 1.0442371879901158
28 13 26 27 51985 1.043955811320363
9 6 2 19 55853 1.0869382507372571
21 3 18 16 48695 1.0476302713183392
23 9 6 23 82345 1.0317022689987962
29 28 13 11 83291 0.9100375681908118
16 9 25 29 76080 0.9274451800813206
5 19 14 5 48977 1.090137160906295
4 28 27 16 105548 1.0372485079663345
6 25 0 20 34830 1.020623172115247
26 11 19 25 65779 0.9149359830897513
4 24 23 12 95869 0.9024095952494351
29 13 10 4 64026 0.9245199119325835
8 27 17 15 53510 0.9682539546316199
27 21 4 28 89894 0.9563582017194417
6 3 6 23 56736 1.0737155094179087
1 22 23 13 104901 0.9913997161721362
24 24 17 17 46006 0.9099660774344807
28 25 29 15 32495 0.9933197968001715
23 10 2 3 74551 0.9960488794724693
2 17 25 24 95302 0.91020611309769
23 9 13 9 26279 0.913526816769724
17 23 0 20 66244 1.0075338958509723
1 14 4 1 51991 0.9223694259690159
25 27 14 1 94635 1.0556559329615074
24 19 12 13 69581 1.038022318253844
1 21 9 6 60207 1.0704080829505846
9 29 6 21 38100 0.9401539147050217
4 9 19 6 44815 0.981820960098727
10 12 13 3 29793 1.0114058834574988
12 17 26 11 69281 0.937825522411674
29 18 26 11 33241 1.085157708091262
18 27 13 7 63164 0.9122320219427194
28 18 4 14 105605 0.9388279738833489
9 12 25 0 66909 0.9367592337222302
14 2 20 25 75808 1.0511181296814018
28 10 6 15 87213 1.0621344477848607
23 14 3 20 86093 0.9480884321869605
5 14 23 16 76970 0.9259331778890133
10 1 23 5 39636 1.0045036181862106
29 20 13 15 78047 1.066397114757837
26 14 0 28 115269 1.018163904658567
9 6 0 13 42396 1.0763925687763856
21 29 2 5 104187 0.9968480339776339
24 22 28 29 28363 0.9706463702431801
15 0 5 22 71230 1.0317024972741042
28 23 3 22 85506 0.9957955838644617
22 3 15 17 59737 1.0780057498037143
10 25 28 28 51270 0.9669060307905065
13 18 8 12 38402 0.9548726760144327
2 2 29 7 84171 1.0994591494962074
8 23 1 9 60463 0.9520215620174339
20 16 17 8 30157 0.9583253553898923
0 0 11 1 63896 1.0454076272991568
10 28 7 2 75559 1.0839487871911315
25 7 15 2 36224 1.0881543617742941
3 2 23 3 69397 1.0507199765118171
13 19 1 18 59968 0.9717760420570253
7 10 26 11 59997 0.9110249952498878
