3523 3575 3012 3305 2918 2857 2266 2589 2140 2628 3149 2021 4019 3725 3431 2407 3348 3185 2217 3930 2677 3044 2087 6345 5778 4825 5359 4834 5568
2455 2757 3079 2089 2490 1930 2747 1946 4888 3987 5213 5006 4903 3618 4203 4404 4923 3815 4307 3826 3549 4050 4393 3686 4764 3440 3367 4482 4983
4150 5610 4892 5639 4900 4550 5462 4880 5426 6138 6131 5943 4937 4691 4331 3918 3473 2853 2899 4286 4206 3295 4168 3897 4279 3999 3693 4119 4014
8116 6835 6634 7797 6514 7056 6551 7149 8033 6411 7104 7236 6451 7501 7817 7135 6351 6813 6947 7480 7911 7066 6746 7915 7269 7748 6060 6246 6908
6592 7881 7723 6422 6626 7673 8080 7148 6337 6813 7607 7055 7631 7359 6235 6714 6805 7318 6922 7064 6601 5402 5363 7282 5970 6175 6933 5442 6030
5396 3609 3897 3640 3022 2440 3660 2527 2946 4360 2800 2464 3509 2982 3194 2879 3403 3287 4386 2627 2938 4083 4431 4367 2565 2531 3933 3534 3146
4661 5671 4985 5936 5454 5261 3600 4366 5015 4960 3933 3529 3556 3588 5028 5025 3804 5461 3967 4115 4871 5287 4495 5341 3807 3666 4849 4636 3770
5364 4885 4551 5271 4686 4802 4556 5337 6244 4881 4519 6016 5058 5508 5378 6372 5599 4902 5979 3009 1620 1984 1908 2361 2540 2458 1591 2285 1840
5656 5549 4307 6043 5302 4018 5219 3468 3756 3382 3920 4628 4443 3115 5156 4013 4608 3815 4717 3288 3238 3137 4205 3546 5124 4120 4592 5163 3370
6359 7246 6457 6470 7238 6442 7165 5800 7464 6814 6284 7447 6980 6383 6209 6232 7282 5887 7527 6236 7146 7489 6463 6155 3876 5460 3967 4346 4263
6795 6818 6458 6107 6779 6515 7444 7395 7251 6513 6381 7715 6063 7410 6437 7282 7023 7108 5984 6142 5610 6959 5885 1771 1892 1800 2477 2102 3218
5806 5607 4277 5649 4189 3952 5326 4045 5889 5560 5190 4451 5007 4593 5550 4574 5033 5500 4491 5975 4470 2336 1912 2267 2965 1539 1107 2944 2784
5309 4301 4908 4428 3619 4527 4919 6674 6510 6615 5785 6449 5943 7325 6240 7002 5486 5857 7471 5794 5853 6524 6943 5482 5869 6357 5488 5728 5605
6107 4421 4710 4565 4507 4596 3871 4046 4408 3467 3816 4384 4486 5260 4245 4988 3806 4892 4670 3847 4735 4484 4820 3964 4244 3453 3221 3793 4261
7016 7434 6850 6867 7790 7597 5750 6607 6314 7381 6946 7505 7478 7757 5767 7065 7059 5729 6894 6180 6904 6222 6674 7526 6669 3420 2819 4153 4716
3226 4495 4102 3512 3180 3745 4387 4458 5788 5716 4864 4763 5294 4167 5599 4344 5114 4992 5707 4205 4588 3917 4926 5955 5085 5173 5135 4474 5539
3748 3427 3683 4752 4795 4198 2805 2761 3419 2882 3490 4673 3509 3786 3942 4635 2904 3092 4046 2861 4673 4442 3117 1449 1779 1857 2418 3352 1476
4356 4979 5460 4423 5749 3734 4086 5690 3916 3803 5708 5596 4878 5275 5608 5544 4830 5002 4478 4548 4475 3881 4119 5530 5541 5500 4234 6358 5880
5108 5919 6160 5229 5349 5455 4823 6514 4805 6523 5795 5786 5634 6503 6502 5674 6045 5736 5764 6122 5513 6602 5964 6105 6482 5196 4970 5889 5862
6632 6751 8416 6572 8096 7578 6994 7425 8093 8132 7532 7086 8324 6762 6967 8324 8626 6714 7987 7753 6865 7526 7652 8265 7852 7287 5486 6121 6475
3771 3039 3183 4000 3284 2744 3321 2338 3779 2250 5255 4551 5499 4444 5870 5597 5814 4239 5118 6092 4512 5683 4165 5446 5560 5156 4875 4720 4147
3533 3192 3027 4905 3407 3365 6628 5908 6170 5117 5231 6718 5906 5070 5842 5805 7118 6224 5277 6123 5445 6533 5673 6002 6053 7151 6144 6717 6247
5640 6152 7549 6607 6556 7407 6833 7587 6524 2707 3197 3749 3774 2546 3806 3966 2369 2679 2421 2594 3342 3688 2256 4152 2553 2940 2713 3482 3458
7047 8195 7614 7821 7097 7065 6353 7322 7652 7749 8282 6816 7764 6958 8323 7596 6947 7621 7470 7672 8181 7263 6991 8261 2867 2118 2381 3175 2725
2671 3349 1924 2419 2739 1816 2018 2878 3617 2576 1728 1895 3451 5104 3837 3782 3424 3234 3113 4645 4667 4099 3989 3119 5036 4459 3032 4560 3373
7593 6858 8385 7722 6501 6774 7988 7973 8404 8070 6626 7159 3918 4718 4748 3871 4711 4482 5464 5159 3404 4198 4814 5461 3970 4139 5460 3518 3645
5141 4228 5677 5522 5579 4333 5441 5684 5709 6158 4207 4323 6235 5479 7429 6221 7124 6653 7454 6169 5961 6374 6227 6944 7004 7237 6695 6950 6361
7835 8024 7515 6613 6963 6035 7549 6053 7621 8063 2733 2725 2393 3141 3225 2686 4010 3220 4222 3971 3241 3254 3973 3258 2793 3011 3827 3203 2532
4704 3528 4178 3355 3053 2001 3100 1690 2027 3197 3224 2237 1497 1977 1503 2997 2654 1230 3150 2839 2461 2091 1903 2839 1656 1837 2009 2877 1297
5900 6515 5423 5848 6353 6272 5745 6118 5646 5470 5917 5263 6133 6331 5776 5031 7018 4925 5139 5869 5610 5269 4180 4526 6030 5307 5494 4086 5589
2583 6542 8024 6219 5375 5808 5123 1526 2257 7438 6671 2825 3000 5213 2095 2494 1986 2487 6038 4707 2526 6349 1591 5026 6068 3145 6287 2767 1688 3226
2103 8104 7838 5936 6745 4419 5678 2220 2394 6606 6080 2254 2849 4402 1787 2397 3202 2555 6896 3744 2072 5579 2100 6248 7495 2502 7303 2447 3574 3352
2976 6674 3528 7411 5929 4991 4596 1873 2468 7323 5426 2920 3146 5255 2109 2105 2555 3140 6530 4542 1551 6667 2456 5804 7011 1435 6621 1696 1628 3797
2186 6915 3330 7024 4246 4870 4536 2544 3108 8336 7023 5206 3587 4414 2029 3571 3075 3235 6989 4529 3173 5934 1989 5966 7289 1452 6379 1778 2184 2641
3865 7411 4653 6520 3317 4457 5045 1988 2474 6273 7307 3646 4297 5686 1359 2803 1330 3597 7387 3187 3273 7106 3275 5997 6590 1588 6817 3019 3331 3893
3634 6904 3490 6032 4514 5594 5303 2307 2302 8177 5875 4742 2954 3123 3295 1989 3305 1795 6053 3379 1367 6929 6325 5446 8264 1678 5869 3104 3338 2290
3208 6467 3423 5379 4309 5219 5867 2987 1639 8125 6149 3785 2939 3444 1398 3346 2758 6683 6850 4683 2113 7674 6333 5868 7798 3292 5555 2280 2137 3490
3897 6832 3945 7343 3426 6282 5279 3068 1841 6790 6818 4602 2605 3994 3233 3841 2430 6025 5712 4614 3163 6492 6227 4975 6861 3182 6409 3731 1657 2693
2108 7090 2978 7244 4223 4229 4753 1717 3309 6444 6521 3991 2912 2958 1297 2658 2422 6512 7451 3415 2846 4462 7546 5330 7972 1196 5659 2434 3115 3796
3424 6538 4331 6266 3693 4236 5369 2923 1726 7091 6212 4005 2777 3431 2430 3042 2081 6184 5316 3039 1626 3164 6808 5633 7095 1716 6513 3014 1592 3229
3884 5813 4087 6647 3433 4828 4908 1448 4190 6381 5630 4378 2718 2820 2898 2764 2485 6608 5808 2596 2892 4326 7109 5137 6650 2388 6711 3762 3544 4106
3249 7771 4327 6994 2721 4531 6152 2655 4442 6269 5201 5297 2536 2835 1232 2791 2536 6424 6775 2251 2688 4616 7901 4806 8360 5419 7032 3449 2251 3947
3653 5846 4821 6413 4634 6244 4134 2373 4761 6948 6021 4275 2994 3984 3084 3215 3341 6954 6639 2435 3050 3623 6601 5411 7685 5708 6287 5498 3173 2565
2181 7415 4668 6130 4098 5026 5009 4549 4930 6558 7094 4732 4596 3712 2573 3722 2328 6476 7440 2966 1597 3000 7301 5254 6841 5190 6242 5683 3136 4003
2882 7293 4977 7239 2956 4397 5205 4250 3287 6412 6925 4313 2601 3071 2951 3697 2335 6553 7282 3680 1548 3133 6883 5994 8306 6331 4472 5370 1615 3678
3069 6704 4374 7346 4006 4521 5572 5120 3794 6450 7136 3872 3235 4772 1480 3832 2785 7076 6287 2755 2859 2965 8247 5839 8432 6722 5309 5919 3542 4085
3770 6507 3171 7019 3382 5496 6070 5266 2920 6367 7039 3866 3416 3906 2229 4390 6931 6226 6952 3442 2643 3703 7208 4954 8475 6766 5567 4937 2383 8673
3139 7326 3289 7359 4782 5643 5115 3800 4692 7188 5666 5259 3828 4436 1222 3777 7408 6011 5884 2604 2804 2924 6889 5406 7625 6043 5109 4212 2512 7954
3007 7180 3676 5557 3401 4375 6068 4075 4207 6497 6911 4311 3723 3169 2311 3382 7087 5966 6806 1983 1510 4549 6158 4555 7760 5649 4782 5601 1531 7425
4034 6266 4174 6711 3996 3717 4917 4536 3269 7063 7097 4547 2102 2836 2612 4202 5872 6066 5876 2972 3028 4752 6320 4168 7600 6931 6020 5843 1486 6756
2207 7152 4798 5506 2901 4034 4759 4754 3572 6701 6475 5032 2808 4654 2518 4147 7825 6076 6262 3761 2535 4882 6435 5670 6942 5189 5741 5752 3148 7812
3914 7371 3985 6095 3951 4857 6006 3595 4727 7197 7240 3841 2983 4199 2514 5023 5990 7578 6399 2733 2465 4308 6819 5550 7723 6043 4632 5653 2828 8406
3882 7227 3088 6336 4129 3990 5846 3684 4009 7885 7169 5377 3705 3485 2468 3503 6559 6963 6549 3635 2261 2891 7744 4305 6821 5731 6457 4082 2512 7470
2038 7364 4177 7368 4656 4003 5461 3242 3322 6533 6547 3533 2555 3683 1739 3147 5960 7309 5613 3711 1794 3098 6892 5768 7441 7080 5558 5989 1587 7885
3540 7359 3399 6089 3603 3552 5511 4205 3658 6786 5385 5127 2592 3159 1387 3289 7609 6373 6781 2758 5559 4718 7791 5981 7654 7213 5091 5061 2773 7214
3693 6823 3338 6209 3510 4496 4382 4570 2932 7800 6794 5356 1984 2767 1525 4043 7117 6212 6131 2999 5774 4084 6970 7726 6771 6047 5009 5126 1188 6854
5188 6134 4307 6222 4355 2934 5948 4101 3215 7723 8701 3468 2363 3327 1588 4441 7525 6739 5674 3297 6494 3200 7466 5850 7670 6777 6057 4635 1381 7224
6334 5767 4831 5934 3630 3606 4917 4144 3338 6666 8585 5330 2133 2854 1757 4455 6857 6753 6481 1887 4382 3590 7460 6554 7589 7157 4888 4590 3054 6772
4861 7002 3452 5789 2716 3332 5800 4800 4270 8112 7444 4354 1936 4048 1339 3723 6890 7023 5164 2846 4399 4403 7729 5849 6585 6320 5238 4676 3024 8107
14 15 26 13 36202 0.9550639448542153
25 11 3 12 72893 0.9941641339986675
28 20 12 10 69214 0.9700051203200605
4 22 13 1 96169 1.0297694379510565
23 16 19 27 55331 1.0324540234834503
3 14 14 25 61856 1.099900280589282
23 25 9 3 120192 0.9021618376499717
8 5 17 26 98258 1.0146545730285577
12 22 0 5 83263 1.0074537717059786
14 1 4 6 61282 0.9618562943133369
10 27 5 15 40846 0.9343757357883493
19 11 11 13 38310 1.0414078939312645
13 20 18 15 31709 0.9624649664953508
12 21 20 19 28224 1.013087504820016
21 5 27 1 37031 0.9466047717332525
19 1 11 17 88117 1.0329693157168154
13 19 25 8 67480 0.9789867679736501
27 26 2 21 83232 0.9662549986997844
21 7 10 18 79029 0.9033797824491323
10 21 16 9 60064 1.0146270580252452
17 28 8 5 100844 0.9312760149753507
1 25 9 8 73289 0.9717489969710593
1 8 25 12 82825 0.9970964482940203
3 29 11 7 88556 1.0217997437678632
9 7 23 13 65707 0.992356329697806
18 23 0 17 68200 0.990370549601654
20 20 21 3 70274 1.0500679763092164
17 17 28 20 44659 0.9322109626457452
0 24 6 20 28115 0.9543537465934353
4 13 18 25 82462 0.9822861722153835
21 13 26 6 38838 0.9471719517127255
4 24 8 14 50111 0.9338068003224745
5 7 24 13 70176 0.9561575993571593
18 29 10 9 97826 1.0701696380537475
26 16 23 28 51359 1.0951666670563025
15 3 28 8 61310 0.9279229181577194
0 16 28 23 85786 1.0723501166306215
14 14 2 17 37946 1.062038775886462
21 7 2 17 83621 0.9420204983512381
15 23 17 9 62477 1.0983750516904673
26 22 0 11 98883 1.0924729042817671
7 5 19 19 83731 1.0685056838415636
15 10 26 4 59824 0.9486290178150824
28 6 20 17 51726 1.0847874147657124
3 22 13 13 56188 0.9454784245184032
3 11 3 22 48150 1.0307587309041266
12 4 26 17 89454 1.019860355145303
22 22 20 13 34341 0.9563733984736583
14 4 5 13 53517 1.0005175032048583
13 28 20 0 112692 1.0812013414078772
8 7 29 22 95033 0.9042987584118601
29 25 1 7 111597 0.9621815212702408
12 20 14 7 63914 0.9623219500880176
22 24 3 2 116780 1.0350008271022921
14 25 25 1 107780 1.0332887215719013
7 26 24 8 90356 0.9948512311388598
12 20 25 2 81463 1.0720224907421194
16 11 1 4 61118 1.0397356013166745
3 24 9 15 51954 1.011679876544328
15 0 1 20 103406 1.03881115439519
24 25 5 23 69729 0.901049771955689
6 9 15 13 43172 0.9636589029836824
24 14 4 15 49481 1.0906109766845518
20 17 7 6 77936 1.0374379369554898
1 10 18 22 88193 1.0377577607354116
18 4 0 15 83163 0.9992296309197428
12 20 0 24 43443 1.0885248148513267
20 20 8 19 32379 0.9224751569182299
1 26 7 5 84817 1.0395788200363152
20 11 0 10 71032 0.936540146797692
13 17 21 22 43911 1.0379778664792094
25 16 27 26 43354 0.960234082438576
26 11 4 25 92494 0.9664555920411129
26 22 11 20 50203 0.9511609946314739
9 4 12 16 64167 1.0938062741219188
0 0 12 23 97650 1.0794950867176965
11 8 10 24 75723 0.9204000997776648
13 4 2 2 50001 0.9908237819962538
18 26 5 1 115374 1.0205936941735376
16 5 19 19 58171 1.0438426916498162
1 9 3 21 54368 0.987286127010014
1 17 8 28 42474 1.0346531980253757
0 1 15 17 84791 1.0091562345593588
8 23 22 0 110636 1.0025033349494006
21 24 21 6 77037 1.0235783640250964
23 8 6 23 92187 0.9881564441950854
11 19 26 0 95555 0.9230665290543875
14 3 28 12 73366 0.9973288580912469
5 6 19 21 84595 0.9183529448889113
22 5 7 2 69738 1.0451411701034363
24 3 22 13 31720 0.9845550336127569
1 26 27 28 66505 1.0700543461399232
4 16 22 29 74061 0.9635924083893899
12 10 24 25 87177 0.9695101740382832
2 1 21 12 95662 1.0123927889314863
20 17 25 7 51792 0.9518930134217901
19 14 6 12 35482 1.0233031217448778
24 5 7 28 100944 0.936747886133703
19 9 12 29 96929 1.0861640296368043
23 1 8 17 92031 1.0742946228035504
25 2 0 6 93081 0.9455430155685147
22 9 5 17 64726 1.0706770227209028
13 17 3 4 69510 1.032213026607344
18 15 26 22 54259 0.9594545300235585
14 3 16 28 93614 1.0171988470749984
8 1 25 20 115950 0.9020807254679094
2 16 24 28 80332 1.0147296004884212
9 18 19 13 51703 0.9131593784377611
15 0 24 23 102035 1.0301343333171815
4 25 8 11 57917 0.912684705891706
20 20 4 8 77045 0.9752640558918568
6 8 11 27 66160 0.9311164487817079
10 21 2 1 89910 1.0660181950683654
7 19 28 1 103626 0.9890849507230071
10 14 20 12 32535 0.9464470530705353
15 8 7 20 69302 0.9838906175096039
8 6 2 19 55788 0.990273667354747
22 4 12 28 106985 0.9525684076092036
14 21 4 14 48615 1.0959875457382877
25 7 5 22 95069 0.9195584065148581
2 25 19 28 43660 0.9594514663517648
28 2 13 19 83426 0.906914084209364
3 7 29 18 89409 0.936588915788233
27 1 3 19 115437 0.9851407246354373
25 25 12 8 100288 1.0326083663496304
2 10 17 12 56650 0.9071693493223147
23 11 22 0 37188 0.9244234978710768
3 0 9 24 94762 0.9621340549414047
14 23 24 28 40675 0.9901318528156695
6 9 4 23 57302 0.9080508472738332
13 25 13 6 82433 1.06138228854392
21 25 4 10 98208 1.0168708426037252
2 10 2 26 65248 0.9345216586866625
20 1 9 14 72709 1.06277908756611
6 18 28 28 74780 1.0482171863827883
1 12 29 15 70772 0.9126738209525579
15 22 2 25 45696 0.9589238850720249
0 7 19 22 96523 1.01510112236878
26 25 13 23 66892 1.000466945892497
27 14 10 15 41747 1.0510782018365858
27 18 22 6 51633 1.0946394450519337
26 11 7 5 88082 0.9053705836427438
18 9 24 24 73804 1.0742764922743226
11 6 27 7 70101 0.9051050733756312
5 19 12 11 49530 0.9362439336544292
4 3 23 16 94057 1.0373199491513594
26 1 17 29 106828 1.0036009963410268
28 28 22 14 42510 1.0542055806375297
9 5 4 12 39583 1.0339100460378614
8 25 26 18 67888 1.0272865690255295
29 11 7 5 91018 1.0632066380075225
5 16 10 29 43287 0.9661036332093261
25 17 25 29 47909 1.0401841233058668
20 17 22 6 59230 0.9388990329762242
24 20 8 23 48726 0.9176997862023025
21 12 20 23 46498 0.9713425657612095
6 28 13 13 63845 0.9117408047890742
21 27 5 21 62397 1.043872338662105
5 3 0 24 75855 1.0883909354061705
14 25 29 7 92446 0.9096130683504486
11 3 12 14 55083 0.9636673104194333
21 21 1 7 93703 1.0321752702707643
13 27 23 20 52171 1.0532605382090707
7 12 21 7 62970 0.9741825765484373
4 19 23 18 58112 0.9773506198736822
17 21 5 1 94499 0.9389196166758521
29 20 6 9 84784 0.9951742593282219
6 8 13 16 46898 1.0163368336554497
17 4 29 2 51486 0.9110793188991984
19 4 5 24 109349 1.079893810292304
6 1 9 8 37438 0.9757398436155414
29 20 21 10 48377 1.081110249018493
5 29 16 22 45217 0.9883420242708688
24 22 28 13 37863 0.9126336542370898
24 3 21 18 53485 1.0629505971587239
21 6 6 13 70734 0.9035887302436207
20 26 22 0 95269 0.9273497122226408
1 17 28 24 92049 0.9269660911466353
7 1 20 8 73341 1.0184612092053378
14 0 13 19 85461 0.9309885237627921
6 26 25 6 105263 1.0078862773267365
17 17 27 18 44155 0.927354796224861
8 3 10 15 57458 0.9609714567498313
28 11 11 16 51025 1.0375559466258042
5 22 20 20 42755 0.9268299352096481
0 19 17 16 56614 1.097398965668364
9 13 16 3 60995 1.0228253876409714
17 20 5 18 35405 0.9395008834885602
28 7 2 4 102403 1.0717385156596433
3 3 29 8 108148 0.952906367673366
16 16 7 20 35172 1.0894843435933677
4 16 15 8 58827 1.024430110824849
24 25 5 16 79402 1.0346127901205544
8 9 22 10 62105 0.9565826507961976
22 25 3 22 69010 0.9726853762110973
20 15 28 28 53412 1.0769471135038506
28 18 23 2 48717 1.0984437899228112
13 11 26 19 61722 1.0107648780541743
11 24 18 5 86869 0.9028350345413355
19 0 29 14 59590 0.9638570494974845
5 0 13 16 74683 1.0285383389702298
15 20 12 3 79326 0.9813099565182393
3 25 13 18 43205 1.0284046905110826
29 8 1 11 88981 1.0781548742650175
29 27 3 6 116257 1.0696260302450935
1 8 25 28 111536 0.9239710313437647
15 28 20 23 33480 0.9661343867576303
29 1 14 14 69804 0.945087799146995
18 8 17 19 51432 1.0544268553563194
9 12 1 9 37100 0.9698207345513746
16 0 22 23 92455 0.9924718161606932
7 9 10 22 68217 0.9504446523983965
25 5 28 12 28512 1.064625267284709
11 1 16 11 57198 0.943850906246595
20 11 2 4 83224 1.0411404027299038
13 7 5 3 32240 0.9416677601455988
23 15 14 23 54801 1.081981116878458
17 29 16 15 48888 1.076170963294874
17 7 13 18 54509 0.9853094015640622
24 9 8 9 67618 1.0681034563841312
2 19 10 11 49871 0.9588778399730965
9 14 21 6 61218 0.937952793110498
8 11 15 1 57779 0.9602968395215314
26 11 12 25 84365 0.9821031931696347
2 12 3 26 60416 1.0086912521770686
13 9 0 19 64247 0.917977319020112
25 19 6 20 50825 1.0737300047695466
11 7 28 20 80142 1.0262744623012217
29 2 24 12 40586 0.9916960805183747
16 29 4 12 73722 0.9224051440608072
12 27 10 14 54066 1.0451067233156626
6 15 23 27 79828 0.9531794003869255
11 4 14 21 82209 1.0313895042423091
11 9 23 10 64138 1.0524844378122886
2 1 23 10 106911 0.9058509979957086
22 2 4 18 102882 1.0418715090014985
12 29 29 25 54545 0.9141873106985228
10 11 4 2 48675 1.0086568137353742
5 18 20 10 66757 0.9916502770992268
5 28 22 11 87380 1.0391143366625477
29 9 22 4 41295 1.0392943878897776
25 26 19 17 59000 1.0892314421997822
8 4 10 15 51415 0.984299601968309
0 8 17 23 87704 0.9703654050020237
28 4 5 2 95220 1.0026383000207533
13 24 16 4 81805 0.907882517367325
5 7 0 14 30422 0.9954753655732669
11 18 1 18 41674 1.0527849205297515
1 9 9 1 53200 0.9534043447495661
20 17 22 0 70443 1.0947233455516139
8 3 16 15 69181 0.965282023637239
6 2 1 28 97932 1.0677093615485913
6 8 28 7 79470 1.0154763822825252
14 15 10 25 48001 1.093944356723955
26 5 18 23 82608 1.054359704267662
29 14 8 18 60746 1.0699341904367987
21 9 12 28 89523 1.075169826269105
17 10 26 0 61669 1.0474930300810432
22 28 9 23 44879 1.0405399145442855
21 6 10 28 100252 0.9361557745126571
29 27 7 0 130359 0.9980779599357508
21 1 3 4 78984 1.0379001061376387
19 12 0 5 74205 1.0983699736964385
26 3 14 9 65304 1.078294364515865
25 13 8 28 82041 1.0732928629535383
22 9 0 0 94201 1.0946197228095194
18 21 13 4 77800 0.9507194068149825
0 3 5 15 44190 0.9394063141855242
21 20 13 26 44224 0.9980178185306477
26 11 7 28 92270 0.9777211351770981
11 2 25 9 77722 0.9638072173784009
29 4 21 13 43928 1.005095579985741
11 16 4 4 55581 1.009934664635703
3 28 13 14 67438 1.0236702130414383
3 9 15 22 81895 1.0677335001955373
24 21 28 27 27927 0.9209836483425966
16 10 21 16 37997 0.9932758603539216
4 27 12 17 53945 0.9912200555727235
19 0 20 11 40998 1.0260411726765932
14 2 9 8 41906 0.9361719768598097
0 11 11 8 35625 0.9341744200614079
2 2 13 5 54508 1.078699700154326
21 7 2 18 86474 1.0841874872677593
7 25 15 21 32334 0.9974163289973283
24 10 1 29 108023 0.9613018280422809
4 26 15 26 45424 1.0798442020714845
23 26 1 16 87503 1.0846906056742667
1 28 16 26 45587 0.9506275279804876
18 4 27 3 41115 1.090486510747071
22 17 8 25 53671 1.0362191025734506
7 11 4 2 42472 0.9640967104685488
12 18 20 8 64861 1.0887891817731028
25 22 13 11 69591 1.096440109633985
11 11 14 23 64108 0.9159486900503192
4 11 17 17 56179 0.9348021238999323
9 20 0 29 45966 0.9471864847304532
21 24 6 11 85328 0.9782457435859612
26 0 1 4 89923 0.9480635993086863
8 16 22 3 86412 0.9774848558262731
1 11 27 29 108130 1.0440375419286998
13 27 28 1 105579 1.0480621705682085
0 4 18 29 109906 0.9809022916639751
20 0 0 19 109670 0.9361156551905915
28 23 22 4 61426 1.0681660466942686
29 4 4 3 100764 0.9851951296968352
0 18 27 24 90263 0.9990072821150084
24 26 10 23 50937 1.0816991480272695
1 8 21 26 109993 0.952843026760359
1 26 19 14 75311 0.944184044736512
24 9 12 4 59960 0.9457877972691058
28 8 23 29 58913 1.0379070753858215
24 12 29 25 44189 0.9971560533764414
14 27 2 9 91964 0.9830941675356267
11 1 1 15 74886 1.0281725359609415
19 8 9 12 47740 1.0932444081662518
12 9 14 27 86762 1.0066317147838875
11 17 23 15 47192 1.041403301123779
16 1 1 22 109260 1.0548604994120456
23 22 6 13 70901 0.9114260026068352
12 13 12 27 58596 0.9560773800554353
2 7 9 24 69916 1.0396474444577404
4 28 18 27 43215 0.9884509621946733
16 8 6 12 44377 1.0428173831493333
4 15 19 1 93508 0.978423365602918
18 7 8 12 50660 0.9056105344021141
7 29 16 25 33092 0.9861292634903844
7 25 22 10 78768 0.998738845989108
11 6 11 18 60718 0.9472589926380394
8 18 29 20 68975 1.008946652857582
22 0 22 29 94549 0.9224671090490949
11 15 21 29 71196 0.970011272436541
11 23 0 16 48000 0.9034196099574547
26 15 10 1 100067 0.9231533952166744
20 26 29 9 77847 0.9669441657784874
19 25 7 21 57807 1.0578092855971386
5 15 28 10 61870 1.010786118992525
14 1 10 10 60237 1.073335633183399
13 4 27 3 60339 0.9877591910968011
25 5 10 8 65491 1.0728731006564407
0 9 6 3 33674 1.0800657663166524
7 2 16 29 108094 0.9585524415860383
29 8 14 4 65024 1.073586202702323
25 9 5 4 85778 0.9491571832597648
26 16 12 6 78175 0.9627029043792437
20 13 6 23 67947 1.0401441968758465
2 20 1 2 57248 0.9779944159115932
0 0 20 29 123860 0.9923795967429075
19 5 13 9 41697 0.9130143206871281
5 29 16 12 75411 0.9669087227570073
19 0 22 21 78837 0.9302303387713748
13 29 23 24 39495 1.0421431667047925
25 6 8 1 76526 1.0252009324048967
4 8 15 27 83925 1.0612853673275549
5 18 23 13 58071 0.9203905904117318
19 2 3 27 123281 1.0244463751914386
17 12 9 8 45010 0.9650110326961082
7 17 19 10 67311 1.0195967809765654
12 11 24 7 56905 0.9142053389640057
7 23 14 26 33120 0.9641818151172679
13 11 20 8 37796 1.023578722811807
27 10 17 10 45405 0.9970950259344273
6 7 24 28 103340 1.0020261624288724
5 21 12 25 30732 0.9907665753570158
23 29 3 9 111307 0.9176678344418753
8 6 23 11 73014 0.9041656482860553
16 4 26 15 64109 0.9253918147092585
17 10 27 26 75146 1.0304644444335223
3 21 7 13 43682 0.965441798856111
24 4 28 25 57136 1.0607338343441741
17 15 8 20 41034 1.0358547676457228
17 16 15 25 42016 1.0176452523101784
28 18 8 0 101001 0.949324928368415
15 1 21 14 62225 1.0541638051701143
2 0 23 9 98858 0.9833768866823592
18 25 11 13 65662 1.067777325161233
8 16 23 8 66238 0.960423174299553
15 15 22 12 26805 1.0092250638629496
5 22 24 3 99856 1.0853471006566524
26 21 4 4 107392 0.906832257806221
12 26 21 8 93467 0.9084598294168301
9 18 13 8 57996 0.9412848580713866
2 6 19 15 72055 0.9392278806291932
24 1 11 3 58661 1.0073236320405479
26 28 8 21 62567 1.0253913164233501
13 6 4 24 85483 0.9681291444494882
7 9 8 28 67819 1.0723129225779156
1 29 13 3 116953 1.0058861456436554
25 8 9 11 67390 1.0539934075087536
2 26 29 20 87990 1.038046578301418
12 2 21 1 41085 0.9857761916134781
0 4 14 21 84947 1.0046330145278801
26 28 24 12 49027 0.9092385697647496
0 21 19 17 66612 0.9092854210540571
6 20 13 29 35894 0.9240141253026217
24 17 13 17 48487 0.9523812949151038
20 16 28 13 28940 1.010277554375495
29 15 13 2 84649 0.9931901802896623
9 12 3 16 28379 1.0842622012865533
19 9 0 20 91204 1.0101026456394044
23 26 6 1 128360 1.0095051018993095
25 19 11 24 49170 1.0894444218311279
25 3 2 19 101890 0.9195795014267446
6 14 17 2 70500 1.0202328559252385
16 22 9 15 45723 1.085352649466739
7 16 0 28 54116 1.0634556293644457
0 13 12 5 53248 1.0026169071865711
13 3 8 24 94255 0.973356228896026
25 13 16 4 56975 0.9912678355928521
23 17 22 7 46527 0.9550537741210814
14 2 13 14 56784 0.9166742716806751
28 28 16 3 96986 1.020945366743714
10 16 22 15 41141 1.0646791918553458
0 8 10 20 57952 0.9794156085376104
19 4 26 10 47456 0.9181195776499321
24 10 0 10 77773 1.0438215790145682
4 6 19 6 62059 0.9102811790442059
4 10 13 19 59861 1.0436629190278972
24 19 7 23 51466 0.952664416781893
21 19 3 23 62403 0.9159542609224175
2 10 11 13 42279 1.0573496858250686
7 6 15 18 69279 0.9874538575261206
15 15 9 22 50927 1.027573399484106
4 1 23 19 107420 1.0265459834328312
2 0 5 16 55936 1.0468034048578971
25 11 6 28 93575 1.0635171466399305
29 26 13 18 68962 0.9701790203027619
5 26 27 16 84374 0.9233551012773715
9 10 18 6 56051 0.9364057643872314
6 12 19 16 50773 1.037436155474994
6 17 23 21 59062 0.9266036232094236
24 8 2 28 106850 1.074031631621482
4 4 7 19 59238 0.9245089116820348
3 11 13 4 52298 1.061163197015381
28 18 1 24 87169 1.0972331545500693
24 6 3 0 82149 0.9648056237804951
15 7 26 26 91615 0.9577868134973405
6 14 13 8 41393 1.0008872296964275
19 24 6 17 71188 0.9954869407653197
8 14 26 3 75833 0.9896332035710634
11 24 22 0 103677 1.0296333751463
21 10 3 29 105131 1.0108103720924826
19 25 20 2 98805 0.9025417814886992
1 27 6 16 48067 1.0081192714765197
8 29 26 24 69171 0.9524489964231233
19 9 9 11 57296 0.9440951457741898
1 11 9 13 32389 1.0206539889046695
25 26 26 9 65279 0.9264146171196552
29 17 7 16 67591 0.9717530979392872
10 10 23 4 74494 1.0137113178048083
7 11 22 3 83298 0.9763955538359348
3 2 1 19 64704 0.9720258918198686
10 18 21 4 86525 1.0983678062804327
6 16 17 9 57009 0.9703198052793778
13 15 25 13 34967 0.9408779690232165
7 12 28 0 91746 0.9991949705435689
6 4 29 0 101504 0.9654079670140199
21 26 22 8 63895 1.0812440674060753
29 17 8 9 75480 0.9581902911973648
3 1 10 20 83956 0.918392922191152
13 25 7 16 49511 1.0787683040308407
5 12 19 28 74375 0.908531645381349
29 29 5 23 74687 1.0581205824262534
11 28 11 12 60263 0.9673544134297948
16 9 0 28 96716 0.9944897063772715
21 1 23 22 81963 0.9704535382999178
3 11 17 19 65739 1.0861150592486994
29 19 7 14 59428 1.0814870065977298
1 9 11 6 35235 1.0812942670618706
7 29 20 1 118397 1.0753296612239045
20 0 6 10 80421 1.0873758477065554
13 4 25 8 55367 1.0311689092516532
19 23 0 0 120947 1.0143178678393467
14 0 3 23 113192 1.0717657661006472
0 17 18 2 95649 1.065902285213999
12 10 19 13 39673 1.0163505264131258
13 22 20 17 38442 0.9889959822120296
3 14 15 19 50259 0.9378605474217738
7 6 1 21 63603 1.0713082905261295
12 27 29 4 101790 0.909570007565755
26 11 17 1 64364 1.0124295846449252
20 16 4 10 64774 0.9976806268816056
9 16 15 1 77343 0.9892418657445516
2 22 29 1 125277 1.0118435224700024
21 17 18 10 47236 1.0657388559229513
6 0 19 28 118770 1.0491146036387353
14 20 27 13 49075 1.0386178848742789
0 4 29 20 106204 1.0544198662414115
29 8 0 24 110220 0.9278879442120834
13 12 29 13 46645 1.066129422969882
3 27 29 13 96221 1.0691586618747808
20 3 1 26 119388 1.0824994051315675
19 26 12 4 105167 1.006970647133412
1 11 1 23 42813 0.9183510234628958
17 1 25 13 62286 0.933097748694421
28 23 20 16 47791 1.0944496416323009
20 8 10 3 55203 0.9875442695921333
26 25 12 22 73379 0.9052430749399536
1 6 25 10 89203 0.9927620820055034
1 2 8 5 38559 1.08860025852299
3 18 14 1 96633 0.9899310445451418
28 7 6 14 62295 1.0400348985967935
5 8 3 20 45283 0.9889429803163333
26 0 8 19 103103 0.9751752693834035
24 11 11 12 42977 0.9796329147618345
14 29 19 17 57917 1.0798517148418532
16 16 5 22 45673 0.9091071061121152
9 2 24 23 120028 1.0573802298757482
22 17 0 5 84191 1.0814573952287596
20 3 6 5 62514 1.0413017753961338
15 16 21 0 73401 1.0972351377686365
5 17 23 3 90387 1.0537058546336335
27 4 24 25 75663 1.0942092540933717
10 27 27 18 69061 0.9367306120070464
18 5 2 9 65903 1.0035866702285992
7 5 16 6 40266 1.0173674004046616
19 4 25 18 66654 0.9801542510917196
2 10 27 8 94096 0.9748569720048444
16 6 14 24 78615 0.9597624923205206
11 12 4 25 61696 0.9779495860628984
4 17 26 8 81336 0.9388918774710047
20 15 14 11 33850 1.0802093082866446
19 25 10 27 44683 0.9312521617123266
9 16 28 10 58815 0.9024230255418085
19 16 27 18 44219 1.0701855674667216
28 29 18 19 51545 0.9482814023219437
23 24 16 3 92570 1.0776919080028051
2 7 27 3 97408 1.0520582500470113
0 28 26 13 102314 1.0331638412538768
22 10 8 10 58723 0.9608676386081634
1 10 19 7 65984 1.0843867822772735
11 8 0 16 49285 1.0906341858779978
9 21 13 12 53596 1.0300674540336323
13 3 15 25 94505 1.0175377957617184
15 1 2 18 90923 0.9159994041357712
10 18 5 29 43256 0.9954990135917003
7 6 1 29 91425 0.9281660219906316
22 1 27 17 59421 1.0444933405480863
7 10 27 24 93153 0.9003604719687283
10 22 22 6 95394 1.0358477448183296
24 11 12 24 78043 1.0402670445284259
22 18 0 15 64907 0.9830653874630959
25 19 11 6 84986 0.9447584177985459
21 20 2 28 64154 0.9545365572744795
17 20 12 25 33754 1.0391449123016094
14 21 5 29 43155 0.9001469217234869
25 13 6 1 96997 1.0036354342081504
15 11 10 0 62312 1.0461216074782844
1 3 17 22 95993 1.0745630812307412
29 18 21 10 43153 1.058412249759483
7 2 15 11 62832 0.9283613635441759
20 19 7 23 41643 0.9692963360620587
8 2 0 5 42791 0.9180494407414547
10 15 10 26 46475 0.9763402051477478
8 21 25 11 74766 1.0627052449203014
0 29 25 24 84682 1.0454703170164437
22 26 28 20 36363 0.9998190114975881
19 8 22 27 70694 0.9339076538871544
9 24 15 18 40725 1.0780463824606632
28 8 21 17 42342 0.9740953549012319
5 24 26 19 69659 1.0834126809886593
8 21 25 4 90614 0.9851008977191588
27 11 13 13 42636 0.9028906583545084
1 14 17 3 77278 1.0634043947850855
0 18 20 25 79842 1.06559531228406
7 15 12 22 46353 1.0820890721963863
28 26 9 4 111789 0.9679663516984739
12 4 12 21 80111 1.0344569224952638
27 3 3 5 103641 0.9572611719249642
18 29 22 5 94917 0.9860165926385198
5 18 27 25 81327 0.9110844639578465
15 6 4 28 101422 0.9215452077118497
20 19 9 11 63374 1.0941521923347506
15 26 15 16 38314 1.031848869367714
5 22 10 4 77563 0.9943336342255134
28 21 17 7 69575 0.90255234105106
7 20 2 26 23857 1.0874366479365
26 28 8 8 101540 1.042318944065875
14 2 26 27 114079 0.9399486689460734
5 21 25 22 60888 0.9625919318453097
14 9 25 6 53625 0.9057404928329094
7 15 20 17 52211 0.981159782645105
29 7 6 11 77768 0.940379226574851
9 14 13 21 40827 1.0276821711164394
28 7 17 25 80036 0.9985220312764311
21 3 11 11 66861 1.0732185388921394
11 3 13 19 76276 0.9832683864857888
19 26 16 3 95325 1.0096708427200465
0 21 20 11 79313 0.9490604411135337
19 26 0 0 128643 0.9948682136190519
20 3 23 29 91831 0.9115456027723448
7 20 16 0 95677 0.9499089880028595
29 1 5 24 125004 0.9261585697421928
10 3 11 15 63292 1.0953109646098294
8 1 26 2 68854 0.9970455475332485
15 20 0 14 52045 0.9421517331490912
3 13 18 5 78606 0.9754189887904652
22 23 14 9 71729 1.01957761727263
10 15 0 7 47720 0.915915448769572
12 1 11 21 95598 1.0232460857487504
15 27 10 12 70772 1.057888874430977
2 24 13 9 82390 0.9444191366381535
16 19 24 2 68215 0.9208628595344556
29 29 22 18 49833 0.9774968791934167
3 18 14 12 56330 0.9167073934365904
11 9 5 17 48073 0.9645170152689372
6 29 2 7 73326 0.9427656757911533
6 23 24 28 56545 0.9019840615631995
4 3 19 5 69640 0.9878930442885231
27 7 3 22 101311 0.9730644657235528
25 12 28 2 34542 1.0347469675341587
7 12 14 19 46671 0.9402288983230549
19 4 19 15 51040 0.914515027621419
2 24 15 14 66501 1.0084327800411261
4 18 12 20 29431 0.9097482851590867
10 15 13 4 55471 0.9895646013734698
11 5 5 19 60826 1.0051012468902953
28 11 22 28 50252 0.9949422191844197
29 4 0 25 117777 0.9215150164573802
19 6 28 23 69396 0.9725139381312171
9 24 17 20 36315 1.0730269979809746
9 14 21 28 72275 0.9584038192147937
0 21 17 27 64602 0.9323784185134171
29 2 2 12 99854 1.060084702047675
11 19 5 5 64266 0.9410208244187381
11 13 20 20 47378 1.065037132514655
2 17 12 9 61287 0.9405849577009899
21 27 16 14 58538 1.0357842565269533
8 5 0 1 45683 1.0096966557729548
25 7 16 28 85386 1.0315765342860788
28 19 12 16 54770 1.0623918077522745
29 22 2 13 86435 1.0053271457540416
23 29 2 17 78842 1.022004986004372
9 20 4 13 37933 1.0034281725741037
0 29 4 10 82275 0.9294544919474041
3 2 8 13 52680 1.0536820165752776
2 22 19 5 106188 0.9930136243511551
28 8 18 1 56754 0.9897907007765456
16 7 2 0 61672 1.0634663691143706
19 19 3 25 51582 0.9862177943401254
29 16 18 2 70311 1.0667303483332908
1 22 22 6 111403 0.9801524900073779
27 15 20 23 49127 1.0573859814078195
25 25 15 18 57769 1.026247996042389
22 28 8 23 47165 0.9793367376960216
16 15 6 17 33940 0.9119492034689951
19 16 15 2 67891 1.0376646264926772
16 16 11 24 35630 0.943425445383768
12 28 21 7 96257 1.0532246091228374
12 4 28 19 86316 1.044382167269829
18 11 21 28 69511 0.9117508579085272
3 19 24 29 73385 1.0449216918146307
24 12 20 23 49775 0.92216160897244
24 25 18 19 39008 0.9742481899693811
10 11 28 14 53619 1.0579387897037436
23 23 15 7 74472 0.9482169395412053
18 7 21 16 50892 0.9831493240972566
7 29 0 0 92186 1.0331024534608002
17 21 14 9 59800 0.956065368120944
15 26 2 11 87087 1.0364359083284795
25 15 18 27 63976 0.9087274022630197
26 13 15 11 41297 1.0720709163376223
14 17 19 29 57907 0.9410739113896965
5 24 15 28 31782 1.0216735097471914
4 17 13 2 74749 1.0689155399493417
20 14 6 6 61009 0.9736730763221539
19 19 27 23 39589 0.9557950934653378
26 9 10 12 63064 1.038552065426777
23 26 2 12 96077 1.0218830085248742
26 26 1 13 98748 1.0769390172787177
27 5 17 5 41601 0.9427384314823393
14 6 6 24 87234 1.0717181425025732
4 27 16 0 118542 1.07431923147474
14 29 27 18 62243 1.0427363173003374
4 8 23 10 78482 0.9032092989472331
28 19 10 18 57743 0.921817539800464
1 13 20 13 49591 0.936369412379098
25 24 1 16 92090 0.9424853657926988
23 21 21 6 62432 0.9254414967805112
28 16 7 11 62494 1.0365203766738351
19 5 18 26 95745 0.940799040492362
23 10 6 24 91195 1.0831406185625767
3 24 18 25 63504 0.937979721962727
27 11 6 28 90939 0.9561069336822077
10 3 8 27 98322 0.9904271759597261
26 1 7 23 107756 1.0900967724370199
22 7 21 24 68757 0.9230518530682498
29 14 14 20 49030 1.0695003735399298
5 9 26 9 82184 0.9030920836101052
19 7 8 22 84622 0.9738499525878443
22 5 13 4 37786 0.9243624043446432
6 5 3 12 34149 1.0255093352320754
15 8 29 23 76100 1.057430392063903
14 6 2 9 42722 1.0709467510815305
10 27 18 9 85475 1.0681019743126585
28 29 10 12 80851 0.9933444651248982
10 4 7 12 44214 0.9058266490622693
27 13 16 22 53783 1.0240662069033915
16 22 24 16 42571 0.9028781032559574
18 12 26 3 49778 0.9516403800732736
14 20 17 4 65587 1.0685073624242718
12 7 19 28 90237 1.0924349748848055
3 11 18 8 62791 1.090960198904249
1 5 23 10 88624 1.0867121381611335
11 11 28 10 58176 1.0181778727803716
19 20 6 27 45968 0.9387295670989
17 28 27 12 61653 0.9514827024946514
27 11 24 4 28931 0.9596944077733048
17 10 2 4 67491 0.9270727474375574
2 27 12 7 86649 0.9623528196162795
4 14 2 2 49901 1.0843319449059179
20 3 22 11 35844 0.9023117621085471
12 10 0 3 55681 0.9125586645047188
4 16 12 25 42827 1.0154977341814448
5 6 7 16 37384 0.9408417430655283
18 23 27 0 100083 1.0925665162595528
16 0 26 24 106477 0.9262385951981794
18 2 23 19 73542 0.9727825866281021
27 20 4 6 97426 0.9606964886882011
19 6 21 26 79920 1.080406347697823
20 27 19 18 52448 0.9982868799065311
27 9 19 7 39930 0.9743794395296836
28 26 19 7 72026 1.0168793025469123
15 24 14 9 74795 1.052305613271406
17 25 7 9 87230 1.025155019355906
24 15 4 1 96588 0.9680362227585014
25 28 12 24 51097 1.0034838933498376
22 29 2 17 77063 1.0380975045585488
7 27 4 8 59253 1.012275365756349
16 4 18 26 85791 1.070050380010686
29 19 19 5 64055 0.9829600091825925
27 9 4 24 105792 0.9329143904241003
28 26 3 6 109572 1.083489886910861
10 9 27 5 80172 1.0167268702979855
25 0 5 15 88221 0.9480281562366042
9 11 16 0 68065 1.0413811137444169
6 29 17 10 87368 0.9969400186391749
14 20 26 2 80154 1.0561633797155692
18 12 15 27 61673 0.9615261850050345
20 7 29 13 42401 1.054473192374011
24 21 12 22 44593 0.9230214639782629
3 6 21 27 111906 0.9287333638626727
19 5 29 18 63223 1.0258626767143642
1 13 9 16 27890 1.026176653128731
18 27 2 9 104779 1.0891618620197643
24 16 8 27 71004 0.9788962592405881
10 14 24 26 74857 0.9109639782072442
13 24 7 17 47316 0.999173941199373
1 26 23 17 77711 0.9210216322447574
17 14 25 11 30779 0.9262690079071731
0 18 28 0 111259 1.0143515759952682
13 25 6 6 80773 0.9670301423886792
13 0 28 18 84683 1.0743079068674806
17 15 27 4 54882 1.0704323081993912
7 12 24 20 63404 1.037023599595543
23 3 6 28 115607 0.9382352015396425
22 29 10 27 36709 1.0396191232029
6 18 24 25 72414 1.0203662307153698
10 28 14 21 29229 1.059234930091947
9 21 4 13 42787 0.9911776991126011
21 11 28 6 38397 1.0859977329219985
18 29 25 5 90476 1.0944004992636238
27 18 6 29 81307 0.9512756507720296
3 28 11 9 87663 1.0192674103836252
20 15 11 19 44515 0.9009186792634193
26 20 18 29 55313 0.9387288757419412
24 10 27 20 33561 0.930946671243205
17 27 10 23 33647 1.0646678830591971
25 9 0 2 101165 1.0457255097066411
28 17 21 7 42915 0.9607488483605671
27 13 13 26 76372 1.0857596563207346
4 4 12 1 41736 1.0272601637491248
28 29 29 13 39368 1.0856543695115282
17 5 18 25 86768 1.038200847329951
0 11 12 15 41167 0.9601240560554637
0 3 18 3 78402 1.048304244788869
21 23 16 12 53372 0.9415862811809493
18 12 1 7 63833 1.062618750511684
1 2 27 7 100185 0.9018041781160864
10 14 5 0 58905 0.9078142343506034
3 4 13 21 82529 0.9062286352668342
8 19 21 8 77978 1.0907982557206246
27 17 14 16 45731 1.088714373505186
20 2 2 16 91926 1.0454687924034833
20 18 11 3 89176 0.955722711047094
20 14 6 11 41623 0.9275493708642923
11 27 28 1 106686 1.0533275902414692
2 16 24 5 81418 0.9060967625819556
17 10 19 21 56844 1.0502070011064566
0 24 23 2 121694 1.0680672469546297
12 3 28 26 106370 0.9944277595926416
9 11 10 23 62993 1.013854323743981
21 7 24 25 74715 0.9527045575686879
16 19 0 15 53403 1.0592695717348652
10 10 15 0 61515 0.9569404482298396
5 27 19 8 97173 1.0336877980975985
6 15 25 7 70489 1.0543417769239207
23 4 10 29 106743 0.9820806561756514
28 9 2 9 94410 1.024077604851425
5 11 16 15 38768 1.0340300946950995
21 22 15 1 96423 1.0125642920666986
1 14 26 0 96004 1.022124690059435
27 24 17 11 68030 1.0066598003132845
16 25 8 2 106486 0.923053248616636
2 9 19 2 75994 0.9243464639243076
24 16 15 9 50022 0.9092911472721912
9 5 0 0 50583 1.0298267256590692
5 9 8 21 45772 0.964211148959596
4 19 28 16 73223 1.020712648180465
7 17 25 27 76370 0.9883083518806868
29 21 0 10 93271 0.9468689483238437
9 25 26 8 91602 0.9835370948386738
7 29 20 8 96488 0.9006216708537563
0 16 2 5 36731 1.0375305645296444
23 19 13 26 52918 0.9555930864943534
14 23 18 1 100896 1.097736387285002
22 20 9 18 42684 1.0453110159515644
19 18 27 3 75113 0.9019675338099443
14 9 5 21 69552 0.9878205486990188
13 13 1 10 48624 1.0756316529631527
25 0 10 0 48449 1.042075042450241
3 13 16 3 75331 1.0948631289607256
11 22 4 2 83489 0.945019623599322
7 14 24 8 56980 0.9209777700919738
12 1 4 13 66460 0.9172429234615967
11 27 26 22 66799 0.942386669478571
21 1 20 13 47046 1.0824832310717245
22 22 7 12 66379 0.967274275656716
12 0 6 8 47702 1.0485133118659231
5 21 15 8 74138 0.9829879733576141
6 15 22 3 86902 0.9819826525407677
24 27 14 18 61824 0.97428152923418
8 3 4 13 51597 0.9082191966788618
1 22 28 6 103899 0.9000472898762892
0 2 9 20 73273 0.9677053414590159
15 28 21 17 55753 0.9682545584269806
26 10 4 11 76519 0.9763931557482651
14 7 10 0 46066 1.000831121914527
1 13 3 0 44582 0.9825543464306201
4 27 24 27 56860 0.9319680815378756
9 22 24 3 97981 1.0477407905404932
23 3 9 20 90714 1.0410703607672505
17 5 8 17 68741 0.9155980216612964
9 26 26 22 73717 1.0553095378110169
14 27 23 1 109640 1.042021302718142
8 1 13 29 111691 1.0300092121504085
28 9 11 29 87062 0.9635256925569884
3 4 6 18 55005 0.9122614078490217
28 0 13 28 106490 0.942364599283666
5 4 27 0 90143 0.9579143090069862
8 3 20 5 54652 0.9203393687589877
0 15 21 12 59806 1.0172656810960987
18 14 4 9 51710 1.0944674940166688
7 8 8 23 56745 0.9536787976347847
3 21 13 6 77431 1.06772671392184
0 17 11 13 37709 1.0716413598872057
0 4 27 12 91209 0.948179565155171
11 16 22 21 44555 1.0209885476625242
7 19 2 27 29348 0.9325474935221941
0 12 14 18 59670 1.0097911093343237
3 19 17 10 72278 0.9967993921816761
23 10 7 21 77144 1.0415666764225884
18 9 12 18 62604 1.0936502639660244
28 8 11 10 68590 0.9976938676551609
29 19 17 14 36021 0.985539891745895
13 0 5 9 56089 0.9834006425014915
3 15 29 17 73486 1.039607513493383
13 2 23 6 57037 1.014501376232969
11 18 3 22 35757 1.05078066192483
25 19 13 26 58147 0.94062694799178
6 0 2 15 60714 1.0639120214956654
29 7 2 10 97248 0.9166880336091509
22 9 10 25 76873 1.0477802883940586
2 1 24 27 137414 1.0718011668625682
22 25 5 7 94691 1.0835377823824353
5 11 10 16 28024 0.9435464163357912
0 29 12 1 126969 1.0418601452844642
22 22 2 4 107047 1.0433284458403267
3 12 18 16 55873 1.0491661033830322
26 11 7 3 97514 0.9835208996683408
27 19 2 3 108567 0.9910416822052839
9 20 4 11 41866 0.9173573084308869
6 27 21 28 39250 0.9059780490151389
29 23 20 7 67007 0.9154169931345874
6 25 0 18 34056 1.080253993444269
9 26 19 20 42213 1.0148485739694166
26 13 12 16 45370 1.0377937208011043
1 10 28 22 94690 0.947370802172784
16 3 28 0 55599 0.9030526692562396
25 19 8 0 108774 1.0595312430409827
28 24 7 24 65091 1.0075700846211988
5 25 6 12 47605 0.9177115325945201
28 21 6 16 73006 0.9164139165866363
14 10 8 3 50713 1.0066762917218446
16 28 21 4 93307 0.9573106001050833
19 19 26 3 69189 0.9063367811016894
13 5 25 10 66004 0.9913947468657345
16 17 21 24 45822 1.0085055512569974
11 25 0 22 33962 0.9468611438667369
0 22 28 8 97518 1.0489458875706816
16 24 3 19 49773 1.0809650838236216
12 28 22 22 43450 0.9008429509995327
12 28 27 19 60248 0.9562094206345486
29 18 8 10 71469 0.9968786454885386
17 29 10 19 48483 0.9428397026076724
29 2 22 8 40452 1.0283591114034003
19 1 8 0 40998 0.965844377590967
13 4 13 16 52074 0.9560256614584414
1 8 17 14 57418 0.9340777088344039
21 1 11 19 92570 0.9663155141204968
20 21 14 5 76418 1.0175209473001705
11 24 13 7 73038 1.0257766005898923
29 22 19 15 51581 0.9480751431449115
6 27 24 22 66817 0.9471621235213215
22 21 15 28 39214 1.0392581837248076
28 6 20 17 51726 0.9090308587855055
27 19 20 26 47058 1.0505740564799306
3 9 26 10 94642 1.0990036682114999
19 10 15 29 82296 0.9743667772606082
4 4 9 23 73100 1.001504213018004
15 12 23 17 41040 0.9399381476032085
4 12 27 2 96896 0.9182958025749952
0 1 20 23 117453 1.00666779024669
28 7 23 1 37484 0.9449531109134746
5 7 15 9 37529 0.9548914705644156
19 5 19 22 79416 1.0548994511776346
6 9 25 19 79903 1.0786369095876294
14 15 4 29 69141 0.9404639905626603
17 4 29 9 60326 0.9412783600089878
18 24 24 2 87747 1.0275488879151755
19 15 3 0 91439 1.060576205737432
12 15 24 5 56978 1.0071787548437836
3 11 28 11 73259 1.055051504423654
23 22 16 5 76260 0.926919697740928
19 12 3 20 70355 1.0170609275676743
10 4 27 27 114695 1.0267164524200507
3 16 29 2 95207 1.056052817840608
13 6 0 10 40857 1.0344579778343008
17 16 24 24 50886 1.0966500510096617
20 7 19 28 80707 1.0758904223177876
25 3 2 17 96138 0.9842345312292976
22 21 15 25 40509 0.9561187630911978
11 14 4 5 46696 0.9991613709511646
24 7 11 25 83786 0.9367270164160931
9 29 24 28 41103 0.9908453902281974
11 3 23 14 75156 1.0259794819542147
20 1 1 17 100993 0.9445368677174479
26 25 4 22 87321 0.9981245329203975
3 16 12 5 56978 1.0606313692239766
27 25 20 3 83930 1.0714848224923506
6 8 15 11 42644 1.0164869876864202
18 8 29 28 80538 0.986177563344681
0 18 13 1 87847 1.09429696769116
26 0 20 18 74924 1.0431206106959823
11 27 29 27 50154 0.9419705501803656
9 18 21 26 66247 1.0958778484048508
27 10 3 4 97249 1.00496796527184
17 9 5 18 63341 0.9742410815723176
20 18 8 1 104989 0.9365238838114665
9 7 0 29 93241 0.960769327965579
17 13 27 7 46909 0.9648228755735937
20 6 0 16 80899 1.0153022529752833
7 13 22 16 46232 0.9985449632902644
2 2 24 23 123680 0.9894227218515481
4 1 29 21 120245 1.0902580937519633
17 28 3 15 67021 1.0013594708498401
8 11 22 8 64034 1.0036871787393862
10 1 18 19 99129 1.074431517787186
20 14 3 28 79860 0.9880535765276135
14 26 0 12 79011 0.9087752770114287
2 7 15 4 45911 1.0398369537273733
15 16 29 23 61909 0.9364871443688249
28 9 13 19 64022 0.9970336043840822
23 20 14 24 47056 0.9597502093031706
26 21 16 19 34948 0.9958227253268651
29 26 20 5 78356 1.0629385746746147
10 16 15 4 63153 1.0577031859332586
24 25 9 11 89960 0.9262957792760279
24 22 5 25 65458 0.9951199862810357
0 25 10 12 67512 1.0753243113583184
6 11 2 24 55084 1.01929924896263
13 16 15 28 46980 0.9987419130615892
13 13 12 25 56815 0.998935559126152
9 13 28 7 61883 0.9963874684994523
1 20 14 5 81536 0.9106570983988261
10 15 29 13 49529 1.0953246778614267
11 10 7 2 48516 0.9196363157228525
0 21 26 18 77917 1.0148754632683967
4 15 27 18 67122 0.9065966189076646
24 22 7 19 53084 0.9233984067767386
2 15 8 25 41656 1.069148091867276
17 19 2 18 47234 1.039350920313523
23 18 2 18 67480 0.9602836864705978
3 23 10 11 66420 1.0364070174308313
21 10 12 24 82709 0.9600376582060239
10 20 21 26 53182 0.9127709754157366
29 25 22 19 38396 0.9706342421238139
4 7 12 18 59009 0.9795025006736073
22 16 0 21 66069 1.0629491651261211
17 21 13 0 88220 1.0654318055862562
4 2 20 20 98410 0.9756260783189665
