2376 1684 2467 2242 1545 2400 1644 1518 1833 1748 2296 1476 2135 1542 2298 2223 2164 1451 2456 1521 2467 2300 1483 2137 1563 1687 1964 1648 2008
5526 5434 4543 5058 4673 4873 4799 5311 5470 4513 5272 4819 4907 4869 5460 5152 5301 5502 4854 5538 4971 5236 4755 5274 5497 5130 4958 5498 4703
1457 1742 2398 1770 1878 1956 2088 2004 1968 1936 1528 1714 2357 1990 1392 2335 2396 1386 1944 1461 2111 1995 2038 1651 1864 1411 1404 2343 1910
5388 5451 5761 5019 5329 5740 5730 5192 5337 5748 5058 5406 4997 4960 5180 5268 5279 5598 5551 5087 4780 5374 5132 4965 5764 5645 5099 4914 5255
6670 6745 6516 6873 6764 6632 6388 6362 6139 6397 6116 6498 6731 6294 6069 6388 6389 7080 6102 6881 6960 6429 6394 6996 7033 6555 6871 6204 6110
6675 6861 6445 6926 6727 6904 6905 6699 6700 6426 6481 7060 6580 6375 6437 6581 6810 6626 6733 7062 6523 6711 7090 7223 6900 6990 6369 7286 6413
6738 6885 6619 7382 7418 6683 7510 7059 6489 7241 6892 7497 7259 7352 7129 6806 7183 7037 6519 6484 7285 7217 6515 7524 6653 7105 6547 7479 7036
3126 3067 2733 2618 3112 3050 2440 2382 2739 2791 2650 2259 2343 2254 3119 2651 2249 2235 2681 2392 2560 2206 2463 2399 2570 2958 3116 2647 2501
6613 6943 7228 7150 6879 6649 6492 6994 7155 6662 6556 6591 6819 7001 6968 7106 6886 7463 7167 6526 6620 6866 7200 7186 7137 6869 7185 7214 7508
5331 5324 4733 4941 5468 5478 5406 5642 5135 5034 5592 5159 5383 5519 5641 5142 4658 5468 4774 5232 5343 4910 4743 4886 5564 5251 5304 5299 5159
5588 4948 5039 5030 5439 5629 4984 5008 5692 5010 5440 5106 5788 4940 5866 4990 5416 5499 4918 5007 5315 5876 5009 5073 5758 5508 5675 5824 5335
4175 3356 3765 3454 3813 3828 3818 3544 3932 3448 3634 4053 3615 4096 4137 3515 4329 4315 3472 4269 4082 3988 3413 4310 3505 3731 3817 3778 4220
4746 4600 4324 4286 4462 5010 4536 4368 5073 4064 4613 4607 4921 4630 4556 4074 4373 4315 4060 4108 4091 4272 4408 4745 4776 4266 4141 4543 4196
6338 6145 6076 6378 6169 6457 5504 5675 6432 5587 6305 5848 6498 5473 5560 5604 5801 5681 5976 5464 5547 6098 5766 5706 6060 6258 5530 5679 5580
3810 4270 3725 3568 3653 3628 4095 3698 4467 4472 3703 4142 3726 4554 4220 4505 4349 3637 3582 4535 4457 4069 4209 4018 3779 3634 3695 3973 4458
5514 6387 6152 6407 6230 5849 5919 6460 5463 5465 5980 5519 6398 6265 5614 5915 6033 6209 5431 5795 5997 6107 6059 5738 5647 5718 6334 6462 6048
7670 7794 7691 7409 7640 7092 7719 7685 7328 7610 7175 7249 7449 7744 7976 7893 7633 7079 7702 7300 7904 7721 7390 8065 8003 8010 8082 7208 7899
3383 4222 4228 3417 3466 4182 3764 3668 3432 3705 3347 4279 3805 4135 3429 3616 4115 4144 3666 3527 3897 3505 3725 3820 3992 4233 3577 3914 3272
7422 7527 7250 7473 8220 8185 7478 8172 7627 7191 7267 7532 7828 8207 7429 7932 7906 7809 7300 7575 8199 7314 7962 7857 7700 7668 7916 7229 7701
6774 6955 7174 7237 6619 7404 6864 6911 6985 7030 7224 7031 7052 6735 7211 7418 7060 7219 7405 6726 6524 7023 7421 6723 6871 7332 7275 6753 7199
2247 2712 2416 2404 2375 2928 2724 3106 2377 2831 3037 2363 3107 2102 3073 2951 2675 2589 2427 3022 3082 2538 2684 3041 2209 2371 2373 3020 3032
6681 6737 6643 6069 6203 6497 6135 6638 6616 6920 6584 7060 6796 6092 6438 6682 6882 6260 6089 6474 7050 6580 6159 6328 6697 6275 6225 6952 6149
1617 1764 2242 1639 1572 1987 1721 2329 1311 1842 1957 1651 1393 1427 1790 2106 1629 1332 1688 1511 2250 2326 2165 1563 1540 2031 1680 1637 1900
1436 1679 1615 1495 1415 2101 1535 1478 1924 2148 1308 1214 1484 1895 1212 1463 1790 1989 2057 2072 1840 1747 1650 1956 1645 1346 1110 1382 1267
2897 3270 2925 2592 3027 2604 3544 3061 3068 3217 3146 3200 2573 2931 2554 3211 3232 3136 3432 3260 2767 2971 2758 2919 3532 2687 3438 3275 2794
3632 3757 3748 3320 3151 3732 3934 3383 3335 3395 3332 3695 3283 3475 3666 3977 3011 3860 3792 3091 2980 3414 3008 3347 3957 3559 3881 3773 3950
2697 2297 2525 3160 2379 3107 3041 2570 2336 2368 2598 2797 2510 2417 2881 2423 2331 3141 2371 2830 2287 2641 3008 2852 2698 2607 2630 2179 2293
2049 1180 1406 1672 1092 1608 1401 1444 1524 1785 1339 2022 1883 1268 1304 1511 1205 1826 1086 2010 1700 1802 1969 1253 1713 1523 1838 1922 1509
8118 8774 8963 8731 8253 8778 8147 8519 8823 8011 8599 8357 8594 8026 8149 8391 8415 8818 8806 8591 8605 8440 8095 8651 8417 8675 8921 8896 8229
4047 4663 4410 4541 4618 4939 4052 4702 4013 4071 4971 4661 4732 4624 4536 4419 4872 4194 3955 4851 4901 4395 4920 4282 4405 4510 4326 4485 4964
3126 3903 6146 6609 2466 2522 1257 3187 1929 4328 3966 2929 5064 8041 2763 4386 2536 3790 6643 7993 3999 3867 6852 3653 4876 4783 7833 8525 8312 3412
3462 4129 6679 6708 2619 3124 1402 2480 1750 4596 3720 2807 4608 8473 2690 4493 2587 3720 6281 7887 3639 4026 6621 3152 4509 4742 7690 7903 8000 3107
3279 3436 6572 6838 2734 2376 1406 2876 2434 5178 3583 3268 4560 8000 2773 5003 2248 3801 7013 8197 4236 4283 6502 2722 4847 4810 7398 8410 8203 3183
2766 3599 6454 6535 2860 3157 1336 3269 1694 4424 3663 3284 4711 8588 2963 4498 1722 2902 7049 7588 4060 3984 6525 2740 4296 4017 7181 8436 8450 3528
2885 3168 6560 7058 2572 2935 1170 2904 1581 4362 4199 2788 4876 7861 2833 5104 2228 3394 7209 7507 3387 4195 6452 3486 4005 4103 7730 8651 8819 3736
2897 3715 6044 6420 2944 2721 2116 3083 1868 4469 4171 2867 4471 7825 3138 4674 1853 3139 6938 7935 4026 4125 6507 2811 4237 4221 7688 8397 8173 3188
3233 3708 6270 7160 2920 2258 1417 3123 2164 4682 3671 2815 4243 7840 3275 5142 2361 3066 6666 7626 3774 3795 7109 2916 3906 4819 7020 8801 7866 3054
3412 3559 5751 7356 2940 2820 1788 3017 1686 4788 3350 2868 5274 8071 2771 4709 2292 3791 6285 7843 3750 3601 7357 3353 4080 4384 7504 8857 8821 3657
3478 3708 6361 6651 2456 2224 1243 2548 1900 4665 3861 3800 4315 8327 2603 4455 2434 3446 6847 7705 3685 3711 7266 3334 4275 3975 7824 8813 7932 3651
2926 3716 5830 6918 2823 2847 2080 2384 2077 5158 3642 3555 4683 8300 2818 5012 2496 3837 6610 8167 3502 4255 7002 3133 4020 3921 7090 8523 8487 3194
2470 3662 6355 6456 2644 2964 1778 2847 2495 5226 4108 3684 4256 8166 3487 4441 1894 3122 6362 7604 3431 3646 6607 2762 4312 4605 7999 8355 8252 3879
2501 4054 5761 6800 2200 2255 1919 3334 2308 4380 4231 3117 5265 7700 3138 4771 2152 3323 6825 8086 3764 3428 6707 3327 3836 4025 7380 8128 8438 2892
2746 3392 6322 6880 2737 2368 1295 2481 1931 4929 4058 2963 4614 7870 3126 5334 2265 3617 7102 7939 4370 3677 6695 2953 3900 4122 7842 8097 8554 3540
3084 4091 6050 6910 3118 2274 1966 2605 2058 4845 3704 3698 4777 7746 3254 4564 2725 2946 6883 7898 4231 4057 6915 2622 4178 4470 7015 8083 8745 3742
3216 3425 6121 6583 2995 2727 1204 2661 2270 4917 4247 3593 4664 7881 3412 5378 2184 3767 6389 7334 3835 4281 6518 2759 4207 4162 7560 8482 8829 3662
2460 3393 6547 6421 2545 2597 1325 2808 2281 4498 4134 2918 4513 8543 3104 4605 1996 3850 7127 8038 4397 4387 6461 2780 4812 4499 7397 8367 8148 3098
2776 3481 6408 6610 2637 2646 1230 3125 2206 4748 3615 3483 5276 7766 3564 4964 2771 3832 6284 8095 4421 4081 7370 3248 4321 4875 6991 8776 8530 3800
2990 3728 5910 6500 2699 2463 2124 3004 2218 4541 3866 3776 4505 8296 2931 4512 2315 3370 6426 7798 4393 4180 7000 3099 4326 4408 7608 8877 8244 3110
3059 3733 5760 7326 2663 2236 1708 2399 2082 4570 3529 2862 4722 7781 3073 5324 2538 3408 7090 7959 3872 3847 6883 3483 4231 3956 7693 8257 7805 3831
2728 4050 5852 6865 2180 2297 1803 3320 2263 4787 3697 3385 4680 7748 3549 4543 2003 3389 6413 7796 3493 4061 7190 3603 3902 4633 7083 8159 8588 2993
3391 3935 6238 7246 2671 2851 1511 2907 2067 4815 3524 3135 4358 8099 3502 5048 2398 3447 7210 7646 3381 4224 7061 3397 4275 4432 7551 8093 8057 3662
3251 3142 6420 6346 2400 2268 2079 2864 2132 5129 4080 3799 4512 7808 3575 5277 2551 3590 6735 7580 4398 3649 7397 2717 4785 4161 7864 8525 8391 3513
3041 3543 5834 6894 2125 2905 1487 2671 1938 4741 4104 3738 4882 7684 3570 4895 2514 3002 7070 7913 4386 3691 6432 3407 4175 4507 7787 8528 7961 3380
2839 4046 6712 6616 2769 2190 1263 2435 1541 4569 3344 2943 5260 7774 2624 4457 2753 3011 6460 7664 4322 3747 6502 3603 4602 3979 7235 8291 8764 2931
2695 4150 6410 6505 2910 2663 2092 2512 2048 5127 3617 3443 5004 8406 3191 5173 2448 3769 7101 8203 3604 4217 6539 3561 4572 4842 6995 8550 8711 3451
3220 3195 5976 6338 2317 2682 1875 2671 2104 4434 4171 3121 5291 7941 2915 4941 2032 3239 6797 7907 4004 3612 6602 3124 4819 4346 7624 8476 8289 3434
2990 3790 5799 6840 3124 2389 1489 3374 1769 5262 3366 3169 4414 8002 3502 4728 2335 2925 7226 7516 3637 4318 6604 3208 4507 3983 7197 8421 8330 3894
3000 3976 6481 6916 2343 2465 1494 3386 1843 5135 3301 3309 5054 8165 3516 4382 2442 3274 6993 7873 3829 4165 7320 2936 3984 4312 7754 7962 8219 3703
3226 3528 6643 6426 2489 2348 1397 3178 2039 4463 3226 3503 5151 7559 2596 4817 2580 3422 7151 7877 4301 3453 6523 2759 3830 4054 7429 8703 8623 3330
3 21 25 12 76769 1.0109167816353573
19 24 29 3 62925 1.0126758613425142
15 8 28 4 31962 0.9058807474250518
13 16 12 0 67101 1.0719358228424258
21 28 9 18 70157 0.9632352253702174
11 26 0 21 49391 1.0851844774688149
2 8 25 24 77394 1.055255440002893
5 17 6 29 39987 1.0634264758461338
27 0 22 27 53616 0.9709809090990189
13 12 18 29 77476 0.9533720439291921
14 4 6 16 47339 0.9759383839304008
19 6 5 14 45931 0.9455882327911775
14 8 12 0 36277 0.9643251456129184
13 8 8 22 54883 1.0374068514649428
1 20 9 29 44363 0.9146321853118045
2 2 23 27 76850 0.9580943255415891
4 9 24 12 57187 0.9472100987606065
11 11 2 17 39341 1.063637626249433
12 15 27 18 42933 1.0887815015743343
7 21 16 6 52343 0.9046880755810855
22 16 27 25 26646 1.0931486865539786
2 17 19 16 40870 1.0276122293043275
0 6 15 27 94261 0.9572704657049922
15 9 13 17 41534 1.0051851834130996
23 29 10 1 79041 0.9571509508890288
18 25 21 3 61925 1.0147613334288104
14 7 25 5 25096 1.0362780282787267
13 10 28 25 71074 0.9054138528184305
22 14 15 1 48178 0.9079645709103733
3 1 25 8 53767 0.989971819166621
1 24 17 19 65037 1.085353537882296
2 28 7 1 63341 0.9471434688460765
27 12 12 8 37578 1.0118752916287572
29 26 17 18 59586 0.9413285271490817
11 7 17 2 28050 1.0191472506092538
24 22 5 10 76398 1.0488443186158414
28 4 9 21 83359 0.9353752130347994
10 19 23 10 54715 0.9880336767619785
0 4 10 11 37274 1.0979747249413478
23 7 0 0 50893 1.0165033520787339
1 11 0 27 33796 1.0638202024674157
6 11 8 0 36935 1.0816486259173306
14 1 29 29 83904 1.0174061056644677
11 18 25 18 49128 1.05752509599397
10 14 27 13 53202 1.0312608257614624
28 13 25 2 34772 1.0317525058790264
24 13 21 0 32668 1.0157874333766015
11 16 24 1 56424 1.0298385283975646
20 15 3 19 57351 1.0273751551098058
16 7 1 9 39734 1.0140335531579732
23 29 16 20 42002 0.9226458097001693
4 1 28 19 84954 1.0612204206698301
28 28 10 1 91795 0.9411210330951578
7 16 3 23 26465 1.0230367639755584
12 9 1 23 56983 1.0007503642356597
16 4 11 21 76260 1.0807424474077314
23 18 25 6 22795 0.9254783331259363
17 7 28 12 35554 1.054647934755168
0 25 13 19 60375 1.0997948654876362
25 17 13 1 61279 0.9093272387865022
11 13 2 19 37002 0.9845616713953818
27 23 12 14 56056 0.904198694622838
11 23 24 19 50214 0.9945504203664144
14 2 22 15 42979 1.0401035557329579
13 5 10 29 84447 1.0946917697966212
14 12 7 1 50641 0.9589183889831415
20 5 6 17 55334 1.052663130250693
17 0 23 24 58489 1.0779717769868193
11 23 28 0 83790 1.0392139638705384
20 2 6 13 57030 1.0926431062099506
10 8 1 25 52212 1.0616791932867855
6 22 20 17 54172 0.9716430641465496
5 9 1 29 54237 1.0262535254215732
11 11 20 24 62423 1.059475929704924
6 17 0 13 25956 1.0089390621090102
24 13 7 29 78735 1.004066344102632
13 2 12 13 55684 0.9344043951025184
21 7 9 29 86838 1.0230130983452197
25 25 11 22 53230 0.9114315843097142
13 20 19 24 38130 0.9549799211340722
2 12 25 23 76162 0.9882424957014558
20 20 6 17 46093 1.0768947498036967
25 7 12 6 24214 1.0316993732340112
19 27 12 24 47445 0.9556927452509247
0 7 13 7 27355 1.097445182820763
21 5 9 25 82984 0.9869625865091636
14 5 8 9 28046 1.0399021117983454
25 19 7 15 56043 0.9344390663957481
15 18 26 26 62050 0.9020968367265404
11 6 11 25 69700 0.9980284250701001
12 18 4 3 65981 0.9642565207447273
2 15 3 6 18383 0.9220961728369453
0 5 23 0 48785 1.0410977683847542
15 17 0 19 45980 1.081616888599137
25 18 29 4 34242 1.054343109717363
15 25 16 11 66512 0.9605000554439718
12 22 5 8 59868 1.0449878442963387
4 7 10 2 35541 1.070375240824689
22 1 2 8 45794 1.0951005315999969
11 20 1 2 68330 0.9830462336383625
1 18 15 10 62665 1.0234468098712477
20 20 0 2 75277 1.0866836913685236
22 3 23 16 22346 0.9651650633953238
18 24 1 19 68413 0.9495030781173377
19 3 5 10 54229 0.9032254633469454
19 1 10 0 30097 0.9249550212107782
27 27 2 27 90805 1.0552189075624845
21 2 26 17 40572 0.9070914797579499
6 12 19 23 67295 1.0905880013134859
6 24 19 21 51833 0.9868024597213196
25 24 29 8 37795 1.0321283089777475
16 20 21 26 39655 1.0945100179231253
8 21 3 29 36711 1.0796928843857478
15 28 6 3 107766 1.0823314138762803
24 20 6 11 65199 0.9410311251450588
19 18 2 12 59807 0.9975759460849056
23 5 3 4 42654 1.0145956556445412
10 28 7 3 83222 1.0606800858368104
6 4 25 27 84290 1.038253208109723
3 12 26 28 94373 1.031177948501341
15 6 3 15 42698 1.0173861913646927
9 18 27 0 74315 0.9068042780031623
6 12 20 28 76706 1.0847889824279795
8 12 15 20 51837 1.0437920651959132
22 6 27 18 26718 0.9444833217546138
9 6 7 21 40776 0.9423599710428456
24 18 17 22 39257 1.0838003422502194
14 13 2 7 46710 0.9996038063453855
10 22 6 12 44170 0.9145510659939189
21 22 15 13 49916 0.9299638208555117
16 1 11 22 93089 0.9168477201265791
26 3 0 20 76825 0.9634792564087252
2 8 6 21 41105 1.0467665180289054
16 9 23 2 30519 0.9764277065252955
5 19 16 3 79740 0.93657270290338
19 27 0 22 81572 0.968836090727878
5 9 6 23 46920 0.9193413946826924
12 24 14 1 93981 1.0635256462728278
24 28 3 8 81443 0.9952488849490313
13 20 6 5 62995 0.9445660568722355
22 12 19 26 40435 0.9076310037825366
21 6 18 22 51111 0.927525469173725
4 16 14 23 44712 0.9276160529263934
6 13 17 0 64170 1.035250069404854
24 7 11 7 27439 0.9407422382022229
5 26 5 8 57695 1.047542151429147
17 4 12 18 65219 0.9212321562780521
3 0 21 27 92745 0.9997268734601491
7 20 12 3 56201 0.9497958633880507
0 12 28 19 81349 1.0638553020189625
9 14 1 21 34880 0.9067151661803341
22 12 9 22 64243 0.9240213707001291
15 19 4 18 54088 1.0454041046947458
7 0 17 15 67098 0.9413071410077313
15 26 10 5 92315 1.0562807231706342
23 19 4 25 75398 1.0207072995553832
22 27 29 14 40724 1.0034296943460084
21 0 12 13 62116 1.0418551370295503
12 22 27 13 64135 0.9760517722187352
9 13 13 19 41275 0.9523517568144014
28 25 4 4 82214 1.0594480276247888
26 0 3 13 73275 1.0277132754318403
2 20 17 7 53536 0.905577271889396
0 18 24 17 61479 0.9777340106794946
6 16 6 2 45772 1.0513745682211284
25 0 0 5 54319 0.9336254374535776
23 0 10 21 77927 1.0100752296855595
22 25 0 20 74145 1.035484960634003
24 7 4 0 55201 1.0268737111088861
27 14 10 20 60611 0.9963738451369222
24 9 17 15 33072 0.9885082325592324
6 20 19 16 41393 1.06399101187727
11 19 17 23 33441 0.9985793300205692
17 2 4 23 76671 1.0122616165347258
8 7 17 20 64866 1.0386687409428759
21 28 1 28 79359 0.9134120151084132
29 2 20 14 44811 0.9324753954413854
17 8 2 29 70087 0.9770838684300743
13 28 24 7 78783 1.0862170721554059
10 11 7 1 37805 0.9733564897795279
27 2 20 13 34962 1.0285675360000144
17 7 0 18 52024 0.9601649993271038
2 2 3 25 48970 1.04958498317325
14 22 6 15 48680 1.0390270565950463
19 19 5 22 69206 0.9441655012379259
27 29 4 19 93482 1.006011665209336
16 21 13 8 61993 1.0992147014740956
10 2 15 12 54775 0.9482153841630976
2 14 12 17 29780 1.0075700660505895
24 17 9 4 53221 0.9533146181103909
0 9 1 24 34573 1.0909172697653895
21 8 2 23 68134 1.0341447204335428
8 6 20 1 32510 0.9033933018587402
24 17 7 18 46813 0.9510471255338601
7 9 15 26 74014 0.9608956881676255
1 10 27 3 56792 1.0255679894612721
28 6 5 10 52947 0.9977518100418223
1 13 9 11 32919 1.0452139450752154
14 29 17 2 92265 0.9140441806210705
5 8 23 22 62087 1.0248365152734218
17 10 8 24 69085 1.0421878267049285
7 24 28 10 78909 1.0930340188038306
21 16 16 1 51232 1.0584644645219354
22 12 11 5 32803 1.0508054349439648
21 29 20 0 61755 1.067092236758947
2 18 14 18 38438 0.9151944364603832
22 6 4 14 53819 0.9317125097434936
18 15 29 1 55730 0.9292438686823755
23 16 17 9 28780 1.0360460719382543
17 25 29 27 60449 1.0458444978275812
22 25 27 20 25477 1.0297585922927237
4 9 18 7 39170 0.9701207769466285
21 1 10 12 57195 0.9397668272342914
22 3 28 19 40875 1.0149345714472697
4 0 12 2 33148 1.0993459427505847
10 20 0 12 43763 0.9318725271137801
8 10 11 20 42551 1.0418788315480787
7 8 14 19 48632 0.9942795124697176
17 8 17 27 69061 1.0964457058259462
1 23 24 17 69224 0.9117793185333948
0 10 21 2 54671 1.0266065230635222
4 21 23 3 75873 1.0913100064084198
19 24 13 13 57219 1.055402608885059
6 4 21 19 63891 1.0067006013289659
10 2 7 25 71833 1.0350310001828171
10 0 13 24 94490 1.0888790656834344
5 2 11 8 36807 1.036003047217838
3 11 13 18 48407 1.0776915084173437
4 24 11 2 72631 0.9986602597768983
10 21 26 6 73416 0.9669648748448582
18 28 6 13 90701 1.0423622730115731
14 4 29 11 42776 1.0917365772674594
24 21 16 29 40139 0.9041403220254046
26 8 23 26 36433 1.0748510429323468
17 1 1 24 81591 0.903319910341959
9 5 22 20 51187 0.92147924295777
20 6 26 17 30302 1.0752163870755578
26 15 7 13 55208 0.969059387290228
5 14 23 22 61045 1.0449818653385379
21 25 24 8 36868 1.011274877799801
23 3 10 29 87625 0.9085392113037903
2 4 1 25 44734 1.0907591990149903
2 18 9 3 47038 0.9597357418079245
1 9 9 4 29659 1.0305460749417814
9 7 27 13 46817 0.9140476559811567
14 2 27 28 71092 0.9604924198310436
17 5 11 10 27863 1.0805214249386672
25 13 6 18 60643 1.0064762367864266
18 10 8 26 81903 0.9040141518286248
6 15 25 29 73393 0.9951050831988907
25 23 7 20 64370 0.9630179003557628
17 20 24 24 35397 1.0881736285944072
26 24 3 12 86698 1.0089423808902596
10 25 20 3 87870 1.0883446989096324
2 22 13 17 40963 0.9333290648493816
7 24 19 8 65503 1.0856939902507123
11 0 9 29 95193 0.913238620125507
27 20 3 16 61387 1.0848679749141827
10 11 5 19 44662 1.0723428801642947
2 5 28 11 53462 1.0786843580338608
14 26 17 11 66061 1.0869298261923914
2 2 18 1 54439 1.0072808350518725
25 27 7 28 72210 1.0739645296183302
12 16 19 4 52083 1.0120107389342192
26 0 24 10 27048 0.9748468628509902
16 28 4 12 96148 1.0687699565655397
28 18 13 1 69630 0.9921677905342682
1 26 0 7 44131 1.0023369994874187
18 17 3 17 44137 0.9773515944306943
17 7 16 19 53436 1.05340854387432
18 9 23 2 27510 0.9376531977184503
24 27 20 21 28448 1.009758162328724
4 18 15 0 80875 0.9471657173092457
20 0 8 13 62220 1.0876181918980987
13 14 5 18 38104 0.9451519621867719
10 1 25 23 77499 0.9580125495912619
3 18 0 2 41420 1.080458200009767
14 2 27 8 38609 1.0165580102898872
0 7 14 7 27912 0.9290492443132512
26 18 13 25 63128 1.0169856496346925
20 26 10 1 84205 1.0669319603771061
28 2 15 27 95591 1.0577860784091468
12 14 14 1 57302 0.9496965825457734
13 11 2 4 41353 0.918796577560221
24 10 11 5 33908 0.9750987057713937
26 15 2 12 65670 0.9665591556651614
19 13 13 29 75173 0.9157522848317431
27 10 12 9 39290 1.0592002469164057
14 19 1 22 56152 0.9418202652277462
23 3 11 0 39973 0.9446320250963307
24 14 9 1 60855 1.0284164281228418
17 12 10 19 46805 1.0458755564085558
15 24 7 11 59121 0.9788561564070334
15 27 19 10 78770 0.9910412571274027
8 16 4 28 49439 0.9011570010882455
8 5 21 27 75491 0.9962973670127484
25 0 23 25 47682 0.988502709613757
20 25 7 17 56581 1.095156418543575
26 29 4 19 93796 0.9176864597105767
27 23 3 26 90472 0.9872262840226522
26 26 12 23 52513 1.0324031034720977
14 8 15 21 58630 0.9768753602900156
25 24 0 24 84105 0.933899275700189
6 21 10 15 28124 0.958399520827938
13 18 22 22 42468 0.9098208260170766
25 2 15 25 80824 1.0841615625401237
28 5 15 5 29908 0.9062725394606401
8 1 1 22 62810 0.9660746154974251
18 16 29 1 48846 0.9129637069276185
12 10 3 20 55987 1.0028689496170962
1 4 28 20 72594 1.0887316024246425
3 11 17 10 46790 0.9983273184451482
15 3 10 15 60581 1.0243886865720178
1 0 9 4 30255 0.9871429963106153
20 2 2 23 71674 0.9644066470373099
8 2 25 9 53741 0.9915387699621822
18 12 11 16 33583 0.968535460030327
14 25 6 23 32197 1.0022992751834847
27 7 28 16 16522 1.0789092604029873
11 1 26 0 48172 0.9690042495484059
16 4 23 29 57808 0.9684314691321866
17 17 22 24 30039 0.9404955970689031
14 17 26 8 43960 1.02606777366134
22 3 25 20 38180 0.9969590693650018
6 5 18 14 54202 1.0811354230154493
23 0 23 22 36897 1.0548104921774815
5 17 25 6 63977 0.9372832192064424
20 2 22 22 41713 1.0977274515593411
2 12 16 15 46817 0.9520492065583566
18 15 3 18 50378 0.962416241842368
26 11 1 11 62324 0.9292537232159956
23 0 9 2 51294 0.9336852113735156
18 26 28 8 64989 1.015780792173587
5 19 11 15 34444 1.042314310373343
17 23 9 2 87673 0.9954452866433774
7 21 10 13 31019 0.965454528197333
6 26 18 25 57424 1.0514976119143873
3 15 17 14 43686 1.0449305272389102
1 24 12 24 41489 1.0705483702803256
21 25 2 29 75396 0.9850212025352476
3 2 7 15 44996 0.9497830851924385
16 20 2 3 75921 0.9390104788325505
25 3 5 25 95478 0.9790138570373195
22 11 14 29 59288 0.9349505204524462
12 9 5 21 56382 1.0396124288320556
5 4 24 5 42433 1.0308403140867521
12 15 25 3 58510 0.9193930666281933
15 3 6 29 90411 0.9988170810043652
16 23 22 19 27799 1.0487196580868967
4 22 3 1 56486 1.0545156794727344
20 0 24 9 26572 0.9820373359973404
21 7 2 5 36495 0.9341203821508866
15 12 17 27 66975 1.0387644187089078
18 10 28 20 47027 0.9394715290100019
17 11 3 28 83092 1.014358920609749
16 12 3 23 68905 0.9576040804474191
29 3 12 8 45045 0.9140036013543958
15 19 6 5 66096 1.077872551078599
2 21 15 23 42951 0.9719073288628928
12 21 4 28 55589 1.0475003472038056
8 23 13 8 53342 0.9332831403316754
20 22 27 28 33950 0.9075705132418583
0 12 17 20 61930 1.0872202497708912
14 29 24 10 64820 0.9983799797163389
19 16 16 4 43288 1.0755105579301176
24 17 1 29 79762 0.9459505182919783
9 11 22 6 43779 0.9320604266058754
20 28 1 15 79336 1.0355416248858667
25 18 21 10 28825 0.9337356072971839
24 1 2 0 57537 0.9191021542105234
6 19 23 14 54994 1.0513604200221016
4 23 11 28 40936 0.9755481067828047
1 10 2 1 21460 1.0402212052715232
12 27 26 11 80779 0.9613730585165824
28 24 1 25 91642 0.9518891955400771
8 9 18 24 78058 1.0424338032166864
26 22 9 21 65993 1.0997679275064367
9 15 23 28 58367 1.003262221760456
15 8 8 28 76828 1.0714968002697394
16 18 23 12 34916 0.9689718187420749
19 10 15 23 55560 0.9593520309206209
1 12 12 23 55789 1.073931386647243
3 16 26 24 71816 1.0473189170649304
18 13 21 24 45051 1.0682290090114623
24 17 10 9 51390 0.9667235976457356
17 20 12 14 36023 0.9698516068218482
24 18 11 21 56816 1.0135469801526586
9 24 26 5 84182 1.0013043760837268
26 11 6 25 80877 1.012880619557704
21 9 25 24 43300 0.9313804947865866
27 5 23 14 21313 0.9829652752881983
10 15 18 1 70900 1.0814686883874312
8 6 18 23 66893 0.9739456133786236
24 13 20 25 35009 0.9378190601945336
15 17 7 9 42441 0.9963324325571837
27 1 0 18 72649 0.9549399626259232
18 19 25 2 62833 0.9863267387157051
14 20 25 0 68309 0.9574214407273826
29 24 16 17 52499 1.0012012022127657
26 11 5 11 60769 0.9050814304999445
0 12 11 18 41029 1.0491835051328406
17 2 12 9 35907 0.9064739688512787
17 6 10 9 24488 0.9586926211589635
28 22 21 27 41531 1.0206227579869784
20 13 12 25 61211 1.0018347647142614
25 0 14 23 71437 0.9143139526270201
20 21 11 17 39073 0.9352903839923256
24 19 28 6 33590 1.0420228919620038
13 17 6 28 57229 1.024507202985709
2 24 16 17 53465 0.9960792112991482
25 19 4 25 84343 0.9403473595874929
8 18 4 27 50125 1.0077360686810166
1 7 15 5 30437 0.9016946523435951
20 23 29 1 58371 1.0269604125997502
22 5 21 23 35132 0.9066129806372726
2 16 18 15 41749 1.015769944123314
23 12 21 4 17053 0.9082501566904283
28 24 0 18 83081 0.9952036999196987
11 6 5 23 55030 0.9627207053466759
27 12 22 5 19708 0.9407724662886913
15 9 9 20 59986 1.0535809161253409
4 25 7 8 50634 1.023158862344578
3 24 1 16 22416 1.0714909756537159
9 8 18 11 31886 1.0002640791461417
26 22 3 5 75209 1.0698465969629538
3 29 0 21 24354 1.0762963193161759
24 25 21 4 43832 1.0567387011779135
21 3 13 23 69680 1.0050378428405855
27 21 19 19 39651 1.0187817418308973
14 8 23 4 25780 0.9877895798051922
27 16 19 5 32502 1.0579021265685458
6 14 10 26 48588 0.9765256451976629
28 6 12 26 83737 1.0847103092354184
16 10 4 29 87361 1.072466068390779
14 1 0 21 69789 0.948864859529376
25 18 14 21 53050 0.9798081885662118
17 23 23 12 37768 1.0932239654955498
7 1 9 19 59834 1.0822685786771395
0 25 9 27 48281 1.0462904528767671
8 2 6 13 42708 0.98346890826102
21 10 1 1 57343 1.0725128836695168
4 5 11 2 29108 1.0598036466376914
27 22 12 25 59054 1.0448725372933718
21 2 12 26 88736 1.0952576064973272
16 16 25 15 26268 1.037961167918505
21 24 1 19 77768 0.9250086742453755
26 28 3 26 96487 1.0629594102187443
8 9 3 20 43911 0.9686368500668756
19 22 22 0 54359 0.9169507292755544
26 5 23 23 37143 0.9773065555896017
23 6 2 6 33985 0.9830219417020374
21 14 5 21 59628 0.9176584556115969
9 9 15 20 62914 1.097286596019251
7 18 2 27 33307 0.9911141591017043
7 23 0 12 40055 1.0461060896262908
20 9 11 8 21994 1.032837858142025
8 19 11 12 39487 0.9237208563852467
21 27 28 2 65393 0.9553510255666056
26 8 25 18 25634 1.0014560332574982
1 9 18 27 99816 1.0164730212333364
28 27 2 18 87177 0.9136691601548038
7 6 0 9 15099 1.0927189484109068
10 9 2 20 43503 0.9103496294897392
12 7 8 29 72274 1.0213411235578012
13 20 10 13 39457 0.9261896241598307
15 12 29 13 59886 1.0381680561942757
21 26 9 29 53717 1.0145641094328122
17 21 28 3 64553 1.0319807600625714
7 25 28 20 77742 1.0965846605247052
27 19 5 13 69771 1.0832923958359202
7 19 28 4 71095 1.0824601643786467
9 26 28 11 91860 1.079319581389131
22 8 3 20 67283 1.0114053004733763
8 14 16 19 50296 0.9984154440776304
18 20 23 28 31921 1.005756929035059
15 24 16 5 74546 0.9940417282428562
1 18 24 26 81254 1.0338883735239304
3 11 21 27 86722 0.9738698242616239
26 7 19 10 23305 1.0603514248474937
0 9 28 29 88898 0.9532513380843473
21 15 28 18 29489 1.0783958523126378
26 7 18 1 33703 1.047970365520185
11 6 1 7 18902 0.9791718917520844
21 26 27 15 39492 1.0521975593080226
8 22 17 10 67500 0.9772319070227712
28 21 9 23 64722 1.0392376824995484
14 3 5 13 53473 0.938200997634356
27 1 18 16 41342 0.9861438491673358
14 27 5 16 57610 0.928441439899052
4 2 13 4 37625 1.0444162425889938
0 21 22 2 71369 0.9178722579566377
26 1 2 28 92768 0.9919640374315993
10 27 11 0 100126 0.9170256029589459
11 12 26 13 57597 0.9875090713423088
13 2 29 28 90648 0.9750841056241015
27 19 18 0 51054 0.9851744195251403
8 12 29 18 74832 1.02991832841441
18 9 11 6 24344 1.0248692407592026
4 10 13 3 48238 0.9889546718745039
1 16 29 17 67996 0.9982881905067306
0 19 23 15 60597 0.9551609535862908
16 14 12 3 54476 0.9086335180559159
0 22 22 9 71590 1.0858817572820212
26 23 22 9 37948 1.034188359358723
9 17 1 3 50619 0.9858908366888413
12 7 27 7 30388 1.0586264012389797
7 9 11 26 58981 0.9849048475709326
9 12 4 6 29532 0.99508100577362
10 22 19 23 32042 0.9499331282825841
16 8 7 7 21388 1.0149456179189709
17 10 8 18 56589 0.9241397755113924
13 25 19 21 36311 0.9323960804306926
9 15 26 17 47508 1.0004192641041347
14 15 11 27 54878 0.9060695914584364
11 2 11 27 92108 1.0642760246748963
3 11 10 3 39648 0.9007845832558006
6 28 7 7 61530 1.0475773024606356
8 13 27 23 73139 0.901151906193009
10 14 27 20 55246 1.0864248778269283
8 8 11 25 59675 1.0218473662770142
16 22 5 4 88853 1.0576549350696798
1 24 23 5 74889 1.0544508470089125
0 29 15 29 51425 0.9793328218046536
28 11 2 18 72587 0.9326981452226907
3 9 9 3 33965 1.048687697904869
12 28 18 18 61579 1.0185916356605604
8 0 28 8 59065 0.9950840274770971
21 7 9 21 72151 1.0238600044360582
1 4 15 22 83265 1.054900590410844
6 8 25 25 74291 1.063924553793564
12 5 21 27 67021 1.0492049663218097
26 20 24 0 43157 0.9610490287604584
15 23 9 0 91253 0.9025275020206031
16 2 8 7 42233 1.0415232767820006
4 29 28 10 100096 0.9092406043121101
10 13 8 1 51129 1.0516502943241912
19 25 27 23 32900 1.0445929663806799
10 23 18 20 35971 1.0887888636708831
20 7 19 22 46793 0.941127112925137
2 1 21 4 46626 1.058834895468253
3 27 2 18 24289 1.0338068438892245
11 3 3 19 58664 0.9798215825528329
1 4 14 16 52435 0.9538584884867811
20 8 12 14 41830 1.0630353676753352
13 23 23 4 62300 0.9710290021720622
2 21 14 19 47536 0.9422636102541362
24 16 28 7 24281 1.0518265245742602
3 29 13 25 49760 0.9644690395928035
20 8 9 7 28392 0.9992141871078313
13 23 23 29 39821 0.9329031906761375
17 20 27 17 38984 1.0869503480947542
22 6 1 29 78831 1.0965636258475344
12 7 7 14 29870 0.9778133092483593
25 29 16 15 50971 0.9738505444530415
6 15 29 20 69146 1.043043750130329
17 0 19 26 77486 1.031219924333018
7 5 21 15 48801 1.0692245294708584
14 26 6 16 52062 1.0548241053883856
26 25 25 9 38042 0.9646148584674249
23 11 2 28 77212 0.9413288416016052
11 20 25 28 67916 1.0960770578391483
13 15 18 5 52045 0.905233222365492
8 12 20 8 43488 1.0692960697318494
23 7 7 23 68440 1.0424700588880969
4 21 22 4 72934 1.037947851658412
1 16 3 8 20241 1.0133365892055601
4 13 25 1 77726 1.043717400486603
19 6 5 7 28306 1.0078654999243435
7 29 15 12 70904 0.9250552713538112
10 6 27 2 33926 1.0214584240290785
19 22 15 4 64892 1.017781792902281
20 20 27 2 44611 0.9238806158556575
1 24 9 16 34629 0.9510045847759832
25 22 20 12 39061 1.0991193515484017
16 28 18 13 72828 0.9626201254370169
16 23 0 9 72598 0.9127914164125782
3 20 0 28 26184 0.9545786933703515
24 17 16 0 50965 0.9629661057891695
25 21 26 11 26820 0.9282491781113418
27 26 14 17 51274 0.9886272031422284
15 19 17 8 52188 1.0940228204285996
5 16 28 24 68145 1.0145095040405776
27 6 3 12 56502 1.067428515731033
23 27 13 20 51516 0.9261115789343809
24 5 28 15 26412 0.9215616838055023
10 17 21 14 37785 0.9696676007205441
23 13 21 23 22702 0.9469984315307982
19 10 8 1 54337 1.040773411194424
24 14 11 2 50121 0.9099730094584534
19 5 2 23 64797 1.0379174078561686
15 23 28 9 63557 0.9777895569026277
12 10 21 12 38012 1.023712073982171
13 18 25 20 50080 1.0249773343698325
5 1 20 0 48395 1.0586039887642174
22 16 7 10 50290 1.0989337805532298
1 14 18 9 53109 1.0876682362970902
8 9 16 27 93100 0.9295999454909734
27 3 18 29 65982 1.0650778460425745
14 9 27 1 40408 1.048647260579276
1 22 24 22 78920 1.0631444005582453
25 19 23 27 22311 0.9649733293867342
21 1 25 13 35590 0.9338282491847886
25 8 10 14 54823 1.0103427022216702
26 8 10 16 48647 1.0952789324584071
5 26 24 24 77498 1.0666970843723416
9 28 21 13 86458 1.0923993367047717
20 2 11 25 85681 0.9442914568140318
27 2 22 17 32301 1.0216088984010563
8 22 21 24 51619 1.070496484941122
8 25 10 0 79289 0.9040193839703118
19 1 12 17 65858 0.9852665699170426
11 6 23 22 46807 1.0270099611398804
10 11 20 11 33479 0.9840161564935922
0 22 13 22 47591 1.0265990106421545
12 6 12 24 71876 0.9538958906690463
5 3 21 24 80781 0.9574249347063009
18 19 5 27 80091 1.0612065882971518
24 11 27 22 27350 0.9922089549283799
7 28 24 3 91521 1.0948618645447745
16 16 10 23 41952 1.0069650236253804
25 20 2 20 70961 1.0313601155544274
17 1 28 1 39612 1.0585575910922507
4 21 5 1 56824 1.0453985056898485
4 1 20 1 53810 0.9813711446374057
17 18 19 27 45408 1.0363927936464337
2 19 20 29 78782 1.0982199570703326
7 1 13 10 43063 1.0397456664096931
18 6 18 17 39049 0.9697146769537776
2 20 2 3 32103 0.9599902001179382
28 24 16 16 43493 1.060776372735932
21 24 24 5 41291 0.9438214840521626
17 17 23 6 34095 1.0441208873877699
0 29 25 4 89401 0.959363995411086
1 5 11 4 27055 0.9625960617671535
1 18 22 0 72694 0.9979532913260494
17 7 28 29 61525 0.9879637231820243
12 0 4 7 42872 1.0261756594684048
12 4 9 23 65831 1.0761554757738374
28 27 2 2 90074 0.9314248876056668
7 19 19 12 53143 0.9217541217639548
1 26 23 3 84255 1.0232819582337964
0 15 24 2 64936 1.0248947149997485
1 10 14 7 35325 1.0292451774553728
16 4 21 27 64576 0.99833775218741
7 28 1 22 36272 0.9647538565933889
0 28 11 26 51412 0.9392220231267717
20 9 4 25 80786 1.0431048781454686
24 29 27 8 44771 1.0769506691540478
24 15 27 26 26113 0.9453753095613899
20 15 17 5 34537 0.9612886969166117
11 5 22 13 34196 0.9034213509856696
28 0 17 25 73913 0.9476412470749227
0 21 28 24 89525 0.9958339577950964
3 4 24 17 61015 0.9285286460164087
13 4 12 23 77790 0.9914420728667246
16 17 11 12 34318 0.952076285432133
29 25 16 27 65319 1.0978331077560377
22 26 6 3 76555 1.0363831822008223
7 27 6 7 54140 1.0202505282383314
9 0 15 14 69063 1.082204329287086
9 19 22 28 66087 0.927361207074951
10 23 3 0 70810 1.0268540133840556
13 25 4 3 91355 1.0784263854043556
19 18 28 17 33187 0.9473632063612405
4 25 25 0 94245 1.09874601266886
4 12 15 7 43962 1.0384631459132334
4 13 17 7 54277 0.9121565005644204
18 28 29 8 70923 0.9727265640667381
9 26 11 13 56229 1.0417241964215835
11 10 29 28 86585 1.0693546209266682
23 6 18 19 46570 0.9191738041296997
1 22 12 14 48224 1.0695843460345458
11 25 5 13 55741 1.054499400007138
28 20 14 25 59086 1.0748932644135536
29 15 23 11 26277 0.9720918967755009
7 22 23 1 74796 0.9658187361748677
23 21 7 14 52885 0.9247136693490418
6 1 16 7 39921 0.9637276458692312
15 14 8 22 50075 0.9038981525277415
28 2 13 27 98349 0.9815232215318713
3 26 15 10 78257 0.9636018296560521
14 23 26 29 47015 0.9120435178866335
27 27 4 8 77100 1.0808249115659272
18 26 14 17 52929 0.9481892162608943
1 4 28 13 66720 0.967014759987818
1 3 15 27 103113 1.017080270434771
25 12 15 6 31741 1.0343864959198261
9 10 2 2 33010 0.9844626618811176
29 24 6 3 85345 0.9351774475614529
16 3 17 12 39870 1.0679856361879527
29 9 24 1 28833 1.0420063041688044
16 10 23 20 42543 0.952266978658567
29 27 17 18 63912 1.089013576597198
15 10 4 1 56687 0.9081738368033467
11 5 25 12 41953 1.0579910493356672
29 23 13 25 59951 0.9484828036771051
4 12 13 25 69287 0.9570575107165116
8 28 11 10 69464 0.9832629570173742
1 3 27 16 67696 0.9483604285083923
7 16 13 12 34063 1.0228488293729892
26 16 12 25 62830 0.9666642388101117
17 16 6 11 38650 0.9299656713882645
15 27 13 14 64425 0.963135085353938
14 15 24 28 53190 0.9824093649399186
13 4 7 23 61881 0.9110308423829894
15 0 29 18 67258 1.025839298305835
25 2 18 7 29783 1.0049809513941648
19 27 22 18 34207 0.9119444810270426
7 8 26 8 39605 1.0840757152462195
13 23 3 28 50413 0.9590834635829346
25 2 18 15 50812 0.9426217425008061
13 9 28 6 38967 0.9147972414398475
27 4 12 8 35672 0.9846909833737454
19 23 1 19 66849 1.0274244705747169
22 29 25 17 30221 0.9682907123235731
23 4 29 20 39973 1.0671376528239134
19 13 25 1 46714 1.0353464626634328
19 7 9 6 21964 0.9378095681583427
17 29 12 19 54049 0.9080181883183475
26 15 20 21 28453 0.914909114376799
6 27 24 26 80088 1.0604949120177092
13 7 3 29 69373 1.0714841918368292
25 0 17 15 48871 0.9909131871388748
27 17 13 28 72966 0.9849784510752735
17 11 12 21 52152 1.0985295836353128
10 27 5 19 50523 1.0207700776570263
20 0 29 2 35643 1.0386253147141649
12 26 16 17 51468 1.0641274256909363
24 2 14 5 29901 1.0048072901345466
24 12 23 27 30005 1.0449511511213068
14 0 22 14 48323 1.0764734811493522
12 24 2 17 46264 0.9470232937926473
4 4 2 16 28740 1.0233510322098633
12 23 8 13 48237 1.0027287189734062
1 0 5 21 55735 1.0139016140254813
7 16 26 22 60362 0.9432280269406362
0 0 18 7 45414 0.9155369393892844
27 10 22 29 44126 1.0259030819791248
23 25 0 23 75058 1.0412964631853225
13 11 12 23 55378 1.0023514603788874
15 19 9 8 59552 0.956313060487453
15 0 14 18 75438 1.0011735336367227
24 12 11 22 63619 1.099405008507367
20 5 7 13 41995 0.9490245664470971
21 9 17 21 45666 0.9806911955863634
9 0 7 15 47573 0.9659148734175294
19 28 11 23 49476 0.9320692141146543
13 1 14 22 89146 1.0162356538820365
28 7 7 29 95445 1.0084311452739894
18 1 5 18 79779 0.9683827169378031
22 6 1 13 53251 0.9898553458807752
1 18 27 17 68776 1.0995686420870845
15 3 22 0 31464 1.0143762800851395
29 28 26 6 50323 0.9395847472348613
23 10 12 11 38658 0.9143393901231402
8 10 6 19 33417 1.0800031580463922
1 12 11 7 33197 0.9294674247113462
9 20 20 2 74206 1.087094010813137
28 7 3 9 55512 1.0549131688678575
13 12 28 24 69455 0.9578206482919056
15 22 28 9 69616 1.0538192645437214
1 3 16 23 85044 1.049794610719263
5 9 9 0 40150 0.9009139439996986
25 5 18 24 54894 0.9814383749530446
27 8 7 14 55962 1.0745501319058557
10 25 6 14 43080 0.9381720930154114
12 24 4 12 61397 1.088332164080854
13 23 11 13 45896 0.9646827061859838
28 1 28 13 30497 1.0843709050985304
3 2 22 24 79063 0.9225860865675127
18 4 28 15 40031 0.9121963689793667
17 3 28 22 60225 0.9304694792682977
7 16 15 4 47973 0.9298777540802777
21 12 0 21 71250 0.90647670396636
0 2 10 25 75072 1.020810348429896
24 1 9 16 60814 0.953285860750795
14 8 8 25 61400 0.9026945839635462
8 28 23 11 84093 0.9772358095370565
15 25 5 0 99693 0.9659358435408216
6 4 24 3 44499 1.0111060708352104
15 21 23 12 45407 0.9444496008537481
22 11 8 12 52797 0.9884349578682592
25 25 11 15 57333 0.9650821611788258
9 5 10 19 56777 0.9949760608206274
17 18 26 10 41951 0.9269335314000767
4 14 18 12 52968 0.9225504626158532
14 9 10 29 83207 1.0217212194305634
24 11 3 24 77980 0.9861436301092147
6 15 13 10 40812 0.9732293342577751
14 26 9 0 99925 0.9827852205276052
12 22 0 18 52024 1.036034186970385
2 7 13 23 63284 1.0595254906115492
16 0 15 10 47992 1.0108943382347024
0 12 14 16 39527 1.003976199734059
3 21 27 13 75172 1.0370704310723733
11 29 8 9 70213 1.045797450859392
9 28 21 14 80798 0.9048584378962172
8 2 0 22 58440 1.0469279489919423
7 2 17 0 35262 0.9512787154999952
27 6 10 1 48248 0.9473591060575554
21 29 5 17 70233 0.9902686454191095
12 13 0 9 47070 1.0879099036194695
4 9 27 25 79878 1.0239609760359154
1 12 27 20 76317 0.9275323773513459
8 16 0 11 27037 0.938925793917175
25 9 5 14 62285 1.0838811636300394
14 8 19 16 37164 0.9543507044366148
4 7 17 8 32704 1.0767633278433617
8 14 21 20 51603 1.0493217992590775
22 14 0 22 66804 0.9895846021978458
7 14 29 4 60649 0.9628365617799416
9 12 0 13 36163 1.0291706127631932
13 11 5 18 47693 0.9728955749357593
0 6 29 17 66745 0.9374398319320769
2 24 10 14 39356 0.9625407487451543
19 9 12 26 81602 0.9835029452785403
27 1 13 27 93048 1.0084075977404934
8 21 29 17 70715 1.08908801508616
11 8 27 11 37864 0.9480001854324166
1 29 23 20 82869 0.922572874941805
15 22 3 28 61853 0.958202875271845
6 9 22 10 42548 1.0355421048049978
1 1 21 3 56824 1.0497437657349318
2 26 1 5 42649 0.941938095789235
17 5 24 22 47021 1.0741100464237452
2 12 28 24 82417 0.9063222079494925
3 23 13 9 59843 1.0362616866987446
28 9 7 16 63343 0.9209180571499407
25 15 28 5 26822 0.9490025701979579
3 6 13 13 48459 0.9516250880765411
22 9 8 17 50558 1.073549818688332
20 11 28 16 29660 0.9093362035268926
8 2 24 2 55606 0.989950300449611
16 21 14 3 73812 0.9134149657513045
24 9 3 29 88016 0.9562043325976735
22 28 13 23 36159 0.9005593197054905
26 29 26 3 49715 1.0014619124950734
10 12 22 11 45038 0.9861724289038868
15 12 9 26 73292 1.004455197417145
13 0 4 7 45618 0.9541545832715874
15 12 1 5 53250 1.0862111226596558
29 24 23 0 52606 0.9769242553168996
24 12 8 25 74470 1.0595673124680498
27 16 8 18 57865 1.0499801538138844
5 12 17 3 50868 0.970713212119793
8 18 29 7 76415 0.9309446463827115
8 8 28 23 66858 1.0872253259637072
12 23 6 4 67405 0.907873280857013
16 0 11 21 91769 1.0290261219226369
14 28 26 3 86895 1.010973123196416
25 26 28 9 42699 0.9642589149807773
26 2 11 14 66192 1.0722827555473682
25 15 12 11 51134 1.0439506473742777
27 5 13 15 53587 1.0276433115116967
9 8 29 20 64681 1.0457588058786262
8 22 23 20 59061 1.0317262350605487
29 29 1 0 99237 1.0799114508284977
8 28 26 18 89530 0.9933148972129523
27 4 0 17 66940 0.995920421823437
20 28 11 24 45198 1.0620130281298032
12 25 11 11 59124 1.0946561045187944
29 28 12 13 82441 1.0778576726958562
17 2 2 12 49804 0.953151664380776
7 19 23 12 50747 1.09646068198895
28 2 9 17 72099 0.9127767471964512
0 23 22 12 71107 0.9424539329554287
18 6 25 22 45375 0.9125701465412109
22 6 6 20 64012 1.0231820562323044
11 15 7 21 24748 1.044501683640253
3 14 13 27 74030 1.088278491665203
23 16 27 1 29338 1.077149272960893
18 14 14 27 60468 0.9252878281280691
11 10 21 0 46978 1.0491292563271888
8 27 17 13 71075 0.9007254147984297
19 13 5 4 60782 1.0576458119558976
28 29 14 22 58821 1.0651198561771258
24 8 29 15 26245 0.9475501263168244
15 26 10 3 100986 0.9211958647285423
29 25 25 19 27535 0.9382412988741372
1 9 19 2 55539 0.9181374553389772
2 28 13 10 70626 0.9254832763967002
29 28 8 26 97079 1.0853145152295611
11 5 26 19 54216 0.9255900877517341
2 8 25 8 44679 1.0826953517893299
10 11 22 28 70132 0.9171153153234486
2 13 13 9 38073 0.982417237809363
10 21 28 22 71227 0.9309517302614743
11 19 13 1 75570 1.0924063601238219
0 1 11 23 72089 0.9499778246889492
12 1 23 16 56074 1.0665991694670873
3 24 22 19 69904 0.9788709704386126
9 28 0 14 62250 0.9753207385026946
9 18 27 22 62125 0.9695724125080487
23 1 24 12 22841 1.0071141284806642
16 9 24 18 41465 0.9989383766421173
17 5 28 6 23107 1.033837086469465
2 19 21 29 77917 1.081921650898617
16 24 2 22 51234 1.0529810777212165
22 24 23 5 34740 1.0664169024760928
5 28 13 15 64769 1.0173004912556691
0 17 26 13 69049 1.0728764560544857
18 28 24 12 57734 1.0068894627223892
24 10 28 26 44322 1.0270451281012078
13 25 4 14 60346 1.0946203387011975
10 8 19 13 43575 0.935222680500068
22 2 11 8 32966 1.0924731186693244
20 19 4 13 59066 0.9156486204749134
28 17 12 19 53055 1.08735090306888
7 1 13 9 38231 1.0777907856613014
13 6 29 13 46558 1.020474237660972
7 15 18 27 74207 1.0065303610789835
16 3 3 23 75109 1.0473944179665915
19 13 10 23 64507 1.0490024247231888
5 0 4 19 60954 1.0681913733452404
19 4 28 14 35198 0.9119785990158765
15 18 21 25 48979 0.9151662139427734
9 28 12 0 102853 1.0262312244805907
2 6 11 22 61042 0.9654922373647982
0 23 11 5 53376 0.9463216850836242
29 14 23 1 33802 0.9634436543453775
23 6 3 21 66878 1.0578977286193338
17 15 24 11 28146 1.0180582272313785
19 11 12 18 44466 0.9091892603847361
2 24 5 2 59665 0.9641915997334456
26 0 13 0 38750 1.0689715602909864
23 14 1 7 51539 0.9554487509035905
7 7 26 3 42856 0.9978208494510776
27 25 26 10 27257 1.0942270593962777
12 27 2 1 89083 0.9768546203961673
18 16 19 7 32808 1.0708519550881017
15 10 4 18 63189 0.9496598963138984
4 5 23 5 39605 1.089175002853157
2 20 16 1 71675 0.9932891920836362
8 7 6 28 64547 1.0418855696504776
14 15 24 13 34005 0.9731387482611993
29 3 17 0 45178 1.0716543756646129
14 21 4 26 54429 0.9796208742071333
1 3 19 10 55154 0.9444993104305561
25 3 10 4 42451 0.9453236039573506
18 19 21 8 44004 1.0162409562029953
26 13 12 7 43583 1.0791986794125348
7 17 16 12 44689 0.950495540369911
9 5 28 13 55269 0.9737477917067707
27 7 6 21 74994 1.0387293384673497
17 20 7 0 81995 1.0421139237827446
11 6 0 1 27331 0.9136137137087381
6 3 0 9 29980 0.9373375718255926
14 14 20 23 41549 1.00933875890361
8 21 7 6 41346 0.9708782785822735
12 18 5 6 49117 1.0480923413748031
4 15 1 23 26841 0.9481041929362061
5 20 23 10 63461 0.919910138150399
5 21 22 0 81539 1.038015247894354
29 29 6 7 82692 1.0702090910957025
10 26 19 5 89880 0.9428929066255739
28 8 4 1 62171 0.9971256496640887
25 22 23 1 45092 0.9007038901922922
6 15 10 0 55641 0.9824007442215341
25 23 11 5 59449 1.0522713577064473
15 17 6 8 47344 1.0196723799999208
1 0 8 6 23896 1.0999154388808656
10 11 19 12 36962 1.0849983292513654
1 20 15 12 59165 1.0305642070352152
0 22 4 28 31692 1.072199248130051
18 14 5 18 48265 0.973718306894565
17 17 28 27 53889 0.9306706903649508
26 8 11 27 83107 0.9880426298377942
6 7 8 23 46450 1.0376358654392999
18 5 29 9 29997 1.0757503631269716
6 13 0 8 34042 0.9354392193097326
29 16 15 4 50063 1.0754341737663335
0 19 3 11 24250 1.050594313499953
23 16 13 21 45887 0.9030943473995109
7 16 13 27 57118 0.9310703055559943
29 4 11 21 78791 1.05678961280517
7 29 15 15 57334 1.0156045323772491
5 26 28 15 90774 1.0029057965485024
23 14 21 28 34932 0.9544634002626252
8 0 25 3 59341 0.9048400452187516
24 3 12 11 48880 0.9787557423210733
17 29 5 16 72306 1.0539816546111227
13 21 28 22 63613 1.0479590783409867
3 0 25 0 63740 0.9861220483825924
27 5 12 2 44140 0.9503995818471785
18 8 28 7 22774 0.9378905385229064
25 22 5 6 66860 1.0368104419999105
5 16 27 9 62422 0.9255641508292188
20 29 0 20 84232 1.092435480597105
4 18 1 26 36227 0.9805837980705877
24 24 8 12 72675 0.9362796358915615
9 23 2 16 33885 1.0081943931937876
3 22 18 23 50455 1.053331434739874
14 1 16 17 67730 0.9220364301797568
26 8 25 28 47039 1.0765888214906583
16 17 0 9 56860 1.06776370681327
27 17 11 23 60176 0.9036536990737267
22 0 8 14 58503 1.0838176938071047
26 28 7 16 71327 1.0777787726025831
8 15 29 21 67355 1.0657428694953437
2 10 28 19 76171 1.0987841447923403
