6630 5447 5921 8329 5642 7512 4892 6874 8249 5885 6805 6018 8077 7612 8015 5194 8551 7562 6631 7771 6531 8560 5185 5894 5105 6452 8222 7741 5228
3179 5544 5625 3411 5737 4431 5437 5684 6541 3546 5756 3564 3897 5366 6100 5005 3192 6225 5064 6382 3094 5125 3211 3396 6295 4384 5978 4967 4943
8486 8316 6090 7516 6825 6518 7299 7706 6740 7953 7530 6708 8209 8632 7001 6705 6744 6339 8051 6945 6736 6264 6100 7999 7202 8166 7489 6318 6382
4201 3396 3773 1650 2668 2910 1851 4649 4347 4868 2294 3956 1589 2359 1946 3396 1660 4370 4981 4812 3496 4889 4631 3719 3492 4748 4775 2841 4610
4699 6255 5548 4718 4245 5448 5619 3865 4107 3091 3834 4939 5339 6208 3299 6304 5636 3541 6319 6339 3452 5120 3165 5284 2971 4437 4852 4220 6513
6976 6091 7834 7183 5376 7711 6285 7889 7601 5845 8669 8651 8814 8526 5765 5544 6828 8545 7891 8447 8789 6163 6456 5889 6683 8573 7836 6805 8301
3450 4986 2842 5641 3289 4193 2186 4147 4132 2662 5680 3322 4561 2164 4359 5152 2163 4884 3031 4877 5334 4898 4246 2390 4847 3112 2601 3831 2849
4636 5789 4764 2506 5197 3611 4170 2963 5375 4466 2459 5814 3568 4507 3133 5857 4127 3842 3202 2902 2813 2707 3928 3841 3376 3426 5653 3311 3076
4963 4621 2782 4504 1794 4772 2394 3213 2439 3778 3633 3060 5056 1646 3134 3797 3670 5167 2947 4540 1922 2112 1809 2672 3700 2421 3298 3504 2178
7208 4880 6148 7773 4550 6859 6236 6363 7697 4766 4550 6047 7530 4641 5340 6399 5221 6889 6358 6019 7692 5287 4836 5577 5821 4863 6715 5775 5406
5606 5167 7732 7731 7604 5392 4770 6545 4146 6186 5030 5706 7421 7253 7682 5895 7124 4284 6457 4743 4421 4221 7601 6427 6320 6746 7303 7601 7652
5127 7254 5389 7308 4994 6132 6381 4278 5167 5084 7180 6965 5060 5420 7020 6869 5464 3886 4904 7246 4416 6530 4830 4330 4538 5206 6213 5418 7262
5789 5701 7275 6595 6154 5174 7688 7311 7031 6531 6996 6101 8111 6014 8330 6752 7521 7790 6650 6450 6957 7705 6094 4851 6430 6706 6816 7081 8329
3113 4118 3297 5720 6168 4409 4795 4785 6261 5206 5781 5273 3985 4228 6276 5695 5508 3437 4084 3353 3758 2816 6155 3450 4356 5264 2976 5792 4997
4532 2836 6190 4179 4162 3619 3584 5790 5165 4202 5015 5618 4652 3538 5698 6424 2722 4007 3265 3458 3270 6069 5115 4164 2886 3567 3269 5585 3345
3938 3454 4813 2491 3412 3264 4551 2640 4894 1922 4051 5237 3056 4048 2816 4744 3193 5029 2196 3392 4631 5057 2385 5241 4309 3172 3074 2341 3221
6528 7063 5507 5543 4752 6428 4989 6896 6175 7108 7596 6367 7908 5481 5706 6231 6120 7017 6889 7972 6170 4617 7442 4977 5281 5957 7846 7597 7285
3350 4521 5516 6686 6424 3904 3973 5402 6367 5395 6157 6000 4297 5022 6413 4163 3478 3339 6107 5405 3927 5136 3954 5328 4283 4757 5837 4539 3256
5233 4740 1852 3537 4480 4502 2439 3920 4869 1880 1940 2229 4911 2312 4143 5196 5065 4445 3024 4791 2031 3878 2498 5468 4795 3703 4973 3100 4431
4589 5878 7240 7421 7552 7047 5276 6526 8013 7203 6726 7300 5081 6742 7501 7713 5690 7106 7253 7463 7991 5055 4515 5851 5450 7611 7633 7626 7011
6276 4591 7316 7357 4033 6513 4552 5717 3851 7438 4975 7355 7072 6993 6700 5447 4393 5153 6214 5931 4799 4962 3896 4950 3841 5193 3786 4964 5408
4177 1725 4922 1413 1511 3250 4003 2667 2999 4131 1500 3083 4508 1868 2339 2568 4148 4517 3275 1395 3259 3514 1341 3741 3077 3697 4613 2167 3686
5465 2870 4644 5106 2593 4814 4470 4320 2038 3666 4767 3077 3703 2841 3118 4227 5510 4947 3496 4564 5443 2840 1969 3295 3175 2190 2179 5266 4345
3160 4404 4486 5251 5427 4066 2539 3026 4849 5757 6022 5315 4164 4146 5777 5364 5922 4487 4510 5112 5910 4373 3016 3525 4888 5283 2412 3902 5273
7660 5285 5823 6301 6535 6410 6947 4923 5426 5011 4851 4785 6610 6707 7218 7496 5087 5339 5082 4834 4816 6433 6251 7237 6967 5197 7413 5090 6647
2508 2934 4846 2742 2630 2428 2828 5675 2737 2186 2298 4058 2293 4373 2868 3555 2101 2884 4872 3850 5321 2497 2825 3452 5716 2630 2350 4924 2235
6008 5644 3281 3993 3910 6069 4127 5418 5449 5478 3225 4423 4960 5812 4737 4751 5379 3925 4345 3102 3472 6116 4153 3696 2627 3029 2833 3935 4529
6353 4446 6118 4642 5654 5709 5787 7023 3823 5912 4336 4023 6295 5047 6735 7029 3537 7199 4159 6935 7146 4736 5991 6709 7004 6766 4254 3627 4994
4884 6035 3637 5973 2404 3704 3372 4442 3780 5756 6014 3103 4729 2732 2410 2508 3457 3968 2457 5167 6013 3385 4307 3974 5884 4413 4341 4506 2856
2124 3569 3689 3055 5140 3901 3364 5261 3979 2719 3609 2269 3878 2175 4923 5016 4839 4624 4443 2424 1800 3081 2044 3701 2810 4012 3702 4239 1656
3762 5291 5143 5286 2495 5171 7220 5960 6228 6843 5746 2575 2398 2772 7105 2830 4471 5992 6702 4677 6981 2687 8384 3037 8065 6928 5242 2444 4565 5920
3020 6348 4991 2743 3108 5744 6973 4816 4200 5619 5842 1512 4674 4253 4596 4703 3588 8014 7606 6338 5213 4315 5846 3768 5186 8135 7361 4903 2526 7607
4936 4670 4279 5908 5208 6101 7785 4209 3952 6580 4382 2233 5302 4082 4255 3089 5235 5491 7239 4335 6141 3462 7625 1583 6220 5155 6728 2354 2902 7889
5651 7615 5421 4155 1963 6156 6750 3694 5116 5877 7394 2944 2524 4638 6503 3462 6182 7147 5300 5858 5254 3466 6582 3692 5297 8394 4858 3800 3673 5334
4185 4319 6040 4475 2386 6961 5130 5646 3768 5458 4957 1236 5323 4628 4567 2176 5126 6143 4055 4957 5317 5250 8752 4589 7266 6497 5307 3093 4743 4523
5214 7143 6385 4098 1597 6456 6722 6150 6178 6882 6903 2331 3092 2486 5103 3368 6313 5908 6297 7080 7358 5095 6089 4445 6385 8203 5770 4552 4067 5347
3588 7648 7345 6164 3502 6677 5333 4400 6408 3521 6942 2217 5052 2400 4007 3486 3761 5243 4163 4238 6561 4264 8283 2839 7702 7781 7560 2923 5069 7377
2355 6522 5720 6310 4368 5508 6365 2861 4302 5179 5438 1512 3435 2880 6771 3545 4373 7721 4793 6035 8069 4403 7856 4591 4998 6838 7304 2455 6010 4744
5878 5146 5284 4547 3849 3990 5820 4116 4781 4231 7101 1689 3588 2041 5321 2640 3921 5185 7597 6676 7395 4259 5935 2939 6976 6045 5185 4043 2691 7097
3958 6237 3911 4032 5024 3545 7495 3198 5518 4318 7787 3061 1597 4763 5887 3024 4563 8176 4986 6738 7147 4535 5827 3526 6189 7914 6798 3688 2866 6288
2770 5418 7357 5392 3289 6533 7760 4527 4472 5105 5720 1197 5258 4498 5341 3204 5694 6282 4454 5944 5629 5132 8678 2999 5698 7585 5666 5194 2918 4653
4244 4391 7128 4050 3949 6630 5861 5319 3294 5788 7661 2036 1598 1481 7217 1833 7074 5228 7544 5297 4968 4568 5754 3090 7042 7427 6467 4064 5822 7487
4724 5249 5872 6154 2676 4026 7897 5841 3233 6953 4814 3056 5047 2271 4512 5011 5564 7926 4716 6000 5142 5139 6231 1423 7185 6041 7714 2317 4548 4947
2986 6208 5162 2660 3892 4682 7263 5522 5059 4580 5159 1290 4348 1731 4796 1946 3956 8631 6978 7150 7766 5225 6295 3610 6842 7904 5708 4562 3590 5257
4369 5252 6804 5950 3810 4476 4911 3964 6377 7088 6557 3573 2719 3569 4649 3993 4415 5726 4428 6096 5219 5261 7369 4123 5974 4982 6430 2103 3328 5249
4199 5210 5152 5748 2010 4257 4984 5536 3645 4561 4828 2302 3986 1673 4657 2615 7078 5488 6549 5392 5510 3552 6793 1518 8207 5931 7598 2139 4208 5890
3418 5199 3656 2719 5246 6273 6334 3915 6592 7200 6606 3483 4113 2201 6958 2803 5435 5987 6492 6902 4907 4952 5774 4290 7436 7513 7232 2576 3497 4226
5586 5521 5433 5241 3377 3769 7487 3777 4170 4063 5648 2771 2513 4246 7155 5035 6776 5053 6657 4378 7197 2350 6008 4449 8478 5077 5842 5368 4553 7463
3957 6206 7351 2716 4249 4557 7313 4047 5793 6537 6687 1720 2635 3911 5723 4902 5002 7146 6625 6039 5836 2621 5478 2577 6528 6152 5531 5388 2537 6092
4730 6745 6875 4472 2473 5084 6945 5116 6003 5706 4537 2182 4645 4300 7252 2544 6387 6578 4826 5533 6513 5446 5409 3664 5510 8046 5312 2437 5005 5933
5329 5542 4268 2625 3786 5987 7435 3612 5692 4553 6685 2345 3226 4067 7423 2694 4811 6301 4451 5268 4719 1915 7450 3293 5945 6352 6664 3221 3002 7096
5505 6650 6791 4955 2873 5147 6682 3385 3599 7089 6014 1329 3669 2155 4175 2899 6265 7068 4378 7634 6643 2597 6343 2806 6586 8276 6506 4321 3900 6160
5341 7506 6281 5354 3781 4954 7482 4898 4431 4865 6012 4364 2195 3788 6201 4748 5839 6756 6533 5015 5818 2462 8584 1633 8470 7077 4265 4576 2421 5147
4538 7541 5959 4570 2826 6448 4913 3323 5280 3974 6104 4817 2565 1240 6155 3622 5116 6627 7004 6030 5406 2312 7669 4974 7657 6390 7044 4595 2594 5282
2348 7178 3647 5703 1795 4074 6289 5576 4500 4660 4342 3672 4061 4256 4483 1537 3825 7256 4848 4173 4861 4156 5904 4962 8327 7781 5791 4901 3528 6930
5002 5126 6008 4594 2223 3848 5756 3235 4113 5335 6777 2163 2041 1173 4017 3115 6445 6475 5515 4974 4958 4760 7637 2776 5008 6825 5256 4232 2748 5648
2811 4569 5204 3679 3587 6065 5403 6283 6693 5438 6518 4492 3046 2570 7166 1524 5226 8241 5894 6440 5712 3859 5465 2289 7242 6422 4298 4324 4643 5276
2628 5385 4385 3941 4670 4243 8099 3239 3868 4860 7381 4468 3027 4679 4146 2099 4714 8135 7589 6717 7048 4872 7652 3535 5363 7298 7582 3122 3695 7071
2978 7548 4420 6293 2437 5398 7842 3803 3640 6224 7028 2174 1724 2778 3836 3897 4497 5315 5071 5362 7958 2654 6479 3524 6188 6832 6226 2806 5323 6196
18 25 14 10 71930 0.9658257073370362
16 12 18 4 32885 0.9614161994945465
17 21 8 6 77732 0.9808130270021226
0 21 25 9 102640 0.9955185404311623
3 25 25 24 86695 0.9584428551097919
17 18 0 4 91111 1.0718115968625566
8 17 3 23 38653 1.0895558310663829
14 13 20 19 46797 0.9498067538534414
23 10 2 14 64819 0.9980190655209497
28 24 7 23 73041 1.0344322982897713
10 8 22 18 68726 0.9403011800424166
18 5 13 19 63990 0.9682172984271123
26 25 0 26 109001 0.9845641477170222
3 3 9 12 41614 0.9407237438839505
23 10 8 6 57877 1.062959781166604
12 29 18 19 58454 0.9571445948567995
25 13 16 25 68194 0.9174979566902963
26 23 28 6 72074 1.094187329275052
25 23 11 6 100657 1.0360543170672407
29 18 6 3 109854 0.9512555018377737
7 0 6 23 87538 0.9341867886812603
3 0 21 7 83230 0.9559242668748256
1 21 28 6 124494 0.9910865719543305
7 14 1 5 52818 1.0202912338299501
13 2 5 21 97138 1.081910694511899
25 10 22 18 38576 1.0240810099503976
24 0 14 14 72981 1.0482236000462635
3 18 21 16 70275 0.9342021887000467
20 16 5 16 60940 1.0064528433582218
1 27 27 16 124263 1.0312098440085946
26 8 11 10 57454 0.946408231021768
3 7 23 14 71503 0.9385167953693201
6 10 11 18 47392 0.9343913266057448
12 25 24 2 117708 0.968128562184237
25 24 17 16 53105 0.9622298996327987
12 14 0 21 68247 0.9574761159544596
29 16 14 4 79436 1.0355853073962273
16 21 14 8 59138 0.9096707881714452
3 14 15 2 66084 1.078688257656457
0 23 6 0 96925 0.9072535294151743
16 23 11 29 43040 1.000023124377193
24 21 7 24 61397 1.0658167712351108
8 3 23 12 63833 0.9256135266394273
10 16 19 6 63591 1.0902989274429784
22 16 15 2 65136 1.0504778821248768
26 0 19 27 105614 0.9826346809909299
24 11 6 5 67831 1.086694777419257
27 2 27 25 92501 0.9552387304447961
7 19 26 26 82043 1.0819247304467459
28 27 21 8 78846 1.0947617475989175
27 10 24 3 39869 1.033744657629128
5 25 18 11 86188 0.9356076781411977
19 13 23 0 59102 0.9918584383625334
20 11 4 27 92334 0.938645275167007
0 6 16 16 85196 1.0519379427615903
5 23 13 9 72761 1.0964814256015922
11 7 2 4 39825 1.007624357084385
28 11 2 29 135048 1.0857827265446196
9 20 25 7 98195 1.0227728932507538
5 10 17 2 71153 1.0044255742810735
12 3 6 16 67835 1.0439231430934883
7 21 18 6 77458 1.0193071735308785
24 14 10 24 83577 0.9244857889741699
7 11 1 23 56164 0.9123303783140738
15 2 23 23 86840 0.9713451578583868
21 0 14 15 62315 1.0700033095742052
10 17 28 12 75652 0.9181423173957383
29 17 12 0 105802 0.9480186827050778
6 3 25 24 117027 1.0898581450292322
16 18 18 10 38042 0.9765953853986737
9 21 26 15 84467 1.0987667091196753
28 25 25 3 83479 0.9606784751521517
14 29 26 24 57090 1.0941249592086992
21 7 4 8 60330 0.954165472278382
24 26 2 28 87475 1.0849438635272928
15 27 19 12 66606 0.9161326271181457
12 7 14 28 96083 0.9032205001467046
4 4 14 13 55904 0.9970721551165023
11 11 24 14 43470 1.0200154475020882
7 23 3 0 87281 1.0443970292439164
3 26 28 23 96591 1.005550167877573
25 8 10 27 107062 0.9004344144529529
22 16 1 16 77626 1.0135162600257108
24 3 21 18 58873 1.0936038781139912
29 5 28 18 46630 0.9417421298439025
9 16 17 5 67351 0.9035728026859374
25 17 14 13 46636 1.0010402312764042
18 28 9 9 96624 0.9581176958648748
18 1 29 17 78243 1.0550180884206721
8 11 27 12 49019 0.9898377429016466
21 18 2 25 86807 1.035105867265847
27 19 6 9 89532 0.9264595328765358
5 24 22 10 91866 0.9963701002539536
23 7 20 22 57094 1.0330284337227376
22 29 14 20 57223 1.029707975427166
20 15 5 20 73794 1.0933970962009674
29 7 15 3 58670 1.0981334551174389
13 2 27 12 71797 0.9926452423242704
22 26 2 0 129003 0.9771030446293641
4 24 27 29 99378 0.9069073151182475
22 22 12 24 38573 1.0413322696088743
8 26 7 9 56090 1.0543267648793695
12 29 11 4 111266 0.9426599848191441
8 14 16 7 44707 1.0879729784594165
3 23 11 29 50295 1.0394843025393965
11 27 22 8 96248 0.961249918116486
23 10 14 25 78494 0.928781945715641
19 15 1 11 56940 1.031550323358606
13 19 18 14 39259 1.0149628642358286
18 28 7 23 51350 1.0216742297105768
22 24 27 29 33738 0.9657955181687576
14 9 8 19 50023 1.0740612201179882
2 15 25 8 75287 0.9527146489667255
24 22 15 18 44859 0.9163587977012453
15 11 20 1 48466 0.9123474057699733
26 21 8 11 77952 0.9318835577098445
2 29 16 18 86959 0.9087667939186278
22 25 3 1 117676 1.0958757783220678
5 10 1 4 35459 1.0232500766847903
27 29 6 3 141165 1.0958586038505709
28 12 21 24 53811 0.936431177456729
22 23 0 6 114835 1.021415905756514
2 0 11 16 79905 1.0775918105166764
25 13 19 7 35545 0.9836985719565519
1 24 11 11 67019 0.9067907410142578
23 0 22 16 61439 0.9364964763068143
1 27 15 23 57881 1.081046308117454
10 16 23 20 70839 1.0604636089374222
16 24 8 13 58949 0.9061167247064071
2 5 3 18 46296 0.904560295562138
3 21 28 14 100184 0.9330123771624123
26 5 10 11 62137 1.0237938380368878
26 20 11 12 73011 0.9574391746037105
19 29 13 12 85303 1.0314489017533217
3 15 11 19 46028 0.9219963081310407
28 1 10 26 142081 1.0259452014338302
24 23 14 29 51910 1.073922024692905
25 26 28 9 71185 0.9311443979349434
14 9 18 27 83980 1.0341788312023088
21 10 21 22 35974 1.0571760019295608
23 26 13 29 46150 1.0939858070661639
17 5 28 5 42916 0.9592346491799788
21 19 27 25 37024 1.0320288144800127
10 17 14 9 52180 1.0864420528001801
13 26 25 23 54614 0.9557924312844879
8 11 28 29 107661 0.9635195447150146
7 21 22 17 71934 0.9603361716182595
18 22 4 22 54094 0.9613383130143384
8 7 19 21 78289 0.9825056267480362
13 29 14 12 73318 1.0014807355377409
25 28 4 4 127595 0.9319556137036457
10 0 25 6 69425 1.062328745380284
23 1 9 13 78146 0.909196950901845
29 22 15 9 74917 0.9525167346479166
10 23 3 2 84064 1.0134995670860576
28 24 1 13 112534 1.0183742749630451
3 29 26 25 98529 1.0302673119149928
21 3 10 29 119843 1.0411283885084042
19 28 20 19 40079 0.9343404359257659
2 7 12 26 98961 1.0019741395635169
23 29 15 22 48781 1.0097189154724353
15 11 16 23 47302 0.9018137006904943
9 4 10 13 40792 1.0694742162516098
21 19 15 10 45160 1.0244616040859738
28 12 21 29 71051 1.0759189882951394
9 13 14 22 53195 0.9455839514245342
2 29 18 22 75504 0.9817259337456434
1 18 20 11 70086 1.0560077132886052
6 11 27 15 61834 1.0369745894223008
23 12 27 23 49130 0.9253513260170696
0 0 29 23 144944 1.0333714104425922
12 25 29 7 109859 0.9188988568674558
8 8 23 25 88967 1.0472111688251975
29 18 6 29 105941 1.0218757984409257
5 1 20 21 113612 1.037578073924474
18 28 20 11 65999 1.0113485551391417
6 15 6 4 40695 1.0409715872749303
5 21 18 21 56026 1.0826921092756727
16 22 13 1 89309 0.9742454484710584
26 26 20 18 41357 1.089636370257166
9 25 0 19 60413 0.966057218255002
8 0 15 27 111329 0.9400330934354475
27 12 10 0 90766 1.0584100882054783
3 29 29 5 154097 0.9224792078054239
11 22 22 7 86613 1.0936472852572356
7 19 19 18 68853 1.014128923206324
28 4 5 20 118121 1.0111523235946789
12 18 0 20 73361 1.0749186397615005
17 0 13 22 96126 0.932070543613543
22 17 6 24 73430 0.9569824084254429
19 19 27 21 35601 1.0332179192651283
17 18 9 14 40749 0.9908498490016842
20 11 15 17 31616 1.046630959798574
4 12 22 13 51049 0.9010588120983531
27 5 16 17 78865 1.002619070149259
4 21 24 7 99556 1.0694136842494124
0 9 17 23 95628 1.079607123778908
11 15 21 27 72521 1.0365019881338156
21 13 0 16 74202 0.9418532682013756
16 27 18 3 95906 0.9195515893393044
0 21 25 2 122898 1.0218851465750343
15 8 7 6 41113 0.9603100240006072
1 7 12 11 42895 1.0405044952586082
3 6 12 25 90433 0.9598836345390513
16 23 29 24 48473 0.9788094043034298
10 5 0 3 38732 0.963583910125336
20 6 5 18 86797 0.9826601593259843
2 11 2 21 38260 1.076152323585019
22 7 12 4 43668 0.9508331487671513
19 15 23 29 55605 1.0638212440827282
8 14 15 19 39947 1.0353060406936776
16 15 26 29 76471 1.0509933389790318
10 0 7 27 102135 0.970162641366986
10 28 2 2 103030 1.0483347856612142
27 5 28 20 61129 1.0887536468922905
25 8 11 17 72543 0.9764971537279681
18 0 12 18 84464 0.9307710129726503
1 21 11 13 62603 0.9675094877332943
9 2 9 12 41241 1.0871358650762228
13 0 1 4 57167 1.0881316447296665
8 17 6 26 36276 0.9758168969095833
0 10 6 3 47650 1.0869290600437347
14 23 21 1 87850 1.014195552727746
29 2 26 22 83294 0.9852131663429088
3 17 22 9 65613 0.9827920028917461
26 18 6 25 88229 0.9210427069605447
11 17 23 12 57741 0.9007957016030986
29 23 9 12 89443 0.9549212837307464
20 3 7 2 59485 1.0436585896214743
27 2 5 29 145098 1.0211341489398862
20 26 13 17 61818 1.0646809974053397
27 7 12 4 60198 0.9882691069338734
24 26 5 21 81959 0.9571211474150725
25 28 2 28 84276 0.9051072231620266
25 1 1 24 133635 1.033854596419206
10 5 20 25 105923 1.021663029582421
11 0 19 26 127455 0.987680912363932
15 5 26 6 46642 1.0224884755732957
7 13 6 0 53491 0.9106237912827713
24 13 12 3 68345 0.9982520137567035
6 25 23 4 110947 1.004176801494304
14 29 17 16 61964 1.0454475790177469
20 10 25 20 47343 0.9944434579905878
6 11 20 12 37696 1.0400849420865932
27 9 16 3 57516 1.0135407560831813
9 8 14 20 65061 1.0864046556576075
2 24 15 0 117239 1.074076015677879
20 23 28 14 49264 0.9803981530693283
6 21 10 12 44341 0.988308994092286
11 8 8 0 41949 0.9120103139785706
28 4 17 10 55651 0.9352877644974181
16 4 11 13 44089 0.9164281916996591
12 9 28 3 81421 0.9310871549428205
2 3 11 7 42175 1.0154749427010628
6 27 10 18 43382 1.0527032074482876
19 10 19 0 48096 0.962934331847153
14 22 18 7 64336 1.0997865055448275
19 8 13 27 87347 1.0830057270954732
2 25 16 5 106172 1.0396019858293952
9 3 15 28 105851 0.9979599807958749
26 26 29 7 75233 0.9163503646545031
21 9 29 12 28696 0.9223840932747314
0 9 25 8 81358 0.9033571732883755
2 15 4 0 55197 1.0467017420681173
28 27 23 12 66472 1.0399927080667657
22 14 0 6 87419 0.9335536428697689
8 0 26 12 84866 0.9492152558600331
29 22 15 11 68944 0.936725857352105
20 25 9 23 44060 0.9627331467897421
16 15 3 15 40303 1.0474810335649098
5 29 17 19 75436 0.920532790898505
27 1 23 9 43675 1.013760473382594
16 13 26 19 54124 0.9570524030832249
9 21 25 28 76139 0.9299436969595943
29 26 24 5 79765 0.9532257245380144
8 27 19 28 41691 0.9942371316338422
9 14 7 5 38503 1.0494458342187079
12 3 1 25 111915 1.061416518954227
0 21 2 0 84572 0.9633176362094376
8 9 20 19 69690 1.0079671967788582
9 11 0 10 25054 0.9149313062290886
9 24 19 5 95941 0.9542239683730135
9 7 20 24 91942 1.0807566858318949
25 28 16 25 46922 0.9709100459740722
11 26 10 8 81867 1.0759002837374614
26 27 21 2 89166 0.9636296946593222
5 10 0 2 46979 1.0041146952740367
0 12 29 28 125301 1.0754668297178183
27 21 25 10 44709 1.021497518194499
21 2 0 8 93157 1.0290380663273857
6 11 27 15 61834 1.0270430169615612
22 1 14 16 69126 0.9012328488721859
22 3 23 20 66591 1.0385186777372266
15 3 6 11 46856 1.032795952623589
19 21 17 4 68175 0.9324525528285058
28 23 17 7 79042 1.0667670650606935
11 17 29 17 76533 1.0021933406037682
15 15 5 25 70485 1.0731763793963598
19 14 13 23 58679 0.9585137929230464
15 3 3 21 85932 1.0315245891900544
25 7 12 24 92708 1.0563140411459386
9 4 11 28 88802 0.9039046178953812
20 25 10 2 117108 1.0812934142038355
24 14 24 2 47224 1.0490121542094002
21 9 5 19 76781 1.008712642282757
22 14 17 20 41438 0.9011919070949181
23 12 16 1 54893 0.9449533403487931
11 17 1 25 69451 0.9497992876172822
7 20 18 15 54347 1.012270214202987
17 15 3 14 45052 1.042644623730923
10 2 27 27 136303 0.9522166686877921
21 20 15 28 46042 0.9746805850219088
29 27 15 4 109947 1.0842731966817167
16 20 8 23 38874 0.9090496447731756
22 9 7 13 50530 0.9194719539569559
5 20 29 1 130871 1.0352795210630175
25 3 8 20 97800 0.9026037490964174
11 17 27 4 88286 0.9514577966579827
22 4 5 15 75142 1.0223412589633447
27 12 5 20 94619 1.0152137098541494
2 2 9 17 68566 1.0021829513031366
12 22 4 18 50308 0.9414945389159431
22 16 1 3 92617 1.0207780613381308
19 10 2 27 103032 1.0584265749420074
27 14 0 5 102679 1.0765350620617171
27 6 29 16 45676 1.0018125098143036
19 19 14 24 37781 0.9633104931976733
23 4 16 21 74959 0.9319080345568119
0 11 20 13 55263 0.9033159012377118
10 20 28 0 124586 1.088085995943421
17 23 19 3 78369 1.010378116894735
20 17 12 22 56837 1.0416459520421224
0 23 21 24 73786 1.0193325480345998
26 24 9 10 87847 0.9226207310332472
18 4 28 28 104377 1.0019582099059723
0 16 19 20 89712 0.952754711687709
24 18 18 26 50458 1.0994820171283861
28 20 1 29 119513 0.9775122211737515
16 18 22 0 80152 0.9052795062710757
20 2 25 22 75648 0.9421032478483392
26 11 7 18 76085 0.984919865972888
14 29 2 20 76439 0.9591399439440393
10 26 28 26 79134 1.0342998940168395
14 22 27 0 110153 1.0376982745931742
5 18 5 2 69102 0.9957693990480898
3 1 2 22 74697 1.005341262660319
22 10 8 11 36801 1.023505636883437
10 25 25 21 64165 0.9524745948456612
4 8 9 13 28485 0.9843314012714244
12 17 8 11 37870 1.0271957648806367
14 25 0 17 85237 1.0456852625285538
26 28 5 2 140755 0.9503159196080626
19 29 16 21 45265 0.9976639105620791
9 3 12 28 99826 1.0175139033144995
21 12 18 22 41737 1.0090479962626997
28 11 4 27 119123 1.0132161293446251
14 11 5 0 62379 0.985889879904682
14 0 1 29 140687 0.9783361257947878
9 2 29 18 109386 1.0081818407346201
20 26 1 26 77723 0.951378076483542
19 13 21 24 40332 0.9970921087843753
26 4 0 26 141257 1.0960537919836535
9 4 6 27 82201 0.9920175060899865
29 27 16 14 84554 1.0582266260625097
27 13 2 18 86723 0.9077219913066892
10 6 26 19 93779 0.9612494481095631
24 15 0 5 100807 1.0159812759463314
24 15 3 18 78976 0.9530114145953905
8 19 25 9 77848 0.9920622577174273
8 18 23 8 72466 1.0631019184775115
29 6 19 19 74287 1.0635752526022915
1 21 20 0 118914 1.0103548276739904
20 3 15 29 101063 0.9521701536572313
25 7 14 26 93441 0.9978419734552997
13 19 11 1 92258 0.9441068962050321
0 27 11 19 66438 0.9236513971755901
18 14 11 29 86745 1.0326449638307524
12 17 20 10 53373 0.9317193793184451
4 14 18 24 79273 0.9772200745568832
22 21 3 22 73740 0.9035668276200011
24 9 1 7 84218 1.0472711495707314
27 23 10 8 94191 0.9691154470534313
21 4 13 25 91206 1.0844006095737357
8 14 15 24 56049 1.0473673779308066
23 28 9 17 86515 1.0526152733102676
5 2 16 7 65403 1.0566641651271511
2 10 29 23 103806 1.00166946760737
2 7 22 26 107827 1.0539557590136854
19 29 10 9 104624 0.9179079866905032
14 6 24 8 49528 1.0839203501039332
21 13 25 1 49094 1.0158844250324575
13 15 5 23 53551 1.041459020924611
8 14 29 26 102546 1.005734360089552
4 18 29 24 103361 1.03609827108592
18 3 8 12 55085 1.0978876298166327
25 11 11 13 42394 1.0239563248020085
14 7 1 22 88208 1.0595383567012422
24 4 5 9 79086 1.050297320752826
20 1 15 19 74849 0.9206291623458828
25 10 2 23 101093 0.918088509139666
0 29 25 5 148875 1.0030813974817232
22 13 10 29 95000 1.0836401411238066
16 0 9 12 62084 1.011399943452278
26 4 7 4 65496 1.0129959290361379
9 8 4 29 87510 0.9848528290132929
8 16 1 5 59186 0.9180772633368873
27 24 8 7 103351 0.9850820350514775
15 25 0 16 85903 1.0668835043711429
9 25 29 29 87310 1.0304300520733563
25 2 17 6 41524 0.9899739983526408
13 3 27 7 60469 1.0127121642325199
9 24 5 1 97408 0.9386479816754467
0 22 28 2 141343 1.0475910785292024
8 18 15 27 46906 0.9653410012536394
25 9 1 17 84872 1.033467806824102
17 6 10 25 98755 0.9620332454595671
22 26 19 5 76647 1.0954654907133583
5 16 14 9 48593 0.9402642171969231
27 11 10 12 52498 0.9973635063859491
2 21 16 10 71048 0.9101497027144065
9 2 16 23 96681 1.0132338055970282
10 21 5 26 36264 1.0144943746254897
20 1 5 26 126777 0.913520479496065
13 10 28 1 80291 1.0545013872893754
20 7 16 13 32396 0.9731884076767486
13 21 28 21 56340 1.0197878297906162
5 3 22 10 75474 1.096962498393709
5 26 27 29 87844 0.9284887171168303
4 5 23 24 107489 0.9667364991565001
23 22 8 13 73553 0.9062246784762362
18 19 14 26 38195 1.042729446820941
27 9 0 26 137137 1.0710911003347143
8 0 26 10 89168 0.931719129964686
2 26 29 21 111882 1.0645404229548936
24 1 15 21 96159 1.0644789543250603
27 18 25 0 67353 1.0409804914357306
3 3 16 15 68167 1.0720351278025149
26 24 24 2 79986 1.0894279361111707
28 10 7 20 96302 0.9819347991074373
11 20 2 9 74115 0.9723922608069571
7 7 29 21 97689 0.9484681605529858
26 24 19 27 35440 0.9362019054821058
20 10 16 19 49208 1.07498460143644
21 20 2 15 77273 0.9858567421410023
12 27 14 12 68044 1.0987376822407147
24 2 7 3 76108 1.0418548857012428
17 24 0 12 91653 1.0527431655012043
12 28 20 7 100118 0.9567918557554186
22 15 7 29 89350 1.0468838735653243
14 12 20 16 33243 0.9318636139350001
21 1 6 26 115465 0.9105219608883793
20 13 19 23 39248 1.0761640469484453
29 15 12 20 77192 0.9350962779516322
0 1 12 0 54269 1.0585902536007785
21 15 14 11 30174 0.9240515843060139
7 28 13 14 65809 1.087054054107601
1 21 26 10 100857 0.9016665189247772
27 20 8 4 102689 1.0343678165907406
17 12 7 23 63860 1.0726595020487644
10 23 1 14 59263 0.9458582078579814
16 20 27 14 64508 1.0564729432431665
13 26 6 3 100968 1.028320368127571
14 19 0 11 63532 0.9363567882607957
24 1 1 1 108172 1.0960381034822233
22 24 15 29 38556 0.9950831270501838
9 26 1 20 50915 0.9903169548250841
17 17 4 25 80105 1.0591709750389902
14 17 29 19 69770 0.927211421478973
29 4 0 0 110376 1.0245657827542838
25 0 5 14 93950 1.0680857103081933
12 29 8 1 111011 1.0274395612062732
14 25 0 24 59075 0.9836608371214314
24 24 5 5 114958 0.9341481578523798
0 24 14 4 110473 1.0226956532567488
7 1 25 27 132112 1.0917034060413615
16 6 10 0 44575 1.0567445388638537
17 26 26 29 43748 0.921350885200129
28 3 5 18 112508 1.0629469705704877
1 2 27 13 97977 0.9286173968741273
29 26 16 4 105608 0.9697627672349134
21 7 20 21 44172 0.9667607777101767
10 27 9 12 59210 1.0307762889377594
8 24 11 4 75717 0.9092702427620344
7 0 29 24 131839 0.9976346898942405
20 19 18 2 64713 1.0450691056035823
8 13 21 2 65217 0.9609216375390865
3 13 2 23 38123 0.9946886189426613
4 24 25 13 102912 1.0912807587822952
12 18 15 26 43696 1.0179750265473453
28 23 28 5 69954 1.0572298278827683
2 13 22 17 74377 0.9571493654153567
6 10 17 8 46415 1.045225970411884
17 8 0 9 66256 0.9438991912455141
17 27 8 11 77151 1.0496230040469596
21 20 11 14 54980 0.9259986511369787
20 24 0 26 87982 1.0096764041005604
7 21 29 18 90116 1.0282509670992892
23 1 1 9 94665 0.9221633751062119
22 2 17 23 80871 1.0820227372052749
1 28 6 0 113540 1.050561596254333
14 13 4 10 33158 0.9398863463381392
28 25 25 10 62253 0.9042136040883477
3 28 24 12 110486 1.0977413914220127
26 24 10 19 76869 0.9848101061430523
15 2 25 27 108798 1.0375466233706079
26 27 1 0 147767 1.0160617853711016
21 23 17 17 34181 0.9983290527307067
24 7 21 29 79376 1.024890832717572
10 23 25 10 83348 1.0764655115802748
29 14 28 27 50225 0.9918661417803684
24 29 6 0 141674 0.9199752008223697
27 13 8 9 57379 0.9481618778895153
2 3 18 3 62033 1.0586833815939238
12 21 10 13 49728 0.9175621626819771
2 9 28 0 109494 0.9350325524023148
25 10 6 2 85088 0.9871206619622067
23 24 28 11 59677 1.0316403786016983
21 0 16 6 41232 1.0868361179808164
3 17 2 2 48195 1.0021746872596442
17 18 26 12 46135 0.9169150985683764
5 0 28 19 122229 1.0143142186387188
22 11 17 1 44422 0.9810764930456533
24 26 14 17 66865 1.0009439944811491
27 7 4 9 81522 0.9715114340078805
23 8 12 16 59453 0.9066696428431091
14 24 29 26 65100 0.9334534168449087
17 4 27 14 57964 1.0908748035004312
21 23 10 5 93839 0.933101537232072
20 24 5 2 119051 1.0609444345438837
20 3 18 16 49137 0.998347192124064
29 0 1 29 168381 1.0183926317010346
14 25 6 4 93390 0.9598544849228515
23 0 12 24 112757 1.0022070150230393
6 29 21 17 82951 1.090925366240108
20 0 9 21 107530 0.9710716047333967
29 1 13 26 130265 0.951641139444078
10 0 17 17 85865 0.959715713165849
23 9 13 26 90681 0.9385811770189331
5 23 18 19 57040 0.9718171609564044
0 17 17 18 75489 1.0688243131889075
5 26 5 7 85802 0.9781249805632299
6 4 3 16 42779 0.9150367642725075
7 5 17 15 59709 1.0833217813982634
29 14 8 22 92189 0.9222486383405358
13 3 0 26 123523 1.063067750025608
4 12 23 18 76882 0.9049600232864768
17 7 20 21 55508 0.9462521714743628
25 24 29 16 38831 1.0961673436517427
28 10 9 11 59474 1.0253004338636211
18 23 12 17 49519 0.961675738688076
11 8 1 7 47895 0.9027971495204146
8 2 21 1 62976 1.0651968911628908
13 13 13 26 58380 1.009060840655186
22 10 28 20 50079 1.097963400437703
28 1 12 11 77566 0.9130909801212942
8 18 22 13 60321 1.0738058027898343
15 17 0 6 84287 1.0688779555595345
20 25 21 13 40308 1.0410240261962322
13 12 11 22 55125 1.0209801875999454
24 9 25 24 54093 1.055200907998954
1 18 24 11 82941 0.9465991004203894
26 6 10 20 104219 1.0077229756055937
16 17 0 8 80067 0.9255972372866199
28 1 22 16 70111 0.9898448038025148
3 17 24 4 85392 1.0839899536655513
25 16 15 7 54626 1.0389565240444778
17 27 7 15 67800 1.0784645779787072
25 27 4 14 108277 0.962379975055465
16 28 20 19 50666 0.9070990018123232
1 6 6 23 83970 1.0698146907566837
28 20 10 3 111525 1.0460850576646448
18 13 27 16 40959 0.9736622106868016
6 6 29 4 87174 0.9979005846264885
26 4 15 17 67520 0.9802394551142606
26 19 3 12 86048 1.045805235886251
2 20 14 0 105151 0.9729301554644678
25 24 5 0 132016 1.0760789212139945
8 14 1 1 62915 0.9364228726411222
18 21 26 25 35930 0.9843667712487022
26 19 18 16 46528 1.057499874578772
5 26 15 7 91818 1.0457573160135145
6 17 24 18 82532 0.9441595137340747
6 25 11 9 71738 0.9976693441421346
21 9 25 0 38735 0.9581817200381595
10 22 23 26 58368 1.0539256032473332
21 0 12 27 112682 0.9458030217706889
14 0 13 28 114638 1.0214043414420282
10 10 9 22 52766 0.9647913600490242
25 23 20 6 67270 0.9441556024095249
19 23 9 21 41728 1.0466469949503914
10 14 28 22 90761 0.9150118344513497
9 29 25 27 68647 1.0376657753090273
5 2 29 9 106655 0.9284897176754346
18 27 10 22 44795 0.9073532203843332
11 13 16 18 35431 1.0674548309399978
5 28 17 1 125172 1.005190667027328
5 9 24 14 68257 1.0881067822891415
9 5 21 18 77955 0.9000606492118953
8 22 24 19 65186 0.9353372601018812
20 10 28 5 49405 0.925285362333725
20 15 26 11 26854 1.032025418020125
17 4 29 6 47118 0.9157574078662877
14 27 8 1 104263 0.9609641089564059
2 13 16 4 62513 1.0429026710047478
5 21 16 16 64912 0.9195211435986012
28 1 22 17 75621 0.9788814062258958
29 4 10 10 75238 1.0570427417830204
15 29 16 16 54319 0.9519615432740836
0 10 0 0 58643 1.0289292873829288
20 11 23 22 42737 0.9792758926110441
3 2 15 15 69325 0.9851905294454557
13 2 1 20 100490 0.945940500566743
28 7 19 4 37494 0.9397352016682805
14 2 3 7 54211 1.0992805773951244
28 17 16 13 48441 0.914683077626477
15 10 27 8 51063 0.995735001328383
22 15 27 27 57097 1.0880811229982699
24 4 1 29 141232 0.9712690661362332
7 23 25 18 76517 0.9948034621090605
15 20 29 22 56220 0.9030047539292413
6 8 23 4 73510 1.0208222645017315
22 17 12 17 57948 0.9952924151203633
27 2 21 24 85238 1.0427274879886073
21 21 9 11 59976 1.0981558416334825
14 29 21 17 61902 1.0285122917456755
26 0 1 11 94058 1.055574239805413
21 8 28 25 74897 1.087789099637889
25 19 20 9 46357 0.9182033710596804
9 7 29 7 88116 0.9283816955919257
14 19 25 6 75083 1.0885583480266061
5 15 3 0 52095 1.046127927653192
7 13 17 27 71915 1.0838938459821181
26 11 21 21 43322 0.9617183842559285
19 7 7 12 47609 0.949470595565726
25 18 3 17 84683 1.0342272603539446
12 20 23 2 95451 1.0717646813668011
26 21 12 2 106602 1.0671716120829862
13 18 14 8 50074 0.9511011518397491
9 1 17 26 119822 0.9818415216310834
17 25 1 23 62636 0.9333870359575034
5 29 14 26 44542 1.035676402239843
19 1 0 9 94073 0.9918175582931827
20 17 15 9 44346 1.0576387542477776
21 19 17 6 52912 0.9189141096248055
3 21 14 7 75306 0.9989094103299234
19 8 12 20 67417 1.0586841400594504
10 28 24 27 56003 0.9448688125872643
7 16 22 6 70923 0.9297870738480745
14 1 4 22 108037 1.098704632915587
1 9 29 19 100828 0.9162768673958914
0 23 22 18 87207 1.0499029186774036
22 5 3 21 97207 0.980954043176005
16 15 11 23 45488 1.086835708503892
3 11 29 5 89112 1.0439796857425714
13 20 10 7 70035 1.0203840010628256
22 10 9 11 35112 1.0208944797975545
2 28 28 29 98218 1.0164851770744985
0 27 23 9 122807 0.9943016784624636
12 20 25 29 74511 0.9076696134938541
13 20 22 0 91843 0.9708306639162656
22 26 7 21 61291 1.0490069821707866
8 19 25 20 73587 0.9711777312389801
24 6 25 24 66962 0.9499680521226318
16 4 12 19 72564 1.0205992427782502
27 0 4 5 95846 0.9414897137916559
5 8 21 19 79107 0.9433777980402862
9 27 19 1 119817 0.9534610045204253
25 2 0 28 150237 0.9362052914286464
25 27 1 16 120659 1.0430992901567744
26 10 7 22 90934 0.9821543534091753
2 26 1 6 91392 0.9594771898920476
9 23 15 12 57093 1.0142860852950308
3 29 15 16 83958 0.9097836366299266
17 23 15 4 76326 1.0765706645886737
24 7 18 17 52683 0.9201977792063472
5 27 23 23 67961 1.0967702084608002
7 24 21 8 85865 1.06200603771493
19 27 16 8 82299 1.0763151808940161
23 6 21 15 33594 1.0679850420525476
19 23 3 19 69251 1.0115431833220474
8 0 10 29 106557 0.9512454883243465
17 16 5 21 65647 0.9568832791433373
7 17 17 12 45602 0.9278272340837947
4 3 0 24 85759 1.0226909301807565
6 2 29 4 87702 1.0187776524954728
29 8 14 23 88284 1.0556290632943803
21 14 16 25 54887 1.0919523567294238
9 19 23 27 76703 0.9291947800523249
25 4 20 18 58463 0.9635178210844005
28 24 15 9 81159 1.002284206262819
0 6 24 10 91830 0.9933151789676213
2 28 18 10 99915 0.9698023678381689
6 19 2 27 46104 1.0993420651009984
13 29 26 4 118862 0.9754089796222501
26 3 20 27 91361 0.9480748972668293
17 29 8 12 81886 1.084475028025068
22 12 12 1 67256 0.9371371335963797
21 0 7 8 74651 0.9206778099579033
21 19 0 26 95834 1.0402654536702935
26 17 21 25 42804 0.9562155952747918
18 14 27 3 56930 0.9538639988472115
22 10 13 24 72885 0.9578850243100286
6 3 19 1 66495 1.0971319960421257
17 15 6 18 46047 0.9267889646791586
20 26 7 5 107404 0.9438765586930965
19 11 24 26 62862 0.9224318739435845
20 2 13 22 90610 0.9889617793512724
24 2 24 15 47146 1.0074865957776946
28 27 20 5 94753 1.073332831743438
29 24 1 12 108140 0.9541031307630566
3 11 23 22 81337 0.9804763994093693
27 18 1 24 108359 0.9051257652402366
27 24 13 18 71084 0.9524289939691273
24 26 18 17 51648 0.9946429492939214
11 25 26 10 92307 0.9028035893685648
20 10 1 22 89042 0.9055034357172413
17 13 15 4 36901 0.9524421680532097
21 21 6 2 99568 1.027657902015721
5 22 22 3 110337 0.9010841387541335
27 15 9 13 60363 0.9990133792983187
4 12 13 20 60302 1.0401784160040246
27 8 18 3 45733 1.0638322124453077
0 13 27 27 122017 1.0757697638978878
6 2 28 26 139288 1.0133293979398954
11 26 2 16 71763 0.9575377764892726
26 14 5 16 77878 0.9290232437176208
2 7 11 28 93026 0.967876867452071
25 2 18 10 47111 1.0669616926605103
28 23 18 9 66476 1.0514220965673209
3 26 23 29 82459 0.9340909111456043
18 29 27 6 103945 0.9478716392499628
25 13 23 27 57551 1.0262390095919163
21 8 27 3 32601 1.014060312059393
29 22 18 10 62328 1.0779226984093633
10 0 18 8 58889 1.0585587523514255
28 26 1 2 149394 0.918868437970852
1 29 10 17 72323 1.0607569397025316
26 13 3 1 89533 1.0257357125492406
26 12 20 17 31752 1.0047683189408785
14 1 6 8 56170 0.9754638879231072
6 1 22 18 101003 1.043496222081066
3 9 20 29 109627 1.0167065686762593
19 19 9 19 59936 0.9085996517797769
24 20 21 29 35412 0.9674298186858138
19 15 26 11 29398 1.0908222341742733
6 21 24 1 119871 0.9464818161129278
17 23 18 11 48972 1.0597133111744328
15 10 7 26 73285 1.0302209890582645
3 16 15 19 56246 0.9650663151286424
22 9 18 25 65374 1.0040310543359618
6 24 17 16 67016 0.9538387610213317
19 20 2 28 80867 1.0938854806330778
11 26 25 1 123429 1.0830413418737712
18 11 13 17 36919 0.9816043095064996
25 23 22 8 59609 0.9259564849355794
23 4 3 25 116956 1.0049985906332422
3 22 11 16 58401 0.9044529458860519
13 24 25 12 72930 1.0842513777057268
10 29 28 27 77232 0.9530421242194796
2 11 17 14 45091 1.027875709527598
19 2 2 7 75316 1.0218097228129739
6 29 17 15 77182 1.0276994655039378
14 17 0 25 81716 0.9970904964402635
25 23 14 8 79856 0.9195198328665716
5 19 22 2 102223 0.9703909085872486
20 4 10 28 114564 0.9640066681899326
28 6 16 21 87468 0.9951262048807445
3 28 12 13 75282 0.9787155173179316
0 4 26 15 100708 1.083532193319195
16 1 5 25 118334 1.0379350997037033
8 11 4 0 51987 0.9027144439815704
17 18 13 11 35945 0.9848789225334789
29 23 10 29 89016 0.9188108716840504
8 25 27 24 74022 1.0808508876133858
12 26 12 10 83844 0.9197787748752021
26 24 3 1 127121 0.9421587066794928
19 18 9 12 56873 0.9453297792943051
24 20 11 2 108926 0.9405202633379822
7 8 23 29 106682 0.9489887107588941
14 14 22 7 40949 1.0190305385668732
24 14 7 28 101472 1.0809634707153388
22 15 20 2 44732 1.0876224038598283
15 16 12 9 40874 1.049308394039616
22 24 17 10 55496 0.9742391862334161
29 25 14 9 90289 1.0715707525060227
1 25 23 19 97635 1.0763964342743468
29 14 19 4 55215 0.903429678335241
3 15 28 29 123439 0.9965047133161542
18 29 12 17 68742 1.0081169501183915
13 14 0 6 70289 1.0312398092632256
13 9 5 28 86253 1.0128835437456483
16 4 4 2 50618 1.051905581734884
12 27 17 2 110034 0.94201401370639
25 28 11 15 84592 1.0318616102456828
20 26 5 12 93842 0.9307397942261924
22 27 18 3 80492 1.0367043860493945
22 25 5 16 85445 0.9909171414479063
29 27 11 12 99587 1.0091774803665763
27 3 13 29 126534 1.0892003864433815
5 13 25 20 82793 1.0773564300468925
17 13 2 24 84710 1.008629066095394
4 16 27 15 78568 1.0612925825665553
4 12 20 18 70422 0.9040378917065318
14 22 22 3 84403 1.0367963984195407
4 27 2 6 87654 1.0850143739807623
18 25 3 10 91778 1.0870736891339674
26 10 9 5 74494 0.9359432348212553
27 28 28 0 108133 1.0431647682339182
11 24 17 1 106353 1.0631141960919201
11 0 21 3 48909 0.9937118115506083
23 13 15 26 66680 0.9070493906826211
0 18 20 19 103179 1.0050804013098973
11 28 21 1 117987 0.9237415572186507
1 6 28 3 105041 0.9785425746503662
16 16 4 6 67244 0.9524069795470022
22 26 13 29 41885 0.9950114617764526
10 7 17 27 97528 1.086655607326076
15 15 4 25 72334 0.9940441138416494
9 3 29 13 88499 1.0248280619986074
0 25 0 10 74597 1.012010448647206
15 16 27 0 82947 0.9253486022974533
23 21 16 29 47177 1.0207239179163983
23 14 6 4 75509 0.9564052638006707
16 3 25 10 48945 1.0568847890138666
15 0 24 23 99033 1.0414582910166577
14 17 26 24 62811 1.0541350978096407
27 15 17 19 49693 1.0921124719863238
4 24 9 5 84059 1.0486420531242955
20 5 29 24 84423 1.0016401448998644
24 1 20 23 86058 0.9757797947354827
11 6 24 4 56074 0.9533278846136557
6 19 24 3 99912 1.0051803655264644
16 1 23 21 84311 0.9990021306974108
2 23 21 15 87257 0.978299629266925
14 29 19 10 83660 1.088067192297095
4 15 25 0 98623 0.9494933750555423
29 10 5 20 105248 1.042616123076998
4 13 6 0 56635 1.0681904611702184
24 21 6 3 104097 0.996938295429149
23 24 22 11 44853 1.0638786131198334
20 12 28 20 49042 0.9267488047358151
22 28 1 6 125525 0.9384040700795554
22 8 1 22 98212 0.926272109517529
15 24 15 0 90455 0.9359515302140617
28 2 16 29 124143 1.003550801855544
27 25 20 21 34285 1.0261327936647222
29 3 7 18 107048 0.9756782769082026
17 17 0 22 89115 1.0611633422962514
23 26 15 29 37456 0.992322769257596
2 13 24 11 61082 0.9016655470389726
23 4 14 7 42886 0.9147484515164984
8 2 28 4 76671 1.0872380617571191
28 29 22 9 86718 1.0274498704505899
23 0 13 28 123805 0.9018177715041819
27 25 8 11 94035 0.9025719173666614
7 5 0 26 98525 0.962248126600712
7 23 15 21 33743 1.0256649425519968
20 9 27 23 63058 0.967460522161934
28 3 18 7 46650 1.0711272495784434
22 4 3 19 88136 1.0906456700508091
11 10 25 8 53341 1.072354022276436
5 15 18 6 61009 1.025061488843094
29 22 2 19 109086 0.9544826070651746
27 22 11 3 116232 0.9854412735726966
20 8 18 17 43770 0.9166939795657207
6 29 23 28 67646 1.0574807158798971
2 10 15 10 36869 0.967318989046633
13 0 6 8 55403 1.0713984096918538
11 19 27 29 94169 0.9249733019766069
14 6 16 19 56766 0.9112441726979409
25 29 6 17 97382 1.086649616349801
6 16 20 1 87655 1.096952121602856
26 25 8 27 74255 1.0059977850205024
4 15 12 26 68544 0.9106457389530572
0 28 21 17 100550 1.0755071098378606
12 18 28 16 67940 0.97971679786557
15 27 6 25 37062 1.0873527208580547
18 18 8 21 52110 1.0251424595278644
25 23 11 2 113588 0.9333473585945928
20 3 6 27 111133 1.0342769762651396
3 0 9 25 97613 1.024271948407872
27 3 3 5 85284 1.0882202483741887
7 16 24 23 76124 1.0897366685630363
28 20 21 13 41308 1.0449523456997012
5 11 20 28 92877 0.9900371868374076
0 21 17 15 76285 0.9575366142779377
29 0 0 14 119225 1.050506988443698
0 24 2 13 54904 0.9388103952083012
16 13 13 29 69216 0.9311484821894345
3 27 3 9 65981 0.9124943911157153
23 27 26 11 66065 0.9136030011374418
21 1 25 7 27221 0.9589833323679222
27 27 13 5 111253 1.0091452266653032
15 26 0 26 63791 0.928275024172242
27 18 22 26 43972 0.9740166604333642
9 8 17 24 86337 0.9276752063085232
27 4 7 17 93044 0.9205594036453476
25 2 23 26 89860 1.0732336783170973
18 2 7 11 55389 0.9582688361080205
20 1 26 11 47822 0.9268855965900753
17 9 0 17 73834 0.9700162023591039
6 9 10 3 36395 1.073004808364373
26 22 1 26 102387 0.9938706509026692
20 13 3 17 62550 0.9052704353045202
25 7 9 3 69681 1.090763655323919
20 17 9 13 50174 0.9842311487594486
3 24 1 14 46751 1.0976391961336966
9 8 19 13 49034 1.0810906282354864
3 20 11 28 53965 1.0327337126975604
3 28 18 20 72129 1.043829684468488
15 16 7 9 43767 0.9543380777908861
2 14 19 4 75136 0.9542032684626955
19 11 12 2 54828 1.0648224276154894
8 3 7 24 73057 0.9049984924472637
6 16 25 10 70472 1.0474286872436056
18 2 18 23 73942 1.034059702745327
6 29 26 16 107015 1.001204727342162
27 11 9 21 90740 0.961375707835771
25 26 22 7 74289 0.93739338020121
18 25 8 11 79244 1.09816425473004
17 24 4 18 64506 1.0808888092118276
19 2 22 26 82837 0.9132893774284148
27 2 19 29 113135 0.9392022106654658
2 20 6 3 70384 0.9047665817667508
4 8 26 22 101654 1.0296703321709417
17 21 12 0 97481 0.9739913385058423
20 13 28 10 35030 0.9732150225057408
0 5 23 5 88319 1.0139988327425784
27 11 17 21 58543 0.9183801111011517
20 23 24 6 65817 0.9716351964245153
11 0 3 24 107543 0.9194456596769246
2 17 8 29 64594 0.9066083163378653
8 17 27 0 103247 0.9370094991772073
15 25 6 12 70204 0.9305159883077587
19 5 6 1 67025 1.0712280985157814
25 15 20 29 62059 0.9221449013618058
25 7 11 12 57499 0.9599076772573467
18 28 8 29 40199 0.9909440814224227
8 29 17 24 48709 1.05834254235357
27 16 21 5 52979 0.9301780452224045
22 29 25 6 84739 1.0841940606227252
8 20 29 18 87635 0.9224285461581399
11 10 28 1 86782 0.9938276101953877
10 1 2 28 117188 1.01416256352331
28 24 20 14 57979 0.9087898581389807
25 25 4 21 87977 0.996429066973819
11 21 24 20 53216 1.0077487111841696
0 19 23 11 86245 1.0329955222876437
8 8 25 25 97532 1.03736505988987
21 14 25 5 37810 0.9211339558126905
12 6 26 23 101073 0.970313858568528
23 19 13 8 72834 0.9875721779315275
9 22 11 8 66364 1.0810270401209827
5 2 9 28 101434 0.982297309091404
5 29 20 7 113970 1.0771163725740136
2 13 13 18 54776 0.9828148332489817
9 2 0 18 83021 1.0221198740231088
8 15 27 16 66718 0.9091961240044161
7 18 6 6 49575 1.0519974614684315
21 15 29 17 30824 1.0110299119815287
14 6 16 28 89184 1.072864062062053
26 0 21 14 58472 1.0063743039568869
12 7 21 3 49008 1.0230009835274396
9 11 6 4 31582 1.0960017160815336
10 5 4 24 87604 1.0104739481481795
5 11 18 14 39970 1.069430187488364
7 8 26 1 88830 1.0689624029800255
3 4 24 2 83050 1.008929983808288
9 19 29 13 90428 1.008587321003728
3 5 15 11 46550 1.0211607640674245
19 14 23 25 49353 0.9394144157652994
10 4 12 27 98836 1.0946304532296935
9 24 26 9 99972 1.0655307718621891
12 27 6 17 55272 0.9258699214688416
20 28 6 5 113433 0.9069304633097718
26 2 24 21 70610 0.9022070638441043
6 21 23 17 82271 0.9081866098265651
10 8 3 25 79005 1.005278365471282
13 26 11 1 114996 1.0208472413312604
4 15 9 20 40091 1.086557417513236
14 25 6 19 42914 1.0052979619632292
14 6 13 18 56791 1.019323376074601
21 20 15 2 74542 0.9490785141158795
20 7 10 8 47466 1.061113553490358
23 23 12 3 96339 0.9014730894652546
29 27 16 21 59346 0.9247905342397199
12 7 23 25 92049 1.087734897657669
9 27 12 17 55615 0.9712399867190966
9 16 11 5 54911 1.0968316648443106
4 22 2 6 66945 0.9286742107160868
21 17 5 0 99269 0.9741861601047893
10 24 21 25 48281 0.9627594189313498
8 23 17 12 59269 1.064487131600461
28 26 23 19 45683 0.9830550093347984
15 16 14 2 58743 1.0745467336906802
26 25 7 26 79447 1.0133511510917557
28 12 5 5 85118 1.081543872891003
5 3 1 9 37051 0.9412568408636092
24 21 3 0 115372 0.9452551800750366
0 25 27 3 143648 0.9988686007594201
