2073 1979 2312 2849 2882 3177 2087 3145 2984 2778 2611 2553 2356 2074 3139 2345 2036 2041 2825 2451 2125 2845 2986 2665 3256 3296 3205 2973 2742
5266 6019 5086 6189 5545 5987 6164 5552 5243 6154 6238 5402 5367 5055 5905 5873 5574 5651 5816 5671 5027 6107 5928 6051 6147 5297 5428 5346 5779
6127 5951 6243 6198 6855 6124 6663 5614 5792 6076 5982 6484 5986 6571 6659 5994 6106 6291 6786 5987 6067 5764 5920 5837 6737 6914 5906 6809 6497
7894 8482 8143 8504 7404 7946 8121 8195 7896 7364 8289 8505 8325 7949 7541 7403 8443 7397 7360 7871 7664 7446 7397 7928 7839 7914 8208 8623 8498
3122 4121 3077 3432 3732 3543 3506 3906 3016 4004 2993 3878 2865 3046 3934 2993 4006 2872 3002 3632 3470 2996 2853 3209 3318 3088 3724 2979 3145
5909 6623 6420 6929 5913 6340 6916 6685 5935 6520 5911 5905 6256 6519 6768 5884 6577 6446 7089 6714 5910 6500 7008 6245 6734 6825 6281 6805 6976
1320 2085 1168 2226 2208 1376 2350 2229 2023 1703 1936 1802 1782 1912 2168 2452 1583 1456 1514 2156 1946 2337 2196 1394 2372 1399 1801 1804 2072
7834 7182 6492 6844 7180 7807 7195 7789 6468 7717 7039 7219 7776 6963 6786 7249 7149 7599 6524 6873 7403 7069 7602 6968 7400 7786 6578 6849 7704
4210 3374 4433 4212 4158 3750 4111 3482 3411 3163 3563 3946 3412 3164 3120 4291 3667 3604 4426 4406 3106 4094 3840 4322 3562 3754 4166 4175 4172
2447 1339 2365 1487 1857 1470 2030 1369 1959 2488 2075 1583 1593 1866 2157 1205 1357 1624 2260 1586 1395 1249 1669 1634 1544 1527 1719 1390 1730
4224 3977 4555 4324 3977 4375 4632 4809 4865 4925 4631 4298 4358 5063 3814 4483 4086 4227 4526 3807 4129 5007 3790 4569 4452 4822 3904 4815 4885
5417 5232 4876 6146 4852 5952 5679 5212 6172 5345 5528 5379 5779 5649 5187 5057 5859 4933 5651 5762 4876 5634 5346 5733 5823 5366 6121 5190 5893
4608 4560 4690 4030 5043 5033 5027 4235 5087 4171 4253 3847 4433 4384 3892 3763 4316 4687 4828 4452 4234 4776 4941 4593 5053 3924 4080 4363 4761
2108 2817 2920 1943 1638 2431 2280 1990 2969 2944 2186 2131 2451 2949 2332 2405 2823 2428 2888 1969 1945 1682 1773 2804 2121 2738 2929 2131 1640
8335 8580 8228 7748 8405 7799 8378 7856 8661 8274 8672 8514 8273 7908 8134 8300 8725 7431 8030 8226 7706 8410 7764 7727 8446 8594 8412 8080 7739
2873 3472 3107 3109 3312 3625 2897 2949 3000 2448 2966 2837 2357 3525 3268 2655 3082 3494 2590 3015 3143 3091 3271 2606 3111 3324 2910 3292 2963
2355 2376 3012 3034 3244 2458 3391 2844 3387 2771 2868 3119 3307 2295 2351 2424 2593 3430 3534 2350 3100 3071 3064 2539 2418 3392 2723 2328 3110
3605 4614 4424 4472 3971 4828 4010 4071 4677 4197 4034 3760 4248 4864 4686 4211 3609 4717 3907 4401 4823 3608 4379 4501 3559 4761 4705 3738 4850
6523 6883 7434 7114 7446 7140 7474 7248 7015 6333 7320 6663 7057 7399 7334 7282 7314 6977 7238 7580 7394 7599 7176 7024 7203 6934 7621 7411 6517
6255 6415 6967 6833 6371 6900 6551 6710 7278 7243 6589 6484 7195 6870 6218 6233 6165 7338 7335 6729 6557 6646 6706 6703 6813 7152 6904 6702 7169
7671 8449 8525 7542 7859 7447 8566 8399 7888 7584 7447 7431 8363 8088 7762 8041 8631 8017 7858 8237 8760 7880 8237 8728 7719 7447 8423 8396 8336
6482 6792 6702 6335 6885 6435 6826 5871 6502 6884 5882 5909 6492 6172 6328 5895 6197 6308 6105 6574 6943 6204 6174 5928 7067 6692 6597 6334 6985
5848 6140 6089 5878 6083 6808 6070 5861 5933 5788 6469 6887 5991 5666 6697 5827 6652 5981 6409 6402 6267 6729 6259 5992 6338 6184 6347 6375 5908
7900 8007 7273 8376 7299 7254 7569 8306 7100 7531 8323 8058 8225 7950 7961 7520 7196 7628 7670 8399 7110 7120 7141 8133 8219 7505 7913 8362 7570
7919 7998 8186 7936 7472 8650 8043 7815 7676 7526 7941 8549 7392 8584 8449 8267 7954 8522 8450 8557 8425 7433 8439 7670 7624 8179 7497 8036 8648
5942 5595 5775 6481 5306 5264 5500 6060 6401 6389 6160 6425 5621 5932 6582 5554 5492 6189 5928 5589 5536 5339 6505 6281 6441 5875 5321 6515 5620
5306 5786 5735 5814 5105 4738 5075 4828 4901 5260 5548 4927 5001 5000 5747 5837 4696 4819 5831 5892 5329 4923 4707 5199 5900 4834 5143 5173 5419
2242 1833 2294 2223 1798 1582 2492 2478 1638 1535 1646 2150 1545 1895 2471 1383 2103 1336 1315 2081 2098 1924 1649 2275 2415 1559 2088 1921 2209
3094 4054 3565 3863 4112 2949 3661 4173 3862 4209 4191 4145 3795 3806 3217 3685 4091 3009 3584 3210 3240 3805 3021 3965 3563 3102 4269 2995 4150
5868 6287 6067 6578 6472 6119 5990 5763 6546 6066 5876 6387 5761 5685 6309 6108 6114 5618 6590 6668 6295 5620 6402 6841 6403 6049 6729 6759 6740
4574 5713 2598 5348 3074 7045 2771 5321 3547 3650 3368 6878 3251 7152 8297 3947 2857 2860 5668 3828 4362 1827 8080 3800 6142 8202 2977 2865 6304 4212
4998 5891 3691 5391 2746 6144 2924 5746 3289 3156 2854 5986 3595 7396 8565 3255 2177 3700 5675 3476 5266 2541 7607 4514 5725 8248 4017 3090 6235 4118
5599 6324 3114 5339 2149 6486 2825 4824 3512 2756 2425 6988 3410 7641 8422 3209 3054 2919 5293 3990 4709 1814 7570 4479 5540 7813 2956 2867 5267 4950
4639 6382 3032 5144 1970 6147 2461 5084 3360 2816 2493 6622 4176 7729 7816 3708 3061 2831 4617 3950 5198 2004 7977 4780 6055 8430 3991 1777 5377 4306
5568 5517 3498 5076 2470 6232 3227 5628 3367 2497 3189 7166 3906 7413 7474 4004 2138 3523 5175 3015 4468 1872 8589 4835 5856 7943 3601 2966 5817 4583
4675 6763 3229 5129 2698 6971 2212 5558 3237 2980 3212 6460 3649 6842 8296 3528 2818 2550 4830 3439 5502 1867 7988 4732 6021 8275 2809 2755 5729 4144
5178 6107 3206 5727 2729 5870 3253 5046 4030 3626 3277 5975 3282 7336 7489 3821 3129 2893 5325 3790 4374 2462 8222 5009 5761 8078 3350 2917 6290 5246
5005 5691 3663 5371 3272 5890 3233 5810 4292 2994 3282 6732 4156 7593 8351 3718 3075 3534 5253 3116 4287 1627 8159 3912 5720 7607 3357 2386 5659 4767
5609 6425 3253 6267 2960 5863 2615 4832 3926 3260 2955 6311 3885 7660 8429 3735 3265 2923 5237 3201 4584 1369 8004 4897 6303 8786 3827 2446 5401 4880
5535 5616 3244 6376 2262 5983 2709 5427 3259 3133 3002 6730 3202 6731 7611 4012 2156 2926 4875 3040 5058 2275 8671 4693 5483 8429 3119 2492 5975 4793
4795 5924 3897 6179 3110 6890 3076 4778 4258 2812 2253 6870 3992 7892 8702 3889 2688 2726 4757 3658 5174 2020 8145 4628 5491 7676 3713 2730 5407 4848
5599 6778 2925 5871 3159 6771 2758 4613 3613 2666 2852 6740 4113 7999 8548 3558 1992 2623 4575 4023 4913 2547 8165 3873 5842 8203 2867 2180 6179 4127
5756 6111 2745 5486 3094 6203 2990 5048 3602 2972 2378 6172 3442 7927 8247 3242 2246 3670 5207 3694 5600 2266 8695 4004 5904 8344 4072 2738 6300 4884
4849 6564 3668 5359 2613 6699 2713 5818 3465 3276 3325 5954 3747 6891 7954 3440 2578 3744 5756 3228 5214 1554 8090 4775 5700 8097 2777 2923 5836 4633
5034 6030 3660 5142 2089 5886 2908 5649 3888 2573 2807 6951 4024 7944 7570 3404 2108 3224 5305 3222 4717 1811 7968 4927 6322 7502 3991 1948 5621 4419
5331 5609 3040 5901 2216 5864 3342 5058 4150 2490 2542 5948 4052 7975 8124 3370 2749 3045 4967 3457 4493 1740 8320 4907 5801 7493 3005 1955 5971 4872
5486 6298 3486 5470 2120 6706 2506 4861 3957 3326 2489 6660 3360 7542 8799 3874 1991 2851 5472 3502 4285 1393 7904 4438 6555 7840 3308 2344 5300 4200
5494 6254 3168 5519 2257 6580 2447 5167 3394 3537 2185 5905 3492 6772 7968 3579 2183 3650 5443 4018 5242 1559 8717 4626 5626 8617 2737 1818 5310 4221
4903 6803 2591 5797 2632 6936 3215 5752 4343 3802 3154 7142 4254 7533 8207 3510 2231 3597 5150 3276 5095 1671 8187 4012 6577 7846 3981 2975 5287 4514
4730 6563 2823 5569 3093 6974 2723 5235 3427 3430 3018 6558 3725 7083 8000 3911 2125 3512 5355 3587 5452 1815 8611 4969 6110 8288 3318 2411 6122 4165
5281 5690 3414 6176 2682 6648 3009 4648 4434 2953 3134 6736 3326 7005 8733 3305 2969 3262 4827 3094 5401 1453 8250 4734 6158 7880 2795 1790 5776 4728
4490 6038 3011 5431 2546 5985 2563 4531 3593 2490 2261 6905 3259 6869 8007 4076 2826 3439 5856 3209 5449 2155 8777 4143 6128 8739 2742 2832 5144 5068
4816 5860 3063 5145 3082 6391 2870 4599 4040 3825 2246 6513 3719 7717 8474 3760 2964 2987 5583 3257 4922 2400 8550 4153 5804 8782 3399 2698 5414 4429
4703 6080 3328 5265 2420 5890 3354 5712 3355 2981 2210 6225 3899 7625 8469 3059 2864 3518 5487 4069 5229 2623 8662 4245 6134 7876 3195 2852 5247 4491
5723 6294 3665 5785 1976 6634 2845 5720 3303 3561 2181 5917 3126 7201 8128 4104 2568 2617 5446 4355 5384 1714 8522 5051 6287 8558 2748 1903 5417 5051
4821 6375 3584 6328 1966 6722 3105 5449 3731 3792 2350 6980 3608 7031 7694 3575 3105 2467 5178 3782 5527 2406 8580 3775 5364 7864 3303 2128 5897 4681
4821 5560 3519 5895 2799 6960 3260 5146 4038 3715 3194 7202 4412 7318 7954 3252 3138 3055 5507 3713 5299 1484 7784 3932 5551 8722 3014 2694 5638 5163
5394 6398 3442 5271 2879 6337 2644 5492 3446 2891 3186 6409 3730 7808 8272 3773 2512 3322 5549 3251 4609 2343 7853 4954 5768 8591 3480 1928 6001 4280
4838 6164 3330 5863 2798 6712 2442 5385 3194 3299 2271 7091 3245 6806 7677 3415 3272 2811 4808 3687 4757 2333 7590 4084 5899 8112 3000 2888 5708 3933
19 19 9 14 40232 0.941443359624276
27 14 23 6 27943 0.9210337795127365
16 2 4 14 62061 0.9315128953717359
26 3 24 29 70599 1.0116865086250397
19 1 8 15 64431 1.0476155381645154
19 8 3 12 61619 1.0094503947094269
7 0 7 24 56261 0.9170397915708814
3 17 14 6 52182 0.9022052730637201
0 17 10 13 39569 0.9860771412596008
8 19 21 27 43828 1.0921684059772363
4 4 16 12 50448 0.9981875150690502
27 7 7 20 69322 0.9817616373791348
29 2 18 18 71436 1.059645789872133
19 20 1 26 57923 0.9784583712427701
18 5 2 15 73579 1.0559181983930848
10 0 20 12 64323 1.0225454485801595
19 24 15 6 69885 0.9968926545254755
18 24 4 12 63702 1.0319105988113368
4 1 9 8 29929 1.0040910858867669
19 7 12 23 66827 0.9455219214053208
27 19 12 7 65112 0.9674888855202416
1 15 29 15 81642 0.9161034578044317
12 11 26 7 54524 1.0035475532280467
18 26 17 5 71627 0.9119155016571644
21 13 15 29 70318 1.082967742146455
9 11 27 11 51302 0.98312353699967
4 13 16 5 54053 1.0795442357308458
19 7 4 2 57624 0.9415134166980034
1 18 19 21 49288 1.0293593605573288
4 11 9 0 37300 1.0733976827139684
23 3 14 13 61182 0.972731050059834
1 3 11 27 70840 0.9519981580616476
22 9 26 20 41193 0.9302177633296156
15 26 27 17 44646 0.9610313002533964
22 0 16 21 85695 1.0254366780869022
16 8 5 7 42999 1.0613632391451584
14 2 21 19 71706 0.980670078286038
2 15 12 5 54566 0.992641125276004
22 25 26 14 50980 1.03452502362778
0 15 3 22 27451 1.018796797435618
26 17 0 16 72613 0.9570611567364445
6 11 0 24 39192 0.924835356177698
19 13 17 0 58646 1.0532960443177781
13 13 17 3 34530 0.979150292383386
11 20 19 8 61226 1.0077598466374578
12 9 28 24 69817 0.9971041856211771
16 4 26 26 71955 1.018569684853285
27 14 26 25 29772 0.980110562702956
9 0 24 12 72991 1.0270688626301576
17 27 6 21 34110 1.087845883742487
17 8 21 28 76365 0.9087407329580867
16 9 25 28 74463 0.9255132450794231
28 17 2 3 97004 0.9479103925736083
0 23 7 6 50021 0.9292160198726017
8 26 5 3 56356 0.9873773065315783
25 18 7 18 63780 1.0227603632335018
19 15 29 2 61561 1.0892178270905908
0 11 29 20 86554 1.0192833636613041
5 0 16 26 78225 1.0436028844434997
0 26 13 5 72942 1.0948585874446821
21 9 9 18 52063 1.02186029163983
18 26 24 5 84076 0.9062682967614704
9 8 1 17 41156 0.9628216620342187
21 5 12 0 42131 0.9924301176160704
24 8 15 19 62839 0.9112307435193895
24 10 4 16 64760 0.9992365723532912
19 3 7 1 48555 0.9618412829761651
4 9 14 22 52225 1.03710347568175
23 21 13 12 39741 1.0021071311607779
4 4 27 12 75564 1.0665790613652617
19 10 25 28 63864 0.9708280117001437
8 12 27 7 60775 0.9786339383432525
0 25 27 17 70851 1.0632907813957955
5 16 27 2 84572 1.0674843419607356
9 7 11 28 44271 0.959382082968064
11 21 28 17 40743 0.9202271744435329
22 8 16 1 42518 1.0473664214064238
12 11 1 15 49178 1.0875059288222346
29 10 24 20 39509 0.9451953489438103
28 8 15 12 43386 0.9260089465913792
3 12 23 1 89889 1.0165050695425264
9 13 27 0 71132 1.0135617886548605
28 10 27 1 21059 0.9707821367063144
13 12 0 6 48169 0.9542483194479487
19 0 16 10 44755 1.0709363787733797
5 21 13 3 50767 1.0429608003632966
11 7 9 18 29481 0.9147163343249376
12 5 10 29 57378 0.9256036277631471
28 6 24 29 61745 1.0219823183055678
28 4 7 17 78461 1.0432001802178836
15 14 3 10 46710 0.9658853367772615
0 23 13 25 40702 1.0804906029696986
12 3 16 23 59123 1.0127563150315588
7 29 21 14 70570 0.9318541690571767
12 23 28 4 67662 0.9637204794442047
14 5 1 9 50106 1.0035901522854216
29 9 10 5 64009 0.9650998512003084
27 28 9 26 47051 1.0926597145775305
20 8 7 27 72938 1.0937380516186044
15 16 25 17 30962 0.9260713924638581
23 15 7 21 51647 1.0151547625541557
1 15 28 5 97897 0.9479332444297565
8 22 25 21 36459 0.9923129297780755
28 22 2 20 60116 0.9564462175625549
4 16 24 29 80750 1.092228948077503
14 14 7 28 51018 0.936997320162884
24 4 12 0 43294 1.0518860453763141
29 4 3 7 78250 0.9026807987707761
12 16 5 4 40147 1.0519712798114271
14 7 9 1 28149 0.9892465579608917
22 6 12 29 84818 1.0161894585245135
10 1 9 12 25638 0.9718580075447919
27 8 2 14 90738 1.065022782832869
4 23 22 10 69147 1.0371941244408873
0 13 3 28 54734 0.9793881808487915
8 2 12 12 33243 0.9545662989651669
28 17 8 1 83037 0.9536313251500209
27 13 20 9 28753 0.9689325427461193
2 24 26 29 85270 1.000094504395544
23 19 11 18 46520 1.0952823334298563
20 17 13 27 45176 1.0052734809622215
1 25 19 0 112414 1.0858447734566534
27 16 2 25 79246 1.0322477085944528
14 16 5 19 28776 0.9891699024741176
8 23 6 4 44619 1.048211557526217
6 23 15 4 56192 1.008292296981305
7 25 13 14 43876 0.9728540033150201
16 24 28 4 63772 0.9349573455464104
20 26 7 28 44714 1.0916503923171392
15 25 14 3 63505 0.9762832918426956
26 8 19 28 65154 1.05560575858159
18 24 27 13 52076 0.9079170354732597
13 22 2 17 35143 1.0874156776174415
23 11 27 22 40205 1.0059611586790447
16 18 11 29 40918 1.072058917227544
5 20 17 3 67915 1.082774209811455
5 22 21 21 35929 1.099258837693815
4 27 17 27 32780 1.0612692009650957
18 10 23 17 45002 1.0407393256471391
28 6 1 24 97717 1.0800637782593605
6 15 27 15 58785 0.9438718382727128
28 24 21 2 67849 1.0310533276053613
21 18 26 13 39561 0.9683147785188301
14 12 19 19 38806 1.09013639783942
15 6 23 27 79282 0.9084286390691941
6 27 16 14 46471 0.9780458526106237
18 14 14 1 62456 0.9503922195704833
19 16 9 15 24127 0.9031172233821454
11 17 29 13 64500 1.073854835415616
15 7 5 25 65747 0.9866284095912239
14 27 24 24 46817 0.990365302395616
20 5 1 10 69948 1.0045994146020467
26 26 18 13 68574 1.0743791620538847
28 7 5 29 90678 1.0405757577004706
6 21 2 12 32110 0.9900912931119176
11 8 27 7 54837 1.0925072823219146
3 24 9 4 54184 0.9540951270470557
14 27 20 0 96037 1.0713052819744973
23 17 26 24 29886 0.9034627815316877
1 0 15 7 61233 0.9715488668209488
15 0 27 8 50700 0.944942380754078
27 25 12 4 77394 0.902619224100706
28 20 2 22 59248 0.9636794298817111
2 0 18 19 91487 0.9855964803801522
20 3 13 25 73701 1.088039347906866
21 28 23 8 70974 0.9853867430533862
2 23 0 6 51695 0.9737012161900118
9 6 16 22 43831 1.0635850729837522
28 28 8 11 74593 0.9621376873311779
23 7 7 10 61481 0.9924824339020873
9 27 15 3 58652 1.0654428147314483
1 25 8 11 60211 0.987770160963613
29 29 25 13 53284 1.0072474944182288
27 3 2 14 99315 1.0081816722192805
12 6 28 16 63092 0.9526716920098688
14 2 12 19 49070 0.9509290760234848
20 17 7 27 54411 0.9561201877193696
19 11 8 10 36531 1.032441602171001
15 24 22 6 70935 1.0232299714955393
3 1 13 18 65570 0.9926337320621879
14 18 26 13 56468 1.0998683157376046
15 14 0 21 45296 1.0059779198545185
23 8 7 25 91602 0.9287728133191706
16 25 29 8 61601 1.060179207205655
11 22 9 3 41290 1.0176190396757496
22 11 4 16 66773 1.080988769452821
17 19 21 5 62151 0.9741528119324276
8 11 22 24 66113 1.0599092922933449
23 17 0 29 87695 1.0944777331361335
3 24 28 16 70641 0.9360986630734847
19 17 7 28 57748 0.9294276871631724
20 4 4 22 70712 1.0884280791351575
4 19 27 19 55079 1.0441605119153277
26 9 26 27 39877 1.0700797348750333
22 7 7 15 67602 0.9204993886792544
21 19 10 3 71789 0.9003631506624044
14 25 7 18 41316 0.9244329525633204
11 4 3 19 51105 1.0928613603263952
5 15 11 10 27897 0.9321312178672974
21 6 4 6 48936 0.9720682881202188
9 20 12 10 25413 1.093398097184224
16 10 4 19 49769 0.997767191752954
24 8 27 24 40116 0.9748656141670206
28 5 13 22 61219 0.952818450648435
16 23 21 5 70234 1.0543188388116946
20 17 12 28 52277 0.9399260562097035
16 20 8 24 28168 0.9582339545386095
19 20 8 11 48267 0.948107074765965
15 4 2 23 70506 1.0687310401250154
8 6 13 13 27714 1.0042751055337813
18 10 24 28 70442 1.0835902421993788
17 1 10 24 72598 0.9393288863652312
11 5 0 25 67419 0.9643981176277592
28 22 15 16 43885 1.0583481666523842
20 9 29 19 46194 0.9234936686764618
6 13 8 22 23370 0.9589806881152219
28 7 16 3 40292 1.0425607426942385
26 15 6 22 56249 0.9534002146991132
12 1 11 26 62807 0.9152855635261941
15 12 1 27 64207 0.9390051477498074
21 29 23 14 72603 1.0836114236506196
23 4 3 29 99937 0.944751346696105
17 22 29 9 50636 0.9724082767758524
1 26 17 25 54390 1.0088645121073732
23 17 1 4 83127 0.9859630311963744
5 10 14 9 29431 0.9825432981504607
9 11 18 17 34015 0.982880840842873
9 3 29 7 62059 0.9792680105550844
3 20 16 19 37528 0.9854443154329584
26 21 0 3 89412 1.054315717462443
1 0 0 18 49995 1.0845684550842454
11 24 18 10 56920 1.0301443805173194
3 6 28 19 84686 1.0299001687223486
8 20 17 15 34130 1.0479100079495702
6 27 28 19 59273 1.0947184582553808
20 19 29 9 49048 0.9045632868980332
21 4 3 7 57784 1.0725079511919116
22 5 14 1 39347 1.08669489168785
20 25 25 17 50817 0.9765315623269842
6 20 8 7 33977 1.040161032834942
10 18 23 26 60340 0.9598993938614615
26 13 6 9 71080 0.9865376480518414
7 0 20 25 97614 0.9682908309332191
14 14 10 24 40030 0.9789138013519165
18 24 15 6 64714 0.9103974539469234
29 19 11 3 81195 0.9400698914340004
2 1 27 24 101006 0.9838916095237399
29 16 10 23 56125 0.913467283294506
23 26 4 25 59930 1.0364260568832584
15 14 7 11 41075 1.067078393143106
28 7 15 5 42786 1.0415131761017116
0 28 20 18 78154 1.0019168637347575
5 10 14 26 52380 1.0327014980236904
21 22 5 29 53285 0.9769659639377721
9 27 4 7 49609 0.9888159902967717
9 23 5 10 32295 1.0836102002036487
4 0 3 13 50818 0.9882147798199423
21 27 13 13 51950 0.9987115992605103
4 20 8 4 44581 1.03914085058604
14 20 10 10 37259 0.9001930390016104
7 2 7 28 58789 1.0273185254805228
11 20 3 9 45332 1.0412420972344907
14 4 22 24 77503 1.0869912436418885
4 14 13 24 41363 0.907130983809867
15 1 0 21 73272 1.0437167682527027
20 19 8 23 41861 1.0527873983494547
21 6 4 10 57738 1.0481556501046427
23 9 4 23 78665 1.0582304460772942
26 27 1 8 96012 0.9115954508846674
15 18 20 6 48780 1.0651051548633546
22 2 7 10 60492 0.9228256856144057
16 25 21 17 40378 1.093326859346415
15 26 6 3 67274 0.9076059046377207
15 12 15 25 39208 1.025897981462618
23 11 6 15 65083 0.9605634972689193
13 28 8 23 23592 1.017636934347982
20 21 6 15 37216 0.9176345595510965
19 4 4 12 57113 0.9023042617043445
24 9 10 8 47998 1.0455731662887404
6 26 28 3 88330 0.9097480610067837
20 8 8 21 60133 1.0003036851100615
21 20 25 11 50397 1.0872995272951453
18 29 11 2 81034 0.9523081390527821
24 8 28 21 36611 0.9056238464452072
7 29 10 13 42290 1.073401789820424
28 29 18 8 77439 0.9212054013268356
14 22 23 9 68241 0.9828896537451538
16 24 28 22 35495 1.024274888829895
23 22 6 6 68249 1.0470909760616964
28 3 5 17 87767 0.9494570914214993
29 21 11 19 42085 0.9397116632266452
23 25 19 11 76793 0.9014689260596463
2 4 17 6 44577 0.9736464453244699
21 27 7 12 60730 0.9914650206501411
21 1 19 11 60832 1.0878965213802276
0 8 14 23 66045 1.0258142782080972
13 9 9 25 38226 1.078391059513618
17 14 5 22 49452 0.9493783266315153
1 19 26 8 87907 0.9747287496430194
1 15 21 4 78899 0.9384464985340887
16 20 8 12 36241 1.0792450741427948
17 5 13 23 56442 1.020948028005916
10 27 4 23 26774 1.0572790448944676
11 11 3 5 42859 1.0068170804351457
23 27 26 15 35055 1.0263058368247404
23 0 2 26 118273 1.036023951174598
8 19 16 27 32490 0.9034055952549174
20 15 10 24 51323 1.013494914773988
19 2 12 22 70010 0.9634881770891855
5 1 16 21 64509 1.036337473403068
27 6 5 15 78366 1.0217778340009067
15 4 2 5 41430 0.9067421830401177
11 16 2 19 32915 0.9312291394851193
15 10 4 20 47985 0.9030335819630378
5 4 1 17 43745 0.9306256898012586
15 7 27 6 38136 0.9440973260314793
4 8 5 25 47477 1.0170416711351185
11 19 26 19 45301 1.0550612791670857
0 24 15 9 63645 0.9645764563801241
2 12 27 20 74552 1.031549717780684
28 18 2 24 75750 0.9257832597128517
19 16 7 28 52167 0.917813006022181
13 5 2 1 44442 0.9580682145199649
27 8 0 15 87663 1.0224602413010755
27 26 13 6 72290 1.0633330480447425
20 14 11 6 60402 1.025065533679053
17 21 10 4 47742 1.0356790400518567
8 5 25 1 65851 1.0549491101390391
24 4 5 2 54959 1.0599940496189857
21 27 7 14 61312 1.0347256466502464
20 4 13 24 64038 0.9694970010742283
2 1 8 20 61529 0.9151355185803521
28 8 7 14 76670 1.0224656068944977
9 9 5 3 25001 1.05297094288566
5 25 17 17 51510 0.9536287114197864
7 7 23 2 62008 0.9749389624370168
3 18 8 5 45738 0.91147251604471
9 28 0 19 32691 0.9227460540421196
1 21 3 6 47010 0.9782316845037692
7 26 1 0 74538 1.0768460414454886
23 2 13 8 42859 1.0234500336867938
10 1 2 23 64986 0.9622490472928197
0 12 17 4 63636 1.0467184206377744
15 16 22 2 61747 1.0906204645987867
2 19 0 4 46337 1.0722178724534923
3 24 26 16 71267 0.9486109962226701
26 2 0 27 107745 1.0585496839778423
15 22 1 3 71840 1.0593187530263701
17 16 9 10 28987 0.9804909309835865
0 4 21 2 64139 0.9394566634648925
29 22 7 10 70120 0.9946239853115488
16 6 19 26 68274 1.034850228056941
17 11 0 19 64195 1.0640821902401438
11 16 14 5 38005 1.0953468921781646
20 23 4 4 79990 1.0648337097146845
5 18 4 1 46052 0.9486327396432925
15 14 14 23 30892 1.0602710848467034
25 9 11 15 56790 1.0632925240617903
28 4 3 4 65094 0.9630249903647551
27 13 14 23 48384 0.9955195770929548
28 19 23 7 45001 1.0546800115711017
5 14 29 4 87789 1.0956590733886453
7 6 22 13 66247 0.9533161981766158
18 23 8 14 44501 0.951779681905274
12 23 16 10 42640 1.0030669685734415
28 10 24 1 37992 0.9542523176110592
12 12 11 21 30445 0.9355398432399065
5 2 10 11 34390 0.9215436371728716
4 17 13 14 30599 0.9725699943754571
1 5 28 14 99291 0.9132857021614019
8 28 24 2 95310 0.9990166147102438
20 14 7 20 56526 0.9018321397136414
18 4 6 6 35348 1.0035320068151687
3 0 23 19 99920 0.9119111055521751
16 29 17 3 78703 1.0116597544092742
23 26 22 1 81444 1.0920747999957932
9 5 24 15 63283 0.9088019953392238
16 26 4 15 50759 1.0219431411118483
28 21 10 27 49063 0.9869903476864885
12 24 19 18 40609 1.0630931231908696
3 27 15 2 76872 0.9626808363796493
7 4 26 24 82391 1.0608097613449363
29 24 1 12 93564 1.0186744850145582
15 3 19 14 54541 1.0804366577789182
24 2 12 25 89333 0.9648447732212729
19 6 1 3 59174 0.9779898985811714
11 0 0 13 63297 0.9212569428738033
22 10 19 1 56042 1.064767790202657
24 17 16 22 38713 1.0316407879209668
29 18 6 7 82828 1.0415139036780652
8 0 29 4 65040 1.060518918286018
5 12 9 18 24413 0.9650003985514493
19 5 11 26 76252 1.0847105016237681
6 13 26 27 70135 1.0861037254921193
10 12 5 2 33617 0.9618115527666855
10 4 23 17 64395 0.9133874758193867
11 8 1 19 53990 0.9328185041392556
24 12 17 2 60814 0.9220545648056503
0 27 21 28 58707 0.9754505968971893
16 20 4 12 47295 1.0236825543946368
14 27 9 13 35855 1.0066281124096073
6 0 20 0 62050 1.048877891115768
3 29 16 12 68224 0.9161416249853096
9 12 2 9 25924 0.9445706032736052
14 22 3 21 30081 1.0176223279468917
22 17 19 26 55810 0.9158851138278864
7 29 25 9 86060 0.9439640664162403
6 10 29 8 66908 0.9160650618494014
9 23 3 5 52517 0.9754306556254346
17 9 8 21 44951 1.0098996307536978
1 10 6 25 43179 0.9438259303801501
25 20 3 27 60987 0.9724640956526642
18 25 13 15 45620 0.979672407002997
7 8 18 18 55265 0.9197820394133469
14 5 1 14 70500 1.005244339772617
19 7 5 0 58977 0.9086197013449533
16 17 27 14 35411 1.0872446647942613
7 12 16 6 40041 0.9345261595300672
24 19 13 4 73708 1.0078070839673323
16 17 24 9 47180 0.9319472026702791
27 12 15 22 41731 1.022445775840546
26 22 4 6 78234 1.0519929624278546
16 28 18 15 44323 0.9786258318765305
4 17 25 15 61572 1.0139470509205364
0 6 10 7 32862 1.078959674199546
19 15 7 2 61575 0.9487808963313532
28 13 28 26 34414 1.0952492294215261
14 24 24 2 84534 0.9054427072415634
2 16 20 11 68471 1.0742392425919705
18 10 15 22 40876 0.9065976790646285
24 7 28 28 58822 0.9166002967029091
10 1 24 13 82967 1.0517410405488297
11 0 5 13 50598 1.0079997963794813
22 12 8 6 57023 0.9650653712634581
4 19 23 26 66238 1.059512002567163
13 14 10 22 28630 0.9569479678118071
26 3 18 1 38097 1.0286011280459737
29 27 23 11 55007 0.9928189648408874
27 17 12 11 55928 0.9498570415880498
28 2 11 15 75427 1.077587199603337
28 17 1 26 77568 1.06701694466574
25 11 3 12 73180 0.9564871767175125
6 26 24 11 81654 0.9440619069584137
23 14 24 27 50902 0.9931346899092115
0 26 5 20 31016 0.9950942207122038
3 15 7 9 26169 0.994666294773018
7 21 23 11 67666 0.9895576688681065
4 10 7 24 38796 0.9880407820269761
19 6 23 23 72471 0.9875424278311697
15 24 17 5 61806 0.9969481180394739
13 0 16 28 73748 1.0717377762044642
21 27 16 17 40959 1.0921621434802806
11 12 0 8 42908 0.9070364306744596
12 10 4 23 41854 0.9824098712529228
22 29 5 6 89443 1.018061518838859
16 11 29 3 55068 1.0412433231970837
5 11 28 2 82739 1.0707329029083064
7 1 5 23 53447 1.085613986309484
22 17 15 11 38243 0.9909777379239677
24 10 9 9 42344 0.9386658116849026
27 4 3 26 91989 0.9614627385925806
4 22 18 21 29358 0.9786712120953318
10 24 22 6 73541 1.0155510473324931
1 25 25 24 86458 0.9848689237280284
16 10 23 2 45697 1.0196056545960528
12 29 9 17 32733 0.9185552014314845
27 8 18 2 41865 1.0951608678830225
12 15 27 14 45900 1.0285025176421225
8 17 21 3 63594 0.9487851516863316
8 6 1 3 28292 0.9054376558111596
19 1 24 20 82914 1.0892013285592153
11 29 28 28 50976 1.0972627418153325
21 1 14 22 85769 1.0384884654398898
2 24 27 8 87932 1.05156269930962
25 27 23 1 74898 0.9049034026913824
4 15 13 11 38768 0.9820161076292011
27 20 18 0 76369 0.9683636513737125
3 15 6 1 38208 0.9716882920948344
18 5 24 1 44755 0.9974019404550596
6 21 23 11 70128 1.0778609172626614
2 24 13 27 44101 0.9088485834308543
27 8 23 14 34831 0.9495330608730504
4 28 27 7 86217 0.946108131195089
28 7 26 22 37222 1.0255825959503637
27 1 26 24 49295 1.0504919894948344
28 11 10 9 55088 1.0625486486123776
25 8 21 27 57982 0.9714141848694781
25 22 12 16 41526 0.9813804098801151
18 13 21 28 71270 0.9028472537684744
8 17 27 1 78398 0.938891913865823
15 26 23 9 73423 0.9609029629071644
3 3 27 13 85685 0.9057560658941061
0 25 9 16 37357 0.9598869184498036
27 7 9 11 55307 0.9139295139980552
24 2 6 14 77173 1.079925711859457
7 22 16 13 41874 1.0962033720051798
21 22 9 16 36530 0.9762308239335935
21 8 7 2 60381 1.0422299324578208
3 10 6 0 27582 0.9140102217538707
11 12 23 18 56719 0.922024960870263
29 9 7 17 72110 1.0859014941665788
14 29 15 8 60538 0.9302946027522593
7 23 29 2 89448 1.0577545090915237
10 10 24 28 75767 1.043288677178984
29 12 22 19 38199 1.0365255396174102
25 26 10 12 69270 0.9263930069047619
6 12 0 3 33583 0.9642955674396453
2 20 22 10 73183 1.0126034329795393
7 6 24 16 60843 0.9392526288094363
24 20 13 16 40652 0.9688255427834711
5 0 23 12 81889 0.9584320585096999
5 2 5 15 31640 1.0326365603426824
7 22 19 24 48956 0.9765859136597238
13 27 0 13 55901 0.9585064332168145
5 2 28 15 86703 0.9877884986038161
24 23 0 26 77585 0.9394499364362875
16 20 6 22 25108 1.0274095210818732
0 29 20 25 70264 1.0765829495980668
24 29 15 0 104831 0.9383158630108147
11 19 0 24 35558 0.9676437897919615
27 27 11 27 38189 0.9601561063993527
24 19 20 8 57361 1.0746554867902811
29 12 14 4 54172 0.9703242739021369
20 3 2 1 67366 1.0268797776975056
17 17 10 1 54420 1.0783468636278961
28 6 22 28 61370 0.9135304023576847
8 4 14 15 39539 1.0309090212170327
8 26 20 23 48218 1.0882570407408343
18 9 3 22 65766 0.9182589499340307
21 1 18 27 97218 1.0534597376501533
28 18 6 7 78020 1.0221680688114931
26 6 4 22 78505 1.084430745760597
7 8 15 20 46982 1.0925739116847586
0 3 23 11 84059 1.0159120668607846
26 24 7 24 62860 1.078718886680471
28 24 3 11 86984 1.026574186204484
0 6 14 16 55506 1.072420216699377
29 26 6 2 92636 0.9760344088191417
0 27 8 23 32207 0.9396388468359222
11 12 25 7 62050 1.0942738316753164
5 12 20 14 62260 0.9957890736434858
26 15 8 11 62832 1.0458666653866313
29 18 10 23 57230 0.9911543595813903
17 1 19 17 61175 1.0214956413179792
23 18 9 2 73613 1.054365915061624
23 1 29 9 42798 0.9805372965585155
14 8 9 24 43116 1.0936570818124076
5 26 1 8 53571 1.0466881508225439
16 0 8 28 75157 0.968330190841092
23 2 22 20 67053 1.0472862587407528
2 19 8 11 38645 1.0866916796752386
4 5 29 22 88634 0.946056183590335
9 2 25 0 63265 1.042097219610488
19 7 29 10 43880 0.9919888327458867
5 10 27 20 66361 0.9842791064468909
8 23 0 4 59726 0.9155435750107002
28 12 21 26 48180 0.9614733078389539
12 25 17 19 30781 0.9282068869032343
20 16 5 26 51234 0.9202792931140088
14 18 21 28 50672 1.026450551652471
4 3 29 16 90478 0.9817678521540811
27 15 15 27 50151 1.0619281461220502
14 7 21 0 52392 0.9201218264540587
10 29 22 0 102199 1.0006849741262733
28 19 4 0 97412 1.005215488222435
10 28 19 19 47108 1.0812618743691556
18 13 22 26 69756 1.0604397338564018
10 13 17 29 56127 0.9062914722429882
10 26 23 19 50927 1.0971995545687634
18 10 5 5 49127 1.0470592047405445
24 10 20 21 41983 0.9179353899339456
28 13 21 8 36554 0.920142721497692
24 15 0 14 74546 1.0889270922836232
17 21 23 10 49238 0.9708045396282361
6 16 14 26 37116 1.073168916513469
23 20 1 5 87875 1.055895566796384
3 7 14 28 72800 1.0016872820964058
18 25 29 27 41654 0.9660526879523323
17 16 25 21 33781 1.0421769659221003
18 1 24 8 59820 0.9582322324337509
3 27 13 16 41759 1.0739701089933194
0 22 17 12 58704 0.9336064894297148
7 28 23 20 54792 1.0854563067888887
8 28 19 2 79671 1.0398160072198284
15 8 25 18 58756 0.9465606213049881
21 5 7 11 61927 1.0703093164925017
12 27 28 25 44679 0.9046072141605959
9 10 1 16 33196 1.0952324295533722
18 4 24 29 85677 1.0145442351902019
21 24 0 18 65194 1.0643638039500538
12 28 19 16 47041 1.0385362062483356
9 27 13 10 38528 0.9203828950113273
3 11 26 20 79213 0.9625854740627403
4 26 23 28 58156 1.0915994999749952
0 24 0 1 59245 0.9542319430018493
13 28 7 3 64030 1.0612193396229332
3 22 15 1 74536 1.036258385279839
7 7 22 1 65085 1.0854964506990137
4 26 19 26 45675 0.9764171550753822
0 25 9 18 34376 0.9583849368636645
11 8 12 29 56533 1.0444138355931878
8 19 24 27 52210 1.0975236021053363
20 27 18 1 95804 1.0824406343874455
22 11 11 20 66459 0.901009967118176
24 14 14 27 71479 1.0335257137708034
26 8 28 26 40536 1.0063618631027886
26 5 17 25 71491 1.0403436044906569
23 20 14 22 31517 1.0949157595817363
5 21 2 6 41604 1.0239734231251503
9 21 26 23 42391 1.0557902431016861
6 27 25 5 91638 1.0156975388568013
13 3 2 0 49739 1.0896286432809115
8 28 16 24 32120 0.9246898151173278
22 26 7 12 69909 1.0044617260534858
25 21 9 6 57543 1.0164559130736184
6 8 2 1 30381 1.0491863746891807
2 6 9 18 41132 0.9754030862673004
10 22 9 12 22325 0.9902983588473626
24 1 21 24 85917 1.0980347279827696
10 14 6 8 27968 1.0773666338344743
27 5 14 19 61541 0.9571327970747256
27 12 0 9 80449 1.0415005746396342
16 24 1 4 72974 0.9991500689845211
23 1 22 11 56793 0.9806436237114329
0 28 13 4 77749 1.0249649044155487
27 15 22 2 42906 0.983594305019771
15 28 26 17 53012 1.0160762084940718
24 14 10 20 63822 0.9611163233006429
8 24 21 10 62695 0.9671727372092103
15 18 2 9 53089 1.0417757712014473
18 0 18 25 97280 1.061380334334617
9 6 25 10 49883 1.097663791612635
23 24 17 17 50095 0.9008923480887957
12 10 28 17 55989 1.0487279749564036
11 2 28 20 78852 0.9395967893652333
6 19 23 25 66822 1.0622743200852078
8 16 22 29 64248 1.094066270836142
24 10 17 24 59516 0.9287122681931912
23 20 0 1 94070 0.9846524790743572
19 25 7 9 73147 1.0548903482953105
20 5 25 26 72758 0.9940066231017961
18 20 2 19 48513 1.07402527966331
17 9 29 5 49478 1.0893161428516696
10 26 27 10 65651 0.9783669043118646
16 29 0 3 87756 1.0891220331149114
8 13 20 22 47977 1.022936234752427
13 9 0 15 51827 1.0173810952004176
16 8 26 27 69207 1.0825664498645369
6 7 2 16 29078 0.9873630067278053
3 8 28 8 77270 0.918969616645231
29 2 24 29 73770 1.0017462076483377
29 21 8 19 45744 1.0237519255865477
4 21 17 20 29626 0.9018136036833165
4 2 17 12 58761 1.029295328783135
29 15 0 10 91531 0.9843404600544718
22 18 18 6 60668 0.9122729899382485
12 0 4 14 60558 1.080973767374928
28 3 5 27 92886 0.9931722097168251
10 26 9 6 37289 1.0529054868253542
16 10 5 11 37069 1.05610134103964
23 12 3 5 82357 1.027898878168875
10 16 25 28 64824 0.9949828778687186
17 17 18 6 39154 1.0542448914650673
0 28 29 23 83747 0.9033419429697044
3 21 19 15 48578 1.0419407468442412
28 23 22 3 58194 1.0423232966558675
3 26 22 7 95133 1.029541295128614
28 1 24 22 56596 1.0788059285883402
21 24 13 2 76924 1.0004156730732314
15 19 2 3 69032 0.9235401938333242
28 10 29 22 33505 0.92171556523679
9 9 6 21 26647 0.9216713502380001
0 15 10 8 46104 0.9351262142770068
27 2 17 8 45369 1.0462551614251216
2 29 22 9 97852 1.0468981359927567
22 24 3 26 68796 1.0925782663703951
20 24 29 27 43266 0.917996056477023
24 10 12 27 70311 0.9048857152085207
24 13 2 15 84856 1.0739611797175577
21 29 16 0 102107 1.0728748091624871
0 1 26 27 109791 0.9516336325648519
21 16 29 1 57654 1.042682551988153
7 6 8 22 37858 0.9660900970114217
16 6 12 0 28164 1.0931572782520884
11 9 9 21 27134 0.9556908827206865
29 9 20 19 49048 1.0107972908059808
17 16 0 1 71368 1.0085272178157954
5 8 18 1 58370 0.9503662621150515
11 19 0 4 57659 1.0622875240502694
10 18 5 25 32148 0.921976324731698
0 7 22 23 89099 1.0421906763898896
12 16 23 22 38970 0.9191430463357401
17 18 27 21 32411 1.0154290189435902
19 22 5 1 75778 0.9161688358852627
13 8 0 14 53047 0.9053810036143854
3 29 24 25 76156 1.0075722253064856
25 10 1 1 88148 0.9055635176363419
28 23 18 29 49502 0.9221837298848182
15 10 9 21 35318 1.0168794918240258
19 19 24 2 71718 0.9728736353824351
23 20 7 11 63375 0.9241601429247492
10 29 5 23 27360 1.0114669955141302
24 28 5 8 87192 0.9358416976844117
23 29 20 21 49661 0.9690545263236521
19 3 22 19 73940 1.0454196509918867
0 0 28 3 86139 0.9540611039591149
2 8 13 16 46143 1.0001299185311572
1 29 27 17 83253 1.0957183117456049
24 15 17 6 57913 0.9422916895424979
23 3 19 25 90571 1.0060750617727439
29 28 17 22 45429 0.9603339603912282
8 12 15 9 26608 1.060351000714178
16 18 28 29 49977 1.042730971971875
25 1 4 24 101902 1.0223849387382975
1 1 3 16 53072 0.9502031844770662
22 12 9 26 64155 0.9429584268728458
12 14 5 26 40678 1.0311219532696454
1 13 12 25 64440 1.0037916254939867
4 29 21 5 96180 0.9105628351833149
19 13 23 26 72895 0.9580953414113692
20 4 4 3 46206 0.9170516733037113
26 10 22 3 32838 0.9231455450288456
5 18 3 10 28815 0.988694689574382
3 23 28 15 68801 1.0390334692258727
15 8 9 22 42015 1.0731514637004227
27 22 23 14 34191 0.9009893969086573
25 6 28 27 48369 0.9368865693822582
24 28 21 6 72834 0.910185946438321
19 15 25 21 41615 1.0996719254412683
29 26 19 12 61603 0.9557372954152635
18 4 12 16 42247 0.938188451088884
27 0 5 19 88023 0.9875783348647913
29 4 26 22 43630 0.9917717857735705
15 6 15 16 28902 0.9615887541468957
26 28 1 12 95518 0.9575834243470254
0 2 12 27 75066 0.9802419303236423
11 24 8 17 25314 1.033353608027794
7 8 12 29 57234 1.0870538609950053
28 1 1 20 99028 1.0665940089509802
15 28 8 10 49301 1.0819975581827133
22 13 5 0 84161 0.9794742494201681
9 25 22 16 45160 1.0636074089506513
16 27 29 13 65798 1.0979430755336297
18 2 6 11 53447 1.0136875720099394
21 5 25 13 50012 0.9302641134457529
24 2 19 14 71775 1.0700894007429649
5 27 14 20 35979 0.9210578520042323
5 3 8 27 56753 0.9193519591580523
17 0 29 15 70986 0.9392574034397319
1 11 4 0 49342 0.9053251796612545
26 6 17 21 50706 0.9983735579449569
12 6 28 23 73985 1.0862738259118903
21 6 4 28 86600 0.9597414012408799
25 23 7 2 83482 1.0033514751352666
23 15 15 0 72827 1.022102382665265
17 18 29 20 42751 0.9076782397102946
5 14 19 9 57462 1.0789005567053
11 0 1 2 40802 1.0320339796891898
26 19 0 27 76055 1.0192629770100832
2 20 17 23 42675 1.0204095673655997
7 6 8 21 33764 1.0997648822098551
18 14 21 4 57306 0.9618828042515598
14 26 23 5 86135 0.9631928800245373
23 22 12 1 77598 0.9449816355606364
3 4 17 11 52954 0.961231724973894
27 14 12 16 42499 1.0197691374523608
28 7 28 29 51135 1.0973852370358892
2 25 21 21 57531 1.0683574027928082
3 8 13 6 35177 0.9967566746507405
27 7 21 17 36927 0.908715015331861
3 7 19 26 84074 1.006384715092269
13 22 12 8 37704 1.035044572820111
27 0 9 7 60065 1.0548109777538952
6 12 6 22 19306 0.9397816643989092
19 26 15 17 38492 1.0562617219638004
12 2 24 5 42830 0.9352021842838838
19 13 10 7 53251 1.0840815112980444
17 6 4 12 51236 1.0095150539738942
19 18 0 12 71913 0.9312149444546558
28 11 15 28 67229 0.961972494586363
4 15 27 25 65211 1.0803108428544828
24 21 22 10 37808 0.9174421329252666
17 9 8 25 57999 0.9253585720078537
24 18 16 4 68950 1.015511640399166
27 26 10 7 74652 1.0467874705402593
0 15 18 16 48610 0.9481324539369058
3 2 2 16 48165 1.0854266525360121
13 27 16 5 62158 0.902350341005663
21 20 9 13 42497 1.056887985346726
23 18 12 2 75341 0.9252578080073554
5 6 27 16 75119 0.9264364493888736
14 0 28 28 95763 1.0966552338339828
14 9 6 27 52363 1.0794556238555615
19 17 9 2 54591 0.9876986811810976
9 17 27 19 45930 1.0510345851435845
26 2 2 2 78307 0.9693967619958219
7 24 11 0 64417 1.0556271358432316
13 1 14 21 49993 1.0292501073222577
6 29 11 1 66932 1.0816206279113592
29 16 8 24 60458 0.9885992934309525
26 13 5 13 81391 1.0342546812434052
10 14 21 18 46662 0.9232822528089578
5 9 27 8 64951 1.0423285778032743
4 23 28 0 95464 1.0258698896147707
1 0 24 22 103663 1.0753978073610566
5 23 27 2 85672 0.995436040726955
21 22 21 8 64242 1.0707048470892295
18 15 24 0 77739 0.9211609782441942
3 23 1 13 44812 1.0663266442849155
11 18 5 11 37987 0.9095698041505829
19 6 14 0 33681 1.063507162717921
25 20 6 24 47917 0.9800535766584257
11 22 29 0 86595 1.0158670243994412
13 28 2 26 35178 0.9163836223520417
8 4 12 13 33531 0.9002024506510115
17 10 9 22 41598 0.9835682559000835
3 21 9 27 20543 1.0184798583713743
24 22 18 27 43871 1.044234135137979
11 28 9 4 49628 1.0759589242111716
29 13 16 22 51662 1.0123687495847873
24 29 14 17 68814 0.9292832242612319
6 23 8 15 23153 1.0409680730023492
6 19 14 22 28440 1.0090743183870132
24 21 28 8 32246 0.9110765625407209
26 10 0 14 81036 0.9798112875195811
22 19 4 20 49595 1.0751215902528959
2 27 12 3 69757 0.9386196104029115
26 8 19 23 56636 0.9268795484602732
2 24 20 25 74441 1.0036156601270587
4 16 6 3 31123 1.093118750721555
0 19 14 0 78095 0.951333943757466
11 2 2 14 61969 1.0244992942234594
5 2 6 26 48917 0.909471909605626
17 26 3 16 54135 0.9172559142903963
22 21 28 11 34729 1.0497246389543506
25 14 18 11 43524 1.0532033564985646
23 14 13 11 51576 0.9995638700872278
12 5 26 12 61804 0.9718561259570894
5 3 13 14 47691 1.0182437676019644
24 11 15 0 61510 1.087232749869549
27 29 0 6 101816 0.979934669909535
13 23 24 7 71222 0.9128785358831738
0 13 28 12 89637 1.082185081940552
20 6 1 10 62501 1.00636171649288
0 27 7 12 48070 1.0309114639818246
16 25 7 10 50243 0.9268588698286401
9 13 5 6 24410 1.0248275168313132
16 17 5 7 50616 0.9977735919296826
18 6 2 28 86127 0.9420072452076389
21 15 8 23 49948 1.0042595401783205
2 10 26 21 70886 1.0523912044658685
2 7 11 23 61086 1.0691352960797955
26 13 12 24 59830 1.0469744633679339
10 6 20 17 53633 0.9995024597290552
16 15 2 11 56235 1.012298620363356
16 26 27 2 71220 0.9477865604250859
27 27 20 11 56956 1.0494147929856912
4 4 15 27 67575 0.9155313712549159
19 1 23 23 89461 1.070682043025946
12 9 28 19 61328 0.9791387510918772
25 26 6 7 83145 1.0745629813353668
21 10 2 24 81690 1.0828240364898776
7 28 24 12 83282 0.9365635791200072
10 0 23 2 49692 0.9196426127498104
12 14 27 6 61815 1.0295575635288259
17 19 23 23 34538 0.9520486497584094
2 5 26 16 86618 1.0663467742517183
17 6 19 22 57539 1.0026890937205608
24 7 24 17 43298 0.9943640985422026
6 29 24 15 72543 0.9510018612646203
21 29 17 23 39839 0.9759264270474481
29 7 3 12 88140 1.0667705237569263
6 25 23 20 47526 0.9674653186070679
15 21 8 16 23960 1.0017491478053369
19 20 0 12 64168 1.0791952112974323
8 0 20 7 56527 0.9223620980906498
15 14 0 21 45296 0.9836940157810908
13 9 11 27 46694 0.9826182555156325
18 23 10 1 68900 1.0291506624225313
17 4 2 11 58232 1.0864556879384035
9 27 5 13 36829 0.9316359397017604
12 28 2 10 58591 1.019047194806053
0 7 19 10 62188 1.0366204444048333
22 2 6 18 76897 1.0203912226288312
1 4 9 8 27720 0.9200043791583017
0 3 11 16 53413 0.9121923633146736
25 28 15 20 48803 0.9645413906276388
25 11 23 21 38899 0.9946067256835207
25 15 22 26 42624 0.9188047797261295
16 1 2 17 71147 1.0971941686538074
26 19 29 3 43335 0.9743086083179857
22 22 13 7 56290 0.9921153385655501
25 4 2 27 98519 0.9484328579550962
10 14 2 18 37852 0.9254646538720118
10 2 21 28 80950 1.017435442950885
4 15 29 18 72770 0.9518927403138763
3 8 22 19 76649 0.9850052188502623
20 22 5 28 53021 1.046092900910481
13 3 2 2 38726 1.0202510626397605
17 1 2 15 77006 1.0559988027431881
27 0 22 11 38765 0.9128457238887436
14 3 1 14 72091 0.9138922526640628
0 4 24 29 114842 0.988406868255756
20 5 2 21 78396 1.0430470563730334
7 21 18 4 55790 1.0845297665302032
12 27 2 1 77016 0.915256081450556
18 23 19 3 77314 1.0032354195174675
4 1 8 26 63243 1.054228905150913
10 0 18 26 77789 0.9519485703357543
20 8 1 6 64602 1.0523084704780599
2 12 24 8 82814 1.0209534039492354
25 20 1 4 86619 1.0659455590805118
17 15 10 5 48128 1.0476557334110677
28 3 19 11 45448 1.0053125452659455
27 22 7 8 68176 1.0734357941136539
22 16 6 17 41549 1.0571247332432054
22 16 19 8 48541 1.0190763595980918
3 10 20 8 58471 0.9156459589716558
18 27 25 22 43422 1.0060320382941244
4 6 4 24 47248 1.0343562468681735
16 4 11 20 56245 0.9193784280209304
14 18 8 6 41029 0.9855475864436734
4 19 24 21 45296 0.9937878838846819
26 19 6 23 52769 1.028701482613919
22 21 1 22 45922 1.0992079378150197
22 27 26 10 47402 1.042864480032747
8 13 23 5 65884 1.0707571611398552
21 0 28 5 44952 1.0951506712508
14 14 7 23 41722 0.9355211858158257
5 12 25 27 74007 1.0324158268247554
24 16 3 24 69202 1.026839381895157
7 0 19 19 76774 1.043085017973777
17 3 6 20 62413 1.0429187929085382
17 27 25 23 40145 0.91247570772753
1 15 13 5 58209 0.9650137189000129
3 29 16 17 59735 0.9151680589463103
27 11 3 13 80628 0.9083863436384406
29 20 14 14 60862 1.0746974921650807
2 24 8 15 43012 0.9724565673094491
10 1 13 13 39233 1.0354928742446097
5 20 15 26 39900 0.9334673202755472
2 6 5 24 51685 1.0676738635314702
15 17 27 4 57215 1.057658781215033
25 29 8 21 61435 0.95770184231471
2 23 21 25 71782 0.9455961842301709
19 15 19 2 58289 0.9817245579200888
27 11 18 12 35478 0.9663563767305969
1 8 16 20 63835 1.0615797566525442
29 22 9 22 46431 0.9610215759824428
17 11 25 1 58705 1.0554448240360963
6 14 24 11 64743 1.0887064235131017
17 9 3 16 52846 1.0628264887240548
12 8 19 2 34150 0.9494868094430822
29 15 29 4 34095 0.9607346635578855
29 8 4 15 83802 0.9556317659447481
5 12 27 28 74793 1.0378583327803323
10 14 5 1 47104 1.0164662847197468
22 14 11 7 64519 1.0643095052358904
0 23 22 18 66551 0.916798189054151
28 20 20 27 34390 1.033128918843745
7 28 25 6 90440 0.9302388893615154
4 29 25 20 65334 1.0132462832177374
3 21 12 9 41001 1.042774590786909
25 9 2 9 70692 1.0655503262037394
3 6 18 4 43248 0.9954675047202813
8 27 8 4 44622 0.9226325124452914
2 10 21 0 84932 1.0993533477188902
3 0 7 29 74898 1.0634842750322364
11 3 29 4 52567 1.0720897205758129
6 1 9 23 46451 0.9028093141104492
3 23 22 3 89451 1.0128033244322683
24 10 7 19 61893 1.0436979459170772
28 18 17 29 55613 1.0188925511668696
29 24 1 26 84931 0.9617986088977035
15 13 22 18 39155 1.0054645596599434
13 28 3 28 34097 1.0874485524141606
13 23 29 23 41844 1.0270897202396039
20 2 12 18 64196 1.0867513700191684
11 26 2 13 56664 1.0941111274632713
11 10 15 22 38193 1.0184649155873364
24 20 17 16 40492 1.0098913799613811
16 0 22 22 77018 1.0110058103799198
15 6 4 5 35237 1.0521904385896748
18 29 25 12 72368 1.0483971218486907
12 18 3 7 53498 1.083421482952143
4 25 8 1 61926 0.942677780832512
26 13 17 16 40040 1.095392902877189
0 12 5 25 49891 0.9392977680730253
10 7 21 25 77421 0.9899230163982795
23 25 2 7 106109 1.0510523220798895
27 15 5 27 64914 1.028891542788737
27 29 7 9 78369 0.9002310733868671
28 10 12 6 52676 0.9407832137925931
6 12 5 28 36001 0.9520063433874296
28 24 7 0 94628 1.0187905290774517
17 0 2 3 59252 0.9788548827482668
24 13 18 17 47144 1.0251807700849216
6 17 27 29 63456 1.0809204053363297
20 9 7 24 70926 0.9762301655657983
24 0 13 24 87540 0.9831722910691859
