7111 5004 6430 5609 4442 5097 4546 6411 3798 3591 3508 4514 2639 4984 3978 3610 3728 4809 3711 4446 3291 4432 3861 4317 3780 3681 2418 3483 4613
2127 3087 2640 3397 1971 3388 1925 1982 2658 3455 3290 1541 3777 2605 3092 7373 6692 7600 7169 6954 6761 6087 5998 5240 7210 6115 6302 6512 7305
6012 6336 5665 6471 6073 4920 6332 6541 5476 6452 5944 5728 6317 6227 6966 5089 6764 6612 5944 6851 7366 6413 4823 4760 6946 6366 5545 7097 6141
2881 1288 2074 4826 6433 4625 4657 4764 4021 5794 6207 4709 5939 4544 6083 4636 5624 4045 4975 5491 6121 4792 4233 4595 6013 6067 4212 4485 4051
1990 2637 4035 2162 4014 2607 3839 2853 3676 3560 2080 3944 4456 2822 3844 3672 4022 3843 5556 5206 5178 5792 5168 6645 6000 6150 6042 5254 6369
6853 6013 5374 7863 6379 7649 7125 6367 8023 5996 7081 8154 7560 6121 7749 8000 5861 7206 7149 6673 6228 5713 7721 6775 8148 7469 5975 7182 7638
3813 5530 3988 3812 6261 5412 4570 6301 3912 5174 5259 6028 4830 6331 4907 5585 6013 5878 5678 6974 5553 5387 5512 6579 6037 7107 5529 6478 5033
4267 2946 2271 2101 5075 5335 6651 7653 5623 6613 7595 6032 7451 6198 7641 7128 7692 5352 5819 5303 7646 7529 6509 7002 5309 6275 7185 5351 7455
3911 6347 4297 4658 6193 6499 3926 5749 6495 6353 5933 6257 4680 4417 4805 4729 6009 5361 5313 5964 5955 5310 6035 6959 5796 7437 6329 5986 6602
3223 3702 3139 3671 2276 1997 1632 1580 2452 5080 4650 4116 3929 3917 5101 4665 6303 4597 4901 5768 3940 6322 4895 3943 5539 4500 6264 3698 4962
3916 4376 4842 4231 3978 3343 4759 3708 3398 3249 5010 2518 4069 3424 3599 3096 4867 3492 4874 4534 3304 4143 4690 3824 4107 2538 4513 3730 1961
5676 6165 6463 4560 5662 5414 5749 5926 5108 4227 5186 5102 4945 4914 4812 4808 4784 4411 4107 5158 5571 5341 6057 5048 5338 5080 5786 4474 6501
8025 5983 8024 8352 7056 6423 7669 7987 6183 7197 6279 7341 7036 5853 5995 7809 8030 7326 6560 6162 7186 8179 6761 5568 6447 4538 5362 4324 5125
2237 3463 3074 1763 2479 3370 2277 2632 1772 1642 3685 2700 1307 3417 2948 2374 2218 1947 1868 2521 2628 1341 3664 1675 2442 2281 2115 1533 2083
5616 4742 5085 6092 4494 5924 6014 6436 6563 3912 3460 5431 5880 3732 3357 5891 4608 4213 4284 6006 5709 3612 3997 5080 4843 3528 5231 5908 4040
5171 5521 6575 5396 6541 5455 5517 5095 5036 6834 6261 4937 5471 6705 6842 5075 5428 5607 5955 4719 4288 6538 6709 6251 6796 5902 5968 5939 6125
1494 2237 2415 3623 1928 2369 2111 3751 1365 2475 2254 3187 1874 1371 2224 2179 1176 2403 2194 3321 4103 2254 3015 3338 2528 2024 3781 4331 3369
4244 1740 3653 3495 3638 2179 1622 3201 5987 6345 6071 5469 7534 6598 5528 6028 5815 7556 7729 7118 5430 7399 6203 7000 7362 7760 6773 6649 7445
1678 2565 3757 1260 1309 3283 1815 2944 2969 3741 3495 1873 3109 2946 3548 3486 3748 1697 1582 1970 2598 3021 1891 3173 2842 1257 1334 1364 8409
7306 7135 2844 4145 3438 4459 3793 3718 3258 4219 2728 2319 3916 4508 3881 2406 3090 3893 2756 2099 3776 2959 4608 2572 4326 3375 3856 4487 4128
2515 3382 2091 1850 2487 3758 3333 3142 1638 1448 1718 3877 3482 2730 2952 3695 3442 1616 2517 1663 1673 3679 3616 4017 2519 2046 2022 1824 3156
7756 6428 5996 1823 1630 2861 2336 3278 2398 1329 1978 3506 3782 1997 2240 1216 2118 1570 3239 2627 1477 2404 1691 3570 3504 1236 1984 3348 1275
7628 5546 7733 7627 5433 5499 5387 5924 5459 5512 6788 7786 5482 7568 6565 6519 5582 4927 6079 5132 6363 4851 4457 4911 5710 5031 6378 5045 4415
7683 7387 8085 7889 5584 5731 3777 5602 5165 5013 4783 3684 3237 5304 3501 4303 4409 4281 5716 3563 5171 5745 5124 5721 4171 3581 4255 4356 4677
3650 3528 2585 4315 2958 2992 3485 1882 2672 1675 2623 2204 4004 1710 2951 3304 2873 2132 3783 2045 2826 3234 3853 4116 2673 1708 3598 3892 3628
5867 4876 5262 4730 5901 4881 5429 4473 5261 5528 4308 3489 3428 5089 5394 4770 5083 3614 5439 5512 3651 4287 5769 5582 6467 6832 6380 5121 5283
6250 6003 5112 4985 6191 4542 4695 4561 5097 3712 4029 6022 4112 6293 5548 8417 8459 6079 6610 8223 8040 8352 7880 8452 6676 7197 6774 6408 8521
4823 3950 2337 3893 2525 2406 3405 3681 3381 4225 3228 3268 2364 2703 4456 3091 3858 4467 4275 2856 3317 4106 3762 2517 2158 3009 4392 4419 3907
5314 4812 3929 5036 6083 5695 5006 6298 4013 5935 4208 3858 5803 6162 5536 5483 5076 3962 4702 5225 3889 5963 3960 3735 3769 6304 4398 5895 4769
3681 3557 4810 3470 3569 4605 4238 4810 5174 3328 4582 3479 5082 2921 2808 2910 2574 3616 3382 4149 4639 6131 6457 5336 5682 7021 5471 6469 5770
7579 2544 7806 8210 5497 4388 7368 2336 2124 3419 6964 4150 3417 3606 7121 3827 5464 6701 4502 6716 6057 5946 5660 5109 5324 5543 7297 5618 3779 3816
7656 2858 1883 6034 7148 4726 6049 3263 2405 5234 6095 5207 1898 2754 5947 3009 6871 6185 6933 4235 5897 5498 5482 4671 7384 4002 5470 4521 1809 1725
6973 3186 3610 7254 4753 4881 6653 3957 4302 4995 4602 4393 3148 3725 6084 3763 6733 5127 6283 3114 6143 5709 6978 4145 5270 6285 5911 5405 3342 2897
6706 1617 1196 7543 6399 5000 6270 4300 2327 5510 5532 5490 3039 1849 6721 2533 5188 5324 4804 3545 4690 5547 5601 4275 6441 6259 5074 5542 3757 2833
7073 2227 1132 6519 3305 6399 7689 2691 3794 5181 4615 3929 2933 3100 6421 2771 7155 6047 4428 4284 5235 5880 4998 4038 6108 5903 5268 4283 2652 1734
6620 2008 2133 1753 3704 5417 7135 4217 3970 4660 5170 2990 3162 3085 6285 3930 7265 4451 4575 4271 5890 5684 6324 5460 5260 5011 5732 4845 2232 3262
5287 2831 3663 1854 4650 3998 7599 3393 2846 5078 4475 3772 3800 2450 7712 2265 5399 6336 6285 4151 5236 6362 5586 5369 6880 4419 6479 5005 3126 3771
5385 2064 1569 3855 3213 6040 7759 3681 4060 5522 5927 3970 3559 3757 6080 3924 6779 5238 5305 5027 5881 4981 5292 4312 7688 6217 5529 4710 2540 1977
6879 2216 2340 1993 3349 5031 6478 6801 1756 5528 4442 4351 3863 2480 7141 4080 6780 5600 5130 5019 6912 5300 6807 4279 7364 5039 6376 7615 2394 2619
7610 2228 1380 2659 3221 6290 6378 6575 1980 6823 3751 3012 3900 3306 6038 4268 7078 5004 5655 3506 6354 6226 4990 6064 7350 4361 4625 5023 3546 3625
7098 3126 1590 2869 4016 4937 8569 6731 6225 7419 5665 4676 4410 2002 6740 3859 6715 2933 6569 4668 7338 5676 5768 6142 5947 4462 6155 7547 4065 2989
7556 1468 3298 1681 3539 4078 6811 7616 6033 6123 3788 3592 6214 3137 6097 4731 4826 3590 6168 4673 7074 6613 6290 6432 7823 5867 6340 6231 2461 4158
6508 2091 2381 3811 3631 5417 6212 7231 8354 5017 3703 3947 5911 3053 7574 2224 5832 4423 4983 3787 6917 5637 6233 5492 6660 5976 4876 6813 3923 3062
6163 2869 3787 2671 3361 4653 7692 6656 8271 7630 4122 5575 4829 1507 7633 2252 4601 3513 6150 3209 6228 6501 4814 7016 7034 5497 6116 6546 3193 3951
7855 3301 3114 3139 2898 6770 5567 8177 8605 5846 4641 4805 5925 3753 6245 3195 4421 3176 6724 2948 8075 5765 7112 5408 6088 6065 5916 5735 3903 4248
7511 1707 2574 2293 3760 6127 7304 8657 7955 5401 5038 7509 5063 2070 6914 3349 5120 4337 4890 4080 7211 7055 4846 7407 5723 6497 6807 5627 4015 3929
6874 1922 2826 2984 4408 6470 6173 7155 6777 5681 3767 6575 5730 2673 6515 3188 4670 4458 5981 4625 5555 5130 6290 5112 7869 5138 4991 6473 3529 3521
7492 4030 2553 2681 2722 6366 6526 6581 6578 7385 4140 6341 6214 4030 7772 3901 4481 4458 5867 3819 6931 4843 5196 7042 6618 5952 6829 6415 3967 3840
6320 1945 1682 2156 4144 7357 6652 8336 8230 6469 4286 5999 6101 3684 7654 3805 5027 2486 5028 4569 5678 4274 7264 5785 6670 4016 6778 5118 2909 3222
5214 4155 1134 3937 3097 6167 6644 7410 6296 5610 5904 6102 5708 2784 5312 4881 5457 4328 6324 4713 7595 4863 5964 6474 7006 4672 6852 6742 3472 2774
5900 3226 3071 4251 2866 6627 7851 7845 7253 6257 4187 5867 3888 1325 5590 3142 4036 4542 4957 4390 6341 4268 5178 7263 7001 4177 7204 6558 2725 2336
6079 2098 1635 2772 4056 7831 5934 7673 7294 6271 5866 6729 5992 2896 7719 3222 5889 3712 7057 4066 6370 6439 5582 5436 6615 4739 6115 6534 2238 3067
5481 3131 1493 1714 3482 6113 6596 6351 6087 6570 4592 6333 5047 4328 5879 5546 5927 4009 4147 2698 6539 4943 6390 5918 6107 4937 7083 5098 6426 2320
7798 3433 3804 2914 4430 6965 8074 8169 6103 5967 5941 7568 4171 3101 5631 4434 4504 3928 4735 4557 7971 4944 6854 5132 7456 4334 4740 6105 4814 4125
5910 2927 1148 2132 5212 6988 5641 6887 7330 7588 3397 6184 4992 4695 6119 5341 5624 4555 6062 3975 7312 4117 6095 6574 5684 3978 7280 6054 6656 2432
7129 2951 3556 3345 5068 5954 5821 8735 7708 7360 3461 7738 4483 3913 5294 4596 5929 4641 5279 4775 5938 4924 5397 6947 6072 6232 5883 7361 6825 2524
5932 3210 1366 2047 4568 6484 6487 6633 7818 6094 4154 5476 6145 5140 7779 3523 4444 3109 4473 4417 7047 6498 5766 7553 6674 5248 5394 6065 5993 3037
5670 2639 2369 3720 3389 7311 5699 7818 7835 6340 3351 6570 5521 5169 7752 3001 4147 2308 5404 3981 5411 5137 6580 5672 6554 5015 4202 5281 7199 7816
6820 2669 1667 3388 3358 7158 7130 8157 7172 5433 5252 5602 4114 3994 5696 3746 3443 2273 4219 2755 7274 5821 5430 6112 7359 5057 2284 7517 5179 6298
6 3 26 25 116048 1.043865760032752
8 4 27 24 114502 0.9542447290997759
3 23 12 24 51391 0.9107516858701336
8 20 6 4 76762 0.9324499540537522
0 23 11 12 74865 0.987037604327025
19 12 15 19 29930 0.9834211190843887
22 25 12 8 73678 0.9211589114003801
4 22 2 3 81681 1.0623449090278732
10 12 7 22 56491 0.9702462917174834
29 25 19 27 54527 0.9913182839626011
27 2 15 2 26842 1.0683473867837288
13 23 25 27 61183 1.0126140908111827
9 14 21 15 41478 1.0629705252876747
17 4 6 24 101343 1.0118717494435376
4 7 16 25 84375 1.0203189010732752
9 25 1 9 90884 1.0511796096719652
28 19 18 6 68588 0.9349724623673523
4 14 27 12 77455 0.9650927188977783
24 15 14 5 60850 0.9185722396964009
22 22 1 20 100787 0.9379758683019951
28 16 6 8 94588 0.9857062540040928
12 7 18 14 37948 0.9091114488642627
20 3 15 23 67444 1.0726485712300216
7 25 25 3 115940 0.9292436487743085
11 26 0 4 106722 1.0057143034501501
15 5 11 14 41912 1.0915091627720164
2 28 28 23 106605 0.9670563015607935
23 1 26 18 62642 0.966481397989639
11 23 22 5 86671 1.0055229736276514
12 0 22 5 41921 1.0735220364536955
29 19 11 9 84340 1.0921252273237576
28 11 7 22 112980 1.006527186347486
6 29 18 19 62341 0.9964557965858836
28 10 14 13 53838 1.0151519855692386
24 12 8 5 74811 0.9831719568997758
22 13 28 2 46241 1.0482184475198975
17 13 26 18 44491 1.0362180452039234
1 7 26 3 75231 0.9941987168398126
21 2 6 11 66692 1.0716868283478398
3 28 24 5 118052 0.9919700784512012
6 12 21 2 70426 1.081286059681769
22 16 10 27 74878 0.9310365983875942
17 4 29 5 42074 1.063195109506424
14 14 12 23 29662 0.9122382028390269
7 24 9 9 80140 1.031854980452902
25 23 17 26 48324 0.9656904599810415
29 7 14 26 110045 1.001037396667174
24 17 14 10 50710 1.0083614581241718
11 12 26 29 81909 0.9398481057198276
16 26 11 1 73155 1.0361339729774868
4 6 18 15 68792 0.9491554988517468
3 27 2 6 95829 0.9016955947477113
9 7 7 17 49485 0.9206689679228964
2 24 15 4 111339 0.9551645459994003
5 24 3 13 57765 1.0624383677790208
3 18 24 2 101720 0.9109142621753755
22 7 15 2 32076 1.008802522459505
27 29 7 12 96028 0.9358570286526947
10 7 25 3 58105 0.9779448911213529
12 7 23 9 63532 0.9289193219691461
15 28 7 13 59803 1.059552062640553
13 25 7 11 55155 0.9362624653223355
18 18 1 25 94390 1.0132972185226592
10 27 18 24 39583 0.967994668146485
24 13 3 14 64914 1.061585408571326
19 14 6 23 80222 0.9647283766979289
25 12 3 13 68493 1.0234443300618439
19 26 8 28 44472 0.9622229047745468
15 29 12 20 34878 1.0605827805483345
24 14 17 21 43533 1.045445379778755
15 18 11 27 43170 0.9822313179686885
2 25 8 21 50650 0.9151013335049876
0 4 14 19 82163 1.008953762136821
28 22 26 8 61532 0.965873206548168
6 29 29 9 121877 1.0449124935132597
18 25 0 17 92363 1.0035597951329518
18 20 11 7 57030 0.901755356445176
4 12 6 22 54684 0.9516548298436261
24 15 15 5 54995 0.9072978423317086
27 29 6 27 75026 1.0980733320890386
28 4 11 23 104115 0.9768550639137499
23 8 15 13 42940 1.0325183561767253
21 16 9 3 61926 1.083093953272047
9 9 20 9 55333 0.9260050846765134
20 8 0 2 68312 0.9286813286167466
13 6 4 12 46841 0.9859192546996011
20 29 18 18 30569 0.9087518800714474
18 14 25 0 56772 1.0764074328612694
13 12 1 8 50726 1.0295279634506063
22 6 6 8 65840 1.071809894889598
19 18 28 15 45479 1.0228651695928284
24 29 6 22 92148 0.9568107249281703
0 20 21 14 88349 1.032135591001123
24 12 3 23 110466 0.9458677840907045
9 6 29 3 62321 1.071941070017064
4 29 3 11 88437 1.0956388230327059
21 16 1 16 75047 0.9233300402464039
0 8 11 27 97373 1.0960990391548255
16 2 22 7 29502 0.9952722960540153
22 11 1 18 96714 0.9790964702543151
29 22 21 18 49382 0.9023740022492387
10 5 9 24 79215 0.9245301626205727
11 24 19 16 53848 1.0835531857484009
8 23 29 0 122255 0.9632228148199677
18 20 11 24 46963 0.9094609527902934
18 0 22 15 44423 0.9464224012315852
14 2 4 18 75061 0.9706243659783714
23 16 7 25 91639 0.9586606911667371
20 9 0 24 111453 0.9286556085684323
10 2 0 23 90342 0.9012439837948837
24 7 8 3 57789 0.9462860415285634
20 2 0 26 122072 0.9009103692297034
5 2 0 15 47369 0.965169414033854
25 20 7 19 79711 0.9014103771153593
7 19 27 25 102237 0.9710254166906475
11 20 7 9 61974 1.0831118580465606
24 2 3 16 92548 0.9398301971228588
2 8 22 13 75437 1.0905771369599881
5 24 27 6 140237 1.0531111127942396
25 8 6 18 99125 1.0671058905141737
12 19 11 1 52282 1.005459088491693
8 10 10 19 42043 0.9130596480545013
0 15 20 28 95361 1.082266951609134
4 3 14 1 29800 0.9161460835811032
19 17 9 15 38635 1.0132284314362976
23 18 29 14 32045 0.917572982955319
25 17 3 18 94978 1.0943627633101514
1 4 19 25 104671 1.076654784338046
3 9 10 17 52714 0.9095626448815618
29 24 1 26 126635 0.9956526937588704
3 22 11 14 66951 0.9322432437737092
4 2 9 28 95154 1.021509989787359
22 1 5 4 50575 0.979174040251565
17 1 9 20 74711 0.9377388505371934
23 11 15 4 49869 0.9428745722392805
6 0 7 14 60456 0.9706011980390111
28 28 26 20 40411 0.9649202025437589
24 15 10 16 54825 0.9024257327504047
0 29 16 26 59774 1.0064981097747934
21 13 1 6 75152 0.9948809884863001
18 14 24 9 31570 1.0606153415937674
20 24 7 18 74581 1.0582157886662578
9 1 1 5 27752 1.050530955632561
26 12 9 1 72690 0.9166091312808655
14 2 15 16 43934 0.9624975739439731
19 0 0 5 62880 0.9219913104300643
2 6 3 21 68038 1.0460511380306872
13 6 25 16 61755 1.0639966402901968
16 27 26 25 51721 1.0456675393734354
13 24 23 4 77759 0.9304103746296607
14 4 14 20 48746 1.0852125712622818
7 26 7 7 98432 0.9049442683603136
3 13 23 24 86916 0.9026102115315991
17 7 27 6 44789 0.9597498567770651
29 25 14 1 109600 1.0860391910355476
1 27 20 25 73239 0.9903234517384647
17 18 28 3 70056 1.0954418246777964
28 6 8 27 128428 0.9757322858797552
23 17 27 24 39568 0.9584850906733938
28 5 4 23 145588 0.9663578958861462
20 17 10 28 58599 0.9541582257525691
8 21 19 8 79267 0.9464910665685613
19 18 28 3 63618 1.0568027973439769
2 28 29 8 136805 1.0630477259093387
21 8 23 0 35919 0.9357627247129289
25 24 1 2 119209 1.097699207484503
21 14 5 17 69261 0.9835064547252356
25 14 16 9 42440 0.9217374202965983
18 28 25 11 63593 0.9023145685482907
28 6 13 23 96007 1.0592823649189989
25 2 1 19 114514 0.98888262176987
7 27 4 19 60314 1.0875842954965445
16 27 3 18 82507 1.0507638287206094
24 28 9 11 86300 1.0900518311626455
1 12 24 6 89171 0.9584308701638016
18 4 3 16 75979 0.979146740063497
2 6 22 21 104124 0.9790024150185785
29 27 1 29 101102 1.0876004437752809
25 7 6 13 74283 0.9935376419743882
24 1 1 7 70697 0.9000561450452248
1 22 5 1 83860 1.0559435372600507
6 1 4 26 107996 0.9019693738927358
2 5 15 29 106694 1.0892365902710717
1 13 16 6 59045 1.013325927760532
13 9 3 18 58711 1.0080818332367754
3 5 14 17 72855 1.0938663144020928
0 23 13 3 99737 1.0364394159252066
20 3 10 1 25684 0.9204405705911581
22 29 20 13 39888 0.937308487681965
29 7 18 13 59876 0.9882756921057092
17 18 10 24 50456 1.0886940993650425
27 28 18 5 87930 1.0491137290680344
8 27 19 3 95233 0.9889739123885308
27 10 18 23 61854 0.9736700151359694
1 20 21 2 112825 0.9861630806446435
10 18 27 13 69990 1.0439943756285948
12 4 12 28 64390 0.9676551071846426
5 21 1 8 63072 1.0294542893108223
21 20 16 11 34564 0.9235118193873785
17 25 0 20 95274 1.0411236575974454
3 0 10 19 74073 0.9535335510849011
27 9 16 27 84800 0.965166545347063
1 17 2 5 46504 0.9656082988001746
25 4 7 10 77965 0.976973884501692
28 25 25 8 73845 0.9182766677824301
21 21 12 14 47216 0.9732808850822775
14 13 4 11 36277 0.9918665869805685
22 19 0 26 99147 1.0252072995421166
2 0 27 11 93136 0.9135957234690122
16 0 9 21 78223 0.9841767449017234
12 20 27 13 68805 0.9638844361977712
7 8 2 16 46377 0.9984721134447412
19 2 5 28 99698 0.9561226218432812
25 21 12 7 75484 1.0714259088922324
0 20 17 27 90178 0.9009092723385833
13 13 6 10 35143 1.0206326128813328
9 20 19 29 67396 0.9547444209050541
28 12 18 11 44733 0.9465351314694017
3 16 2 3 50523 0.9316628931809248
15 28 10 19 40424 1.0506086507754948
21 22 29 7 70971 0.9417759552915241
21 1 2 10 77964 0.9900974241732078
16 26 28 20 72750 0.9209556067535716
21 7 7 22 93435 1.03802201829982
20 18 2 13 63570 1.0273723607839176
2 15 20 6 78471 1.0625382277735371
10 4 29 27 125426 1.058312384256871
27 20 11 9 80960 0.9055407319068743
6 11 26 2 78328 0.9509341592969198
8 2 0 10 40002 0.9046424464890135
7 2 20 15 64734 0.978520570908715
20 21 13 1 66020 0.9708284293732398
18 3 8 24 96024 1.0837694619343012
13 29 26 21 72200 1.0063379129975525
8 18 23 26 86658 0.9409391907428888
3 14 23 28 96458 0.984424899907605
19 16 18 7 30836 1.05068150259501
25 22 17 6 71103 0.9336709672391831
2 24 29 16 135347 0.9043706546789909
14 18 12 27 32973 1.014771403997572
11 15 23 3 63249 0.9781194404041722
3 25 28 29 99769 0.9834224098411216
16 12 2 9 60119 0.9357879158198372
26 15 13 28 79165 0.9616293262947571
12 4 5 0 35313 0.9620734167788363
3 3 14 8 46622 0.9179117091245481
28 29 12 16 85698 0.9691136359091845
28 28 10 16 96698 1.014124313780087
18 0 3 21 109053 1.0187646600540783
24 8 3 18 94706 1.035332661216438
0 11 18 10 66676 0.9660299893107678
20 16 4 19 71602 1.0435601429685577
4 8 1 17 43517 0.9261675857001732
10 6 19 20 68046 1.0484367312947405
1 27 18 16 87443 0.905825149959654
0 12 18 9 67194 0.9994558494657242
19 19 5 14 60435 1.083935719138599
9 23 21 2 93700 1.0057473828065935
0 18 22 12 86573 0.9690883382681
13 15 20 7 40867 0.9536831805038067
0 12 25 18 90158 0.9411733933795295
24 24 0 11 105767 1.0507511332557815
27 13 2 7 100563 0.9121909719849294
7 17 20 23 68308 0.9859170439901088
23 20 0 18 100902 0.9574829611496257
0 16 18 22 80729 0.9082675344424964
17 11 5 0 63865 0.9916744458264783
10 8 15 29 71690 1.073314720862708
20 1 4 28 106866 0.9635246636791761
20 19 26 29 41084 0.9112611089107461
19 12 22 28 44484 1.040277777969301
21 26 1 2 102639 1.0883451903583257
29 12 9 28 105561 1.0774424844139767
8 17 3 28 74234 0.9211282704062936
25 6 14 18 67683 0.9856825837600376
2 19 22 17 83073 0.963184960964866
3 22 17 23 81039 0.9044313576308035
22 18 14 2 59986 1.028381405019663
16 29 25 16 63764 1.062168009750301
6 1 3 25 102647 0.9570158593878755
14 29 22 20 50729 0.9969518431031337
15 5 3 0 42488 1.0686111370077165
0 22 6 27 45589 0.947200203297011
26 26 13 9 87694 1.0307072465833143
28 6 6 1 65865 0.9512623655169397
22 13 21 22 21784 1.0714220004493522
20 15 25 27 51928 0.9439710292606809
21 20 12 16 45956 1.0984670266288126
4 2 8 21 87222 1.0461357136678897
26 18 18 4 64999 1.0333385747066128
13 28 28 27 60100 0.9208002645619277
29 4 6 13 90914 1.0789409359868574
16 13 17 1 31511 1.0312472455867252
21 10 3 28 95456 0.9121385693600573
17 1 17 21 55612 0.9006961412960394
1 10 18 18 68199 0.9041293514909489
4 27 21 17 84885 0.9523756906083833
7 24 29 20 117603 0.9947795218420895
15 7 8 14 46966 1.0945321320440655
12 27 5 23 53492 0.9525083051684395
21 2 20 22 54178 0.9676384047959989
19 6 26 29 76571 0.9944177405337021
11 0 24 25 97711 0.991999865170508
1 18 8 15 42447 1.0945239421211197
28 3 19 17 60006 1.0725840172060772
4 20 2 29 52070 1.022479607896432
29 23 28 0 93679 1.0093890893390272
5 5 25 8 83798 1.0806287704258561
27 3 10 17 81886 1.0748069521327963
2 27 11 19 69246 1.0632535250399362
29 0 28 18 66365 1.0097118691570919
6 26 15 28 41158 0.9225313318579398
6 0 25 29 114090 1.0158431143376427
23 19 28 5 65562 1.0433718804561052
25 14 13 7 53718 0.9335596711664538
0 24 0 1 81384 0.9104885957165082
28 3 14 16 72992 0.9033934537107887
9 7 0 1 34624 1.025612482579676
26 27 6 20 115128 1.0546544720621753
12 15 6 26 64893 1.0051183883838621
23 23 3 12 87624 0.9753994799394381
23 22 21 8 43853 0.9982362334436711
5 6 10 27 101150 1.0346865831903171
5 7 15 21 77148 0.96908624587417
7 29 23 12 86468 0.9555643881623402
20 9 1 11 71042 0.9737676109406224
1 13 27 24 109950 1.076950434217067
5 2 29 23 128622 0.9128343006744385
10 2 6 12 43195 0.9114182305819083
9 27 28 26 81106 1.0325738110171228
24 26 1 17 119657 0.9496791714901405
15 1 29 27 111193 0.9752982256316186
19 27 7 17 72488 1.0961492807322883
25 19 15 8 61282 1.0106852483448907
9 24 20 18 68617 0.9047966365819738
12 23 27 15 78428 1.0221739008805102
15 25 3 2 87988 0.9103771896361715
9 6 20 4 40675 1.057059165506402
3 9 16 28 92003 1.0138153381864914
0 9 5 22 68743 1.0349977809076143
5 17 26 7 106648 1.0691326292227727
21 22 27 17 35271 0.9379192543149428
7 15 26 4 91733 1.0556483065186177
22 18 3 15 73593 1.075781332199233
6 15 12 9 43740 1.0013112432391593
14 2 0 0 41456 0.9593172403843201
24 11 14 20 55610 1.0935686214000901
5 9 29 9 107322 1.0064024059114791
14 29 22 16 59802 0.9540306062880806
2 7 18 23 90619 0.9504070528279146
26 23 20 12 53987 1.0656224834108068
19 26 7 11 75473 1.008089995186003
18 28 9 0 88197 1.0151049472134184
19 2 29 20 78292 1.058614882003906
29 16 18 20 47714 0.9559019492174781
12 16 17 5 45531 1.0843118070861621
1 0 27 27 138187 1.0052901026565837
29 0 21 25 79903 1.0436647750833064
27 26 21 4 81691 0.9599618945605639
0 0 15 12 73817 1.0086279544736498
4 29 12 0 103161 1.0142323479919395
13 14 28 1 68419 1.0379130302015482
25 26 18 18 52635 1.0307928154049346
23 24 3 27 83309 0.9944863880829703
28 15 1 9 100034 1.0183875020165045
17 14 9 5 48841 1.030119652233903
25 17 8 29 87432 1.0630626340561038
3 13 9 29 79108 1.0521711966797893
23 21 4 5 103077 0.917870100977089
3 23 23 8 122511 0.9773351905584026
15 7 7 9 51496 1.0504880480143188
24 26 2 20 115350 0.9517377698792517
19 15 10 1 58640 1.078411286534979
23 20 5 11 77407 0.9994100130570223
8 17 25 26 94210 1.021309553034607
11 18 26 7 83287 1.0540961857632718
18 23 25 18 42510 0.9006843170475872
1 11 20 29 95478 0.9329780138209381
1 1 13 23 79641 1.0047131457048857
1 21 27 1 132957 0.9760875361011117
2 4 29 8 95616 1.0000826125235776
23 28 17 9 69640 0.9069004512075317
16 28 29 9 91251 1.0117703952403612
16 15 7 29 57916 0.9525762907432875
8 0 28 18 99648 1.049885325040587
25 4 20 24 70077 0.9631151977628034
13 25 13 7 42781 0.9987391546464014
12 29 12 6 62344 1.06070300052152
9 13 21 14 35321 1.0393153489755442
25 21 20 7 49319 1.03949218655905
5 3 10 27 93253 1.056227515158504
26 14 1 9 92035 0.9218687141145754
27 24 24 14 44768 1.0683272480654706
5 15 24 23 88416 0.9398821209852954
15 13 29 11 56117 1.0823800407122883
20 13 10 18 44592 1.075475894306565
0 25 20 26 78042 0.9310603359805594
11 23 13 14 33433 0.9981176842848214
6 0 9 10 35326 0.9290099231337804
23 3 8 19 86354 0.9241638484126652
19 4 19 14 35272 1.06827047009827
24 13 20 27 46223 1.0575479085009432
0 7 13 15 60102 0.9273695073319775
26 3 14 9 54382 1.0330396999659524
23 4 27 13 39966 0.9923213536117423
9 16 25 7 78246 1.0564070981456322
9 9 11 19 45766 1.0608259801771631
29 27 2 0 148437 1.0517696260290441
28 16 5 26 121474 1.0719781798319183
25 12 18 1 47767 1.036745497389881
0 29 19 28 62067 0.9168651346023768
29 29 20 5 90836 1.0819778203119519
1 4 7 10 39625 1.085202147346967
28 13 29 23 43581 0.9446746968597042
27 18 17 2 71266 1.0410827428281553
27 24 10 0 110840 0.9639693046013817
5 15 18 28 73077 1.0811003772794803
14 29 10 22 38035 0.935169959466067
29 9 7 1 79575 0.9902671305841705
13 29 6 5 85749 0.9918335469989028
19 19 13 13 31044 0.993537040268824
2 7 15 20 80312 0.9969162100281349
20 2 5 23 110049 0.9311696910834784
20 0 3 26 121835 1.054188814231742
22 0 27 15 65662 1.0518399326331964
28 5 18 6 43761 1.0311915226242618
10 25 6 12 64777 1.0560566179635877
15 12 3 24 89637 1.0079515957041472
24 16 1 26 115875 1.0090986391972288
1 23 8 5 96942 0.9700097860700102
12 21 26 13 65013 0.9044231896786364
28 11 11 28 97694 0.9353028328926007
28 22 11 12 86688 0.9646020311097643
28 8 22 14 46362 0.9395526370636231
11 6 20 23 73812 0.918873919811338
5 2 8 28 96416 1.0290911996341405
23 6 9 23 100715 1.0749105974694468
16 1 4 19 86511 1.038754695110927
0 10 21 19 81880 1.0243648284090678
21 3 28 29 85738 1.067464989248834
5 21 10 11 64788 1.0462177292092438
18 0 11 11 47299 0.9789496389107514
4 10 19 19 67894 1.022561748787093
10 18 26 22 79710 1.09393160906825
21 17 16 7 36973 0.965774119210652
4 26 3 15 59765 1.0189886688700287
3 29 6 1 112121 1.0924157051383598
15 23 6 27 51003 0.9225527166129901
1 8 12 5 45974 1.0525858907419818
23 27 26 14 55906 0.9918728449199764
20 19 28 0 69125 0.9916666196544164
20 21 10 20 48961 0.9380355262252227
14 13 4 16 38215 1.0599499628580642
10 18 16 2 58773 0.9058446315464471
29 3 0 12 98428 0.9607148863008896
11 16 26 28 88113 1.0095059786865321
0 12 22 25 95161 0.9913833086966582
7 28 9 6 85529 0.9059661721756325
22 11 13 15 40904 1.013259166513417
20 2 5 26 113989 0.9998240020963811
29 16 5 14 89320 0.9980354612992609
13 21 25 29 55983 1.0785986254457696
15 26 28 13 82675 1.0365338668157418
8 12 7 1 41311 0.9615841391539648
3 20 29 22 126918 1.0612694506086047
27 27 17 8 90885 1.0071310848204995
17 19 9 3 58149 0.9565678572554225
27 19 8 12 77352 0.9167860985087604
26 29 25 9 71038 0.9514991708853606
26 29 16 16 57670 0.9495351886571193
22 29 13 1 85376 0.9630556854159109
5 14 27 23 102126 1.0964762810953186
0 13 2 28 64117 1.0596833252955575
18 29 20 9 55678 1.0419069108576071
2 19 27 14 105390 0.9273396027032783
14 19 4 11 52751 0.9822502437802472
1 4 26 11 93336 0.9077096495004964
9 0 29 26 124028 0.9552158324359972
21 23 12 13 45458 1.0699826729745496
23 29 7 14 85626 0.9032620899590051
23 17 1 18 97989 1.0415738769580132
22 13 4 9 65132 0.9543822331423162
22 14 19 5 39604 0.9869196313041306
3 3 13 27 82896 0.9643446782867042
11 9 27 10 71404 1.0967448263784596
18 12 29 20 58155 1.0441284119000143
11 24 14 16 36946 1.0855682661376223
13 20 23 14 50343 0.9678796544963849
3 5 12 21 83943 0.9721346941887812
14 21 9 29 37469 1.0997891298855746
12 29 20 13 59314 0.9163501173466142
7 15 14 10 38938 0.9832836302947449
23 18 15 25 56948 1.0880039683425946
6 11 17 0 63457 1.0913380024009698
11 29 14 22 27827 1.0663416317950885
9 17 2 23 60577 1.086426021688236
19 19 26 25 47706 1.0495381260852767
20 16 25 22 35559 0.9037089941944502
1 5 18 22 90778 1.0584184522262166
9 18 26 25 92491 0.9634944854964539
7 3 9 27 93160 1.019070894254937
16 20 23 27 50445 0.904515208267118
16 25 26 1 84631 1.0956154439657375
27 0 29 10 43229 1.0069786415306894
18 3 29 27 104141 1.0285968472461071
13 0 23 5 39074 0.9046884581529535
28 0 17 5 41730 1.097980148680696
14 10 17 17 28402 0.9440791919597705
7 10 29 14 90793 1.0358524886007356
2 11 16 0 67941 0.9082577080647304
15 12 19 0 46483 0.9810347730764509
22 20 0 13 81507 0.9946348274182003
20 21 0 16 84144 1.0363567885761404
27 16 18 6 59276 1.0262514891030121
10 25 18 1 86670 0.9817501065710437
23 19 14 12 45343 1.0807750857168203
0 1 6 11 46203 0.9955906743608348
22 9 9 28 86355 1.085925056216123
2 24 24 28 97934 1.0586258082894022
12 25 6 2 77941 1.0381213591686695
13 19 25 27 70661 0.9726499135466248
10 14 15 28 50116 1.0097126730341788
25 8 5 12 80836 1.0966789094711638
26 22 0 6 122482 0.9833213883781288
21 23 0 24 94343 0.9052126267257493
16 15 7 13 28660 1.0268867592916386
6 9 26 21 99756 0.9103991780195487
1 16 18 22 80665 0.9061565899672793
23 27 12 29 44539 1.0432256550515635
6 29 13 15 52891 1.066083406151711
7 19 20 3 83275 0.9374447064862939
7 8 6 26 99541 1.0462254947562468
28 25 21 6 79206 0.928128476114596
25 7 3 0 74890 0.9936194879114514
2 20 26 22 115242 0.9669213209332835
6 22 6 4 88266 0.9671278464579017
21 22 13 28 43046 1.007349406851558
12 5 4 23 96275 0.9074886301434631
0 1 18 23 93214 1.009764629327489
17 5 25 10 47496 1.032966748235056
11 16 0 10 55172 0.9405240904051497
20 24 14 3 71830 1.0623076665876379
10 16 2 5 63367 1.0938115367509047
1 1 3 13 39590 1.0558281312508015
26 3 29 28 97424 0.9368945140930023
24 12 29 28 74075 1.0183640378588743
3 15 17 28 77832 1.0972105402908647
12 8 21 13 41286 1.0335321613718502
29 10 14 9 71889 1.0542335544397885
22 17 2 11 75850 0.9046514063141651
22 27 21 11 44695 1.0501946990069242
2 6 6 27 107817 1.0412337851901439
3 14 6 7 33870 0.9596111988506976
6 1 22 20 84214 1.0143137551531771
1 6 21 21 91636 1.0544433866611609
15 12 10 6 45409 0.9672671974257849
8 1 19 4 33892 1.0420899436108584
25 1 7 4 50627 0.9753918710421392
25 28 20 7 69353 0.9099464942535711
29 21 20 3 79706 0.930337519326033
7 6 27 12 93432 1.0644229442329867
29 21 13 8 84824 1.0934526684200638
11 24 21 24 60639 0.9824516663661708
19 17 7 11 51794 0.9963947064799157
18 2 26 17 61137 0.9567951317330836
1 3 21 27 107263 0.9941118631175256
6 25 17 16 71292 0.9136165661848631
16 27 9 9 70762 0.9957304830146045
12 23 28 12 82898 1.0199805915543114
0 15 24 24 105823 1.0972194737410423
5 7 14 18 65895 0.9515202491199499
16 23 14 0 64453 0.9700316111001401
29 23 26 5 79505 1.0306508032215014
19 8 26 14 43232 0.9913752965649463
8 21 0 15 59353 1.0275495602526254
2 10 7 18 54105 1.055290875362322
10 8 20 13 46937 0.9282432897517578
12 22 2 13 59439 1.0206761245225198
19 21 13 1 65453 0.9232651434489155
15 2 5 24 108457 1.0322971811798207
16 8 4 19 68614 1.082609019057793
1 24 14 17 83401 1.08049822528624
0 18 18 22 86977 1.0420448103602014
19 6 13 15 45692 1.0757640587763024
26 4 23 29 83666 0.975585585066076
28 3 25 26 84542 1.0092497839318952
3 17 23 14 80183 0.9273991545062694
11 4 22 20 72237 1.0081054432858032
26 17 3 19 97092 1.0273683291236786
24 20 22 3 52236 1.048933755778645
5 28 21 7 96052 1.0756311377329209
14 9 23 15 48407 1.0686911045364929
23 5 19 19 56371 1.0901255087268835
15 28 24 1 91601 0.9501328585544838
7 12 26 23 93223 1.0717836443815307
24 22 7 17 81493 1.0746595641977545
7 26 10 7 88974 1.0140481230853593
17 20 20 1 59352 1.07954567176882
16 9 9 19 47222 0.917183193677144
25 11 26 28 69791 0.9616274493360337
1 16 25 4 106389 0.9653294134716136
1 28 22 6 115882 0.9164081848182463
2 19 15 6 86062 0.9124458461428028
18 10 16 25 45286 0.9675956849487186
3 2 25 23 110490 0.9455194140986829
27 22 23 10 54971 0.9847901747973021
18 26 24 13 49283 1.0017709212815635
9 18 27 12 78009 0.9224027517140468
6 28 16 27 37497 1.0046707157627854
28 1 24 9 33548 0.9202420297461191
12 13 25 14 43033 0.9673868485635613
19 1 13 14 47451 0.9146261507171325
14 24 20 12 56042 1.0626180915718506
25 8 17 10 46593 1.0860738143700301
18 6 29 29 94854 1.0285708871586938
10 7 8 25 79306 1.0522257351486195
6 13 7 24 70189 1.0834304916299622
12 29 22 20 57742 1.0523954527382946
19 20 4 12 63969 1.0643636637768836
20 13 15 20 33517 1.0839759825735078
2 22 27 4 141699 1.0366726536266813
8 7 17 22 70766 0.9615017108815824
20 25 9 14 66073 1.0819178594200154
24 1 6 0 50276 1.0040880453451482
7 3 8 21 78238 1.0311414842171498
13 24 2 12 63614 0.9306488386365305
17 15 29 3 65141 1.011962775665575
18 0 0 26 123499 0.9022106505844747
22 4 13 23 72602 1.0559705500313672
21 14 27 22 45150 0.9922690115518975
28 0 25 21 75109 1.0653589410975637
24 26 23 5 65710 0.9914654066035086
25 23 12 13 67112 1.0015686697628
8 0 28 24 121833 0.9158944283822924
15 23 23 2 73393 0.9827346662984463
15 11 14 22 40463 0.9699911661550444
3 5 2 14 40175 1.0741113798978028
23 13 2 4 87134 1.0338776120429372
14 29 6 12 66021 0.9000670911321603
7 13 6 1 50445 1.0248881652066042
18 26 27 16 59199 1.0235454332482061
5 11 11 21 61548 0.9574391660891965
8 19 16 3 67388 1.0765988286943406
8 18 13 0 68581 0.9875765492835038
2 19 21 0 110925 0.9709958250479186
11 10 28 22 90736 1.02352653785453
14 25 16 17 34602 1.011476825870591
24 1 0 19 112782 0.9598697844168333
22 14 27 22 49352 0.9033018511769961
28 8 8 28 115350 0.9325694690874641
14 26 4 4 89824 0.9775872715074604
15 14 21 19 35161 1.025623008915655
19 7 9 4 44462 0.9570371807851336
1 6 19 8 73254 0.9093380789812526
24 17 6 16 73632 1.0699657916669314
8 13 1 1 53831 1.028884092474342
11 21 15 10 48626 1.026910254737263
20 18 3 15 64082 1.0862022535157716
17 29 29 11 87219 0.9013009794321653
6 9 14 0 47381 0.9355882866981459
25 19 18 8 50656 0.933710770008276
26 15 1 12 85224 1.0497398160974662
23 19 19 4 48205 0.9477208568702584
22 23 3 28 77487 1.0637193473067366
8 5 9 17 50453 0.9069436230193949
24 25 18 6 69402 1.0136192853520305
1 24 9 6 94446 0.9532588736381596
4 3 25 12 83577 1.0436941531680686
16 19 12 28 34360 0.9061281385021932
0 22 28 12 126033 1.0228553073790734
18 25 28 9 77155 0.9138564737602911
9 29 18 7 81749 1.0759150555190433
23 21 28 16 35419 0.9092495861031994
5 19 27 17 92372 1.0878733741102058
2 9 29 4 95418 1.0633531299245678
4 22 25 3 122584 0.9790114757364793
8 10 16 13 34213 1.0678476547292448
29 7 12 1 59800 1.0730746837602703
19 16 29 1 62863 1.0320616288707367
24 4 6 10 75265 0.9938426659790407
20 7 24 22 48436 0.9533107124188147
23 27 1 6 117657 1.0503985907546531
21 2 7 4 37671 1.061010410419946
10 1 24 18 74850 0.9332849580123705
29 8 4 11 103869 0.9958294611526219
18 2 2 16 83945 0.9447796494556996
14 20 23 6 70214 0.9595649828950775
8 26 12 3 86325 0.9318151645045564
10 14 22 27 70849 1.0136295975265475
5 1 23 6 58768 0.9535233912959228
7 10 16 15 43735 0.9294247704966506
25 7 7 6 78235 1.0992263854363125
16 23 3 21 77473 1.0560412468690323
19 28 28 14 71380 1.0962502143057804
11 24 4 27 42325 0.9606773904645032
18 7 5 6 61701 0.9188764350634612
21 29 26 24 36282 0.9852591589843142
18 19 11 22 37694 1.0995466686380637
12 22 27 10 78185 0.9521734664202322
7 12 17 18 44881 1.090979228823333
28 14 25 28 67582 0.9688629985300837
12 3 22 25 81656 1.073985212345121
16 12 0 15 53426 0.9178537665497893
5 26 24 19 98319 0.9652415929003245
17 28 1 25 69391 0.9966086714961743
10 18 21 6 64524 0.9448777484340057
4 19 27 28 109310 0.9531550349446593
14 3 27 10 57968 0.943712659596277
14 6 0 21 91524 1.0803266466427772
3 13 9 9 34496 0.9591415378896192
4 20 22 3 104854 0.9774369050131743
2 8 21 4 68360 1.0815195184679047
13 8 28 7 69173 1.0537676087300365
21 21 4 0 85546 1.0235999789872225
22 2 17 13 40668 0.9545630300005968
6 26 28 2 129049 1.0372617866920004
4 7 27 22 115912 0.9933488818952277
24 2 12 9 48026 1.0363387623358125
4 1 6 26 114183 1.0253881011789774
15 8 23 12 44067 0.9472543777723726
27 28 6 3 120067 0.9294500180920192
8 15 13 29 49852 1.0039338209187882
10 17 18 3 57633 1.04845269863271
29 28 29 8 86332 0.9201427204877205
23 12 26 21 37003 1.0137532147304869
16 18 3 15 49139 0.9781218324607415
0 1 14 29 98265 0.9870477838876053
2 17 14 7 71350 1.0941727173828175
29 7 7 2 71029 0.9544518654901022
25 17 25 3 46335 1.0973970597083058
29 7 23 27 87961 1.090032892270813
20 5 23 13 30945 1.0084471891766749
18 17 5 6 77533 1.005306194401036
17 19 7 17 45465 0.9427131271371305
28 25 27 1 85244 1.041017621767069
3 7 15 20 76825 1.0796157159558597
4 3 20 14 72745 1.0370405425228486
4 19 27 6 116815 0.9764345512579983
17 8 2 16 69683 1.0243798973320997
22 21 28 28 54062 1.0688066271154573
20 9 29 25 77506 0.9054373115996495
21 5 3 24 122200 0.9333443902157965
13 17 13 3 34584 1.028500205090588
9 3 12 19 53206 1.017338978187139
25 26 5 5 126588 0.9784030476621132
13 22 4 4 73646 0.9918005321667864
20 11 5 13 51130 0.9648146399319923
21 14 17 8 31555 1.030164928719553
1 21 1 8 53786 0.9553788896877752
23 14 22 5 41827 1.0047038619541537
29 16 20 23 50415 1.093582309459076
16 26 5 9 84437 0.9448054023366967
1 8 19 2 58014 0.9331470233008574
3 14 21 4 77687 1.029094637628092
9 7 9 21 58370 1.0424179388180215
9 17 4 29 67336 0.940352130110774
10 13 19 14 30417 0.9951106305702806
24 17 18 22 33873 0.9983441091822709
12 13 20 29 58515 0.9975602029808268
6 5 28 9 87714 1.012368191962952
15 21 3 6 85770 1.0622006175039544
21 15 23 28 38648 0.959960601343687
27 8 1 4 84202 1.063502221110432
25 27 3 13 103068 0.9922469092145744
18 0 28 3 29189 1.0804535286066574
17 9 13 22 42759 0.91989852429176
12 11 9 4 29390 0.9872963411739364
19 12 8 5 60289 1.0525595832089254
18 28 3 4 100208 0.9770853020820364
21 1 8 26 107068 0.9954773894726616
12 9 5 5 44615 1.0037100615699974
21 25 15 12 49086 0.9321916536744416
2 10 29 0 98703 0.970077689970819
21 15 22 28 32222 1.0765183777406975
23 10 10 23 82442 1.0881422112365529
10 20 28 0 101983 1.0300855773173119
10 15 19 21 44002 1.0313965981324542
19 6 8 16 68560 1.077161969626736
3 16 16 5 66921 1.0258575005846646
13 3 12 21 49185 1.0268194172703353
19 0 15 7 37045 1.0996362923936394
26 22 8 26 99129 0.9126246191437982
29 4 26 18 58278 0.9569665401290914
15 1 4 20 91669 0.917623886887869
6 8 13 29 74133 0.9853008874855956
20 9 5 13 54296 1.0922321018873982
21 12 13 18 37208 1.0538144370462417
9 7 14 28 68161 0.952253992352861
4 26 25 15 112804 1.011887329133011
6 6 19 14 69790 1.019583560755676
17 23 11 0 76053 0.9873234679338657
7 20 25 14 85431 1.0525302973856623
4 27 15 25 49684 1.0847947262079698
17 24 12 29 36789 1.016001805833855
16 29 16 6 60628 1.0775946003708725
4 24 10 14 69919 1.0104341363507767
7 15 27 0 94310 1.0739297169464812
21 10 29 23 71959 0.9436718335926467
29 7 13 25 101648 0.906470830032186
25 24 19 20 43288 1.096124502437319
0 13 7 18 45425 1.0855238623679713
2 10 25 13 83830 1.0203685368586621
13 6 10 26 63901 1.068886497183118
21 14 7 23 80166 1.087103258239461
24 8 0 0 82703 1.0011826118385567
29 16 16 0 78127 0.9401359975579946
20 7 8 25 89250 1.0128165244380793
22 28 11 19 57935 0.9532092384624794
6 25 25 7 118178 0.9940078399176788
8 12 5 4 42562 1.0022761215863467
4 20 12 13 52282 1.0053241661508796
27 13 26 28 59379 0.9636389253722352
22 0 16 19 63428 1.0578183638812664
2 9 17 16 68689 1.0998898190976856
23 14 2 5 95794 1.0633158118154666
14 3 14 21 52720 1.0536966208555627
9 24 19 5 95051 1.0567996759950502
28 5 24 14 45962 1.0441463975241319
28 4 3 2 64044 1.0597732810111244
7 4 20 0 40497 0.9952679906264136
6 25 11 6 94422 1.0185963652089314
13 29 2 5 98495 1.089778228414399
24 7 17 23 64113 1.085554568353556
3 7 4 29 98828 0.9404610307055634
18 23 6 16 64762 0.9732146865124116
22 21 13 19 42006 0.982234140654637
28 29 3 9 127547 1.0724748565254727
11 4 15 11 33729 0.9981624883757736
24 29 14 21 57568 1.0137444719703481
25 9 5 28 107862 1.0060082369304124
26 19 3 1 101140 1.0316444035032128
26 16 14 23 73335 1.0269375644679246
23 22 25 9 49468 0.9882048823924793
3 22 20 2 112418 0.9294898547578898
5 9 2 29 95872 0.9734075898252719
21 23 15 9 50266 0.9269721010596029
6 25 10 14 64566 0.9703705554516249
3 27 20 17 83331 1.0560067727099431
25 18 26 2 55106 1.0728085460227708
25 12 9 0 71430 1.018987799526396
6 6 3 19 59351 0.9515085684954727
15 26 8 6 81462 0.9567259818832891
29 19 9 16 86327 1.0983551204326816
20 16 23 4 40125 0.9225002126669287
21 10 22 23 35281 0.9526773448034351
0 13 16 13 45634 0.9878088516858617
0 1 4 16 54321 1.0035598900794314
21 22 21 5 40356 1.0254875117318045
23 11 7 20 81422 1.0771254721221397
10 22 15 3 68990 0.9327243389231294
23 19 28 8 54452 1.0303701992210739
21 10 29 3 37687 1.0389417030385657
9 15 6 3 47247 1.0009940195770446
10 1 24 8 51813 0.9056757751068666
1 19 20 23 88874 0.9532944750436636
4 24 28 5 152233 1.0504754607988651
4 25 28 21 124285 1.0617485095034886
3 25 17 17 84952 0.9270135208893926
2 24 7 7 87716 0.9868041950596375
2 25 7 4 106480 1.0574796255008836
28 15 14 2 74829 0.9904974636532462
0 23 20 18 103416 1.0443640145068096
24 7 7 22 102549 1.0141248130096645
5 18 13 25 55355 0.9284735240707841
17 12 26 13 36049 0.9012917032744475
15 20 5 7 72860 0.9062975111145358
3 6 5 28 103010 0.9408765335289215
26 0 22 12 51834 0.9510597457666747
11 10 15 19 36112 0.9907242240357634
17 16 25 7 54526 1.0721361540152206
14 6 28 13 73626 1.0595860973499325
2 7 17 14 69880 0.9559058037291401
19 18 2 27 85253 1.0270266761064295
7 24 10 13 60811 0.9569307141103862
14 2 26 24 95319 0.9506915740564235
27 2 16 0 26598 1.0110439454397246
28 10 0 10 103019 0.9242947337458898
22 8 29 21 68878 0.9673456513114157
24 7 5 21 108682 1.0052672121699455
12 8 22 5 54913 1.0239511755569977
22 0 8 8 58704 0.9120055135079378
3 25 21 27 76521 1.0231806188108534
12 15 7 27 55111 1.0104155959756564
7 26 22 29 63520 0.9702539306801164
28 3 20 0 28027 0.9965956418888171
14 13 25 16 44233 0.933308322028915
28 16 21 9 46279 0.9874032912116839
9 12 27 22 84400 0.9127100744536895
21 5 10 6 46120 1.0243780707094785
0 26 18 26 66832 0.9930360277984359
15 4 1 4 43308 1.0287038489458822
6 7 1 16 46586 1.0703193151544093
7 27 19 12 79581 1.0815655031207059
5 19 25 11 92333 0.9597116960013604
10 24 10 3 77886 0.9903856851950017
16 17 7 14 38213 1.0959008026176313
13 25 2 17 71349 0.9194929570472162
8 15 22 25 74688 1.0453762149197154
16 8 10 27 66332 0.9989521323921993
10 9 23 29 84731 0.9080321618841312
24 26 24 12 41212 1.0006304413977256
0 24 3 1 82534 0.9636468334146542
5 19 13 10 57566 1.0346625493884565
29 24 12 3 116603 0.9746944914915188
5 13 19 4 63188 0.9040755703413195
18 16 22 7 41717 0.9651500149369694
22 25 5 15 84807 1.0670661985164547
8 27 15 2 90949 1.0920287064987166
6 14 18 4 62290 1.086226998210564
21 16 26 6 45785 1.0142001700477619
18 28 25 17 50289 0.9558489130287756
6 3 27 8 68673 1.0282414882505102
22 28 18 18 32376 1.066397318146333
13 15 3 12 40230 0.9203258378027963
5 14 17 7 57854 1.010135466998635
16 27 16 10 43226 0.9000163105304637
9 6 17 2 32033 1.0673871826463657
13 14 24 5 57105 0.9506991515151171
10 24 0 21 59839 0.9748640509417588
4 2 11 11 43445 0.994871833348124
6 7 10 16 44922 0.9992322463809241
9 21 0 23 52875 0.9425686404976771
20 5 5 29 104111 1.0609058253592392
10 0 0 15 65436 1.0388150866372103
1 19 2 7 52064 0.9589451943372742
18 17 29 22 61480 0.9694708268128585
14 12 4 9 46546 0.9486785492200602
0 2 18 28 106607 0.9005009385516197
20 29 24 15 46797 0.9391268528303914
21 16 4 3 76549 0.9273080229284499
22 0 5 23 126383 0.915014315114691
12 23 3 7 81595 1.0143081261106983
25 24 21 7 61730 0.9018866116811505
16 21 25 1 70545 1.0687935404502231
22 21 19 4 51984 1.0176720391329714
26 1 18 14 53856 0.9885435818194268
18 23 5 6 90292 1.0262225914105116
22 7 10 4 51669 1.013333930304729
18 13 0 3 77759 0.9687392693170536
28 11 8 3 80936 0.9685068498635385
0 20 12 25 77414 0.9373166827124106
16 12 5 28 67159 1.0301407860931415
23 5 19 14 44029 1.0910250600451612
29 4 2 7 88818 1.0559848036357207
13 12 26 22 65506 1.0585657035925977
5 3 8 10 31729 0.996140656983201
16 16 2 13 45048 1.0579156573005082
26 18 13 26 74919 1.0065556868775771
29 1 1 3 70151 1.0723332226145836
26 1 22 20 65258 1.0337821381246652
11 28 12 7 62325 1.0184417337531042
20 23 23 4 57513 1.0083096463366337
8 4 16 7 34183 0.9827705187690664
26 18 29 1 65354 0.9154653386879189
27 2 16 29 92165 1.014251694742687
15 21 28 12 71088 0.9767351561018887
16 20 27 14 56140 1.0865634561189312
29 9 17 10 57859 1.067349880230142
3 4 24 4 62155 1.0189168473620767
28 9 15 15 60894 1.0858406219818588
14 6 25 29 90808 1.0269386704219892
17 24 11 7 71362 0.9518584282859539
24 24 11 3 90720 1.0229064927478202
5 20 25 8 107902 0.980351370773951
23 16 9 11 56886 0.9078436380117413
0 10 25 27 122523 0.9454505238139091
11 13 2 20 57449 0.916517040637927
18 19 8 28 54446 0.9517047327163536
2 26 21 14 102795 1.0090810948341644
23 27 8 2 101069 0.9224516822176455
26 13 22 28 55392 0.9723357301497543
18 3 5 8 48576 0.9620413271777613
9 27 26 16 96460 1.072160587714278
27 12 20 16 35926 1.0963895369615406
11 10 16 16 28287 1.0842056109485676
12 5 28 6 61305 1.0550683647839298
7 9 9 20 63005 0.9111716937930567
23 23 29 8 70791 0.9030366421755903
28 17 0 27 122063 0.9099532676072647
6 19 16 13 51629 1.017180844405168
9 18 12 3 58488 0.938480683157161
13 0 13 13 32401 0.9831126549175493
24 24 1 13 96299 0.943993406416287
3 22 9 10 71275 1.006869294163232
10 27 28 5 122499 1.084266654230281
12 12 12 27 47470 0.9246242957495684
17 0 8 1 25172 0.9334299256140782
13 2 13 18 39605 1.0397022183649218
27 4 8 8 64673 1.058196212490139
17 25 8 14 60969 1.043787734979458
26 3 15 3 30968 0.9447453908549839
19 25 26 16 55006 0.9461481112640104
28 25 8 15 103237 0.9290967723628223
20 17 6 2 72932 0.9927022334889436
12 0 20 7 39172 1.0942488702868225
14 14 0 15 49461 1.0266680731269526
0 15 10 4 60411 1.0030632610057937
20 20 6 2 78728 0.9631062684306798
24 17 12 7 62015 1.0262533396638496
28 28 4 26 95834 1.0542717199965839
