3147 2954 3490 3139 3394 3525 3308 3910 3546 3502 3200 3372 4043 3697 3689 3183 3471 3680 3468 4011 3290 3649 3644 3246 3734 3830 4111 3447 3353
4298 4160 4696 4801 5524 5036 4957 5192 5449 5043 4943 4795 4870 5464 5172 5408 5345 5058 5587 5172 5529 5346 5427 5578 5667 5415 5191 5544 4762
3024 3485 2856 3231 3150 2586 3496 3449 2750 3230 3214 3296 3418 2557 2751 2549 3025 3426 2557 2688 3495 2801 3465 2561 8824 8227 7946 8561 8672
6877 7512 6815 7424 7071 7519 6778 5848 5784 5946 5473 5931 5143 5784 5854 5252 5527 5552 5663 5987 5493 5529 5534 5097 5818 5057 5337 5545 5629
5530 5257 5212 4859 5175 4733 4942 5191 4770 5077 4916 4823 4917 5397 4783 4288 5026 4790 4564 4906 4274 4576 4636 4944 5116 4709 4301 4362 4157
2943 2503 2904 2638 3256 3069 3069 3211 2721 3019 2897 2969 3200 3096 3069 2892 3284 2602 3398 2689 2633 2970 3412 2754 2935 3171 7677 7990 7247
6257 6316 6550 6169 6044 6635 5782 6411 6388 6201 6126 6645 5736 5718 6324 5978 6008 6650 6267 5932 5806 5284 5146 5113 5291 5601 4972 5559 5237
1870 1834 1963 1447 2222 2113 1388 2054 1826 1542 2314 1508 2278 1977 2127 2072 2353 2084 2266 2156 1925 1391 1900 1746 5327 5228 4705 4701 5001
6827 7440 6588 7175 7176 7476 6888 6803 7002 6905 6645 7197 7194 7256 7446 7207 7270 6498 7312 7295 6909 7208 7402 6947 5895 6091 5863 5980 5941
7806 7391 7814 7653 7729 7368 7795 7039 3749 3643 3271 3516 3230 3353 3104 3639 3407 3817 3282 3175 3142 3329 3769 3771 3807 3779 3972 3742 3066
5201 5258 5106 5283 5926 4981 4974 5486 4935 5099 5622 5561 5116 5084 5343 4990 5090 5862 5194 5317 5133 5657 5674 5933 8353 8294 8477 7762 7701
3389 3171 3201 3262 3520 2954 3454 3526 2649 3230 2726 3525 2848 2805 2669 2711 3439 3085 3164 2667 3129 3521 3290 3071 3243 8426 8745 8316 7896
1742 2187 1862 1649 2230 1555 1302 1914 2191 2109 1551 2373 2608 1765 1712 1765 2321 1967 2046 2117 2246 2664 1761 2252 2205 2251 2247 1788 2205
5992 6057 6175 6055 6487 6468 5957 6326 6134 6436 5659 5996 6601 6156 6526 6004 6029 6136 6083 6138 6403 6254 6207 5811 6093 6080 6515 5880 6595
2899 2114 2377 6194 6223 6207 6316 5956 5776 6121 6344 6191 6247 5689 5872 5743 5888 6255 6332 6309 6117 6144 5993 6273 6238 6031 5420 5349 5622
7959 7501 7482 7822 7456 7765 8170 7548 7971 7896 8148 7304 7572 7820 7561 7974 8082 7613 7790 1727 1333 1853 1955 2132 1537 1755 1576 1787 1534
1992 1389 1814 2307 2232 1636 1659 1999 1995 1659 2153 2241 1771 1840 1901 1748 2006 1797 1417 2233 2134 2029 1936 1401 1872 2930 2385 2982 2921
7773 7630 7756 8195 7632 8188 8200 7683 8163 7774 8336 8269 8065 7834 7980 7621 7921 7547 8196 7856 8014 8296 8360 7531 7563 4627 4210 3855 4481
2943 2988 2205 3102 3064 3030 2320 2734 2239 2623 3172 3103 2503 2668 2411 2594 3043 2767 3039 3144 2746 2193 2951 3520 3198 3295 3693 3312 3699
8711 8276 8047 8560 5118 4946 5457 4969 4974 4878 4551 5388 4764 4649 4919 5241 5223 4495 4925 4879 4834 5279 5098 4716 5406 5011 5485 4577 5455
8803 8838 8573 8029 8208 8612 8661 8303 8900 8298 8623 8410 8544 8134 8390 8582 8507 8469 8567 8040 8714 2562 2659 2645 2731 2939 2761 2841 2362
4372 4388 3918 3935 3788 4129 3551 3752 4064 4107 4112 3759 4296 3660 3982 3613 4075 4017 3551 3404 3878 3944 3718 4110 3550 3418 3830 3821 4225
4747 3982 4093 4584 4763 4399 4000 4150 4598 4352 4095 5480 5138 5035 5550 5060 4997 4548 5335 5489 4697 4980 4951 4555 5130 5431 4907 5244 4680
3766 4571 7351 7655 7561 7611 6980 7211 7543 6784 7662 7333 7503 7227 7487 7610 7202 7015 6688 7088 6810 6986 6825 6970 7359 7074 6957 7519 7477
4828 4728 5420 5408 4608 5220 5356 5492 5067 5403 4600 4687 4560 4628 5345 4671 5025 5309 5420 4778 4778 4558 4723 4906 4592 5270 5243 2161 2403
1544 1766 1609 2298 2367 1803 1844 1488 2087 1473 2281 1991 1409 1919 1924 1464 1747 1996 1701 1449 2192 1738 2951 2941 3741 3292 3718 3792 2951
4539 4595 4208 4877 4470 4506 7916 7383 7588 7274 7163 7271 7158 7577 7188 7218 8047 7636 7325 7293 8043 7792 7699 7141 7978 8066 7799 7915 7517
6354 6199 5439 5507 5381 5647 6080 5631 5744 6281 7820 7645 7508 8181 7564 8377 7491 8330 7769 8151 7926 7834 8162 7432 7962 7842 8044 8227 7903
4326 3767 4397 3622 3884 3858 3722 3877 4059 4081 4065 3844 3641 3709 3549 3553 4297 3889 3871 4492 4499 3919 4762 4221 4542 4698 4061 4108 4068
4917 5746 5359 5831 4841 5097 5796 5630 5196 4850 5491 4889 5600 5129 5044 5100 5044 5151 5484 5152 3324 4100 3536 3343 3727 3320 3969 4077 3614
4564 1938 3342 3291 8108 4165 2482 6748 2492 3138 5147 3028 2576 7631 3072 7358 3824 7845 1715 5072 2110 6081 6251 4311 5673 2096 4563 3037 2942 2242
4742 2384 3725 3688 8130 4549 3304 6794 2477 4019 5043 2148 2350 7793 7396 8211 3998 8365 1983 5376 2350 5680 6511 4383 4902 2732 4914 3017 3520 2184
4897 2551 3644 3676 7444 4730 2797 7184 3170 3826 5863 2369 2818 8083 7051 7507 4133 7757 1871 5089 1856 6115 6876 4021 5230 2810 5460 2829 3542 2438
4252 2664 2785 3476 7274 4691 2571 7581 2340 3179 5850 2778 3264 8565 6752 7950 4190 7542 1255 5005 1993 6275 6576 4672 5696 2526 4989 3200 2687 2532
4219 2002 3419 3586 7816 4606 3095 6900 2559 3275 5715 3029 2364 8515 6864 8334 4068 7688 2065 7752 2554 5784 6728 4556 5040 2114 5476 3465 3087 1607
4199 1988 3164 3273 7221 4242 3018 7119 3323 3253 5098 2155 3221 7805 6655 7391 3478 7641 1534 8026 2464 6270 6258 4248 5335 2128 5124 3013 2731 1890
4654 1767 3506 4109 5357 4235 2765 7559 3046 3780 5685 2259 2909 7724 6950 7401 3802 8277 1666 8063 1848 7405 7209 4966 5464 3080 5079 2767 2852 2610
4879 1512 3489 3406 4927 3972 2880 6934 2977 3700 5755 2912 2318 7591 6574 8023 4265 8382 1208 8413 2133 6871 6685 4921 5211 2162 5143 3226 3277 2385
4383 1709 3701 3904 5193 4735 2687 6778 2567 3499 4870 2647 3187 8445 6884 5655 4327 8086 1854 8691 1699 7358 6814 4892 4918 2186 5516 3352 2905 2294
4409 1259 3505 3401 5008 4241 3208 7667 2596 3189 5168 2257 2402 6649 6441 5982 3496 8417 1982 7898 1982 6663 6963 4625 5528 2163 4619 3358 3274 2499
4914 1919 2974 4083 5681 4549 2836 6915 3307 3897 5002 2360 3155 6295 7087 5986 4250 6790 1300 7875 2270 7557 7168 4956 4897 2920 3358 3279 3294 1971
4727 1121 3230 3890 5451 4501 2457 7181 2373 3493 5030 2652 2554 6566 7267 5912 3681 6853 1982 7948 2650 7562 6653 4288 4902 2136 3298 3113 2917 2008
4393 1686 3587 3713 5563 4415 2765 7294 3146 3482 4874 2318 3031 6597 6881 5509 3644 6677 1678 8567 2676 7087 6957 4210 5582 2587 3594 3234 3410 2399
4485 1716 2824 4081 5588 4206 2860 7457 3280 3488 4186 3030 3023 6855 6870 5150 4422 6096 1519 8591 1810 6653 3572 4194 5033 2236 3399 3213 3295 2566
5163 1497 3009 3643 5261 4118 3228 7629 2812 3412 4649 3016 2650 6805 7236 5565 3473 5940 4535 8425 2248 7285 3605 4263 5515 2113 3161 3469 3546 2040
4405 1439 3043 3728 4948 6284 2683 7625 3315 3786 3725 2925 2575 7079 6556 6050 4354 6522 4399 7714 2102 7131 3469 4060 5266 2580 2701 3414 2750 2559
4286 1454 3733 3273 4957 5792 2987 7104 2431 3933 4508 2417 2718 6543 6909 5599 3780 6548 4192 8077 2572 6632 3407 4263 5326 2546 3194 3208 2781 2076
4948 1114 3607 4034 5671 5951 2473 7183 2669 3066 4329 2974 2650 6490 6762 5296 4278 6345 4839 7841 2250 6786 4319 4858 5259 2908 3296 3015 2884 1810
4995 1744 3601 3685 5886 5495 2552 6866 2520 3759 4250 2213 2650 6717 7267 5121 3515 6703 4849 7931 2630 6692 3422 4725 5062 2605 2604 3190 2666 2465
4387 1549 3616 3556 5249 6106 2877 7274 3020 3645 4138 7110 3063 6598 6449 5924 4378 6068 4450 8416 2382 6783 3622 4251 5433 2796 2766 3091 3608 1727
4664 1737 2817 3282 5546 6250 6050 7185 3077 3567 4199 7120 2914 6241 6838 5760 3970 5987 4658 7700 7120 7462 4376 4493 5276 2315 3488 3165 7268 1805
4261 1309 3474 3264 5447 5906 6459 6877 4211 3369 4132 7289 2255 6933 6874 5675 4218 6102 4605 7752 7144 6648 4358 4246 5066 3005 3273 3093 6930 2585
4548 1390 3314 4670 5048 6124 6883 6746 4140 3102 4133 7664 2645 6654 7263 5262 4030 5884 4942 8311 7166 7220 3445 8025 5050 3060 3463 3255 6547 2194
4762 1378 3227 3955 4918 5948 6152 7179 3679 3976 3957 7066 2646 6586 6999 5851 3666 6000 5175 8425 7201 7056 4005 7737 4804 2217 3499 2620 7016 7962
4611 1252 4162 4793 5466 5703 6576 7212 3548 3870 4131 6985 2504 7009 7367 5292 3935 6717 5082 8071 6307 7249 3497 8104 4539 2199 2871 3163 6826 7773
4733 1726 4572 4168 5440 5877 6368 7636 3412 3162 4221 7013 2988 6709 7277 5735 2155 6315 5077 8141 6877 7090 4264 8254 4957 5808 3209 3668 7227 8189
4130 2027 4254 3986 5187 5693 6692 8083 4289 3183 3930 7626 2274 6942 7380 5608 1634 6173 4191 8181 6335 6897 4267 8349 4398 5483 3080 4174 6860 7399
4718 1063 4735 4553 5424 6263 6659 7942 3747 3352 3737 7698 3051 6924 7395 5268 2069 6118 4214 7933 6555 6960 4390 8219 4845 5899 2637 3884 6641 7890
4042 1822 4410 4452 5180 5757 6785 7838 4177 8298 4516 7041 2726 6402 6542 5372 2035 6473 4354 8678 6601 6889 4387 8211 4392 5616 3565 3617 6893 7440
3 13 19 5 64543 0.9035279469261489
17 20 4 18 29162 0.9053853273141951
29 7 5 22 97330 0.9910150549219712
25 23 15 0 60821 0.9941032821001693
25 23 17 3 60900 0.9698488715712132
26 2 13 9 43958 1.0601040149860408
17 5 22 28 71118 1.0950335305929613
0 20 13 10 47358 0.9803017666130888
9 0 24 8 48093 0.932328673411974
16 29 13 7 58488 1.0985545386895579
29 24 10 7 96318 1.0271803598707607
4 8 20 24 72443 0.9106001858970424
11 21 17 9 39314 0.9200844640932087
21 14 9 4 64168 1.0221776254147756
17 21 20 3 55908 0.985964042339782
27 10 16 22 55344 0.9126143866423913
28 16 22 11 25849 1.0701853866141553
28 15 9 28 78805 1.0370328015005528
20 9 0 22 76853 0.9800316604018506
29 22 23 11 47330 0.9613354017054317
13 27 2 4 74854 0.9811227067888872
1 29 24 5 106415 0.9084163566749697
14 19 29 4 81165 0.9063670079265354
0 17 21 9 71312 0.9287536148824651
27 28 29 4 86816 1.0118394155852457
11 0 23 28 88628 0.9054825048082304
8 6 27 25 91958 1.0238803564400099
19 22 4 7 68708 0.9920649725543764
0 27 14 28 42370 1.0719460606933657
29 27 19 1 76546 1.0836366323120619
16 25 28 22 46205 0.9652989070312646
20 2 14 20 52920 1.0606774148533435
5 25 17 29 34998 1.0578089350316797
7 29 27 27 57140 0.9638054668345216
21 14 2 15 69167 1.0053561449717572
20 28 14 8 57656 1.0360119370161542
12 5 6 17 41775 1.0757799208689929
13 7 10 16 33213 1.094192554345447
3 8 18 2 43703 1.0551963866404623
6 12 25 3 53280 1.0660474470785815
14 2 28 20 68107 0.9532603709387618
22 11 16 1 42633 0.9911603561080462
28 23 7 28 77282 0.9583971684352199
10 5 4 17 47334 1.0178436338044512
16 8 18 23 35473 1.0610769211522417
28 15 22 7 39476 0.9143320392771367
5 20 23 5 83244 0.9192200037270297
0 3 12 24 75025 0.9505767367619993
4 6 2 19 43349 1.049008167162655
12 28 6 24 26224 0.9775697137975266
5 12 16 27 53799 0.9232772158507244
1 1 28 12 69461 0.9778370589296429
22 6 11 17 60375 0.967267283395555
9 4 9 23 56472 0.9875006000342075
27 15 0 4 89264 0.90235351199136
29 29 0 26 93493 0.9411136433089244
18 5 22 15 45461 1.0952229201441661
12 11 23 5 53697 0.9473689996625838
20 22 23 5 61838 1.0659700698318852
10 16 25 9 56850 0.9865866861524131
20 21 7 4 67731 1.0510678458001108
20 25 9 9 61836 1.0431269039840334
0 6 13 2 42905 1.0638700083200177
7 27 9 18 29706 0.979246008143743
28 0 5 22 83366 1.0953335565712337
9 24 15 16 40681 0.9714938589311217
1 0 22 28 104301 1.010751547270857
17 13 24 1 41073 0.9245843263045379
27 14 3 15 95464 1.0599757223630994
4 12 4 29 60941 1.0782945900872685
25 7 8 4 48643 1.021868270253187
29 3 2 0 58213 0.9635477122031586
26 5 13 4 44407 1.0989629732390098
20 24 12 4 62471 1.0911574223880882
15 1 24 14 46068 0.988656519376476
29 20 7 5 90698 0.9356663059632653
11 22 7 9 37080 0.9465114133132413
12 9 22 14 43613 1.004045602472493
8 0 22 25 80517 0.9143004850225114
25 8 26 22 29635 1.0504173673421748
20 21 12 6 55125 1.0299983117562364
22 24 7 12 64809 0.9869731728426595
20 5 24 25 70463 1.0712112610045545
1 20 12 3 53324 1.0076890297858678
10 16 24 13 53161 1.0346841232219774
14 4 15 25 51408 1.0348092812917762
6 27 29 20 91125 1.0205636319586622
23 16 16 0 50243 0.9433094104487473
1 22 23 26 75704 0.9321147525785405
14 4 21 28 73409 0.9488661064792216
18 2 12 24 58041 0.9503297198411557
21 3 1 1 43118 0.9397915548215946
28 0 4 25 93062 1.0554531477494946
21 1 19 28 69395 1.0301752582214558
10 0 25 9 42768 1.082453881618211
13 27 0 8 70837 0.9010842939378891
25 3 8 27 87547 1.086656893238928
28 16 3 11 73198 0.9367062556366956
2 24 10 14 49428 0.907759437895168
2 10 3 24 47033 1.083455304759737
28 17 19 3 57115 0.9550168301906133
11 7 27 21 79113 0.9885066715613511
9 14 27 2 64834 0.9846784616665952
29 20 2 24 99995 1.0211980849410065
10 4 4 18 48251 1.0049547833720889
23 9 10 2 49639 1.084207102795666
4 15 11 26 46608 0.9033496740799574
21 15 25 6 33152 0.9411821105423116
14 13 12 27 42771 0.9491945014001293
0 7 6 2 32588 1.0153932530479417
25 28 28 4 69359 0.9017431820619157
18 23 7 21 34207 0.9784259208642754
6 19 6 29 42314 1.0079997049436342
28 4 16 17 59879 1.0437467785789116
21 3 0 20 80960 0.9586083068915109
5 12 18 12 36393 1.0304686113102282
10 2 20 19 67275 1.0060987913418311
7 7 18 3 32586 1.0947331202056894
7 20 23 15 61484 0.9507973897794768
11 6 29 28 95802 0.9931602779479262
19 22 2 27 59801 1.0977804672819318
0 9 11 17 48296 0.9822377489578558
23 12 4 28 79598 0.989595247043523
2 23 18 5 74955 1.0411218010731376
29 10 20 15 48424 1.0650907706401156
22 26 5 12 69495 1.0218959362714024
5 4 22 15 78350 0.983939709316529
4 25 6 13 42370 1.0228693487102969
3 12 18 26 63628 0.9930553404719789
25 28 16 16 51278 1.0220559252281214
19 2 25 28 75131 0.9448394479217315
8 18 20 20 29951 0.9751070353998729
29 6 14 4 57677 1.0854672138426356
5 6 11 1 21761 0.9539668833778189
18 18 13 6 40571 0.9938153072778563
8 10 9 23 40962 1.0706591713110736
28 22 12 9 71695 0.9282966689363173
19 29 18 8 54335 1.0233907368810415
29 24 16 11 68012 0.9591418890970089
23 26 3 29 55626 0.9520195145783875
24 26 24 12 35839 1.053437564307175
26 6 11 15 63732 0.9703616215968974
3 2 23 23 92120 1.030465562941661
26 1 12 11 39541 0.9482057874936706
1 10 24 24 90737 0.9906077230934389
1 24 19 18 63363 0.9269315714411915
2 20 18 24 46517 1.0643575956722788
25 12 0 23 84086 0.9803303862671909
23 13 8 2 65768 0.9463971212798838
9 27 22 12 63059 0.9414074362600344
20 14 16 7 33927 1.03555381080388
26 16 20 25 35407 1.0845211719870675
2 19 20 8 61156 1.033377820286217
17 9 18 29 48708 0.992806899622345
13 2 23 19 69212 0.9497122831612841
12 1 18 21 49703 0.9595757727391068
27 22 17 26 42565 1.0401770722774262
23 20 5 8 79039 1.0542863100247168
27 7 10 2 53038 1.0755817113545143
2 7 13 5 37780 1.0635384387247202
12 11 20 9 29504 0.9050374647969951
13 27 7 18 31349 0.9829236152377807
13 8 2 2 37822 1.0061024776635614
19 27 5 26 43040 0.9686700248916672
12 19 5 26 33191 1.0807667615002936
11 21 21 10 51194 0.9740685300761516
10 15 1 14 46310 1.024879892485758
21 26 15 9 50512 1.0088015186029744
7 10 2 18 25104 0.9034857113798449
5 22 23 19 65906 1.057761521617139
12 29 28 16 66202 0.932452886896896
15 14 29 7 63299 1.0429687645375332
8 9 29 10 75933 1.0605003901908705
21 24 6 19 53358 0.9419294133181271
10 25 10 14 40783 1.0353180895009868
29 18 3 8 92157 1.043841363586099
7 6 28 5 56850 0.9056505229271921
14 19 5 9 42584 1.096759292687236
0 15 27 25 87978 1.0546075462525755
16 23 4 4 69580 0.9947815521519088
11 28 7 5 58456 1.010659199642835
17 2 9 17 53602 0.9234491013027589
0 14 22 12 68387 0.9763738669192297
22 7 15 17 45914 1.053329471029411
28 2 16 13 44365 1.076188512925786
10 16 19 12 35078 1.0022056506844226
25 23 2 19 71710 0.9640903325396024
14 12 20 5 35995 1.0797988597871857
25 29 28 18 43948 0.9091661461901609
8 17 28 21 79941 0.9867945684624377
24 9 9 25 73440 0.9278963297167742
7 8 20 27 67191 1.0675930304869161
23 26 3 7 91134 1.0983037826432382
27 21 16 17 57658 1.059363298336291
7 7 21 6 43931 0.9015441017211769
17 26 7 21 35853 1.0113442625081834
29 21 11 15 81573 0.9246273272910115
11 1 19 19 55587 0.9628559703665115
1 5 12 27 73019 1.093860703240802
3 8 16 19 53223 0.9192156986276458
1 19 21 8 69246 0.9313966984447523
15 17 0 1 66024 0.9906362624942558
6 2 22 12 56532 1.0532975236317579
24 2 13 11 43609 0.9549734040639333
3 25 27 28 77661 1.0738299249296173
10 16 29 6 84769 0.9581253414981861
14 21 25 17 55437 0.9354326131625932
22 18 10 24 56072 1.010331730079182
29 22 23 13 47033 1.0891069161326907
13 28 0 16 52553 1.0783495202966906
9 21 15 10 41712 1.0789878461136413
21 14 10 28 65314 1.0202081090720347
3 6 6 19 42905 0.9648528281246779
15 19 5 10 42660 0.9633967812214432
7 22 10 29 30379 1.0654495922277314
7 29 0 20 47099 0.924907688107843
1 2 26 17 80086 1.0472428691447713
2 2 18 26 82233 0.9238387423808809
6 25 21 0 78721 0.9479599498740556
25 16 28 1 32539 0.9669162228290352
22 2 20 16 55544 1.0379114277430366
17 21 0 9 68958 1.0290402139250556
7 18 17 2 52082 1.0545187679127386
26 24 13 17 61960 1.0318324268076442
15 18 25 7 48827 1.0647687426579169
17 2 0 24 84007 0.9804840145888863
20 25 2 12 67585 0.9033137365276829
9 24 20 16 52278 0.9539050023637726
29 29 4 15 99149 1.013648882201991
9 14 22 15 57581 1.0314178352491883
6 3 3 25 59973 0.9880207357762978
24 26 4 22 67894 0.9103770198659845
25 7 11 29 74655 1.0330125760554474
15 8 26 14 46013 1.013119420915512
20 17 21 4 56875 0.9665264930195007
10 6 15 1 19675 1.0724327429462104
9 20 5 26 24500 0.9655651080048857
13 1 4 26 71050 0.9613702968937397
8 18 10 2 43171 1.0328947948921274
20 13 9 3 58785 1.0839923816036776
21 28 27 15 54172 0.91307027849518
20 13 19 2 45205 1.0892014581404788
22 12 17 2 39678 1.0178708499145823
28 5 6 21 92449 1.055448578718458
28 14 16 24 58939 1.0291027259606398
9 25 7 2 52327 1.0466696662377568
26 9 28 23 44129 0.9787965831444797
24 24 17 12 49297 1.053799557072723
8 1 0 6 31123 0.9728713251825802
12 5 23 0 28329 0.9562506963606539
24 26 26 16 28774 0.954547813500112
6 22 21 13 63099 0.9507869173981051
15 11 21 24 45971 0.9904755828060171
9 6 16 10 27349 1.0915170733617088
1 9 19 5 62737 0.9889367163993084
24 11 14 12 31453 0.9829641572105127
29 25 19 13 66244 1.0824057086458285
5 11 19 15 48843 0.9655517599162571
16 10 8 21 43453 1.0467045481078103
0 5 18 18 76568 0.9090381252973772
11 21 20 19 32489 1.0402833172648438
4 6 5 29 73247 1.078305174887044
14 18 24 5 62712 0.9392989353714318
18 5 16 25 44281 1.0250178826135157
29 23 26 2 62196 1.0231234135802298
27 23 6 6 94368 1.0521623351422897
22 2 5 22 74186 0.9835351941357025
4 3 5 14 36731 0.9827030484546609
22 29 7 17 51796 0.9828397128119815
29 1 25 25 54817 0.9608434427350651
0 16 27 17 90550 0.9203431934072539
23 14 16 28 66007 1.023265401143154
3 1 15 29 75361 1.050662392302467
14 20 17 8 29542 1.0171128160694343
8 16 16 7 44930 0.9269286044115553
4 2 28 5 56948 0.9019157294020826
0 19 13 11 40712 1.0585689331351449
0 26 26 12 92477 0.990288728375359
7 1 22 15 66550 0.977594369902692
20 16 27 29 69616 1.0369609069186492
3 2 24 20 80170 0.983043556740555
18 20 26 17 47055 1.0951042517090424
29 24 10 21 74161 1.0167307962502787
15 18 21 2 48532 1.0498462354572635
25 29 16 0 76851 0.9825680300656695
3 19 16 4 59277 1.059681305100753
20 0 15 5 28690 0.979678021161975
26 12 20 16 29523 0.9064248276595385
15 20 3 17 31295 0.9372736484472373
0 20 19 21 47031 1.0413679421826962
13 2 19 8 28143 0.9594181447811816
13 3 4 8 35111 1.0158381215405599
22 15 16 27 51339 0.9693039250526936
6 13 5 25 40256 1.0703640869830284
19 4 11 19 57486 0.9214803378672676
10 12 20 15 40983 0.9469783250935052
11 0 2 2 24245 0.9059755997393993
3 0 15 20 66647 1.0113700108289383
28 8 17 24 70864 0.9004697736100359
25 14 13 9 44112 0.9744511163818715
5 15 3 3 43276 1.0236876082191124
17 12 20 21 35979 0.9405219596983889
3 4 17 15 69701 1.0403870839444431
22 1 18 29 68713 1.0273171811325814
21 2 5 25 80865 0.9973441346066111
17 15 29 0 56677 1.0868409243534496
1 5 21 10 72531 0.9355456058644934
13 12 17 20 25533 0.9486043786975362
23 11 3 21 74863 0.9785368260709593
9 14 19 19 44561 1.0844806411829155
23 26 8 13 72141 1.029551654611886
16 7 6 26 62856 0.9951690318836393
26 4 24 21 43824 1.0601041461023692
11 17 13 7 32402 0.9249603732756636
24 21 19 13 43841 1.0663196636810797
27 21 7 26 75320 1.0468844221856766
28 12 7 29 82797 1.0860416921105494
22 18 7 11 62449 1.0979815114549374
19 26 12 1 62860 1.0237757905727496
14 1 19 15 42091 1.0272241033937881
22 27 21 10 61141 1.0510139388780908
8 28 17 23 35728 1.0102170862390323
1 22 18 4 81065 0.9789132734158349
7 3 2 29 75837 1.0081715081696296
15 22 29 16 56404 0.9475080897517026
6 24 18 28 40407 0.9670936902238004
16 16 0 16 43500 0.9934210624680436
29 20 15 22 62652 0.9472091838549379
29 14 14 0 61537 0.9881116454584252
21 16 4 2 71800 0.9814130430544614
10 19 20 4 66065 1.0129557873558501
15 13 0 14 57134 1.096452259285745
0 28 25 17 88610 1.089246106843634
28 16 11 1 53967 0.9947802375908235
25 11 8 0 51116 0.9749994797890192
29 22 22 12 42642 0.9957169151746736
25 4 12 12 45861 0.937017256631096
24 11 2 27 92717 0.9382569905261269
3 5 26 7 70461 0.9974625567328127
10 27 18 4 66711 1.0395532685433801
1 3 18 21 78224 1.063738357123084
2 17 16 2 60166 0.9525630875233778
10 19 25 29 65389 0.9329079502669673
23 18 26 26 33471 0.9424493427655356
10 13 17 6 36788 1.0998712409938656
22 14 9 5 63221 0.9858172589886701
7 20 29 5 90552 1.0341824124989079
28 11 2 20 81200 0.9847022885227434
6 25 1 6 60864 1.0146289786930658
4 14 27 12 73010 0.9350901062788012
27 25 24 9 48078 1.0371338374165826
8 10 4 16 29379 1.0828812151997345
23 16 16 27 50309 1.090846694031831
15 23 3 14 51557 0.9375752939303241
20 27 9 5 76563 1.0517616138421608
12 23 1 5 64064 1.0411208110523535
17 2 6 0 25504 0.9327332175694374
7 21 15 24 26666 1.0326029167868374
20 14 26 1 47577 1.0886097143947508
5 23 29 20 89996 1.0921307185090487
4 29 11 15 51726 1.091866343099029
5 28 28 3 107088 0.9141859541667406
6 14 5 0 38114 1.0283556516739707
28 4 9 24 94004 0.9284518945425111
13 14 26 25 66392 1.0844602353843829
14 24 8 19 35418 1.0000717952534157
3 20 27 28 84447 1.0601964831826056
15 17 6 23 38275 1.0329184291338969
4 14 9 20 30165 1.068784640846694
16 1 23 21 64040 1.0413973049616219
28 16 20 27 44810 0.9600666818319883
3 16 23 15 76065 1.0569410259082017
7 15 1 27 48598 1.096046458353458
26 29 13 12 77926 1.0025735133218385
28 11 17 20 53487 0.9845735682766577
8 8 22 4 51422 1.056919030300497
0 20 19 21 47031 1.0867703796728396
4 22 19 7 70636 1.0626366919028518
29 17 6 10 78055 0.9270724459895774
28 18 20 9 44389 0.9374857825063024
16 7 27 9 39726 1.0163359969129837
15 2 22 7 36768 1.0041969375911322
26 6 18 14 41380 0.9591659004841789
7 5 5 24 46139 1.041842041161531
22 17 25 4 38678 0.9283803558132815
7 17 26 24 65046 1.0617722901026407
8 29 1 10 71992 0.9783433299238936
9 7 17 9 33796 1.029868764407042
10 10 27 26 80410 1.0639122029360792
6 28 28 11 93568 0.9933218979798731
16 20 16 0 37789 0.9991944399790882
17 21 7 26 40181 1.047699294512592
23 6 20 14 48736 0.9710953270723446
16 10 0 14 54765 0.9465874600846185
8 17 23 24 62258 1.066168014268676
4 20 11 5 48603 0.9599816073108612
18 9 11 22 45901 0.9579945174925466
20 7 25 0 37767 1.0984134019241143
17 16 1 20 43868 0.9788795428406096
22 27 25 14 39892 0.9327314103877835
26 5 15 27 71845 1.0212245771159927
20 3 6 25 79637 0.9937778135476887
10 6 15 16 36122 0.9632460149136547
21 24 5 19 52579 0.993848903491429
28 12 17 8 40796 1.0237222451262424
12 13 20 4 48273 1.063251960716049
16 21 25 12 40892 0.9330061566756829
9 5 18 8 34495 1.048276430155833
2 9 9 12 26047 0.9720487971732356
29 14 8 27 89260 0.9027906852832989
0 24 1 4 73354 1.0145976114520792
6 26 20 19 55970 1.0629699762301916
24 12 14 14 38702 0.9728312212959871
22 3 15 23 60022 0.9511722060092105
20 22 12 14 37569 0.9189219100195949
21 16 4 15 61623 0.9407418079365235
15 10 24 18 47705 0.9729538523617713
2 15 11 21 32695 1.0264470663407959
28 12 22 6 35662 0.972214753740554
23 13 14 6 44015 1.0277634021310718
1 17 7 28 46777 0.909495753757035
21 22 2 8 77025 1.0483956022068066
7 22 15 13 42907 0.9764489456247779
0 13 25 0 71830 1.0240485330257345
1 6 18 13 60903 1.0555699801027534
7 7 7 17 20051 0.9049215115169772
2 21 22 26 62929 1.0034233529611054
19 8 9 19 47408 0.986775024241017
10 16 22 16 47963 1.0554868222586566
22 23 9 17 50283 0.9722350827076651
22 10 7 19 59611 0.926054409476926
20 15 29 0 60310 0.9312017708995853
29 4 1 11 82008 0.9848864400838205
10 18 2 23 28441 1.0352471817498612
2 10 19 14 59593 1.0266533293105249
26 19 16 23 49907 0.9930817768886847
23 9 3 3 66117 0.9618462890936575
13 4 6 26 66644 0.902391400781082
5 27 4 7 66624 1.027866577538393
22 29 17 4 67835 0.9391432871310343
26 18 27 5 40073 0.9571526378784576
3 2 25 8 52422 0.9845096958376369
1 23 15 27 48469 0.9206551449018275
9 17 0 29 55817 0.9532172590761988
18 28 8 4 74351 0.9896031094474383
2 23 18 20 44868 1.0713952641570244
13 14 9 22 32182 0.9736061543990258
1 13 17 17 59294 0.9969916739077717
18 25 7 12 48958 0.9943420775851471
26 6 19 3 35448 0.9195634266041797
18 17 21 3 49129 0.9899012782294353
6 2 0 13 45173 1.0126097058884351
18 25 3 11 60687 1.0818957196068508
17 24 27 29 55995 1.0353247443113207
22 0 12 7 30777 0.9082373585639321
15 2 6 27 78031 0.9921856896867414
2 24 24 15 86566 1.0599845707544773
16 4 19 13 28356 0.911327269303247
7 2 17 7 33833 1.0287246753083994
28 20 18 2 63477 0.9443107433627511
22 1 8 5 34203 0.9302482444345342
11 26 4 21 38551 1.0359409342320531
7 27 28 2 95114 1.0510917508387967
1 0 23 22 90487 0.9811738354955915
18 9 11 20 39251 1.0951621301700145
16 20 10 9 38560 1.0561410386805317
20 2 0 3 48369 0.9595858535882169
11 10 21 11 36662 0.9527826606575022
10 13 23 18 65702 1.0409417747081458
12 10 26 0 42529 0.9785197494305495
0 25 26 26 68721 0.9271791930331345
27 19 6 23 87939 0.9137899034016517
11 18 6 24 23192 1.0365132210182573
0 5 1 27 82146 1.0225996172813347
4 29 5 7 71223 0.993743893603185
14 4 19 10 31947 1.0196761268482042
2 9 8 4 29892 1.0157984734682208
17 8 6 24 57188 1.0325523785433002
14 12 3 25 53077 1.0226242219671569
2 18 28 22 79123 0.9791396906523874
25 9 16 13 31561 0.9501251834744588
21 22 9 2 74087 1.0962930893036549
29 2 5 8 58559 1.0594160972499616
13 4 18 29 65730 0.9215925378406753
5 7 29 2 57600 1.0634059274230523
4 18 11 22 24090 1.0095497846525885
3 0 20 10 60413 1.0663637647990865
19 27 1 11 73328 1.085886388148291
11 24 29 5 96557 1.0883042524390258
12 17 8 0 43929 1.0438322731530851
21 14 26 7 34962 0.9846591819014368
19 21 0 9 72478 0.9150690991245115
4 10 27 18 82489 0.9088362055843727
23 29 0 23 66842 1.03697621829218
21 7 22 16 39563 1.0646342650286087
14 19 26 15 60404 0.9836781864215696
18 10 7 29 61243 0.9212796767987503
13 21 25 8 59153 0.9290011740712734
9 19 5 28 39513 0.9154371003298659
25 20 15 14 47821 1.0626092269000877
19 25 7 0 68956 1.0925180665911411
5 0 26 1 35209 1.0983279908556824
14 25 24 11 53966 1.0228697440021985
15 7 1 16 64314 1.0450906478088173
25 29 8 17 72931 1.0197241493508193
26 22 25 5 34770 1.0647592795020384
15 14 27 3 55707 0.9058833159970017
0 26 5 15 45067 0.973255181826727
6 24 24 2 80211 1.0213303052981542
4 22 17 15 50086 0.9766208646478596
14 0 18 29 65641 1.0755661844985789
11 15 28 12 54513 0.9629728683358333
28 21 18 21 45758 0.9652218129752524
26 25 13 6 74021 0.9560529100032973
25 1 8 15 61401 1.02390736916987
25 11 1 26 90969 0.9010492970561459
23 24 12 28 42157 1.009224672728011
18 12 2 12 44839 0.9627408935041439
5 28 16 3 77978 1.0026943203130285
24 29 15 15 57875 1.0022567300138026
22 12 5 27 75417 0.9597293561282447
6 5 8 15 31385 1.045208380099603
9 10 21 19 58408 0.9327225243488745
20 15 23 27 57216 0.9302018480733883
13 28 15 8 48947 1.096463632231248
14 16 26 9 48039 0.9852759778940494
19 15 23 3 56547 0.9613825868434132
11 27 20 26 29166 0.9362817903869867
23 27 8 9 78578 1.0891179913990878
15 4 26 7 42708 1.070843854153997
15 3 23 12 40504 0.9433977209452266
15 23 5 25 27380 1.0813630938979255
24 29 27 17 45934 1.057282257709926
14 23 1 6 68637 1.0656855429169465
13 27 15 12 38213 0.9344416568072644
26 17 4 6 81027 1.037877819936677
10 0 2 25 72152 0.941056316086615
18 20 9 5 55600 1.0380548544033295
3 6 11 29 69088 0.9401716008870744
8 27 28 15 80634 0.912340463865796
21 24 13 27 29313 1.0698314243809532
17 14 17 26 33507 1.028206937294592
3 21 13 3 59825 1.0508384236508976
22 19 3 4 98178 1.0777223670817977
17 1 11 26 60648 0.9861748320158178
9 5 25 16 67559 0.9184789972078445
0 27 23 12 88450 0.930395074914001
27 0 14 0 28869 1.009977860218267
17 9 19 19 37030 1.0725233163537151
8 26 14 17 40239 0.9204885262512543
15 14 1 14 62003 0.9634137328214402
20 0 9 11 46821 0.9163169187158446
12 26 8 5 55476 0.9045899164235214
22 16 17 1 50827 1.0338355674630417
28 18 12 10 59886 0.9944835904269663
8 18 24 11 56540 0.9832658837712163
24 15 27 29 56553 0.9618949377514024
22 14 16 26 53438 0.9800398617576601
19 19 26 4 65070 1.0280362237753409
13 22 8 6 50759 0.9972399799374848
9 24 18 20 33696 0.9944429750981194
9 29 20 27 29323 0.9565857029588155
17 3 18 19 43833 1.0755123039851235
10 11 25 15 47839 0.9735051926226804
28 2 8 29 90648 1.08888634385554
22 14 11 9 47106 1.0528379888351476
27 18 29 3 54518 0.9390553597721752
20 16 12 5 47363 1.0173031044463081
11 29 3 21 46713 0.9146810243124023
19 17 8 12 46633 1.087394415497203
12 4 11 18 29345 0.9741476141461405
28 26 18 1 70756 1.0798976704103012
19 27 28 24 39528 1.0735239836000074
3 3 4 17 53804 0.9951625820218308
11 29 17 20 29149 1.015211349123374
14 22 2 22 41270 1.099550019634693
5 17 17 25 38961 0.9296838035312648
25 14 3 5 75473 0.9552572909496673
3 21 5 6 48080 0.9006656259884943
10 14 21 6 55209 0.9989149249167852
11 19 19 27 37019 1.0133485916925031
8 20 19 11 41995 0.9622705046581761
5 19 14 25 33686 0.9827523180893598
17 23 7 14 40323 0.9118942495469392
15 11 28 9 44653 1.0038827987780723
9 9 15 19 41318 1.04448996444639
7 9 20 11 42687 1.0346104137811045
25 28 4 26 67567 1.082227396238509
27 3 0 25 105613 0.9905318965782496
28 11 11 27 76374 1.019409306632637
1 12 15 27 59831 0.9872380076091908
21 12 9 13 36615 1.0353053675718527
4 4 19 26 83739 0.9420488030965138
26 18 21 9 35598 0.9484845435994445
29 27 16 25 43403 1.0388391146374663
6 2 12 27 62889 0.9509815260362208
16 22 15 0 46357 0.9739590515472392
21 8 6 2 45951 1.0896543335392963
6 8 25 28 88193 1.0083969978066107
27 23 14 9 71528 0.9783887181477056
13 17 9 4 47908 0.9257732501105065
18 27 25 23 31459 1.0932649271272314
23 27 12 10 64359 1.098464183269145
1 6 28 20 104044 1.0994869093456798
13 3 20 6 28516 1.011517670313685
22 29 16 11 49545 0.973439370180257
23 27 25 18 29506 0.978161153970532
20 28 12 16 43646 0.9977361063740917
5 25 19 14 62406 0.9014718269899034
25 16 20 0 42088 1.0668337078215504
25 10 23 26 41106 0.9914203336254266
19 11 22 3 38284 1.0910899687900517
19 8 12 19 40908 1.06885775605389
3 2 23 3 47972 0.9466759941594145
22 19 3 6 84407 1.0438934684967796
21 6 27 10 34592 1.0439661294569307
2 29 25 11 87552 0.9174799295077914
6 11 12 18 24984 0.9991645321561377
19 4 10 11 43055 1.091017965348534
8 18 13 27 30141 0.9219479132928863
26 11 8 13 62820 0.9449359033305184
0 6 16 15 61026 1.0929344524631364
5 29 0 18 50786 0.9880704238920406
23 3 10 28 87794 1.034823563203272
5 10 17 25 54869 1.0045365216410416
2 8 25 25 88783 1.0002590659619548
10 21 20 3 66031 1.0190611573354218
16 20 12 28 24134 0.9073670261775167
10 11 14 20 28172 0.90531630171164
16 8 3 1 35315 0.9644178782168685
5 6 19 1 33532 0.9113109262661191
3 1 29 28 107214 1.0285078625277846
24 9 14 20 52723 0.9487436373103584
29 28 15 2 89367 1.0359459994800122
16 15 24 29 51825 1.0779440346662812
22 24 10 1 75852 0.9118147445336147
13 19 28 21 65624 0.9959204803176585
20 17 28 6 59506 1.0922861370452792
2 10 11 16 39407 0.9610430729671635
4 25 28 18 82251 0.9530487243042667
26 14 7 19 68436 1.0366188327951606
13 25 5 5 58579 1.0994445485680588
10 20 24 20 52221 1.0813928799190804
15 22 12 5 39216 0.9188358946183179
27 10 25 24 35854 0.9986220065807285
4 15 29 2 82716 0.9816905793393352
20 25 9 0 74467 0.9124773388963928
25 13 14 25 53192 0.9770049947641688
1 3 22 21 98136 0.9020634100823556
21 21 0 5 89237 0.9669856851959792
8 20 6 4 39770 1.022989008900209
21 15 28 19 37377 1.0979238815568917
29 9 21 20 60958 0.9231208776451009
12 21 23 23 46891 0.9322052886011676
2 1 19 1 29142 0.9944198539447495
26 21 19 16 40372 0.9156057639578323
27 2 4 17 79894 0.9232635690379025
24 19 10 23 67994 1.012961411695398
21 8 12 1 33091 0.9648235121105744
17 7 9 5 34500 1.0276685963940542
12 29 16 9 45335 0.9355701052230267
7 25 14 14 46553 0.9538531188003867
7 0 8 10 24014 0.938026538938687
27 18 2 9 89164 1.0014894519275674
18 29 11 11 49967 1.0617461809173756
3 19 25 25 66447 1.0773578637045547
21 29 15 15 45257 0.952814731374006
12 0 14 17 44255 1.078723565207324
26 26 17 17 51519 0.9015225145919975
19 5 10 11 38573 1.0388732386990287
27 2 5 17 75641 0.9696526211124837
6 8 18 18 52615 0.9603949777701235
26 28 15 11 70931 0.9119780018805865
0 9 27 12 80133 0.9223049175041168
10 26 0 20 40210 0.9049126702489341
0 12 26 22 90245 1.0373948064596694
23 22 0 11 82474 0.9692977433711356
26 13 15 10 40282 0.9530425283668856
25 19 14 7 56336 0.9826235263741255
24 1 9 21 65281 1.052745634318051
18 0 23 5 32828 0.9516113580744223
1 20 16 21 34769 1.0306364485300739
22 9 3 23 84230 0.9237494883558488
16 5 2 8 44646 0.9261532619108052
3 13 18 21 58685 1.023281953869059
20 5 8 6 41788 0.9262773168635825
20 4 29 26 84714 1.0025925165365488
23 10 13 18 51474 1.0719491859838153
16 5 10 28 58400 0.9363640993431528
7 26 19 14 62426 0.9747272868537774
12 23 1 28 42128 0.9315196348434831
1 0 14 4 39261 0.9753123267087773
4 20 24 19 69679 1.0221164092614048
22 25 7 29 43569 1.0558280691258228
29 16 22 5 45351 1.031740272773666
21 23 18 7 54552 0.9977258013271304
4 18 21 0 64195 1.0480175831928236
26 10 6 2 53081 1.0748217676212077
21 5 0 17 80063 0.946069284958889
25 0 3 15 76824 0.9662762333909201
25 10 3 25 82293 1.004145087973715
29 29 28 9 70057 0.997470254513652
10 21 20 29 42886 0.9555144175072763
21 15 19 29 51523 1.0158982569547805
22 5 13 27 74163 0.9241034080394495
13 27 2 26 39664 1.0303547822847852
25 11 10 20 54505 1.058023920899545
29 18 14 3 66165 0.9473508288265085
21 11 14 16 32841 0.9886029455953028
0 15 5 3 51650 1.0582922811129278
18 20 27 22 40195 0.9355431584024084
0 10 12 24 56777 0.9584426129662668
28 18 1 0 86206 0.990041897815435
9 13 6 1 30713 1.0006155005617594
18 16 29 15 40705 0.9102335279400474
20 6 26 24 65151 0.9967007442144502
16 4 17 27 48182 1.0413423113744316
8 10 21 17 60196 0.9498969142505351
27 14 0 15 95973 1.0666951154211504
16 21 6 14 39045 1.0708840108139803
19 3 29 22 75091 1.0019985679502803
11 21 2 7 53272 1.0112994096151904
7 8 25 3 43181 1.0704793179010534
1 25 8 14 47311 1.0893345287547396
29 22 4 2 92316 1.0706067667535006
16 13 26 6 43348 0.9537573037048712
2 1 29 12 69803 1.0568960355387471
16 17 22 0 44004 1.0875887392724382
3 22 14 12 50821 0.9110377423830583
25 7 20 20 53658 1.087652859655926
20 15 11 16 41271 0.9275708898723681
29 17 27 9 31743 0.9312461255694832
21 19 13 6 55548 1.0395403487844583
21 26 1 16 66041 1.079675636419062
18 20 10 2 54223 0.98857463091007
29 10 11 8 64185 0.9450758405278039
29 1 6 7 51549 1.0111249491473457
0 7 20 9 64433 0.9889689449495549
4 2 19 28 85332 1.0965077075813194
19 20 3 12 53426 1.0458400158660446
23 23 10 23 55917 1.0327623750433328
15 2 18 9 22029 0.9201947873540287
5 8 4 21 42012 1.013072953075879
5 17 20 1 58623 0.9606233751744184
17 6 1 17 61645 1.0862022838145082
10 4 18 1 25342 0.9506404101590481
19 12 28 1 41850 0.9165773828558957
16 2 20 18 49088 1.082733526445167
27 9 23 16 26407 1.012748559635648
23 8 9 4 56882 1.0583328861016772
22 22 10 13 60929 1.0227666330790892
4 15 19 27 61633 0.9604124015423403
24 24 3 20 63761 1.0861701240638244
5 24 13 19 35629 0.9397731910549935
18 24 13 18 30335 0.9170614020496589
3 14 7 29 63539 0.9023230011682717
23 19 16 8 58334 0.9041815772851096
7 0 21 4 35567 0.9410266951718966
29 17 11 10 62606 1.0904360934944013
15 5 2 26 83274 0.9043113286095769
22 2 26 19 49310 0.9920895056413375
22 4 23 18 51482 1.07003676619737
15 3 23 15 57260 0.934240316721316
10 25 25 8 69494 0.9259776910500075
24 15 9 22 66168 0.9620827454769111
27 9 11 24 73509 1.018909277223038
14 5 4 13 46735 1.0775806887418875
6 16 14 24 40250 1.0493088995316842
4 21 12 2 54762 1.0192975994466686
9 7 23 28 86734 1.0709501799347922
17 27 0 18 50075 1.0721751133198574
13 5 20 14 50825 0.9631151659919172
1 2 17 24 79997 1.000156381620231
18 24 21 9 53448 1.0791632807326494
24 25 14 23 31964 1.0013356148900734
4 27 3 8 64392 0.9155085091759175
19 2 20 13 45205 0.9598699759914852
11 8 14 20 31384 1.0188271817035077
29 15 5 13 77979 1.0717257529412787
26 8 22 14 29212 1.09107316163402
8 24 28 22 71021 1.0669638085877657
12 9 8 25 42867 1.0351035837722742
3 13 15 29 64477 1.0545352728014157
6 22 27 2 84786 1.0015542613808992
0 8 18 27 80489 1.041378609014716
6 10 9 27 51208 1.004957999356026
29 7 28 22 59547 1.0150093436041148
19 14 29 11 41368 1.0199414644982283
26 2 15 6 31309 0.9865161285380274
15 7 23 14 51297 0.9224058100072325
27 21 2 27 92453 1.0207778694213676
11 7 16 13 27051 1.0245307994608162
12 13 23 27 57827 1.0447285463407516
10 11 13 23 34567 1.0524613988238325
1 23 21 1 82338 0.931738387974
8 2 2 26 71833 1.0137855876596178
24 22 5 4 80628 1.0950651602306687
9 19 15 11 31421 1.0245331067126628
23 1 24 23 49396 0.9821866304061422
18 17 6 20 35190 1.0968771378410855
19 10 0 25 76010 1.0313132984125848
28 14 18 25 51613 0.9070214642527039
10 13 11 27 45293 0.9121986250795974
13 13 4 11 31772 0.9362121747393285
27 1 9 7 48797 0.9068425502684772
20 13 29 10 41263 0.9921285726352148
4 28 18 2 87343 0.951425702249678
5 11 12 6 26309 0.9931228707523405
27 13 19 1 42392 1.0552420761444123
5 4 22 19 85066 0.9837599286304006
29 24 2 11 103586 1.0718429157014864
2 16 23 4 86279 1.0851518310557058
29 16 26 5 33453 0.9586510908100082
21 14 16 3 39832 1.04235424622722
10 28 26 13 77221 1.078552329358422
14 10 21 6 32625 1.0557098618356664
13 9 20 24 53561 1.0395650380494579
13 7 20 19 56368 0.9104604033497493
15 16 11 29 38384 0.9209080702309868
25 28 22 12 45769 0.9185453837632755
13 21 4 19 31397 0.9159375224748803
15 21 24 27 38687 1.0399588910192386
0 26 22 7 95570 0.9609465087828688
6 25 5 1 56648 0.9758678775836223
24 19 13 29 60572 0.9048886772600674
10 1 10 28 63889 1.0499944055463013
14 12 1 19 42479 1.0074921415935576
4 26 22 26 52975 0.9306335531709585
17 12 13 28 40302 1.0532326769204854
0 27 25 26 73453 0.9085130928543993
5 17 27 26 69647 1.025210860894933
2 7 6 19 45901 1.0753701066863863
18 6 19 18 37026 0.9470890499852609
6 23 22 13 65853 1.0933848144967544
16 14 26 20 48142 1.0237475381323948
12 2 16 21 46007 0.9371922049610355
27 29 12 6 98481 0.9640937326541006
24 22 3 11 78934 0.9982132889723763
3 11 17 14 47099 1.0700284138792637
26 26 16 27 34048 0.9598886861468678
16 17 21 6 37911 1.0182197290993389
23 23 0 0 98099 1.0824604207070612
25 6 22 17 34508 0.9311803056830512
4 27 6 19 34224 1.0101685623170436
6 9 28 23 93261 1.0263156597808418
20 1 6 4 30320 1.0682260893217348
8 15 17 4 55254 1.0053312688469422
2 25 28 7 103988 0.9390930835831539
11 24 18 21 30023 0.9387235762186281
6 10 29 7 83289 1.0279173111110633
12 0 7 12 29473 0.9606813149977987
24 11 0 25 87842 0.9694456086521829
2 17 11 7 46404 1.0482151689225778
23 9 23 29 63462 1.0702923517300773
20 8 19 17 35591 1.0081002800276302
29 21 16 7 72856 1.0415757207112795
10 15 23 12 47036 1.092723509979956
28 3 27 17 48335 0.9819375434305615
19 15 3 19 52216 0.9421321883891294
8 12 24 18 62163 1.0951439869124275
7 28 28 27 65593 0.9225438224616306
19 15 15 21 26661 0.9779681510820064
29 16 8 18 66715 1.0451387894521948
24 17 1 8 88180 1.0079492594591204
28 22 7 18 70732 0.9213353119685216
20 2 4 27 92776 0.9451041880203059
18 10 12 23 41024 1.0076316256403097
11 12 29 20 73318 0.9295412163774182
5 19 7 11 20997 0.9694561851293774
21 29 27 11 65583 1.0954572112716703
3 27 15 22 43659 1.0192090808478003
25 22 15 26 37619 1.0062556899223705
0 21 9 4 59364 0.9855374450909299
13 19 24 3 68255 0.9145836438951855
20 9 2 1 52609 0.950282125412587
11 14 15 22 27432 0.9871919986671748
28 20 14 3 70484 0.9762223081745951
17 0 15 15 38924 1.0848385728714782
5 0 5 27 72224 0.9356540441845368
16 5 10 24 55613 1.0795614582145514
7 29 16 10 54833 1.0423521781085334
27 5 16 29 83418 0.9853430127400794
9 11 27 0 55191 0.9034362574811651
1 28 23 14 102087 1.0092349311344082
12 6 5 0 23701 0.9679115943347704
18 2 5 6 34776 1.009695469401439
18 5 6 1 29552 1.0202437219847416
28 27 11 20 60704 1.0700418123103193
19 6 19 29 60905 1.005276704224419
9 26 18 8 56707 1.01328919536313
19 21 27 12 51383 1.0844151217036768
26 22 21 4 58016 0.9782013553860118
19 28 25 22 34578 1.0831585958223866
9 13 25 9 52410 0.9889069232289542
10 19 19 22 32256 1.0647055038025575
16 16 5 21 33968 0.9596341397220626
16 25 26 2 64417 0.9565477672206295
16 20 1 29 48987 1.0674311458348158
24 27 19 14 62107 1.035921471737424
5 17 21 1 60360 0.9081721721893403
0 2 3 19 63485 1.0467457729490206
2 17 29 18 89935 1.0843629541803375
17 4 26 2 29715 0.9735849144776076
27 6 0 19 95346 1.060388670074508
21 29 21 6 73364 1.031742175932898
6 24 28 2 85318 1.0894465188029037
14 3 18 21 47533 0.9222600240065939
7 23 15 20 22684 1.08427177806273
17 8 19 25 42623 1.0221540567142777
14 0 24 16 50420 1.073747119057689
6 9 17 20 45932 0.9485367981982384
20 14 24 26 56901 1.0474531780793819
3 21 17 12 51353 1.089313447434877
13 0 4 25 70790 0.9297354081883596
13 23 20 18 36004 0.9114839852536042
17 0 6 23 67842 1.0536087296381267
7 28 18 7 70396 0.9043223104247864
29 25 4 21 82752 1.0693470483479621
28 12 15 29 64635 0.9274559782021439
20 0 15 14 45915 0.9762852525392278
6 1 19 12 44727 0.9401399522697683
14 10 4 14 43500 0.9709131545752079
24 19 1 16 82427 1.0349120312780935
8 3 15 20 51934 1.050382408624659
7 25 16 11 46369 1.0926728825177157
2 15 19 29 60986 1.0109713056187546
20 22 24 16 34439 1.050344429206081
26 26 10 16 64658 1.0382299756789855
19 26 8 13 59787 0.9904451624900692
15 11 19 26 40604 0.9296103473703313
3 15 2 4 41404 1.009297248641156
0 26 13 5 75901 0.9118649528394206
4 16 0 10 31096 0.9729929446314914
14 20 1 14 44513 0.9650707155416289
17 2 12 25 55989 0.9405128135758427
22 18 3 13 77842 1.0133233117846987
8 21 17 22 31916 1.059751153471777
9 27 12 11 44050 1.0790053644266966
21 0 24 21 53758 1.0526185215202646
19 8 21 26 56341 1.0733462456894935
1 11 25 17 73604 0.9855829658016158
16 8 25 21 47894 1.0020383467785647
15 19 4 15 38392 1.0044973803582509
16 8 17 19 28605 0.9398682777214247
22 15 10 26 63407 0.9408554684716515
29 28 17 10 80282 0.9184426048504836
28 17 10 10 64826 1.0634539712741191
13 5 9 17 38629 1.0084088386300871
6 20 20 24 43527 1.0954090601395292
0 8 26 23 104236 0.9439657551459544
22 19 16 8 50871 0.9803179869202286
26 1 21 23 59295 1.0451000042264464
16 28 26 8 67671 0.932276210924474
6 23 5 14 29651 1.0078358721575065
24 12 15 6 35930 1.0142686865118529
5 11 18 2 42531 0.9160940559607526
4 26 12 28 29884 0.9988300487593366
0 8 17 2 51408 1.0442327308562709
18 19 25 11 39693 0.9450783167837239
9 22 22 11 58652 0.9347489782678153
26 20 10 18 63574 0.9502678453563975
27 25 7 15 72064 0.9261238831841425
2 20 16 22 34448 0.9828636378999125
5 5 3 26 63991 1.0493786992982632
6 15 10 8 29113 1.093155379872256
12 14 6 22 31038 0.965741236995285
8 11 28 0 56873 0.9168336947060924
7 6 18 0 28948 1.027363950446484
18 27 27 25 36068 1.0044536382387783
0 2 14 1 29170 0.9919895992955264
20 19 25 0 64065 0.9088210661049952
26 29 25 2 68355 0.9207725770300471
14 10 9 28 56184 1.0436177045079682
7 5 9 22 40361 0.9027513802246439
23 2 11 11 42408 1.0128716016953336
2 2 29 7 75672 1.0459248372642458
17 18 27 7 60464 0.9325842448399997
13 3 24 29 84267 0.9675127475980717
18 2 26 22 56157 1.0183260291665768
15 7 22 22 57924 1.0283552113665908
5 21 10 3 51383 1.0885745069619273
7 9 4 23 40560 1.057139819135739
0 1 8 26 73360 0.9614340767269028
10 3 1 7 39000 0.9449352225028338
22 24 8 19 55325 0.9332624206041131
22 26 20 8 62634 1.0943184962561074
3 18 17 29 45840 0.9228283239987504
1 11 27 24 96497 0.963243564184513
15 7 16 20 32385 0.9073273996280069
7 1 23 16 62109 0.9480086835680338
0 24 0 3 73967 0.9262840098008912
18 21 12 26 26895 1.086958635513608
15 7 24 12 39213 0.9275642779952032
5 15 18 28 53544 0.9985303826428239
27 9 20 16 38625 0.9798874331498886
8 9 0 0 36988 0.9116125622167859
19 25 28 18 45787 0.9121796082015665
15 18 1 15 40306 1.0003511147329407
2 10 28 5 80710 0.9732405643209447
20 19 23 26 39820 0.9953172614434639
