3757 4024 3862 4066 3585 4102 3940 3751 3779 4457 3761 4562 3937 3447 4261 3769 4019 3873 3588 4393 3828 4384 4086 4593 3876 4057 4502 4562 4491
7274 7057 6999 7237 7058 7380 7225 7819 7219 8006 7672 7601 7087 7125 6943 6923 7884 6805 7736 7036 7026 7701 6982 7638 7943 7417 6907 7663 6908
7949 8498 7714 7602 8079 8430 7521 8128 7682 7766 8316 8662 7771 7532 7678 8438 8367 8204 7785 7902 8475 7437 7821 8612 7544 7792 7515 7666 8107
4116 4688 3730 4188 4739 4465 4605 4376 4050 4321 4090 4263 4418 3573 3614 4280 4394 4071 4464 3661 4488 4058 4612 4780 3856 3907 4709 4777 4514
5391 5749 5632 4659 4817 5621 5504 4895 4903 4875 5526 5518 4714 4726 4836 5563 5220 5308 5655 5012 5041 5760 5380 5522 4855 4667 5630 4950 5843
6058 5380 5282 5136 5205 5578 6067 6137 5077 4904 4924 5453 5669 6143 5262 4980 5985 5206 5619 5665 4974 5192 4919 5801 5744 5951 5614 5422 5262
5936 6238 6461 6745 5958 6459 6956 6605 6760 6963 6286 7006 6988 5924 6294 6152 6863 6931 6307 5927 7029 5916 6580 6056 6024 6496 6584 5897 6001
7044 6747 5896 6297 6874 6618 6673 6439 6656 6679 6412 6819 6193 6919 6102 6402 5813 6380 6898 6603 6921 5925 6333 6032 6706 6521 5921 5797 6360
2169 2368 1886 1983 2775 1532 2128 2485 2758 2311 1764 1770 1705 2325 2511 2494 1866 1875 2024 2274 2265 2766 2183 2706 2240 2550 1827 2078 2104
6172 6009 5902 6753 6134 6740 5526 6230 6432 5692 5654 6267 6185 6072 5561 6726 6003 5732 6319 6359 5642 5530 6020 6093 6024 6672 5492 5888 6368
2228 2698 2908 2561 2443 2402 3101 2383 2822 2024 3171 2374 2858 2526 3133 2582 2087 2428 2798 2311 2969 2988 2920 2437 1954 2181 3009 2922 2989
4848 4767 5034 5655 5476 4423 4623 4817 5282 4819 4908 5201 5333 5493 4865 5641 5169 5615 5085 4752 5618 4619 5275 5421 5308 4700 5384 5437 5591
6936 7380 6876 7976 6939 8003 7368 7630 7138 7437 7975 7947 7727 7570 7521 7503 7108 7507 7699 7739 6971 8058 6876 7541 7178 7490 7597 6922 7207
2385 2578 2541 2855 2629 2938 2334 2551 3278 2797 2510 2907 2860 3462 2880 2937 2686 2287 2400 2957 3255 3117 2897 2623 3263 2435 2415 2417 3285
5546 5240 5777 5360 5997 5718 5171 5862 5639 5683 5290 5232 4778 5813 4998 5122 5085 5485 5440 5907 5641 4927 5611 4779 5420 5737 5485 5806 5132
5468 6343 5515 6034 5880 6683 6246 5445 6400 6523 5615 5719 6116 6633 6394 6489 5677 6421 5761 5590 6255 6221 6662 5459 6119 6462 5984 5846 5976
5969 5637 6241 5383 5334 5394 6132 5810 5552 5666 6228 5522 5879 5492 5978 6117 6565 5732 5437 6292 6484 5428 5997 6090 5636 5928 6491 5622 6455
5393 5237 4392 4179 5355 5020 4561 5378 4201 4244 5330 5290 5265 5257 4885 4321 4928 4984 4945 5357 4709 4939 4330 5223 4501 5086 4472 5202 4754
4562 3782 4525 4074 4618 4464 4429 3791 4530 4301 4702 4116 3897 3963 4880 4156 3787 4848 4709 3800 4110 3903 3959 4363 3689 4226 4381 4135 4090
3118 3742 3676 3681 3720 3241 3446 4022 3528 3487 3404 4008 3693 3256 3933 3609 3881 3771 3573 3943 3964 4000 4003 3919 3249 3884 3598 3464 2833
8216 7294 8060 8201 7751 7899 7026 8072 7821 7921 7448 8204 8018 7213 7278 7271 7988 7482 7101 6983 7303 7786 8026 8158 7129 7234 7074 8124 7383
5300 5337 4977 5833 4920 4985 5487 5140 5914 5127 5911 5313 4798 5146 5379 5016 5330 4988 5299 5138 4853 5596 5353 5859 5031 5777 5216 5687 5143
7623 7402 6942 6860 7492 6946 7663 6500 7478 7208 7526 6728 6935 6718 6767 6937 6812 7063 7422 7095 7476 7039 7379 6641 7164 7468 6480 6704 6613
5279 5704 5549 4963 5645 4964 5227 5349 4603 4995 5178 5440 4763 5306 5702 5790 4913 5357 5817 5485 5624 5507 4589 5066 4646 5357 4610 4773 5072
5374 5151 4934 4509 5174 5169 4955 4595 5455 5306 4500 4880 5602 4871 5144 5466 4987 5261 5748 5179 4522 4596 5603 4864 5379 4917 5460 4518 4952
6136 5319 5250 6312 5858 5379 6408 5293 6081 6441 6263 6291 6250 6258 5810 5311 6469 5616 5553 6373 5928 6124 6051 5468 5373 5882 5592 6104 5579
8009 7062 8018 7409 7550 7875 7999 7767 7639 7940 7204 7293 7937 7979 7494 7569 7629 6987 7359 7159 7243 7522 7176 7759 6922 7609 7974 7229 7058
6659 6552 6446 6372 6547 7099 6540 7397 6530 7444 6830 7552 6602 7149 6854 7439 6505 6879 7237 6554 6932 6836 7099 6394 6457 7043 7397 6405 6393
8030 6858 7625 7287 7795 7886 7638 7068 6982 7555 7814 7452 7795 7019 7565 7660 6879 7273 7880 7085 7531 7673 7614 7658 7721 7846 7108 7545 7742
5251 5701 5461 5505 5812 6157 5618 5866 5392 5900 6096 5960 6163 5187 5619 5932 6349 5859 5725 6291 5346 6004 5319 6133 5521 5690 5253 5804 5573
4344 8383 4433 5570 6791 5357 6789 3377 7994 6603 6706 4119 5925 5179 8111 4155 2793 7411 8037 2023 5161 1236 3605 7155 7460 5940 1945 7264 5257 4149
3154 7612 3672 5296 6865 5898 7090 3114 8036 5706 7484 5324 5896 5309 8542 3357 3134 7320 7931 2720 4782 1612 2954 8142 7454 5300 1730 7309 5558 3725
4069 8584 3818 6483 5872 5592 7402 3768 8032 6074 7645 4149 6696 5285 8330 4047 2962 7574 7831 2513 4960 2162 2923 7396 6830 5899 2683 7091 5359 3610
3833 8741 3568 5870 6227 5411 7685 3662 7595 5690 7857 4975 6165 5228 7707 3730 2911 7422 7483 2193 5479 1587 3253 8011 7068 6200 2309 6947 5742 4005
3435 8022 4515 5423 6709 5307 6595 3671 7511 6669 7645 4635 5664 6228 7930 4075 3835 7335 7062 2731 5691 2288 2815 8255 7530 5781 2523 6824 5615 3518
3612 7581 4448 5774 6943 5325 7491 3079 7600 6390 6988 4731 6440 6238 8230 3391 2592 7457 7747 2318 5255 1613 2711 7072 7259 5806 1884 6732 6207 3780
4245 7542 4403 6125 6582 6160 6968 4123 8221 6225 7665 4759 5947 5639 8289 4247 3658 7531 7467 2837 5360 1381 3226 7750 7468 6132 1772 6295 5340 3951
3084 7589 3589 6341 6048 5656 7130 3926 8127 5742 7598 4560 6416 6021 7839 3735 3650 7912 6991 2051 4954 2286 2976 8279 6866 5437 2202 7174 5466 4225
3853 7952 4212 6290 6319 5903 6949 3381 7708 6507 7632 4228 5934 5376 8399 3887 2776 8482 7255 3116 4887 1197 3595 7556 6963 5904 2468 6419 6381 3893
3629 7724 3957 6159 6624 6466 7292 3812 7521 5858 7056 4682 6104 6289 7714 4139 2981 7950 8188 2141 5524 2219 2538 7979 7256 6106 2818 6928 5656 3569
3269 8737 4144 5252 6484 5401 7464 3306 8415 5607 7340 5006 6347 6191 8384 4293 3430 8447 7451 2711 4866 1772 2600 8027 7106 6253 2860 6598 6373 4382
3334 7782 3441 6103 6233 5772 7308 3692 7739 5975 7858 4830 5578 5361 8422 3766 3065 7732 7994 2259 4808 2206 3632 7312 7550 5414 2714 6171 5594 4296
3252 7563 4036 5438 6173 5296 6749 3576 7330 5671 7554 4112 5872 5171 7797 3963 3517 7739 8025 3111 5461 1729 3710 8116 6600 5994 1845 7268 5759 3217
3428 8026 4356 5425 6173 6156 6529 4267 8531 6609 7177 5337 5474 5200 8252 4442 2958 8114 7469 2835 5120 1593 3746 7483 6701 5138 2190 7041 5749 4411
3088 8247 3380 6271 6666 5703 7147 3437 7466 5914 6857 4729 6607 5545 7996 4560 3576 7791 7152 2345 5571 2066 2643 7296 6577 5797 1780 7253 5666 4373
3227 8530 4136 5680 5795 5634 7678 3862 8157 5535 7541 5142 6329 6114 7768 3541 3024 8291 8076 2801 5603 1653 2847 7987 6800 5850 1949 6110 6102 3898
3798 8142 4152 5587 6655 6153 7210 3435 8055 6640 6757 4388 6021 6279 8299 3665 3715 7477 8139 3024 5347 2181 3736 7339 7720 6176 2633 7219 5337 3616
3693 7728 3989 6219 6341 5496 7427 3789 8017 6488 7798 4139 6116 6323 7815 3648 3004 7840 7892 2872 4951 1191 2534 7370 7512 5809 1806 6892 5448 3538
4126 7839 3409 6317 5974 6285 6903 4113 8515 6637 7451 5330 6575 5838 7847 4342 2899 8182 7456 2050 4610 2096 3711 7555 6752 5709 2360 6377 5466 4341
3526 8719 4391 5875 6139 5445 6695 3155 7839 5960 7073 4359 6181 5720 8627 4363 3236 8033 7960 2658 5660 1641 3403 7485 7793 6103 1773 7067 5825 3658
4126 7825 4206 6181 6828 6243 7211 3287 8269 5631 7689 4464 5751 5288 7819 4364 3179 7477 7559 2612 5664 1641 3085 7380 6794 6179 2032 6577 5538 4426
3964 8335 3811 5512 6196 6419 7119 3217 8055 5591 7032 4511 6361 5753 8218 3793 3153 7542 7674 2112 4552 1314 3434 7219 6810 5824 2270 7209 5365 4117
4014 8073 4025 6274 6543 6154 7590 3221 7907 6165 6785 4844 6010 5203 8071 4496 3484 8082 7913 1895 4764 2178 2920 7880 7702 5591 2441 6198 6304 3761
3865 8353 4205 5810 6823 5613 7281 3300 7737 5638 7468 4839 6178 6360 8470 4130 3509 8255 7200 2224 5455 2298 3759 7694 6927 5878 2755 6772 5419 3771
3260 7826 4291 6434 6078 6033 7629 3915 7742 6541 7878 5208 6487 5583 8738 3777 2611 7574 6984 2801 5653 2331 3085 7487 7172 5435 2724 6334 5805 3503
3454 7863 4456 6357 6001 5539 6595 3469 8030 6283 6715 5085 6717 6086 8353 4014 3470 7399 7220 1879 5259 2089 2900 8020 7278 6053 2351 6300 6368 3597
4320 7573 4165 5769 6111 6233 7308 3134 7307 5941 6808 4792 6197 6191 8084 4493 3157 7319 7412 2191 5456 2143 3081 8186 6971 6058 2291 6115 6101 3826
3253 8196 3609 6040 6469 5679 6668 3920 7526 6703 7445 5001 5552 5701 8240 3649 3055 7898 8187 2875 5559 2194 3043 7880 7359 6087 2490 6557 5591 4299
4018 8094 3425 6331 5871 5300 6922 3175 7932 5739 6835 5078 5671 6139 8814 3972 3297 7809 7081 2043 5013 1717 3652 7826 6878 5499 2146 7305 5981 3500
29 25 9 26 51918 1.028740666765307
29 1 22 8 63409 1.0510092044168438
9 25 21 8 94876 0.9374534676219275
2 15 7 28 57093 1.0971276428621735
19 16 11 29 59834 1.0194728325115423
27 6 6 28 131491 0.9196634119350585
22 13 4 23 85218 0.9229130233817638
22 28 23 11 94123 0.9045925014697559
6 14 15 1 74539 0.9797059499938094
4 21 27 7 105363 1.01700331261847
8 19 3 5 53419 0.9478147171521237
21 9 24 1 50684 1.0652849112856297
6 23 25 12 96460 0.9964539329238713
18 5 10 11 48657 0.9182855674748047
28 26 3 9 110340 1.0997659341315242
1 9 21 20 92998 0.9899343216545835
10 3 25 28 105281 1.0576635840821282
20 1 13 24 96808 1.0566674740520143
23 15 27 9 53198 0.9308675004064626
16 24 13 6 64928 1.0069960823235513
19 14 15 0 64866 0.9690670403429275
11 2 22 1 50709 1.0775971895275815
5 27 15 9 79501 0.9985038405393748
15 28 4 24 46408 0.9524082268214563
18 9 4 3 76959 1.0365540846826482
6 28 26 7 121817 1.016943733754111
21 12 8 17 63234 1.0017303367575614
0 1 16 23 103061 1.0078282231646651
2 4 17 22 90124 1.0174649040156893
24 24 12 21 36644 0.9041995297937954
8 19 18 8 66236 1.060163888465868
6 20 26 2 119604 0.9999441028014644
2 1 22 16 107779 0.987403662222103
21 11 4 24 90503 1.0435871381487143
3 29 27 19 82682 0.9796104211424332
7 4 25 23 85617 0.9905742233798459
2 1 19 20 97437 0.920982390453342
4 2 29 3 106212 0.983664273032932
16 22 28 14 73183 1.0571006887528624
28 24 27 12 87290 0.9221936743843105
6 22 15 11 56788 0.9759502099341201
1 8 11 19 67018 1.014914457865669
29 21 14 3 86274 0.9588085715439938
18 14 7 2 75098 0.9409639854172502
25 25 3 29 69990 0.9481253206189828
27 26 1 12 109875 0.9252598782178197
9 14 24 20 54956 0.9683249034832506
20 22 6 12 59008 1.0540325680935112
20 15 2 29 87709 0.9510140426622351
21 21 11 1 78561 1.0702566752836924
25 16 5 23 72674 0.9487090625747239
21 9 3 13 99825 1.0130130656644187
29 21 2 23 63406 0.9625110578778667
6 16 13 28 45759 0.9424784178215361
25 19 3 3 104012 1.032717828532819
25 27 1 24 75473 1.0894666103809112
20 1 8 19 91089 1.005107698013327
20 0 26 27 123597 1.0077542220980078
3 2 15 7 56298 0.9996094717948659
11 4 4 1 42826 0.9710531811207811
29 22 20 2 99777 1.0260646151552553
25 2 7 4 78058 1.0396192672607694
20 15 3 5 90571 1.003905614687574
29 1 12 20 124644 0.9654944188059431
24 14 25 28 76086 0.9264505137565812
18 13 2 27 85317 1.0722980546732837
9 8 23 17 76164 1.0628953652089648
26 27 15 21 50496 1.081334505845429
21 29 6 10 90726 1.0269081174676609
23 20 9 17 47341 1.031868529749273
26 9 7 18 109277 0.9901183944103591
10 27 18 21 29880 1.0946245648743198
25 15 12 25 71365 1.0432594509890372
25 13 8 24 82317 1.0734145157753296
11 17 22 8 76995 0.9090551238001098
8 14 0 4 55465 0.9116743528044452
7 8 1 15 49853 0.9113602986330192
27 11 7 18 102278 0.9153012523277847
16 28 3 15 72577 0.9274954781260106
23 5 11 15 76948 1.0407436965211239
16 1 5 20 86362 0.9207560164266688
15 6 7 24 76665 1.0144281103422699
24 15 17 4 73199 1.0016171415843973
2 4 20 15 101182 1.082264394971788
24 11 14 21 69792 0.9378662816970095
4 29 23 12 107533 0.9250809303812446
9 14 26 13 84107 1.0033703351018364
12 9 8 25 56154 1.0598787562441854
18 10 5 6 66374 1.0707926648699282
13 14 13 2 33662 1.0623168775601306
19 9 12 15 49942 1.0471795617445385
29 12 1 23 117371 0.9211573057420847
7 20 13 13 37218 1.0019093398215737
27 17 14 3 93843 0.9125705314333196
1 20 24 25 69372 0.9606168995247903
15 4 26 8 65323 0.9714376131628628
7 8 24 25 85486 0.9714666476515222
22 17 10 22 49206 0.9537014271490887
22 13 1 16 85246 1.080722240484188
15 17 29 6 90670 1.0381863581494475
28 20 1 15 83897 0.9616740854897178
13 8 17 20 47366 0.9603751949320258
4 22 7 7 47640 0.9423803675024675
16 12 13 21 44134 0.958589940113276
25 17 22 25 51368 0.9886220179520139
6 7 21 21 61661 0.9899217392430205
4 25 9 12 50766 0.9260329268052535
20 12 3 7 83761 1.0679926960335182
14 14 0 11 73657 0.9554815567121482
15 18 25 29 73174 1.0579455167782286
23 19 16 5 76305 0.9205954733106648
15 3 9 21 70145 0.9346877682579939
29 23 8 27 65044 1.068019367130708
4 2 1 23 83758 1.0305719332224745
24 5 5 5 87775 0.9733465904663662
26 9 6 20 113834 1.0525047207051703
29 13 6 3 124841 0.9854288972631708
18 24 7 24 42634 1.0690048092561109
9 23 21 1 107673 1.0613845271670679
11 18 27 12 90137 1.0928030711134398
7 4 22 6 70475 0.9909104201494339
6 24 23 4 121417 1.0376578559683338
1 10 15 16 73913 1.0526285993386404
12 29 18 10 81245 0.9818338802996098
27 13 0 6 134721 0.9078876426654151
0 16 26 12 109998 1.077180412222203
11 25 12 9 59395 1.0006573108359365
5 22 17 3 91409 1.0659135390063037
16 9 22 14 56863 1.0165410470899248
29 18 12 1 101935 1.0486512910623358
16 16 15 27 47432 0.9395275055568196
27 25 4 14 94795 0.9920539869707834
8 4 27 21 72400 0.9953344362177471
14 12 26 25 81676 0.9423817161191295
3 14 25 0 116714 0.9773082580316337
26 11 20 1 75778 0.9684175523579673
14 25 8 19 30700 0.9039139284590924
7 8 24 1 88772 0.9540931604072934
18 10 26 18 63296 1.0503803903386009
25 7 19 13 42237 0.9611123667407684
22 22 27 11 77470 1.057226830646604
21 27 4 6 95784 0.9573121475938916
16 19 10 24 28245 0.9800585903492363
18 14 27 8 65842 0.9260295998283873
18 7 9 4 43934 1.0195680612517297
9 27 2 8 81189 0.9081280186541121
1 28 3 10 85512 1.0822553394254848
10 3 26 21 76952 0.9446528349280124
5 24 23 11 96861 1.0554892981838682
7 12 23 21 52432 0.9927963212562086
9 3 14 22 60778 0.9207444632413609
19 14 13 0 66561 0.9601925610011655
7 25 11 5 63856 1.0228357550075409
12 11 28 28 95576 1.018999703033233
19 16 10 29 56976 0.9107230484255859
14 1 12 22 69487 1.0591809646113441
2 9 26 1 120717 1.000391595579996
21 23 25 0 113682 0.9494116393288532
11 25 2 21 31285 0.9157971423571033
4 20 27 13 97713 0.9539561782821118
20 10 29 29 107066 0.9761824537504438
12 6 21 20 67765 0.9383246522594794
19 9 14 3 46634 1.0439293589303655
0 27 7 4 76905 1.0582618856837014
12 16 15 29 48338 1.0751560834484284
21 7 18 18 50916 0.9023454170883649
6 22 18 21 26775 0.929672725111552
16 4 7 12 61806 1.0043020174276567
1 8 20 25 104766 1.0997773391970356
7 3 9 19 43763 1.0537783637997231
7 29 18 17 57953 0.981764805985026
15 12 28 22 74087 1.0054900271374663
22 9 12 8 55871 1.0171527485763554
4 13 24 21 66783 0.9129372639926643
15 9 21 22 66119 1.0395283272079308
2 24 22 8 116691 0.9688484884360209
12 4 4 0 44970 0.9545024237621971
12 24 29 0 132424 0.9548884681449352
20 19 22 28 48879 0.9883358009069131
19 12 28 13 55578 1.067018715076397
22 5 12 11 61484 0.9240636799918801
4 20 5 2 63581 0.9133570451932417
4 14 20 5 90715 1.0637511462333538
12 2 25 22 84633 1.0412912737461548
7 7 29 5 90164 0.9784642932429407
6 24 16 29 49998 1.0188074056336283
19 28 0 9 105155 1.0133324494299591
29 15 29 1 80437 0.9458759745381573
23 26 2 7 97205 0.9470478538732569
6 18 23 8 95982 1.0052030826238354
4 22 16 14 57453 0.9047569486920023
2 25 22 9 113924 0.9706245650027615
1 16 19 25 68120 1.059755541814416
27 26 2 2 119742 0.9780931621166387
27 15 29 27 77043 0.9401581389883897
12 17 0 23 50396 0.9663910011364479
29 23 21 8 92896 1.0242846955191565
17 20 7 17 37675 0.9281835095536373
22 6 18 18 61796 0.9655523001702945
5 3 29 29 133021 1.0990512252560414
25 11 16 16 56342 0.9004977945925692
24 1 15 16 89135 0.9934251379274925
4 1 24 13 120118 1.0147338345099475
28 3 18 7 63409 1.0731376462849624
25 25 6 1 108509 0.9224517386211488
23 14 1 9 114145 0.9391673421899144
14 23 1 24 54964 0.9288111592942228
11 23 1 11 68521 1.032544395094669
1 27 23 12 108060 1.0749646445767986
0 28 15 27 48771 0.9196902072292565
2 5 24 27 116314 0.9614527278751842
16 13 13 23 45737 1.045852988028403
25 6 27 25 115188 0.9974629644421493
26 23 29 7 102437 0.9787787774039396
17 13 7 23 62519 1.0984571953955697
18 24 19 3 80438 0.9494548643943344
18 26 16 10 74760 1.06300682568921
7 2 14 28 78216 1.0525516778587902
25 14 5 2 108105 1.0781680791117296
10 0 1 21 65679 1.0045293708246712
14 0 2 10 74459 1.0558454273975866
19 5 2 23 101741 0.9256871951344139
9 10 14 23 51759 0.9781526840781846
6 25 9 7 55272 1.0109048994754375
28 28 3 21 80968 1.0909496470580715
27 20 3 13 80887 0.9918105782883266
14 25 19 18 39255 1.001418041698941
24 25 2 6 109594 0.9709658093556282
17 11 25 24 75372 1.0916709613943867
29 23 29 7 93008 1.0017762286669198
24 26 7 25 44681 0.9611620564146065
6 17 3 6 57360 1.0277662535019112
11 18 27 19 44754 1.0755298719709814
22 26 6 18 57842 0.9099429414580238
16 24 13 6 64928 1.0352098233206075
11 23 18 0 89090 0.9720361081677903
28 22 26 9 90720 1.023772855638736
25 25 7 21 55834 1.0013378918696028
21 24 1 8 103582 0.9504726849365989
9 8 3 25 62111 1.053927206376303
20 5 11 11 55113 1.0940039861704354
24 7 9 0 70827 1.0034796666418073
17 15 6 15 43839 0.9774504090139186
23 3 10 1 59723 0.953629998096704
26 3 4 11 117451 1.0393303371642983
14 13 25 2 83751 0.9283854702058234
18 27 6 29 41629 0.9900916778850912
4 9 3 23 63997 1.0589331221732101
13 15 6 2 55973 1.0314067650586565
2 10 9 4 51607 0.9861550548481602
10 10 22 17 62212 0.9806520033395625
15 13 0 8 77886 0.9162638816121255
15 26 18 16 47782 0.9331461541105381
19 18 10 24 36269 0.9306659337197034
17 27 19 15 50434 0.9981438314496578
3 29 15 11 84955 0.9740094432750092
8 20 19 1 84818 0.9139175820589925
6 17 22 6 92286 0.9759411867143326
26 25 25 0 139149 1.0953502784221332
12 12 20 15 43635 0.9397011420842839
10 2 0 11 62941 1.0703626907422388
0 14 26 3 142075 1.0884153001549155
15 14 11 20 35828 1.0386725455059715
26 24 16 18 55878 0.9869611475113508
0 29 27 11 138641 0.9331785169059362
18 1 26 10 69580 0.9118198395638211
24 18 10 26 53488 1.044399282186276
0 21 21 25 59189 0.9123591294101869
28 19 6 23 63970 0.9364338811411305
29 3 4 7 112354 1.0374507555856254
15 6 22 11 49220 1.0626805968174906
9 4 29 5 93615 0.9902007049015464
23 20 0 22 50850 1.0998960479333446
12 18 21 9 69155 1.0251175397806975
19 0 2 18 101854 1.0810725519380149
11 11 6 2 40895 0.9760561845756806
17 8 2 15 79000 0.9830915477376105
24 20 7 13 57152 0.9943863944675524
6 9 18 18 64536 1.0258100583235044
27 20 11 23 47176 0.9680841704400112
25 23 6 16 60319 1.02330849784588
3 5 1 13 45182 1.0124533907595357
12 8 4 17 60899 1.085947100821004
14 17 0 6 76595 1.047450433206718
25 8 12 24 103295 0.9868788139350088
28 9 19 16 76790 0.9022525692422697
16 17 9 3 66674 0.9087820252616823
24 29 7 19 68824 1.0323893447863464
13 12 23 9 59778 0.9660250486422517
25 17 2 15 85474 1.0286811661347903
4 2 22 5 89351 0.9483885142305634
26 6 11 29 124198 1.0963361533125597
14 8 1 0 68169 0.9964669470675348
9 17 20 2 84541 1.012830549718074
28 12 1 18 123879 1.0744756591021303
3 26 27 21 58673 0.9961777789326222
12 6 22 18 73369 1.0362456226792984
24 16 0 2 114379 0.9831142576009079
17 29 28 4 142254 1.0833541641455389
8 12 29 24 76244 0.9617392356639326
16 10 26 17 68855 1.0179181135267055
20 23 8 19 39871 0.972439366409499
8 6 25 14 87489 1.0735978304509195
13 15 15 7 30949 1.020021858689582
14 12 17 25 57684 1.0202142109807129
9 25 2 18 42766 0.906749852794435
4 10 28 0 116792 1.0671281417601959
19 7 12 14 51065 0.9615966581555334
5 13 23 21 62209 0.9802802587055898
26 29 20 20 61300 0.9135761566097734
27 28 16 10 109210 0.9352744000889446
0 16 11 7 56157 0.9946347617978711
6 18 15 26 43019 1.0817607848133495
8 25 18 15 53036 1.0018673874058228
28 27 17 3 125986 0.9972234029919892
11 1 1 27 92266 0.9060176178088898
7 3 11 13 43775 1.0453834662112862
12 14 23 26 62768 0.9399459072931979
16 5 6 23 86507 1.0174488873636054
20 23 6 6 80764 1.0243281002930718
29 14 2 7 120999 1.080363801393314
22 16 1 17 75139 0.9887809294228422
7 22 6 1 60703 0.9560811204237751
13 29 27 14 91284 1.0324605817640986
12 23 15 8 66564 1.0577218382018605
1 13 9 21 50208 1.0168592919278927
0 23 6 2 71358 1.053107480743503
12 2 26 27 108473 0.9828942482570765
19 25 26 20 35906 1.0901087158440725
2 24 27 3 153374 1.0913878543151343
3 29 0 3 111341 0.9616509715832232
28 6 10 2 85148 1.0168523722682918
10 11 11 24 41517 0.9127007570634245
25 19 17 10 58825 0.9529262681429713
23 16 13 14 38045 0.9440688159637928
29 17 23 11 52449 1.017680485602007
20 13 19 2 45626 0.9073088507782819
25 15 29 26 70980 0.9902954447073482
23 11 5 26 93972 1.03454591427824
29 11 12 20 94429 1.0644672426470814
11 17 27 19 50369 1.0198225192824282
21 28 27 5 126172 1.019462380202829
19 1 22 14 67127 1.0635881673295928
0 22 5 17 33292 0.9525744018301499
29 25 21 19 49232 1.0117063861686943
25 27 5 19 67365 1.0693536723660364
22 18 4 7 84756 1.0280569092485894
27 22 14 7 77285 1.0980899605674184
8 6 25 21 63861 1.0941628064989206
22 26 26 15 67537 1.0024554687827065
18 18 28 22 40168 0.9054839074118824
5 18 25 21 48670 1.0953735517523018
16 28 1 15 79981 0.9086147904034771
20 13 25 7 47957 0.975217493122873
22 28 8 9 80476 1.09261260519088
14 14 27 24 72706 0.9791704523364867
29 20 18 11 64635 0.9035368120509021
28 7 9 2 81467 0.9068337502593629
17 14 18 27 57985 1.003768216862903
23 26 11 24 35801 1.0404011162260374
29 27 15 9 102040 0.967363098920473
18 21 14 2 66104 0.9899164698809031
2 29 16 6 106637 0.923156193382569
1 29 11 10 83866 0.9255356543724528
8 8 3 15 34322 1.084001069510635
18 12 7 2 70647 1.044283459182115
22 18 14 3 80467 0.9815847466048546
10 23 14 14 37577 0.9240541960239129
2 0 7 15 58483 0.9321297307704138
7 29 21 28 50365 0.9301946445392656
21 14 4 18 72289 1.0820392185487142
24 3 29 10 54578 0.9788639505223855
26 24 19 14 61262 1.0552824304907555
24 26 12 11 71067 0.9044294938798361
6 19 10 28 31254 0.9811843332995185
15 6 24 28 102019 1.0932810261955004
21 28 25 7 105930 1.0786776278744887
7 3 25 6 81932 1.0274799617704624
12 20 10 1 59284 1.088354409846465
19 9 15 24 69942 1.0737599322104467
12 27 23 16 66698 1.055777421988873
4 1 10 28 85262 0.9167576906700942
25 24 12 17 57690 1.054995893640056
1 16 29 22 78499 0.9968253721141108
28 26 6 6 102592 0.9166423435974013
14 2 21 24 88290 0.9747183569176197
20 21 16 11 53129 0.9864233304853519
3 27 21 24 55435 0.905248417960015
22 11 22 1 62744 1.054903398447879
28 7 22 12 49313 0.9101195515562164
3 17 10 10 43441 0.9132546039098991
17 5 28 5 63499 1.0165266261747627
16 20 2 15 56196 1.0584764667020683
18 7 2 15 77411 1.0259989171837776
28 26 4 23 69975 0.9762071847323431
1 1 27 12 144717 1.0991033705847741
20 12 12 19 50332 0.9300528568439584
21 16 14 21 34691 0.9155150830941395
12 29 23 1 124292 0.9528905523649813
19 19 10 0 73535 0.9361139695106943
28 9 4 28 146400 0.911305977928213
23 18 27 24 44634 0.9704385167392432
26 6 9 0 86210 1.063694032157869
4 17 29 23 76211 1.0485303059945936
20 6 28 3 63167 1.0467230709787072
19 8 28 3 63318 1.0545955889737701
27 4 12 22 116381 0.9540620695362255
17 16 6 17 43213 1.036742253119185
17 15 29 7 71114 1.0834701364921488
12 10 25 6 65586 0.9757945673132133
10 26 29 6 120268 1.015340877982958
14 28 3 18 55029 1.046528496953998
24 18 17 22 32747 0.9128757440175442
4 26 10 11 50308 0.9714612622418562
28 19 2 13 89675 1.035388852055527
18 23 22 10 68406 1.0000574346515567
24 19 0 17 67613 0.9808919416293136
24 19 8 0 81495 0.9111928545522054
5 22 16 18 39225 0.950598987233254
14 7 26 27 95407 1.0687881472262928
2 19 27 11 111131 1.0228783761955378
17 29 9 5 86285 0.992558680534207
29 7 2 4 112605 1.0068271725451676
0 23 4 15 42568 0.9301846798099913
1 1 21 16 106857 0.939580239454131
6 8 16 9 55349 0.9487408063579509
2 27 13 3 92283 1.04135706020318
5 27 8 12 43256 1.022859377894009
1 23 29 6 136580 0.9253315316060675
0 29 3 12 76524 1.0894526848551869
6 21 11 11 38155 1.0042186553433228
11 27 22 0 115281 1.0225085882964802
23 7 10 20 79730 1.0773288950211404
28 21 9 13 60742 1.035092902376209
24 3 4 26 127910 1.0170399940474715
29 10 23 1 69421 0.9015198423304683
9 25 0 24 33435 1.035887628112905
2 12 16 0 85858 1.0369333832112144
3 21 29 13 94291 1.0078824909022468
19 15 21 5 46245 0.9375031429432865
12 7 25 1 70543 0.9482070778072398
13 0 0 28 101162 0.9763406485246175
8 9 13 29 56616 1.0537138239426447
27 19 22 12 52753 1.0724340844789364
15 8 7 28 83159 1.0921864785216626
29 8 1 25 145721 0.9744288524315791
3 9 29 11 124604 1.087922472774095
8 2 18 14 71509 0.990327226745563
7 19 21 4 90443 0.9547275406783335
2 19 18 26 52855 0.9584723980894867
18 6 23 24 82550 1.091527606878763
6 3 1 10 62940 0.916474041695283
3 12 8 1 49913 1.0048024235639867
20 11 15 1 58593 0.966064032058841
20 16 18 26 43783 0.9797173108032147
22 17 17 23 42287 1.096454442770613
18 21 2 6 77984 1.0656754825660755
15 23 22 14 61084 1.033856873622676
20 22 2 1 100876 1.0648224595675395
18 2 6 15 75718 0.9159784874570047
21 1 22 15 73549 1.066351455481744
6 8 23 10 83151 0.9285799339113878
21 23 13 18 33623 1.080722036654052
6 22 14 27 36261 1.0612710133690548
25 26 4 3 112536 1.0230135812865968
11 17 3 7 52940 1.020824841181418
25 13 12 16 59244 0.996516449592159
7 12 13 6 37605 0.9905328625535081
28 27 23 4 128078 1.0896896602940824
21 2 17 18 75116 0.988444666110886
19 7 23 20 58927 1.09568277258507
0 5 18 16 88931 1.0455168879852057
11 18 9 8 40977 0.9827478961817175
0 4 24 16 111976 1.07403107590847
19 23 6 9 65057 0.9658050468550887
23 28 7 2 98252 1.0752754706693481
6 7 17 0 53768 1.0247844756585385
26 20 9 6 79972 1.0051939691703118
25 28 12 11 85487 0.9200284095993125
5 19 21 24 51738 1.0094309467207867
5 6 26 11 104194 0.9486619245943769
29 18 22 7 80138 0.9740499995107366
16 18 8 9 47401 0.9856585790785662
23 15 13 18 42991 0.9581221978010681
27 29 14 21 65369 1.0586978066346229
28 6 8 25 119248 0.97328004369707
14 5 8 17 51184 1.0452890617212163
2 22 7 29 37817 1.073630995938636
25 28 1 27 73124 0.9354640830041838
15 27 10 12 53545 0.9435702023068977
23 4 11 27 115664 1.000427349773553
23 5 10 7 56548 0.9099417493874585
22 25 6 24 55460 1.0683972909740862
6 10 19 12 71536 1.0275155191681773
14 27 27 24 48150 0.9689808011785809
21 2 26 29 130789 0.9276401291131442
7 22 19 3 90927 0.9188929536811229
10 20 17 23 25438 1.0098190243124987
9 29 4 22 31309 0.9140061146685803
25 27 21 4 112548 0.94078484531806
23 4 6 0 79831 0.9306250911215984
26 3 8 13 102241 1.0718445445056202
4 6 20 0 77367 0.9788573851797299
14 17 15 27 43302 0.9783880075650321
23 14 17 8 56931 1.0747090280436336
18 7 6 21 70651 0.9661262586854891
15 29 14 4 85077 0.9470310391188114
25 6 27 26 114564 0.9327482007721442
29 25 23 16 61463 1.009098219732193
9 2 20 17 80808 1.056458030389866
1 19 25 8 109309 1.0210157504673183
19 23 26 17 45802 0.9205132304640472
28 15 9 16 68683 1.0006706576659932
10 8 4 3 41657 1.068469378130764
29 17 11 9 89675 0.9290085622047017
26 7 16 9 46263 1.014790050113803
8 29 8 7 48881 1.016799963993817
29 0 14 3 69503 0.9342450603454893
21 1 2 7 88719 1.0697129802302068
23 3 23 20 89497 1.0888765430983574
19 7 18 28 82003 0.9856213038467355
1 23 14 16 51738 1.0898797930563555
28 21 17 23 30385 1.0999696197769377
2 2 8 12 45733 0.9959569858693548
27 18 7 6 90020 0.9772578441633708
5 13 1 24 68556 1.0248421354716846
20 15 17 27 54797 0.9263579155453766
17 2 5 7 57246 1.0727690648810573
15 18 29 2 116028 1.0706154755072987
26 6 1 8 105395 1.0629253488960642
13 24 0 29 49006 0.9228295170604126
0 6 20 12 97960 0.9907630510611727
5 19 25 12 89894 1.0372137705191902
12 28 9 5 73784 0.9929413858848539
18 17 1 13 74540 1.0659886223720916
27 14 8 19 79731 1.0200011864848082
7 15 12 22 29169 1.0499106008571146
14 2 24 5 54321 0.9042245791241925
22 16 26 25 62122 1.0436183669990058
1 17 28 29 113902 0.9469638800190809
16 8 3 19 73161 1.0582592212060815
0 11 11 27 77982 0.920334335220713
0 20 17 24 49101 0.9864304404594585
4 15 15 28 67361 0.9392737247905532
26 14 27 3 82760 1.0946894934657172
19 0 23 14 72752 1.0387645316691407
1 1 26 6 117607 1.098965498960708
1 17 0 28 53153 0.9604399295101591
21 26 29 3 131817 0.9794513765447942
16 28 13 8 69583 0.9331112677763759
13 22 3 11 57009 0.9478793170516979
27 19 6 8 87009 0.9323396749547553
29 8 16 18 94514 1.0096350787340467
15 20 6 4 68529 0.9389098543112504
10 26 2 23 35915 1.0917099009463531
28 4 23 21 110987 0.9184044619289711
11 10 4 14 47419 1.0178804604252143
16 8 8 29 84024 0.9204869683209276
7 0 14 3 33350 0.9450564324861506
4 12 7 4 46004 1.0383460503360258
10 13 8 0 37666 0.9450997980110121
23 21 28 12 70293 1.008591427447976
8 7 2 15 40854 1.0163457920072436
4 29 11 5 82452 0.9563951592947828
24 27 22 18 52061 0.967166817422629
3 8 10 16 48717 1.0653962175184137
19 11 3 0 88161 1.0203659864697268
2 5 26 17 118462 0.9729432733613219
4 2 18 1 60540 0.941433850454454
19 0 29 25 119219 1.0371914050798727
9 9 17 1 56195 0.9350664830302761
14 3 4 9 58545 1.0977650397447407
11 24 27 19 55674 1.0035208169329644
22 19 27 0 106700 0.971712433650213
21 24 1 20 59948 1.0609729192924762
27 25 21 15 69763 0.9541702943786607
20 15 15 6 55139 1.0533991044385096
6 16 14 20 33969 1.0310698518220016
6 14 26 10 110728 0.971645926152364
29 4 7 17 121636 1.0465845113826804
21 3 2 7 89043 0.9037273291089626
10 14 0 5 62113 1.046649787981906
5 20 24 6 100564 0.9861986049351822
2 14 25 20 80189 0.9824733589358313
5 26 26 5 126821 1.0222083076142756
17 15 27 23 58926 1.0219679789627165
0 17 8 13 36884 1.0068268590287188
20 25 2 20 59780 1.0606856635475184
28 0 13 10 82028 0.9004613096756482
17 4 4 16 81562 1.0758776999011554
15 19 5 13 49511 1.0323162002413429
21 25 23 6 95300 0.9527257157710924
25 19 5 5 90256 1.0059231416333434
6 18 16 27 51459 0.9051058899022391
3 27 24 12 103599 1.08722777162322
14 13 27 2 92372 1.029496986044446
28 0 28 12 78408 0.9001602734703716
26 5 12 16 90023 0.9628431192284183
18 18 5 7 68940 0.9488119052365267
24 1 4 1 83333 1.046991213901081
26 8 9 11 79890 1.007026955102772
1 7 14 10 58913 0.9861492385994512
25 0 0 16 121951 1.0947373542158167
28 25 5 5 116234 1.0769048026921946
28 28 7 8 107882 1.0183719218956715
11 14 17 5 57510 0.996745189918304
16 24 7 14 54585 0.9369382957925412
5 23 18 17 50665 1.000580852878122
12 15 24 18 47449 1.012062365040309
5 19 10 6 43388 0.9676180497042675
21 14 1 15 80085 1.0049149095348173
7 12 21 12 74245 1.0806203114441826
2 17 4 3 72181 0.9131400788108314
16 27 4 29 46598 1.014178442614442
18 20 6 21 25584 1.0082874899660976
4 28 29 29 84287 1.0624692482261908
1 17 10 4 65888 0.958954190867346
25 1 26 26 135485 0.9527729442143364
1 11 6 1 66806 0.9202456507603918
5 5 26 9 99223 0.9298998209147842
26 19 17 21 26740 1.035763843216388
10 1 9 23 63979 0.91786866911476
28 20 19 6 75943 1.0754616572193667
27 28 13 24 50855 1.0237311044398993
6 21 18 25 37388 0.9826802380087617
24 12 0 23 98390 1.0648672254783573
26 24 6 3 105802 1.0533203862109624
25 3 24 26 123116 0.9921304378982663
11 27 23 1 122901 1.051510586481669
8 26 20 12 72109 1.0513710116552024
13 22 2 7 64896 0.9421424362653367
17 13 14 2 57694 1.0284216807275894
10 7 26 12 87099 0.911840974450103
21 7 6 23 93087 1.0744615140768503
1 14 29 6 131235 1.0773826815105338
25 4 4 14 116139 0.9958169079146121
4 7 12 13 49176 0.9759885068136079
6 27 19 15 65604 1.0808145021375835
28 29 26 6 142413 1.022394501724651
15 5 22 12 62631 0.9804825792984033
4 15 28 27 92514 1.0991396683165957
29 16 0 2 129969 1.0116332663669079
3 25 10 3 74588 0.9878495353871987
8 8 24 23 67116 0.9094899961835129
22 9 7 3 78516 1.096963199381008
18 18 5 19 39130 0.9960272712761223
17 27 24 12 83545 1.0666773661460245
21 16 9 22 47517 1.0440414226239982
2 23 28 5 141070 0.9204651900303186
28 0 2 6 117070 1.0821673239013971
3 3 3 26 88119 0.9175401569152254
4 25 22 21 49992 0.9514830516635162
18 18 23 2 78671 1.0276164319507883
15 23 3 24 47553 1.039887485077321
27 23 27 4 122718 1.0875662868133606
10 13 10 1 31745 0.9029259127664572
20 29 27 10 115171 1.0537057700582793
14 6 8 18 50494 0.9083965088980414
16 28 27 29 48609 1.0810255187209166
11 28 0 17 58047 1.0507189962127452
28 11 23 22 79551 0.9697533896102464
18 21 27 0 109278 1.0807810145346615
24 27 28 4 139508 0.9716471285160396
27 25 4 16 85752 1.0658487760924489
12 1 29 8 86000 1.0417102931655242
17 19 12 8 49339 1.038607174257196
23 19 27 0 108595 0.9958754302437643
2 14 17 5 90881 1.080106266743621
9 24 8 11 35727 1.0658602126010477
6 23 20 1 111176 1.014789752528052
0 17 12 22 42483 1.0867990321175283
23 25 17 20 34578 0.9989431331416551
17 26 0 5 99056 0.9079227256281028
5 29 16 9 91529 0.9529099401705655
4 27 9 2 71399 0.9583610149951387
19 21 1 15 58537 0.9103274864177113
1 10 9 7 49718 1.0905380651433458
0 24 25 5 130207 0.9278312674323885
28 29 3 9 130639 0.9725141047125512
19 7 22 23 71086 0.9426568103909643
27 4 8 13 100347 0.9869776222701862
29 14 2 29 120694 1.0112657690441103
16 23 3 25 50875 1.0510498426703527
9 24 22 4 112008 1.0986335270006107
10 11 3 2 48420 1.0039289771493378
1 20 5 14 42186 1.0526119396130762
27 5 22 21 97005 1.097644437505289
24 29 15 24 47530 1.0009894949536653
3 10 5 22 54383 0.9173675851309775
15 2 5 28 97596 1.0072457115454314
4 2 17 22 79241 0.9908976750552891
28 6 27 25 123195 1.0216820535162177
18 21 24 4 85603 0.9560701094735158
0 10 26 26 109982 0.984950742804114
25 19 14 22 35688 1.0757122106700066
19 12 22 3 50105 0.9951414272766276
28 28 14 13 90897 1.0225768595346527
15 23 25 12 81013 1.088952647669285
10 2 29 13 115365 0.9647382370036909
17 20 24 3 90431 0.9709913764097065
13 3 8 16 48646 0.9490469708515392
23 29 13 12 75748 0.9422605009470773
12 0 0 16 74584 1.0844969888043843
18 17 9 20 39350 1.0731449896374077
17 19 26 25 52527 0.9592998100733964
5 28 23 21 56016 0.9374563079988024
13 22 27 9 103073 0.9195543298043537
12 21 19 2 78215 1.0800023204443718
5 15 13 25 45194 0.9473303580301988
22 24 6 21 49225 1.0673212111522694
16 9 6 22 70087 1.090018630259716
6 3 14 10 54454 0.9195616217858696
7 12 12 27 54822 0.9323605990761429
20 14 1 24 87952 1.0288123397043945
26 0 0 17 129424 0.9469726285668333
14 6 16 14 48117 0.92773842082299
14 21 3 13 49133 0.919747486885872
9 8 24 11 79417 0.9267181095416424
24 26 7 0 95656 0.9142814203179717
6 13 27 8 99218 0.9051828769150502
15 14 25 4 88477 1.050823580037699
0 12 19 11 93737 1.0984938589096036
4 25 1 17 50991 0.9896200553105552
9 9 13 0 39259 0.949162265134084
27 25 6 19 71140 0.9646545616982357
28 28 29 2 155704 1.084431938697572
19 25 6 20 45770 0.9235422223528015
21 14 24 0 82353 0.9034637659736701
3 12 21 12 93899 0.9583587180595642
17 28 6 10 78255 0.9272494440213076
10 24 0 21 25926 1.0196346461296433
17 24 28 1 131589 0.9137453046494747
0 22 9 23 30930 1.0534857615464956
17 4 18 24 89072 0.925821019934351
14 26 21 9 83375 0.992008533379653
28 5 24 12 54572 0.9607843294472411
27 27 17 1 127412 0.915289626018724
29 8 8 0 95170 1.0165936582342714
3 26 0 17 41905 0.9763304972257366
24 27 15 23 43519 1.0099605875212025
21 10 2 19 87763 0.9477460523059188
11 1 22 0 44410 0.9768003382263455
1 27 18 24 52988 0.9018014276461517
20 24 1 2 108362 0.9365213037533248
7 1 15 27 83957 1.065681507563564
3 2 9 22 67615 1.0615068135763848
20 7 5 14 78089 0.9453280027232454
10 23 8 11 30433 0.9349402395927712
18 0 3 0 52780 1.037015936990939
18 20 7 8 57986 0.9831316207603022
2 22 20 1 111764 1.004872471532101
19 23 12 29 35104 0.9688448707910075
6 19 27 4 118330 1.0405146975771256
28 28 13 2 115897 0.9797016814531757
27 17 5 28 89002 0.9435708145203965
6 16 28 6 106357 1.0656171192564972
21 0 28 7 61015 1.0802085978795903
29 6 21 14 70318 1.0409997292862438
0 27 18 16 72980 0.9488268519313576
14 22 25 24 42386 1.0898809435347554
8 18 28 17 67689 1.0217415645702026
19 19 8 24 35422 0.9259942223699384
13 9 3 7 42057 0.9722791252724268
4 18 27 9 122775 0.9402287332977017
4 0 24 9 96117 0.9507745525972057
24 14 29 8 57905 1.0387905571281808
29 10 9 19 102329 0.9612820425390725
13 23 7 14 37772 1.0153522864517994
16 14 20 25 60273 1.0073924712985214
17 15 18 29 61325 1.0765171505160545
23 19 12 4 72833 0.9633651026434352
27 12 4 29 125634 1.0729782053955124
1 19 14 26 47407 1.014319546186235
11 12 6 4 45379 1.0869954010843623
24 22 13 25 36348 0.9549380880615658
26 16 12 21 53359 0.9579094301676901
29 21 15 15 55850 0.9073258049998291
14 1 0 17 89367 1.042176267575986
1 28 22 1 145322 0.983180043230773
23 14 14 7 66764 1.0054094353163048
5 2 15 10 63171 1.0644691191336406
21 8 17 19 59042 0.9125138743347015
8 29 27 8 123646 1.0489021590509207
15 14 2 24 70476 0.9668198022716638
29 8 12 0 84074 0.9281036549047914
3 17 6 4 60228 0.9549738892828838
20 1 1 1 83145 0.9879706103401813
23 6 8 16 78900 0.9780859998998499
15 19 0 27 54510 1.0199024618436803
9 24 12 5 68743 0.9861860354989325
7 3 17 22 66741 1.034301306554972
8 7 25 6 67173 1.0795898921404723
18 2 26 4 45569 1.0353622974915262
14 12 2 6 67034 1.0251448098663989
4 7 26 7 79033 0.9472803451177465
1 4 17 18 100183 0.9200394643605945
28 14 20 27 90189 0.9700418479671591
17 12 22 21 49359 1.0325570204168706
20 20 29 14 57099 0.9796684675546292
26 4 12 19 103126 0.9949925890351736
1 0 17 0 56310 1.041341244427164
7 15 26 15 69671 1.0171191217083118
26 7 3 25 121122 1.0963103289730702
3 11 2 23 56028 0.9215582801301466
26 19 13 0 83923 1.032207228228014
7 12 25 8 83562 0.903086390821117
6 29 21 7 104169 1.0009052810971066
1 27 2 1 108025 1.024606412441059
15 15 24 27 69308 0.9504760149338944
5 0 23 25 102694 1.0354892598788439
17 9 24 21 65746 0.9909134868112056
19 10 28 17 57636 0.9445449406067234
4 16 27 5 114865 1.0085821559204655
4 8 18 7 56251 0.9903692686611966
4 27 27 14 104411 0.9012889926067579
4 27 25 14 94860 1.0515868156806716
1 19 22 3 115577 0.9507210638224282
28 21 9 26 49614 1.0888804378982704
2 12 18 12 85328 1.026978988028761
8 8 17 1 53597 0.9473098801029065
0 1 21 26 117039 1.0195986282600225
0 23 3 6 76128 0.9206997159731232
16 6 26 27 108838 0.9282378763607291
19 28 24 23 33493 1.0432297230997656
15 8 26 25 103339 0.9235541544543641
23 24 10 16 51016 0.9196170434021085
28 25 14 16 72569 1.043286476284047
3 27 11 14 55593 1.0443259939456193
3 19 20 12 72689 1.0823290809937371
15 16 2 6 72176 1.0007937780525766
3 13 8 26 50862 1.0625061032947887
0 16 27 11 117081 0.953990490298495
6 9 8 27 51423 1.0864518715944687
9 27 16 3 94396 0.9423110376798226
29 7 5 7 85591 0.9302428692991543
11 4 8 27 66322 0.9025091470990602
24 23 4 11 78968 1.0224027492549677
28 21 1 1 113533 0.9586543742469055
13 25 2 21 32340 1.0179767360492933
22 28 18 1 115341 1.034998841951709
2 9 16 19 76034 1.0647255048652307
26 14 15 7 80961 0.9659495941634686
15 26 13 0 76332 0.9906812125150678
5 27 7 4 66827 1.005004403443926
28 12 15 18 83633 0.9362555613249977
8 29 18 14 66475 1.0469659754706402
2 14 10 7 55725 1.080313519653006
25 27 11 11 83276 0.9999955002298724
19 25 15 19 33825 0.9904177768978383
1 15 10 17 36174 1.0860734809282573
28 18 14 17 53144 0.9915722007044308
4 29 13 7 82122 1.0531452660475549
0 0 1 19 76563 0.9092216129875715
1 6 19 13 95380 0.9371365020452653
20 3 17 28 104930 0.9725530751381108
13 9 23 19 52930 1.09410611895393
6 26 3 10 65278 0.9714823741519103
12 14 26 10 86605 1.092800554035021
21 29 24 15 77269 0.9518809069851605
17 25 1 1 111410 0.9340874464626295
28 14 28 2 80513 1.083997379577024
18 2 3 24 103139 0.973829884102389
22 1 21 19 87009 0.9578842503002714
17 21 7 15 33149 0.9719329205283282
15 11 27 23 79047 0.9835367143212306
25 25 13 7 84192 0.9401866593427647
6 27 7 11 48672 0.9719426322151632
25 6 21 17 71188 0.9835826917108262
1 14 8 2 61458 0.9400416271036218
2 14 5 2 67231 1.045117297961305
22 19 4 29 69077 1.0614366137058877
21 1 2 27 130250 1.062996081399729
21 27 10 19 46918 1.0047305528238462
19 6 16 22 66371 0.9089930169773188
1 10 18 21 79721 1.0162043503738591
21 19 24 10 52690 0.952859677305574
18 4 5 18 88781 0.98412752972673
2 26 22 25 52339 0.920887964821096
25 7 12 7 46574 0.927981616689332
13 25 18 12 58658 1.0021545602444297
4 23 0 29 37266 1.007637368477491
3 18 28 24 81810 1.0200781269981096
20 20 2 25 61207 1.0803362199362723
10 13 28 24 78095 1.0556728700761484
27 28 28 16 79972 0.9987358920471021
28 2 18 7 59036 0.9555600521190655
9 24 0 0 89662 0.9344698764013513
28 21 6 24 59336 0.9667186369794212
7 28 14 8 76686 0.9019187770065281
14 1 27 5 77221 0.9660498708625369
27 13 21 22 67515 1.0563470450100902
29 13 14 3 108254 1.074887948756327
22 20 3 6 85468 0.9532971532383737
0 23 22 18 65206 0.9472400510199933
15 20 16 9 56554 1.00950069317282
5 24 6 0 73789 0.9390573148212437
20 22 25 0 106854 0.9882069842715335
23 20 9 2 77244 0.9462573008354535
23 26 22 8 95802 0.9903851619354923
17 0 7 2 39004 0.9929903674407353
3 28 13 19 47956 0.9229181381727404
14 15 6 27 53090 0.9609342628163147
19 17 2 20 53714 1.0011741360974797
2 28 4 19 46400 0.9536349402780839
19 17 28 7 67439 1.0376377557310839
28 29 26 14 100641 1.0896457716338346
3 28 27 25 71279 1.0757012705778486
28 4 22 22 117060 1.0064397913815102
8 13 11 24 36501 1.0442050032105794
25 9 6 9 89349 1.0354603304533208
9 4 5 10 40000 0.9136115686890801
14 9 27 2 81451 0.9178319316695688
20 12 11 25 72800 0.9913311744115052
14 27 15 6 75727 0.9365975841311548
22 17 0 12 92274 0.9382674236275286
4 28 2 0 98952 0.9330339262369898
15 6 10 16 48397 0.9441132947617561
3 8 21 6 75436 0.9651557341826796
1 2 22 2 83633 0.9472806127022619
5 21 1 29 46423 1.0516737267151461
1 9 10 11 52761 1.0684538680509987
11 23 25 9 101561 1.0088805096382791
8 19 7 29 27218 1.0897372860915433
22 17 14 14 42718 1.0078983556169454
5 20 3 28 39548 0.9316426953490523
4 15 1 6 50542 1.0188498726171067
1 21 11 23 27208 1.0422985500876298
18 21 16 29 39900 1.0539466776777398
14 18 9 12 39657 0.9499423596273628
5 11 8 3 31786 1.088598571747923
25 20 17 1 95239 0.9626236417607991
22 19 26 2 98696 1.0259524509836866
6 12 16 29 75816 0.9663585347254975
1 1 5 9 54821 1.0118364323975124
24 29 20 15 72360 0.9008462831886345
9 12 2 0 54141 1.0776895199179966
10 6 11 19 36998 0.9395847397073844
2 16 10 19 30630 0.9938935578263324
7 10 20 16 58348 0.9601437297733508
13 12 8 21 34847 1.0122639370410376
12 26 27 15 78158 1.0839330278773243
5 17 11 6 51130 1.0347804015141755
15 11 20 20 58015 1.0542475074732076
15 26 1 8 90874 1.01039379115866
5 15 17 3 79512 1.0500702684825245
9 3 19 8 54165 1.0353592866061887
19 21 14 0 72235 0.9849715506728984
12 11 26 16 60976 0.9030410927654559
4 13 20 11 83883 1.042697484011026
24 23 14 8 75798 1.0434253750039872
8 3 21 26 78683 1.076892146107398
2 23 20 18 61483 0.9244322195326744
5 5 14 29 87071 1.0436123191645557
18 21 23 12 55798 0.9620763409212053
8 19 24 28 61821 1.0588597605242287
3 5 27 17 114903 1.0531356381455679
23 27 9 25 41550 1.0658084586580956
24 9 15 15 62909 0.999508129139056
26 18 9 19 49689 1.098197353521203
12 24 0 20 42353 0.983949525066873
10 4 20 10 59533 0.9278317185216575
4 11 26 11 103918 1.077145577569761
12 21 25 25 46154 1.0725959168873969
2 13 13 2 77038 1.0462862325219073
9 17 4 11 38269 1.063422057033157
6 20 24 27 63460 1.0782710337433814
23 10 23 20 53751 0.921413738533157
1 10 26 12 133331 0.907976726152101
25 4 27 17 82938 1.0209914514953162
12 25 18 6 80880 1.0701231638199467
5 10 12 18 53470 1.0685648575776023
11 11 12 21 35050 1.0393804250195062
23 26 11 28 36614 0.9044041315440515
12 7 22 12 60982 0.9915217869376253
0 29 12 23 57800 0.9488276744629394
25 11 14 8 65742 0.9526750981118816
28 20 21 15 43695 0.9770162008163337
7 6 20 29 89271 1.0842639122500715
24 3 2 25 139444 0.9956526165680272
23 13 16 21 54407 0.9224903673734721
6 12 4 22 44989 0.9121576527275961
25 13 25 29 89479 1.052881882406187
27 13 12 14 79783 1.0724688565111866
3 14 2 2 54636 0.9319921786790218
22 23 16 10 76730 1.0430493326711046
27 0 14 19 106539 0.9999680764996414
27 14 13 27 85582 0.994805018318659
15 26 26 7 103439 1.0843623192405296
4 3 18 8 72429 0.9663118720355588
21 4 2 15 103358 0.9113929151168251
12 28 21 19 48840 0.9730325596444278
10 24 28 5 122738 1.0584506824200237
21 23 7 1 84822 1.062140956211488
2 1 18 0 64798 1.0686180925207196
9 28 22 29 53820 1.01888051537764
3 26 5 15 47306 1.0264247514457243
29 15 16 21 59895 0.9447846759826913
24 25 2 15 84694 1.0345555862911384
28 23 9 22 55129 1.0840178474007862
2 2 27 19 108170 0.9308289429989973
