4345 4336 4232 4093 4479 3949 4296 3949 4299 4484 4321 4570 4403 4057 4700 4196 4018 4107 4137 4580 3938 4499 4244 3401 3219 2698 2750 3115 3287
7168 7732 7570 7287 7756 7666 7669 7242 7311 7549 7134 7293 7442 7122 7775 7127 4989 4930 4887 4468 4457 4994 5086 5034 4894 4841 4601 4821 4752
4368 4300 4516 4189 4587 4528 4331 4621 4639 4890 4702 4882 4107 4130 4154 6667 6802 6309 6357 6855 6879 6704 6362 6679 6419 6476 6472 6841 6562
3478 3171 3310 3068 2996 3467 3035 3391 3323 3074 3292 1408 1603 1950 2043 2102 1347 1511 1618 1901 1760 1602 1426 1469 1752 1461 1762 1379 2060
5756 5987 6307 6333 5697 6199 5888 5628 5997 6066 5768 5579 5865 5947 5739 6295 6773 6764 6712 6438 6366 6331 6411 6422 6283 6373 6751 6276 6424
3858 3562 3691 3695 3978 3703 3978 3987 3992 3989 3330 3761 3452 3698 3342 3573 5832 5242 5121 5769 5366 5337 5042 5790 5262 5139 5325 5286 5735
4446 4722 4196 4642 4418 4405 4801 4484 4660 4216 4276 4812 4437 4200 4303 4724 4337 4921 4240 4372 4947 4984 4888 4432 4721 4622 4702 4562 8064
6222 6279 6469 6473 6201 6209 6557 6274 6198 5990 6533 5986 5954 6278 6214 8133 8066 8735 8412 8103 8297 8089 8816 8410 8569 8153 8551 8464 8318
1402 1200 1357 1056 1140 1732 1441 1057 1109 1418 7077 7114 6594 6693 6637 7242 6561 7061 6595 7127 7316 7259 7297 6980 6901 6944 7012 7218 7266
4518 4900 4519 4453 4366 4353 4914 5038 5038 4444 4574 4817 4959 4851 4633 5090 5059 4899 4367 4711 4597 4524 6962 6271 6561 6878 6524 6572 6534
3201 2921 2831 2456 2752 2814 2639 2879 2964 2645 3123 2760 2815 2680 2914 2536 2773 3046 2849 2557 2631 3017 2702 2493 1814 1860 1627 1772 2215
7787 7710 7443 8013 7617 8207 7600 7939 7451 8063 7500 8203 8085 7908 7590 7988 7973 7796 7998 7608 8133 7635 7529 7764 7959 2061 2081 2262 2107
1946 1630 2255 2115 2108 1966 2123 1777 1854 1583 1730 1864 1824 2027 2246 1663 1864 1922 2059 4643 5180 5248 5171 5072 5111 5026 5094 4678 4939
7376 7541 7264 7078 7576 7690 7078 7047 7169 7089 7007 7447 6754 7186 7224 7113 7323 7063 7048 6902 7507 7130 6802 7298 7284 7085 7038 7394 6898
2131 2389 1791 1847 2071 1954 1730 2196 2034 2352 2262 2488 2213 2106 2297 2495 2718 2326 2038 2136 2151 2370 2168 2409 2214 2563 2547 2737 2105
5274 4695 4994 4909 4613 5220 4686 5083 5087 5080 5050 4779 5231 5319 4824 4772 4916 4649 4829 4076 4149 3436 3529 3600 4107 3801 3767 3433 4128
4363 4244 4142 4066 4561 4737 4806 4692 4251 4481 4806 4272 4327 4847 4524 4267 4761 4195 4079 8292 8131 7907 8021 8131 7973 8347 7880 8053 7851
2380 2835 2607 2829 2328 4208 4263 4092 4434 4379 4188 4316 4346 3898 4071 3972 4373 3949 3990 4352 4564 3877 4017 4093 3940 4486 4586 4301 4480
5780 5851 5563 2824 2883 2940 3383 2894 3328 3440 3056 3318 3350 3266 2920 3354 3498 3077 2779 2947 3307 2845 3102 3337 2908 3396 2764 3369 3125
3871 3385 3465 8078 8068 8770 8765 8338 8130 8440 8374 8770 8259 8794 8334 8191 8069 8854 8581 8488 8812 8508 8593 8826 8632 8767 8573 8099 8820
4098 4494 4452 4418 4332 4625 4654 3913 4073 3889 4212 4159 4637 4037 4650 4627 4666 4414 4590 4655 4000 4648 4206 3978 6892 6947 6489 6856 6469
2284 2143 1966 2008 2013 2008 1818 1682 1905 1580 1937 2167 2260 1592 2184 1535 2154 2242 1857 1867 1584 1869 2073 1569 2000 1740 1944 6598 7387
3111 2706 3054 2493 2916 2916 2638 2539 2927 2388 2847 2892 2648 3723 3550 3306 3441 3812 3563 3901 3424 3825 3937 3581 3481 3307 3277 3994 3396
5817 5956 6300 6490 6309 6031 5758 6374 6309 6258 6221 6001 6210 6104 5894 6186 6401 6180 5958 6158 6236 5545 5400 4961 5483 5556 5617 5331 5472
1199 1267 1910 1403 1285 1214 1210 4653 4731 5131 4536 4749 5237 4862 4613 5245 4740 4480 4659 4537 4670 5032 5142 5020 5041 5103 4924 4924 5179
6174 6486 6094 6045 6484 5810 6046 6129 5916 6589 5961 6522 6523 5991 6363 6503 5806 6480 6222 6537 6562 6463 7642 7572 7616 7936 7502 7902 7590
2581 2878 2750 2565 2328 2811 2578 2739 2476 2406 2492 2159 2884 2357 2372 2244 2677 2311 2231 2549 2730 2656 2488 2607 2657 2862 5373 5354 5227
4547 4328 4890 4852 4329 4109 4447 4225 4447 4638 4345 4863 7754 7735 7068 7614 7498 7279 7193 7043 7538 7003 7721 7000 7470 7346 7219 7235 7022
2612 3013 3213 2522 3224 2741 2834 2871 3214 2900 3048 2543 2757 2952 2855 2561 2733 2957 2766 2248 2074 2217 2312 1844 2218 2370 2127 2229 2024
2088 2522 2081 2072 2572 2049 2104 2600 1915 1877 2256 2505 7065 7124 7289 7498 7361 6862 7497 7260 7380 6982 7324 7400 7435 7441 7046 7159 6950
7389 3343 3238 3354 2291 6157 5486 1839 3561 1709 7795 2996 8830 4628 3533 2679 7143 1996 5864 5518 1662 1936 7367 2802 2409 5923 5921 6685 5980 2682
7288 3169 3150 2874 2318 5720 5491 1902 3619 1520 7820 3030 8825 4711 3194 2854 7554 1944 5577 5540 2396 2388 7604 3217 7738 5659 5241 7202 5891 2660
7393 3199 3501 3382 2095 6245 5548 1692 3376 1655 7766 3065 2811 4385 3003 2998 7231 2497 5905 5107 2208 1905 7527 2625 7818 5002 3303 6934 5365 2445
7443 3141 3490 2780 1760 6356 5567 1402 4005 1631 7909 3458 3431 4329 2975 2956 7635 2551 5760 5199 2110 5702 7254 2819 7722 5012 3388 6697 5853 2404
7193 3108 3141 3034 2397 5833 5305 1709 3704 1527 7871 3020 3162 5042 3027 2852 7288 2184 5620 4991 1864 5085 6824 3201 8114 4322 3958 7282 5663 2415
7414 3578 3276 2757 2281 6362 5345 1709 3463 2037 8161 3352 3216 5043 3112 3216 7331 2504 5423 5002 1987 5147 7574 3105 8317 4757 4007 4346 5493 2816
7404 3650 3483 3271 2128 5875 5077 1261 4048 2229 7965 2944 3487 4624 3355 2712 7189 1893 5550 5388 1903 5130 7071 2888 7817 4282 3922 4411 5415 2824
7133 3590 2960 2727 1798 6063 5146 1939 3351 1741 7768 3222 3301 4484 3244 2921 7213 2291 5308 5131 2312 5068 7542 3127 7954 4261 3975 4344 5839 3123
7702 3651 3341 2947 1942 5881 4996 1869 3721 2210 7803 3423 2874 4675 3400 2901 7717 2072 2539 5463 4146 5665 6858 2956 7985 4313 3530 4469 5628 2755
6949 3238 3423 3320 2376 5741 5412 1594 3764 2019 8354 3175 3066 4725 3105 2693 7506 2584 2491 4974 3815 5601 6959 3106 8229 4656 4033 4403 5717 2525
7634 3386 2984 3165 1999 6247 5382 1756 3510 1858 7938 2945 3185 5079 3567 2818 7776 2419 2762 5078 3553 5476 7024 2820 8000 4967 3837 4386 5986 3146
7576 3110 3547 2687 1924 5886 3521 1886 3939 2142 8396 3205 3146 4552 3577 3264 7169 2179 2613 5322 3557 5253 7429 3134 8332 4439 4070 4416 5898 2909
7695 3661 2954 3071 2121 5694 3905 1537 3550 1646 8271 2986 3399 4746 3637 2598 7622 2136 2669 5393 3766 4990 6900 3326 7683 4378 3328 4676 5343 2376
7322 3340 2961 3376 5850 5998 3832 1997 2308 1861 5633 2900 3151 4372 3534 3269 7085 2484 2133 4806 4043 5541 7117 2860 7734 4713 3423 4835 5209 2490
3979 3492 3223 6830 6035 5926 3809 2001 2059 1845 5503 3247 3076 4859 3459 2672 7683 1947 2562 5122 3686 5097 6969 2774 7966 4550 3779 4874 5790 2694
3853 3654 3234 7093 6360 6418 3681 1600 2025 1616 5878 2841 3155 4495 3281 2786 4578 2346 2207 4822 3608 5596 7185 3234 8039 4581 3939 4651 5509 3020
4508 3062 7516 7158 6352 5998 3453 1494 2346 2066 5853 3441 3426 2237 3290 3020 4781 1984 2615 5032 3770 5201 7447 2699 8006 4434 3383 4458 5337 2425
3773 3307 7022 7170 5987 6115 3329 1309 2145 1727 5203 3586 3384 2637 3009 2642 4419 2560 2360 4809 3763 5671 7152 7419 7663 4916 3954 4756 5707 2854
4114 3509 7512 7079 6157 6225 3857 1632 2542 1625 5646 7678 3090 2140 3161 2975 4724 2460 2101 4872 3689 4961 7203 7333 8285 4904 3547 4423 5728 2675
4441 3147 7058 6931 6435 6443 3481 1776 2584 1594 5158 7509 2839 2852 3149 2787 4282 2026 2051 4994 3960 5708 7224 6899 8344 4991 3950 4859 5576 2374
4338 2993 7727 7187 6028 6370 3600 1500 2116 1386 5482 7528 2905 2859 7423 2741 4612 1966 2618 5319 3901 5579 7529 7613 8197 4596 3937 4529 2497 2940
4162 3377 7057 6799 6095 6227 3561 1761 2095 1592 5169 7657 3479 2582 7814 2628 4760 2480 2279 4954 3492 4942 7240 7154 8241 4666 3747 5003 2488 2369
3827 3132 7312 6817 6085 5770 3509 1528 2045 2003 5178 7518 2830 2720 7829 2654 4576 2279 2648 5390 3887 5000 7606 7193 8026 4294 3349 4924 2450 2531
4189 7216 7368 7233 6395 6371 3356 1259 2406 1662 5377 7459 3504 2771 7547 6960 4282 2162 2196 5470 3982 5277 7088 7313 7969 5016 3603 4699 2523 2966
4517 6632 7236 6684 5835 6088 3518 1752 2503 1649 5229 8075 3406 2484 7476 7083 4877 2032 2372 4998 3727 4975 5747 7047 8341 4250 3400 4631 2352 2591
4407 6687 7175 6945 6490 6450 3414 4834 1982 1658 5502 7661 3040 2353 7667 7275 4246 2415 2011 5093 3848 5347 5908 7085 7823 4930 3280 4471 2383 3073
4409 6653 7095 7223 6556 6216 3530 5340 2183 1876 5691 7822 3443 2862 7463 7403 4366 2377 2574 5127 3403 5120 6283 7298 8209 4577 3689 4789 2409 7870
3777 7296 7312 7118 5796 4954 3609 4851 2664 1498 5665 7781 2999 2636 7722 7148 4154 2037 2493 5186 3836 5455 5986 6978 8219 4552 3546 4945 2739 8134
4004 6918 7731 7262 6386 4479 3443 5088 1984 1806 5342 7736 3296 2268 7846 7245 4834 2142 2570 5048 3810 5192 5716 7299 7712 4263 3820 5014 2459 7937
24 25 0 16 80078 1.0326746690108726
13 6 27 1 48790 0.9802547872477234
24 10 17 0 41267 1.0349098572913755
10 4 3 19 39910 0.957361274165201
9 0 1 25 67945 0.9378103399069261
7 28 23 2 100019 0.9298265164456017
1 29 7 11 48033 1.0981770331238476
25 1 14 25 71566 0.9762946195126608
28 10 14 0 43650 1.0644870087384115
5 10 16 9 25193 0.9683453820419758
9 1 2 16 45611 0.913062563634661
11 10 27 3 56073 0.9905655489315207
3 25 24 23 85796 0.9181704554611464
3 28 26 10 78190 0.9412445558926699
0 9 12 6 25443 0.9454378666514327
24 18 2 14 58446 0.9722551665386958
5 6 29 24 89746 1.0630692241211372
13 12 21 20 36235 1.0748266934469608
13 22 22 20 39542 1.0258104057741322
27 17 2 29 76477 0.9077952479652059
16 3 20 20 54744 0.9562735546336212
27 24 7 1 89612 0.9416509084597426
24 11 2 20 71602 0.9523882393887214
6 20 25 14 68801 0.950472991184836
16 29 23 13 55539 0.9520322222191135
26 23 16 3 71210 1.0165773674763932
3 20 1 10 28712 0.9775478126019665
10 15 25 19 47477 1.0833053470484737
8 5 3 19 34452 1.028639493303858
9 29 1 6 70834 1.0513030085960402
3 18 8 27 37799 1.007608084495294
16 6 3 15 43747 0.9627264989368517
9 24 24 6 69466 1.0159435410890005
2 9 5 25 40847 1.0419933782497566
12 26 0 3 82194 0.9714540712829269
1 7 5 23 42965 1.0443528835658675
3 15 20 2 64192 1.0135461273688038
0 6 19 11 53079 0.993855904888926
13 6 27 29 82751 1.0989181186770498
22 13 5 15 52373 1.0942323918477292
23 25 28 16 41572 1.026011181723247
28 24 19 5 67682 1.077639002660544
22 24 24 7 44846 1.0063904784744515
14 27 2 18 55413 0.9360040393226667
22 7 15 13 30512 1.0075564307485683
12 15 16 24 35253 0.9789769283300569
3 11 23 19 64166 0.9728320934157615
16 28 25 6 73665 1.0804345668229607
13 15 1 13 42020 1.016195907159245
17 24 27 14 61116 1.0313250622865595
27 2 7 14 74637 1.0455652823330048
1 14 24 19 66299 0.9923906606174397
12 7 25 21 60378 1.0798996826670562
5 27 9 14 51776 1.0902579277920479
26 29 24 20 39529 0.9510761323962624
9 0 5 22 63952 0.9866737127766396
5 14 9 25 48859 1.00850542425399
29 13 6 16 65825 0.9857755388003562
19 14 14 25 39582 1.0571779620916577
14 9 1 25 61420 1.0021260851366858
20 10 1 18 61453 0.9668360075619176
25 21 9 15 58747 1.0752321557912947
12 13 28 3 51711 0.9206870080239021
2 2 29 0 81657 0.9037076745389011
11 4 15 21 44699 1.0315366289891212
6 0 4 13 44649 1.0041569172037441
5 11 15 27 65948 0.9529785712140869
0 7 24 8 43632 0.9165860750022045
4 16 0 1 58093 1.036647231197066
28 2 15 10 47651 1.0864701696704997
26 14 26 26 30384 0.9820483925672949
4 20 17 14 49538 0.9250804452165152
14 7 5 15 38964 1.0499050433814001
5 6 22 3 43562 0.9654586648908636
28 16 5 21 70656 0.9686400523935701
11 17 3 29 38199 0.9097458169404022
6 22 15 23 31879 1.0889336386823374
15 4 17 21 57079 1.0335163229516173
1 15 14 4 46947 0.9519634945826603
22 14 2 7 49499 1.0769714431656565
27 25 4 3 94279 0.9533585701196514
22 23 8 15 53758 1.0323126782494767
17 14 24 8 30521 0.915162954735509
5 17 6 1 48051 1.0419022677281253
20 5 14 28 67911 0.9809651782980934
2 28 10 5 60072 0.9468163245245436
20 3 21 25 49091 1.0975603593580359
18 4 4 8 38495 0.9507791186232446
17 10 28 20 49873 1.0709563341548833
9 23 26 26 66300 0.9415838359748747
6 14 23 4 62405 0.9666315851001711
12 23 17 12 40861 1.0773193827724543
11 0 8 27 77870 0.9940472884546598
27 7 10 12 44322 1.0400920625534549
11 26 20 9 59838 1.0172871079645405
23 16 16 22 44886 1.0294050183318473
26 21 0 5 83834 1.0477087583933902
15 18 2 28 52969 1.0244166660556944
11 11 23 28 64794 1.0610627741237828
14 8 0 3 38309 0.9941678208400716
10 14 1 27 51947 1.0569872652714412
25 15 22 24 42564 1.0840283496790704
14 1 11 12 27270 1.090880689244316
22 22 11 29 54082 1.0889991297053425
6 23 27 7 80745 0.9631712423655944
20 9 3 5 38897 1.0498212288893067
28 21 1 16 75843 1.0425064950389495
19 2 17 26 72666 0.9064163637862372
11 14 20 4 42949 0.9932718193170609
25 5 8 24 80433 1.0273337114912562
19 20 3 6 62134 0.9726127087360049
22 1 24 13 34937 0.9484064042674221
15 18 4 29 52068 1.0131115894154317
18 22 29 5 58711 1.0705309998083286
26 0 18 22 62846 1.033373323527463
24 19 2 10 68738 0.9546810723042062
7 19 23 14 58827 1.0231137669638852
6 21 15 24 40463 1.0435161856731083
1 0 1 11 51758 1.0820574210530585
25 8 11 8 31293 0.902911092279611
3 28 18 0 84573 0.9572798530162381
18 27 24 11 54777 1.082052043812933
22 17 1 20 52700 0.9209643590086177
27 13 16 15 33713 1.099156669108247
16 25 0 28 59940 1.0711257687773201
4 25 0 1 70342 1.0614105749024747
22 5 16 12 32131 1.0854428873307183
11 4 19 27 70096 1.0136300903329745
0 4 11 12 39489 0.9464476366579744
12 10 4 25 51946 0.911534899387115
25 7 25 28 60363 0.9620567309829693
12 19 17 2 47277 0.9592538418332468
28 23 11 24 72651 1.0746824876365633
11 10 20 7 26956 1.006508068412822
2 9 29 21 80843 1.0823482941482616
20 13 29 27 54253 1.0501845838903023
24 27 7 14 74605 0.924528913801739
24 14 9 7 44548 0.9282729897316923
8 2 20 5 36456 0.9846231419878074
23 25 24 0 57053 1.0812592370188676
11 9 21 19 37016 1.0654393678692817
5 2 29 24 97304 1.0957438083847593
4 26 21 3 75836 1.0349607768691058
3 18 27 11 70513 0.9648398220726108
21 6 2 28 74925 1.031681302511792
21 5 16 14 32773 1.0070724941442895
4 7 2 18 32351 0.9177958555779475
3 27 0 11 35806 0.9124824491571083
16 7 2 26 60193 1.0475562365271096
27 16 2 28 82003 0.9982020587646512
13 0 7 24 78922 1.0815439359528105
15 24 5 7 54066 1.046042651553281
27 1 7 21 96467 0.9506369204513347
24 27 21 5 55246 0.9459390876559056
0 10 21 14 51664 1.0946468641667773
5 24 23 11 83116 1.0520775864913405
2 6 15 25 65999 1.083393288130058
4 23 13 8 52254 0.9753723291947395
3 9 24 16 59272 0.9954823798724579
11 18 4 25 39326 0.9010869994902384
13 19 1 3 58405 0.94301865545496
15 3 15 24 57156 0.906406490763212
8 3 0 19 48200 0.9154127946658334
25 4 19 27 61221 0.9614517415842222
2 11 1 26 36562 0.9727889254991584
7 29 3 17 30160 0.9872196724427986
6 1 20 5 44896 1.0367499792633792
1 12 29 8 67829 1.0088646778604162
23 12 8 28 77054 1.0307439551631148
21 29 8 1 81603 0.9990301808044274
16 22 26 10 60768 0.9991622467798036
24 20 14 6 49365 0.9546567558345609
29 17 19 29 53439 0.9002730796063577
20 11 17 27 52544 0.9446074377186418
7 20 19 16 44655 0.9530083228141895
6 29 23 17 68385 0.9616291040356969
20 27 20 2 59810 1.018402479151331
12 29 12 0 69603 0.9589112012006421
26 21 27 1 57190 0.9805537236494849
19 11 2 4 52102 0.9374467718623486
5 18 16 25 52525 0.9865977504348424
23 13 7 0 55245 0.9347986194175226
8 3 17 21 57091 0.928917006174622
4 25 23 8 73675 1.067480740318492
1 19 20 0 82455 1.0745954281554393
14 3 29 26 78518 0.9304426002566849
17 27 25 11 64712 0.9490486983976123
9 9 25 25 70081 0.9719960292535154
20 9 4 26 66081 1.0077832652511156
13 16 22 22 41409 0.9112696314603346
8 13 25 4 56292 0.9933951144103061
9 28 25 4 83706 1.0960679031193683
29 20 21 28 38545 1.0099667246757127
18 6 22 29 58425 1.0682047482959796
15 24 27 23 63421 0.9359556820476985
14 3 21 13 30445 0.9602182364169656
0 12 22 9 52611 0.9724469330948626
9 20 21 11 48319 1.0769960447777625
8 2 16 19 47494 0.9956522948450541
11 13 0 10 38315 1.0633762618774236
28 8 2 23 77174 0.9624798617236375
12 23 0 16 47429 0.9054935021135456
25 12 19 3 44213 0.9720437372755109
5 20 6 5 46563 0.91500547130647
10 24 24 10 64101 0.9138976123724296
11 10 1 14 40839 1.0112937470759678
3 7 11 16 38521 1.0757911494683956
9 21 28 12 69474 0.9919170542092292
26 3 0 5 64043 1.0051291642070144
20 8 29 7 22280 0.9639584114160769
26 20 22 11 32609 0.9012484893782647
6 12 1 7 27762 1.0471907161534848
20 22 11 8 53516 1.0088514519084821
28 24 0 5 94845 0.9735385249507218
6 26 3 15 29302 0.9208910551802866
15 7 22 18 32828 1.081194870459805
8 6 28 4 49186 0.9974718442778646
22 9 14 22 43311 0.9535610310010705
1 21 3 7 34616 1.0089953980592987
11 12 23 10 32847 0.9734025062461528
4 18 24 28 77514 0.9642653269052912
18 19 15 0 55746 1.0464349214603095
24 12 10 11 40326 0.9295125583545782
28 6 0 21 82949 0.9437311473180245
3 27 12 4 56966 0.941182311278286
4 9 4 29 40555 0.9164828507653477
18 16 3 6 53065 1.0495194951102442
27 0 26 21 57527 1.0100130077058256
26 21 10 24 61026 0.9049984521856859
20 2 12 19 54799 1.0695193001350418
2 17 9 10 35135 1.0392286905490464
19 22 0 15 68206 0.9274104560553489
29 22 6 20 75867 0.9436085967538477
29 2 17 8 39215 1.0346407158795525
17 23 23 18 33644 0.9203967890047136
2 22 27 12 82687 1.0089941440537928
13 17 10 26 29356 0.9038493297510205
3 18 8 24 30427 0.9660507649242558
0 15 13 16 42116 0.9887696503000869
19 7 0 3 44149 0.9041267234187312
24 18 3 5 64834 0.9544899799670326
19 1 25 19 55051 0.9333098619837314
21 4 26 13 27931 1.0353548532132089
25 19 2 3 79867 1.0784240285676618
0 10 8 22 53646 1.064348850266393
5 19 17 13 51693 0.907937840456072
9 29 15 4 69115 0.9793429851443527
5 21 22 8 66399 0.9927176219646239
21 24 24 0 46093 0.9357435594229871
1 12 20 5 60471 0.9623197561743809
16 2 15 25 61373 1.0352677330257953
10 8 1 29 57983 0.9075671684206738
10 14 6 25 46255 0.9484433752134666
17 2 17 28 81504 1.0869545827970253
20 24 28 18 35589 1.044958853467273
26 0 17 6 33440 1.0564206039408703
26 10 3 14 55057 1.0401774833732544
23 10 16 26 59184 0.9388709900326737
5 23 15 10 60483 1.0400531541890665
6 27 15 5 78050 0.9521710570473311
1 24 13 0 77039 0.9139502247047291
24 0 4 20 71277 0.9709835010092022
24 27 20 0 69998 1.0320083599318446
28 17 11 7 51510 1.0723795600796908
12 13 20 24 48967 0.9809587760009132
14 8 25 6 22784 0.9073016997586473
18 21 5 5 63287 1.043049945254253
10 10 3 28 50499 0.9278790386965367
0 13 13 11 46355 0.9399073587664987
14 10 26 21 50809 0.926359269704835
6 12 25 22 78345 1.0924318133142161
19 28 27 8 62048 1.0378044174845398
4 8 7 17 33279 0.9228267066552228
13 23 27 27 61534 1.0476223222773413
19 1 6 27 97246 0.9363134546977662
28 16 18 21 36560 0.933407694154883
0 10 5 26 45711 0.9390479643151017
21 17 25 8 26363 0.9159548299158139
26 16 7 10 56804 1.0648477936425034
27 29 0 0 126110 1.085104547019085
29 17 21 5 40746 0.9057555098481834
23 25 28 0 74163 0.9583283453914049
16 1 4 18 64988 1.0755576698344556
21 2 17 11 28087 0.9004062483854113
11 22 23 24 66707 1.0134333100301993
13 19 15 2 43956 0.9372245836065572
29 1 27 26 66259 1.0024213069033951
3 4 0 27 63561 0.9950594235481017
26 1 22 10 30485 0.9123615692059872
21 23 12 2 55901 0.9019159454507367
23 5 28 24 60832 1.089840015910919
28 20 3 22 72731 0.9224610127641193
23 22 19 14 37266 1.025819756596717
21 0 20 19 42654 1.078933464754776
14 2 0 11 45052 0.9501176736294012
1 29 7 13 48236 1.0474069872254614
2 13 1 28 40724 0.9783556098848112
10 27 23 24 58957 0.9464654357907724
4 8 22 9 38718 0.9425446753090503
6 28 22 15 76918 0.9065965797427326
16 26 28 17 51354 1.0517304687261464
26 21 23 0 54703 1.009238129731027
19 3 7 8 40560 0.9643924112955895
7 11 22 13 45175 0.9774429349153928
17 29 5 12 72200 0.9365514083566243
16 3 23 26 68774 1.0873165764925043
13 17 7 11 29594 0.915471819753232
26 2 20 9 28117 0.9498522180370798
19 12 1 28 81715 1.085977176281448
27 22 29 1 59955 0.909721025043336
16 14 14 5 26075 0.9534686940743987
14 17 4 13 37068 0.9257426966433412
18 29 29 13 65634 1.0042597683743895
28 17 6 20 60570 1.0658935278428068
19 24 5 16 64844 0.9850563023517737
16 22 4 2 73549 0.9445133002619911
10 5 21 10 29108 1.0505552761362953
8 27 4 4 74101 0.9243999464777737
26 22 5 13 74846 1.0346610347928913
17 13 3 9 40798 1.0290397736541061
3 11 14 2 37729 0.9232913920607734
7 5 0 18 47930 1.0012874058706795
1 26 9 16 41598 1.0727821101647799
14 4 18 14 33669 0.99627213570064
20 28 17 9 49581 1.0749287196076671
27 23 12 8 66260 1.0285436023243344
23 26 8 2 71570 0.9870947767711873
17 2 6 23 76426 1.0087574451890788
4 16 18 21 50400 1.0053953186565443
23 24 10 11 66875 1.0734382703455068
16 11 14 26 40780 0.916881935621325
22 10 6 21 63973 0.904759080942878
9 2 1 6 29350 0.9141461890536723
22 16 28 25 35379 0.9185003507172538
12 5 15 26 51073 1.0374704099367245
6 26 21 2 85767 1.0675254033420616
28 13 23 29 54341 0.9394871614786782
0 2 29 7 73503 1.0016467682955907
13 2 20 15 41714 0.9639891520564268
20 25 18 3 55591 1.010373936704541
17 16 25 26 44285 0.9337061666233366
24 16 5 12 63469 0.969883572152497
13 12 29 1 53771 0.922042056790138
18 19 10 10 40008 1.0870941265779812
9 21 25 3 70557 1.0148613539208498
27 12 22 28 54444 1.0004504748976244
23 18 7 3 56212 0.9231554383823153
18 17 27 20 28314 1.0940887528898162
15 8 1 15 44216 0.9077425518161063
22 29 19 1 68230 0.9677908265824401
17 27 20 12 48385 0.9143780164105849
29 26 9 5 88953 1.0467119766283277
28 8 10 26 72539 0.9978636725102894
2 15 16 9 40730 1.0232589285718439
2 2 7 13 50379 0.9688821592848268
7 29 0 0 86796 1.027230179786352
15 4 19 15 43833 0.9161668153841088
28 5 13 5 43564 0.935963746356917
29 11 17 2 43916 1.0997369958875292
1 21 23 14 66534 0.9057083313415167
8 0 23 15 51868 1.0987915590976272
6 25 2 2 70040 1.0381123080570949
28 8 25 24 51574 1.0156533063460396
7 22 3 12 37038 0.9168416500041299
20 14 28 17 26862 0.9030867560289438
4 15 20 28 74653 1.0481896552915466
5 29 23 14 79971 0.9931163091289453
3 12 4 25 27096 1.0483294815085444
16 4 2 27 79690 1.018109526964212
23 5 27 13 33212 0.9705970906716191
7 7 16 24 58861 1.0642777267817538
3 22 23 20 62323 1.067960526434984
19 6 13 26 60603 0.9208594859741446
12 3 29 27 86083 1.0707623102708541
20 17 7 2 52599 1.0722340355190363
15 9 20 19 34841 1.0115832340578212
16 21 9 0 65033 0.9843138753454912
7 16 19 3 66682 0.9875697103537668
23 8 2 14 53135 1.095526109610335
15 27 27 2 92320 0.9167882440927807
8 9 29 28 82607 1.01042438864026
0 22 14 24 48639 1.0293970055520798
20 21 1 12 74396 0.9742319167447611
18 0 17 27 80832 0.9064198047931034
5 25 14 22 40295 1.0775213242487018
27 24 23 5 65781 0.9205952279352948
20 12 15 0 41380 1.0334880538295368
4 0 17 21 79330 0.9447870283126718
22 9 11 6 25669 0.9794853332554341
6 10 16 28 72352 0.9552967529179742
20 11 5 7 37385 0.9931684437520275
1 29 20 14 75022 1.0225009136238563
0 28 27 8 93577 0.9870235301179451
5 13 20 10 46637 1.0048002312276236
24 7 15 23 54796 1.0162020295814762
8 9 24 27 71428 0.9859998788781003
22 27 25 18 31001 1.0791164307757575
29 13 25 20 28355 1.0989774580004152
19 22 27 10 54659 1.0277941613981167
13 7 1 28 65689 1.0696180448558799
17 2 27 12 45103 1.0488067931193699
9 24 0 3 78013 1.0153746901122747
18 3 16 29 75073 1.0768049274208369
29 19 2 22 82538 0.9889424505638972
11 0 2 9 38636 0.9030314375059001
16 5 26 27 75803 0.9441983532646694
0 5 3 29 56912 0.9769050441041285
12 14 23 9 27989 1.0656438949691056
21 6 4 19 60247 1.0098641549795897
0 15 25 24 89329 0.9688419013117908
11 11 9 25 44709 0.9153562279509591
12 12 16 22 38391 0.9268901380348955
10 4 4 19 45109 0.9196416749765844
1 7 13 21 55400 0.9239743663940596
29 20 11 16 56505 1.016374164126968
8 8 27 17 53858 1.02502684583152
5 14 7 4 32514 0.9693361131189593
21 2 8 15 51240 0.989613528408334
0 11 21 13 54393 1.0823907443404635
24 7 21 20 29510 1.0308903874166724
7 28 17 25 50618 1.0521538254799576
3 19 18 22 52152 0.980382049784091
15 21 4 13 50594 0.9299502281546983
12 25 8 17 35171 1.0319233565536823
11 1 15 22 55321 0.9483029152036475
22 16 12 20 34454 1.086395522634871
27 1 26 16 44692 1.0526962583294135
22 11 27 3 34927 0.9662268299286605
0 9 7 6 22802 1.0040592307165348
0 27 26 11 93571 0.9682442786030364
22 26 26 12 43807 1.0453398829588354
9 27 5 16 46175 1.0450653177106144
17 29 2 22 56758 0.9157267062787112
18 18 22 28 32270 0.9174504422151837
28 22 26 10 33861 0.9737365672236886
11 14 13 5 26019 1.0493375060487817
29 19 12 9 57328 0.9754011215962597
20 13 11 21 49290 0.9835068946352293
7 11 16 28 68594 0.9472909654879903
1 3 24 6 51544 0.9023018364339103
8 2 15 9 22473 0.9426405078970399
22 7 29 28 64264 1.0640545643383983
5 26 25 14 86445 0.9054135678031916
1 24 24 15 77211 1.0234931902477655
19 25 23 3 60537 0.9246469716279916
9 8 28 9 38032 1.0167005743594466
9 17 0 15 25475 0.9816397098068467
24 26 9 29 52416 0.9101142659805785
16 9 1 2 45069 1.0031633145615477
29 2 7 0 70458 1.0642874576488133
21 26 1 0 95510 0.9650367616617932
12 11 8 26 46271 1.0603036631478182
5 19 18 4 63881 1.0589051134218461
3 2 25 12 65254 1.0835009513802873
29 1 11 11 53543 1.0622796886667096
3 21 4 5 43181 0.9658215561077603
18 12 13 5 30980 1.0457403800020826
25 17 29 3 40498 1.0621035044352791
29 25 22 5 64896 1.046877034916982
21 2 3 16 58567 0.9113927795593849
24 28 4 15 79528 0.9952228906982473
2 21 8 3 42214 0.9190261715252052
16 11 22 2 37050 1.0460713934474168
26 9 2 20 65381 0.9887043109593443
7 27 12 5 64584 1.092281415843974
6 18 17 23 44653 1.0899566203598954
28 9 14 18 44962 0.9899219109109187
19 18 6 25 56078 1.073525485289697
2 19 21 22 58241 1.0786541742118392
17 19 23 2 53296 1.0262474811676066
24 4 10 16 46626 1.0726430835866527
8 25 27 28 64228 1.0742984649373248
26 5 16 29 77269 0.9445000309110023
6 16 13 11 32249 1.0789111297408003
14 24 16 1 57687 1.0182005141631678
18 3 10 27 69247 1.0410154910408151
0 23 20 1 83512 0.9117439675885393
13 3 25 22 71039 1.0222487966683567
11 14 29 23 66914 1.0962463373904203
21 18 1 15 52129 0.9098824229506538
6 18 28 12 66898 0.9570078868289418
20 27 27 17 37019 0.9227759923233227
25 23 13 3 74704 0.9965679181074918
27 29 8 1 95754 0.9866365144382789
15 7 18 21 46109 1.0041840872528132
2 12 10 4 30547 0.961847460832379
0 6 8 23 58220 0.9370825328096368
3 11 10 29 49016 0.9381254795588296
14 19 11 29 31175 0.943363797560307
12 15 20 5 37530 0.9548695846991597
24 7 17 23 54503 1.0647839502036882
10 26 6 8 57952 1.088167412030711
0 6 29 19 85249 0.9609593661821768
29 9 13 18 48502 0.912347232784393
14 7 26 10 25869 1.0878330022851204
11 23 9 3 56579 1.0371646707198936
22 11 5 6 41252 0.9968717780499774
11 19 25 18 38192 1.0346397759000243
27 14 23 29 59111 0.9146815076664756
25 18 13 13 41014 1.0376389094656526
18 28 8 6 72598 1.03364075547253
18 27 16 6 62512 1.0355567217766792
13 15 16 1 39965 0.9942849226079901
1 9 23 17 56103 1.0081503470747037
6 21 23 27 75650 0.9351920923897586
10 16 20 15 31367 0.9117690342984243
24 2 22 21 43058 1.0598817912733467
24 0 25 15 43047 0.9263896881981923
19 17 9 26 46826 0.9524259381471376
20 23 3 6 71107 1.0654906883322983
28 17 25 27 37338 0.9648988293853114
28 22 6 19 70552 1.0345552468694765
3 12 18 9 35929 1.056418720524545
16 21 4 6 61444 1.0576181020758262
13 1 8 21 60890 1.0083310447368157
14 16 10 5 32362 1.0055080281817412
4 10 6 20 30670 1.0824796553067828
20 24 3 11 72297 0.9804630084021394
25 22 3 10 80996 1.0240051477002938
19 7 27 29 69153 0.9676059964094312
29 29 4 28 82815 0.9765294658807382
2 19 23 9 61410 1.0277250482476206
18 24 3 20 57593 1.066599761565892
25 19 19 26 38163 0.9605451595565603
3 22 11 8 45079 0.951423112255012
3 26 28 16 73601 1.0743664755132594
8 15 26 8 49356 0.970503758200135
10 1 16 7 25463 0.9173801855690122
29 19 28 3 50526 0.9863036608954777
26 3 22 16 41635 1.0243471007932237
16 19 29 25 52339 1.0393013322395632
13 4 7 28 74553 0.9612315068202529
2 15 4 26 24335 1.0742599053742923
5 14 14 29 59556 0.9947775836812365
22 7 0 0 61994 1.0569287443024562
10 2 23 1 44508 1.0575962606778355
4 14 24 18 58418 0.9330193449804804
11 28 0 28 35189 1.0336406913408906
21 17 7 23 49807 1.0108537682728334
17 20 28 5 57508 1.0767172415045152
11 4 12 17 26553 0.9759179362998949
5 11 23 15 53923 0.9696205810706334
1 10 21 20 64859 0.9659782585702283
0 15 27 0 82552 1.0173187011937275
3 5 25 1 55942 1.0678064293175509
13 19 0 10 50937 0.9931573308024602
17 16 25 0 48977 0.9882956273606047
29 15 20 28 56161 0.9942141821207773
22 28 3 2 89744 0.9322509551316345
27 18 16 1 63223 1.0935506527659746
13 6 25 25 69157 1.0822570201993311
9 12 2 18 35932 0.953477294427841
14 4 21 7 17067 1.079920462802377
26 25 11 19 58121 0.9244800685294989
4 14 18 2 60269 1.045763776777489
17 25 1 0 97285 0.9132699487877065
26 3 20 9 25367 0.9647477208114428
18 15 15 27 43485 0.9604379838866633
7 19 9 8 48776 0.9239300310313643
13 10 28 20 59006 0.9685497366705217
29 4 2 13 71506 0.9709412321472768
7 24 11 12 51304 0.992595046168882
10 16 27 19 48317 1.0226492941550354
2 28 23 20 76937 1.0915154259150828
6 21 4 0 67415 0.9825898962870263
14 9 10 22 36659 1.0473093040739476
0 2 10 10 38746 0.9327725821256813
29 3 20 11 36543 1.011579692591578
17 20 3 25 52129 1.082931879891463
0 9 12 15 33552 0.9562407423353624
16 2 4 11 45001 1.0115558349619154
25 27 11 27 51419 1.0787221136807101
28 23 19 15 39573 0.9106317395500751
19 19 11 27 48346 1.0623122878934217
7 5 3 29 57087 0.9797644996265747
27 22 22 10 47125 1.025458180156567
7 20 5 6 43516 1.031641031687224
29 11 11 22 73419 0.903119574753024
26 9 5 27 85314 0.9502055797430197
10 8 19 17 37682 1.08360428832985
12 16 2 5 41903 1.041416153078492
5 16 17 26 57648 1.0266388278706489
27 4 2 10 64212 0.9711276261330704
26 27 13 3 80839 1.0884585397711166
24 5 23 25 49989 0.9300840274923775
1 3 25 6 55062 1.0661111419970082
6 15 2 6 35131 0.983367560064343
17 3 9 28 77025 1.0469464063491947
15 10 23 12 27087 0.933915739485091
24 2 21 11 18674 1.0983634573460304
13 25 25 15 59076 1.0893724832656089
3 15 16 4 53045 1.0150842373151976
7 20 24 0 70290 1.0807129571036538
8 6 23 25 66409 0.9020232886096612
12 25 23 13 54959 1.0841064295210536
4 14 8 7 25633 1.095525941602598
14 23 29 2 73024 1.0821345207792832
13 5 17 22 58526 1.0511390358896002
9 17 18 22 35528 0.9255492360943169
9 24 29 27 75284 0.9184127195212431
9 4 21 15 42649 1.0889127756736787
24 20 29 26 31669 1.002002267170898
0 21 28 25 88023 0.9111072376975732
29 4 20 15 39445 1.089160143963949
3 18 20 18 42808 0.9577732540955495
29 29 14 8 79855 1.0817113580040973
11 23 0 6 66012 1.0288726844795315
4 5 16 8 35342 0.930914365579092
14 18 20 14 27245 0.9397687053443406
25 5 13 24 70677 0.9248372674018739
4 12 23 28 83254 0.9808886136857174
18 6 20 23 46392 0.9064092679845803
3 12 2 29 31191 1.0110540482416612
27 18 13 7 48558 1.0027842124798336
29 1 4 27 104197 0.9381133528400151
28 23 5 21 79816 1.037213659661276
25 10 11 6 37572 1.065428656957338
29 19 18 7 50457 1.0184306687210858
11 3 27 2 56084 1.0960550211883828
17 22 10 15 39920 1.039800950024651
29 27 20 22 46666 0.9808256286888717
22 12 14 15 28629 1.0032973832137315
8 21 29 10 72388 1.0391202771469414
28 12 8 18 60866 0.9748389454736351
4 19 27 25 85088 1.0683216414300205
12 2 16 13 35365 0.9519652624685007
19 22 23 29 39003 1.0697782727816973
28 21 13 1 71257 1.02269859189823
13 8 28 29 74778 0.9924250008377884
25 5 15 21 61093 1.064054289813239
23 28 17 11 55655 0.955771821162523
19 3 10 12 44186 0.9022441548339953
29 18 4 18 66108 0.9106832653666771
29 14 14 17 47066 1.0068892174814548
1 25 29 12 93661 0.9516116205582084
21 18 26 7 31430 0.9115073674326595
22 22 9 3 65580 1.079571405785001
26 25 29 8 46915 0.9662864042107056
22 9 13 14 28406 1.0892678496228567
22 12 17 18 24067 1.0681602206127865
14 14 26 20 41258 1.0604270873661161
4 1 16 9 39215 0.9417241607099334
4 23 6 4 49026 1.0786825209114765
1 1 15 8 45488 1.0164808511050354
21 2 0 28 90689 1.004895308721038
9 27 10 6 57963 0.9311615233506977
3 19 21 5 57056 0.9482234753660191
4 0 8 11 38269 0.9035135804539027
28 26 13 12 67057 0.9838873428039335
23 19 5 22 67848 1.0475836041477464
28 23 10 29 61312 0.9750132300873615
12 18 26 11 45551 1.0443057083140395
28 13 14 5 41769 0.9810213106739408
22 2 23 12 30440 0.9087829568267514
10 27 25 27 54183 1.0255246967264215
26 17 4 12 64430 0.9339275420791182
0 24 22 11 78036 0.9627612261434481
14 17 20 11 32078 0.9776074008514029
27 25 5 1 95865 0.956050017010585
14 10 15 20 26765 0.9709309597227472
26 20 11 11 53061 1.0344327713478652
29 1 25 12 33192 0.9884928428236192
16 3 7 15 53028 1.0283922929277503
1 18 28 12 78587 1.079587663631589
11 0 6 28 88450 1.0370381981751207
11 21 23 22 59246 0.9278784326437716
16 23 24 15 49589 1.0197730841451942
27 5 5 27 97601 0.9667045980585209
12 22 4 5 62671 1.0846598874597486
6 24 17 23 37356 0.9749313980112324
11 23 2 20 31018 0.9382336877915555
24 0 15 11 37343 0.9696697028043265
14 12 2 29 58833 1.0941091297694894
11 21 7 7 46192 0.9700416985494382
0 29 21 19 72173 0.9118016148262734
15 27 1 1 87984 0.9928717398267446
5 26 29 26 83781 1.0432405765086181
14 22 15 10 33103 1.0233165199118308
20 2 18 27 67535 0.9358777050146008
10 16 29 11 53135 0.9013334086001162
12 20 1 2 61526 1.073644841762904
14 5 11 15 25387 0.9050916610887328
28 3 9 29 94870 1.040018701280669
1 29 9 26 33086 1.062535972322595
14 29 13 8 51037 1.0179532059189098
4 8 3 18 25658 0.9407427705476501
23 7 0 26 81170 1.0022573510043131
21 3 22 15 25782 0.9415082234932968
8 3 28 28 87460 0.9392909611877358
21 8 1 21 62567 1.0353409945287428
2 0 24 5 60716 1.033450664723225
18 22 3 20 54035 0.9302138601160858
4 7 13 5 23506 0.9855858029631349
29 10 15 22 63503 0.9439647466945535
18 23 10 21 33985 0.952225886194674
13 3 7 10 27637 1.0285766940472445
22 20 15 25 40838 0.9148533211755762
21 5 18 26 51057 0.9391228537712886
19 15 2 1 69056 1.0126551404938573
24 9 19 16 27406 1.0599713396778556
10 11 0 12 36255 0.9382618159324945
4 24 29 3 95644 0.9234142962011034
15 19 29 13 49164 0.9492489900774018
16 28 25 3 80733 1.0396867408605828
12 24 5 7 58950 0.9830759480635831
2 8 10 19 45087 1.0397689998190625
0 7 16 10 35297 0.9759082292848822
18 28 2 1 98582 1.0588494381968303
21 15 10 14 34486 1.094300488523584
6 3 15 26 65115 1.054854234059444
1 9 24 6 42215 0.9400639540858784
29 12 24 25 50610 1.0296226359831382
19 23 2 28 69989 0.9394312130601097
12 17 25 17 28862 1.0904955023093823
12 24 1 24 43104 1.0806220338887704
1 15 2 24 28406 0.9870260820068724
14 15 3 15 32200 1.0671879094734558
23 13 21 28 38110 0.9771206711151297
19 10 22 21 36961 0.9989067364930567
23 3 17 14 42550 1.0852443248708077
19 5 11 21 59975 1.0404516185893238
24 7 13 26 62631 1.0988963518381485
21 20 14 2 45667 0.9766477939644052
20 5 26 18 42718 1.0097301077874334
16 16 23 23 41596 0.9279152685283855
19 19 11 7 44437 0.9812755792328429
16 11 3 18 45650 0.948439944210824
7 18 19 29 59621 0.9528841676557462
14 10 17 19 30279 1.0158441105186573
22 2 15 5 34995 1.0545378744093263
1 4 16 13 50652 1.079185574463424
13 4 13 20 39140 1.0420750041577211
12 7 25 9 25339 1.03334245496715
17 16 4 13 47718 0.9237866248408144
25 8 25 19 33684 1.0095461946207294
19 18 26 14 25572 0.9720908625085813
5 28 11 11 64527 0.9054097427011549
28 25 17 7 59631 0.9824741632727673
1 0 9 17 68987 1.047246211702448
16 29 25 23 54679 1.0891171795823882
27 13 2 12 64712 1.019069993189016
15 15 13 29 38139 1.0431670772012398
2 14 5 5 31836 1.0410604623746593
24 14 7 2 56103 1.016443216204915
11 10 28 9 37283 0.9574489523473717
10 5 23 17 47696 1.0668629049580503
7 16 16 13 42354 1.0387569246363735
16 0 19 20 64623 1.0745632876315434
26 6 25 25 52543 1.0393077452680684
1 3 14 8 36670 1.0673940632839478
0 15 20 23 71671 0.9440447461037469
22 1 27 18 50582 1.0546625826117655
5 23 28 7 83440 0.9012245458262865
14 24 3 20 40539 1.0978483470590945
28 29 15 4 85266 0.967823363789665
17 3 12 22 59741 0.9607762337544237
13 13 20 24 50535 1.0752704167799887
14 21 21 8 41254 1.0947674003217984
14 7 20 1 26261 1.0821330588046005
17 9 1 2 47135 0.9625728895389954
12 5 19 20 48404 1.0029746158229116
9 13 17 21 46454 1.0421211560401267
16 22 2 10 67507 0.9971728829514138
17 2 3 28 77760 0.9070198984882221
12 22 7 16 38663 1.0662661373573286
6 14 24 1 60590 0.9016347456205286
7 6 29 3 58503 1.0267699381395514
13 8 1 7 24046 0.9701600198251462
27 21 3 29 86596 0.9681634610428512
20 26 10 0 76109 0.9121883116306798
6 27 19 10 81122 0.9044306272370225
4 25 15 3 71272 1.055609330500854
16 14 15 2 35007 1.0477045755619434
0 11 23 20 73475 0.9349271526450084
16 20 3 25 48359 0.9862691165795909
15 0 10 27 68705 1.0867471938733344
2 26 9 0 62048 1.011489870577822
14 11 1 4 37606 0.9732716970972367
29 26 20 21 43264 0.9695020035197927
20 1 22 14 32785 0.9668492179800324
10 3 21 24 59479 0.9859709489062387
2 0 19 21 87451 1.0792744045403853
13 24 9 4 58658 1.0813533349411586
28 5 3 26 87171 1.021211092217828
6 16 19 26 61150 0.9884422540905042
0 11 28 21 85957 0.9187032576198628
8 8 26 27 79666 0.9710442655888776
16 3 5 23 74619 1.0789219592295805
20 12 27 22 42758 1.0343100571126536
17 5 24 9 23532 0.9092968748934073
28 2 13 18 67315 0.9054166496637105
0 16 19 9 55877 1.0301124755402462
6 14 17 14 37449 0.9299081638422355
20 3 26 15 41855 1.0415375006297003
5 8 15 23 53390 1.0271314201425619
10 24 21 5 60650 1.0903292597301486
23 20 15 7 41652 0.9032643821336737
19 20 3 0 78783 0.9380749609270179
0 23 11 19 39204 0.9852934122555018
2 28 18 20 65859 1.005910728549943
9 9 25 22 66547 0.9865630847807335
3 4 2 20 40269 1.0240939903512893
16 28 4 5 84755 1.081275578403214
20 15 6 17 39509 0.9413431353775654
13 2 19 15 44397 1.0303344444876095
20 24 13 27 42620 1.0681207681707894
11 1 25 27 86204 0.9174788879870005
11 5 20 1 39770 0.9014101227236049
3 3 11 15 42678 0.9720063049978711
9 25 21 2 73107 1.0764533134519951
28 0 16 19 68208 0.9820114952079052
23 8 3 21 62414 1.0243487346470124
12 17 15 10 25139 1.0769436064259434
15 0 29 24 88112 1.0275916735460828
7 28 17 15 65675 1.0962030959119957
19 0 10 25 79583 1.0314022864990302
27 29 18 19 54188 0.9772706531266788
21 21 16 0 58346 0.9147476473392546
28 8 7 11 49801 0.9379834889033236
21 0 14 9 29686 1.009133720521706
29 0 28 14 35646 1.06762014228956
21 7 0 2 51657 1.0762781886771358
23 8 20 16 23912 1.0517073871924179
1 21 10 3 50320 1.092513303705705
2 25 20 22 75220 0.9871293607972116
7 7 2 29 51760 1.0892645694750536
28 3 1 24 99111 1.066945855420587
18 25 10 11 55331 1.0181724209370333
17 23 6 10 57510 1.0816962645042925
10 18 27 28 64308 0.9642824527282319
2 20 7 9 31481 0.96753564597413
21 14 13 7 26432 0.9519799987983582
29 29 10 28 62148 0.9698356729996931
25 23 29 17 28606 1.0203213553059944
13 13 15 28 45217 1.0087045697484038
6 3 9 23 59916 0.9198125850404687
12 21 15 29 32338 0.937381470918841
2 12 27 7 60341 1.0141226992089236
23 8 11 14 34016 0.9777116774136307
22 29 18 19 38445 0.9756364805639891
13 9 21 11 17237 0.9056627819691837
22 19 7 11 55451 0.9939708436225744
4 4 23 21 71356 0.9866621179411933
11 25 0 17 46731 1.0446867706530332
3 17 10 8 33177 0.9992121833234312
17 1 2 17 63276 1.0152683286982582
17 23 27 16 49370 0.9417779400107995
1 29 22 21 77884 1.0618410570597028
12 14 17 28 50534 0.9351572404365791
9 24 25 14 74008 0.9545368192310069
10 8 6 26 59030 1.0884537070914542
26 25 17 21 50247 0.9065599774948455
22 18 9 4 50859 1.090181689421426
2 9 11 12 26762 1.0558825780644174
5 6 20 9 33262 1.002278076257225
19 7 29 6 26548 0.9069628222677111
11 20 24 20 46660 1.0706848906074744
11 2 2 7 26186 1.092624039941551
22 24 13 8 52912 1.0712250651019526
6 24 0 16 33830 0.9257008140420255
16 24 16 2 66339 0.9359945678305335
18 19 18 5 42018 1.028828896461273
15 17 22 3 45062 1.0909512791251608
11 24 27 21 68597 0.9800905451368647
4 28 29 3 100129 0.9534587113857635
14 2 23 1 32062 0.9505458707637455
14 12 4 4 33921 1.0522511789038074
16 26 19 19 34051 1.0955715940428659
12 8 24 7 21171 0.9400286784648225
1 10 22 5 51321 0.9436310081671252
12 15 1 27 51849 0.9298342966460525
25 21 21 0 59772 1.0248329028230445
2 6 29 10 55202 0.9028977579065702
21 28 2 11 79447 1.0214353552481914
1 27 15 18 57608 0.9398803005927889
0 2 16 8 46625 0.959899699111973
22 13 5 22 67525 0.9003117924075018
22 6 9 2 36417 0.9833373339624374
5 10 27 17 62745 1.0364348941793844
1 22 27 28 87458 0.9335984896524606
10 28 13 1 64909 1.0605877382090854
26 12 9 9 37006 0.9794489223854613
15 12 0 14 51777 1.0324562858572617
11 20 5 6 46264 1.013472394108697
21 11 7 25 70047 0.9899897841876854
5 19 15 18 35591 1.0499726102712867
9 29 2 14 44533 0.9081929013120217
18 3 21 23 47426 1.0069719142930007
24 22 22 9 44030 1.0703641039448017
6 18 29 0 82273 1.0388194625745821
3 9 7 23 38650 0.9675367084636659
1 13 15 0 58335 1.071284395691267
23 18 13 2 49831 1.0310006060681334
21 22 2 11 63523 0.9706820682868054
2 27 20 27 66925 0.9717679192825579
12 22 0 16 50184 0.9810871164195085
9 10 4 22 48284 1.098151973751011
15 9 6 17 33591 0.9497326314271765
5 29 13 9 60379 0.9517682121652968
28 23 20 13 40680 1.0142352942660706
20 14 6 14 46768 1.0493944013451253
27 16 26 2 39527 1.0373237147296153
4 22 22 24 77534 1.0026476164090432
16 6 29 14 48682 0.9384781725745478
10 19 29 3 67369 0.9178370767214333
5 19 15 1 63545 0.9402475730489293
10 26 15 10 52359 0.935839999806259
11 12 0 8 34290 1.055300159852393
25 18 8 3 58053 1.0115694945260738
7 17 21 8 43617 1.0374450483428521
9 13 22 29 70975 1.053954891808869
9 1 11 17 38952 1.0045208749889134
25 20 21 0 54290 1.0386703994488604
24 8 17 4 25244 1.0191390921049428
11 18 24 10 45090 0.9700822009625956
9 18 25 20 47994 0.9616083659495802
15 3 1 20 62855 0.9751574561411888
9 20 13 9 32965 1.0472943078437122
29 20 22 14 35380 0.9450575495952427
14 7 16 29 56639 0.948340864553377
9 0 22 16 59287 1.058364066224422
9 28 7 15 45909 1.009494185626074
6 1 26 3 57511 0.9717217402937958
13 25 6 29 31556 1.0453767273688195
8 10 23 27 69094 0.9962215719357074
7 17 29 19 58007 1.00554400337323
21 2 10 6 30940 0.9449114743197123
19 21 8 18 38945 1.0190920971844846
15 24 26 28 50997 0.9589266064555153
20 26 25 6 49010 0.9506543942658734
4 23 12 27 34884 1.0833759583853841
1 15 23 27 78559 1.005219304546728
27 3 11 9 48236 0.9341857408943665
5 11 28 9 48859 0.9680800046857216
14 16 2 19 36251 1.0761836232600215
29 16 29 3 39205 0.9548761830713592
22 23 10 21 51132 1.0253605364902103
12 8 5 2 25327 0.9498383333444663
26 9 29 1 23095 1.0069068480168843
24 1 12 10 32897 1.0538826568233164
11 28 19 10 70048 0.9589670313448274
21 21 14 3 45460 1.0396201013061785
0 8 21 0 53593 1.0527018772911818
2 27 6 13 42002 1.0404083722685904
28 11 21 16 29019 1.091621217672153
10 29 10 5 60361 0.9102577359395888
11 9 21 8 19413 0.9163598725208575
20 22 15 11 48578 1.037671823427889
12 9 23 9 18961 0.9279228780892358
12 13 19 26 51175 1.051021991304577
8 12 1 22 41719 1.0277070384646048
28 12 3 26 83716 0.9059421464787439
28 8 5 17 61261 1.0842033107769145
4 18 28 7 73080 1.0952365430749078
3 2 26 28 99452 0.9872282977852579
12 2 9 27 62249 0.9881063391763835
27 21 9 22 68840 0.9206607454813184
13 18 9 4 35519 0.9677218005947287
23 13 9 4 44175 1.047025818044864
0 4 8 27 79045 1.0351076546837397
7 22 18 14 61943 0.9106111558051706
1 16 19 1 77025 1.0854317656495012
25 9 17 5 25181 1.0643159694829039
0 23 28 21 84875 1.0361766440097082
24 1 14 1 35931 0.9928894406074813
13 1 7 7 24154 1.0294715314596825
3 17 24 29 76332 1.0568751338160711
13 6 3 7 21153 0.9003238204629364
18 7 5 4 27563 1.0724547502367898
29 13 2 9 59869 0.9991548577757373
22 25 20 17 21693 1.0597292593922294
5 27 2 2 70081 0.9301635527810166
8 0 2 7 19040 0.9071593628293997
8 10 17 0 38593 1.0156317397186376
26 5 6 4 45691 0.9407046676628545
14 26 17 3 62259 1.093852036656103
27 18 8 5 60373 1.040476084866494
23 27 6 11 78983 1.018743517535123
18 25 9 22 43457 0.9780781436830444
24 3 10 24 66484 0.9234682610057694
19 24 20 14 40682 0.9423418449735733
10 13 4 24 45991 0.9994902649138178
25 25 4 5 92657 0.9154083113526451
22 16 25 23 34379 0.9124381214040911
7 7 22 25 62613 1.0602076524583277
22 12 21 26 29496 0.9634650285989813
18 15 14 28 41348 0.9986106290257928
29 25 9 25 73643 0.9828572238435265
10 4 2 17 39278 0.9563771442132274
11 21 4 9 49621 1.0153095910634944
18 0 18 21 63122 0.9825624708449414
28 10 19 3 40390 0.9803318723513031
2 1 9 17 58650 1.046610374718721
4 1 23 17 67558 1.0443367628245435
25 17 12 28 60453 0.9100547964774127
27 3 2 16 83602 1.0007087544175333
28 19 26 5 40332 0.903278557283744
18 1 26 5 37106 0.9893527121937824
3 17 27 13 63823 0.9946895513616827
0 29 1 0 83604 0.9956826279083116
