7427 6479 4694 6239 4840 5227 4910 5304 7456 6957 7260 5181 5427 4918 5259 6846 7269 5623 6556 4719 5113 6230 7495 6452 7026 8645 6413 6884 8403
6643 8076 6575 8805 6848 7005 7020 8517 6266 8062 6238 8221 7107 7333 6418 8052 7939 7732 7761 7703 7793 8537 6648 6118 6389 7270 8454 8617 3021
5867 4541 5195 4970 5985 6054 4227 6012 6205 5173 4091 3850 5085 4874 4835 4991 6887 5329 6659 4678 5851 5193 6970 5617 6381 5607 6236 6508 6702
5085 5058 5106 7050 6630 5210 5763 5325 6223 6874 3504 4662 5630 5186 3514 6055 5805 4493 6270 4488 3562 5122 6011 5852 3726 4220 4930 4922 4658
4147 5688 5911 3853 5624 3839 3515 6259 3893 5202 5371 3742 4687 5574 5038 3653 3406 5681 6120 7702 5922 6511 6477 5805 5995 7752 7770 6883 7072
4044 4157 4299 3992 4539 3673 3636 5734 5248 5801 5554 4443 5874 5298 5563 5502 4010 6372 5180 3746 5458 4884 5180 6833 5707 5737 5740 6197 6088
2028 3367 4534 3002 2603 2583 2957 2298 4068 4243 3268 2493 1925 2741 2584 2240 3350 4138 2652 4656 6461 6206 5945 4166 5374 5839 5915 4763 5288
4589 5189 5631 5927 5857 3949 4575 3653 5254 4743 6221 4792 6228 6184 7539 5001 6055 5396 7490 4986 5926 5451 7626 7551 7334 5339 6384 5757 7489
2698 4875 4188 3923 2473 3852 3176 4925 3599 3532 4052 4607 4192 2452 5173 3495 3344 4009 2887 4279 2538 4933 6364 4936 6396 5605 5373 4604 6160
5102 6733 7884 7594 6680 3376 3303 3205 1791 3789 3415 3981 2166 4008 1935 1575 3514 1627 3088 3066 1225 1191 3613 1346 3812 2923 2821 1317 2243
2354 3127 3488 1792 3909 1772 2852 4087 2924 2728 2034 4487 6832 4466 4792 6292 5101 6989 5021 6052 5000 6684 7030 5667 6233 6029 4408 6796 5687
8456 8130 3184 4354 2854 3361 4276 4763 3756 4917 3523 4949 3237 2652 4632 2928 3229 3297 4058 4772 3132 4924 4977 4966 4189 3326 3652 4785 2748
3527 5061 5219 4942 5551 3538 5272 3171 4063 5476 3675 3931 3659 4592 5547 4453 5623 3098 3515 3040 4698 3219 3047 3214 4656 5295 5594 3907 3525
6763 5118 5754 5611 5625 5271 5635 6913 7586 7444 7023 6401 8633 8581 8726 5962 7892 8558 5852 7395 6486 8732 6367 5921 8026 6766 6568 6212 6114
4367 4188 5082 4252 5341 3696 3738 3759 2764 2488 1627 1217 3882 2558 1365 2449 3772 1567 2947 3793 1161 2339 3896 2018 1218 1487 2774 2269 2992
5222 4932 4724 3987 4105 5762 4463 6096 6822 5520 4537 5705 5083 6454 5519 5760 5974 6923 5924 6850 6699 5185 6330 6565 4911 4705 5658 6633 7029
7327 5745 7723 7717 6629 5722 7055 6250 7761 5298 5113 5205 4566 4577 5905 5495 6148 5465 4714 4736 6126 5149 6758 6490 5999 5137 4214 5962 4937
5959 8505 7463 7495 6890 7365 6044 7041 6301 7561 8676 6524 6619 6989 5943 7278 7865 6466 6357 6425 7269 7202 4077 2594 3879 3780 2400 2334 3493
5545 7748 7994 5561 6119 5537 7472 5266 7348 3483 4426 3150 5542 4820 4035 5279 5470 5324 5258 4891 5500 3359 4621 3186 4142 3577 2996 4952 3923
5600 5840 5608 5093 5231 5425 5379 5911 4297 5931 5113 4058 4138 3856 5310 3643 4806 3233 5368 5810 4955 6721 7269 5525 5613 5537 5416 5105 7059
4083 2504 2381 4815 2625 4078 3547 7956 7680 7393 5717 6768 7470 7697 6041 5474 7735 5546 5164 7080 7501 6354 5270 6267 6151 6374 6038 6469 8022
6474 6435 7689 6488 8165 6054 6864 6243 5487 7441 8274 6225 6893 6706 7593 6294 5480 7897 6879 5519 3501 4704 5004 4098 2237 3088 3787 2618 2800
3262 4225 3579 2681 4443 3927 1903 2289 2729 2294 3695 2951 2103 1561 3136 1925 3752 2400 1595 1878 2041 6601 6887 7779 7636 6172 7338 8123 7497
7709 7854 6970 6554 5894 6781 7559 6390 8168 6091 6949 5768 8169 6993 7861 6712 8160 7533 7293 8048 6717 5347 5564 5731 6261 6576 4492 5075 6364
7545 8033 7642 8127 7032 6430 5988 5658 7591 6731 6542 7328 7925 5988 6142 5966 7649 6919 5677 6945 8048 7698 6624 6464 7020 8511 7392 6182 6960
3218 4906 5422 4664 5878 3957 4630 3765 3168 4240 4773 5708 5135 4039 5506 4117 4682 5031 3454 3140 5951 6105 6366 8534 8559 8717 8644 6940 7103
6427 5773 7850 8043 7248 6753 6324 6522 7452 8106 5835 6004 7241 6634 5285 5932 6166 3591 5381 5966 6209 5787 3808 4987 3611 4246 4920 4137 4945
5167 4125 3768 3876 4501 4155 2689 3078 4312 4483 4384 3752 4013 5117 3991 4610 4196 5169 3174 3212 3007 4378 3469 3709 4568 3252 5476 4355 3475
6437 7837 5414 6112 6450 7232 5234 5945 6163 7760 5257 6882 5042 7577 5592 7602 5431 7558 5816 7498 5950 5589 5652 7447 5595 5077 6619 5663 7112
6372 8053 6457 7916 7352 7537 7803 6071 6590 7776 8357 8370 6482 8115 7748 6652 6270 8774 6078 6004 6219 8655 7395 8725 7187 8166 5618 3918 5888
6210 7122 3300 3472 2016 3367 2084 3615 4740 2726 4623 6054 2943 3808 5551 3760 3717 7092 8609 4385 4103 4263 6639 5889 6463 7304 6119 5341 4341 4489
5557 6583 3169 1881 2178 4510 2738 3010 4343 2234 2789 7441 3474 4620 3953 6155 2677 6707 7883 3153 4615 2027 7171 4876 7232 3362 8125 5434 3920 5725
6042 7049 3239 3628 3316 2923 4038 2783 6332 2387 4323 6079 4938 5262 3192 4855 2167 6196 7243 3450 3565 1709 7629 4702 4866 4175 7016 5372 5689 5264
6814 7716 4475 2394 4701 2679 3785 3025 6548 2457 3779 6618 4852 6371 5626 4113 4329 6332 8744 2506 5194 4012 7306 5715 6324 3052 6392 3584 4840 4270
4671 8348 4938 2954 2309 5759 3931 1623 7015 3683 3383 4791 4733 4098 5202 6231 3625 5392 6751 2367 3061 3997 5804 4173 6000 5250 6157 4058 3259 6031
7346 5700 3669 3065 4662 4804 4065 4125 7051 1112 2828 7480 4885 1990 2864 4584 2454 5821 7537 3042 5768 3408 5692 3760 6329 5011 7034 4257 3856 6285
4797 7547 5309 2380 4317 4378 3651 5705 5181 2236 3426 6604 5144 4376 3255 3376 1925 7794 8077 3507 4469 4237 6482 4620 5747 3102 7420 6116 5247 5838
6463 6821 3476 2084 2320 4065 2259 5412 6339 1733 4880 5297 5350 4445 4809 3340 2358 7128 6221 4582 3713 3242 7570 4869 6219 3409 8417 4904 5013 3671
6770 6789 2886 1716 2341 4154 2891 6859 5999 2479 3347 6892 5470 3585 3888 5311 2347 7948 8403 4170 5731 3609 7138 6308 5435 3786 6628 4973 5208 5073
5720 7709 3750 3704 2580 5254 3968 6085 4658 3805 2444 5287 4746 1712 5428 3620 3162 7081 8410 4856 3979 2110 7031 3434 4844 3811 7146 3355 5284 5865
6600 5935 3581 2078 4184 4192 3003 6084 5849 1185 4267 7141 3972 2548 3439 3690 6217 7031 6528 2798 2994 4328 5112 6295 6819 2493 6943 3816 4715 2471
5790 3212 4932 3479 2481 5022 2513 6414 3699 1905 4861 6171 4132 3192 4882 6893 6651 7316 8632 3037 4178 6243 7572 3950 4488 4608 6469 3762 5485 1783
5367 3579 3684 3589 2808 3444 3159 5472 5227 3239 4458 1900 5235 2807 4906 5047 5762 6992 7266 3155 5722 4640 6662 3939 5766 3536 7011 3276 3636 1066
4539 3434 4985 1655 3177 4830 3147 6750 3835 2772 4014 3916 2957 3451 3173 6077 5619 8007 6243 3188 4713 5669 5634 4250 6301 5281 7695 4038 3958 3033
3288 4880 4434 4085 2768 3938 2273 6056 5032 3285 8163 2101 6698 3770 3930 5088 5371 8400 7362 2783 4252 6336 5063 4273 5041 2742 8079 5890 4890 1452
2469 3270 5434 2203 3438 5749 6452 6606 4368 1958 6865 2621 7057 3676 5492 6895 5966 6819 8470 7705 7918 4476 7545 4950 6943 4623 8296 1625 3756 2415
3117 4942 3472 3848 3752 4575 7162 5870 4290 1248 8378 2446 6763 3724 4132 7100 5443 7032 8771 8777 5323 6884 7792 5767 5057 2847 7108 1898 3858 2241
3370 2547 5466 3854 2505 4674 8429 6299 4762 3859 7639 2429 6105 3806 3020 5342 4655 6230 7342 8676 7269 4816 6226 5856 7091 3271 5858 3570 5612 2321
1679 2499 4106 2244 4465 5033 6940 6406 3746 2916 8277 3221 4862 3573 5532 5798 7134 7254 8357 6334 7050 6339 5247 6112 4819 3393 7187 4021 6165 3104
1738 5177 2988 3649 2062 4119 7166 5669 3010 1642 7933 2031 6440 4241 3946 6524 5344 7977 5897 8595 7127 6477 7185 3665 3572 2592 6921 4304 3528 3863
3825 2508 3805 3529 4175 4257 6049 6904 4353 3062 8445 2497 6700 3633 5501 4911 7323 8849 6141 8633 6048 5562 7692 5014 3216 2787 7078 4020 4609 1748
2969 2920 4627 2254 4621 4673 7159 5082 2675 2817 7381 2723 5028 1700 4021 5109 6949 6965 5201 8857 5432 5843 5376 4323 3338 2444 6522 3987 5621 1982
3108 2784 3749 2871 4688 5981 6202 6069 4766 3256 6670 3798 6548 4322 5030 5522 5358 7291 5116 6334 7854 6169 7841 4675 5035 2635 2866 1814 3965 3945
3959 3933 4379 4289 7378 5815 7054 5222 4393 2834 6123 3970 5617 2034 5043 4560 6564 6396 5154 7612 5897 6845 6683 5249 4104 4180 5436 3960 3798 2033
4231 4758 4113 3941 5274 4684 7477 6750 5114 2525 6880 2348 5112 4252 2839 5932 6674 8935 5757 6706 6160 6731 7308 4924 4461 4730 4364 1456 4277 2667
1808 4398 3902 3556 6634 4406 6201 6026 3776 3819 7854 3674 7034 2320 4811 5583 5592 6332 4838 7771 7154 4517 7279 4651 4979 4970 3806 3307 6159 2626
2153 4775 2927 3990 6920 5284 6013 7601 5350 2203 7225 1402 5540 2849 3663 6059 4929 8462 6004 8687 5765 5381 5848 5649 2657 4663 4337 3420 4560 1793
1772 4114 3329 2647 7766 4600 6033 5719 3129 2960 6682 1269 4716 2154 3378 5949 4891 7688 5424 8394 6010 5139 7897 4632 2788 3294 3474 4176 2129 2792
3736 4596 2899 3448 5049 5489 6948 6962 4452 1752 6709 1200 6063 4551 5441 5333 5727 6066 4955 6167 6494 6349 5631 3928 4380 5188 4949 2614 3010 1757
10 1 27 8 72788 0.9946812539498218
10 0 13 27 82002 0.9026781024175494
22 8 15 27 71964 0.9884062695814916
4 24 1 7 82854 0.9414816357028478
1 29 9 21 57076 0.9668779289479773
21 29 27 8 82459 1.0527051167282966
8 28 18 15 76167 1.0404693638510636
14 11 5 22 58227 0.973725393465737
4 28 24 11 106290 1.015233300489236
27 28 7 20 79009 0.9433919187200099
29 8 12 29 98644 1.090509013133799
5 29 1 8 96916 0.9763980348462504
23 24 6 27 71366 1.0531816149919542
6 11 11 6 29229 1.0824223605549403
24 21 20 9 48224 0.990678352404181
1 11 21 23 106270 0.9590347580620395
13 0 25 23 109507 1.0679976459840663
10 0 28 23 125054 0.9839400072188351
2 14 24 2 101374 1.0335146250034677
10 27 16 22 38370 0.9628607225853761
18 11 2 21 70368 0.9505819303619106
7 18 1 12 44980 1.0805986778371335
4 20 14 9 57061 1.044588816585541
3 27 23 24 83265 0.9806357228497742
3 27 19 16 100902 0.98124977464863
3 4 25 5 82061 0.9721359003423746
17 28 5 13 71790 1.080082925130596
7 8 29 29 106930 0.9215045800992131
2 14 9 17 30695 0.9624817285104957
19 28 15 7 77246 0.9431138478051662
14 29 11 12 51292 0.9212074868059329
16 10 0 14 69133 1.082413249368561
6 3 21 28 104084 0.9271101290298939
9 24 29 11 82727 1.0325804843054653
19 4 24 17 59569 1.0619640304267604
21 0 12 20 86049 1.0679909671512164
27 27 28 4 99244 0.9411785309726327
1 18 6 9 50417 0.9157173857159203
23 18 0 10 88038 0.9742098848970453
24 8 3 3 77409 0.9936746277528106
0 17 15 4 84499 0.9122416320031851
18 25 29 11 71661 1.0987689395637807
14 29 6 20 47813 1.0699268987932014
24 4 3 16 95624 0.9543655642523832
11 10 25 24 89139 0.9803099908692918
0 27 18 10 111739 1.0917640598004765
22 12 14 0 57324 0.9004488790352279
11 23 2 21 38747 1.012499411416883
25 26 22 9 72499 0.9051885534474495
0 18 16 9 74176 0.9046676642876493
19 20 24 6 66074 1.0772793591650165
5 9 17 23 70517 1.033403596076503
8 3 12 16 55912 1.0681155914752167
16 13 3 5 58161 1.0606182961734782
22 23 22 13 31776 0.9296851415325038
2 27 16 6 110042 1.0562537873315856
17 22 21 29 33593 1.0271694295121936
9 3 0 14 63206 0.9975902167184573
8 22 8 6 52908 0.9848916557738543
13 21 28 6 86031 1.033574138281793
25 7 12 18 70065 1.0059814335240043
2 9 22 23 90007 0.9286745326535077
27 15 11 14 65110 1.025436203985146
29 10 11 25 93694 1.0578113985722495
0 1 12 20 94162 1.0086031026609172
20 11 29 15 45471 1.0345544854112259
6 10 26 16 82523 0.9336840903916404
19 17 12 11 44445 0.9631173822741179
5 2 17 4 41648 1.061570368783722
11 2 22 14 62498 0.9480790611925505
4 19 10 3 61231 0.9997847153531193
19 28 11 0 106673 0.9313990140818466
26 6 9 27 105834 1.0931019162861542
11 27 14 8 56398 1.0699284154470587
9 13 13 6 33272 1.003996345365058
10 12 14 2 42468 1.0858842927468944
24 4 7 14 81914 0.9269817360663715
12 13 8 23 38602 0.9052996735924466
16 5 6 12 53002 1.0343087822074029
9 0 4 26 103961 1.0769711797043386
18 14 29 20 75717 0.9284718273457754
19 25 23 2 81896 1.034891789992281
28 27 1 0 158591 0.94021450945232
13 23 16 7 57725 1.019499491349497
14 2 3 13 66459 1.025299846445847
28 23 9 10 103921 1.0730099136135003
28 12 23 21 47430 0.9650487282017268
27 10 24 0 48346 1.0201626690953305
13 27 7 10 67742 1.078247727528936
17 17 29 4 94994 0.9181728738840654
13 7 17 13 33657 1.0435783318385778
22 10 8 0 66699 0.9747091515407046
26 16 8 28 108846 0.9866745955731998
3 18 17 24 71994 0.9978700865560666
7 15 11 7 38988 0.922071074744163
3 14 24 28 102057 0.9027741988317705
17 20 28 7 87962 1.0341594094478164
7 20 25 7 87168 1.0050867402884627
28 12 21 18 40948 0.975016921026149
17 3 12 19 62253 1.0290817705500777
4 15 12 27 55521 0.9545782509072044
11 27 5 1 90553 1.0010796047525592
17 2 5 12 69361 0.9700906637251934
3 27 16 3 111919 1.0099336192632156
20 13 27 20 50579 0.9326625500929635
20 25 21 14 45421 0.9110674399551768
16 16 13 4 49398 1.0083122847369292
24 20 2 13 101958 1.0826870673662368
26 4 13 25 100154 1.099997546104166
1 8 17 18 83021 0.9009223170906601
15 0 12 21 78428 1.0439740436338958
6 1 16 15 69342 0.9646828506566474
5 21 26 18 110006 1.047568297256118
28 3 2 14 110961 1.0281218589752328
9 6 4 17 43726 0.932179700258914
21 24 27 19 42349 0.9432960292603028
8 8 8 29 63806 1.0017677138101115
21 22 6 0 104323 1.0798451457734912
28 22 18 22 57981 1.051997549050345
16 28 27 14 84414 0.9411412753218216
27 10 9 11 57595 1.0047695916394808
9 1 20 11 59372 1.0213391068606175
29 0 13 29 121444 1.0298493724554874
2 11 8 29 75469 1.0956196452565305
15 17 17 28 43347 0.9699926969048084
22 26 0 8 110577 1.009320286182602
20 5 10 11 50017 0.9754918367943433
29 9 18 10 33269 0.9927114995834894
21 20 25 3 61795 1.0883310745531976
16 19 8 23 42925 1.0344395769127726
14 25 22 29 28648 0.9887117188576673
17 29 24 9 80636 0.9571666010222172
7 10 17 4 48464 1.0255708091736189
19 16 21 6 47506 0.9829938480947555
19 17 5 13 64270 1.0835221427397763
21 6 13 3 37649 0.9183346598846364
26 7 15 29 91632 0.9579588516733044
22 18 12 29 60936 1.0587933396179887
10 25 24 18 75843 0.919574241780247
7 7 26 11 63999 0.9450921873499294
17 9 2 13 53683 1.0474602313582313
26 8 24 23 67219 1.0893753323561732
16 1 13 20 71291 0.9654387187259893
27 23 28 11 49357 1.0061024727572567
26 16 2 28 136750 1.0447097854234901
12 10 20 18 57250 1.0978998682216288
28 29 17 19 72327 1.028213631836886
8 1 10 23 72128 1.0133412395813868
1 28 6 12 79987 1.0154137839695485
22 10 1 29 119687 0.913187576816686
3 21 18 0 108469 1.043009321391572
26 8 20 18 50718 0.9976279652118456
7 7 1 0 49137 1.0276959139199038
8 14 19 9 42227 1.0754144471554052
1 25 25 5 128993 1.026771157513621
24 16 3 1 102680 0.9828763029699239
16 2 10 19 71963 0.9968329776144069
14 6 12 27 60133 0.9920783346823854
22 7 25 15 36040 1.0333009371993602
0 18 25 16 111938 1.0498868100476701
8 25 25 3 106570 0.9130218079809037
5 29 4 12 77623 1.0197522614000771
27 17 4 5 101751 1.0994094067857278
26 5 10 1 69131 1.0961465142879339
4 0 16 4 50768 1.0585869872802338
25 4 10 11 64663 0.9295140249302236
10 18 12 0 71921 0.9107116549689764
4 3 15 16 63297 1.0648374819301558
26 7 6 0 88611 1.0800880011004337
23 24 21 8 57546 1.080241730401189
18 0 11 16 78307 1.0007051839975447
29 28 0 22 111022 1.044769312146793
29 8 17 13 53935 1.076553841745043
11 4 5 24 83333 1.0668924012574605
17 16 13 2 63325 0.9290984563263883
17 9 12 19 36706 0.9463559607926465
15 9 13 1 39362 0.9368354620985814
29 29 9 26 57338 1.0532819467452361
28 25 3 5 128969 1.0813373544164033
10 25 22 10 73864 0.9814665539786105
6 18 29 20 120919 0.9853744812916357
23 15 10 16 62732 0.9929292705952615
18 11 7 4 45598 0.9511078209160946
27 11 8 9 54761 1.084950584877721
22 1 0 13 100514 1.0673074354794392
0 25 20 4 129322 1.0244196158195193
13 11 15 21 34963 0.991626873279463
16 4 12 17 58028 0.961163228977672
1 0 17 4 67007 0.9532488415557724
16 26 19 7 74273 1.039305229063256
21 28 8 8 86747 0.9863945040096338
12 9 16 18 42768 1.003964247433586
24 4 14 3 40413 0.9492265387741685
18 24 0 8 97331 0.9550917267519639
16 22 20 7 72302 1.0946107107945595
14 8 24 7 39860 1.0453733880998841
13 8 11 24 57551 0.973963176490153
22 27 27 15 60895 0.9839988268191369
8 6 14 20 51761 1.071507838644429
20 5 29 18 80060 0.9806226129186751
27 27 23 15 65818 0.9235100743065586
25 17 2 18 109550 0.9390876656711418
12 14 21 5 56159 1.0731732927918163
27 12 29 3 41325 1.049638989084583
27 14 22 1 57713 0.9375695594991981
0 5 29 17 126673 0.9990324230087724
20 8 4 15 67377 0.9980373839542408
21 14 5 25 90248 0.9645772109849483
25 1 21 12 51219 1.0898944027902746
6 24 1 2 94506 0.9331785668077531
20 18 27 29 65175 1.0853311666721983
23 29 6 27 56842 1.0583480035941775
5 14 19 26 76419 1.0480134179907388
29 6 1 9 89711 1.0714515264233824
11 27 19 13 62969 0.9458450600590079
7 22 19 25 58869 0.9839513842252289
20 12 8 1 66652 1.0285250529895469
8 14 21 8 52418 0.9878906635316098
15 26 11 16 41836 1.0404804083317103
4 21 18 17 72813 1.0017193953109644
12 5 23 11 48087 0.9346829781942585
14 25 5 29 44607 1.0349619137239512
17 24 4 10 81739 0.9283486644494019
26 2 8 4 62902 0.9296177387084592
13 28 29 8 95511 1.0331554806563354
1 24 13 29 58025 1.0889515306619726
12 23 12 12 43953 0.9694009031171327
14 21 26 4 85402 1.0383317043220457
20 12 27 25 74671 0.9311537067500144
3 6 23 8 67050 0.9916728452565006
29 26 11 17 88712 0.9968674052784562
4 27 14 19 61241 0.980847229235547
16 7 2 19 76991 1.0945449647034369
6 23 21 4 104262 1.029055232604736
3 27 10 1 101445 1.0214038684391333
19 10 18 20 50750 1.0841257923653167
15 24 1 17 73332 0.9073758584041874
1 23 17 2 118819 0.9593504546144513
10 17 22 16 64236 0.9489236289640857
26 19 12 8 78332 1.0285736964613283
1 22 16 9 80693 1.0860940396856165
26 2 24 16 67281 0.9139087813913668
14 23 14 9 35061 1.0526606189259269
17 2 26 6 52525 1.06488984497763
24 9 9 22 71030 1.061916149661394
23 18 21 1 57629 0.9242897414532197
17 3 24 22 81032 1.0700683971562628
23 4 3 27 126450 1.0393418098070897
0 25 19 2 133164 1.0366943914973668
27 1 12 6 68588 1.0010842928827461
20 14 14 27 56838 0.926216427151315
10 12 24 20 72634 1.0242622156314394
0 8 25 3 91269 0.9591323959557635
11 12 27 1 82955 1.0439875343664942
21 10 5 16 61031 0.9572634233585211
5 18 21 7 79608 0.9769054789686594
15 0 6 5 43215 1.0343223936190253
21 28 12 9 73774 1.0584796508796592
3 25 22 14 97004 1.08129695116723
1 22 19 7 98924 0.9029454358035109
16 8 27 20 79594 1.042676518245792
18 29 14 14 44476 1.0794854371313356
10 17 19 0 86212 0.9278414360615417
28 5 25 13 40635 0.9111145518370477
11 3 0 13 62863 0.9567899708426839
2 0 19 3 64085 1.0425613101866427
21 20 13 28 52287 0.9526218556645835
4 29 18 28 53468 0.9221222223736446
26 4 12 22 97748 1.042339361366526
27 8 20 28 84268 0.9028291795236519
29 26 1 7 136135 0.9854888089054595
26 25 13 3 104716 0.9321000283658782
29 15 23 0 78386 1.0060469982213651
11 3 22 18 70527 1.0135903642508082
27 26 6 19 92847 0.9930111516768029
24 3 13 19 72979 1.0428113053413761
12 29 25 20 77374 0.9544242716909561
2 0 20 14 96418 0.9412813024854304
22 22 22 4 51223 1.0257482072002275
29 23 22 15 59641 0.9208256488682703
1 3 5 9 32545 1.0979277235783014
21 4 2 12 81917 1.0138450461513566
1 10 28 23 126603 1.0782464160971357
23 4 12 8 50840 1.0978267810189735
1 21 14 14 59666 1.0476631044460551
17 21 21 0 90375 0.903246917840672
9 21 20 23 57295 1.0315697840557445
2 25 26 16 127509 0.9376614415196092
0 6 10 7 36262 1.048415223234709
17 11 8 5 39231 1.024698662181613
29 21 0 10 129567 1.0710643170396699
28 15 17 22 80889 1.0258916490558552
24 5 3 2 78790 0.9290208343672661
8 9 28 26 106285 1.0125790142679236
23 8 20 15 33255 1.020653583855334
7 29 27 23 79191 1.0656564034797955
26 29 26 13 69800 1.0361361410813077
1 25 13 16 74089 0.9017282444957917
1 10 2 19 49390 1.0910825094221732
24 21 3 28 106410 1.051429130417533
10 19 22 11 52004 1.0084752861169184
6 18 16 1 80982 1.0467473521695847
13 6 16 15 38528 0.9380994032295499
9 2 19 22 93619 0.9765076320659047
12 2 26 4 58528 0.996031063746655
3 8 15 2 54737 1.0316588077140076
16 14 16 28 51123 0.9013558966321107
25 28 5 6 115435 1.0256636329844075
16 0 16 28 96417 0.9592858124327526
17 2 26 6 52525 0.9056572602022986
4 26 13 2 103150 0.938128144928017
0 15 19 27 93398 0.9606980686773942
9 19 29 5 98418 1.0338607124476882
10 2 9 26 68481 1.0555561090699628
3 26 7 9 72766 0.9665793803320579
29 18 20 10 65230 1.0648875430639366
27 22 24 14 43050 1.0949128217499227
24 28 6 7 105603 1.0744602803144225
23 6 29 22 88456 0.9878660060622408
13 4 0 19 81359 1.0568362381338492
16 17 20 5 69225 0.9551790551350291
15 7 15 20 44496 1.0031912271058903
9 14 16 4 52095 1.04043707604974
3 7 9 23 58587 1.0602243229626551
4 2 21 2 58684 0.9949832257250372
27 26 14 4 106724 0.9916495100398566
16 1 17 16 71279 1.085488026619145
29 13 4 25 114873 0.975960297909303
22 16 21 5 33186 1.041700574144242
14 24 9 3 67220 1.0197167466439525
12 22 18 14 45974 1.0811137833711388
23 16 14 10 38730 0.9302405882526562
17 3 12 12 45562 1.0854485862326724
4 29 11 19 58109 1.042248255337273
2 12 12 9 36096 0.9616350067172121
29 3 24 21 85059 0.9775505804326761
26 12 26 27 69019 0.9152180579728513
20 23 12 12 66387 0.9697222461283104
10 19 23 17 72624 1.0525919201405058
24 28 29 12 83598 0.9585862370319872
27 7 7 27 111359 1.0043222454990222
11 6 28 6 70616 0.977727053686658
24 18 5 28 102892 1.045676095980646
16 21 22 9 60425 0.9146545148273594
5 9 28 25 107934 1.0414350822023049
4 22 13 9 66105 0.9355817267548954
13 2 17 20 75378 1.0690229611408542
16 9 2 6 46746 0.9649636653655321
8 21 23 15 75699 1.0940053141522235
19 9 12 4 38549 1.0212175301241366
23 6 14 14 45682 0.9979461343098276
19 9 12 27 63138 1.0710157233286122
28 22 29 2 92443 0.9291366352719655
9 21 27 15 86756 0.9591944100663699
14 6 7 27 78806 1.0180136256652534
1 14 17 12 66437 1.021976347748608
19 2 14 14 55516 1.030417397460885
7 26 25 5 110380 0.9838027642312591
12 12 22 26 69871 0.9157255676947963
3 26 9 12 59996 1.069454115250183
15 27 18 14 53250 1.04013999592852
10 23 15 17 42477 1.073433890382913
18 7 27 11 42011 0.9035111049321721
22 3 10 17 77464 0.9999585986293201
11 20 13 6 50841 0.9314568564648285
8 16 3 8 37252 1.0304533367346083
10 19 16 10 41770 1.0648837539335796
17 12 2 29 105905 0.9987183918916896
28 25 9 19 80630 0.9179588821254182
1 19 18 10 71638 0.9650416387305454
0 9 28 4 94661 0.9689534058284572
25 11 6 15 65382 0.9381950553733739
9 24 17 26 37533 0.9659823749174505
22 14 18 24 47983 0.9190570427272603
14 11 4 10 33466 1.0072798867191908
2 5 24 17 97723 0.9967095832189945
15 29 14 6 59532 0.9240248977737011
25 5 15 21 80084 1.0460551789529897
15 20 11 2 63616 0.9934234311072226
16 15 29 5 80549 1.002187522764741
15 2 27 0 44580 1.019810383709919
7 11 12 25 57340 1.0186277232378758
1 2 26 24 139370 1.0086583641678468
16 29 15 12 51325 0.986945779843895
15 5 2 14 68803 1.0523863273541754
6 4 18 0 49568 0.9519331237838735
21 21 0 11 101539 0.9932215772767699
5 29 6 6 88100 1.02354192643914
27 3 21 21 71793 1.0854385076913566
29 15 16 20 88624 0.9902452422141128
0 22 28 17 136132 0.9284519161009046
0 28 3 9 101584 1.052118926959373
5 24 22 21 84885 0.9546672791513753
8 2 13 23 75356 1.0360713541846753
26 9 19 25 69030 1.032270701647061
5 11 22 3 70580 1.0846449407077206
24 28 3 27 77734 1.0197445399318632
12 11 20 0 60684 0.9154232805163162
4 22 15 26 61423 0.9158600078104363
8 25 1 8 70531 0.9753404106213672
21 12 11 29 73157 1.0852856059440512
9 23 15 15 41952 1.059771462948912
0 26 19 22 94944 1.0338580627846177
8 23 26 29 65385 0.9888742983759695
28 11 2 26 118731 1.0330380762271985
25 1 27 11 46981 0.9252163109128649
26 20 3 26 113175 1.013172564432746
21 15 12 19 55447 0.9254810608859281
4 29 20 15 109256 1.005954281777766
24 2 3 25 127000 1.0608188085388766
23 21 22 2 57051 0.9833270571001561
12 26 21 20 55911 1.0893041370394771
12 14 5 10 34714 1.098260384990706
16 22 9 11 54416 1.0781096743692982
8 25 14 29 27308 0.9706876687762696
12 22 19 16 54155 0.9994626486191606
12 2 0 0 56072 1.0668308601123022
3 25 16 14 76419 1.085773243572532
29 19 22 7 71378 1.068031257696821
15 29 1 14 78590 0.9381976950239214
15 26 27 6 91247 1.0912466489250916
18 16 28 17 66189 1.065438584037484
14 16 26 20 77044 0.926132856076262
21 14 25 4 46638 1.0354027030373518
7 21 20 21 65169 0.9254502440973239
29 12 27 28 74870 1.0495241343135142
28 7 5 10 74800 0.9572624513479943
19 4 1 21 102262 1.0075712698320907
18 23 12 18 41893 0.9999466385319371
14 19 27 4 78031 1.0389799907990531
8 13 24 12 57559 0.9546857355312953
0 11 28 11 88815 1.0331481663977953
4 0 0 25 118548 1.044597524740836
28 13 1 6 91410 0.9267707623357131
20 10 22 25 58609 1.0839290939777646
24 13 0 18 94198 1.047641990628625
27 16 14 25 77796 1.0823215298793263
10 15 3 25 51287 1.0494649047102247
10 19 15 24 30426 0.9164537776384949
0 29 26 3 157943 1.051480309435628
21 0 12 29 104712 0.9014312433579235
29 12 14 22 73150 1.0659601241798604
21 29 6 19 67178 1.0448887483860685
7 26 10 8 60192 0.9938394505840378
29 21 16 18 88354 1.0121768892752565
5 24 14 1 102059 1.0756602619466882
26 29 6 2 119071 1.0565598602883854
13 25 3 13 63584 1.0356793489195382
7 14 3 7 33064 1.0741200760282201
0 17 14 13 54096 0.9542373733949006
6 10 9 21 34401 1.0809472346299043
11 15 21 29 63983 0.9087493754922465
4 2 10 25 81858 1.042208321405365
15 5 7 2 34399 1.071349557159567
29 29 28 3 111597 1.0579482541292056
0 21 22 25 84894 1.099070458971572
23 8 1 23 110207 1.0342048515247857
0 29 3 6 116915 0.9568085976911577
14 3 9 20 61684 1.0493361429527375
18 20 7 15 62261 0.9222746936049763
16 29 7 21 44202 0.926117898862496
25 0 18 11 56797 0.9495464730273886
21 3 8 26 103328 0.9924815676943292
17 18 22 29 61346 0.9509203748416741
26 3 22 16 50294 0.9048598504983189
5 28 23 3 120939 1.0673693267802515
4 7 20 5 59714 1.034247781977802
16 20 22 26 50104 1.0042243961520287
14 24 26 5 86407 1.037703814202898
17 14 6 21 58067 0.9507564442686206
15 18 29 0 98879 1.0346353904679588
1 9 10 2 41549 0.9635643788809196
27 12 5 9 63594 0.9397571691796854
2 15 5 5 51836 0.942394330408488
29 15 19 21 70298 0.9437601543790829
8 20 24 18 89073 1.035198610419509
12 8 7 21 48776 0.9024480110553538
14 18 13 9 23697 0.9278244541451857
7 17 8 4 48620 1.014422168388747
9 1 2 14 67336 1.0278529132434016
5 13 0 21 43659 1.0691918671107885
18 25 16 0 94724 1.0636489116007457
29 27 4 12 115696 1.001480462071175
22 21 18 0 65471 1.0752366179696216
28 17 11 19 91978 1.0431004089799485
0 27 14 0 135415 1.058401444867619
14 28 5 24 47274 1.0643896674900317
12 17 20 11 43324 1.0913799821430363
28 29 17 26 37101 0.9093188176489381
9 21 25 29 61255 1.01505177963978
7 0 28 9 87683 1.0053684163639078
20 28 26 4 101108 0.9292488219153336
28 12 16 16 59492 0.9031449248714885
27 22 23 28 36410 1.0027128882246583
25 20 6 19 101516 1.0125416330099102
13 24 5 0 95266 0.9958978301113235
12 27 4 17 55274 0.9561518133065843
28 28 23 0 114666 0.9909965595638732
19 11 23 0 45386 0.9624552810521005
25 26 1 24 100802 0.9853071392029116
21 22 0 5 109625 0.9387918827326787
23 2 29 11 48950 1.0801666599304198
7 17 17 21 57878 0.9802688605968777
17 8 16 26 63591 1.062756738278038
2 18 20 15 85041 0.9409345085088219
10 21 5 14 28948 1.0390602942702412
4 7 7 20 50241 1.0390470623341759
7 19 15 7 60002 0.9733098902721353
4 27 11 17 59314 1.0823934714261816
20 1 6 16 81251 1.0774205731715318
11 20 26 8 73779 0.9861577442436626
1 28 17 27 65428 1.0186013100670754
6 11 26 28 99959 0.9065073522541344
27 4 28 20 70846 1.005818989052444
24 17 0 7 97200 1.0574495891060351
23 24 14 1 103157 1.0135202430619996
29 5 27 28 102638 1.0414081046063328
7 21 20 17 76402 0.9601083762091628
26 17 24 8 52814 1.029352723148139
12 2 9 29 81568 1.0219024811687398
1 21 21 24 80424 1.0661004488411323
19 3 6 12 63227 1.04225709681865
19 10 25 20 52813 1.0641180465928406
25 28 25 13 74882 0.9074969138103993
16 20 16 1 78009 0.9738294144254833
1 13 0 25 77314 0.9699428338772274
12 14 15 26 42051 1.0802892472701355
26 4 20 11 46998 0.9781057398188973
6 2 10 23 68927 1.0050192100958528
19 19 2 5 95769 1.0502331042914912
11 4 20 29 88510 0.9999137765245213
25 24 16 11 70065 1.0655171923348954
5 26 0 5 101849 1.018979881575604
19 25 21 1 85292 0.939185220477902
7 15 28 27 98643 1.0023418868871612
11 13 14 2 47296 1.0627194571287781
21 4 3 26 121453 0.9835823977772338
22 11 1 27 112444 1.050712697402567
5 4 29 12 88740 0.9224570446753741
13 19 4 25 48657 1.00739753311646
21 20 0 26 106064 1.0596809946006693
1 5 22 12 76069 1.0635599257141846
4 5 25 22 111855 0.9085605876087925
22 22 3 3 98861 1.0754037131766312
5 26 5 14 57845 0.9493489697861686
17 7 0 15 82720 1.0841162641908664
1 14 16 18 71599 0.9709457861018007
24 20 7 9 76354 0.9650207028462421
23 15 9 12 54218 0.9091716822653774
27 21 13 8 83768 0.9499173122578037
13 26 16 9 52722 1.0792074427308689
21 10 29 29 88113 1.0001763234783223
22 29 24 10 73813 0.9019974932407414
20 9 12 21 52861 0.95847560947881
26 26 13 13 77994 0.9491155609705819
27 1 13 19 92359 0.9391147021723816
18 20 26 1 94596 1.0528643982956873
5 4 25 17 96541 1.0452058854904092
25 8 8 9 47955 0.9636715791548242
26 4 14 3 48065 1.0581639115770398
19 1 15 27 97349 1.0360591108783608
23 2 22 17 46717 0.9105865838326891
26 12 16 8 49088 0.9989665809519606
15 25 24 22 46719 0.9052441251898278
20 23 29 6 87593 0.9384565819798483
3 2 7 10 38009 0.9460499075597727
28 3 12 21 98006 0.936700604320935
2 28 9 10 79735 1.0919605634999827
0 6 12 25 86489 1.003903043069047
6 10 15 9 26882 0.9085331745894123
16 8 1 6 56405 0.9411292962654849
25 15 13 6 62625 1.0594113561879746
21 13 27 0 57040 1.0474850254472112
16 28 7 9 70591 0.964026516120536
2 29 1 14 85269 1.0419674796265233
2 19 26 15 102055 1.0555210107668795
4 24 15 25 49024 1.0529249932546345
9 28 4 7 67781 0.9610356379433644
15 26 1 21 63379 1.014303843962729
11 5 4 26 87763 1.0488647509868185
25 2 15 11 57749 1.0164490418155625
0 19 18 11 71597 0.9448120330257991
11 5 10 17 46342 1.0452035841223057
7 1 18 20 96398 1.090648863959295
1 15 0 2 75710 0.9374141227351425
11 22 15 10 48012 1.0152204224094699
0 20 14 15 63650 1.0878811347819433
15 17 29 22 94445 1.0210449813102702
15 9 11 27 56919 0.9720438098270248
17 29 8 27 28859 0.959826647245635
10 3 22 21 73963 0.9227248781927185
7 27 6 7 70593 0.9733045252650785
24 10 3 28 117672 0.9054363933848255
7 2 22 10 62602 1.0843261747083741
12 12 28 19 84632 1.0505060852890962
2 2 10 26 92715 0.9333282400718914
8 23 16 11 54681 1.0893842228366113
2 15 8 21 38906 0.9311069308828718
17 11 29 4 63860 0.956021040887788
22 1 24 23 77436 1.0851624350858744
22 28 1 12 109803 0.9040444730800566
28 3 8 27 123694 1.0263662144003343
18 20 28 6 83696 0.972690447389196
27 2 12 18 94904 1.0473487263498258
21 22 10 6 77037 1.0803854655718237
9 18 19 29 52396 1.014050828623646
4 8 1 21 58023 0.9619119597916763
17 7 11 18 55235 1.0928994422785696
9 12 29 5 81416 1.0796082623967584
1 5 26 9 82155 1.030342743514713
23 5 3 4 72406 0.9453295537598634
25 7 7 20 87168 1.008829856900163
23 20 11 23 69411 0.929427148782884
27 11 18 15 42248 0.9064293078329217
12 29 13 3 77123 0.99871688549596
18 4 24 22 76460 0.9312413004583737
6 26 16 1 106018 1.0347975866552457
17 19 1 2 99385 1.013062188976386
21 4 8 23 94773 0.9043219298554142
21 24 12 25 33309 1.0830127567309222
0 24 25 17 134441 0.9971206240509557
22 16 5 14 65420 0.9022333470417151
14 17 29 27 72803 1.0736812410334204
6 7 20 1 56598 0.9239268796089802
2 17 27 13 91220 0.9799605275060144
7 14 2 9 27564 1.072771092695692
20 2 9 18 77794 0.9623798564185762
24 25 29 8 86415 1.0059569660717138
4 4 13 26 88313 1.0816538514047846
6 27 1 17 71291 1.0631022987841925
21 4 17 19 81346 0.9852419882541872
14 0 5 28 112893 1.0061592668286496
12 8 8 2 31040 0.9995704901508569
7 26 24 23 75100 1.0247573073229908
2 11 0 23 72144 0.9591586675756718
24 19 9 10 71826 0.9553537987638204
20 22 14 7 71808 1.0043883490095902
0 19 22 4 102193 0.9915872493358079
13 13 27 2 73839 0.9181208010456404
15 27 6 24 45551 1.0883578840690147
26 20 9 25 85345 0.9338747163233854
16 3 28 4 46784 1.0969832111215925
27 4 8 23 108233 0.9518908658612502
9 13 17 23 54547 0.904440196982212
7 2 1 23 89869 0.9494617570757675
23 23 10 12 78004 1.0522234131168846
23 23 2 29 95420 0.9331686864294697
4 12 27 25 110535 0.9494002996498134
18 17 7 9 59126 1.0930370050369158
23 12 20 22 44698 1.0462893793796495
21 27 29 29 25013 1.0911642237522412
7 6 25 0 70854 0.9167747942955515
16 23 11 10 54521 0.9454417471852832
20 26 19 12 63047 1.0824622595598608
4 19 23 16 83510 0.9111166366231813
13 15 3 23 64693 1.0311581056406156
9 27 1 18 54535 1.062685071175109
6 0 9 15 53182 1.0659127705727878
2 27 18 13 96818 0.9844113530665258
10 28 9 19 26598 1.025744421855971
10 15 15 3 55534 1.030816948784761
10 0 25 18 93445 1.0724262202821704
23 21 15 16 60159 0.9188812623957769
26 26 5 16 94232 1.0892559965814506
12 4 29 23 118859 0.9889477563251439
24 10 11 0 75614 1.0834919684125015
4 14 13 9 39318 0.9239545700858506
5 0 17 8 64678 0.94694074553058
16 22 5 29 63824 0.9981998593596598
25 16 15 14 54179 1.0988227752539577
5 27 19 23 69681 1.0334916824334628
28 13 29 2 51393 1.0004981351681421
3 24 2 9 72223 1.0949764130180615
12 4 6 9 30014 0.9131165910149664
4 3 16 21 81978 1.0241773768335494
24 9 11 11 42979 1.0111104804029654
22 13 25 5 35178 0.9776011083584067
8 15 20 5 70288 1.0667357002507507
13 18 20 23 50852 1.0324261349390862
11 29 10 19 36749 1.0847481522099798
6 0 29 27 138411 0.938256472335178
28 0 4 8 94326 0.9684414065799812
29 15 8 6 88531 0.9008281481694812
16 6 17 27 70957 0.9728055607475803
12 3 0 17 77477 0.9502078310077509
24 6 0 9 74917 0.9373170698241736
21 1 7 1 56350 0.9534702149763209
0 6 17 20 90744 0.9481575270104305
1 5 11 25 84490 1.0923163320298537
18 12 7 19 56055 0.9558275556034954
0 9 18 20 85641 0.9868627649658455
11 16 17 23 46143 1.0576966878348757
10 29 1 25 46316 1.0627702354129727
4 15 17 1 86716 0.9244443907815649
14 11 27 9 39539 0.9932763516042554
11 20 27 8 77169 0.9977204867874309
16 9 9 3 35384 0.9737409972262516
11 8 25 27 90316 1.0533013438108743
4 21 12 0 89383 1.0634228092747888
12 0 5 28 107237 0.9024007219320304
24 27 2 8 112386 1.0942635278528625
25 1 20 22 84341 0.9183903000679738
27 7 19 11 35267 1.0916065030706268
18 29 20 20 46600 0.9976557866026359
12 3 26 1 51313 1.0255326204752027
21 5 0 20 107142 1.0512327281235594
9 0 23 3 54027 0.9137683770742405
10 7 1 2 40136 0.9774545870721255
14 25 1 4 89326 0.9739491411910004
18 21 21 7 63652 0.9753605095940037
29 15 18 12 53771 1.0491329898960646
26 0 6 5 72854 1.041769340514749
24 16 20 25 48261 1.0174478913785352
8 22 20 1 96006 0.9803107872762511
19 25 26 18 53644 0.9935639403505631
28 25 16 2 118373 1.0482895714851024
26 4 12 20 89831 1.0219401208041865
28 9 17 10 39156 1.094609712685928
24 4 3 1 79675 0.9700752692143892
11 11 27 4 70261 1.0037893273041898
4 24 13 17 62926 1.02940053511171
3 12 11 1 60680 0.9439523299336544
26 20 5 24 106360 1.045115107038781
25 18 5 1 105881 0.9052997968444992
25 1 0 9 91991 0.9760580399736973
14 14 25 2 66351 0.9197388492018551
15 14 29 9 55838 0.9068820534485784
16 5 22 22 74111 0.9424032840983415
6 8 20 16 66704 1.0173795838298088
3 1 16 25 100560 1.0283733177854513
5 4 15 16 59482 1.0498438921831748
1 1 26 13 106369 0.9598502923615115
4 24 3 15 53326 0.9875647277028786
20 29 2 18 83454 1.0033193270400895
23 18 13 6 60536 1.0663719090744053
22 18 17 9 38113 1.0207566256436835
3 17 18 21 75176 0.9484985092256455
4 3 25 29 117930 1.0972353653963338
3 4 7 12 41329 0.993367734130789
5 24 5 4 77948 1.0684161378030024
14 2 16 11 37469 0.9860841048387989
7 15 26 17 91493 0.90789706423778
26 19 18 0 86203 0.997035570518361
28 1 16 9 64170 1.0557519244378417
1 4 9 26 83204 0.9427315884305483
3 7 28 28 120106 0.9099485620612088
24 1 4 1 75216 0.9980551141175964
25 11 7 13 57024 1.0724175044052715
18 1 22 25 89977 1.0104486736575673
16 26 19 0 101909 0.9641847805923485
9 18 7 3 49532 1.0534959797659333
18 19 13 14 43214 0.9097409927499146
14 28 21 25 28785 1.0759380476083054
11 22 7 16 28587 0.9859535224034167
13 28 18 2 92671 1.0708185653398625
11 26 22 19 64811 1.0240069871131663
9 24 25 3 98972 0.9343207906350114
3 0 1 16 75919 1.0210494649241855
22 26 2 3 117530 1.0781647773255878
22 10 15 3 41847 1.0386110101750199
22 3 7 6 51764 0.9533223769943019
28 12 26 21 45053 0.9803549712407672
1 11 22 13 72431 1.0391297000526398
12 22 13 8 47771 0.9550498520225295
9 24 20 26 49383 0.9897207257922874
28 22 6 2 128752 0.9141507353831475
2 27 21 21 94070 0.9555587958494568
21 25 24 10 59538 1.0286423020009665
27 23 7 4 116902 1.0807763168157243
9 14 20 12 44434 1.000191376025071
8 22 3 5 67914 0.9573256255114782
3 1 2 10 49558 0.9716308649681262
7 0 4 26 107906 1.07823469861156
14 13 5 9 29680 0.9358008067837896
29 10 21 5 42646 0.9309957025110428
1 10 29 24 129902 1.0071877633747355
3 26 9 6 79480 0.9751122105629763
14 28 7 12 62309 0.9640431508730921
3 6 13 11 43808 1.0538929947789564
15 9 23 14 35136 1.098785504123084
13 14 10 29 47573 1.0902577957278914
0 2 25 29 133999 0.9641304917035429
26 11 9 4 65199 1.0454493437788102
20 2 20 26 86514 1.0358787571325652
21 2 10 6 44343 0.9906728038873164
19 18 1 2 102225 1.0184414637361368
24 10 13 26 77743 1.0871527378522037
20 26 18 3 90026 1.0755643460026776
1 26 19 17 109953 0.9812165597892724
20 14 15 22 50508 0.9960668277410412
4 18 27 28 97228 1.0196983419409829
21 5 2 25 117017 1.0790588609067693
7 17 22 2 83540 0.9286501278628734
16 1 3 1 56273 1.0211429685064393
26 20 12 14 81309 0.9509009126285713
23 5 4 29 126551 1.0154946077744267
19 4 16 22 79933 0.9713835609986247
0 7 12 17 69363 1.0030071166779466
15 18 7 2 67808 0.9038998052427863
16 5 11 24 74596 1.0369521756519133
27 0 11 4 59853 0.9098475633823175
3 18 24 14 87925 1.0946272958795276
19 29 20 18 55740 1.0483137111495813
2 11 20 14 71188 0.9618956337918597
27 6 16 27 95576 0.9892392503526235
8 28 29 21 97233 0.9375225737386071
26 23 16 11 70593 0.919508556096612
2 12 29 1 116116 1.0293562143539834
3 20 4 1 77166 0.9625707056486357
13 11 25 10 38874 0.9863871696648904
27 10 19 2 48244 0.9262029572378091
27 8 17 15 56922 0.9966537628774972
1 21 6 13 37406 1.0989279424058331
17 1 17 13 64239 1.080150786690733
25 5 22 25 77796 1.0202045741305628
3 0 3 19 78722 0.9584512777729854
25 24 21 4 80619 1.0831763851719067
20 1 29 22 103973 1.0955360822090372
1 22 28 12 114747 1.035435382174093
4 7 10 14 38091 1.081895381951936
21 16 3 20 91218 0.9887046842425563
25 26 5 2 125519 0.9705688963700473
11 5 26 22 100016 1.046294777677479
1 10 15 18 65242 1.0087739693650408
11 11 2 19 48099 0.9613575638978562
17 6 18 22 80574 1.061903800210011
18 15 4 29 97772 0.9273996968762748
14 0 17 26 89476 0.9325460690014838
8 9 16 25 61047 0.9774995253293899
19 12 1 5 69925 0.9788517685084841
4 3 26 28 125501 0.9100870517627766
9 4 14 23 62286 1.0955138761541108
8 9 14 5 29342 1.0953190998520066
20 21 3 24 88672 1.0911473331841894
28 18 17 28 72157 0.986909838343913
10 18 22 2 83409 0.9705474277753176
11 17 23 3 73735 1.0216110755353611
9 15 9 27 29801 1.0306076100512733
0 0 2 18 97790 0.9852961571985975
25 29 11 7 92025 0.9823075856802627
6 18 17 13 46516 1.067622478481081
9 3 5 22 70455 0.9203052342556074
15 16 27 13 55643 1.0642704476062237
0 27 29 17 153901 0.964656284907353
20 24 0 19 88240 1.096203161673001
21 15 23 1 49409 1.0896055123772614
14 9 6 16 37072 0.9394665542643232
26 16 17 21 64891 1.0905651319462741
13 13 23 5 50281 0.9827337682476804
2 22 15 4 91268 0.9870307830644991
7 4 14 16 47472 0.9646510990211371
11 18 25 0 96525 0.9753586603338973
18 6 22 12 37242 0.9426426603018203
5 20 23 27 81801 1.051283034276292
2 17 16 22 71256 1.086097654642393
3 5 26 20 113288 0.9653142605562025
24 25 20 2 86612 0.972090522750575
11 11 27 24 93651 0.9462302970085756
20 13 3 8 62199 0.9548789114167762
25 22 16 4 90025 1.0350771687865707
7 10 14 13 31075 1.005427767610108
7 9 9 17 28595 0.9004488755431964
18 1 6 16 80983 0.9454610989799289
12 7 18 12 30107 0.9378736073739334
7 27 22 19 80445 0.9489106536829146
29 29 19 27 33337 0.9386429106274901
10 10 13 3 29210 0.9601189324419976
15 18 28 3 88340 1.0405167095433372
9 17 15 28 47594 1.0860806152968894
18 3 18 23 89321 0.9360941406060107
4 8 5 18 41018 1.0529760517101232
8 5 5 22 65849 0.9455270391240147
2 18 17 13 63819 0.9653775034057669
2 26 22 6 114024 0.9753612609060754
28 16 20 26 69593 0.9104523241916092
6 10 19 11 40530 1.0528538384131667
18 1 29 20 105109 1.027102541847758
2 20 22 4 99258 1.082994066280518
5 1 1 24 99497 0.9642336720255403
16 21 21 14 56669 1.0589347868530232
26 10 22 0 49578 1.0075349055132863
12 28 4 18 58625 1.00448344359164
0 18 28 11 101348 1.0255974899392886
1 4 24 2 77247 1.0000005251355213
29 23 21 29 47645 0.9362625687048971
29 19 3 1 139453 1.023381796640398
3 11 11 15 43369 0.9013435398450219
18 3 2 12 73732 0.908440702179619
7 18 26 4 102939 1.0901542312138803
0 25 25 5 136297 0.9451466393128936
22 16 17 2 56361 1.048414404600989
8 24 23 14 80047 1.0367571635747779
10 29 14 21 27346 1.0452459465737214
21 23 6 16 74908 0.9221623780714857
23 12 13 19 52513 0.9851354746430119
25 22 14 14 74476 1.0870608316565207
4 8 0 17 54420 1.0443444069836916
2 10 25 21 101437 1.073984141050642
29 21 16 23 72554 0.9675658267201228
23 9 2 22 94122 1.034623636932371
19 0 18 21 88013 0.9944493306931903
26 29 7 28 57079 1.0878627980722029
12 12 7 25 48306 0.9575310436066077
28 24 0 10 129477 0.9503047089427592
23 17 10 11 60766 0.9939283835444453
22 3 6 13 70042 1.003580146564569
10 26 1 27 46461 0.985399396734852
19 10 14 24 50895 0.9984606136559899
8 14 29 12 70946 1.0567790307472498
29 7 4 25 126279 1.0389457927754642
14 21 9 11 39469 0.9250681303419489
2 17 17 4 84913 1.0373228231128078
15 10 5 7 38650 1.0827567209961557
13 19 19 2 70804 0.9712337189768723
11 7 6 0 34565 0.9145103988827058
24 21 2 9 89533 0.9285935513603091
1 13 27 18 115440 0.9048102347076037
28 8 11 0 84871 1.066984237156216
10 18 6 11 32164 1.082070684868308
21 16 13 6 56217 0.9136365569864358
4 19 22 20 87777 0.9487525797324373
1 4 10 10 44356 1.0244756466119163
27 28 11 1 122471 1.0602639301002763
22 29 3 28 63010 1.0953904844551112
23 25 13 16 55664 1.0108533858112785
3 11 22 4 72712 1.0598694055228968
22 3 0 1 74918 0.9134662233123381
25 12 28 0 57094 0.9695138772544465
2 15 19 26 86297 0.975502713680684
1 8 5 26 87790 1.0164670506424043
6 15 13 22 43952 0.9095626007338218
0 20 24 20 119741 0.9619367007153359
18 23 10 0 91313 0.9435343579154383
24 1 23 21 67993 0.9988408387950263
1 23 19 6 110778 1.0644209651401926
28 3 2 8 95251 0.95535960883084
17 12 27 20 68818 1.0970743437142898
22 0 0 3 71537 0.953297855206863
8 3 10 11 27518 1.0078795729925036
13 18 29 12 69153 0.9735082848024075
22 6 17 29 81467 1.0642695340300008
23 7 28 17 61947 0.9477066123842276
28 3 11 6 64311 0.9815605896141127
24 17 6 28 104853 0.977362670706601
11 18 26 29 67782 1.074098873499104
4 4 18 10 54667 0.9117946188506496
24 21 6 22 100031 0.9986550737058608
4 4 26 28 123995 0.920596677047765
14 20 10 1 60717 1.055277934220741
7 23 23 28 69292 1.0608436620494095
2 4 22 4 66043 0.973029240711607
4 4 3 28 101862 0.9238285557425071
29 1 4 23 145505 1.0155234385815668
21 21 3 3 98103 1.058528468475884
7 21 14 14 40276 1.0429655116669783
23 22 6 28 82263 0.9971828834767069
18 17 26 4 79583 1.0649883512222302
23 9 15 22 60271 1.0954829750315924
28 9 25 22 66786 0.9640489586789074
3 20 19 18 81339 1.0128700690305776
19 5 7 21 84091 1.093777843506608
16 3 3 12 65219 0.967321081575744
3 29 21 3 133079 0.9729492894939337
25 27 2 12 114543 1.0883098417887558
14 15 6 13 30039 1.054644813597626
17 22 16 8 63729 1.065181148325643
6 7 21 14 60540 1.0363271304220858
20 26 10 8 76164 1.05769769066523
11 2 22 9 52486 0.9695072979959222
28 17 4 2 117306 0.979662023969263
20 18 20 0 67882 0.9084556220757558
9 16 5 23 36881 1.058105157658841
15 4 13 19 49060 0.957408814188848
22 28 18 7 87161 1.066452175246388
14 8 21 25 63316 1.094425744900651
6 1 19 3 44820 1.0512321442113661
29 3 4 23 134997 0.9938383364419915
26 8 29 1 40252 1.0048477718126698
8 0 21 1 55258 1.0603173398853687
12 28 26 26 49630 0.9124992690782802
13 13 2 19 45912 1.07968670063819
19 14 6 23 76132 1.0854216930118168
3 0 14 9 59983 1.0550701085240808
3 29 6 13 73111 0.9667779984295262
14 14 9 19 29134 0.9554310718788892
24 7 14 27 79654 0.9674694731576199
2 1 21 7 81769 0.9648395565795805
13 14 0 0 87260 1.076483478271806
16 15 7 10 46981 0.9699468556228458
29 0 27 22 94665 0.9026644962127748
8 5 20 24 91864 0.9289746309938627
25 10 11 21 71408 1.085853520373719
15 12 16 1 50834 1.056989794019306
12 5 10 20 56443 1.0227276352563024
9 27 10 0 76783 1.0271744044552653
13 0 19 9 54992 1.0788634685718437
13 5 29 14 77630 0.9837621257732488
26 24 8 0 126740 0.9657316106248919
9 18 26 13 67420 1.035112369579761
9 26 7 13 39700 1.0907058437606396
