7750 7595 7921 8389 7770 8092 7875 8112 7565 7721 8388 7544 7734 7810 7596 7874 8069 8071 8391 7794 8193 8146 8183 7769 7755 7610 7899 8067 8318
6186 6111 6164 5673 5780 5727 6278 6019 5814 6079 5897 5938 5880 6087 6210 5833 5847 5621 6090 5661 5771 5805 6105 5840 5848 5995 5816 6076 6003
1471 2095 1619 1648 1989 1678 2036 1710 1767 1676 1382 2045 1739 1423 2096 1340 1712 2171 1548 1813 2047 1509 2080 1450 1611 1993 1523 2026 1762
1329 1423 2010 1439 1340 1374 1598 1528 1862 1952 1861 1951 1543 1408 1464 1954 1483 2117 2024 1741 1422 1340 1455 1481 2132 1845 1426 1823 1788
4133 4172 4285 3892 4331 3775 4148 3965 3894 4005 4232 3660 4355 3662 3902 4248 3745 4431 4268 3619 4436 4259 3699 4171 4466 4475 3641 3833 4254
4154 4335 4231 4070 4047 4025 4543 4624 3797 3810 4131 4200 4172 4640 3925 4048 4320 4077 4323 3826 3923 4106 3933 4353 4016 3975 4290 4338 3992
5251 5500 5433 5445 5923 5443 5784 5601 5477 5569 5554 5724 5777 5629 5280 5369 6007 5739 5780 5937 5349 5358 5284 5888 5830 5816 5479 6071 5421
6282 6703 6800 6449 6348 6745 6849 6937 6433 6282 6454 6486 6927 6332 6273 6881 7129 6740 6897 6552 6535 6836 6702 6292 7030 6580 6913 6883 6703
6956 7026 7095 6428 6507 7212 6640 6523 6677 6761 6692 6630 6595 6665 6479 7230 7141 7043 7233 6975 6555 7041 6909 6427 6818 6609 6490 6916 7047
4765 5002 4672 4540 4741 4774 4687 5005 5035 4712 4884 4996 4748 5303 4626 5075 4784 4841 4901 4712 4725 4830 4815 5381 5157 5379 5101 4906 4754
2920 3062 2716 2901 2327 2302 2295 2961 2857 2512 2556 2688 2465 2667 2863 2574 2965 2611 2676 2848 2343 3073 2860 2605 3099 3134 2471 2556 2551
6770 6558 6806 6819 7115 6764 6644 6954 6705 6980 6818 7138 6916 6660 6899 7013 6798 7101 7213 6571 6754 6674 6752 6582 7354 7078 6849 6745 7346
3818 3956 3368 3856 3739 3336 4008 3224 3976 3241 3271 3229 3361 3703 3710 4051 3681 4060 3770 3845 3948 3880 3935 3612 3839 3887 3289 3819 3974
4893 4808 4852 4764 4878 5075 4505 4325 4411 4582 4470 4634 5096 5141 5149 4451 5169 4562 4505 4616 5003 4398 5155 4436 5127 4419 4557 4761 4846
2048 2352 2003 2466 2035 2364 2215 1980 2446 2041 1631 1823 2366 1821 2159 1927 2377 2127 1969 1688 1676 2450 2112 1692 2474 2186 1858 1769 2272
1358 1748 1567 1768 1320 1466 2091 1530 1576 1326 1588 1369 1696 2145 1431 1854 1412 1548 1925 1313 1881 2017 1969 2096 1539 1843 1680 1370 1365
3858 3676 3557 3894 4051 3403 4019 3904 4086 3906 3813 3993 3954 3470 3702 3720 3680 3761 3677 3326 3696 3384 3303 3588 3505 4109 3914 3450 3733
4418 4106 4410 4039 4022 4120 4024 4423 4511 4442 4006 4431 4235 4376 4031 4086 4220 4580 4187 4414 4470 3928 3916 4323 3857 3931 4299 4207 4614
2937 2643 3260 3319 2879 3092 2636 2769 3425 3366 3019 2715 3064 2617 2718 2851 2718 2898 3457 3029 3365 3255 3103 2649 3447 3216 3055 2958 3005
1746 1875 1736 2384 2316 1515 1972 2085 1878 1908 2085 1723 2299 1912 1624 2299 1791 1596 1637 2032 2344 2349 1820 2231 1680 2398 1810 1976 1904
6716 6179 6204 6563 5998 6117 5984 6808 6568 6157 6877 6060 6174 6572 6138 6617 6115 6092 6043 6500 6742 6415 6550 6803 6083 6794 6635 6873 6567
1893 2187 2300 2323 2727 2333 2020 2235 1867 2267 2350 2330 2649 2040 2681 2339 1970 2630 2514 2459 2049 2633 2609 2200 2562 2642 2709 2626 2705
6209 6318 5569 5659 6179 6360 5862 5580 6404 5717 6214 5776 5736 5860 5905 5843 5627 6206 6259 6385 6208 6406 5537 5585 5540 5651 5663 6113 6404
3390 2578 2967 3113 3015 2626 3268 3128 3074 3387 3126 3260 2642 3373 3203 3039 3182 3080 3079 2640 3379 3316 3353 2768 3357 2633 2600 3401 2968
5205 5830 5204 5796 5293 5516 5765 5214 5706 5410 5198 6031 5897 5452 5504 6020 5297 5537 5414 5553 5347 5207 5318 5423 5206 5492 6017 5260 5189
5982 5811 6195 5568 5718 5668 6011 5794 5507 5597 6060 5980 5749 5522 5559 5783 5725 5593 6118 5628 6129 5603 5842 5550 5908 5846 6262 6118 6122
4106 4350 4664 4438 4787 4028 4737 4793 4740 4876 4342 4336 4707 4378 4036 4581 4302 4368 4525 4066 4116 4158 4071 4883 4423 4556 4871 4100 4448
3277 3027 3038 3603 2888 3499 3023 3407 3310 3011 2912 3035 3598 3746 2910 3701 3068 3416 3442 3257 3487 3393 3625 3673 3460 3031 3703 3451 2925
6685 7247 7109 6761 6883 6698 7072 6754 6776 7161 7428 7296 6578 7178 7246 6828 6645 6741 7334 6950 6643 7067 7253 7333 6988 6854 7240 7045 7383
6649 7276 7052 7120 7271 6826 7128 7305 6998 6509 7168 6824 6816 6959 6571 6745 7219 7168 7243 6554 6772 7283 6476 7206 7034 6918 6853 6987 7155
7849 3000 8464 6646 1245 6795 2087 6251 5120 2045 2293 8172 6725 5563 8111 3375 6160 3572 4617 8233 8820 5506 1831 7423 4359 2315 3909 7301 7516 7422
7902 2274 8155 5970 1171 6603 2174 5774 4614 2117 2136 8168 6848 5945 8010 2918 6288 4240 4671 7710 8121 5713 1458 7756 4709 2601 4350 7557 8086 7397
7579 3054 8662 6518 1677 7311 2691 5789 4615 1736 1794 8303 6482 6052 7450 2946 5463 4100 4383 7780 8085 5552 1359 7815 4066 2236 4274 7470 7537 7478
8180 2338 8521 6693 1406 6917 2233 6220 5082 1590 2124 7701 6831 6170 7530 2725 5811 4083 4974 8021 8786 5456 1563 7894 4359 2569 3746 6898 8192 7106
7804 2610 8273 6310 1260 7062 2479 6114 4752 1973 1647 8132 6496 6410 7946 2769 6087 4322 4954 8472 8215 5764 1364 7703 4100 2267 3898 7469 8083 7308
8105 2910 8280 6588 1632 6823 2566 6116 5313 1615 2340 8501 7193 5863 8189 2805 5886 3749 4765 8379 8545 5347 1712 7922 4400 2819 4458 7586 8126 6985
7704 2327 8546 5962 1623 6616 2043 6142 5113 2235 2102 8314 6525 5964 7948 2765 5983 4304 4965 8117 8478 5086 1891 7890 4079 2713 3903 7594 7853 7018
8179 2691 8104 6619 1288 7197 2335 5680 5161 1607 1858 8437 7073 5958 7392 2820 5778 3965 4723 7631 7964 5797 1498 7772 4512 2763 4176 7598 7903 7092
7701 2637 7922 6611 1341 7149 2821 5997 5368 2268 2187 8471 6651 5815 7739 3351 5875 4079 4361 8196 8551 5568 1607 7991 3952 2888 3889 7161 7539 6915
7754 2857 8211 6378 1818 7274 2653 6494 5064 1761 2366 8375 6902 5648 7879 2931 5838 4083 4695 7784 8268 5020 1067 7366 4720 2353 4196 7099 7786 6804
8152 2343 8386 6145 1275 7252 2844 5602 5081 2123 2023 7844 7282 5920 8011 3069 5897 3597 4962 8300 8693 5708 1077 7516 4212 2194 4332 7416 7925 7263
7579 2352 8670 6127 1739 7455 2927 6280 5375 2092 2012 8120 7158 5660 7907 2752 5890 4190 4964 8199 8102 5684 1371 7893 4604 2059 3789 7015 8239 7329
7993 2817 8456 6467 1674 7235 2902 6069 4838 2357 2003 8103 6502 5684 7588 2655 5722 3678 4396 8097 8555 5401 1868 7759 4060 2261 3702 7086 7997 6995
7739 2815 7815 6430 1763 7104 2901 6432 4526 1979 1955 7903 6784 5875 7579 3028 6146 3948 4928 8066 8432 5512 1414 7619 4504 2682 4281 6823 7940 7158
8104 3038 8453 6595 1561 6559 2784 5855 4855 1655 1961 7927 6638 6142 7630 2771 5924 4390 4852 7746 8555 5749 1715 7273 4227 2181 4285 6924 7754 6889
7534 2996 8646 6365 1659 7328 2686 5914 4789 1897 2254 7885 6817 6366 7777 2533 5812 4164 4780 8214 8642 5113 1078 7199 4390 2786 4457 7616 7980 6955
7464 3049 8494 6316 1633 7307 2414 6324 4895 2328 1614 8481 6636 6201 7866 2925 6061 3757 4792 7964 8490 5614 1418 7305 4091 2084 3866 7234 7724 7589
7491 2216 8543 6344 1035 6824 2652 6227 4774 2214 1613 8104 7195 5819 7719 2985 5891 3670 4962 7844 8426 5402 1416 7928 3958 2948 4166 6887 7849 7292
7683 2237 7891 6761 1584 7122 2468 5796 4766 1565 1645 7999 6828 6320 7457 3034 6029 4057 4941 8371 8356 5333 1102 7339 4077 2523 4378 7573 8020 7623
7699 2606 8236 6085 1281 7062 2804 5836 4555 1686 2472 7945 6640 5805 7575 2968 5652 3921 4986 8156 8407 5153 1107 7264 4343 2210 3756 7165 8075 6808
8004 2632 8348 6584 1672 7191 2090 6336 4679 1596 2486 8494 6602 5636 7860 3198 6019 3561 4396 8376 8317 5417 1888 8019 4553 2909 4399 7514 7938 7662
8016 2873 8329 6408 1066 7047 2914 5972 4522 1554 1971 8371 6814 5533 7478 2742 5990 3762 4411 8047 8379 5356 1394 7302 4492 2880 3710 6864 7447 7603
7848 3031 8645 6334 1144 7334 2674 5618 5314 2050 2472 8073 6432 5941 7973 3159 6270 4064 4947 8322 8555 5466 1105 7480 4416 2788 3902 7491 7633 7495
7890 2219 8285 6076 1130 7393 2347 6037 4674 2360 2006 8338 7208 5620 7942 2735 5713 4212 5206 7938 8414 5706 1269 7338 4085 2771 4089 7249 8329 7070
7717 2752 8285 6324 1603 7190 2125 6138 5232 2359 2466 8178 6758 5672 7307 2543 6196 3971 4679 8268 8217 5075 1616 7484 3932 2292 3690 7475 8024 7211
7547 3024 8531 6288 1820 6849 2202 5684 4575 1893 1829 7798 6792 5602 7860 3313 5928 4419 4810 7895 8440 4964 1634 7384 4070 2216 4530 6826 8308 6843
7506 2769 8173 6605 1462 7297 2768 6337 4763 1889 2506 8336 6739 5575 7440 2743 5774 4140 5251 7663 8006 5276 1158 7925 4503 2419 3835 7618 7985 7191
7755 2971 8202 6011 1176 6971 2851 6218 5193 1477 2252 8101 7184 5755 7684 3044 5651 4445 4609 8063 8471 5579 1942 7789 4764 2616 3809 7382 7605 7548
7740 2201 7812 6758 1848 6627 2694 5680 4729 1887 1626 8247 7222 6401 7735 2604 6211 4041 4921 7688 8029 5338 1669 7668 4807 2338 4447 7607 8016 7561
28 7 2 6 56441 0.9554859011402494
1 22 22 17 45020 0.9800835335420973
29 5 14 20 57781 0.9858854440462762
13 14 8 4 37661 1.0713196401840999
12 14 15 1 33875 1.0970596707413225
22 26 25 12 58326 0.9445979566720706
1 26 17 17 47595 0.916551401600342
22 17 19 26 27171 0.9241217283169164
19 27 19 2 49424 1.0345756094733403
18 4 10 18 44290 1.0929338162868416
18 3 27 23 55064 1.089390593181265
21 27 15 22 20731 0.950203438428824
10 1 24 18 69343 1.009883945810492
15 5 26 1 29047 1.0698372977606483
28 0 11 22 72269 1.0369690743762234
24 25 13 0 68074 1.0473633494134011
25 13 14 9 39828 0.91254656472501
19 23 7 14 48434 1.0434720164292104
15 0 7 27 73435 1.0428926039279423
9 24 4 29 34810 1.0238443513768787
9 8 20 1 37473 1.0326478812296909
26 6 20 22 48372 0.9341246182934622
7 9 18 3 31471 0.9472948924616943
14 19 24 0 55865 0.9238878607073161
27 22 15 18 23321 1.0709730365278491
0 16 0 6 33923 0.9480652616500849
13 7 21 0 30543 1.0075355030836721
27 6 15 26 60411 0.9155098323684494
20 16 5 7 54159 1.0713573501891351
8 6 19 7 29829 1.0829028469544157
16 7 2 16 45712 1.039432357164909
20 17 9 6 47078 0.9316615982172639
3 15 3 29 24031 1.0607526363524502
7 13 8 22 43471 1.0408479080021047
26 25 29 0 90283 0.954501362884655
26 18 14 18 41390 1.0668876773866924
10 15 20 12 38227 1.0350903857755853
7 29 14 1 85141 0.9874963046885606
18 29 29 28 60369 1.0662500322818365
14 29 10 6 55694 1.013135679600639
17 8 13 25 40708 1.0655486598426636
23 25 19 3 52721 1.052497686427078
16 27 3 8 58087 0.9607721250421549
7 13 28 16 80212 0.9941011559436088
16 25 6 6 58066 0.9088681736044869
1 7 12 29 71517 0.9572617392433332
22 27 3 19 50045 0.9450875371793195
21 1 16 24 53131 0.9463587573660073
17 21 27 0 65934 1.0687725931324255
29 11 5 23 75712 0.9866344724157022
14 23 26 20 27128 1.043451638813186
12 20 3 13 35931 1.0642414426595723
13 11 26 18 59064 0.9361418791200036
2 15 27 4 55268 0.9459496803206001
13 10 7 20 49083 1.097774422706174
24 8 8 13 52794 1.0279188032218183
4 19 3 28 22686 0.9744440635263296
10 24 3 28 26329 1.048571228525835
18 4 27 9 26737 0.936217717925271
9 21 11 29 32436 0.9752440057892713
27 15 21 7 35419 0.9870932038639739
4 13 10 9 26526 1.0701285641707825
3 17 23 19 46634 1.075187423349093
3 7 3 20 22888 0.9636123316879962
22 10 13 4 26521 1.0481724307148694
6 13 9 2 49553 0.9449669594980633
7 28 21 3 85064 1.0900671082510065
7 1 4 12 34727 1.0598500516927847
17 20 28 12 63289 1.0545677463156091
25 25 21 5 56406 1.0935791502521885
18 26 5 17 51523 0.9921064397286258
16 9 20 27 45520 1.0408267139466654
7 18 27 12 75714 0.9512375320960066
21 2 28 24 66174 1.0584473493125437
13 16 0 19 57536 1.0206691821402323
28 10 12 21 56642 1.0315039693950274
10 11 28 15 55724 1.0206018695445331
25 24 29 13 56758 1.0859687915683105
29 6 17 25 66780 0.9148701701138583
29 6 5 23 77662 0.9169259023231697
6 18 12 29 56273 1.0043575693496325
0 24 15 8 55185 1.0892645675082475
16 28 8 5 65643 0.9180393599781812
13 17 18 24 25237 0.9798784281466176
8 23 14 8 42634 1.094089700360954
13 7 2 24 55506 0.961221834482262
25 20 10 0 74224 1.0436369505264371
8 22 4 15 22834 0.9841954602947017
6 16 9 8 39783 0.9829862411759753
5 6 17 17 51479 0.9086314692491391
24 6 5 25 74074 0.9653434446806662
18 17 2 29 50980 1.0591098078322447
6 3 21 8 37706 1.0605895363522937
5 18 16 25 39788 0.9133845172674319
14 5 25 1 28299 0.9696575985434533
12 4 23 28 63106 1.0500726375321716
11 25 8 3 61874 0.993526420424455
17 14 1 14 56004 0.933155408168657
21 15 28 1 46363 1.0381934119869383
0 27 29 25 74695 0.9326083034621054
11 8 25 23 55528 1.0043732284123708
28 12 8 13 67591 1.0156865062556184
11 8 23 12 39027 0.9934225852143379
27 16 11 8 59985 0.9969244491387106
12 26 18 21 23782 0.9700875935022062
15 1 29 15 60210 0.9475544609170639
6 17 18 13 50023 1.009219996038333
17 1 8 0 31860 0.9312853043398965
3 7 9 18 45035 0.9725450962702382
12 10 14 20 23846 1.0969994735701483
25 28 5 24 66284 0.9916909060856611
0 12 22 13 68318 1.0247566779243988
27 2 9 18 68388 0.9148849056880857
20 14 11 15 31789 1.0652636890061222
19 15 28 9 28415 0.9867992879114839
2 18 13 17 38566 0.9037531357136552
3 25 5 11 33278 0.9237850739860859
20 17 25 12 35879 1.064547903094975
28 1 3 8 53948 0.9036616599894504
11 29 11 1 79577 1.047400234288395
10 18 17 6 42277 1.0424439887239358
27 27 3 15 63905 1.007163381491451
1 28 23 13 75355 1.0265624528624802
17 20 0 0 78825 0.9328613241959528
27 2 19 0 25560 1.0319580254639296
19 1 15 23 43363 0.9303931138331861
26 9 11 18 54251 1.0802351741718847
5 21 25 24 43972 0.9350474664737932
3 17 17 0 55244 1.0475839943080427
6 23 27 19 45114 1.07412840378093
8 16 28 25 65233 1.0242598234565687
16 26 8 12 59677 0.9471534325590796
26 6 17 15 39236 0.9760330781842174
2 2 15 10 32633 1.0937313003770097
1 24 26 14 70876 0.9329300275137367
8 13 6 5 45092 1.033427126373216
12 10 4 3 32143 0.9559397803670692
14 21 12 3 40927 0.9446680289235477
27 5 13 15 43314 1.0092513361785513
12 26 7 12 64415 1.0307776321024236
17 17 0 0 67168 1.0954283599139092
15 17 25 16 37871 1.0652490970043202
23 17 12 4 49364 1.044844619277824
25 10 17 13 29803 1.0887332568361083
13 16 27 27 53825 0.9773413565565128
18 1 14 19 42053 0.9524419291459989
16 9 23 18 38908 1.0657203035289107
25 9 15 11 22227 0.9606459982486244
22 29 4 19 62563 0.9708403450487993
29 15 9 20 63664 1.0154582055152934
17 29 10 6 66230 1.0237576513024171
5 25 20 28 49513 0.9280215259908706
4 3 19 29 69187 0.9078143667355253
2 24 28 18 57409 0.9099136736046978
2 16 22 0 64275 0.9188022760909244
18 21 26 8 46821 0.9276248854174941
10 29 10 15 38366 1.0454763675778371
12 3 0 1 29551 0.9534121935748162
27 11 3 21 67912 1.0601232144178492
8 10 25 14 54180 0.9046825348558544
16 25 4 13 47660 1.0329548189830284
3 9 21 24 53225 0.9785221681631664
1 9 20 2 48202 1.0863550283905916
24 24 14 24 26233 0.9576204049398991
28 20 8 1 83209 1.0288771738280025
18 23 16 1 44582 0.9220642889071912
7 7 28 16 80060 1.023937767828576
0 27 14 3 73898 0.9324474570258032
1 29 28 16 81247 1.0102573421289347
23 7 4 7 47458 1.0719439337825118
19 20 1 0 69312 1.0164256667785638
23 26 9 0 76420 1.043924505819014
24 18 3 21 47615 0.9661967891306757
26 10 15 6 29351 1.0979762526437247
28 5 16 5 27540 1.0859526026433843
8 22 12 8 41591 1.0913861424107825
11 14 28 4 53908 0.9137596995276175
17 22 29 12 62113 1.0501676484255584
18 9 23 26 44769 1.0014380270321164
25 29 7 25 66392 1.06433280949199
4 24 1 17 21982 0.9198330289819295
23 1 3 7 42424 1.0702219640720183
21 23 14 16 24620 1.0719479592871533
28 20 3 19 54186 1.0744370156776704
22 8 28 24 57538 0.9653525044287814
7 24 2 0 57996 0.9064308635930329
3 17 28 21 51948 0.9158134267949091
0 27 18 17 61827 1.0452936411854288
29 27 1 19 77668 0.9667374009092443
11 27 14 14 41785 1.0264309074033529
12 16 22 12 44312 1.0108037263955678
2 10 19 14 41517 1.083770030056119
7 13 0 28 63394 0.9843317140031499
22 26 16 20 27734 0.9775196191184288
29 0 26 22 78045 1.0935148243892863
28 28 6 27 82005 0.9101715993632239
19 29 13 14 41731 1.0645691084373827
25 1 29 20 82994 1.0464876025625265
5 22 24 29 53878 0.9140514741960105
2 11 10 20 36920 0.9880127101063162
10 3 21 5 22504 0.9715725038468014
24 3 4 26 76294 0.9213688820504572
7 6 15 23 49602 0.9387716341841257
8 23 1 16 33384 0.9317989749426621
22 5 11 5 29961 0.992771922954231
16 0 0 7 47797 0.996613723069569
27 5 5 13 62596 1.057972399536226
2 17 28 17 66219 1.0487373766060946
19 12 7 16 47570 1.0389159368363594
14 17 6 26 40737 1.0392988900720692
29 13 13 4 59100 1.0550799960349484
22 0 16 5 27148 0.9290433490335605
13 3 6 19 63728 0.973094921324039
5 12 29 17 84563 0.9909372240881156
29 22 23 11 43481 1.038423221144105
23 16 9 29 62709 0.9617852653971111
17 21 7 2 61620 0.9779291441258076
16 25 26 14 51403 0.9032098618621168
25 25 17 14 44133 1.0277682964871186
6 15 29 2 77965 1.0167096820308688
15 2 0 26 67722 0.900388483027549
19 25 4 25 36529 1.054628062331447
16 7 2 28 60714 0.9912901985512091
7 22 3 14 20075 0.9833596965085571
16 18 2 14 45658 1.0927002787482916
16 16 6 1 50994 0.936647620430172
23 5 6 9 40149 0.910317755979406
8 9 26 1 49945 1.0575043609326331
26 17 0 19 77078 1.0483308320562943
26 15 0 16 81849 1.0776030966221042
12 5 14 25 46010 1.0859290443094134
7 2 18 26 71523 1.0380845300467172
18 11 27 4 27516 0.9471542617686364
3 19 28 23 48030 0.9461483571291702
11 23 28 22 31247 0.9753045251740062
13 11 16 23 32946 0.9196370328452351
5 12 27 1 65204 1.0331954246420032
23 13 15 4 34697 0.9789007131428848
5 8 7 20 49521 1.0178812685781444
13 7 14 23 37702 1.0710907954663553
15 16 21 3 30579 0.9936728387825893
26 3 10 3 30978 0.9182850392881171
6 9 29 6 55081 1.0498914534531214
25 22 12 2 55103 1.0548636546902879
10 17 25 20 46121 0.9444497542647329
8 18 24 23 44536 1.0476872398208879
21 20 1 8 60997 1.0319977555125064
28 14 4 6 77853 1.0149005383933445
4 16 7 29 56305 0.9379855253622296
11 9 25 1 40769 0.95309536155001
14 10 26 13 38174 0.9796897023082991
11 0 3 13 43169 1.0501845819669193
27 5 17 12 37435 1.0449016467773455
17 0 8 8 43875 1.0162850137824742
1 24 17 17 44350 1.0382137499276942
10 19 25 12 66369 0.9326151582490195
19 4 28 26 64134 0.9166226744952275
12 22 3 3 44551 0.997438746283868
3 25 28 11 78408 0.9534595529481946
1 17 8 6 36033 0.9268783574200471
18 3 2 16 47165 0.9414751765088092
23 1 16 24 57189 1.046011525356996
14 27 13 8 41379 0.9106221345696786
19 0 6 21 62006 0.9031929967638371
18 2 29 22 58310 0.9934442342694856
16 25 7 6 56023 1.0135134515738806
7 11 0 19 47860 0.9361407731706557
8 22 23 11 49951 0.9378780229660074
1 8 15 23 50275 1.0057171008900543
8 27 11 10 60625 1.03092954305396
15 27 25 22 22520 1.0558427860006088
23 27 2 23 46805 1.0647522059750825
18 22 29 6 56680 1.096697826947023
18 3 16 23 41515 1.0881332078007948
13 14 22 27 50293 0.9303319874783822
7 25 8 8 53393 0.9581260834563298
22 28 3 3 80111 1.092501798225313
28 22 8 15 50634 1.055523179747577
23 0 16 4 21463 1.0149409813577526
12 1 28 4 32018 1.0159071309462333
12 21 18 8 40246 1.0073228642584684
11 17 21 19 38591 0.9079480872872793
18 26 5 18 47725 0.9042917291117312
8 22 21 18 27783 1.0962448880565612
11 22 28 25 35927 0.9226879163846248
15 1 7 18 58825 1.041698912797432
5 27 15 11 54378 0.9369726453347578
7 24 27 17 57791 0.9449817512642643
22 24 24 14 40035 1.043311646187496
11 20 18 26 36123 1.057631094027824
17 0 6 21 63900 1.055153661109288
10 25 20 14 44177 0.9213470507497402
15 8 1 11 36276 0.9847943717727321
13 28 1 8 66622 0.9009116369713753
23 21 11 29 47808 0.9452093965548717
16 24 21 12 37786 1.0997045017371512
4 23 22 29 53948 1.0856110905104774
3 29 21 7 66694 1.0744823374854193
3 18 12 28 41041 0.9702607555151639
4 29 3 15 31137 0.9135968867991411
18 6 12 29 62151 1.0265413054238397
20 2 27 6 27583 0.9993861760187593
21 9 18 17 22980 0.917267419774589
7 4 6 13 37712 1.091722060033505
2 25 15 21 26664 0.9147873617502223
23 27 8 1 76892 1.0535947808306176
23 12 27 27 54102 0.9452535773809809
22 5 2 4 36166 1.079860308341111
29 4 4 26 78407 1.035575781660794
4 7 15 16 40933 0.9250834943625128
8 29 7 17 58673 1.0707708069050903
16 29 1 16 55411 1.0997296978686366
13 27 14 10 40792 0.9291511334945877
24 7 0 23 79316 1.084617157845939
3 14 4 5 19711 0.9762128676847484
17 24 17 1 51351 0.9608598838465044
27 1 17 13 48450 1.0937487509474297
6 27 17 27 46489 1.006724955609328
24 7 20 16 38518 0.9648129115966624
10 4 17 16 35094 0.9273894673134727
22 6 2 25 66178 0.9966380102186818
23 21 7 5 62119 0.9942132460406324
19 15 7 23 37381 1.0401834263688359
23 15 12 27 50408 1.0657175865670465
12 7 3 29 58674 0.9565180831202833
22 21 13 17 31382 0.9265021425100801
14 6 6 8 28540 1.0262651649020205
13 18 10 27 32610 0.9051606427131654
15 12 24 3 30266 0.9637130816332716
26 9 28 1 30655 0.97577043870235
29 9 14 3 38455 0.9240610268281559
16 16 27 19 42230 0.9926066453640832
9 2 19 10 35477 0.9079618949799082
29 9 5 27 83751 1.02937244605772
15 5 3 22 46315 1.0021333038068174
14 8 10 25 41615 0.9911549252473874
3 18 14 10 36398 1.0707445401903444
5 6 13 28 68423 1.0177700653040438
12 9 27 18 57260 1.0334070948169671
5 19 28 23 52455 0.9782515792356282
2 24 1 3 42055 1.0311348939086162
10 29 0 21 42772 1.0709978785336645
21 6 1 11 51451 1.0206301605290038
15 19 26 24 29192 0.9568173547717286
18 10 17 20 35478 1.0106585776958845
10 29 1 1 69253 0.9058269819776054
19 17 4 25 40756 1.059197875002414
5 11 12 20 49188 0.9555770687189188
22 12 25 21 41765 1.0987447555235135
13 8 10 18 34884 1.0797024769401131
15 11 7 18 42845 1.0753318516303894
20 25 29 15 47868 0.9968937905335906
3 22 11 10 36955 0.9511699493178609
4 25 23 25 45770 0.9063520363387729
0 18 22 5 68799 1.019160124761139
27 21 11 0 71941 0.9380947428549808
25 10 2 17 59108 0.9154877437824545
24 26 5 26 56738 0.9793588715816969
26 9 24 29 71776 0.9419336107724534
4 13 16 10 36955 1.03855917876575
6 4 18 1 27426 1.045309508143082
22 0 9 27 82684 0.9261124974740171
9 27 20 7 67452 1.016584557634265
6 24 16 14 42865 0.9238166833289991
12 27 15 19 25115 0.9298550841717087
10 27 28 25 50424 0.9862659884759402
0 25 18 11 58242 0.9304046946863486
18 13 9 22 34240 1.0035212217212348
0 13 14 26 53422 0.9297005360940103
6 21 19 20 28573 0.9817891151263505
4 18 14 5 47263 0.9765585499891634
21 2 29 17 62377 1.0254488956372292
23 7 8 9 35327 1.0473910622752576
21 2 4 15 52473 0.9706909537064204
9 12 10 25 42551 0.9402580656230655
20 18 18 1 40221 0.9869247111996675
20 28 13 14 47902 1.0993226195012022
5 29 14 17 52312 0.9398231652055064
18 11 23 20 40385 0.9100007534124703
19 16 10 18 35148 0.9207300818504301
24 19 20 4 52993 1.0633812855527485
6 27 9 10 56382 1.0147237271506397
17 4 25 13 42697 0.9613920660365501
20 10 12 18 36353 0.9559426647374961
24 26 19 18 30056 0.9545332255956422
5 13 3 27 34479 0.9308330388482965
28 20 23 10 50363 1.0270039610976864
0 5 3 20 38882 1.0902344065613419
9 10 11 27 56280 1.0057005116539415
17 0 22 20 62522 0.9512628273212185
26 19 19 2 61838 1.028858184512846
14 3 23 2 21181 1.0643341878319785
3 21 15 14 32868 1.0099229572386947
21 18 18 6 32941 1.0517888248370768
16 11 4 26 55052 0.9507695485231604
7 24 15 12 41833 1.0626017482956622
21 1 1 10 47304 0.9684534586579469
15 17 1 21 35412 0.955447542244859
8 27 27 13 80323 0.9778635454508655
2 4 15 18 42409 1.0432614944628484
9 17 6 4 44185 0.9754399799204401
28 27 28 0 101876 0.980763442267495
13 13 1 17 49170 0.9871728161236009
0 7 12 12 43334 1.0650247152071648
5 14 19 16 46648 0.9290454614491115
27 6 5 26 84461 0.9943986295459296
11 0 27 16 76055 1.0554920519179447
5 16 11 0 55583 1.0573635217589088
3 6 16 17 45228 0.9158836979031492
12 23 4 26 27744 1.0769215112987867
1 18 24 10 63484 0.9683968234288752
14 9 5 24 46666 1.0564476202083926
20 22 7 15 41448 0.9181256530492949
5 16 14 26 46265 1.0948209637827755
1 10 14 12 30001 0.957923125016026
11 12 21 9 31893 0.9616359564686279
5 16 2 29 35173 0.9697233266251027
4 10 10 23 35994 0.9063406049339698
11 27 25 14 68260 0.9313300641770001
2 6 25 27 84098 0.928135080277556
7 11 29 21 70077 0.949075518375531
0 18 18 5 59896 1.0275086318636613
17 8 11 24 47363 1.0278989346855831
19 10 28 19 53062 0.9768463010374094
25 11 18 7 28283 1.0941971243003565
0 20 13 10 56666 0.9966641449905312
13 2 29 14 74638 1.014345138853495
4 23 9 4 43774 0.9156953100220548
3 26 26 10 68067 1.0827759459644255
2 24 13 21 24305 1.066504576322903
26 6 23 18 44436 1.05305349347639
27 8 24 29 76975 0.965138522255992
3 26 3 11 25360 1.0757882900709417
21 17 0 4 59026 1.0640910566868143
4 12 22 24 58784 1.0357300518453787
28 2 12 1 45685 1.0067033913495815
11 8 3 6 25975 0.9102750733087362
8 2 5 26 64573 1.0439555061396222
12 10 19 4 21139 1.0230866586810727
26 17 0 20 75394 1.0538503336218215
28 22 17 14 37211 0.9473114886608784
1 11 19 20 56824 0.9387151763560153
28 9 1 10 53671 0.972876408495324
26 9 5 8 44991 1.0568903069495121
15 21 6 11 42183 0.9706451962117238
17 16 22 7 35012 0.9918548146202608
29 17 6 10 73892 1.0308958113618467
29 29 25 2 105172 1.0030180584746926
5 4 17 28 68113 1.04516130565035
14 23 29 17 45493 0.9200413567283818
12 4 15 26 41933 1.0127149423795694
27 1 21 9 29075 1.0844599746409427
11 20 18 17 38825 0.9219016084032574
14 17 16 2 33723 0.9083320527498574
26 4 4 22 61699 1.0584158301280524
9 14 15 26 41229 0.9583763739269088
16 23 11 28 35875 0.924173879948886
21 21 6 23 29434 1.0260617374603063
2 24 23 8 62209 1.0028172936430244
1 24 9 22 19233 0.9948149625502779
18 18 16 29 35835 1.0627534690603035
0 20 29 12 102517 0.9909251868502282
20 8 15 1 23437 1.071367216658868
14 1 1 0 39139 1.056931574071689
5 24 27 19 49828 0.9871612264194601
12 6 13 25 45756 0.944599901578172
6 25 8 9 44003 1.02367475929649
21 11 19 0 25406 0.9861648936480142
21 2 29 26 76157 1.067230332713075
8 20 13 1 64139 0.990313782556623
29 25 5 10 72883 0.9388901346050562
17 23 0 20 45546 0.9350475541625101
10 2 4 22 47510 0.9837249408834167
7 27 12 6 72795 0.999372964389416
17 3 1 4 28559 1.0900430422841016
11 11 1 23 52695 1.0806404480438057
15 4 28 24 57735 0.936533215455065
3 1 4 20 40858 0.9141293085649174
1 24 9 20 28788 0.9027435979705551
9 3 16 11 29746 0.9961172665821035
23 19 8 8 62260 0.9873931453706685
14 5 15 16 21754 0.9231299712684837
15 8 11 16 29350 0.9761093268430487
22 12 4 23 59070 1.0874703431661294
7 13 26 3 64458 0.9179205543825794
8 4 24 26 67367 1.0527901625996983
5 12 28 20 79506 1.0433988711139417
2 23 24 19 49367 1.050041053139859
21 23 20 9 32889 1.026206499152955
28 2 6 10 59708 1.008229955709445
29 17 7 2 90442 1.036059232053959
21 21 9 25 29004 0.9577518040914905
2 4 6 18 39805 1.0074476017470977
20 6 7 26 68545 0.9542983238054455
26 12 9 14 59715 1.0471284121265643
4 24 7 6 43864 1.0275631737229243
26 0 11 27 88240 0.9761455079159701
2 0 22 0 51646 0.9461992347794241
29 9 19 8 20629 0.9730064954466239
5 1 20 23 70359 1.0379232594099639
21 9 27 1 29075 0.9429209052258325
10 17 16 3 42905 1.0760511750779231
15 11 18 29 43936 1.0291131791322647
11 18 16 7 42065 1.0567502151055748
8 21 14 2 52678 1.0092084611002412
16 11 4 17 46392 1.0396652149697319
1 4 3 27 41149 1.0203082301379043
8 26 0 4 58863 0.919723409311339
17 26 5 18 45803 0.9812873516876826
12 6 13 26 49541 0.9579990876787614
10 27 3 12 41367 1.0449858123529316
7 14 14 19 35279 1.0067831827736542
19 3 7 22 49400 0.9183278215850058
11 16 3 7 40661 1.04968611982452
22 13 16 6 31880 0.9051287229013397
5 27 26 28 75112 1.0891554797420608
23 10 23 21 34003 0.919634953049524
6 0 10 10 39696 1.0365413899716471
14 6 9 20 47553 0.937103068066881
1 17 13 1 53546 1.0161561717277485
2 23 28 6 77401 0.9682857868807326
20 8 27 13 31207 1.084016690820248
28 0 3 1 59665 1.0245408633795972
26 7 12 15 48748 0.968109352108763
12 26 27 11 65040 1.037170217004502
4 7 20 20 65381 0.9116694011628061
23 5 3 24 64660 1.0222636389718331
17 20 29 8 61490 0.9145704560765595
17 27 15 8 41785 1.0759133357448776
21 0 1 23 74124 0.906274418765313
19 20 21 7 28290 1.0050351257788102
23 24 29 14 47781 0.9700253737873394
0 5 22 28 90535 0.9576769466592442
10 19 20 15 37739 1.0168271692914577
15 24 4 14 40920 1.0410481302906653
8 11 11 27 65159 1.0967152411353378
22 24 6 25 44036 0.9790976714737885
26 15 6 2 71696 1.0825698741152388
18 9 11 6 23150 1.0238067373207445
19 7 29 20 58399 0.9093202904736614
16 28 29 0 86543 1.015910934321473
7 17 21 28 56480 0.931656246693451
19 18 5 27 49163 0.9567790293307067
17 23 8 10 41098 1.0577893983221496
7 29 2 15 53866 1.0469400191479408
10 25 5 3 55964 0.9045210384900503
14 10 2 0 38160 0.9168143178955251
27 12 1 28 88478 1.0819955009239661
15 13 5 6 36716 1.0271102656770923
18 2 6 28 84486 1.0834091321241544
23 13 13 20 49610 1.072741942064831
15 26 8 11 48825 1.0879990902061865
3 6 15 12 32526 1.0809581641482142
13 4 4 8 25978 0.9491321942601352
6 7 22 3 43866 0.9997953774541226
3 1 29 15 78379 0.9033932648905592
11 24 2 5 51348 0.9411711132919774
2 9 26 28 82717 1.037775478446675
16 5 10 18 43266 1.0187336118714725
4 11 21 10 38770 0.9129723032527538
24 21 4 12 58458 1.0524785740855953
28 9 29 20 54073 0.9671537803383605
10 1 24 1 37224 0.9268454070723674
21 26 28 15 44997 1.0796006546706727
28 2 25 22 69765 1.0320823357801356
16 11 9 6 28365 0.9158378824747063
25 0 9 3 45055 1.0136875883166239
0 5 5 20 52600 0.9234982538731061
26 19 7 11 70365 1.0302380467914372
20 29 7 5 73936 0.9044019445708927
23 27 9 13 62622 0.953991978484391
10 7 22 23 52469 0.9146004954331414
8 5 29 16 79550 1.0257227286873396
29 0 4 29 105269 1.0812437177617698
14 0 13 10 23394 0.9288241221244239
27 5 16 5 22369 1.062334038677419
7 18 19 29 50997 0.9614848831200149
21 22 10 5 47836 1.0399881083360376
28 19 1 8 82691 1.0789506880776434
9 2 3 27 56063 1.0375544291531948
6 1 27 6 50679 0.9031168978636851
4 0 27 26 89185 1.0247324936741355
1 3 20 8 45255 1.0139817799293636
20 27 28 19 46475 0.9565348977503233
8 5 27 17 73926 1.0588757853538282
18 8 22 19 40089 0.963525611450016
3 8 25 20 67394 0.9030088435723511
28 16 3 12 76542 0.9805890421061386
19 23 29 28 48876 1.0928514350706815
25 7 18 15 37491 1.0998845588945354
10 29 27 9 71321 0.9297198209978603
5 18 11 24 33630 0.9964843532250043
14 7 8 16 41211 1.0255450961911747
7 13 28 21 73089 1.0047205380188564
2 3 28 6 48032 0.9684191355879808
11 18 20 29 48988 0.9379807024190068
28 5 11 17 61577 0.9937364341798478
12 23 20 14 37100 0.9401524554048344
4 9 26 28 82789 0.9384930009277617
29 21 19 20 26758 0.9391104568483979
19 21 28 18 31708 0.9891445362807231
23 15 25 27 47867 0.9563089668996436
21 2 7 28 87364 1.039667212913225
16 21 14 6 32582 1.054316465855647
15 1 5 22 49791 1.0701664889098021
17 14 29 27 64167 1.0364719947515977
4 29 14 18 43271 1.099883957539692
27 10 16 21 48609 1.0587112689865708
6 1 10 19 58510 1.0558382495239906
23 2 7 11 49282 0.9059996770368651
22 4 2 15 48109 1.0667365908506092
10 19 12 1 52693 1.0148450948156533
7 16 24 24 60966 0.9204992729516936
9 26 21 21 33981 0.9839692933308364
21 4 7 23 56671 0.9409927048866868
14 24 19 6 40667 1.045516740657333
27 25 19 4 57294 0.9718873343848143
26 0 13 9 43450 1.0271967532457782
4 1 17 5 32904 1.0103070711997622
24 26 9 27 51658 1.0935532809003499
25 24 28 14 48236 1.0731512508143544
2 23 14 22 19871 1.064426004371366
12 25 0 11 58438 0.9668936142095781
3 6 13 12 35691 1.0772640058831031
3 5 13 17 47968 1.0587901052563358
0 12 10 12 38662 0.9180367698205987
27 17 7 12 76244 0.9816175146025081
5 6 19 21 57470 1.0759599529492592
12 21 1 4 49840 0.9124171363261833
3 0 25 11 60782 0.9098372262059952
5 13 20 8 48777 0.9986933713885189
19 21 26 26 29156 0.9774642069461527
14 9 25 16 42878 0.935025198263107
5 26 19 4 66896 1.0561962836104781
0 15 15 23 39908 0.930175345564914
27 13 15 4 43620 0.9646250130142696
9 7 22 2 41139 1.00582767913539
1 13 20 21 53626 1.0763206140009844
22 12 5 10 44385 1.0911490623212916
9 19 1 27 41475 1.0361184302541449
14 28 27 12 63801 0.983454430068097
24 7 12 18 54914 0.9449611945691052
22 5 11 18 57137 1.017468488273897
24 15 8 23 50267 0.9304680226413657
9 0 29 8 64141 1.0039414421535773
12 22 23 28 33617 1.0934110273772075
26 15 27 27 43999 0.9215240813320805
3 17 21 25 42171 0.948797680487755
24 8 20 14 30848 0.9119130009306825
28 15 7 9 60382 0.9511681637817808
18 20 5 8 55526 1.0149161059405443
13 3 5 20 60738 1.065567546424303
27 25 20 16 39208 0.9635348643686933
18 12 23 5 26905 0.9030351369864883
10 1 29 16 78563 0.962309173956751
12 7 1 0 39964 0.9125619006335448
19 23 12 15 27238 1.0546941516006703
12 26 14 9 39775 0.9547596480476496
17 4 5 3 23076 0.9905554802358799
5 19 15 7 51686 0.9471523362182939
8 27 19 22 38732 0.9703910030995978
15 19 21 13 29103 0.9130120523462432
28 22 29 9 48282 0.918551550844207
11 4 13 13 29702 0.9162874513375062
17 23 17 7 41076 0.903060011280347
21 19 7 1 66573 1.099452654027869
14 10 26 9 24493 0.9911225487237032
12 13 20 20 45106 0.9911576182211004
4 1 4 29 56228 1.0817451677417314
7 29 22 17 71588 0.9642308268991028
6 7 10 13 29170 1.0353055353686818
9 18 18 17 38700 0.9811902817235341
25 22 20 16 25658 0.9406311782113718
28 27 0 21 71964 1.0008939578260514
10 20 25 19 43614 0.9935187276106853
5 7 2 22 35603 1.0260815614494039
28 3 25 15 49332 1.050729924677959
18 10 19 20 20643 0.9689284591009328
28 5 11 2 45510 0.9543695730000623
11 3 24 9 38479 0.9691965977265423
5 15 19 29 54555 1.0325783163304858
16 5 10 16 37690 1.0344141081437896
16 0 26 10 43414 1.0534638890291061
16 10 3 6 31823 0.9879073726677474
17 12 1 15 50280 0.9902849606463793
25 1 7 29 101723 0.9081581798896192
1 27 29 12 99103 0.9107869607066904
6 25 21 20 39417 1.0738318470893746
29 22 1 14 60570 1.0318269794340202
5 5 7 14 41241 0.9905531857503369
27 10 10 6 44721 1.0130038473840715
0 20 6 6 49888 0.9544156558758043
6 22 2 0 43111 1.020645102446922
23 26 20 3 60814 1.0695625707554266
18 20 0 7 67959 1.0070868300065314
5 23 24 15 52392 1.0006393063761778
3 19 8 10 25876 0.9158103948740554
15 14 9 29 46906 0.9796431312336076
29 7 26 19 56681 0.9670887647622424
22 10 5 25 61756 1.0821794823138482
14 16 4 2 47387 0.9506183942111972
14 4 27 19 57371 0.9397891456172893
29 20 13 10 57946 0.9735429722143232
7 27 24 11 81416 0.9304212089476946
2 4 8 26 56447 1.0045965611670942
27 0 21 18 53608 1.062183137867647
13 2 8 8 34621 1.077974405119197
19 26 4 25 38927 1.0851051518829362
28 29 26 10 73887 0.9036024733266749
2 10 17 2 41235 1.0093041114774195
25 11 21 1 35234 1.0354908551493534
9 14 16 21 36878 0.9693385103429499
21 28 27 19 33661 0.9675885425576315
4 13 21 18 56934 0.9831714098563917
24 26 13 24 36731 1.024427153867801
27 4 8 29 87017 0.9716171348781109
3 14 29 22 51488 0.9825584614175373
1 21 8 8 44138 1.067988618249549
17 23 24 10 41532 0.9564804904883564
5 18 16 11 54354 0.9107994570711279
8 3 1 23 52521 1.0004162153527334
8 23 20 3 60271 1.062688714912046
23 6 4 11 50712 1.0402236157497033
17 11 2 23 49639 0.9583798175502398
16 12 1 25 51287 0.9309582143828589
5 5 7 27 64914 1.090730906516986
16 6 19 18 30706 1.0177470063193126
25 28 18 23 41969 0.9820169686033365
26 16 12 23 49494 0.9426637653275663
2 26 8 13 47602 1.0272424367341022
6 15 1 27 37953 1.0587618198673148
7 0 27 15 80637 1.062267656101468
5 27 29 0 103853 0.9939146766588962
15 1 24 24 55285 0.937031469606313
7 25 0 6 48988 0.9961122029751731
22 2 12 27 70550 1.0315877901366277
16 21 20 0 53812 1.035139459661303
13 1 26 23 59522 1.0020865251188178
21 11 17 25 40491 0.9331509004075289
13 11 29 28 80635 1.066758755515609
22 10 3 26 59294 1.0796555477566634
21 9 17 0 27914 0.957464513630446
26 25 3 16 55539 0.9937057880298027
28 12 3 20 78296 0.9830282923501006
3 29 26 20 53398 0.9258191910490133
3 24 15 16 31179 1.0744485158373438
12 20 22 19 36022 0.9351818741787783
0 13 16 23 51054 1.0149800591429692
21 5 17 26 52469 1.0874208142381532
19 29 4 22 35417 0.911679270905792
10 4 17 17 36737 1.045125982002641
1 12 24 19 71533 1.0231860305064846
9 10 19 9 21354 0.9822674018731282
11 6 27 18 67980 0.9621796175030325
22 21 14 19 23338 0.9601501170148423
27 16 8 9 59432 1.0459111305489222
19 29 6 13 67834 0.9868914561328687
13 9 26 18 55638 1.0353095111499167
9 19 1 16 42349 0.9905854789962345
12 0 8 21 64219 1.0810149019483175
12 19 28 29 64271 0.9364743590876001
0 3 4 24 49739 1.0531221873556484
29 1 6 10 59705 0.9676035062060532
15 16 16 1 27471 0.9676801595676225
12 11 21 6 27628 0.9018769378873618
13 20 19 29 31363 1.0913954291089025
4 5 18 16 50137 0.9349941236134258
13 29 28 2 84448 0.9149390657477093
29 19 22 0 85349 0.9289913712452179
19 23 27 13 43411 0.9848329836435018
17 27 20 3 61947 0.937633590309797
20 10 12 28 53500 1.0096302297082302
13 24 8 0 68652 1.0228610889109173
29 20 24 0 85447 1.001043214146441
8 15 6 0 49746 1.094988903825281
12 15 1 1 51636 1.0415380250298292
29 15 12 20 58422 0.9067004517142799
22 15 3 12 54067 0.9623807252306598
9 19 14 6 47660 0.9320162992454897
11 17 4 4 46591 1.0468320021967672
11 12 29 24 71390 0.9815787748069432
20 5 14 18 39930 0.9979991363826337
10 14 25 4 43446 0.9229307466546993
29 26 22 19 45379 1.0315874361645085
5 27 18 28 50225 1.0458655851825402
15 24 21 15 28668 1.0904230961955113
20 18 5 17 53558 0.916220141557877
3 26 28 28 69793 0.9118859253612394
26 25 6 9 66847 1.0962792157198635
22 12 28 17 38198 1.046501600778126
25 10 16 11 22558 1.0088758477086137
24 8 16 2 33577 0.9526213640268787
14 0 25 27 76317 1.083047501378277
4 0 14 1 30492 1.0530213085752544
14 12 1 21 45573 1.0782024276558997
28 11 3 8 61199 0.9013376129679005
11 14 14 27 39870 1.0209134850290504
1 25 15 17 35932 0.9350163986776739
3 21 23 7 61788 0.9564942551352346
28 22 3 0 72196 1.0696221268421784
18 25 12 15 33515 1.0401955352102945
10 14 3 4 33639 1.0460877149175372
3 3 9 19 55303 0.9796075034190211
20 13 4 24 52857 1.0270674393027055
27 8 16 7 32794 0.9190358880879309
21 9 17 17 26650 1.0142843541366928
22 4 18 22 40486 1.0024570212923163
5 1 9 21 54247 1.0494742809195763
13 20 23 16 41714 0.9570649803146728
15 8 23 3 20594 0.9183888693166947
18 17 19 2 33584 1.0590048063021715
21 6 24 23 46119 1.040652610250726
10 0 6 21 61926 0.9669484908865462
24 0 24 10 36586 0.9086491241939866
6 15 1 22 23197 1.0348005589359381
24 14 18 4 41442 0.9222488025171796
18 8 23 19 40870 0.9210372491214287
27 7 13 28 72855 0.9063409318326671
28 7 13 4 36041 0.9523265826339848
26 22 28 9 45611 0.9355625800906939
10 14 14 7 24836 0.9397494230209554
13 17 4 0 58284 0.9966150552019475
22 8 9 28 70840 1.0775356602144541
7 9 25 20 62472 0.9532105604005943
16 7 14 24 36044 0.9651762108242558
3 26 18 10 50720 0.9736451316100129
15 26 23 23 21308 1.0561928616706187
2 19 14 5 45424 0.9199857681548108
24 29 25 5 82623 1.0984355698173864
21 26 11 29 47454 0.9086445424724642
20 12 18 20 29588 0.9929261157108502
17 16 6 20 45040 1.0457039247838675
13 23 23 28 36904 1.0692922817007464
26 29 15 7 69851 1.0688419516413203
25 4 16 6 19261 0.9335206822330879
18 4 16 26 45719 0.9060207329202445
19 0 13 10 26877 0.9051935163153001
29 17 13 3 72822 1.038241311828225
2 22 15 17 28190 1.0939636459806552
21 3 20 26 52526 1.0574093212411544
16 15 5 7 40201 0.9512180138584936
26 10 1 15 60803 0.9062024640961513
25 12 2 22 72118 0.923521595583186
26 1 2 13 62387 1.0900520432738339
1 0 14 10 45149 0.972967716933892
3 23 12 20 22433 1.0423604471684318
9 6 7 22 48255 0.900927340861818
1 20 21 7 67445 0.9658476187182626
26 12 3 10 56084 1.0539214331414364
13 27 2 5 64546 1.0053004069777682
1 4 15 25 56320 0.9123545271703012
10 7 11 21 43294 1.0178477385633127
29 24 25 6 72138 1.0827474721476438
10 29 16 16 42629 0.9613573952816419
23 29 15 8 54669 1.0019868182182505
7 24 26 17 60871 0.9732045169124275
20 9 10 26 50042 0.9722955103409491
2 20 28 15 66055 0.9645297170085934
17 5 2 6 31038 1.0227358646119216
21 22 25 13 38854 1.065966896816703
19 0 3 28 71449 0.9742286675647471
9 8 1 3 32546 0.9249169552506149
17 0 26 19 72401 1.0242215887617079
17 20 15 28 21391 1.0956160267581152
13 5 9 19 55358 0.9421159727471218
26 27 24 6 73651 0.9800960222895442
23 8 22 18 32345 0.9097976166276267
7 13 25 14 70363 0.9488095996200524
0 19 10 12 53061 1.0714466974367691
13 3 24 16 54985 0.9987923318124562
5 22 22 1 63255 0.9554043118505353
29 17 20 20 46656 1.023637540942155
0 6 22 25 69959 1.0411313721652244
23 20 22 5 50634 1.0977881877107976
17 16 10 26 39968 1.0430475774741994
9 17 2 21 31204 1.0878363343112427
16 3 15 12 17819 0.9018196684619576
10 3 15 22 40401 0.974359541541685
24 24 14 0 60371 0.9843588376012486
9 29 15 16 43621 0.9731817922694289
11 25 19 15 33849 0.9461661835162524
0 3 23 8 53973 1.0438346389883
13 18 7 9 37300 1.045980568935791
15 1 28 25 64130 1.0519248149473617
3 16 27 20 51339 0.9411931789996076
17 23 27 29 41473 1.0791769658399482
12 0 4 21 61638 0.9669652458917922
3 8 10 0 27807 0.9634376721050595
13 29 25 12 75640 1.030391587137096
9 28 11 3 75000 1.0098090053771358
1 11 3 23 30425 0.9646193098002633
28 2 16 17 56900 1.0402625771206069
15 3 11 25 46043 0.9583531741764719
22 26 22 15 33059 1.0768561162857782
21 14 1 25 54532 1.0996048952341761
11 11 6 6 29318 0.971736481276018
3 20 8 6 36142 0.9615500504898286
27 19 5 25 53844 0.9225973358489814
1 7 9 2 30916 0.9812106487762544
1 27 17 9 61450 1.0779848462162565
24 4 28 11 33703 1.0117360398425328
26 20 24 10 46870 0.9578103029182949
3 20 5 1 37020 1.0678190151908205
21 13 12 21 38201 1.0957955977003326
1 5 16 22 56417 1.0370021897314854
14 17 17 9 20855 1.0965062613863261
14 17 17 3 31944 1.0468078982063065
2 4 24 13 60374 0.9378415514461577
22 4 27 21 53948 1.0839533453049854
11 3 27 16 66736 1.067266822062136
22 14 15 7 33363 1.0338921990141667
9 26 7 6 63035 1.099639651619793
24 27 14 21 36633 0.9352536196208834
0 23 7 17 37933 1.0689460299560836
28 6 7 19 86966 1.0529451148038549
2 9 25 3 47193 1.0619466116905096
6 27 28 22 56148 1.0203410566260982
11 12 14 20 33703 0.9925749367079829
5 27 28 18 70160 0.9011215891053171
20 18 8 21 35522 0.9482220424032639
5 13 4 0 37271 0.956731699152734
1 24 12 9 49122 0.9026851693211354
22 5 3 12 47955 0.9330663741275134
17 11 16 22 29131 1.0103444135101165
15 4 3 22 47635 0.9860755325272771
15 9 14 20 22414 1.0678842827884725
27 12 6 27 88224 1.0868834340410853
12 11 29 3 45732 0.9707138147957012
17 7 25 18 55399 0.9831314548187222
22 4 24 22 46147 0.9695296912673043
14 0 9 7 27289 0.9423112016361676
1 0 14 26 70357 1.022513639987968
8 27 29 19 74123 0.9446984431543375
8 15 6 24 41578 0.9942323630069863
12 21 11 6 47093 1.0694159691020497
14 20 18 4 34724 0.9967241049032535
12 2 23 18 59668 1.0574379711531152
6 9 12 1 33987 1.0920641785567664
23 23 25 1 63004 0.9181559323165024
25 3 29 10 31866 0.9949102833859695
28 12 14 17 53769 0.9526396356618628
17 25 3 18 35148 0.9446083908115934
22 2 19 21 48263 0.9433426097786487
24 21 3 28 45293 0.9997559609118319
17 24 26 14 48874 1.0919323140654977
28 19 26 8 47531 0.962846128755684
27 25 16 6 56331 1.076498563714308
29 6 4 24 82963 1.0793041171591367
26 25 0 26 62164 0.9816740769438717
15 13 1 0 47841 1.0546798686236036
12 23 9 15 28404 1.0707567213459666
1 18 26 2 72802 1.0188546068449658
26 21 29 12 50307 0.926030524702194
28 23 28 10 51412 1.0357180514991895
29 16 16 3 64904 0.9665580416774121
18 22 28 28 40821 0.955447271887808
2 9 22 29 75590 0.9416793031701503
11 16 19 8 37360 1.0593084489537958
20 3 7 0 44913 0.9926923798388636
4 29 0 12 51386 1.0366249739533733
16 23 17 4 37161 1.0776589543041497
10 8 22 26 56300 0.9452989874945912
10 9 28 27 72734 1.001111439152341
2 3 5 22 36214 1.0472786557438076
19 16 24 22 18512 1.0288210111086928
19 10 25 3 25138 1.0145700811627647
29 26 1 2 99197 0.9835927611023124
2 14 27 2 59813 0.935327024459507
1 3 16 9 36781 0.9714876917180683
15 28 29 7 72764 1.0426598229924486
27 17 3 18 57854 0.9675560490165704
26 28 14 17 52417 1.0178125734339076
3 15 25 1 60964 0.9215593962514131
3 11 28 2 61827 0.9031288802667654
4 1 28 22 73205 0.9172277234743249
15 7 6 11 28453 1.0969135363382072
29 24 3 7 76851 0.9148159610497241
8 15 1 25 35066 0.9633942616156932
19 22 27 17 28166 0.9489742889870703
18 14 24 5 36320 0.956580582397386
10 2 6 8 31483 0.9566747126081843
29 12 19 7 40231 0.9401588717920144
25 1 5 5 44464 1.0975088216199962
8 12 18 11 36329 1.0072156957863336
13 3 8 9 26223 1.0441273165606073
11 7 1 18 46460 1.0394813654852222
19 19 3 21 31226 0.9247467174098793
5 17 17 28 58107 0.9224614451910054
22 2 18 19 50648 1.0320706712538261
14 8 3 18 39779 1.0864274386441701
14 16 6 27 48593 0.923586205806194
19 6 8 22 45267 0.9878424586940313
17 15 1 6 47691 1.0733946097861464
27 5 12 16 50020 0.9037750522111347
26 5 23 14 35960 0.922207708057853
1 12 22 1 58316 0.9360100097337757
25 8 18 22 43813 1.047156914321235
19 20 17 11 26262 1.0939303135556344
25 15 6 13 65873 0.9392227806114415
13 21 22 12 46314 1.0179215504416614
