4048 3325 2133 1582 1945 1453 3720 3219 2237 1322 3525 4609 2299 4167 2558 2344 1587 3734 4620 2576 2718 2894 3754 2291 4609 1539 1993 1738 4335
2293 4160 2319 4262 3558 4636 3696 4341 3839 5177 4200 4319 4878 2652 4675 2873 2940 5304 4421 2647 3534 3848 4255 3651 4855 5135 4074 2191 4843
4472 4401 5670 5509 2279 4796 4550 2469 2548 2272 5454 5228 4960 4143 2625 5237 2573 5462 4932 3885 3553 3558 4964 5471 3373 4899 5205 3767 3789
2568 4529 3290 2209 3623 1295 1286 2489 3829 1278 4001 1569 1832 4266 2930 2890 4557 3657 3304 3460 1425 4272 1995 2821 4618 4558 4134 2456 2102
4747 4250 6664 4402 5198 6606 6812 4989 4759 5138 5012 5642 7674 4475 4388 4522 5758 6287 7381 5001 7439 5480 5140 4287 6750 4236 4477 6927 4672
5065 5024 6485 7457 4805 4614 6224 5470 6980 5789 6732 7007 5800 6903 7497 6124 6254 5652 5506 5492 7132 6138 5982 5843 6352 6735 5083 5529 6682
3855 3229 3685 2690 4879 4148 3368 4113 2098 3722 4727 4441 2300 3487 3689 5170 2693 3738 2601 1903 4939 3181 2373 3102 3881 2770 4103 4672 4915
4245 5989 4756 5908 2811 4816 4316 5856 2879 5464 5467 3560 3650 2885 4033 5664 4145 3662 5778 4187 4708 3082 5661 4520 3546 4836 5726 3090 4253
5926 5613 4604 4627 5089 5174 4982 7565 7760 5221 5806 6375 6758 7276 6100 6178 6108 4781 6791 6910 6203 7398 5971 4981 6211 5449 4340 7250 4473
4799 6652 3427 5494 4798 5238 6412 5182 5931 4969 4058 5754 4713 5569 6204 4443 4238 5102 3618 5911 4573 6878 4286 6279 6469 3803 4562 5895 3635
4528 3455 5124 3997 5931 2946 3942 5928 4857 3907 3927 4203 4983 5751 4566 4528 5492 4210 3709 4190 5367 4854 5316 5415 3249 3352 3917 4003 3297
7940 6587 6406 8366 7082 7914 7600 8266 6064 8330 7173 8108 5777 7166 5909 7118 6471 6890 5384 8575 6028 6729 7248 5764 7785 7847 8811 5782 5793
5244 4795 7492 5140 7858 6019 5450 7521 4797 6651 6289 7047 7656 6708 5859 5617 6634 6270 6221 4497 6206 6792 4560 7568 6941 5047 7004 5070 5464
4903 4800 5036 5626 2752 3799 4809 4059 3538 4252 5180 5017 5596 3245 5289 5738 5791 3516 5615 4355 3497 5779 3667 5305 3237 4282 3170 5921 4901
4348 3208 4924 2277 1976 2146 2914 2060 4130 2332 5208 2129 3459 3485 3994 4700 2660 3160 4049 3639 3981 3344 3796 4907 4360 5072 2411 2152 2043
5931 5626 8084 8314 8578 5844 7282 7097 6724 7134 6167 8184 7080 5584 7243 6839 6311 5694 6274 5616 6679 6801 8438 7224 6995 5767 5731 5691 7004
4172 2599 4024 3460 2602 5252 4509 5796 4453 5502 3964 5136 3768 5393 4951 5629 2639 2852 5541 4867 5175 5631 4953 4419 3199 2994 3239 4182 5367
4701 6439 6255 4851 4664 7766 7648 7342 7165 5678 6971 7221 4337 5306 6975 4345 7003 4422 7388 4747 4440 4650 5684 4693 6870 7012 5083 6163 6948
4713 2920 4523 3589 3137 4910 4875 3769 3398 3113 2061 4853 3632 4258 4088 2226 4175 4369 4443 3118 4039 2586 4922 2595 1442 3649 4723 3754 1619
4828 4061 4940 2333 4617 2907 3813 4925 2456 2027 2827 2451 2521 3106 3580 4291 5399 3812 2670 1963 2277 2183 4923 3038 4710 2393 2130 4208 2576
4483 5324 4868 7025 7677 4546 6798 5957 7036 5389 5783 5264 6952 4818 7004 4397 4286 7571 7183 4335 4368 6910 7640 6260 5786 4810 6095 7439 4209
2460 5546 3436 4631 4024 2429 3928 4440 3253 3367 4936 2807 4852 5108 2924 5373 4121 4896 3370 3669 5495 4773 2980 2537 4414 3622 3441 3594 5048
3136 3737 5396 3929 3944 2431 2434 3146 5256 2868 3231 5122 2322 3147 4808 3448 4719 4220 4971 4677 2168 4133 4261 2833 3778 4242 3135 3967 4288
6894 5605 7071 4899 6205 6447 7618 6065 7785 7805 6561 4758 4828 6850 6584 7158 7194 4948 5863 7717 4915 7386 6160 4807 7898 6732 7257 7902 5085
5912 4732 5227 6671 3775 6478 5225 3824 3486 6642 4243 4783 4682 3891 3865 4873 5953 6753 4606 4096 5106 4369 3524 3610 5703 6006 6310 6416 3330
4229 4921 5362 3234 4762 6232 4359 5057 4444 5498 4139 6555 3679 3156 4239 5249 5609 3660 4319 5414 6268 5983 3898 6172 4056 5934 5010 4531 3555
7710 7108 5402 4931 5173 5039 5992 4551 4677 6495 6058 4781 6128 4813 5478 4581 7677 5363 6938 6858 6676 4339 4414 4417 4610 4738 4438 4696 6158
2038 3261 3351 2985 4645 2596 2500 2420 3302 2351 2154 4967 5014 2317 2051 4072 2779 4031 2791 4350 2804 4556 4970 3577 4714 2610 4907 2819 3956
6237 5584 5661 4563 4421 4459 2984 5723 4628 4171 4985 4768 3389 2909 5989 5559 3680 5239 3037 3493 4789 3678 3344 5071 5929 3611 5432 5790 4453
6047 6145 7632 8033 5434 6241 7386 5182 5570 6235 7497 6811 7927 5518 5511 8294 5023 7082 6535 5430 7029 5831 7865 7816 5565 5681 6888 6012 6083
7040 3084 7829 4590 4043 8003 5678 6838 4242 4083 8198 4423 5843 5935 2972 3022 4361 7062 5899 5529 5838 6170 6027 2554 5314 2130 5494 3364 3440 5641
6714 2097 4657 1535 3640 4971 6126 4559 1966 2407 8279 4472 3489 5426 2772 2417 5315 7841 5517 8108 3268 6228 4384 2773 6838 3542 4594 3324 2904 4922
6959 4660 7250 3117 2544 6756 5589 6196 2602 3191 7162 2915 5410 4351 1539 4745 4640 5187 6542 7910 4293 4843 7153 2830 4520 4694 4204 3037 4044 6919
6185 4170 6806 2005 4924 7088 4722 5595 3445 4131 5832 3117 6650 4895 3830 4605 3834 5914 8225 7447 3973 6658 4852 4988 4706 2188 5598 3810 2943 4468
6830 1355 6695 4875 3084 5259 5700 5594 3542 1692 7659 2931 3483 5826 3201 4493 5010 4720 6156 5957 2702 4553 6909 4828 4225 1898 4806 2295 2758 5805
7671 2608 5042 3324 4141 5727 4777 7475 4570 1347 8190 5583 4359 4026 2444 5300 4631 5357 5862 7860 4411 6258 3965 2092 6530 1907 6496 4015 2902 5879
6176 2816 5627 1869 2422 6389 4785 5680 4836 1708 5955 5583 5400 3718 1854 4736 5372 7902 6757 7070 5019 4769 4172 1663 3913 4956 5286 4025 4230 4519
7440 3100 4925 2057 5004 7419 3973 6608 2395 3479 7193 5237 3856 4387 1868 3763 7015 4656 5212 8286 5690 6706 6816 3193 6002 3593 6885 3233 1607 6826
5703 1471 7384 3933 3445 7690 4779 5824 3171 1106 6045 3355 3699 3091 3461 2621 5588 6147 5512 7434 5441 7181 4803 1663 4083 5044 6108 4745 3637 5379
5828 4125 6962 3944 5007 5182 6089 5418 4023 3551 8081 3014 3724 4353 2278 4861 6473 7366 5853 5862 3043 6372 5792 2263 3715 4774 6242 2946 4111 5723
7820 4543 5584 3239 5015 7345 6702 5095 3815 1446 7510 4429 6461 6029 4441 3912 5885 6629 6801 8024 3880 7381 5552 4248 5440 3152 6844 3553 1770 5629
8565 2177 6687 4510 3037 5548 6176 6151 3299 3073 7945 5740 5279 3827 3118 3963 6222 5953 7042 5904 4264 5042 4246 2726 4524 5141 6662 1829 1698 5824
8576 2144 5978 3066 5464 6354 4383 7567 2491 2751 5644 3447 3711 4978 2133 3225 6695 6508 7151 6141 3807 4673 5174 3369 3587 2187 6870 2254 4186 7732
7488 2482 6122 2545 2993 6237 4705 5362 2695 4431 5845 3998 6278 3157 2636 2719 4532 5719 7278 7718 2809 6225 6696 1895 6689 2678 5277 3632 4451 7259
7898 1620 6297 1513 2566 5797 4895 6077 4973 1183 7291 5339 4660 5371 4648 2112 3960 5942 5895 5806 2753 6396 6168 3122 5390 4148 5313 3233 2106 6576
6532 3213 7706 1588 3028 6500 4802 6024 4404 3934 8171 4518 5223 5036 2488 3870 4858 5664 7990 7694 5021 4955 5844 2387 5466 2755 5327 3408 1924 6144
7360 4333 5221 4027 2747 8019 4612 5540 3164 2975 5927 5782 4346 4858 1968 2802 5560 7644 5228 7485 4532 7367 4622 2626 3883 3952 3747 4657 4397 7475
5748 2436 7239 3264 2659 5185 4907 6678 4649 2670 6458 4140 3736 2940 4635 2652 6596 5628 8110 5719 4546 6156 4561 2877 3636 3531 5249 3759 1660 7307
7505 3299 4700 2456 3367 4757 5923 6708 3570 3540 7377 4499 5135 3760 2702 2196 5551 6796 5598 6794 2998 4027 5625 2312 5301 3678 6844 3200 3947 6998
7112 4096 4664 4647 4427 6130 5497 4949 2260 1192 5849 4213 5159 3625 4484 1962 5722 7807 8028 5382 2770 6420 4699 3098 4843 5163 5483 3164 2426 4897
6382 3103 7431 4309 4117 6103 4997 6724 5036 1937 8458 3709 5617 3161 3366 2367 6634 7083 5865 5223 4251 5711 6769 2353 5814 4096 6889 1459 2412 5326
5528 1798 5492 4718 2731 5934 5233 5767 3617 3406 5451 5168 6744 5572 2507 4609 3750 6721 5218 7758 5389 3946 5918 2207 5366 5302 6795 4400 3710 7327
7758 4304 7596 1542 5838 7734 4033 5641 2546 2313 7933 4773 4622 5024 2639 2372 3709 4951 5804 7446 3462 4586 4022 2814 6157 2274 4828 3904 1540 5449
7397 3716 5674 2349 5427 5525 5167 5878 2379 4326 6478 3668 6483 4085 1707 2725 5707 4482 6823 5541 5575 4979 7140 3941 6194 3675 3931 3221 1877 4417
5465 2237 4729 4913 2623 7588 6608 4943 2325 4228 7432 4305 5959 3668 3051 2281 5538 4762 6640 5277 3323 5617 6054 4737 5956 5123 4055 3182 4537 4513
6516 2554 5176 3677 4042 7137 4633 6638 4365 2524 5748 5314 3522 4751 2667 4874 3646 6659 6728 8024 4195 6158 6230 2950 6114 5212 5119 4193 3000 7635
6812 2216 6616 1840 3253 5255 4683 7462 1768 3840 5696 4106 4105 3598 2616 3295 5056 7866 5639 8505 3264 6549 3968 5001 5122 2609 6708 3127 4572 5937
6738 4420 4667 2387 3698 7080 4837 4583 4667 3840 8087 3293 4826 3160 2924 4965 4900 7329 5104 5220 4985 6199 4711 3431 5176 3591 4088 3429 3255 5146
6667 4231 8109 4308 3626 6118 5632 5260 2358 1520 6422 4152 5658 3679 1627 2840 5469 6854 6016 6482 5433 7166 7148 1837 5704 3240 5774 1476 3943 5280
1 19 22 3 103477 0.9485791876283217
22 19 9 6 89157 1.0451766377468679
29 15 20 27 73629 0.9074927488403025
22 25 11 15 65326 0.9125378188828779
6 15 17 26 67486 0.9461241498543138
9 9 3 18 40443 0.9579889962785963
11 18 18 1 82884 0.995061811472987
26 3 3 9 80893 0.9306331562208373
23 9 2 18 82247 1.0662748251596994
0 25 15 28 52057 1.056487061969746
3 28 13 22 46916 0.9222371124656238
2 5 16 19 86502 0.9013890539346666
24 8 20 24 66835 1.065532264268889
23 27 8 15 86807 0.9836697961119247
22 3 0 17 94892 1.006196083405586
15 17 24 4 71313 1.0637062573466998
7 20 8 8 50472 1.0340655358305115
8 29 22 19 75500 0.9444829039755989
15 20 28 2 97257 0.9140064740756805
20 26 27 12 72913 0.9507252796383168
18 26 24 4 87247 0.9313709229303019
18 22 7 16 63754 1.0430512529291223
2 15 27 24 107235 1.0389473509454308
16 16 1 20 71635 0.9821775447905297
8 5 13 25 100142 1.0564067557131571
27 16 5 29 114249 0.9602024570504596
3 22 12 27 42631 1.0370441479413863
16 16 3 9 59815 0.9153158578927539
23 23 26 0 98157 0.9226597802595062
14 16 0 1 81850 0.956399478865861
17 22 17 8 58773 1.0133218668554425
23 27 3 25 70173 1.050213672994528
0 21 28 8 111194 1.0045213352323785
26 28 29 0 112164 0.9574643585336516
18 5 17 28 83023 1.0006600251623912
25 20 12 23 49168 0.9569965737583522
1 12 23 25 102490 0.9917736469425145
28 25 28 12 53152 0.9484613645608422
0 12 6 20 43018 0.9865006249964855
6 24 11 3 88404 1.037373400656346
8 20 15 12 57050 0.9295397666704349
26 19 4 21 92342 1.0016902873700324
5 29 26 10 128327 0.9564522827106352
26 19 28 9 44872 1.0940051731775398
13 14 2 27 74145 1.0902962833842877
26 15 9 7 77639 1.0567291973411477
27 18 16 20 51446 1.0985810543087682
21 19 25 27 43419 1.058307998115632
0 14 21 5 80425 1.0826370020059535
14 5 4 4 39331 1.0660404349282189
22 1 4 24 119642 0.985591881846235
10 11 18 18 52887 0.9938209017996598
3 26 4 3 70169 0.9735221894904826
14 11 24 12 47700 0.9882459031219426
18 5 4 12 65411 1.0569263257190564
22 12 1 26 103423 0.9744697629649606
26 19 4 7 108323 0.906038654685404
21 28 20 13 58317 0.9923460094441586
6 0 9 21 90898 1.027973264704546
3 7 19 20 83982 0.9369378382361255
2 23 9 4 79808 0.9520625405857888
18 24 9 0 107144 0.9650726597085375
25 7 12 13 57871 0.987326669549485
23 17 5 8 81083 1.0067401304252095
3 28 4 13 55382 0.9168005215771412
8 28 25 6 118825 1.0891979498132824
23 29 9 15 89811 0.9008130396051703
15 23 21 12 54933 1.067814760704245
7 26 14 16 56888 1.0089881328689203
5 15 10 27 56613 0.9875857090056793
12 29 11 14 71887 0.9822773893497971
5 27 23 11 104342 1.045137961795936
28 20 1 25 97899 0.9255496608518868
4 14 24 28 95546 1.0327747751875511
1 15 25 6 89209 0.902433447932545
14 0 27 5 57515 1.0594524409837431
1 20 3 7 44030 0.9234881466473747
0 8 10 4 45530 1.0878865326747973
15 15 5 3 66709 1.033582718713065
13 15 9 28 64840 1.096707921358946
18 12 12 21 52601 0.9224027500819589
0 5 8 18 67301 1.098688464840768
0 26 19 28 62446 1.0624089423509337
28 16 21 11 38723 0.9013534217477651
19 26 27 23 37242 0.9196237515719543
19 24 8 0 107873 1.034344503790763
23 18 9 14 59236 0.9796062423605664
6 19 0 23 28838 0.9291907888167942
12 25 4 14 61671 1.0846535792574934
29 9 1 16 94543 0.9306271089726019
27 26 11 26 64512 0.9410862376045304
20 22 10 28 50004 0.9024563539628824
26 13 4 1 102364 0.9241524149033794
10 15 4 4 53894 0.9037619170643724
18 1 27 18 79788 1.0798931162778915
3 3 26 21 123080 1.0888289941469356
20 8 11 17 58356 0.936894719347453
10 8 26 6 62030 0.9073105029885692
5 12 21 12 63120 1.0380958726479248
19 25 29 13 66862 1.0955695934745597
17 4 22 28 92882 0.9224563812139347
7 24 9 8 65300 0.909803471036531
22 12 2 7 68981 0.9622745145377107
9 22 22 10 83211 1.0575738215681754
5 19 8 10 48743 1.0725946537941837
20 12 14 24 60115 1.0786466419949228
15 18 20 27 51118 0.9514994371373561
26 21 13 11 81976 1.0111768023496113
7 6 22 22 100548 1.0127538398569007
9 23 28 14 80707 1.0583676591525792
28 5 0 29 143896 1.0451100918923417
10 20 20 10 66934 1.074451223739603
8 1 0 26 91814 0.9764684403850264
3 16 10 5 52928 1.003816078510651
23 29 2 26 74198 1.096360958960533
1 29 26 0 158429 1.0903939757630678
29 28 14 23 57901 0.9193082929502455
2 14 15 20 57758 1.026809264956325
29 23 16 26 49195 0.925435022434791
28 12 4 9 75218 0.9463955072019175
7 14 1 6 40017 1.0169890122862337
19 19 17 0 70771 0.9072568812305944
15 7 20 14 42555 0.9524047725661601
15 14 9 0 65166 0.9755644724438262
15 27 25 5 100400 0.9496343644766387
10 12 18 2 51828 0.9910694982972063
14 5 15 14 32511 1.0186622293216827
7 18 16 1 79279 1.0433960209716147
7 21 22 24 51915 0.9483222347184743
12 0 27 0 50833 0.9906321050520952
24 27 22 17 45543 0.9370584180689081
20 19 10 14 51508 1.0111666052907486
3 9 28 27 127057 1.0677340930873134
12 6 21 26 92548 0.9796079560259903
22 20 6 3 102025 0.9508349690495109
20 9 12 4 37177 0.9665797984969275
12 11 6 16 42583 0.9036398659192318
8 29 7 16 53851 0.9493074187564645
23 7 0 18 91841 1.0803197407027394
23 0 10 28 130322 0.9289233232630876
7 6 17 26 102692 1.033821732554727
28 13 23 6 41931 0.9617867225453878
1 17 4 25 37252 1.0223007506517214
24 11 8 26 101109 1.029168441402054
6 22 15 3 82824 1.0825685624862602
25 4 7 4 67762 1.0573633645790603
17 11 5 29 104900 0.9068937678156489
17 16 5 11 54723 0.9538212309821964
28 19 27 6 45969 1.0640376929243096
20 22 13 2 81192 1.0219885677867901
2 22 7 29 39467 0.9478413081327031
27 14 15 11 50054 0.9327578361467406
17 20 28 5 79183 0.953553440136694
2 28 14 24 51514 0.9453560633031844
21 17 28 8 52377 0.9062303724454789
23 25 19 0 95453 0.9370653972092519
12 5 20 19 76209 0.9266231686096484
21 3 12 1 34562 0.9099178992868863
8 10 8 26 72050 0.9292687821646499
0 4 8 9 34612 1.0548180557742972
14 1 3 3 38810 1.0131520305194972
1 11 10 26 75614 1.0421960025357688
2 9 25 19 97873 1.0267988775068393
12 0 22 25 106106 1.0206091025935113
5 14 6 27 46587 1.0099332725893846
12 0 15 15 56224 0.935251620539514
14 9 20 18 49030 1.0944513822450646
23 19 5 13 79795 1.0862392485036443
27 24 9 24 64782 1.017419258461036
13 29 2 0 122448 1.0173471274115478
10 7 15 19 63340 0.9468539264166781
16 28 27 9 91008 0.9771151104478505
10 12 2 21 56209 0.9330742345532655
7 22 22 5 100382 1.0864392992096499
10 27 15 18 50229 0.9026097426643733
19 17 15 8 44244 1.0752730498846046
23 16 10 16 48074 0.9328246413552311
27 22 23 15 38558 0.9935912468048136
25 19 4 12 88197 1.056720221927428
3 29 12 11 90237 0.9281352853537345
24 28 21 20 36827 1.0974140162896198
29 10 24 19 57479 0.9916484863410278
13 5 21 26 91843 0.9908891154025978
29 0 17 10 71726 0.9894005353197236
15 24 0 20 60748 1.0547405514086914
23 18 3 10 87562 1.0247612475536183
8 11 16 21 68207 1.0882861643643338
0 11 11 3 52042 0.9673914971330022
25 8 1 23 107305 0.9638606465064588
18 13 5 17 56048 1.0425818221984682
14 18 7 14 34449 0.9771880634946912
3 7 19 7 56716 1.0893557534335419
5 26 3 12 52848 0.9684850093503704
0 28 16 12 93561 0.9536982896088195
4 28 19 20 67915 0.9491855928118685
23 15 4 2 94239 1.0395874622528818
12 23 9 3 88007 1.006125843962936
5 27 10 7 86939 1.0838131586286313
11 6 23 27 107898 0.9788805153957413
27 28 13 24 53658 0.912410025907987
0 10 22 8 64019 0.9758946739033743
27 7 7 7 68676 1.0180468794690296
1 5 4 13 33953 0.9879839179114025
18 17 28 22 57859 0.9904191970733313
13 6 26 0 60414 0.9323967949333806
16 10 27 26 92805 0.9914853849245756
16 23 3 25 39505 0.9588400268791758
9 27 3 16 54978 1.0507694743515714
3 29 18 14 92041 1.086774440211641
7 4 5 25 78882 0.92816460040734
8 3 19 5 41035 1.0049263696474937
17 19 24 15 37163 0.9064360416521889
13 9 22 7 31878 0.993522913762511
22 22 17 27 30399 1.0102167467083223
10 28 28 9 110983 1.0120114698859317
22 27 12 20 50010 1.0952392557501895
3 26 28 14 104760 1.0521550490017073
16 25 4 20 51753 1.0716398344515181
18 24 9 22 32394 1.027640216285542
5 6 27 1 84947 0.9556393612113716
23 12 4 20 85585 0.9754382833372134
28 26 11 14 92891 0.9642368875414568
28 10 25 21 52420 0.9834398626226324
9 8 3 24 61580 1.064369933378702
27 26 15 2 118612 0.9476706092949052
19 1 23 21 83863 0.9160616582850746
19 14 19 28 47577 1.0955006151967726
1 15 18 0 82623 0.9954067166608198
10 13 1 16 34141 0.9443564247562944
6 27 1 16 50870 1.038688750878936
6 21 11 28 36042 0.9142954871565573
2 12 6 19 38008 1.0368504592945182
7 4 17 6 48025 0.9785502071003808
1 21 26 28 92765 1.0864594016207088
22 16 2 19 83644 0.9790121268291623
3 23 21 12 90939 1.0027161749753382
29 17 16 19 68260 1.0608478036228925
10 1 8 15 68049 1.0581027646651213
25 11 16 15 38197 1.0797514952379028
10 10 25 13 62765 1.0181678516846115
11 14 8 7 45913 1.0794489861947698
19 28 16 4 87910 0.9575639314995907
12 19 23 15 53293 1.0381146485372774
6 13 11 27 62042 0.951110913278049
2 29 19 19 77647 0.9634635291446968
19 18 28 21 45865 0.9303149825952121
29 29 20 12 94342 0.9034787175587907
20 14 11 27 70003 1.0107650490168818
7 5 15 21 85951 0.9147223162949887
2 2 4 21 65345 0.9729777387293546
8 21 14 3 83765 0.9452013569575022
16 26 0 15 81433 1.049754181751501
25 18 11 20 65233 0.9781412950541293
0 29 0 3 73368 0.9596663283648126
0 29 6 10 74173 1.0147681229236503
25 23 4 28 77682 0.9777718501221099
26 4 11 29 127231 1.0515276451998123
13 9 2 6 37042 1.025937840896992
16 4 29 12 66912 0.971604214358363
18 28 5 0 130973 0.9260260407110542
5 6 14 8 37703 0.9353994366139559
13 13 2 19 54241 0.9936848486431441
25 22 15 11 81163 0.9524682626714045
10 21 29 1 122270 0.979978314931193
19 1 26 7 50180 1.0342465586130976
22 10 6 16 69424 1.0267618050786436
22 14 12 19 51743 1.0663520040065082
12 20 29 2 107823 1.056851350646393
20 19 7 24 53689 1.0433394026274214
28 15 17 23 62157 0.9285168170752456
8 0 4 12 56023 1.027693701375125
26 28 4 21 83516 0.9243302175749235
17 7 28 15 59394 0.9955357310932245
27 26 6 4 133663 1.0211700306688831
12 3 1 12 60234 1.0458441350326013
18 1 12 27 102075 0.9301282740586888
20 13 26 26 71413 0.9555138363914258
15 6 21 21 75464 1.0536788972690425
0 13 26 24 111878 0.9116582853578286
11 0 26 26 132001 1.0834282390747731
5 28 10 9 80238 1.033588014997043
14 3 29 14 70261 1.0132010442364139
11 10 8 1 51552 1.0933330452121184
26 25 26 3 80395 0.9882776380541585
0 25 7 7 71289 1.0071329993052143
6 18 4 2 61111 0.9583143531371459
14 20 8 7 70004 1.0976461434836047
8 28 14 24 33030 0.9334099672206532
11 6 27 14 74575 0.9189614032401638
16 25 0 3 110692 1.0706427556967943
0 5 26 1 86526 0.9127173353999269
9 6 24 26 116603 1.0593104210312132
13 15 21 1 65820 1.0615317383180431
10 15 11 25 49482 0.975614980765838
11 24 1 15 63424 0.9806687504935266
20 20 29 0 97255 0.9072327633583741
2 1 22 27 133211 0.9432270644548274
10 3 22 13 63243 0.9073212371654925
21 2 20 29 96414 0.9551631786307041
4 2 22 19 109225 0.9305045477821494
8 17 13 11 46860 1.040387464090732
21 25 0 28 73408 1.0363072928129222
11 28 22 23 46270 0.9889048159021644
24 1 28 16 59893 0.9223753039567193
22 15 26 8 38313 1.0619659361626188
21 21 9 27 54124 0.9691517483751093
29 2 7 12 101485 1.0927242383972153
11 4 20 19 77088 0.9623117992952345
6 27 14 4 95263 0.9555320926922426
9 22 8 0 99821 0.9443717119164984
11 9 16 2 30555 1.0320691869880687
21 15 27 21 40983 0.97475304760356
10 26 5 13 58598 0.9951431696527144
7 13 3 20 35012 0.9975924612159941
8 6 21 4 58135 0.9203443323956668
21 12 26 6 39279 0.9431287052387076
28 7 25 26 80269 0.9982043473017626
29 20 6 6 111201 1.0269551516927775
14 15 22 24 51641 0.9301086593025942
3 28 18 12 97182 0.9632475609182221
25 12 5 17 79728 1.0011808976181638
7 8 26 14 70307 0.9001948235632914
22 20 7 0 109281 0.9971801276709721
1 8 8 3 29600 1.093021741842214
24 18 8 27 81624 0.9809737812131388
17 2 4 12 65897 1.041349697259755
28 12 2 8 85088 1.0322046353493761
18 4 23 29 96848 0.9824485648702774
21 12 14 4 41767 1.0127447249792776
29 11 9 24 101848 1.092581916471145
28 13 2 7 90946 1.0662524605729757
23 22 23 9 56169 1.0680953894096379
17 17 27 1 75877 0.9396644960182942
13 28 26 22 59242 0.9386489427416833
23 10 6 22 95405 1.060176688620381
13 20 7 2 85177 1.0351570919514241
14 10 1 25 86592 1.0861373520651079
14 28 12 4 90521 0.9689133860447849
9 8 28 5 72353 1.0303425256308016
21 10 23 21 52870 1.0337657200257624
19 4 15 14 43443 0.9255313096647891
9 3 23 21 100920 0.9333553706938917
11 7 2 17 57289 1.037696292452405
20 19 4 14 66614 1.0763573255075636
17 9 22 1 41226 1.0599694720033663
19 6 27 25 87794 1.0360741445629538
22 0 18 26 92180 1.0954670481673434
11 10 25 28 105885 0.9762735407401077
0 3 12 29 110541 0.9234573266126505
17 6 15 21 71660 0.9189212215323552
13 6 20 17 55268 1.0353459362248516
5 12 26 12 76487 0.9537872146032351
7 12 20 3 64998 1.063383049969926
21 18 4 28 81975 0.92519520546692
27 20 4 22 84246 1.0049722632116145
0 5 26 12 98666 1.05110872785964
23 28 17 5 93811 0.9055618158458247
13 4 0 13 64042 1.0377944784096182
17 25 21 0 91186 0.9190059936133776
25 14 27 22 32717 1.0619647864703388
23 10 14 4 44181 0.9603970119140803
29 27 4 7 136490 0.9358973297419981
4 11 11 18 53800 1.048346743749948
21 25 11 26 43897 1.0549242239676135
22 29 4 4 130639 1.0841443860365552
16 1 15 12 39556 1.0211350129975894
28 4 10 28 123653 0.9471549979171543
21 22 15 10 70827 1.0815539139209847
19 15 19 28 43997 0.9719897304399058
25 20 6 12 85769 0.9545144798088887
17 23 12 1 86332 1.080354381012056
1 13 19 20 73988 0.9367684755637077
4 5 20 10 65585 1.0907315905339403
22 29 28 9 91488 1.059716358641034
19 10 22 18 35810 0.9084136500503025
6 20 17 17 61785 0.9193041183412968
17 17 14 0 68722 1.0064445963686783
5 12 5 0 50121 0.94336393587399
24 4 16 8 45516 0.9676633053078533
1 20 16 8 75997 1.0897254742248506
21 22 27 13 52125 1.0733550022623566
24 14 16 17 30024 1.040336120482346
13 24 26 21 51377 0.933999962543351
5 8 25 11 67895 1.0376761766630707
16 13 27 7 47186 0.910708081807876
1 6 24 15 89306 0.9796750363711
16 20 8 13 53242 0.9831288539395049
18 29 2 0 133498 0.9962922217930573
24 19 17 3 79503 1.0780600961651783
27 21 10 26 72283 1.0091011477524785
13 7 8 15 48741 0.9626482414398131
22 18 11 2 84169 1.0598324477885808
28 17 4 10 94632 0.9611849601890449
6 17 18 16 50997 1.0774394668797194
12 20 20 2 83297 0.924890192361561
28 14 11 21 73225 0.9624756877436125
8 11 17 26 86247 0.9846114092230618
18 8 28 10 37803 1.0930620924211132
18 19 25 16 38974 1.0420320490765054
8 15 5 25 43987 1.0900429858575722
23 7 23 22 67723 1.0254041794988027
24 3 11 21 94147 1.0124405669146777
5 6 25 2 81782 1.0825600675044256
2 7 11 6 46126 1.0393614527020012
14 29 29 12 94802 1.0297110820031732
29 21 1 14 111296 0.9454799332151018
25 12 18 21 48431 0.9077264293430602
19 5 9 16 67368 0.9483010058231818
2 16 28 11 93777 0.9446977010194387
24 20 6 15 82686 1.0697252346571622
28 25 20 1 106077 1.066717546261208
7 24 15 7 86080 0.9744086160976847
3 28 12 0 114182 1.0751086276056079
26 27 13 7 105010 0.9711656203313302
17 19 1 27 76705 1.022956529409232
17 13 10 8 43791 1.035692831402533
11 2 13 10 38385 0.9892406463917999
1 0 28 5 96682 0.9146099219230639
0 3 13 7 55718 1.026511650159375
9 11 3 23 58506 0.9130142220657432
0 12 19 15 62639 1.075330380894025
6 6 15 0 49040 0.990427136625213
0 7 22 8 68153 1.076955874604879
24 29 8 28 49182 0.9303085698462521
10 20 22 1 97867 0.9543327084841018
7 5 12 21 87498 1.0015703384438848
13 25 18 8 73469 0.9321692897478664
4 27 2 14 48369 1.0499790560742932
15 19 20 4 71662 0.9551413723101692
14 2 16 15 47016 0.9068585982081377
2 8 24 10 68572 0.9940699155807211
0 3 28 29 155976 1.0652784699996989
12 17 16 3 57406 0.9538008922366609
21 3 3 16 82460 1.0614274143703706
4 7 15 22 86640 1.0595551143192767
15 19 9 28 52282 1.0763101990478374
16 2 29 6 62461 0.9544545896720077
9 13 4 1 57960 1.0762616806740135
4 28 14 20 56329 0.9247648498374191
11 7 6 0 44483 1.0788291393008789
6 20 19 0 97811 1.0751181271987866
16 23 12 4 77128 0.9936369389499368
29 7 27 26 75617 1.0109706969794787
15 21 22 9 62355 0.9489691380954277
23 22 0 17 90646 0.9091986965746169
13 1 15 10 34434 0.9566045800662639
28 1 23 14 56324 1.046271794922895
14 19 14 29 35705 1.0635696198922757
28 8 15 6 55453 1.0146579481695652
6 11 9 27 66374 1.0499547089194623
12 27 12 15 55416 1.0914861846527477
8 20 29 16 94010 0.9799276402758619
12 12 20 4 51678 1.0833422911703334
2 21 15 12 69934 1.040112795844109
26 13 7 4 92423 0.9773292122731086
25 9 22 24 67795 1.0351985907885506
8 18 2 22 37385 1.097713380697709
26 16 13 11 55908 0.9098742213772835
21 0 1 1 62308 1.0111334644069263
24 17 8 11 75543 1.066197022121891
5 5 13 0 43829 0.9825991285951716
14 28 23 27 29968 1.0155188426744255
4 19 13 16 60838 0.938145391274504
14 0 26 25 116868 0.9901851444834724
17 6 16 29 93221 0.9621663253618846
17 25 27 18 54863 1.0715291316265714
26 7 7 14 75473 0.9049803897938443
5 17 22 10 77474 1.097511858415647
8 7 17 24 93953 0.9614548222292905
17 8 7 13 50712 0.9092408408227283
26 21 0 15 109489 0.965994188990299
12 15 14 24 40180 1.076156111067147
1 11 13 1 63725 0.9979642581842385
23 1 15 5 42140 0.9433911473437004
13 4 11 14 40719 0.95848731911614
25 10 4 28 120736 0.9808592482826477
12 7 9 29 103200 0.9692468393155594
10 25 8 16 51121 1.0606587477213638
20 24 3 26 59759 1.0014050800465146
28 10 15 19 73064 1.0105684524253467
1 2 16 25 108557 1.0119525206390263
2 9 11 13 43254 0.9785623222187275
14 14 13 4 32832 0.9815028176526679
2 23 6 1 74949 1.0323420372473733
17 18 9 24 55311 1.0866456829964266
15 11 7 1 56556 0.9624778583215825
9 24 13 6 84525 1.0030095587885486
16 10 6 19 62574 0.9913595573154649
23 2 26 23 90917 0.9641747581793081
0 10 23 6 73632 1.0410791477844432
0 15 1 0 43471 1.0865980764818917
25 1 2 22 124506 1.0541415507824314
3 21 19 9 78186 0.955074644967741
20 26 23 3 87079 1.0628917494473615
20 21 14 6 65191 1.0397911263925446
4 12 27 4 90221 1.0880921661679521
2 24 25 15 97427 1.0957014947354455
6 1 3 11 35962 0.9002608859008856
12 28 29 8 111351 0.9587497321485186
29 6 23 29 105596 1.047508143733886
29 19 18 6 78001 0.9534475156722053
25 1 25 28 105236 1.0124966775052813
12 3 0 1 43971 0.9213568178612884
18 1 14 12 41665 0.9488482881769794
6 9 28 17 86455 0.9744969674556225
27 1 1 2 80833 1.0003933989857667
6 21 19 9 75895 1.073423258953762
21 22 21 0 87851 1.0820775323396095
7 1 16 25 106740 0.9229291169414403
14 3 4 13 55465 0.9318269084523517
7 20 27 3 114503 1.0533491549601526
19 4 13 25 86161 0.9815699648221958
0 19 29 17 114145 0.9536293406107396
0 4 4 29 84409 0.9466158987657116
4 12 26 19 96221 1.0403027472095117
8 1 21 18 90110 0.9685663921997898
6 14 1 28 58915 1.0747917078029041
2 18 11 20 47269 1.0200058375106007
2 0 29 4 95969 0.9351854662634527
2 25 17 16 77697 1.0782112904442915
1 14 16 23 70602 1.011587189631069
13 29 8 14 75282 1.0057217406280992
12 18 23 2 88386 1.0186621873668407
18 9 1 13 57934 1.040424337469422
1 16 27 4 100960 1.0547081569791086
15 23 7 17 49557 1.009299933831192
26 1 13 29 126133 1.017024506203708
18 15 4 18 63819 1.0885953379110846
25 9 29 18 47220 0.9534420963238436
3 29 15 25 49360 0.9886938341328382
23 26 2 13 103063 1.0023012212071978
6 18 23 27 72194 1.0333171552573246
10 29 29 15 103487 1.0994226906305695
15 8 29 21 90190 0.9095464230761269
1 13 17 0 79105 0.9165125047995658
14 0 19 29 105370 1.0875816494764001
23 25 13 25 37577 0.9887868321573493
1 15 11 7 51896 0.9916276522840751
18 16 10 26 62585 1.0793923400663208
20 23 8 22 38557 1.048830339078732
11 5 20 10 50272 0.9148279968366007
8 18 22 19 69781 0.9198746721873444
8 2 3 24 77722 0.928732111071634
26 9 9 25 102623 0.914124180697909
12 3 22 3 32133 0.9909597507827315
29 10 25 22 62673 0.9621066342824368
14 27 12 4 88369 1.0927790381646998
8 9 14 0 42013 0.992466503414961
6 8 1 22 54362 0.9228162622640599
21 22 6 7 92633 0.9047874584017496
1 18 15 24 65546 0.9252541640422502
10 26 0 29 44784 1.05006723327828
18 1 5 23 102269 0.967983938705167
27 12 6 4 87691 1.0132004722772177
5 0 20 0 54011 0.9561964344158745
9 10 24 17 75896 1.0598850326620977
21 21 25 13 42908 1.082451327403434
9 18 16 6 70007 0.9477149815734528
16 25 27 9 80593 1.0380822726229124
22 20 29 9 61098 1.0354141489620154
13 24 16 0 86535 0.9558111402535241
10 22 26 26 66169 1.02166593987401
3 28 27 14 108426 1.0513986051377335
21 29 5 21 69347 0.9240403638596795
1 25 13 21 49783 0.9991355988194224
16 29 23 1 112964 0.9175059458380986
7 1 18 19 90933 1.0843854469307923
26 12 17 13 37917 0.9797706190489628
23 24 18 6 73979 1.0672344295577094
23 20 4 22 68086 0.9105705404097106
4 13 23 2 90600 1.0683149557916212
7 13 7 24 41209 1.0957294261642854
1 25 24 17 97077 0.9054805175846196
4 0 20 13 82956 1.0044258085191318
22 0 27 27 108238 0.9545635431142788
17 19 8 16 57197 1.093896152859011
20 13 18 1 44401 0.9288744722195749
17 11 23 27 73013 0.9971501858378703
27 5 7 1 73209 0.9764273038442969
2 7 11 6 46126 0.911518772114637
15 3 1 12 59150 1.0745662116820474
28 29 15 5 122811 1.0711732045741948
23 19 7 7 92253 1.0882630784740908
5 22 22 12 83429 1.0510459234500549
2 24 27 14 103551 1.0429469916983052
15 18 3 6 72223 0.9477470010498916
23 1 3 9 74983 1.0401132286807293
9 4 0 28 94488 0.9571920933667966
5 13 14 29 77978 0.9239265159071249
1 8 20 22 94528 1.0605957004176243
5 3 26 0 77515 1.0239279979819877
21 14 14 26 60578 0.9577230415254128
21 28 3 14 92249 1.0270859957805532
22 0 0 22 116837 1.085581955522781
6 27 9 14 51326 0.9640099353308671
23 4 1 9 76407 0.9987944463502647
11 16 27 15 55142 1.0892293571731233
18 18 20 5 49709 1.0372809777997594
22 9 7 16 65540 1.01666430512971
18 8 24 28 77671 0.934762139022379
13 23 22 20 33439 0.9538335507920956
29 27 2 7 136741 1.039609490868513
29 20 16 1 103196 1.0609448674890607
16 4 9 13 48667 1.062737167667564
3 4 12 20 79243 1.0388981491913005
10 29 27 26 61236 1.0420296819299995
20 1 26 22 93193 0.9628501853476875
4 23 26 11 101077 1.0757413153321886
10 3 18 12 49652 0.9313060300905789
13 7 25 6 51851 1.0493440953191584
13 29 2 29 42576 1.0914259325628566
18 24 15 9 62056 1.0186274524954573
15 26 10 8 85548 1.08434275348507
0 9 23 15 80520 0.9312788160656565
22 26 5 1 125944 0.9909255698979864
26 18 3 20 100985 1.0518367892484184
17 11 27 7 38656 1.004239758544865
9 21 0 11 67989 0.977544615829695
16 24 8 19 51203 0.9306588490632823
27 6 22 15 41925 1.0175987150610142
8 1 10 29 115105 1.0895112335513857
12 19 4 12 59523 1.0069631501336558
4 11 7 26 60762 1.0993916764905873
7 3 16 13 62117 0.9172212685214871
13 3 20 0 30916 1.018228555746692
9 11 22 20 77872 0.997683647691461
0 9 11 0 61448 1.0813779575605822
22 13 16 20 42085 1.0914767135469474
24 14 7 23 74305 0.9113125956917476
0 9 13 17 68073 0.9476407798020655
24 6 13 14 55982 0.960608246113126
19 22 19 2 65098 1.0064081437323182
6 26 22 27 57600 0.9658790979006127
5 20 28 28 89882 1.0520161460590223
24 17 28 11 36263 0.9909086709964502
11 7 24 8 50107 0.9867302024356615
18 17 22 2 56388 1.0639416507632264
14 3 26 9 49731 1.0006632677919411
8 28 13 18 57447 1.0238408146828097
14 6 3 2 45056 0.918998566294988
23 1 4 2 59273 0.9144593907402963
17 11 22 27 69109 0.9146171454549905
19 25 19 1 81830 0.9107526919711232
22 8 8 19 83658 0.9349654035213664
24 29 18 25 26875 0.9993929341045146
2 16 25 19 93444 1.0211644480372934
24 17 23 4 58776 0.9728435704870265
16 28 11 9 83123 0.9620106242466714
28 26 17 13 80236 0.9668960150488775
12 4 19 21 72909 1.016800163098655
19 19 8 6 83157 1.08642779797988
29 7 3 20 112350 1.0589202706263587
26 26 12 1 121884 1.0284876592477337
29 0 15 8 74860 1.033407223182021
9 22 0 23 30870 0.9715931178338021
4 8 12 10 28812 0.9475151850400856
12 29 11 5 110002 1.0750744872357383
21 23 27 15 50351 1.0616573925648254
12 9 15 23 60240 1.070906569565149
26 11 6 10 70263 0.9029450689513766
18 29 18 6 78794 1.0757427146708103
12 4 7 22 91663 1.0259617301187451
24 2 14 12 58972 0.9531326462273734
19 17 6 22 54545 1.057063525952719
20 26 28 28 33639 1.0914006544501018
13 0 3 17 79285 1.0382476389820197
5 19 9 1 80025 1.081559610104265
10 14 10 24 47647 1.0945328827012142
6 8 20 26 97599 0.9824603802828409
16 2 12 10 34133 0.9065814318629609
29 14 5 14 68262 1.0551484928983406
19 0 4 28 129476 1.043753916809487
0 22 14 18 63648 1.0346212617848771
20 9 2 14 58694 0.9100215808644306
20 28 1 22 72670 1.0915620747772703
10 26 9 10 75684 0.9330161860200029
6 3 16 16 72884 1.0485955867642267
29 6 19 10 40798 0.9053640008394656
15 17 26 26 75674 0.9856931611323052
21 1 14 29 109166 1.0469528754091313
16 23 21 7 62667 1.0432078226755825
19 26 9 4 103215 0.9087992055381722
28 25 4 19 93704 0.9697844764901901
28 21 0 9 117680 0.9743743178831371
13 12 19 16 33394 1.0228125806969528
18 3 20 26 83161 0.9276754722174952
3 14 7 29 60163 1.0230552248830147
8 3 7 18 63257 1.0749663565093133
23 5 11 23 91088 0.9490511949706351
23 7 19 13 28436 1.0666722760660015
29 19 29 7 59738 0.9205551673831328
2 16 6 25 39305 0.971534751408452
22 1 15 21 90836 0.9162974872587345
12 3 25 18 82762 1.006003123964995
10 17 16 21 39818 0.9536521007049108
17 23 8 17 56881 1.052707457503719
8 14 8 28 56587 1.0738471767148932
8 11 19 9 40206 0.927141013124951
25 18 29 6 58336 0.9507676724849693
29 0 2 4 97186 0.9569099705113311
16 3 24 15 61345 1.0399628050766165
18 21 9 19 44605 0.9849677655608723
22 9 9 1 59943 1.0494890023257375
4 15 24 26 96159 0.9136574363579133
24 4 16 16 63010 1.079894380509872
21 16 26 3 60575 1.0543349138497873
22 0 2 17 98735 0.9782767368171676
13 7 25 18 72532 1.001517753469887
16 15 12 26 52982 1.004361879180899
12 25 26 12 80632 1.0797766045269805
7 2 22 27 123179 1.0470736704208354
8 2 3 27 91032 1.065127159833826
17 8 21 22 61250 1.0117870145420222
15 0 22 26 108029 0.9465964794790566
6 27 16 3 100641 0.918376295313949
26 2 2 22 129865 0.9079759507915023
7 13 16 25 69173 0.9589966229507856
27 28 29 7 83343 0.9025901244765544
18 13 13 1 50538 1.070414366987333
26 3 27 25 77786 0.9706421162756826
24 23 11 25 45154 0.9668643054211861
14 6 11 27 81012 0.9462136955421242
22 27 15 7 90463 1.0734700546874334
15 11 27 10 49271 1.0385625684698592
21 5 17 15 38539 1.0950889482452968
14 2 7 22 90407 0.9051455438056243
0 10 27 28 133173 1.0474205988602272
17 3 25 22 93849 0.9393675388311821
21 26 7 13 83988 0.9608975901488497
29 13 16 16 44875 0.9702070604177724
17 17 18 29 46887 0.9451348171227383
26 3 6 12 86613 1.068086618871127
14 6 27 23 91715 1.0283362296106568
19 15 4 3 76265 1.007562694077302
22 13 3 18 75243 1.072192733571013
26 4 7 20 114771 0.9514800011331951
6 19 23 15 68616 1.0382992397649222
29 1 1 25 149902 0.9311361796652983
24 20 8 29 79860 1.0155990056005009
19 28 15 22 32746 1.0429301758350091
10 25 26 23 55993 0.930240338418333
10 16 27 17 63315 1.0804759298422686
23 7 3 3 76273 0.9703051408760766
1 14 16 11 54505 0.9043791339752092
19 3 15 24 82507 1.0914105707659574
6 15 3 26 44132 1.0572846674807521
24 19 25 3 73206 0.9283787778081666
14 4 6 6 39157 1.0545378195381807
24 4 16 27 97314 0.9189875706436359
8 8 16 25 86687 0.939557728236957
20 9 10 3 44357 0.9108143874859226
12 15 3 5 53222 1.0217712727463513
10 8 19 22 69839 1.0647747421210498
10 0 13 20 81133 0.955573373976089
21 19 18 2 66631 1.0061902034813162
26 5 7 12 84783 1.0251301400937198
21 29 9 14 84444 1.0853023218314604
26 11 14 10 47328 1.092303447791106
1 16 11 16 43369 0.9375591764230875
0 26 2 11 52851 0.9815396381085139
0 7 5 24 68072 1.0270610611470172
10 25 0 23 37511 0.9358360609697125
25 8 1 18 90910 0.9382515819596381
16 0 26 13 79199 0.9558035653500796
12 10 22 22 77279 0.935837985184228
2 9 26 26 125529 0.9523751332252149
9 22 2 28 38973 0.9896734446241328
5 5 6 20 57441 0.9860510550270554
17 17 0 12 69139 1.0209903538695608
6 18 0 12 38514 0.9604261142757853
27 7 20 19 63619 1.0062323260470911
28 1 0 14 110355 0.9193569840938969
14 4 2 1 46060 0.9383122245057428
22 24 5 9 91715 0.9971446617024691
6 12 25 12 68606 0.9700395889659073
20 16 0 10 76891 1.0289212556459586
29 28 4 29 81328 1.0392792077445603
3 18 5 26 32716 0.925738680231843
16 23 1 14 70602 0.9516467996047488
10 13 19 16 39996 0.9912072477723765
0 16 24 19 97057 0.9424889158757855
27 16 8 5 97675 0.9725716813522485
6 20 13 7 63182 0.9245019555190978
7 19 0 6 66239 0.9869484232291419
25 26 4 24 75830 1.022214831532932
5 3 23 0 67888 1.0041698081197723
3 15 24 15 65855 1.0892685963685815
28 20 3 27 98355 0.9815564219239946
18 10 28 8 34702 0.9628262620895114
0 26 17 18 80432 1.0302134330918802
21 14 12 26 65418 1.07248401447958
24 29 8 26 54780 0.9658822800581753
25 6 5 1 81529 0.9618799730894272
12 23 21 19 38661 1.0708852765110648
21 27 26 2 104690 1.0332858257106774
7 0 21 10 68720 0.9636854374008607
3 6 8 21 66233 1.0170467186935634
4 13 22 2 86197 1.0142723506554738
17 23 6 28 47683 1.0729963872864448
10 22 10 3 87288 0.9004590985881812
13 29 25 23 56729 0.9713233946223218
1 25 1 6 66253 0.9194965483631138
25 8 2 23 104532 0.9314113121071835
1 20 3 7 44030 0.9322698531376182
1 13 18 27 91166 0.9753116438128229
6 22 20 14 70628 1.032552618344307
8 20 22 8 81595 1.0625641594206146
19 11 9 17 52651 0.99188678831495
7 4 15 16 69782 1.0828508119522275
0 17 29 3 114720 1.0828712521223987
8 7 20 14 62907 1.057709196239382
16 6 23 16 56550 1.0469412309692743
2 8 25 4 84598 1.0801751223764013
26 29 15 5 116689 0.9121025614634243
23 3 1 19 105019 1.009158297528358
15 15 13 3 40767 1.089895216190231
20 11 10 13 46811 1.0986171848548172
21 3 26 27 104144 0.9804772603810537
13 5 3 17 63812 0.9471487663755598
0 12 18 11 63788 0.9898543110276518
27 8 4 19 104130 0.9842429176875673
21 27 12 8 84542 1.0618394320774651
13 11 11 29 79098 0.923921127638871
29 23 13 21 57034 1.0490687477118983
19 16 28 25 59980 0.913551870013059
7 22 2 28 34713 0.9175011040446331
7 22 20 17 63977 0.9173092251882492
0 15 19 6 76760 0.921322433457317
7 17 20 4 82410 1.0605875400587819
24 11 24 21 48608 0.9020213088476815
19 2 19 27 82292 0.9350768371064365
7 0 21 4 56144 1.0482679719207226
2 26 5 8 67865 0.9037393152799166
1 22 20 20 68263 0.9224454850378266
25 13 9 3 79964 1.05572382718683
0 18 21 20 87375 1.001690990881704
29 10 1 2 100080 0.9947597425879129
28 27 23 13 67833 0.9038234563548385
26 29 26 12 72360 1.099828952137063
8 22 28 8 107538 1.0319732177185634
26 5 29 26 86043 0.969110689828987
20 27 9 14 74343 1.0080500613492964
8 18 23 9 76967 1.0027006744647011
16 4 5 29 115113 0.9452280652569405
6 21 17 7 83211 1.0569828167527233
19 22 16 10 52638 1.060932488346288
20 18 20 6 51419 0.9110098231725873
16 3 3 20 78735 1.068337318544659
10 28 26 5 120565 1.0889511170388666
24 6 10 29 111682 0.9713048284914756
29 17 9 10 91943 1.0331086131508478
23 1 8 13 81534 1.016483819362411
8 7 28 20 105833 1.0037976652739495
22 20 7 11 78201 0.9128261215715354
28 24 27 6 65585 1.0779822981671647
4 6 21 1 72759 1.028037562489009
29 7 4 9 74475 1.026658471638316
13 7 2 12 44139 0.9587355873798633
19 29 8 7 108576 1.0809857436688877
3 7 12 19 74633 1.0269179932440435
11 3 14 15 46231 1.0675582321410462
20 20 5 26 62122 0.9993353533747651
9 27 22 0 123102 0.9954591664162691
23 3 22 12 33903 0.9662147388867677
24 24 1 21 77981 1.0928659331322557
2 3 3 21 53017 0.9502109831814939
21 25 23 11 61412 1.0730522272509826
26 19 16 3 90487 0.9256767192313782
15 8 28 21 83024 0.9285196477356544
25 11 3 9 68397 0.9069666850814369
15 20 21 6 65461 1.0682226859921933
6 3 23 2 60298 1.0537899523461647
10 28 27 6 112714 0.9588223451326341
22 5 18 25 68389 0.9348996952026936
0 13 17 12 61461 1.0517643606822085
9 8 7 29 84341 1.0340179195913188
28 18 6 23 83217 0.9419653976932094
10 7 20 8 41248 0.9128572954616351
22 3 8 23 99401 1.054620980576676
21 13 28 3 53748 1.016168923244461
3 16 12 5 64086 1.0038181356843134
9 1 10 26 105359 0.9686041216673483
2 15 26 18 90616 1.0518467861641265
13 2 22 14 60611 1.0266827548994875
12 4 20 16 58856 1.0271309706377965
28 8 4 15 89244 0.94286838910571
28 16 12 7 78067 0.9266521618892093
19 6 3 17 77534 0.9630599588165992
17 16 11 29 71711 1.0776272419830089
22 11 0 29 115160 0.9235706333959693
26 4 19 27 95097 1.0709391005614237
3 2 16 0 44525 0.9429704625080999
2 26 26 25 86635 1.0024919285123746
21 23 28 3 89342 1.0282715128995312
11 21 24 3 94147 1.041895398538171
6 10 11 15 32894 0.9674767255720702
24 26 19 6 81448 0.9249801901461199
5 0 9 17 75512 1.008427498580032
27 24 22 14 48661 0.9504029492050805
10 3 8 18 76346 0.9673183233278823
8 3 21 25 107474 0.9554710723566665
13 27 1 7 96372 0.9968751034913739
9 13 17 0 64108 0.9056364063499069
10 12 15 1 46665 0.9675782488713849
18 28 27 26 35747 0.9369449829462954
16 16 3 16 52689 0.9834639846885106
0 26 16 7 99296 0.9185527406067638
25 27 3 16 98178 0.9298998172158724
5 27 3 17 38748 0.9735506211525876
17 4 1 11 60620 0.948768538905117
22 7 15 23 67377 0.9097573244246747
26 17 11 4 88422 0.9799533731031589
22 14 16 23 45093 0.9172449479062844
20 20 9 29 60281 1.0340223746063613
28 12 13 18 61533 1.0956530557003437
13 7 17 18 53821 1.0936681616788737
10 9 29 18 85961 0.95053824918668
12 9 12 29 87795 1.0377312108995045
29 29 9 29 70947 1.0227753737153222
8 9 17 13 43719 1.0887185815525129
3 15 11 29 69898 0.9527142841874592
14 6 21 16 49620 0.9558954633413876
19 7 11 29 95816 1.04591033364091
5 2 23 12 85860 0.9475886653256484
8 3 25 14 81664 1.0472197498190163
9 17 23 7 76115 0.9626732848546797
16 18 4 12 56514 0.9718391070449672
20 23 8 5 102775 0.9664203521461155
6 8 20 29 105089 1.0652320359095322
18 14 29 10 50780 0.9517267826455353
12 28 0 4 103495 1.0632500152777293
25 6 4 27 124540 1.0072512841499555
24 4 15 0 47904 1.0710260523657515
4 25 15 24 42105 1.0009634411230528
20 14 4 28 94114 1.041477189089848
23 28 10 27 37542 0.9971987354410311
6 2 3 11 33899 0.9080144124826942
4 3 2 11 24930 0.9195367487846001
27 0 24 16 60577 0.9799278516640768
26 17 7 19 90833 0.9524329222828148
15 26 28 28 50081 0.915133186435466
16 1 11 26 99496 0.9206408859345451
21 17 9 28 72832 0.9643652147796853
21 23 29 25 34542 0.9917603788154556
4 28 25 17 102505 1.0599967107424426
7 9 23 8 46684 0.9243796832736786
12 26 1 23 48297 0.9042253253717888
12 10 7 29 95202 1.0569475754388502
6 11 23 20 83650 0.9357208416560645
1 21 25 2 123505 1.0095205691985314
4 27 29 15 113653 1.092323207008897
15 18 17 27 48721 1.051149432081283
29 24 29 11 62928 0.9519712308311032
18 17 7 29 75155 0.9965329278711866
12 25 23 24 40879 1.073858206740214
9 26 24 26 57950 0.9789721205716052
18 14 26 6 46932 0.97326083475413
13 25 15 16 39026 1.0322691142537885
7 13 19 17 50136 0.9341790905255387
27 18 0 15 93278 1.0696657809664736
17 21 12 26 36140 0.9034878293199949
5 7 28 3 88900 0.9757190312228907
21 28 20 19 36976 1.041677813058577
14 26 27 28 42671 1.0878473561838795
21 7 3 29 115422 0.9646946519896656
19 0 11 26 114392 0.9861619395747921
26 12 21 19 40945 0.9832109332197189
15 18 21 11 46340 1.0087828090804476
3 21 21 13 79820 1.099946191130158
17 9 0 20 74217 1.0322631869273786
25 26 18 17 54262 1.0248949389823256
21 15 12 4 56826 1.0544274205457445
26 11 27 20 36291 0.9784388039773796
20 18 10 24 53021 0.9112065599432728
8 21 23 15 72597 0.937221010316632
22 20 10 23 43782 0.9826838814736734
13 23 28 16 71912 0.9722029320560525
28 20 10 9 86345 1.0889573423816397
27 11 26 20 35636 1.0374721555668904
28 5 19 1 41740 1.0375287832649474
6 15 5 24 34533 1.0496566395368006
10 9 18 13 36122 1.0919239448163458
21 11 7 29 101088 0.9314082299297756
26 0 16 26 113090 1.0139495977959085
26 4 5 28 138600 1.011982076603646
27 7 7 17 88952 1.0535036515772302
6 20 26 5 107109 1.073850135343479
11 5 29 9 72817 0.9639059301038028
26 7 16 26 87021 1.0883975611566115
11 17 2 8 58836 0.9053303276976187
13 5 16 16 49705 0.9623280959826409
19 9 6 25 85357 1.0324549050269418
4 19 28 14 95899 0.9437710152125214
12 21 13 3 67842 1.0903675230275782
20 19 13 11 52251 0.9141797157385257
4 0 20 16 92376 1.021050601966722
21 6 7 20 90725 1.0178231387048484
29 18 10 7 96618 1.045599066780591
21 26 3 25 63344 0.964159868090959
23 10 25 19 48568 0.9513863399742755
