7876 6499 7090 7823 5397 7504 6406 6489 5859 7194 7750 7634 8229 6256 7303 8203 7783 7245 6739 5419 6104 7027 4837 5847 4833 7035 5489 4463 6392
7311 6378 5327 5501 6458 7391 4703 5387 5848 4705 4865 6582 5486 6277 4376 4305 6253 6889 4644 6967 6143 4397 6930 5159 5178 6311 6683 6098 5277
7660 7150 6415 7700 7667 5521 6228 5546 6923 6275 7188 4931 6332 5144 6662 5440 6297 6641 8045 6779 5064 7403 5325 6468 7003 5401 7646 5271 6262
2202 1975 2313 1979 2589 1953 4625 8078 6555 7707 7735 6743 5476 8152 6665 6281 8091 6746 7295 5359 8423 6386 5377 6115 7790 6389 7521 7107 6002
3966 4393 6125 5683 4060 5935 4996 5745 4299 6144 5789 4980 4731 4748 5196 5382 6382 5472 6012 5605 4737 4080 5721 5393 3486 3935 6446 6239 5578
5989 6571 7362 7384 7503 7174 7007 7521 5449 5699 7000 6516 5529 7034 7032 7130 6298 5375 6020 7955 5675 7602 6434 7381 8079 5722 7419 7718 5939
3716 3944 5416 4907 3681 3627 5310 2563 5527 3535 4240 3512 3045 4379 3965 4760 5330 3931 4279 4149 4901 2681 3730 5006 4342 4969 2623 4447 4676
5953 7858 6602 5686 7804 7993 7704 7424 7086 6890 6181 4724 6105 5533 6604 7092 6806 4290 4272 4395 6092 6461 5100 5603 7095 5072 4313 4595 4889
4793 5755 4458 4258 5344 6706 6918 6206 5359 7314 6208 5551 4660 6773 5872 4649 4823 5180 7071 5708 7330 5675 4760 4692 7636 6968 6276 7463 7131
5048 5507 5224 7425 7202 5567 4815 5994 6224 5037 7787 6049 7209 6542 7669 6824 5575 7401 4847 4920 7558 6128 7395 6517 7042 6639 5718 5166 6745
3933 4011 2836 5927 6680 5563 6679 7445 6835 7125 7793 6046 6059 8070 7512 8092 6483 8316 5604 5637 5655 7586 7899 8304 5274 5482 5690 5352 7080
7756 6568 1395 3540 2666 3705 1853 3782 3487 3789 1248 3785 2408 2593 4090 2455 2842 3177 2608 2880 3525 2438 2581 1930 1509 1226 2804 1218 1157
3664 5320 2576 3201 4499 5243 3306 4793 5426 5371 5330 4530 5372 3798 3713 4891 5175 5442 3987 2676 3854 2908 2899 4022 3287 3204 2587 5349 4759
2613 3427 2339 2234 3376 4956 3217 3643 3510 4270 3003 3519 3180 3025 4017 3384 3142 2374 3429 4328 4374 5847 3762 5291 4933 6839 4423 3763 6654
4511 1475 3046 3138 2243 3507 4083 3481 2874 1833 3512 2135 4166 2426 3095 2608 2655 4048 3835 2848 3207 3450 3047 2755 4560 4159 4779 4877 3799
6227 8326 7612 7572 6857 7156 5406 7411 7628 5531 6093 5391 6724 6459 7209 7943 6208 5340 5985 6093 7417 7542 5749 5868 6814 7723 6254 3186 3309
4132 4618 6949 6054 5537 6840 4491 6331 4367 6132 5427 4846 5649 4821 4638 4693 6533 5741 6409 7203 5891 6166 5082 5217 7378 6954 5112 5058 6376
2066 4439 2805 1449 4387 2516 2545 2742 4864 5109 5631 4598 7207 7530 6493 7319 7555 6269 5422 5959 7125 5067 6830 5418 5799 5416 5596 7423 6405
7824 5854 6606 6033 5210 4917 6667 6897 6760 7860 7227 5177 6473 7695 7657 6323 7661 5940 6632 5604 5168 6216 5520 4382 4091 3793 5827 5427 5853
3516 2322 4840 4166 2379 2760 4016 4911 3503 4100 2271 3468 4156 2866 4756 3575 3825 4571 5392 6727 4213 5506 6217 5037 4779 4852 4910 4301 4647
6141 4325 4444 4520 4466 4906 4684 6233 6586 5468 4714 4829 6680 7158 6660 7506 5264 4764 5572 6886 4663 6536 5603 5593 4548 5267 7496 5753 4853
3654 5271 5095 6627 4699 5506 6267 6259 5515 4580 4973 6965 6089 5876 6094 5283 7116 5553 6652 6574 4947 6644 4586 5178 5095 5191 6789 6442 5049
5556 6776 5693 6260 4960 6909 6181 5399 5556 5639 5648 4747 5977 5972 6580 5512 4922 4624 6416 6335 6133 6383 5242 6139 5081 5030 4598 5067 6743
5281 3097 2400 3790 4582 4130 3756 3700 4293 3552 3204 2411 4123 2616 2854 2160 3343 2993 3873 4069 2774 1695 3109 3722 1812 2795 4250 2549 2668
8711 8070 6928 8400 8337 7247 8128 6225 5691 8698 6075 7133 5792 5756 6511 8680 6345 4463 5890 5253 4128 3956 4958 3966 6258 3395 5931 3433 5221
4014 4114 4874 2841 4592 3384 3120 4746 3513 3814 5137 2784 4341 4471 4334 3243 3063 2734 4469 3043 3551 3816 4743 4667 4304 4921 2692 7205 7333
8023 7074 6081 6259 7849 8210 8605 6381 8676 6692 6560 6526 5984 6073 6711 7160 8319 6053 6919 6168 7018 6350 8381 7100 6565 4534 3429 2251 4142
7725 6841 6985 6136 6563 6405 7120 7277 6207 7515 5958 7388 8372 7212 2560 2305 1790 4283 2206 2391 1570 2607 3866 1835 3819 3598 4337 4291 3501
6649 5553 6881 6920 4913 4078 6219 4383 5303 5413 6596 4837 4094 5770 4145 6586 6307 4141 5500 6407 4256 7050 6768 5398 6501 4236 2452 4052 3345
8893 6957 7354 6252 6456 7480 7912 7951 8362 6248 7458 6209 7593 8670 6578 8307 6927 5818 8096 5879 7825 6642 7216 5490 6681 6881 5788 7104 4752
2789 2684 6681 5760 3212 1912 4323 3789 2850 8712 6873 4748 8100 3879 8468 5925 4250 7080 4619 4746 4862 4392 5964 6377 7384 4724 6449 7309 7858 7413
4263 2381 5218 5316 6032 4168 5546 1909 3106 7356 4825 3635 6271 2359 5912 4229 4327 6133 3510 5348 3185 3282 6053 8552 6374 4828 7380 3929 5521 5860
1786 2541 4927 5550 6667 3447 6173 2064 4050 8675 5023 5043 7005 2315 7598 5853 4406 8046 5940 6974 3344 3645 5056 5945 7115 5127 4305 4540 5917 7993
1757 4261 5433 6187 6322 2538 3314 3402 4129 7528 4429 5172 7485 1779 8075 5381 4562 6108 3302 4604 4485 2587 6314 5920 4900 7645 1837 2939 7162 6579
3029 4527 4529 5157 6460 3451 3710 3131 3956 7954 4732 4904 6203 2986 6378 3929 5026 6966 6178 3967 2882 4141 5360 6324 7197 7106 4588 2883 6989 5914
3407 2236 5548 6460 5449 3365 3374 3455 5292 5706 6207 5591 7329 1699 6988 4446 5018 6053 4041 6422 5758 5531 6936 7975 5452 5347 3654 5010 6703 8176
2497 2764 5856 5786 7752 3955 5265 3791 4413 8596 5454 2952 7392 1614 5899 5915 4167 7229 5762 5099 3109 3470 5071 8274 6082 4747 4093 5111 5428 8395
1830 4966 4567 6724 7314 2524 5506 4393 3020 7757 6899 4225 7789 4224 7635 5971 4153 7788 4525 4690 5411 4339 5994 6429 6688 5047 2347 4058 6400 5538
3287 3701 5106 4516 6429 4461 4743 3078 5747 8199 4228 3625 6541 1400 5805 4551 6589 7084 3611 6775 4586 3695 7106 5860 6247 4890 4243 2826 7925 8165
3335 4013 4995 6945 7403 3650 5533 4176 4626 5937 4448 5238 6109 3425 5833 3740 6468 6096 3994 5489 5838 4616 7856 7923 5630 7739 2756 4802 7289 8564
1677 4545 5459 5436 5988 3833 6506 2869 3799 7169 5613 4744 7555 3891 8226 3867 4441 8235 4678 5243 5571 3368 5646 7789 7822 4731 2951 4567 5857 8256
3614 1940 6619 5488 7085 2530 5169 2174 4291 6807 7014 4313 5791 3465 7225 3629 6700 6377 3244 4087 3043 3323 7974 8316 7446 6168 4736 4350 6698 8096
1628 4608 6403 2660 5561 4190 5931 4538 2970 7723 5199 5629 5805 4221 5977 6066 5590 6395 3667 4759 3086 5891 5642 8336 7229 6413 3352 2217 7884 6331
1385 4985 4596 3169 5923 1900 4710 4309 5345 7819 6450 5849 5796 1813 7572 5546 5944 6754 3564 6020 4500 6104 5270 3822 5536 3599 2504 3777 6496 7462
1401 4119 6319 3586 7798 4367 6607 3106 5504 8518 6204 4391 6067 4007 6963 7209 6908 7321 4030 4140 3512 3661 7788 3723 7654 6252 2223 3617 5870 6189
1727 4183 5656 2344 6876 4097 7096 2021 4632 8368 5113 3048 6569 2494 8848 6925 4780 6317 2943 5083 4203 5222 5303 3280 6084 4212 2173 3073 7185 6163
3120 2671 6130 2577 5103 2328 6823 2539 4549 6981 7182 3339 8009 3811 5946 7163 3928 6933 4919 3804 5315 6100 5712 2388 6675 4472 2684 4764 7214 2219
2227 2191 6219 2356 5990 4344 6945 2381 5761 5738 5023 5854 8373 2181 6750 7989 5727 6075 3042 5284 5114 4060 7584 2806 6732 5994 3375 3986 8135 4128
2568 3366 6008 2883 5741 3091 6488 2814 3839 6685 6883 5242 6762 3547 8873 5366 6969 4989 5386 4752 4079 3494 6969 2489 4798 4175 3414 2952 8327 3171
4364 2120 4539 2527 6208 2059 6072 2187 4952 4943 5343 3211 7333 3518 7404 7685 5975 5556 3388 6097 2932 3852 6720 2669 6724 4811 2429 4238 6797 4263
3190 4676 4345 2885 5559 1775 6858 4752 3958 4142 4972 5251 8423 4000 8158 7517 6362 7116 3883 4165 5842 4746 6118 3043 6644 4166 3233 2946 2480 4425
2309 4564 4930 2891 6117 3958 4863 5147 5702 4155 5219 2216 6393 4456 6323 5805 6978 7391 4610 3402 3670 5577 4853 2738 7033 5107 3039 4496 3564 4552
2110 7189 1830 3861 5820 2856 4652 6339 3615 3049 5619 1947 8040 3718 5618 7782 2427 5009 3382 5123 5823 5650 3298 4427 6505 3911 1774 3330 2662 4004
3179 5632 3850 2399 6830 3356 6810 5870 5410 3336 5070 2879 7574 2708 5213 5169 3465 7072 3505 3874 7986 4562 3237 4108 5889 5340 4636 3896 4746 2106
2639 4303 3110 2633 6076 4206 6425 4616 4377 3463 4390 2820 3495 2003 5829 7175 3186 5715 3761 4709 7179 5375 4109 2938 8305 3347 4288 3888 4725 2641
1784 6459 2457 2124 6383 4801 7453 5845 4129 3098 6297 4060 3730 4250 6555 6533 4427 7417 3208 3604 8078 5976 3324 4157 6184 5638 3831 3465 5195 3944
1881 4931 3790 2473 4999 3064 7604 4966 6196 5225 6953 2964 5081 1428 7540 6644 3385 7680 5522 5929 6549 4251 3281 3169 6282 4557 2094 4643 3792 3982
1852 4926 2279 2981 7161 4852 6672 3821 6465 3050 4524 4399 4025 4996 5098 5038 3556 6386 4372 4459 6041 5519 3114 5224 6250 5691 4119 3152 2723 4160
2241 5256 1917 1783 5135 5096 7087 4671 6680 4867 5008 4286 5977 5704 5643 6028 2603 6018 3140 4228 6258 5526 4551 3537 6978 5440 3784 3132 2993 2662
12 5 15 13 35688 0.9846523759715079
0 13 21 8 81518 0.9218830256548307
5 1 26 2 64624 1.0784011084669547
6 22 25 28 83059 1.0493781849772037
22 7 9 3 59744 1.0813447400240899
16 27 5 9 88284 0.9126956660298957
26 2 8 27 123388 0.950598321651888
20 26 29 3 97507 1.0668315735380256
18 6 17 28 97507 1.0600655699939676
20 3 13 15 53185 0.9095461051604696
12 9 9 17 43659 0.9073280143521242
11 6 14 13 29851 1.054622585218835
22 5 11 16 64067 0.9950910262721915
7 8 10 21 59447 1.075743390607967
26 7 0 12 111166 0.9325486577879444
18 23 5 15 74982 0.9614889765546911
4 24 16 16 79616 0.9262916582939016
3 23 14 8 91699 1.078203351498172
13 25 28 9 99425 1.0372981397690566
5 29 10 18 59477 0.9998515286139544
16 6 1 19 95554 0.9954077952888638
29 9 3 25 141938 0.9906999729694004
9 9 2 22 87012 1.0528728790955229
19 20 4 1 113397 1.0415970626825044
25 24 21 11 51896 0.9609220263998024
8 14 19 9 55023 0.9599577081045025
9 11 25 2 77117 0.9180144181225928
23 25 11 9 82815 1.0711295331551534
7 7 28 13 87727 0.9786140532844858
28 1 7 22 133554 1.0816773019031396
20 27 24 16 47464 1.0870176384416623
7 14 21 12 57619 1.0486756483986042
12 28 22 14 78953 0.9455895139408786
13 1 0 4 53054 0.9700010318605132
11 29 24 18 66866 0.9900867016376838
0 12 6 26 79668 0.9937158468188239
25 6 21 14 45518 0.9596702348024069
2 12 26 27 113536 1.0941061496849251
8 21 29 22 83424 0.9848822584865116
17 11 4 5 63927 1.0216736140368283
26 1 29 18 84017 1.0099112881176293
19 0 6 25 112407 0.9173779093284248
10 27 9 1 86366 0.9860569537266346
9 8 23 29 101399 1.072343814351685
24 12 5 13 65984 1.0423676766545416
3 23 17 16 85317 0.9672329037600876
24 6 9 24 112959 0.9728795590805293
10 13 2 16 36688 0.9855270178012421
26 2 28 27 97894 1.0390084749517368
17 23 1 18 80753 0.9733517303901807
17 29 7 29 54575 1.009415885544689
5 2 19 6 61878 0.9037051015793557
7 14 25 1 95413 0.9556775827901073
6 2 11 29 95517 1.0346534588300693
20 11 17 18 38856 1.036299291494878
12 21 23 13 63671 1.093702018891412
14 8 10 23 60997 0.9654614354856073
0 23 17 11 104620 1.0201007445534072
5 10 0 18 59404 1.0673193063601614
14 17 3 3 76685 1.042053089119917
28 4 29 27 99237 0.9980652322649601
8 4 19 29 113518 1.0453856906606378
21 13 7 2 84842 1.0486520719310624
19 20 21 5 64731 1.061347089611967
0 22 21 20 94186 1.0508416679200945
1 0 0 14 70666 0.9705918076976952
2 22 6 6 85537 1.0500000978118118
10 19 7 12 42053 0.9420878911910608
28 28 17 22 57178 0.9301070689951563
15 23 12 4 71122 0.9694559104555971
9 2 10 24 81053 1.0328594882687467
24 7 10 22 96910 0.9018029412088151
7 26 2 19 52568 0.9649810630152043
13 26 9 0 90338 0.9308527443781227
27 12 3 27 120459 0.90245860734108
18 28 16 19 53056 1.077294007703714
15 29 16 13 64085 1.0312381743108825
21 1 8 21 101109 1.0818530778012785
9 11 13 17 37429 0.951333937604756
7 10 0 22 79735 0.957196543821668
20 26 1 26 65044 0.9672624162146862
8 29 24 11 111009 0.9801719737147764
26 9 11 20 83086 1.0888537217535645
19 3 23 15 51832 0.9201304811107407
8 18 5 29 61642 1.0497739238583825
23 23 22 6 59177 0.9996147673018035
15 21 19 12 48579 1.069022004689037
9 12 22 27 86139 0.9365995939403315
25 10 20 4 39194 1.0154622483428528
22 23 28 0 93567 1.0508649941618404
29 0 12 12 83653 0.9537170684287415
13 17 14 3 46353 1.0234401120519778
25 7 19 13 42063 1.0342711137377247
13 6 24 6 46334 0.9588755292078703
11 12 21 19 60184 0.9391508533520019
8 25 21 27 53473 0.9842546255065683
12 29 22 15 81019 0.9699123233441411
14 22 20 16 47076 1.0095089205216803
19 10 23 23 50916 0.942123406480044
5 29 7 12 83853 0.936361223547269
1 4 21 3 74823 1.0521452374259874
25 13 2 5 98950 0.9149266966318235
12 18 18 6 56137 1.0473240029816417
3 22 15 25 68355 0.9172497290309728
12 20 25 16 62464 1.087129055894244
2 26 20 29 73356 0.9023092778782863
0 24 23 8 140726 1.0155984865848604
13 17 4 29 66705 1.0904032710284453
8 21 4 1 95608 0.9196153467778378
8 20 15 8 66163 0.9898294568630372
21 8 1 7 68528 1.078663527232127
5 9 4 24 79402 0.909249548041856
13 16 4 3 77151 0.9470229428399844
16 19 27 4 96163 0.9631133057997272
18 17 22 24 50570 0.959476463553668
23 0 1 2 63964 0.9502089846376115
21 15 17 24 59190 0.9247982550012483
8 16 19 24 67830 0.9688380630256479
0 25 11 23 50392 0.9929901972954204
11 5 19 0 33137 1.0538532871367656
26 4 24 19 67540 0.9165330245864246
6 19 28 16 96592 0.9697187156205007
27 25 22 16 41257 1.0030643158835157
13 1 3 29 118961 1.0333052880622131
10 16 29 29 93055 0.9738953275983784
19 28 1 8 120704 0.9183541107369952
11 21 1 10 66795 0.954062866351197
19 13 0 0 90343 0.9862661472683684
25 27 15 3 104388 0.9770522908128679
0 4 12 0 48813 1.0752440066695435
16 11 10 5 39182 0.9944791908092796
19 1 0 2 57624 1.0003516229894085
19 13 19 3 35730 0.9975847597939929
3 2 14 0 31623 1.074572622885087
19 7 4 1 61305 0.9160351842060552
6 19 18 3 89617 1.0829940816297243
16 18 25 24 55843 0.9150223645864783
2 16 11 22 61069 0.9138494703485214
14 20 21 3 68730 1.008826474071823
24 21 6 1 117807 0.942673049077005
14 28 22 26 32226 1.060578324217435
23 9 27 28 71976 1.0534975480750228
25 28 11 7 103559 0.9092456731368898
13 28 29 17 82527 1.0603513911002447
21 24 1 13 91986 1.0560227132354685
19 4 12 29 96645 1.0652531614874778
21 1 22 24 91685 1.0667087032951361
10 2 20 1 32239 0.9029816240732418
10 21 28 22 70562 1.005435909050124
2 22 24 3 132830 0.9266449284987698
15 11 2 15 55330 1.0150086186459837
9 28 15 9 80108 1.0088395958382963
3 29 10 5 104698 1.0120776429260117
20 15 8 8 69735 0.9243174938043474
27 25 8 23 79620 0.9614412742600672
11 5 28 22 103069 0.9831269854394522
9 20 19 25 53560 0.9233231624767073
0 16 2 4 71888 0.9846682252667549
3 3 27 27 144378 1.0985694330972449
11 16 21 21 56478 0.9617285990548807
25 11 23 19 29675 1.0116674549991942
6 17 12 3 67275 1.0255279772562174
19 26 10 14 63011 0.9346574102531535
26 4 23 18 59793 1.0179649792598622
24 17 12 20 57445 1.0715310597754406
11 13 22 6 58430 0.9699289111207665
7 0 12 25 92309 0.9145921446088972
15 22 29 29 66880 0.9401760475301187
16 20 2 22 64664 0.9769550097650783
13 0 15 19 64196 0.9026485966374942
7 20 18 20 50179 0.9871789059859498
0 11 18 1 85113 0.9841259302638857
0 26 16 16 92166 0.9932803149883328
17 16 10 25 54996 1.0322435968574457
5 14 12 20 46975 0.9283296239389639
12 26 15 0 86142 1.0401867074270856
16 10 2 22 95631 0.9155938168911045
10 1 6 28 98442 0.9459775229495362
18 23 8 22 49008 0.9238493080970077
15 16 23 22 55512 1.0650185749330214
1 1 26 20 134483 1.0358213994895098
13 20 22 18 43384 0.9078311996117999
27 22 5 14 101458 1.0582171334558967
27 4 4 17 120178 1.0629027581139467
8 12 23 25 84961 1.0587504641948187
21 24 6 4 112455 1.006676455652088
8 1 29 27 142184 0.9221426035100727
13 17 26 3 76504 0.9664820130894916
8 24 24 19 81220 1.0077414869643617
24 23 2 24 90551 1.0340007159314206
7 10 12 20 52317 1.0504690418406333
14 5 22 13 53605 1.0570416206853241
28 20 8 25 87461 0.9991469193946757
0 22 4 16 48083 0.9902143445911613
22 10 8 20 86129 0.9735101993804509
22 29 20 10 71928 1.0012947012448346
14 27 11 19 29237 0.9868722251568035
24 7 5 7 69939 0.9217205734969557
16 27 20 20 44794 1.0842306894991254
28 18 2 27 107856 0.9619803769419294
11 25 1 16 71416 0.9308626297990004
25 0 25 18 69119 0.9061949994897881
20 0 12 23 92779 0.9789853571945852
25 22 20 0 89651 0.9415023821836997
16 21 13 28 37544 1.0302682360181992
10 23 5 0 96395 1.0197628340347906
13 17 19 0 66050 0.9867533579289375
11 18 23 3 78623 0.941121748101756
22 28 24 4 87857 0.9599881274055314
5 23 29 13 120364 0.9714061564852263
6 9 20 0 69456 1.0503954765305519
24 4 20 20 77824 0.9225885702437546
10 3 5 27 93576 0.9559832737884884
8 20 23 1 105603 0.958800182111796
22 13 1 4 103420 0.9243711254485446
24 16 21 3 55388 0.9791433772259532
4 6 4 26 98668 0.937358780510758
28 28 14 24 56910 0.9188601896634292
19 15 7 21 67797 1.0320192222604945
5 0 14 12 58498 1.0145144941092181
12 2 12 20 60551 1.0488588917984027
16 5 24 21 75772 1.069345482581332
1 19 9 14 57662 1.056531358387141
24 23 15 5 84219 1.0742525984871047
0 9 27 18 125439 0.9438158777611263
24 27 6 13 91490 0.9097027522485327
26 7 15 12 63077 1.0539134435316082
12 15 8 27 45051 1.0294237347116586
11 16 22 4 69027 0.948796342066423
3 0 27 1 67670 0.9658262805800071
29 16 26 5 59554 0.9823385508054367
22 27 24 6 76036 1.0395437854416985
0 12 22 9 90574 1.0139424293087274
15 15 27 22 75814 0.9550869735147486
5 18 27 15 95773 0.9193541406103821
29 21 11 25 75203 1.0381909764050332
16 14 23 3 62254 1.0553249725056986
12 10 24 27 91391 1.0849991139812687
16 16 6 10 54667 1.0843338998585503
21 17 15 4 73641 1.0898816156910083
26 20 18 29 61733 0.9901791803139834
16 21 15 9 53769 1.0015718456250935
19 18 19 4 51157 1.0057723442780628
8 26 18 10 81036 1.0014895883317905
13 5 13 25 69624 0.9745471746323295
16 12 27 22 67820 0.9354470403941799
23 24 3 21 80974 0.9492346460715068
4 9 6 19 52973 1.0474038061322868
29 6 7 6 91400 0.93937119008717
26 8 0 7 94955 0.9849025596488143
19 9 6 7 50603 1.0275586261026397
28 0 0 21 147738 1.0151590357502667
4 25 0 12 80775 1.037058207785254
1 20 4 2 95449 0.9634241761455162
4 28 29 25 96725 0.9508459239930164
1 25 8 8 102640 0.9695064427679472
8 6 8 18 62542 1.0311900077502292
20 2 0 11 94924 1.061661339232773
14 9 4 18 67564 0.9266374867181658
27 17 13 0 90862 1.0820355683820095
10 29 19 15 74898 0.9441661334757712
22 24 14 29 46136 0.9113106186352683
29 22 29 2 93856 1.077055289943767
5 6 24 17 102257 1.0706292975574248
2 2 13 4 45778 0.9451716250028177
13 6 27 9 60212 1.0204302971338641
2 7 3 22 87617 1.03665881640445
8 6 26 7 75199 1.0772294358047712
10 24 5 29 43907 1.004067274640838
13 15 24 20 61047 0.9171202908295413
18 4 14 29 96430 0.9452797781521803
28 24 21 29 42830 0.970902283300878
16 24 7 23 59256 0.9203114099808003
19 19 28 14 51417 0.9597100227966733
4 17 25 13 86889 0.9218982223333014
4 4 6 20 73028 1.0570384676363083
2 27 20 0 129797 0.9342984082889044
5 24 21 7 107827 1.0134253960287984
18 21 6 7 90070 1.0210924204307807
29 19 6 17 99448 0.9859757039965427
7 9 16 3 51924 0.9875933626091975
7 3 17 14 78782 0.9464308532579958
16 8 15 29 82240 1.0870718717284342
16 28 23 13 67933 0.9805272427610916
9 17 26 23 80660 1.0375593777456515
23 14 28 5 50185 1.0159407997103873
11 13 2 29 79772 0.9632088534287606
9 19 2 0 91717 1.021975501659252
8 26 0 13 73375 1.0322297114750763
1 26 15 15 83846 1.0352848338270506
20 10 3 2 81130 1.0645923237533275
9 17 3 5 72319 1.0502453604351452
3 2 14 12 64703 0.938375670011903
12 28 26 20 72365 0.9222723808945007
9 17 22 8 83271 0.9147635538909675
5 23 18 7 95591 1.0063516815988256
24 12 21 29 64338 1.0711054674388634
0 4 11 1 52000 1.087162820168029
6 24 3 15 52523 0.9297454367218103
16 11 5 27 81116 1.0957210724714943
20 21 3 23 85217 0.9265499738854612
11 27 26 3 107280 0.9325982249589341
6 12 0 18 46902 1.0040419299653218
25 10 2 23 128914 1.0342212496561285
21 2 17 8 29385 0.9562741043072976
21 9 5 13 64872 0.9147016728049645
13 0 22 25 105910 1.0016534414192375
25 0 11 15 81668 1.0850661959492973
27 9 15 17 76272 1.0152011604542257
0 1 29 19 141907 0.983885787046274
5 6 9 22 83772 0.9165084762606949
13 0 29 13 88068 0.9247214352660235
6 12 8 24 61675 0.9110730333251109
8 4 19 13 66884 0.9982564847341032
14 26 15 7 63800 1.0148825784377082
17 20 1 13 69736 1.0896509960686593
27 0 26 20 87025 1.0739369017032554
7 19 16 9 71035 0.9676383184017885
1 18 5 4 79727 0.9166244114088946
27 11 24 23 52454 1.0429489692105574
10 23 2 10 78762 0.9745929950865064
5 18 18 16 65132 0.9326366501273122
10 26 27 1 122719 0.9330140397716505
6 5 20 20 98649 0.9148202606440793
28 19 26 7 60592 0.9258281919697207
21 17 1 4 119140 1.0210688473654495
7 28 24 27 64287 0.9416120135928214
17 6 10 2 34988 1.0518667828730108
26 10 23 24 55664 1.0365038797988513
20 21 22 1 89202 0.9803572918480794
0 2 7 26 120946 0.9191179032373095
24 20 11 6 86645 0.9420900574472616
21 16 1 16 89723 0.9583896847778914
17 16 21 25 64480 1.074088182180631
15 11 29 0 74308 0.9919717531693175
5 3 17 18 93751 1.098836312840011
1 6 21 14 94403 1.076901185566993
7 3 18 28 118170 1.0474435042816048
19 20 11 4 79960 0.9371260133014808
27 7 3 22 140635 1.0498964475829882
12 23 1 18 63684 0.9922010742218448
25 29 17 8 90662 0.9199937447079924
21 21 4 19 83731 1.0521219456849038
0 8 13 15 70756 1.0808946909900192
9 22 0 23 52016 0.9107023022517846
22 2 5 4 69296 1.06162412917178
4 11 13 28 75938 0.9639621870577915
25 6 19 21 75856 0.9068401205082718
18 9 2 13 66389 0.9118344961646052
28 15 1 10 109055 1.0100270284698658
28 15 10 8 84946 1.026971829567068
17 10 25 8 42607 0.9728490346873109
10 18 24 21 66014 0.9545606873750264
22 10 1 8 88830 0.9451456697968892
21 2 10 10 60483 1.0105556780337377
25 21 3 23 100604 0.9630911774067247
18 4 11 21 73951 0.9786514258631127
15 18 29 27 79144 0.9824695565371451
21 5 20 26 81844 0.9417647205814403
16 29 8 27 38814 1.0033215205949184
10 4 2 18 86228 0.9430420601305266
8 0 29 14 107318 0.971833492447796
0 1 8 11 56070 1.0904316133509913
8 14 29 26 102889 0.9415544699193734
22 18 9 24 72090 1.0347542715111497
6 21 13 25 40527 1.0847249895779523
15 2 28 10 73950 0.9825811931610536
28 24 16 4 100956 0.9114361877837281
29 27 17 22 57883 1.0929673863187137
24 16 20 3 57839 1.0027307074859744
9 27 17 3 91342 1.0350709020579942
17 14 23 6 52012 1.0133557726083058
6 14 13 3 55320 0.9366768932872077
20 4 12 0 30857 0.9219691083555651
26 12 8 22 95537 1.0262879545227777
22 2 20 19 72300 1.0861067573057201
14 6 17 17 53384 0.935570284207951
5 4 2 22 98294 0.9237490510776927
10 20 6 3 77284 1.094162386214103
27 28 13 21 69543 0.9882906137654003
17 29 14 0 105858 0.9087204560691836
14 24 12 10 50688 0.9369687800666401
16 29 2 5 118558 1.0650710964113397
5 10 1 1 44607 1.0909504574715794
1 5 24 19 120120 1.0651989983670314
6 5 21 1 60128 0.9161318648576837
18 27 27 4 105432 0.9486930891948386
23 8 24 27 63544 0.9253121427682314
29 11 7 23 118945 0.9183803463635629
6 19 28 18 92605 0.9711265896523267
16 29 14 4 91469 0.9114219734161382
20 7 11 9 33338 0.9106096570837382
22 9 3 23 120454 0.9122082929285747
18 29 19 14 76479 1.08400258886948
22 12 5 21 92679 0.905510372214803
23 17 25 3 53258 0.9997425898059629
28 16 7 10 95509 0.9961047781917425
25 7 24 23 61942 1.0762340749929244
10 5 17 9 35315 0.9912735034335535
5 22 18 22 66279 1.067430816653198
25 10 12 9 64525 1.038184168429424
0 28 22 27 87846 1.0513741739106732
8 6 2 26 99730 1.0470810344241928
28 16 10 3 100306 0.9663920702443284
27 28 13 8 107456 0.9143109701111768
3 18 16 29 84211 0.9003740983057366
8 16 10 29 54418 0.919879829567737
4 26 20 29 67214 1.013597154095191
11 25 21 7 79928 1.0808639815288115
17 11 0 4 81389 0.9825062755594616
17 5 17 16 54473 1.0938164432943545
18 29 22 22 42240 1.0296021376303899
3 4 24 24 130778 0.9481998327327841
5 4 2 16 66514 0.9892771250582345
11 12 17 8 37520 1.0834671372909
22 27 13 19 57174 0.9334692730040932
0 26 10 19 65935 1.062659838381893
9 5 2 2 32102 0.9486512784402051
28 22 23 3 77595 0.9880256090149154
8 11 10 24 57868 1.0856195777584812
29 2 4 7 90165 0.9005877799036267
3 3 18 26 111303 0.9114700633279526
11 4 16 23 74444 1.0121999128793533
14 6 22 10 44237 1.0545486085959617
20 2 1 15 94618 0.9542034075396812
9 13 24 1 81911 0.9100646971967244
12 25 22 18 60635 0.9299267307889171
11 18 10 27 26068 1.0078565372218733
17 11 19 27 78551 0.9878958133240272
2 21 19 28 78748 0.9369917709169989
27 18 23 9 41456 0.9601480852025095
1 15 14 25 84378 1.0014875181340803
9 8 28 8 83766 0.9023215536230542
23 21 11 16 62793 0.9036812663509332
17 15 11 20 45601 1.0751932939458355
1 24 23 15 113462 1.0524516349854438
13 23 13 12 40034 0.9161959759238077
5 13 25 11 67740 0.9529965852555288
28 17 23 1 73307 1.099304562085388
20 21 27 10 65473 0.9129159065585736
26 4 1 9 102387 0.9025653789452823
7 13 3 0 51660 0.993671634177754
6 18 14 2 78023 1.028236444755727
6 17 28 8 109007 1.0953527399100949
5 29 26 17 111414 1.0359368972260619
10 17 3 21 48186 0.9265012520238528
28 18 19 5 72355 1.0157880874127094
24 19 28 4 74195 1.0814787769553418
29 10 12 22 99349 0.9936368041494026
8 13 15 22 54140 0.9477579648683283
2 24 24 13 118637 1.0586271331392945
7 3 17 8 54576 1.0950532354144464
5 6 12 9 39384 1.0693554941092058
8 5 27 14 92560 1.0696863398287486
29 1 17 26 119380 1.0867221243822627
26 8 13 27 96817 0.9109343566383663
19 18 28 29 65412 0.9764593192783771
22 0 4 14 91044 1.0104925838441743
20 13 3 1 87225 1.0653864886707967
7 14 21 22 84012 0.9853194376252024
22 14 9 7 69029 1.0378732630092102
0 20 10 12 70769 1.0799788713782086
14 8 21 18 56943 1.072304688696793
22 19 3 4 115601 0.9144984366604083
6 12 2 5 39390 1.0552154663059203
17 16 1 0 97244 0.9588319118794053
6 8 15 26 81082 1.0054300945900891
10 0 17 3 23862 0.9994872911026785
17 1 3 23 120987 1.0029711706093207
12 2 17 20 72882 0.972040396211582
10 20 1 16 59972 0.9441203141404604
19 13 6 6 67655 0.9552945528431054
17 9 8 24 88136 0.9454504263091215
9 6 29 29 128111 0.9987057408785732
9 5 18 15 68884 0.9595175359290326
25 19 10 17 69205 1.0095893920925956
14 18 26 10 67440 0.9416412253162997
12 29 20 9 91606 0.9664095103899214
16 13 1 7 66767 1.0904184070137455
19 3 15 28 96078 1.0773817841787752
25 25 8 3 125771 0.9747692656760474
6 10 6 27 69842 0.977277735518168
6 18 3 3 65921 1.0217631377801333
26 10 12 6 66306 0.9849711202741925
13 11 19 21 55771 1.0090716979515815
10 15 2 0 75228 0.9724600981231123
13 27 10 7 64593 1.0284305627529353
8 22 21 16 76940 0.9816386796736485
28 18 4 28 106616 1.0193339234201848
18 29 22 22 42240 0.9479754099883927
12 12 7 17 42648 1.0672025755390915
12 26 0 0 110320 0.9069940032576598
16 4 1 10 76387 1.0392239423742518
26 25 11 22 59198 1.0442652173516627
19 15 0 24 111498 1.0774035547161183
23 27 17 22 37581 0.9175340471422141
8 21 19 16 59883 1.0189153945801706
10 13 23 27 76931 0.9779974289613531
0 12 7 24 76439 0.9402111999290157
20 22 24 1 89316 0.9606347086643675
12 3 28 28 125053 0.9434230750427266
14 1 7 16 70222 0.9278952919522201
17 5 20 22 78508 0.9814942660059918
15 7 6 25 85819 0.9987039685992771
25 3 29 22 78539 0.9539902393886638
8 22 26 6 117708 1.0089383166080959
15 6 23 4 36246 0.9401279299301211
8 4 2 21 93584 0.94520722026775
21 3 2 18 110231 1.0659400177484737
10 10 21 23 74170 0.9797421534787366
20 1 4 29 133161 0.9715759706320192
0 5 23 22 126696 0.9330376897335013
14 23 24 25 38437 1.028298773983547
9 12 25 23 89852 0.9793040005822811
9 1 25 7 68180 1.0978867020034027
15 20 7 11 57678 0.9859167774549615
0 23 19 21 91727 0.9964737756416433
11 0 27 10 82654 1.0958205134717056
16 11 13 25 55873 0.9147351164347574
8 6 6 25 88977 1.0901281147699893
10 5 20 8 41324 1.0381363409562592
22 4 23 22 63362 1.0014742815802107
11 26 3 5 85688 0.9897057060949016
16 27 6 23 50545 0.9099065794865365
20 15 2 25 105323 0.9225016304837131
0 11 10 15 53058 0.9772744819575029
12 10 22 19 68393 0.9829858320824398
28 2 9 3 67494 1.0543877560361596
5 16 8 26 54776 1.0241847414566434
21 3 11 10 49775 0.9199997870325868
14 27 20 12 73710 1.0429377065939665
10 3 13 29 89159 0.9483446264099145
25 3 29 11 46856 0.9708715991022889
23 12 10 13 49245 1.0868389203803173
2 28 17 0 125909 0.9188906354859507
24 21 13 27 48966 1.0781517630046027
20 5 26 25 87103 0.9302857487622337
14 21 4 17 57585 1.097982175983013
17 26 14 2 83791 1.0868361054224505
7 0 28 9 88318 0.9613138320667761
23 0 2 11 96094 1.0005509218770943
22 12 18 0 56777 0.977739180222969
16 13 22 26 64820 1.0375556574842277
15 13 2 5 68787 1.0597867382462791
19 23 21 0 95101 1.0644957412920775
4 17 13 15 51248 0.9389196270513119
24 3 29 20 81505 0.9306559158145405
18 9 10 6 40390 1.0788674825978566
2 18 13 28 73862 1.0113082011703733
26 15 4 14 85267 0.9540173627593314
24 4 7 10 84964 1.0285351796547992
13 0 18 7 30221 1.0868937061278299
17 20 24 16 44873 1.0721245641046693
25 18 27 1 74079 0.9395394225593531
18 22 3 9 105310 0.9827210383925405
6 11 25 3 83591 0.9452287585817749
23 4 11 4 44557 0.9346009403291484
20 3 24 13 49452 0.9957931767463342
11 7 19 11 38667 0.9546348984851379
5 5 18 16 84816 1.0959826665770136
5 27 26 25 75975 1.040343650811077
0 29 12 29 69300 1.0042117325523352
1 9 25 14 97743 1.0989572191877883
5 8 29 21 126314 0.9841876687307588
1 26 28 17 115766 0.9503017196688487
16 17 6 23 58101 1.0297279976189282
29 15 14 8 77479 0.9800536056382978
19 9 10 17 59596 1.0125593210123953
15 0 16 12 47389 1.0189706283658713
24 3 10 7 50737 1.045160078248562
7 2 7 18 79346 0.9479812392746247
24 17 9 5 87938 0.9931456267657458
6 1 17 8 52166 1.09509532640479
27 3 10 24 112036 1.0546918735186879
0 9 22 5 84814 1.0952856354118188
11 22 3 16 56663 1.0242660822018248
4 28 19 0 124193 1.0068659783279583
22 6 2 14 86907 0.90952647465236
28 23 0 26 107464 1.0769224065195524
1 21 19 13 88383 0.980712896128821
21 13 0 26 111514 0.9285601675042281
1 4 14 26 110353 1.049889613053028
2 15 19 10 70573 0.9040106344957118
3 22 15 27 64582 0.9523138322524987
9 6 18 16 69330 0.9942311987838759
18 10 8 19 71743 1.0499788523042528
6 2 9 25 101582 0.9893089901305402
6 18 25 22 86409 0.9178668914735862
3 0 27 6 87142 1.050786763467941
4 6 16 25 104184 0.9213366238361383
6 22 8 7 68981 0.9934178944419343
17 27 3 13 78140 1.0764626971304991
27 16 8 13 72040 0.902056591237173
14 3 4 19 89005 0.9576401958243352
17 21 10 16 44767 1.0525549888780872
8 28 9 16 57339 1.0909538563213323
11 23 29 20 81466 0.9965497848087191
20 20 15 6 72214 0.9865521998811285
1 9 16 17 81251 1.0920910964700292
4 25 13 20 47905 1.0160969060541747
11 28 0 20 62209 0.9510774495140591
24 28 26 14 56308 1.0123335268112805
4 9 12 11 46420 1.0467257286762013
24 3 14 25 94900 1.0492486010010673
0 16 28 29 138128 0.9226568082370505
11 28 28 0 118378 1.0256632000520085
3 26 0 1 121951 1.0067829179813539
9 3 11 25 75272 0.9376977672480878
24 29 12 10 94818 1.0007458751247653
26 17 22 11 33242 0.9039992468711359
20 17 26 0 84582 1.0148661138254198
14 5 4 21 86007 1.0363463830826087
15 9 28 11 58854 1.0257424353090834
11 9 28 21 92313 1.0645262493957504
7 28 23 28 62940 1.0348558878275602
23 6 8 22 103439 1.066576811288318
25 2 11 21 96996 0.9038233591082155
12 22 18 14 55035 0.9383343967939464
22 19 14 1 86026 0.9720943450178021
4 20 7 5 74747 1.0475417713794428
1 12 17 16 64422 0.9398183290058019
25 25 16 13 68938 1.021506709764666
18 29 9 11 85799 0.9478036832182832
5 21 0 9 82713 1.0774852685070344
27 14 4 13 78071 1.0090765688633785
1 19 24 15 109908 0.9189515826654386
28 9 21 25 75500 0.9409171180869192
21 28 4 22 84766 1.0665585028645865
27 12 6 0 95607 1.0155962122162967
20 14 1 2 104669 1.037817518551517
13 3 18 26 86249 0.9181904425234707
18 22 13 10 60451 0.9101617457986778
29 25 9 28 80145 1.0763461409730104
19 4 5 19 96496 0.9856773227664513
28 18 26 2 73803 0.9452550623028576
10 28 29 21 83253 0.9509415886305396
25 7 9 9 71224 1.0354765359187534
18 2 24 17 73291 0.9365026880874515
0 21 8 6 95600 1.0152608460201855
10 1 25 12 79780 1.0498476026295553
1 3 26 11 109451 1.0271025765205273
19 22 26 25 38953 0.9044782889077482
8 23 3 10 78552 1.0718631071930713
20 1 29 10 66852 1.0513513982773535
1 29 3 9 122042 0.9729049175550797
18 3 22 28 96521 1.0292048737089865
18 24 8 13 66013 0.9885482812517323
0 20 28 4 151234 0.9667421497605629
26 13 15 27 74909 1.0991291790099846
29 15 19 23 58155 1.0009165690628703
13 28 17 21 43452 0.9003590648184251
1 4 26 17 129626 1.0699925481809043
23 27 1 0 141154 1.0007184985503954
19 20 23 4 73926 0.9619416745084858
6 27 1 4 112106 0.9474523250543571
8 14 25 14 65902 0.9572236854677056
12 23 1 13 58992 1.0312830383636458
18 6 25 0 42402 1.0504039652019879
15 26 11 7 65168 0.9519299703387141
27 17 9 29 94778 0.9180285511682651
4 9 2 25 96630 1.0459900307043235
23 13 5 3 96486 0.9722660367771421
16 8 12 26 72745 1.0736211215829625
24 28 0 24 97041 0.9590909358816403
1 4 10 19 88915 1.037167807992459
1 8 28 19 129240 0.9331573399471921
18 3 9 12 58759 1.001581396768106
16 0 24 12 65917 0.9599028694856027
7 19 20 4 89899 1.093062459170462
22 1 11 22 96432 0.9829661156171832
7 20 18 29 67564 1.0713189704903299
3 0 3 19 90503 0.9961215320050231
4 15 20 12 64920 1.043078032809638
21 9 11 11 53121 1.0607737941778481
13 8 20 17 55913 0.9429656110432955
4 26 11 29 29811 0.9658669664126797
19 20 1 5 112686 0.9806714594563544
10 11 20 17 57054 0.9979451428052093
15 15 7 20 52470 0.9417249440994558
21 22 15 27 39297 1.0977681276174627
12 7 24 16 66747 1.0591748359967381
7 23 15 20 45245 0.9765631792692957
4 21 27 15 107335 1.0193493907948086
11 21 3 6 75589 0.9272777077484323
7 26 19 1 104615 0.9356283306615958
2 7 27 0 79645 1.0913262905771124
9 7 7 26 71695 1.013271072110473
22 7 5 21 101636 0.9448219472793458
0 12 5 27 87301 1.093961341331107
4 17 10 1 82075 1.001816662376926
13 24 11 9 55781 1.077303996712376
11 18 27 15 69162 1.041541957220904
22 8 27 25 67658 1.0930106057041176
3 1 27 1 69872 1.0941224419761946
29 22 8 9 114880 0.9552212881288139
17 2 28 0 34608 1.0034519828440265
19 15 25 21 45563 1.0875791461397488
15 18 23 14 42903 1.0402628051601353
5 9 8 29 97291 0.9168439226813746
0 6 26 20 133439 0.9236368723551363
12 19 6 26 35318 0.9891931063429228
28 3 14 5 43901 0.9822955616033393
9 22 25 24 71366 1.0452840645617598
5 14 13 1 65440 1.0217502868866444
27 23 17 29 53323 1.0530999200691986
10 11 13 28 57925 0.9900457711137413
24 18 10 26 65241 1.020886121353112
2 28 3 3 123244 0.9084890792150901
19 29 25 7 90496 1.0984045520703973
10 1 27 16 99924 1.0023350894678562
5 15 27 4 106575 1.0045020855148716
6 19 22 4 101087 1.0883108621969155
15 8 22 1 46581 1.0112747153476433
0 16 24 13 88839 1.09509210673754
19 16 7 27 74498 0.927600368343483
26 4 8 28 131890 1.0549762689936437
24 13 12 10 51154 0.969250798474088
13 12 22 22 64590 0.9686955259511917
9 22 28 11 101192 1.037758742075143
19 24 7 27 50339 1.0540759784182903
17 12 5 7 59859 0.9795299499165817
21 20 28 24 39528 0.9301306270357287
25 24 2 0 136025 0.9961120499808882
24 3 6 12 83464 0.9981112235161683
17 8 15 25 73195 0.9258967892597021
20 16 6 5 85191 0.9567972660755423
3 13 14 23 61736 0.9461488513525518
28 22 19 18 43147 0.9088104364840115
20 6 18 20 64621 0.9326364570909085
9 7 4 28 92543 1.091963257718501
28 24 3 20 106991 0.94445550108504
17 2 3 25 115580 1.0146918323193919
23 2 22 19 62903 0.9158072742149518
0 9 14 14 67967 0.9419050691913897
29 16 0 26 125934 0.9431970967838705
11 1 12 10 37491 1.0302248564865868
3 1 16 15 85612 1.0372891574279937
23 19 18 24 31395 0.9257709155996753
7 29 19 27 54473 0.9706174341157495
19 16 16 9 42790 1.0190188311224484
23 7 7 10 74553 0.9209590871700382
4 18 26 17 95374 0.9361945756886718
6 1 20 20 109643 1.0611551783181254
3 28 14 6 102389 1.0896698540189806
1 26 29 21 112131 0.9857665561179085
10 2 10 20 63333 0.9755909523474999
17 3 10 29 93352 0.9488807534616156
22 10 14 27 81067 1.0920991540239031
20 16 4 26 87540 0.9996578894956721
4 11 1 18 44264 1.045853064782567
18 20 9 11 65333 1.0572586758341536
27 15 14 20 65370 1.0986507988654872
27 18 14 28 68163 1.0228648859701324
5 29 20 25 68259 0.9966006040218227
10 23 11 2 68636 1.0483402458450055
29 6 3 9 113552 1.0318540719028437
20 21 12 12 61909 0.9108935669330046
12 28 3 12 71068 1.0182449574502739
9 12 22 3 69945 1.0182059565521822
27 29 12 22 65752 1.0023429597085505
28 7 18 21 89030 1.076293651868088
3 26 8 15 65798 1.0244984251151663
19 16 26 12 39671 0.9881995349146955
6 13 17 29 80050 1.0546792471223236
13 12 2 12 40531 0.9248181837786477
29 25 21 16 59366 0.9346741923122992
18 21 7 12 72309 1.0449823720781661
9 21 7 11 55306 0.9631170997449836
27 25 13 17 69914 0.9277003197543571
20 24 22 3 86689 0.9028747056008858
2 15 14 9 56284 1.003096695636665
29 26 6 27 76701 0.9462469875281072
20 13 14 4 47392 0.9444166964389393
1 19 12 26 65028 1.0290957082084111
8 16 11 0 69472 1.0317357102091127
15 0 7 13 60492 0.9006418261128383
10 15 13 7 35761 1.0541001995788482
24 13 28 26 51842 0.9323611478093907
10 23 26 25 64406 1.0010128009463188
16 15 25 6 64181 1.031777362262258
9 24 25 11 96058 0.976000755262635
24 6 4 13 87627 0.9660796549747301
16 1 11 19 68646 1.025259988009219
23 18 3 15 89761 1.0925333158448536
4 27 27 6 140377 0.9216076286026567
29 3 5 21 127048 0.9497839754169173
11 14 16 3 46581 0.9954046532433336
4 8 23 16 92522 1.0624077442480286
1 3 24 5 84062 1.0578777817303913
10 12 19 21 66708 1.0061682766937947
17 21 22 16 45114 1.0662095026425875
8 12 11 23 42565 0.9559038134556199
22 17 10 24 71084 1.0395516466799524
29 5 4 9 101098 0.9847903942298406
6 4 25 3 67047 0.9268521895480967
18 0 24 9 49654 0.9345761137322213
21 5 27 23 76789 1.0046133858973147
2 18 14 22 64805 1.0712792049339126
11 22 18 5 71179 0.9843073999835417
23 17 25 29 41056 0.9406963196400404
9 25 18 9 88154 1.083563540727853
13 3 24 11 58057 1.0390822433306652
5 22 22 15 95852 1.0692611418588738
14 15 2 6 70106 0.9071202264983518
16 13 24 23 58825 1.0335591872375536
19 17 3 26 80532 0.9890911441773179
6 19 23 25 75953 1.0617929768808971
8 1 26 25 134648 0.9485975578067031
11 7 27 2 61076 1.0763640808589754
23 0 9 9 69099 0.9655396795948633
27 9 5 26 121207 0.9187821375583302
8 0 13 26 93625 1.017277623823628
18 2 23 24 89059 1.0739706182041526
18 20 11 15 42735 0.9608306302437208
11 27 26 16 78400 0.9786692267106498
25 4 11 29 108972 0.9690513293493721
1 24 24 13 121640 0.983824247801621
15 2 5 6 48790 0.9598529402362255
12 23 24 25 48744 0.9839208416855997
19 23 13 1 84772 1.0007501097445166
9 5 26 8 67919 0.9896907632359833
26 13 6 9 79078 0.9385601374966053
4 21 8 1 101207 1.0240007870407746
18 8 10 19 66677 0.9983653642307017
24 14 15 28 71731 0.9376402328493386
5 26 21 17 82360 0.9616468394666836
5 20 18 18 59751 1.0923167662931765
0 19 10 4 95893 1.0731138159966
13 18 6 2 78552 1.0901885034465117
1 13 16 10 54358 1.0921701144407623
2 27 7 21 42193 1.0812605690683588
25 18 12 8 74075 0.9245493647504798
10 23 6 17 48322 1.0251338632522518
14 5 12 14 35423 0.9411396123092872
15 16 28 12 63642 0.9238060909948241
16 16 24 22 55931 1.025333463155249
28 28 2 17 126152 0.907576232509928
18 3 15 29 96504 1.05806832826923
27 29 1 6 146400 1.0334823251792633
27 15 17 7 59300 1.0821981608220093
6 19 19 24 67718 1.0408397807759617
4 6 29 10 107067 1.030792911428799
18 18 12 2 68103 0.9263371571495658
8 15 15 25 59867 1.0875777733176986
1 19 12 5 85023 1.0882861486330806
22 15 28 11 36511 0.9858019641393405
26 1 8 5 70746 1.0827602815289754
16 21 18 11 56538 1.0525136251434237
14 22 5 14 60958 0.9856737148481419
15 1 5 20 96197 0.9498740598224069
11 12 24 6 68000 0.9036978385104574
8 7 16 15 54081 1.073914832204482
1 19 22 26 93454 1.0615020740593581
22 4 27 11 43174 1.0259281280912778
15 12 27 27 88844 1.0572698423956988
13 2 9 13 46042 1.0998089576888246
24 23 7 24 71837 1.0528491428166378
0 20 6 29 61489 0.9239882545165995
22 6 4 28 125429 1.0454260536922573
2 2 22 1 61781 0.9631276892044609
9 12 15 19 46831 0.9989934205948727
16 22 24 27 42117 1.0944595219469946
18 1 4 27 116258 0.9711044783507957
27 20 12 17 68509 0.9770756608675063
26 16 3 18 99563 1.0585630191528814
11 9 2 8 42519 0.9660623745479355
16 24 22 2 97034 0.9966252468492358
4 29 26 22 95767 1.0818675213904998
6 29 4 13 72853 0.9106481163213019
10 20 24 4 95413 0.9266982477774549
25 28 25 8 77687 1.0373809357016124
17 28 9 10 82047 1.0575379721168767
5 18 27 29 102384 1.012758035989092
17 17 6 8 75212 0.936158615876124
14 14 0 23 85766 1.0466754647282233
22 19 6 2 115469 0.9861341907427115
5 26 27 3 126993 1.011783815631452
6 18 13 0 81685 0.9171711317220247
27 2 4 0 68898 1.0180775518379892
16 1 3 0 34706 0.9074460579641851
6 1 29 17 123742 0.9600790671873758
25 29 3 22 96967 0.9503952554562248
26 26 10 22 60583 0.9363458796160249
6 20 21 8 95688 0.9194191309131564
25 20 13 8 78617 0.9905241641991605
23 12 23 26 41938 1.0173183477991603
20 4 22 12 42384 0.9718331724171335
3 26 21 24 66878 1.0183209027123081
8 20 28 27 85049 0.9190816921625135
18 21 24 5 80407 1.072267805474776
4 27 0 13 81955 1.060627401858983
2 4 23 22 126425 0.9962888530508098
29 15 8 29 117388 0.9099354302158909
20 7 4 12 66518 1.0380153708137971
29 2 11 8 69054 1.0855034439474982
22 19 4 1 118211 1.0668713614156045
5 0 20 22 116841 1.0469862652176851
6 22 14 1 88918 0.9028985798779533
16 11 29 25 91185 0.9803991103798746
9 13 13 27 50541 0.9702551764958581
7 12 14 3 54421 1.0037806192270067
1 5 23 10 92318 1.0200225306386423
25 17 4 11 87525 1.0586586019082904
20 3 9 8 48039 1.0742849436788964
4 16 23 25 97078 0.9265195247214442
8 6 16 8 39082 0.913632231084295
3 17 15 26 74349 0.9724920440680437
11 20 22 19 50204 0.9179900247801164
2 2 13 11 65863 0.9255799755960975
1 14 28 14 94355 1.082553108405488
4 3 14 10 59380 0.9733697841801678
27 0 5 1 57704 1.0143691601825773
21 15 23 6 44096 1.0773684865147133
13 11 29 1 80275 1.0747101269537889
18 17 14 5 61297 0.9742429130057481
9 14 26 3 84480 1.028454957483051
16 13 13 4 37368 1.0144486486070075
7 23 29 4 135860 0.9510182110680561
27 22 13 12 73665 0.9823458087359123
2 25 3 7 108032 1.0661954426306317
19 2 17 23 87253 1.0423551792656212
18 13 12 19 37902 1.0986276877153174
16 12 0 1 83242 1.0487685088579468
27 24 21 15 48755 1.0135711185505665
29 0 6 16 110401 1.0252719633721432
1 6 22 8 78338 0.9442941495546183
28 28 29 15 51959 1.0041996034923695
12 4 0 2 55501 0.9439721217746678
20 7 24 16 47051 0.9218572088118798
9 8 25 16 78654 0.9940537599390098
11 29 17 7 74199 0.982204935066382
19 7 4 20 92742 1.063671292129459
24 14 26 3 48155 0.9884738120533736
6 5 10 29 89769 0.9295631399342899
7 10 4 17 42083 0.9865029242452673
6 24 25 21 83237 1.0860326525882904
12 26 29 13 89104 1.0399580625382432
2 16 16 25 90257 0.9292880452128176
3 6 7 18 65162 1.000652714888809
15 5 23 27 92690 1.0576579192874802
10 22 27 21 74076 1.0313103121575042
29 27 13 25 56654 1.0062973739865202
12 8 14 27 66010 1.0228885157236132
2 24 2 12 75600 0.9612628445060241
10 15 28 4 93527 0.9132071310890608
14 17 3 28 70172 1.0662331397392124
2 26 25 5 129975 0.9464241233240742
21 17 12 22 53800 0.9866301689616499
21 0 7 28 119807 0.9569515259683441
2 3 19 1 53357 0.9965045687933768
22 2 15 23 90741 0.9869620196773566
23 9 3 6 81505 1.0158016421357847
28 28 26 5 91983 0.9745012518253255
13 2 23 17 75024 0.925905336677071
12 22 25 7 92950 1.0178290935498515
5 6 20 16 88201 1.0748310012556668
7 28 16 19 57114 1.0717589547273707
5 12 9 22 60064 0.9929116772814848
28 5 4 23 141195 0.9409193073237392
28 26 9 10 105260 1.0569436785665236
20 2 17 20 82103 0.9157073239102632
22 27 8 24 60194 1.0957904976587758
9 7 28 20 103675 0.9436393952888444
13 25 7 3 97224 1.0340305411007074
8 25 10 15 47172 0.9703834169274699
24 9 13 6 48426 0.9276749905078417
17 21 4 0 105398 0.9189568222374868
28 16 1 10 109505 0.9840970492141914
7 26 29 19 87877 1.0775554859069014
9 17 21 2 87431 1.040821478960658
10 25 20 18 56385 0.9760409921667965
0 28 29 26 107774 0.9156054732315013
7 25 3 11 74883 0.9340225342277544
29 19 24 24 33351 0.9788616233324395
23 7 14 20 70802 0.9396463750033532
23 11 2 27 113670 0.9067813206472636
11 22 13 2 65334 1.0428838145492847
18 21 2 22 77156 1.0609928249531055
8 10 25 9 79382 0.9255181191822629
0 18 21 17 93779 0.9832377966852169
4 22 14 2 98514 0.9741406655217139
8 19 23 26 68532 1.076388478767996
24 11 11 8 57953 1.0912013499551
27 18 12 11 74039 1.0952586173170455
11 28 0 19 67628 1.0478943330220312
1 18 25 25 110552 1.046471892234853
17 4 17 29 100969 1.0647871530805442
16 6 24 10 45550 0.9977323736034368
15 10 25 6 55623 1.0181531628587526
12 26 15 7 69196 1.033123639408411
8 3 8 21 81452 0.906473406813499
0 0 9 4 47051 1.0020414450270465
14 16 28 4 81607 1.073018245534202
6 26 18 28 48691 1.0146595288368179
26 11 21 4 43907 0.9434889480720801
23 9 5 18 93504 0.9346010774558076
28 7 3 18 130123 1.02346262447658
7 21 28 19 91125 1.000862118506166
20 2 1 23 132444 1.0890842853629616
22 3 5 12 81387 1.0082088039007366
