4563 6003 6015 4569 5177 3582 4477 3949 4371 4882 5440 5915 3370 5372 4251 6380 3652 5463 4585 5681 4331 6207 6190 4943 6581 6315 3783 3265 4493
6200 6085 5615 4380 4628 6074 4178 4290 2812 6161 5558 5395 4306 4763 3445 3293 3032 3192 5813 6026 3621 5713 3013 5599 5824 5673 4626 5840 6118
6428 3565 6509 3488 5470 4256 3223 4922 4731 5721 5813 3759 5510 5520 4384 3544 6378 4374 4483 3622 3976 3555 5833 4640 4198 4439 6217 3169 3058
6408 5422 7580 5903 6352 5596 6764 7264 8126 7626 7802 5678 6994 6411 6433 6139 6447 6819 7745 4845 5694 5278 7176 4963 4926 5289 6617 4793 5860
3524 1342 2760 3928 4441 3415 1529 3435 2256 2895 1760 4580 3687 2392 3299 2975 1222 3009 3521 3265 3588 2029 4277 4337 3431 3668 1625 4292 1284
2793 2273 5232 5378 2915 3789 3028 3617 2399 4886 5502 4541 2857 3358 3754 3336 4779 2338 3781 2490 5649 5594 3785 4170 3049 3708 2772 3930 3166
4680 4468 5889 5583 4852 5237 6308 5647 5874 6329 5046 6335 6515 6476 5748 4685 5741 4369 5761 4618 4488 6727 6115 6366 5775 4193 6586 6174 6877
2921 5311 5047 3559 5198 5305 3358 4747 5257 3035 6036 5645 5927 5860 4481 3741 4286 4951 3957 5105 3527 5708 5868 6100 3803 4926 6213 5674 5888
2288 4614 5035 2955 3297 2037 2583 2663 2328 3072 3197 2556 3234 5017 3785 3976 4253 2817 3042 3725 5276 2787 2074 4108 2497 5001 3736 2039 3055
3455 2946 5967 4487 5877 2859 5513 4467 5730 6138 3070 4512 5246 4189 6072 5580 5204 3241 3249 4714 3016 6027 5800 6188 4230 4548 3090 4664 4036
5563 4252 5634 4147 7519 5801 5649 7057 7193 5296 6893 4940 4798 5429 6145 4598 7212 6551 5879 5372 6982 6796 6532 6883 7087 5857 5864 7426 7375
6538 5440 5889 6376 7702 8328 6037 6466 8214 5443 6883 6399 8043 5693 5300 7884 7769 7496 6479 6208 8171 5261 7497 7387 7825 7755 7716 6456 6343
7318 5212 4416 4161 4479 4499 5815 5045 6355 5794 6991 5238 4686 4995 5448 7479 4347 5998 4304 5979 5686 7451 5903 7029 5628 4255 5989 7289 7172
5402 7240 7507 5333 5440 6043 6082 7169 5495 7458 7788 5124 5030 8123 6253 8027 7983 7758 7879 5422 6614 8075 7524 5242 7848 6645 7606 6170 7664
3538 4916 4310 4164 6491 6470 4773 4274 6021 4591 4201 5453 4879 4708 5323 3223 6080 5780 6535 5507 4802 6222 3596 5621 3973 5650 5277 6478 5305
5983 5807 7998 6590 4745 7744 6877 7914 6294 6838 5981 6160 5101 5515 7744 5735 7647 5732 7028 6181 5160 5007 4882 7878 5810 4672 5237 6649 5493
6447 7409 8353 6652 7796 8080 5784 6715 5575 7792 7177 7437 7688 8166 8436 5972 8071 6615 5961 6818 7483 7917 8148 5294 8043 5735 5744 5068 8108
4390 5585 6093 6633 6643 5877 5213 4079 4308 6449 7289 6083 4134 6995 4893 5313 7111 3942 7039 3938 6299 7347 5376 4929 5748 5576 6528 5014 6116
6374 7163 6716 5667 5761 5531 5395 6380 7697 6376 8169 7107 5628 7855 6503 7173 8312 5562 6554 8062 5870 8308 7125 7482 7290 7025 5932 5635 7077
5582 6341 7495 5173 7496 5654 4934 8291 5921 6441 6501 6798 7002 5475 5834 5549 7857 7927 6160 4837 8126 5937 7950 6713 6674 6738 6474 6690 5092
4708 4306 4600 3618 3845 4005 3774 5125 3687 5766 4809 6277 3620 4436 5430 3756 5878 3863 6265 3978 6250 3168 5489 5825 3152 6454 4984 5006 5341
5940 4936 4195 4396 6296 3168 3328 6099 2893 3578 4208 6065 5551 5970 4861 3463 5103 3398 3660 4173 2921 4254 5576 5825 2922 4767 5370 4736 5941
5459 5595 7597 6643 8107 6080 5769 7848 6444 8157 8540 7140 6567 6394 6076 5571 7092 8552 5468 8019 7823 7440 7976 6154 7904 8025 6459 6167 7582
3841 2313 2923 4183 4103 1782 2818 2045 4618 2006 2272 2312 2275 4649 1469 1887 1200 4227 1852 2314 2849 4459 2220 2980 2680 2212 3018 1447 2218
2276 3586 2071 4328 2017 1896 2736 3250 3019 3316 4813 1949 4680 4317 3787 4932 4872 3867 3275 3176 3224 2977 4515 1579 1615 2317 4416 2299 2847
5885 3423 3416 3891 5764 6446 5610 5979 3830 5522 4362 3458 5600 4110 3958 5722 5842 5893 3700 5345 4890 5063 5187 5709 3583 4183 3652 5284 5339
5022 6271 4645 5788 7390 7321 5246 5291 6944 5739 5770 6562 4186 4557 4532 4539 4262 5073 4436 4338 4382 5813 6612 4950 4811 5575 5077 4116 6215
5548 2801 4090 4862 2325 3440 5570 2569 3931 4887 3067 3549 4037 3377 4233 2546 4034 5732 4194 3581 2646 3060 5493 4424 5436 5717 3871 4314 5526
6825 6427 4824 5464 6679 5861 7493 5956 7204 6653 7814 6538 4846 7883 7961 7700 6163 5585 7040 8085 6488 4986 5457 6601 5921 5563 8058 8076 7915
4608 2970 4804 2460 5507 3941 5300 2366 3142 4778 5657 2817 3818 4354 3545 5355 5453 3801 4540 4735 2349 4364 3592 3880 5562 5128 2388 4674 5494
7338 3990 4275 3672 4590 8430 4141 4910 7227 6729 3930 4298 4498 4060 8212 1079 5842 8526 4747 3230 2551 2220 6335 7779 3249 4571 8675 6865 4728 6775
4746 6541 2284 2236 2669 7326 3152 4716 7364 6463 4389 4232 1832 1531 6151 1618 5647 7251 4977 5151 3518 2619 5781 5283 6048 4208 5744 5070 3945 6580
6584 6041 2764 4618 2930 6250 3965 5520 4742 7471 5783 5341 1464 3617 7841 2021 4818 6489 4258 4991 1771 3683 4693 5577 4047 4871 7272 7244 3977 5968
7714 4595 1911 4665 3869 5818 2354 6475 5229 7351 3971 6255 2539 4631 5817 2613 3368 5846 5838 3387 2209 3853 4928 7588 3047 6640 8020 7028 4871 6194
6145 6160 4447 1552 4933 7646 2515 4768 4340 7279 4736 5952 1106 3002 5491 4534 3589 6226 3608 2841 3086 3441 6148 6314 5668 4083 6585 4413 5200 6374
7607 3943 2875 1504 2834 8467 2244 5742 7587 7039 4197 5549 1415 1571 5997 4038 5511 8564 3859 4230 4398 2307 7691 6276 6081 5981 6155 4418 4888 6217
4763 3886 4119 3916 2703 6155 1885 6465 5136 7911 5412 4885 3135 4554 8824 2219 3337 7974 3027 3658 4933 4538 4905 6374 4733 6134 8451 5778 4484 6205
7833 5236 2588 2019 4879 7327 2999 4624 5014 7259 6723 3223 3191 3981 6392 4103 3149 6194 6314 2748 3921 5249 5485 6300 4810 3524 8533 6204 2540 6865
7517 4629 4835 1769 2506 7068 1877 4396 7555 5215 5933 5604 4231 4998 6639 1141 3755 7001 5686 4132 2368 2427 6590 7694 5837 3286 7518 6387 3034 5374
5964 4870 5136 3202 5210 6570 1605 4600 6907 6319 5586 5789 2269 1717 8138 3337 5065 6059 6185 3696 3072 4829 5109 7814 5545 3299 6659 6793 4489 6366
6834 4806 5246 1573 5083 5534 4231 6247 5876 5444 6454 5429 1711 2439 6906 3472 4697 6614 3027 2413 1841 4149 5735 7393 5346 4878 8333 4500 3040 6990
6012 6056 5264 3360 2369 7017 1959 4696 4737 7016 5696 5069 2655 3511 7304 2618 4301 7097 4316 3014 3721 3120 6183 7352 5402 6290 7625 5409 5612 7957
6807 5793 4385 3682 2316 7321 4024 6586 5112 8048 4262 4914 1770 4136 8855 1060 5384 6132 4144 2803 2703 2691 7270 5002 6349 6006 7332 7048 5557 7262
6387 6512 2990 2961 2359 6410 4234 5388 6906 8135 5428 5806 2364 4400 8435 2085 5281 5973 5656 1917 3524 3685 5644 5249 4664 6252 6003 6105 2750 6046
6415 4939 4615 4514 3320 8256 2100 6588 6747 5407 5263 6264 1287 4484 5831 1641 3989 8480 5016 4522 3643 3041 5684 6978 6201 5011 7774 5821 2451 5853
6256 5341 3875 1454 4279 5953 1827 7006 6403 6233 4906 4275 3503 2888 8193 1856 5125 6612 3770 4481 2416 3264 5786 6929 3539 4237 7767 4504 3979 5352
5980 5455 3885 2992 3761 8304 2550 5489 7036 6571 4876 6421 3882 1792 7524 3780 5435 6520 3763 4685 4828 5422 5268 7901 5229 3576 5796 5030 4966 5786
5022 3870 4515 3213 4031 7038 2339 5898 7229 5676 6846 5621 2924 3085 5612 1596 4213 6274 4048 1924 4891 3169 7872 5051 4343 4337 6063 4484 4589 7470
5503 6262 4562 2562 3348 5962 2358 5023 6204 7498 4800 3440 4601 4074 6809 2028 6184 8077 4395 4178 2680 4482 7626 5994 4477 4206 7147 7156 2693 5036
7653 7274 4878 3480 4565 6786 4030 4063 5393 8074 4709 5910 3833 2357 6297 3731 4205 8631 4240 2761 3416 5376 4640 6272 3360 6371 7039 6233 2370 7819
7131 6284 4438 3703 3128 6646 2382 6618 7074 5884 7254 4754 1420 3652 5525 3270 4754 7289 3144 5146 1919 4237 5038 7084 6140 4317 6684 5338 5416 6727
7765 5854 5231 2499 4668 5791 3304 7093 4363 5396 6046 4042 4521 2993 8751 1630 5412 6519 4906 3812 5055 3115 7577 7002 6116 5093 5476 5131 4563 7783
6544 6361 3577 3808 4903 8385 1175 5556 6165 7522 4434 5941 4593 3939 7180 3078 6260 7137 5602 2665 1843 3982 5294 7371 6077 6542 5689 5484 2371 6827
5010 6947 5301 4139 3733 8119 1079 5223 4724 6323 4319 6489 2541 4573 5791 1853 3319 6408 3726 1807 5007 5114 6637 5601 5739 3796 6995 6418 3008 8054
6464 7341 4046 2657 4833 7345 3325 6111 5561 7287 3887 6400 4439 1971 5780 4542 3498 7180 4490 4887 1806 3613 4849 5300 4514 3297 7445 6986 2323 7229
6051 7296 2588 1719 4956 6203 1459 4613 4955 7355 6501 4828 1601 5022 5474 1398 3261 8258 4721 1879 1822 5283 6061 4983 4331 4977 6216 4913 5553 7051
6117 4239 3769 2718 3293 6378 3198 4313 7471 7614 4913 5547 2443 2461 6746 2787 4440 6544 6017 2015 3109 4375 5345 4627 5919 6518 8633 6429 3169 6589
6753 5685 2959 1507 4667 5800 4251 7072 4746 6984 7312 3837 1377 4928 8089 1690 5223 6900 2973 2670 4742 3655 6861 4778 3226 6307 8536 5059 4971 5810
5907 5264 4890 2924 3374 7736 1895 5026 7043 8603 6201 3047 3782 3965 7251 3553 2774 7710 3684 5085 2266 3881 5166 7557 3537 4313 8761 6644 3629 5448
29 21 2 18 97444 1.0595302740017796
11 10 28 22 88994 1.099728637124954
24 16 14 1 75440 0.9728010707632756
22 18 18 26 55133 1.035064788038987
12 14 20 9 50697 1.0443118765100432
11 1 11 12 50772 0.9493476191658631
11 8 7 21 68788 1.0721391491646952
17 15 28 7 59825 0.9151706993107228
4 6 16 4 40567 1.0636584413830636
24 13 18 21 42220 0.9111548360572296
9 3 17 17 71907 0.9079783151702784
4 0 26 13 93739 0.9403509008361565
29 25 7 3 122408 1.0676866315112699
19 23 26 7 76038 0.9281878237384878
28 24 22 4 74987 0.9621465866776586
13 29 12 11 102248 0.906663723264166
14 18 18 7 72488 1.0687138353453216
1 22 1 9 60318 0.9929491737025841
5 23 11 28 40104 0.9717093593196683
3 13 1 1 52361 0.9970281443355715
18 21 3 4 102414 0.9465442687488606
6 29 16 9 111534 1.0461396708672677
26 29 15 27 53639 0.9346977618214409
28 14 2 15 76082 1.0519739251850109
22 25 1 5 122416 1.0541808886128299
26 10 14 26 99475 1.0112374099979313
25 18 1 25 103683 1.0802027856889143
25 18 15 21 44094 1.0595193642828544
5 28 29 28 92445 1.0290749211398125
24 21 6 11 76396 0.9903387929668046
8 4 21 29 116013 0.918725941665924
21 10 14 5 39954 1.0970532633550367
20 0 2 12 85914 1.0235952541877753
29 24 13 15 66774 1.013595899747134
5 7 21 3 56910 1.0338393271120796
0 13 12 24 81168 1.0923724503535186
27 26 18 15 61399 1.0366409612491647
13 28 3 13 87411 0.9953409278010306
12 1 8 28 101587 0.9409273729915643
11 4 14 24 101851 0.9214556357518834
3 13 4 2 39317 1.0747639425388646
5 13 22 28 89511 0.9880118170911871
9 6 8 29 78698 1.0273710408724976
1 15 11 5 55693 1.0104690884914878
16 7 14 20 80169 0.951278944186892
0 1 12 18 93901 0.9427205756154268
2 7 29 11 94251 0.9747053936032563
24 28 24 14 41993 1.0037988966283584
16 15 22 2 60145 0.9562340427797946
25 15 8 3 79143 0.9648888378691259
22 10 8 11 55325 0.9648187911414365
12 13 1 23 64757 0.9979792079685044
19 18 0 12 77015 1.0693908226101523
21 10 15 18 56433 1.0446656734621118
11 0 21 22 114431 1.0220556065288782
16 11 25 26 77143 1.0153204628451178
8 11 14 16 31528 1.0649708416820736
27 13 14 7 57970 1.0031334118754132
18 29 25 12 73208 0.9098345783047496
4 17 6 26 41403 1.0890047542558423
18 20 5 12 69960 0.9892637365065673
26 11 4 5 79530 0.9655465109115157
29 9 2 29 141606 1.0345213515137264
3 9 16 15 54679 1.0686705253805806
12 26 2 20 56577 0.9017717424622937
29 26 25 1 96049 0.9299795362168528
27 7 15 23 90997 1.0610149726098037
20 10 1 17 76918 0.990022555617366
26 21 1 1 119702 1.0994560617925544
29 4 1 17 110063 0.95232280757305
21 26 14 10 86985 0.910858748709074
25 18 10 5 82308 1.054260947503587
13 4 8 16 53377 1.0602176749823593
18 7 11 1 50297 0.9669878509933428
29 17 12 23 82533 0.9588470614650596
16 26 5 7 112830 1.02606890179242
5 18 28 14 77367 0.9235923040401267
27 19 3 25 97172 0.9007941835316471
14 9 28 29 110265 1.015804230427813
26 12 11 11 52333 0.914441930591077
12 24 14 6 100553 1.0839192687484198
9 14 3 29 70240 0.9410239271527041
27 2 8 3 60095 1.0078782324477815
5 24 26 8 115926 1.0159716101103329
26 29 17 10 94101 1.0514933956811423
0 19 3 28 47848 0.9024049490842669
25 13 14 9 51957 1.0977810406364452
4 15 13 5 54363 0.9552779540843855
13 4 17 23 110004 1.0308223922595214
9 21 12 10 57709 1.020447726281271
0 6 14 8 50232 0.9794544504775057
8 24 27 19 72866 0.9966655644343334
28 26 10 9 113598 0.9178956960489507
16 21 17 7 83294 1.0092437096470108
22 11 1 4 86631 0.9217326807527936
12 5 21 22 84839 0.9362172816458083
25 28 16 24 48521 0.9641879346123021
3 22 0 2 76148 1.0239884145632594
19 25 15 17 62328 0.9388831667071325
27 26 9 8 114631 1.0739493146721728
29 12 8 22 86775 0.9928307059533292
2 2 14 18 81946 1.0522158441487068
7 27 9 18 39535 0.9131166891361002
28 15 25 27 51461 0.98641033386949
4 21 23 17 71300 1.0478881101690274
5 3 1 11 41021 0.9768904591746602
14 25 13 5 105839 0.9373509679200926
29 19 6 19 76898 1.092897484497784
10 19 13 0 89367 1.0698487978809372
19 29 13 2 121465 1.008290600644044
3 25 15 21 58093 1.0605921200384207
23 5 15 13 44908 0.9839142650933661
1 5 10 29 110171 0.9674254499293042
2 17 12 21 49485 0.9115457124419918
20 3 7 25 109565 1.0848297960240356
16 9 26 20 74102 0.9328538935055316
5 23 24 19 75713 1.0237052298111484
6 24 8 4 75370 1.0936125831490067
20 12 6 18 61220 0.900082174998701
20 14 12 12 29154 1.0461347894675002
27 23 3 27 113233 0.9604993850139039
16 27 13 9 108053 1.0522998251259197
20 6 15 13 47254 0.9450647616614594
18 13 6 6 50436 1.0798674958328338
4 19 21 20 58224 1.002408582379612
18 21 9 23 45197 1.041710228502038
4 25 23 24 92236 0.9611741671410509
21 7 2 23 104804 1.0260169454423658
7 28 21 1 132191 1.0906874278640795
6 29 13 23 59649 0.96448273298135
26 28 22 22 30735 1.0187523337308322
28 24 5 13 93530 1.0623240775936718
23 23 4 7 93140 0.9980699905944665
13 15 18 25 70585 0.982438932880899
24 14 20 3 45565 0.9580247947115565
6 25 17 19 56253 1.0692466427369631
6 28 14 6 98720 1.0343237162201147
19 27 4 7 126216 1.0030816678369856
14 4 23 29 95053 1.0477265991453992
5 12 14 6 42070 1.0665807352914505
24 5 8 25 98317 1.0726383900406304
7 6 29 9 69009 1.0519280318772806
20 21 28 5 68301 1.0225470637859768
16 21 9 14 53362 1.0957797754918328
25 29 12 14 75218 0.9856392964234677
23 12 20 28 54088 0.9858397297049907
5 1 25 3 66512 0.9476440910738919
22 12 7 11 46750 0.9558839507825798
20 16 4 17 50608 1.0613558214196268
18 21 17 11 58916 0.9467638053547937
0 4 10 24 101213 0.9002247273766649
21 26 18 4 87133 1.0749473743970128
20 27 27 2 92819 1.0236779073382736
8 4 18 13 50886 1.0875540066240308
3 19 18 21 57516 1.0923125221871801
17 3 14 18 84931 1.0187446072059718
7 11 15 4 43711 0.9463076759277985
16 16 12 22 50688 1.0168473396100048
16 27 3 27 62756 0.9853845455323925
25 4 12 27 116628 1.0094385163322481
27 6 2 11 82064 1.087658589091129
11 13 8 26 55114 0.9259782488362372
17 11 11 15 35145 1.066591661926721
22 21 18 2 73862 0.9733308334840433
8 4 25 18 85323 1.0946371190288666
12 11 26 3 69703 0.9718096922301591
4 14 29 3 92165 0.9233828048403993
4 25 10 20 37248 1.0024206966021678
6 28 10 2 99684 1.0539526973298272
5 14 29 11 77830 1.0472644113848761
15 24 28 19 65058 0.9344642220350029
20 11 25 21 46049 1.0026366742974735
4 17 19 8 78428 1.0802153391581497
13 21 0 11 72214 0.935096085915416
3 23 19 17 83804 1.033614905163153
25 0 10 21 108555 1.0237676323736502
11 8 24 21 86622 1.004250324404274
29 26 3 9 126561 1.0901311980067316
28 10 9 19 85801 0.987209874780837
22 24 2 19 89654 1.088627380682445
1 2 27 15 102038 0.9565990742580932
26 26 7 27 86171 0.9464024133832333
10 0 10 26 103822 1.0385185426683778
26 7 8 29 120282 1.0439638943167462
16 3 20 10 42067 0.9340464395563346
3 20 23 25 81655 1.0868032272743982
27 4 2 10 84333 0.9506634216387236
27 8 14 22 87802 0.977280453790629
26 9 25 28 72099 1.0464353550762482
10 20 16 27 55427 0.9940754925973714
6 19 3 8 43896 0.9589446184116361
25 26 14 1 105773 1.0547224709632976
21 16 9 22 64031 1.0319731467847753
29 28 17 24 60614 1.089521856220235
1 5 14 6 43118 0.9112988119399249
26 11 22 21 41847 0.9050810232021207
27 2 25 10 35633 0.915766274118592
15 13 27 15 41478 1.083765211055466
28 8 27 23 63113 1.004810779530473
13 11 20 28 90469 1.0730309346469298
22 20 7 23 60313 1.0978733142823562
20 25 9 9 100885 0.9425504906454806
3 27 17 20 72245 1.0941314657596686
28 28 5 11 113010 1.0409868275055192
25 3 19 21 67353 0.9941378991827303
29 20 25 5 62678 1.0252745712519724
14 23 18 15 50618 0.966061611559045
13 28 27 10 95526 1.08582706539107
7 24 13 28 39815 1.0734888365452104
3 2 19 28 134475 0.9838611367271456
22 9 3 6 65229 0.9522311130382565
24 25 18 6 65772 1.0013581022206024
3 2 18 5 53554 0.9913710403302923
21 27 10 23 73399 1.0251532896883826
13 20 20 7 80794 0.976385204204529
27 9 4 21 99133 0.9326230197006571
14 7 29 27 106459 0.907488567006717
1 8 19 16 76807 0.9982737237053344
22 1 19 17 69925 0.9705359159366069
5 29 12 11 82785 0.943847510688036
0 28 29 12 133969 0.9055901772655369
11 29 29 16 107633 1.075904050843536
17 25 6 26 56686 0.9928240355534655
12 8 8 23 74611 1.0191783901699776
0 20 17 14 64234 0.9537826016003252
0 1 18 14 90481 0.9826275704248243
24 26 21 5 62487 1.0371218433319536
4 28 24 19 93434 0.9597461486242639
4 2 13 8 45684 0.9811950440934631
2 24 25 19 92399 1.0555418876020926
13 24 22 8 92598 0.9863592116093511
11 14 1 17 40721 1.0193061783120756
11 2 29 19 104409 0.9527329880498276
23 13 11 16 42375 0.975557200367972
17 1 2 7 64659 0.9533373690364024
13 1 0 8 65295 0.9958879146135423
23 29 14 16 61396 0.9387446982993677
26 22 22 6 53611 1.0852481164337817
0 8 15 29 127132 1.0240785609960095
21 1 1 25 134232 0.9748326622851089
16 25 28 15 73380 0.9823599597032494
24 12 29 18 37873 1.0727856319358426
23 29 19 15 47272 0.9460502793745826
26 17 25 0 64408 1.0085688142722344
29 17 11 13 65942 0.9735905219195238
6 23 28 17 94184 0.9541543548306474
21 2 21 26 85079 0.936198035302222
9 10 2 21 51403 0.9340412039928181
17 27 0 22 96236 1.091730514354319
10 11 8 22 48733 1.079936945825358
17 21 24 24 38220 1.0499553876818406
1 20 26 10 99807 0.9303719313067644
29 7 19 16 59275 1.0666145877378357
26 8 2 23 116116 0.9849110716884061
19 2 7 11 64132 1.0619772716569962
23 21 20 28 31366 1.0933342921398717
14 5 21 21 74298 1.016385738609459
20 26 8 21 69743 1.017840813156242
28 21 29 2 77300 0.9801412401951849
11 5 26 19 82813 1.0253956831829403
25 9 6 13 75645 0.9985202892791452
12 24 1 4 107371 0.9220624149610096
12 28 21 19 72361 0.9571555686703925
26 18 15 7 71557 0.933099383604696
1 8 25 0 91294 0.942321801363033
16 4 18 20 81273 1.0933039401289748
15 8 23 0 53901 1.0435166928677821
26 4 24 26 69621 0.9575670537199312
15 23 27 10 79610 0.9833997354051921
13 28 15 7 117532 1.0355060298959315
29 10 24 29 72250 0.9069928252754684
19 5 11 27 119965 1.0835040718974402
1 23 13 16 67258 0.9460836125906518
0 3 29 18 126479 0.9272537809182869
29 3 9 10 77419 0.9131523529354086
6 26 29 11 112122 0.966945369089314
7 19 18 12 54849 1.0099133569754528
17 4 25 2 35784 0.9420564652568172
17 26 29 6 102781 0.9218500546229633
21 1 7 17 95731 1.0882004343270901
15 4 24 5 35429 1.038169294403847
29 21 3 15 84073 1.035660488322344
24 0 3 29 140589 0.9358973925538903
23 25 13 23 56159 1.0636484801896262
0 18 19 6 84244 0.9014248431638638
1 15 17 29 103603 0.9006810197058762
20 1 25 26 87238 1.0125453584460822
7 1 16 22 102779 1.0106192980878383
5 5 9 13 35548 0.9771295700578079
9 27 5 11 69160 1.084038481488681
9 29 2 4 102915 1.0370104921364836
24 18 3 10 78557 1.0300339865805657
28 3 0 8 89597 0.9306532304094479
0 5 20 3 66916 0.9601725478353235
16 18 20 8 61509 1.0360604692195112
24 13 3 11 67805 1.0215338792363517
29 8 4 7 74040 1.039234282973697
9 26 25 22 85631 1.0244253084223085
21 29 4 11 108006 1.0336316302483741
0 25 11 11 81129 0.9306532362657685
6 6 9 25 71160 0.9783630664318617
7 12 11 29 77464 1.0595213934333492
25 28 20 18 42791 1.0222478135232846
28 24 13 1 115283 1.0763342719260065
27 15 23 21 24909 0.9290971354973446
20 8 8 3 50322 1.0800211249807559
17 21 27 11 58398 0.9896757541086212
24 0 12 21 94822 0.9162469187097447
29 8 8 26 116849 0.9949631841679512
20 7 14 27 108320 1.0648953976191229
10 18 0 5 75883 1.0861452668191587
16 24 5 22 62936 0.9238954810228195
7 7 17 10 50813 0.9391097754622805
10 2 25 6 58158 0.9569203993946299
0 25 21 12 102969 1.0061441205510417
11 24 28 12 97164 1.0002000943422806
24 10 8 20 71432 1.0090959804381887
9 10 7 20 45000 1.0883385874974107
23 0 15 18 82841 0.9422388363911013
14 0 0 9 73652 1.0368010496394087
18 18 9 13 48603 1.044178605120558
21 24 7 6 101422 1.079089941398221
15 22 22 29 66115 0.9088813383865628
0 21 27 25 109856 1.085709619601192
8 18 15 26 57893 1.094315737932099
11 19 16 5 82701 0.9102546164049005
4 29 0 3 92407 1.033979855928178
25 13 6 22 84125 1.0999731879648864
19 11 10 23 89425 1.0242299012118221
5 12 17 20 65069 1.0826427502287435
13 15 13 0 79079 1.0136852774262266
18 11 23 18 40312 1.0136586964584262
20 8 22 25 69816 0.9417268481423654
9 28 13 11 77542 0.9575389138418324
2 12 22 20 74532 1.0476158260145503
28 27 1 9 135747 1.0444028829514413
10 12 2 25 64240 1.093709082589651
4 16 13 15 28913 1.076937822033639
23 3 8 10 60709 0.9888885865388973
15 28 20 19 62903 1.04969288587161
14 20 25 10 63354 0.9043272459968245
15 3 9 27 103264 0.9216845846637142
27 25 15 7 93251 1.0320546069012204
11 16 19 20 47635 1.0486256660712803
10 14 18 28 88748 1.0891634001889474
2 5 27 5 72714 0.9980962029183555
24 21 8 23 63819 0.9670436388424662
12 29 27 29 68456 0.9915510647184181
16 22 29 18 60320 0.9195057370289461
24 18 7 25 73381 0.9685942778692747
4 7 21 12 60223 0.9427995517327178
26 4 16 3 36560 1.0869385574260586
22 20 20 3 56116 1.0234926907440758
13 10 1 24 82665 0.9150028329201619
0 8 25 19 103037 1.0659100126735332
15 17 7 1 77673 1.0609821410722446
2 19 22 8 94887 1.0679406243442398
18 24 8 2 115325 1.0194856054879513
7 3 17 23 103037 0.928960410489053
22 23 26 29 36807 1.064160344730719
19 18 25 7 57036 0.9343793953037929
21 7 16 18 65233 1.0612897453935912
24 29 3 2 125610 1.0409285589065953
23 24 0 13 92159 0.9835303730963494
18 24 4 6 109515 0.9109442139710091
2 1 11 27 113487 1.051725605950164
4 21 13 1 85818 1.0883702730874945
28 28 7 3 127136 0.9596797614670827
16 2 18 20 88419 1.0626637380881667
28 9 4 5 81168 1.0547422201099153
21 2 8 17 87613 0.9840762576380044
13 15 26 21 46854 1.039582350490872
3 3 13 2 32361 1.0022462241826695
27 10 8 27 105648 1.0189295640870597
28 29 15 7 110040 0.9496152048832389
20 27 2 12 109060 1.0463794939184272
7 7 18 16 60235 1.0053665748927996
20 28 24 3 79479 0.9586457082053967
5 19 7 9 43318 0.9006253984797739
28 7 20 2 43734 1.0360211074769201
17 22 24 7 69648 1.002016802348353
5 0 26 3 71024 1.0485867402470264
4 21 1 6 52884 1.0637834104081403
23 24 0 25 108876 0.9572261214865339
2 23 27 29 118172 0.9451722094406284
19 4 5 5 50485 1.0937665217834662
10 3 22 17 82808 1.0490767524719409
16 3 22 14 59255 0.9983518953751715
12 22 27 26 85898 0.9665129296399673
12 6 2 20 62268 0.9570976601390973
5 15 15 20 47856 1.0253438815566123
13 5 15 20 85268 1.0051998686092856
17 2 24 22 78491 0.9495928363665417
3 23 15 22 58378 0.915819519408437
0 1 15 23 118283 0.9322611601266552
18 25 6 11 99117 0.913866696342432
26 17 22 7 43429 1.086863873197697
21 22 12 0 110150 1.0541797610865524
8 3 21 6 43805 1.061659573114163
13 11 22 18 57170 0.9695212377151496
6 27 27 19 95800 0.9400667289248449
26 6 10 10 67571 1.0212200661298434
15 0 24 2 49709 1.09948461403095
7 29 21 6 117710 1.0514176375433357
7 29 3 5 94333 1.0492763188547911
16 13 8 7 38092 0.9622490719618154
20 21 25 15 31931 1.0701504870633836
27 16 9 19 65582 0.9602592917428283
17 27 29 25 61859 0.9670573456169961
13 9 19 20 78911 0.9084931505577176
5 5 25 18 90906 1.0050251909407648
29 6 20 8 30967 1.0965969891509373
25 1 16 21 84134 0.9278788200751072
14 22 27 10 78984 1.0325475193733755
27 6 17 29 94988 1.0177237428200958
14 23 5 17 51503 0.9240456621756573
4 4 20 23 112186 1.0483903740233416
0 6 28 27 142865 0.9561716928952034
9 15 3 10 32335 0.9665191015245453
10 26 21 14 83473 0.9018363806762878
8 29 1 6 93716 0.9290922500761944
19 3 22 14 50488 0.9679963683651591
20 27 12 23 56647 1.0756684839933026
25 14 11 9 67336 0.9103581916854416
18 20 21 9 53428 1.0400209735159773
28 21 1 3 120445 1.0372039219617513
2 0 25 17 113713 0.9444315621248132
20 20 14 3 81305 0.9176748955033452
5 23 19 5 98924 0.997683128192257
1 16 11 19 43990 0.929770228867862
28 25 28 0 105726 1.0108581947485715
19 5 11 10 51873 0.9565227637157889
28 12 28 26 63444 0.9395875003832487
10 5 15 22 85610 0.9527621854028465
13 16 18 10 50003 0.9861647040015169
9 10 27 5 69075 0.9863466744209879
21 25 22 13 48360 1.0758694469302383
22 1 8 12 78059 1.0384838928472226
19 15 19 29 64866 1.065825127834609
0 2 25 23 125898 1.049012264362974
27 28 12 7 108000 1.0490343666357984
25 2 11 15 68230 1.0398988101349678
29 2 1 13 101031 1.0106086639798668
13 7 27 19 76444 0.9515326106159899
23 12 8 18 55762 1.030548680129181
26 23 2 27 110959 0.9761991270434693
28 10 24 17 42840 1.0362771963880382
22 16 24 24 30817 1.0348679782587584
19 3 26 7 32918 0.9294734504401553
19 28 16 21 53222 0.9953924680781587
6 15 21 26 82690 1.0081833713017618
28 15 23 24 36258 1.0037602834324653
20 9 14 28 99662 1.0373441422687004
13 19 10 12 44426 1.0251424488175238
4 15 18 20 60936 1.0211749869686053
28 12 23 19 29960 0.9875581087928939
6 27 10 11 75443 1.0547889806140927
22 9 15 5 40946 1.066760562525441
15 4 17 25 114452 1.055423236972202
15 0 8 24 104508 0.9998177240072182
20 26 7 3 121166 0.9712811412663962
28 22 18 18 44923 0.9933792968198437
28 28 16 18 72930 0.9469756603666716
22 22 5 20 67750 0.9475757070831676
21 20 0 3 112318 1.018601485289445
15 11 6 15 40186 1.0857225180113736
0 29 16 19 92451 0.9884910430681154
13 10 8 20 54778 1.0282056053245774
17 24 11 2 118380 0.9677146740688396
12 25 6 0 109093 0.9114007031543703
12 10 20 2 60621 0.9814813432837755
16 21 6 28 56472 0.9977201150281749
6 15 29 12 67221 1.0504454770370644
4 5 29 14 93479 1.0757574760846835
21 14 21 4 45191 0.9039738315162125
2 11 20 14 56629 0.9694330442617742
15 24 27 23 61509 1.0198312496677087
19 29 8 29 51307 0.9528539619917149
2 24 20 22 82095 1.0662271724142751
27 22 18 3 75427 0.9954211165800798
0 3 12 11 64974 0.9856344046529639
3 19 15 4 75383 0.9061996059491904
11 27 28 28 72797 0.9485106773678403
23 21 4 22 70532 1.0646097283755305
26 10 2 0 98491 0.9822586969100472
13 25 21 16 70349 1.037205214450964
17 1 2 4 56903 1.0869586077280713
4 6 26 11 76115 0.9755432738950796
28 27 23 8 75193 0.9404611731659451
21 0 9 21 113457 0.9894286811929867
23 20 3 29 96791 1.0186418085867135
13 6 15 15 50098 0.9153478667043322
16 10 21 23 77443 1.0036923169352676
15 4 0 16 74980 0.944143117927875
21 13 5 20 68947 1.0601518123378169
12 16 10 0 74872 1.0794746492935423
15 17 1 3 85806 1.0609934102625183
1 7 21 29 133477 0.9670237581846953
19 0 4 25 125267 0.904774191357137
22 4 16 25 96362 0.9486161665736106
10 15 13 23 56229 0.9811047992116095
14 25 23 11 76846 1.0000774971561286
29 24 6 24 102444 0.9427089822142951
21 5 26 15 39904 0.9957788988772237
22 24 15 10 78205 0.9015686317218751
17 18 1 17 64827 0.907008300907037
22 5 13 25 104112 1.0047660279903639
25 23 17 3 82213 1.021396848894575
17 17 14 24 45803 0.9485599802844873
18 22 0 24 86674 1.0552955291993262
12 18 17 2 96716 0.9445700835452616
20 10 9 2 67511 1.0708322233528043
29 2 22 26 84682 0.9359526310874365
10 29 9 10 82033 1.0774259707418263
26 9 0 8 95020 0.9193904733502956
14 2 27 28 112716 0.9602658205599659
21 9 1 12 64983 1.0164750339666333
27 23 16 29 62481 0.9319046099067712
14 19 21 24 47024 1.0554428801665856
14 2 21 15 70026 1.0788763532904124
23 18 0 6 94587 0.9204281232175732
25 20 0 8 103132 0.9998818952305923
5 20 11 29 56891 1.0136040397704857
21 1 13 6 43740 0.9415607608521758
19 20 4 25 67495 0.9397726755295243
8 2 19 25 122382 1.0978604604931792
24 24 26 1 75160 1.010946418794396
11 2 29 20 104794 1.029000526220167
20 14 29 18 42957 1.0358794326753544
6 7 21 9 59028 1.0067696437728781
6 11 13 22 67967 1.0689101229377922
23 9 14 21 61712 0.9329724086601701
5 27 22 2 132164 0.9784198954970014
20 22 2 27 96949 0.94823978083673
6 19 10 28 45172 0.9730431123520693
19 26 23 1 93536 1.0892633769932794
29 28 19 8 97997 1.0020242974333562
14 5 26 23 87583 1.091278308599583
3 3 15 13 59732 0.9433380766025146
6 17 14 27 70196 0.9214192662978924
19 25 24 16 50423 1.0557174720857831
17 4 4 4 43019 1.0719575967319623
17 27 21 17 62903 1.0362102414811278
22 4 19 29 88409 1.039155563748549
28 3 12 13 73376 0.9978995357042535
19 10 10 2 68725 1.0890129078592188
10 16 18 23 68177 0.9986854831850919
13 5 14 19 76118 0.9732070293600771
10 23 17 10 89326 0.9958297694590138
16 28 29 16 80941 0.9594047951242599
28 9 14 4 63141 1.0846753260160513
11 4 29 24 108213 1.0608123610503963
26 17 23 3 50759 0.9824016427855764
12 22 8 13 50754 0.9791777678185933
7 0 27 19 107800 0.9152938557622046
2 5 21 6 55734 1.0449270666677213
10 8 1 11 45692 0.9272827546516993
28 16 20 27 65705 1.022860104610288
10 9 16 27 110532 0.9545737409600292
26 0 29 15 67228 0.9780032888571344
18 1 5 5 55085 1.0319769757372463
3 4 18 20 98494 0.9281110806942231
20 17 8 16 41955 1.0126312283641214
6 6 3 22 55129 1.0691038024670114
13 15 1 15 32774 0.9454552582458596
26 4 8 29 123954 0.9539591016943303
14 14 10 3 54246 1.077360423379311
15 25 21 12 82854 0.9637942285010984
1 14 24 14 66554 0.981009005764825
11 9 13 19 61440 0.9546166116341807
25 25 22 12 44342 1.083181895481895
14 6 7 13 41544 0.9638460728748139
27 4 20 18 59106 0.9577254347570504
8 2 12 29 110437 1.0695164587134909
0 29 12 0 133016 0.9762472683125654
27 1 10 17 91424 1.0319243965451115
23 24 19 11 53546 0.9129354400162701
11 21 27 0 109542 0.9929000711155254
18 2 28 14 72288 0.9050663578610189
15 15 25 8 50161 0.9125394424369099
21 9 23 26 55915 1.0195022213973446
7 29 24 16 94577 0.930711509154277
25 28 3 4 124062 1.0479790773155602
19 9 25 4 36899 0.9816845837517272
1 5 21 24 122871 0.9360538262379863
29 14 17 22 62147 0.9179415101462736
17 23 27 29 62469 0.900392314772713
25 20 14 9 67486 1.0096891365125722
9 26 16 11 80528 0.9042149279578525
0 4 27 29 148499 1.0429005369789868
0 8 27 10 97694 1.0933136841429618
29 25 18 19 57037 1.0613476162403352
21 2 7 16 86509 0.9433969134421337
29 1 11 1 72995 1.0976213262666787
2 13 2 2 45187 0.9529991677187005
25 3 20 20 56738 1.092700408931507
27 28 11 11 97336 1.0508950390934042
12 7 18 24 108457 1.0376914458690987
7 5 12 10 40985 0.9335021539067336
25 28 22 13 48733 0.9800841012991485
17 19 8 17 37522 0.9451553232291148
27 17 16 17 50316 1.05408248139426
28 1 0 8 100666 1.0708730528998436
26 28 17 20 52553 0.9255934408021386
8 25 29 24 95398 0.9181994267066296
9 6 6 16 40774 0.9416095480213342
3 17 23 9 75659 0.9471190294186094
6 13 0 5 39183 0.9814347286362628
9 27 9 16 44241 0.9071256577171758
12 1 29 24 119358 0.9559906967589262
21 7 3 15 76081 0.9303054272554933
28 4 29 27 99114 0.9323781112678834
1 2 3 20 63537 1.0840175142788737
25 27 28 1 92645 0.9513565998343356
15 20 19 10 69088 0.9609775379099443
11 24 3 28 51166 0.9584070195450521
5 1 9 25 89509 1.0484073348717133
6 8 29 24 111741 0.983227419884098
10 21 3 3 78406 0.9531945856469335
28 7 3 25 131321 1.0672294782025191
19 25 25 18 49397 1.0445923415730656
18 3 11 29 127681 1.0126561846499154
23 8 14 18 57294 0.9332121412129593
26 20 2 23 90237 1.080632417833946
6 26 2 13 59539 1.0629619283885463
5 17 22 26 89367 1.0026424091686268
1 22 1 3 76492 1.0768466746383116
17 20 2 2 99079 1.048794936137579
13 15 26 24 59984 0.9604284437514977
28 16 22 7 45551 0.9642583244068131
16 22 0 5 106821 0.9881941768842297
22 0 6 28 138831 0.9539797932751839
8 29 9 11 68582 1.0605087322256879
2 24 7 12 50351 1.010646642604336
15 27 23 12 78278 0.956981328787343
7 7 22 29 109189 1.0567397757940755
23 0 2 12 88389 0.9304595419223172
15 23 5 17 54615 1.019916998411052
8 17 9 5 41400 0.9120275971409829
25 16 15 0 84986 0.9689447048630808
6 18 1 13 29133 1.052181772640009
1 21 8 1 77129 0.9119934538596505
3 16 22 3 90220 1.000707762303619
7 12 28 4 79078 1.0250355861708589
25 16 11 20 57049 1.01387490705019
24 9 6 16 67397 1.041960655682466
20 24 2 11 101462 1.077988555719469
20 4 15 14 60619 0.9696135898853404
27 21 16 1 92713 1.0215960023144852
11 26 23 11 100801 0.9730815193457633
28 20 2 29 117705 0.9975525302927727
25 13 27 21 34986 0.9214848613556583
1 29 12 16 89849 1.0270258488995059
10 3 27 23 104669 0.9907431999085101
17 24 29 10 85248 0.9153366511068987
17 20 7 13 58712 0.9827673536097875
3 0 14 2 44953 1.0033807797015148
23 12 2 23 90362 0.9729897057750473
26 26 2 1 134494 1.0705124023663637
27 22 1 21 92283 1.0560019719007752
29 24 21 1 92049 0.9671058925432506
4 12 28 22 89379 0.9125738869394325
18 18 4 19 53618 0.9673040095365744
27 7 0 11 95400 0.9490359237523175
0 5 14 13 62375 1.0986411464841292
4 12 2 22 34881 1.0334070587547508
1 17 21 15 59086 0.915302011833438
6 20 8 8 48301 1.0756490736402775
26 23 0 21 102465 0.9590065315819285
18 12 25 24 58319 0.9537084995255479
5 2 19 17 87415 1.0521067015839933
27 21 27 1 71301 0.9047639803014252
3 5 8 24 75867 0.9591617917038413
10 25 2 6 83318 1.067097152204514
23 24 21 12 41495 1.0017501422005215
9 17 23 26 73079 1.0109480014255878
1 10 16 5 63838 0.9790800789055237
0 24 17 24 85795 1.0274428109159384
11 3 11 22 80704 1.0715836986177383
14 3 20 16 72742 0.9167471719984532
20 13 4 5 64301 0.9457737003678544
6 1 14 12 55341 1.034705286209613
14 13 6 15 30066 0.9794156467913375
25 11 3 18 82508 0.9752542894958942
5 21 6 7 55589 1.0501102775315783
7 13 28 10 77731 0.96120800807038
19 6 24 17 44850 1.0269603101319236
9 0 29 18 116434 0.941497744167251
7 11 14 6 34996 1.0653884436001686
6 20 12 26 47183 1.0836922514659495
18 13 27 12 30314 0.9508046013483232
19 5 29 15 56832 1.0718388608315037
21 11 27 5 36243 1.0673245710575086
11 27 1 21 59373 1.0517260497488434
2 13 26 22 93017 0.9639213268983083
4 29 18 28 58863 1.024929896004766
4 18 22 0 107514 0.91346920957391
28 19 13 23 65888 0.900379820786463
23 13 7 25 80520 1.0871770736929371
25 19 27 27 38122 1.0401098693084676
27 3 10 28 124580 0.9209723238391722
21 9 14 2 48695 1.0118493739114587
10 13 16 21 57427 0.9201127472432473
21 29 22 9 68725 0.9364286914683075
29 4 1 14 103012 0.9629802583775766
16 1 26 25 105514 0.9700633488925139
5 23 1 29 39373 0.9511379540626803
1 19 14 29 83905 1.0196448787538908
20 12 5 10 52814 0.913727390846485
24 26 14 23 57987 0.9502230841571646
6 29 2 23 38184 1.0079145284264068
27 17 25 25 37114 1.007708353764657
13 18 25 3 79790 1.0278173762527651
10 24 1 9 85793 0.9907611994398546
22 8 26 22 53738 1.046110806953026
25 1 29 26 96049 0.9052646961378239
25 19 1 3 109118 1.0705559499723307
15 3 5 22 89731 1.052746493609862
15 12 25 17 50545 0.9821113480492659
10 9 20 15 54401 0.9928281717252633
4 20 11 11 46827 1.0231700804274602
10 20 12 0 86827 0.954329867198819
22 11 5 13 57155 1.0348313259069282
16 10 2 6 63685 0.9298236578972665
1 15 15 3 70226 0.9567400518361662
4 5 6 23 65066 1.0462872441225048
3 10 0 1 45664 0.9618419499145245
8 0 6 8 35622 0.9029826981977234
3 6 14 16 56628 1.049648028516429
9 12 2 0 55338 1.027205049092904
12 9 1 25 90837 0.9005141094198503
7 21 23 15 61584 1.0186488018165383
0 6 23 19 96439 1.0538336697554078
18 4 14 11 43968 1.0026377511932265
16 28 11 1 130840 0.9796311949462383
14 24 23 14 63637 0.9958925973036739
2 17 26 15 73566 0.9815737078675602
18 2 2 16 86527 0.9896953380617394
21 18 6 29 88073 1.0839082607849273
4 27 26 11 111116 0.9254588367830938
29 10 1 14 93964 1.0204388578638712
21 23 0 27 112319 0.9502652987692409
4 1 25 16 94545 1.047051708174775
1 13 20 3 78438 0.9619878542609568
14 21 24 27 58295 1.0978496883525632
12 21 24 5 80544 0.9643516797951874
18 14 6 8 58311 1.0463317353341186
7 10 1 20 48205 1.0290788500056927
5 10 9 22 58407 0.926037601287767
0 12 9 14 31601 1.089208010347789
27 16 7 3 87893 0.993731864017853
22 15 13 8 61614 0.9885158428627054
5 20 22 26 84261 0.9751215701062663
29 19 10 21 69551 0.9834257396556865
8 27 15 22 49152 0.9042582915587539
22 12 11 25 93790 0.9354625924812286
14 19 15 29 55070 0.9846132590191174
14 16 23 22 44621 1.083568759924755
26 0 14 22 106689 0.9992660655815829
22 28 19 14 53259 0.9141754512752795
3 15 16 19 53795 0.9700003359384267
9 16 19 9 65941 0.9739846115714388
19 29 22 2 94189 1.0041348986605751
24 3 3 22 108476 0.9707786869656072
11 22 4 19 36825 1.0839443320122075
13 3 2 19 75604 1.0117255034524932
12 24 24 12 84115 0.9963674975351833
7 17 6 4 52762 0.9718664515968013
25 0 2 12 92961 1.00433677981238
7 26 3 18 51410 0.950325920758669
17 2 7 18 84686 0.9680688844991023
1 2 26 5 80178 0.9158097476937201
10 10 13 23 81467 1.0807232401353881
7 28 12 23 43726 0.9775260805698347
14 5 9 10 40979 1.0829094620929303
21 22 14 6 72082 1.0069955351785342
19 5 18 20 67402 1.0422565042293621
18 28 14 20 57604 0.9257262548076308
10 24 23 28 74691 1.0001590886769207
20 3 5 2 47433 1.093107510338297
7 20 22 21 50979 1.042373470952942
15 26 23 14 71488 1.0905768848563535
5 0 28 11 98943 1.0284736581227603
29 9 18 24 85683 0.9795228582495478
6 3 24 4 58623 1.0426296419988945
1 16 25 6 88568 0.9064690605451314
21 11 17 1 54889 1.0586036747589644
27 18 2 18 90827 0.9919332236912735
10 20 23 0 97569 0.9679331263042628
1 0 22 25 136953 0.9943382598565095
17 0 28 21 95303 0.9781691068621519
8 17 14 5 61064 1.040763492478044
22 22 28 28 38875 0.9382783555151333
7 1 12 19 76444 0.9582549784448575
27 22 17 7 71857 0.9321692108956502
13 1 8 28 107380 0.9511121132057805
7 24 25 19 73782 1.0950779244927393
18 5 27 1 42085 1.0727026309209058
8 26 7 12 54783 1.0326236497993835
22 27 4 25 86361 1.045618586331573
29 10 10 16 69493 1.0738929628697638
23 25 15 4 83586 1.071535855585621
8 15 22 14 39321 0.952138805904916
2 21 4 7 46252 0.9968252130322834
16 22 8 8 76867 1.0457042493948667
29 21 18 12 57604 0.9902399544993232
14 20 5 2 84437 0.9394017715619684
28 3 27 28 89783 0.9729887433663487
5 26 12 18 54397 0.9204583433465652
8 0 17 8 53925 0.9803530851987928
22 23 28 9 66283 0.9149991393242556
17 1 14 12 66616 0.9519168988446386
3 23 18 16 75543 0.9122943298712335
20 21 26 27 42853 0.9951601327845836
24 18 16 23 51972 1.079166843203651
10 22 0 11 69355 1.0031199783233955
15 10 18 3 49129 1.094456550116929
8 5 7 16 37597 0.9759914313215273
0 28 25 24 109115 0.9204894865932909
27 26 5 28 92030 0.9030000936656489
14 9 3 1 58975 0.9553055916644815
21 22 15 5 77726 0.9743196564721778
6 6 26 12 69531 0.9840496424182353
8 10 4 19 34705 1.0169682519388759
25 2 3 15 92625 1.0611476304212815
1 28 8 20 54186 1.0685973236787794
10 13 27 29 94729 1.0643386587849528
11 1 15 24 115249 1.080667832723517
21 2 25 20 60989 0.9469823100443139
12 14 27 5 68168 0.9849594701853466
4 6 7 29 86383 1.0948243141603573
14 4 0 6 46580 0.9385980146374452
1 0 25 26 139282 1.0776395980143099
29 10 20 0 62736 1.0464786279437226
19 11 11 28 104454 1.0399598177061145
12 18 29 29 94382 1.0451213667240182
6 12 15 16 39287 0.9041835182619685
6 5 19 18 84355 0.9374410693036758
8 28 0 7 98655 0.9152663077152372
4 20 13 12 44853 1.0055565201341135
3 0 1 27 106744 1.0732107106976398
1 15 7 23 45694 1.0565723254879913
3 12 12 19 49376 1.032402474207629
22 11 9 25 90810 1.089754137361781
17 29 26 25 46865 0.9595417487245914
3 2 11 19 74715 1.0855463513638781
25 5 14 5 38855 1.06139834261567
9 28 2 11 75531 0.9573343135190404
9 25 21 9 94943 0.9513882155755451
22 2 15 9 57618 0.970788084956674
14 4 22 2 35508 0.9447024588910816
6 8 24 18 80702 1.0330048790289152
6 26 10 19 39170 1.0570385065583257
0 28 26 0 162653 1.0314423577776894
1 6 16 2 56750 0.9851200020486213
1 11 21 28 108715 1.0495546878646556
17 0 21 6 39173 1.0637153050087413
23 7 10 15 53491 1.0032736897559393
7 12 15 7 46497 1.020410824989136
28 15 17 17 40027 0.9600591924028506
17 8 3 27 110001 1.0054105431305904
28 11 4 12 72821 0.9185447465915574
5 12 13 0 63156 1.0038940252962107
24 6 0 0 82711 0.9301749331034429
16 21 3 13 66587 0.929823378593893
24 21 0 13 85544 0.942597225240043
17 19 22 24 39452 0.9506013132072555
27 15 12 16 43814 0.9988086295930773
5 27 1 15 47612 1.0794395425566659
29 9 14 23 94375 1.0214265050751623
27 27 14 23 76918 1.0247191203062365
4 3 22 28 117455 1.0130477141984744
4 16 21 15 48900 1.0274563722211232
2 26 10 9 82538 1.0060067564161856
20 13 16 19 43176 0.9530879348660416
9 3 21 14 71663 1.0306069113924075
10 26 24 1 122761 1.0521738278383164
3 14 9 20 39343 1.085090336776426
7 13 3 27 58793 1.0329287000584415
29 29 8 17 106044 1.0162569882403956
29 26 8 5 119265 1.0289903172607908
20 23 9 26 67850 1.0477860369706704
8 11 20 10 48672 1.0059781832998902
18 28 11 22 64357 0.9637221115934346
16 8 20 2 39844 1.0086574408849986
2 14 10 1 63425 0.922446882314678
17 23 3 18 73042 1.0525598138699088
11 8 29 24 111328 1.0284156022316748
25 21 8 17 65397 0.9772293629495171
14 16 2 19 50351 0.9674957809364192
0 16 6 7 48279 1.0107405367629532
1 24 29 11 116918 1.0578779494019384
25 4 12 9 57363 1.0407400040658406
20 22 1 9 105335 0.993309951981193
17 27 7 22 65832 1.0327991298397952
29 10 18 16 53960 1.0585760064671823
13 25 18 16 67352 1.098590808445869
24 11 16 29 80132 1.0898156446443616
16 9 14 25 92134 0.9921686820140332
29 9 10 13 73297 1.0639174498532975
1 2 28 23 128321 1.024492868349269
13 15 18 7 59490 1.043088128647861
3 14 20 11 62050 1.0095781160225574
0 8 20 9 77401 1.0135310867084901
23 23 10 23 69740 0.9897484047465822
9 14 25 25 72610 0.9345662954084732
2 18 11 10 57020 1.0561506729055603
22 18 5 9 83191 0.9487824973425527
16 12 21 3 56691 1.093802807229418
1 7 26 18 107508 0.9259112778933256
2 11 29 6 88210 0.96630068846164
21 17 9 18 51847 0.9938770301783978
7 22 2 0 88619 1.0893776827051707
29 4 28 26 98315 1.0674786516968535
20 17 9 23 63520 1.0765518765547917
24 24 7 1 111569 1.0528614137121903
20 1 2 23 117917 1.0007462575440693
17 19 24 11 42535 1.0685054776063527
2 16 18 25 91744 0.9091821302239951
24 9 6 5 60200 0.9773333103560318
23 24 3 22 85119 0.9403754104264896
21 27 3 19 93246 0.9799483252802883
22 23 9 29 78590 1.011905609505186
2 0 4 28 96284 1.0472470605610076
9 24 2 21 37877 0.9456882870906665
22 26 14 11 77308 1.074650130715943
27 9 12 2 68734 0.9879096973230419
17 7 3 13 63184 1.072532609688958
10 6 23 15 60977 1.0653559002687856
27 16 25 29 54545 1.0976997971548064
7 8 4 17 38589 1.0361846707126854
3 14 22 11 67300 0.967883494722465
4 11 7 21 41824 0.9436524406970442
4 17 3 7 34976 1.001384775288108
24 28 20 3 79146 0.9754449193180752
13 27 4 1 119046 1.0075290160093255
8 1 16 10 65661 1.0478472902453624
7 15 14 4 55863 1.079793335809677
27 27 10 9 112912 1.068315188461564
2 3 27 27 141555 0.9633539677721515
24 21 28 1 70827 0.9108402149855886
29 20 13 11 72668 1.0442211720885173
3 21 23 5 97834 1.0989342410731675
21 8 29 4 36773 0.969189196292334
3 3 23 7 64758 1.0125723497433619
26 13 14 24 79050 0.9138526013582109
19 27 8 18 82789 0.9427161525415453
25 26 16 4 90419 0.9161987955141159
5 4 17 23 106561 1.0319047294386396
19 15 1 20 60414 0.9862671462644883
27 13 7 21 79774 1.0406844995617304
4 0 0 28 104003 0.9845999673894836
26 13 11 11 55922 0.9015428476251625
27 3 1 12 87490 0.9177586803948604
13 7 18 22 97234 0.9745067396741647
10 12 3 24 55995 0.9188002839058621
17 23 22 15 51204 1.0979493009378276
28 26 25 8 80411 0.9755240243850116
27 10 24 24 52477 0.9978632927989475
17 19 26 16 37843 0.9891720381626885
5 25 15 25 50661 1.0500511230362617
21 10 12 22 84013 1.043097378328135
7 20 25 29 84376 1.0393526654395695
2 17 24 15 67626 0.9641349597019703
24 10 13 28 86789 0.9282411268322602
3 24 19 26 84316 0.9548428401498656
0 29 18 0 152763 1.0420271849650578
1 24 19 2 120582 1.0753489060141481
13 0 1 25 117363 1.071861077514712
14 21 18 12 58150 0.9603577735260076
23 11 9 18 59912 0.9142869905590046
16 18 26 16 45603 0.9460914656659064
11 21 24 6 81768 1.0695209077880237
20 26 27 11 69695 0.9366787976134735
1 4 14 6 44897 1.0323936529706148
20 13 16 5 52415 0.9461662455317178
4 11 22 16 64279 1.0177856561457825
18 18 29 5 72063 1.0417615037527934
4 26 10 9 73906 1.082684220102244
29 11 15 5 62780 0.9851276226779886
22 2 13 23 102828 0.9665190648607561
20 9 29 4 42314 0.9815279378649432
26 28 12 21 72364 0.9647980096769091
18 0 7 16 90446 0.9915521734344833
17 0 26 1 54404 1.0533287145882826
6 25 16 0 122919 0.9009310369308499
7 22 29 21 80368 0.9986647960450241
22 0 5 5 72939 0.9710438208449353
18 26 15 6 104651 0.9810773814769616
7 21 24 10 78880 0.9995761535671893
26 15 0 1 109326 1.003559638099094
5 20 15 26 64378 0.9472772794206501
4 24 12 13 59687 0.9887519420184997
3 14 13 19 49308 1.0100682509729473
27 28 27 14 59281 1.0563816747750487
25 4 20 12 36430 1.0510110721945118
17 9 12 29 123588 1.0528834341429878
13 5 5 11 46299 0.9804371757735721
8 3 3 15 45526 0.9028760030562157
9 23 27 11 94313 1.0183368919454914
