4222 4936 4807 3981 4841 4362 4588 4098 4935 5097 4343 4283 4317 3884 4170 4183 4542 5060 4882 4153 4301 4505 4330 4620 5007 5005 4315 4110 3900
6602 6475 6654 6638 6512 6739 6908 6460 7427 7187 6509 7004 6291 7405 6701 6967 7033 7181 7182 7107 6914 7164 6589 6323 6423 7125 6406 6638 6857
4835 4382 5201 5251 4594 5168 5429 4896 4881 4894 4614 4553 5324 4660 5115 4902 4970 5217 4839 5457 4760 4348 4790 5555 4860 4296 4891 4475 5013
3070 2803 2809 2845 1834 2273 3075 2749 2634 2358 2878 2558 2048 1919 3070 2778 2776 2536 2031 2028 2647 2990 2446 2589 1938 2607 2528 2572 1908
8008 7680 7849 8180 7582 7640 8244 7576 8577 8523 8131 7458 8648 8393 7871 7511 7859 8288 8443 8412 8112 8002 8390 7752 7488 8267 7511 7539 7968
6612 5891 6017 6421 6517 6150 6259 6037 6207 6823 6200 6178 5718 6060 6788 5804 6016 5891 6483 6095 6502 5806 6936 5701 6554 5949 6562 6314 6790
2095 2013 2964 2642 2864 2907 2835 2036 2174 2154 2950 2936 1884 2337 2158 1808 2008 2210 2815 2099 2650 2729 2206 2375 3089 3071 2868 2777 1900
8279 7713 8789 8529 8675 7612 7779 8104 8032 8490 8284 8040 7799 8144 8231 8292 7908 8621 8672 8740 8686 7823 7808 8333 8846 8698 8644 8839 8765
2521 2783 2514 2160 2919 2577 2539 2089 3314 2237 2999 2200 2505 2908 2793 3225 2183 2930 3171 2961 2126 3227 2862 2089 3276 2963 2444 2427 2449
6659 6289 6169 5855 6594 6036 6737 6822 5862 6886 6173 6120 6537 6241 5642 6735 5732 6853 6460 6887 6823 6769 5828 5929 6586 6289 6369 6728 6510
7178 7934 7883 7472 7416 7117 8204 7412 7968 7216 7910 7872 7188 7718 8007 7321 7270 7296 8292 8174 7137 7972 8130 7834 7519 8221 7218 8100 7204
4758 5630 5203 5042 5649 5458 5842 5830 5940 5807 5820 4766 4696 4782 5366 4933 5614 4814 5174 4810 5173 4873 5883 4818 4707 4770 4846 5892 5526
2883 3433 3552 3520 3214 3559 2828 2904 3057 3178 3084 3112 2989 2906 3614 3149 3598 3554 3427 2677 3414 3481 2616 3247 3134 3260 2947 3041 3028
5922 5566 5760 5821 5920 6282 6082 5560 6318 6133 6514 5304 6065 5804 6009 5361 5264 5802 5337 6266 5255 5571 5869 5685 6281 6408 6436 5463 5319
7911 7563 7765 8054 7482 7617 8082 8386 8333 7383 8046 7449 7311 7532 7642 7665 7426 7545 8289 7993 8200 8261 7618 7493 8470 8446 7846 7662 7258
5924 6073 5991 6297 5829 6548 5891 6199 5826 6320 5577 5473 5863 5285 5762 5539 6113 6004 5930 6462 5884 6033 6517 5555 6021 6371 6034 6025 6469
7645 7225 7319 7720 7715 6887 7611 8086 7764 7017 7166 7592 7865 7946 7690 7276 7507 7554 7924 7782 8115 7684 7531 7975 7277 6988 7001 6880 8145
5487 5347 5161 5059 4664 4522 5417 5513 5320 4444 4471 5519 5430 4630 5303 5313 5494 4971 5474 4787 4968 4783 4486 5309 5133 4454 5579 5176 4629
5804 6010 5354 5343 5876 5375 5484 5601 6002 5127 5049 4984 5487 5702 6245 5436 5731 5175 5026 5915 6249 5816 5917 6131 6036 4995 6068 5159 5941
6324 6149 6117 6197 6498 6921 6105 6361 6664 6196 6153 6998 6165 6991 6021 6016 5765 6075 6492 6414 6369 6290 5924 6050 6663 6832 7004 6128 6684
7409 7119 7355 6726 7103 6706 6440 7322 7347 6307 6578 6566 6800 7249 6495 6868 6947 7486 6963 6776 6436 6499 6924 6861 6885 7092 6294 6452 6329
3887 3425 3664 3496 3826 3692 3424 3454 3881 3351 2912 3250 2793 3568 3489 3908 3052 3463 3356 2959 3864 3222 2886 2739 3026 3907 3649 2927 3401
3710 4484 4604 4723 4486 4789 4481 4392 4302 3667 4808 4787 4415 4671 4679 4472 3668 4710 3870 3960 3883 4837 3745 4103 4122 4852 4307 3877 3982
6367 7254 6392 6192 6746 6385 7044 7095 7455 7462 7107 6677 6751 6387 6831 6729 6936 6375 6692 6679 6323 7209 7212 6478 6941 7380 6216 6338 6258
7186 6327 6984 6136 6881 6557 6705 6886 6406 6405 6237 6790 6662 6220 6740 7007 6926 6481 6586 6985 7309 6290 6913 6384 6443 6948 6412 7088 6526
7700 7151 7367 7470 6634 6644 7146 6603 7020 6948 7438 7013 6997 6702 7331 6552 6494 7076 7199 7167 7343 7594 7435 7628 7385 7012 7244 7611 6555
6200 5376 5074 6192 5778 6105 5792 5600 5244 5444 5596 5383 5963 5339 5589 6076 5072 6298 5935 5700 5478 6072 6304 5819 5412 5211 5300 5937 6269
4834 4743 5005 4456 4066 3799 4200 4103 3887 4182 4686 4706 4654 4597 3964 4337 4381 4799 4085 4519 4092 4097 3833 4225 4869 4384 4011 4225 3947
5885 5198 6092 5849 5025 5574 5164 5360 5423 5633 6123 6014 4877 5789 6079 4975 5868 5357 6108 5415 5928 4888 5439 5415 5842 5437 4915 5328 5428
7626 7442 7579 7553 7963 7296 7624 7084 8019 7876 7438 7038 7197 7460 7126 7990 6973 8138 8192 7234 7958 8148 7856 7371 7745 8129 7547 7626 7458
7776 5678 7621 5863 6255 5628 4026 4742 7363 4390 2153 7297 3686 1708 3868 8728 6755 7861 6501 7537 5731 2842 5375 7676 6632 6450 7778 5398 5030 7401
7302 5950 7927 5684 5360 4602 3115 4811 6948 4601 2073 7014 3454 1840 2719 8765 6106 7494 6762 7408 5394 2893 6016 7902 6678 6231 7638 5715 5461 7810
7826 6787 7068 5565 5373 4475 3536 4693 7116 4183 2145 7723 3723 2407 3619 8721 5744 7424 6231 6904 5742 2629 6310 7416 6374 6387 8622 5042 5020 7525
7321 6093 7717 5174 5920 5592 4260 4138 7555 4692 2188 7365 3510 1363 3659 7986 6310 7092 6462 6936 5059 2457 6334 6730 6136 5896 8213 5730 4555 7540
7516 6564 7831 5220 5574 5332 3061 3936 7026 3644 1414 7035 3607 2341 2987 8372 6530 8324 6535 7571 6289 2303 6057 7688 6275 6319 8309 5515 4392 7592
8271 5766 7102 5557 6035 5297 4232 3763 7667 4553 1969 7561 3504 2041 3792 8434 5743 7419 7265 7157 6145 2606 5607 6753 6172 7037 8602 5534 4741 8110
7809 5859 8247 4827 5958 4870 3313 4051 7567 4396 2608 7983 4365 2167 3121 8641 5761 7255 7073 6449 5472 2825 6346 7816 7077 6868 8678 5274 4821 7656
7857 5730 8041 4806 6326 5410 3371 4423 7088 3625 2041 6990 4031 2100 3525 8073 6028 7300 6796 7604 6248 2157 6296 7560 6569 7055 8617 5612 4296 7368
7711 6346 7892 5315 5437 5590 3728 4581 7295 4574 2379 6819 4668 2159 3652 8317 6659 7611 7430 6688 5204 1707 5810 7050 6839 6261 8326 4730 4889 8288
7556 6595 7205 5373 5542 4714 4183 4582 6792 4334 2565 7531 4319 1348 2988 8363 6165 8139 7080 6915 5242 2681 6066 7465 6717 7078 7708 5177 4785 8223
7706 6778 7297 5012 6309 5280 2998 4382 7618 3693 2434 7578 3745 1607 2688 8793 6779 8293 6492 6408 5225 1685 5846 6996 6629 6464 7685 5208 5028 7881
7932 6147 7361 5619 6190 5434 4098 4649 6948 4477 1348 6882 4165 2438 3213 8318 6442 7186 6341 7640 5161 2462 5816 7188 6326 5976 8418 5368 4751 8353
7788 5950 8282 4790 5483 4633 2993 4254 7223 4090 1528 7416 3633 2242 3223 8925 6171 8059 7418 7323 5863 1818 6503 7505 6117 6237 7562 5053 5465 8282
8292 5675 8325 4875 5460 4733 3712 4266 6861 4667 2234 7943 4565 1437 3483 8872 6043 7805 7411 7139 5565 1688 5426 7794 6422 7008 7526 5754 5106 7877
7981 6363 8242 5442 5429 4723 3876 4917 7285 4735 2019 7034 4449 1757 2883 8683 6282 7385 7177 6685 5549 1941 6332 7048 6099 6663 7851 5428 4488 8248
7346 6369 7382 4801 6019 4647 3514 4511 6665 4559 1759 7059 4257 1280 3178 8377 6842 7435 7086 7175 6283 2050 5247 7501 6272 6878 7893 5210 5191 7528
7536 6944 7578 5295 6469 4948 3200 4562 6646 4679 2377 7546 3953 2148 3430 7750 6344 8106 7464 7370 5663 2253 6016 7399 7067 6460 7721 4916 5305 7948
8306 6632 7940 5775 6427 5034 4002 4659 7371 3920 2066 7186 3728 1352 3571 7777 6160 7552 6794 7121 6185 2248 5732 6796 5872 6124 8038 4966 5277 8089
8427 6437 7437 5110 6468 4861 2996 4157 7591 4014 1579 7128 4319 1447 3269 8758 5886 7290 6671 6397 6048 2636 5319 7053 6226 6255 7601 5746 4651 7678
7622 6878 8050 4766 6058 5473 3645 4876 6963 3537 1982 7114 4156 1756 3537 8156 6326 7780 7029 6951 6211 1987 6304 7543 6931 7074 7653 5290 4565 8089
8414 6909 7300 5566 6153 5222 3956 3867 7146 3636 2258 7066 3686 2304 3127 8054 6590 7965 6758 6855 6188 2266 5458 7297 6213 6374 8091 5410 4986 8343
7364 5926 8225 5792 6506 4825 3809 4158 6710 3838 2406 7149 4566 1642 3128 8032 6122 7186 6866 7300 5515 1688 5627 7206 6634 6666 8223 5065 4425 8567
8216 5933 7725 5813 6461 5620 3460 4571 6544 4705 2070 7169 3832 1298 3743 8341 6502 7457 6827 7094 5679 1879 5928 7073 5888 6474 8268 5766 5045 7379
8006 5688 8191 4626 6194 4989 3912 3809 7695 3909 2360 7555 4340 2300 3875 7695 6559 7352 6462 7009 5110 1754 5381 7845 6931 6389 8638 4691 5433 7376
7909 6557 7935 5015 6351 4843 2994 4712 7312 3980 1662 6928 4239 1529 3004 8393 5692 7834 7239 7557 5614 1887 5714 7136 6798 6189 8232 5012 4858 8331
7682 6657 7122 5148 6364 5484 3561 3880 6509 4758 1609 7572 3713 1973 3253 8874 6013 8153 7049 6550 5512 2854 5298 7129 6185 6558 8494 5505 4931 8508
8048 6652 8319 5863 5738 5369 3206 4318 6957 4650 2073 6834 3935 1786 3104 8127 5768 8108 7460 7457 5785 2499 5702 7556 6410 6809 8671 4946 4847 7468
7819 6693 7180 5644 5573 4433 3856 4447 6756 3767 1789 7203 3849 1360 2691 7738 5849 7829 6923 7005 5728 2469 5746 7959 6301 6694 8490 5064 4462 8426
7826 6935 7061 4747 5517 5513 4006 4513 7236 4383 1558 7036 3586 1619 3722 8612 6197 8129 7399 6581 5347 1979 6351 7368 6512 6644 7729 5378 4897 7518
6 25 20 14 60971 1.0695939817456013
17 17 21 23 35445 1.0662035698020529
24 17 25 26 66302 0.9363455389301738
2 28 15 4 103763 0.9242296189262926
1 26 4 6 70629 1.0853584744838196
23 24 8 5 90440 1.0147253550792408
16 5 4 21 76640 1.0958420716171005
21 5 5 10 50948 0.9157838904837357
25 4 28 18 79386 1.0380242859316848
1 18 13 20 47655 0.9785924536099695
19 23 8 0 91037 0.9668317277160209
9 4 15 21 65095 0.9983912886744136
18 28 2 9 100991 0.9232164521443957
14 13 1 10 32945 0.9932077515012585
1 13 25 16 64888 1.0709373432475475
5 16 17 18 56021 0.955522472960479
22 18 2 27 73311 1.0680601884717122
2 18 4 2 55088 0.9685406792746305
20 2 22 21 74390 1.072320811865596
27 28 3 19 86650 0.9242747651068726
17 13 9 9 30931 0.9934161869631064
22 21 3 6 76222 0.9480813451942857
12 28 26 0 136129 1.0224961588607695
13 15 12 25 40680 1.0675276919827863
10 14 27 20 64874 0.9908983385938737
23 28 10 15 87551 0.965117921869997
17 8 17 29 100727 0.9432896944105105
10 25 1 5 83255 0.995307940110283
2 26 28 13 85527 1.0063613089675651
15 5 29 27 126877 0.9964155395970682
3 26 5 9 50264 0.975368621033111
12 8 2 15 43318 0.977193644615837
8 16 23 19 57362 0.997318972158332
21 22 9 26 53387 1.0741378352685838
16 27 3 3 102729 1.0298467920578482
28 6 21 29 94779 0.9807511196423793
20 8 15 23 76938 0.9660879756057641
15 25 5 17 60283 0.9857629840841199
25 2 2 18 115289 1.0522727863874481
16 2 22 21 93740 1.0255022788652126
0 18 15 27 77503 1.0650628337343735
26 6 1 10 72724 0.9350073372523634
26 15 2 18 72267 0.9785034268675041
12 17 28 2 90554 1.0849349408947788
29 26 4 16 105904 0.9891821704467969
14 8 9 25 75920 1.0884524895450776
10 11 10 27 67632 0.9147855410886868
2 13 21 24 67488 1.0538359192098028
13 12 20 29 80876 0.9332117199965394
29 9 8 29 99667 1.051540622505014
28 20 18 29 63457 1.0542577805061462
0 29 23 26 108466 1.034503621285674
8 19 2 6 49058 0.9022016099103272
11 16 2 19 52221 1.022665667443306
23 13 3 28 73603 0.9960024981770169
5 19 19 29 82901 0.9346015152307634
13 29 13 4 92257 0.9234966021199954
11 21 28 18 53529 1.0190314884351204
14 3 26 28 131540 0.9294986360029333
24 24 20 18 41845 1.0918710530568079
28 6 1 23 113631 0.965297905903976
25 29 1 8 130760 0.9318852604405328
3 25 11 15 54417 1.0130846707138002
12 18 27 26 62374 1.0132359180962598
13 25 26 22 53736 0.9456263534505469
4 16 23 13 49058 1.015043742561685
6 27 20 2 107008 0.9986206039065497
15 13 20 8 33576 0.9438324957135471
21 0 17 16 67160 0.9885702938970027
6 1 14 10 39726 1.0232241609219757
21 7 0 25 99460 1.0157043392267544
24 24 23 9 72300 1.0679450434257822
13 26 17 3 102331 1.052612416905137
17 19 19 2 88572 1.0172211214284217
26 13 12 7 42789 0.9570135987641056
27 12 7 13 40557 0.9254838555621151
0 1 24 20 118143 1.085174534940824
3 24 23 1 114045 1.0575765798917933
21 6 2 11 57617 1.0449795713207772
14 17 19 25 65779 1.0915324510811562
22 8 27 3 38327 0.9203266630122733
11 3 22 20 82097 1.0510626907342457
22 18 26 9 48348 1.0023329001992558
24 9 2 29 102292 1.0727120459261936
15 11 5 22 55012 1.0122166233536616
27 20 1 15 87258 1.06655162018155
0 20 5 11 47793 1.0753635987906054
2 19 15 23 50459 0.9582422042392269
29 5 12 21 93314 1.0035822598240713
25 17 16 1 103079 0.9922975635626456
7 16 16 9 45941 0.9820524092053887
8 27 16 5 88537 0.9919172872513943
15 29 7 10 83831 0.9665517373177883
20 15 10 2 76727 0.9584078776891738
8 29 27 17 79215 1.048481668215622
18 13 25 6 42747 1.0566767910027235
7 12 28 28 102922 1.0030184377758944
21 24 13 26 51034 1.0477633247741183
20 15 10 14 35970 1.050492248012006
3 1 15 13 53864 1.0890961181328382
6 4 28 18 89811 1.051124640587674
0 5 12 12 50997 1.0161003255693208
15 27 2 0 114027 1.0554591813624505
13 13 6 26 45616 0.9884482680221998
28 1 21 4 52194 0.9273935784245174
12 5 18 12 37542 0.9583198451442202
7 10 19 22 61501 1.0531549550800576
17 26 16 15 62922 1.0142279842027553
5 1 4 22 67121 0.9409991224628461
9 1 28 2 108615 0.934784295048883
3 29 13 4 89949 0.9477304126874921
19 8 6 7 46161 1.0880672190726575
2 16 29 0 126778 1.0669084345103736
21 26 6 29 69199 0.9263472206292901
19 14 22 27 55249 0.9743095404710922
0 18 23 21 65037 0.9934285216638035
25 23 9 23 60549 0.9581787956917498
21 21 0 9 75186 0.9827837329804655
3 12 13 25 58110 0.9149952273616074
29 9 20 25 78264 0.9382848151653946
15 12 3 9 38135 1.0283482441812257
3 1 6 23 59629 1.0195595385163594
12 20 26 12 53353 1.036344007829342
24 6 13 6 40082 1.063357317301973
12 29 6 18 45835 0.906128322118104
25 11 6 3 64725 0.9941244684277974
4 10 21 29 87399 0.9156584179096908
26 3 13 12 74367 0.9782853285068603
11 12 29 15 50950 1.0145481828603489
8 10 14 17 44165 1.0249486851004885
2 8 21 0 84270 1.0762616628337245
8 11 14 23 54922 1.0846943505047257
11 26 3 29 47101 0.9050633415536428
1 5 2 23 61202 1.075738705210991
24 24 24 5 93370 0.9158820898970675
5 23 27 16 78529 0.9560504002305242
3 14 10 4 46277 0.9101295483128561
11 14 17 18 40491 1.0938885781982395
8 25 18 11 61990 0.9015029749092851
9 9 29 16 72718 1.0300514653623836
17 1 24 14 73747 1.0431073538256865
3 22 15 29 67127 0.9517228185931018
4 22 8 2 63316 1.085257978609103
23 8 27 16 49300 1.0652106895361264
16 20 7 10 56189 0.9119460165945816
18 7 6 21 67495 0.9335313249374416
3 3 24 14 69999 1.0631983256977033
23 11 3 10 48331 0.9101523842557825
8 16 3 24 33744 0.9642046227170868
17 16 6 27 65299 1.0144278433230198
20 1 26 22 91870 1.0247662504444053
13 22 14 7 60572 0.9485901491828695
14 10 23 24 70915 1.079333494940699
17 14 6 20 40748 0.977943854301637
13 16 3 2 61465 1.0125031349179345
16 7 19 24 86329 0.9547790990387266
25 27 14 3 124455 1.0890685355911147
0 12 22 24 80879 0.9524700083870352
0 23 23 4 112721 0.971136755210041
2 24 15 0 113704 1.049448744058669
4 12 21 27 78913 0.9067352754018649
12 19 7 7 47567 1.045255481100175
23 27 20 19 43938 1.0921829984394198
9 14 2 8 35478 1.053078961078856
11 3 17 16 61174 0.923978723567716
29 29 20 24 66078 1.0157053025715987
0 15 25 29 118915 1.0365525643334053
28 25 10 5 115026 0.9716054547651578
5 1 16 28 109703 1.0919895197658287
4 13 10 5 39413 1.0747086792464566
10 20 13 13 35553 1.0821508857444166
25 1 0 29 155346 0.9542178910221568
4 13 13 21 37802 0.9328417684197449
29 6 8 13 68644 1.094352444436562
21 7 10 9 39336 0.9690326170024075
3 16 4 2 43545 0.9058780453630509
15 3 27 14 77000 0.9332594364328781
1 20 14 0 102912 0.9096487213325045
7 28 19 22 53043 0.9842293156112442
1 5 8 1 42540 0.9184249327967469
0 17 13 9 56432 0.9826322932767875
11 8 2 12 38504 0.9418367386314913
27 0 1 11 102930 0.9947032311750974
23 2 6 15 84113 1.0761655841581466
29 6 14 21 88409 1.0034063677912581
14 0 12 14 60299 0.9258377573547656
6 8 10 28 64127 0.9884900285733962
14 8 20 24 81430 0.9350076176343025
11 24 13 1 86389 0.9935503047425077
10 6 1 24 76589 0.9052603415620689
28 27 10 2 135913 0.9415677715244475
28 25 0 10 106368 1.0659928412105937
25 17 2 14 72673 0.910197004710544
12 27 28 24 68344 1.0022686956391984
5 2 2 16 54244 1.051862384706184
1 15 26 17 79063 1.085807072414817
16 15 5 29 80618 0.9831519299363154
14 3 4 9 55651 0.9793732614979711
7 8 13 3 41806 1.0233475371760212
11 26 8 16 44495 0.996956076312362
9 22 27 21 45045 0.9028580314759722
24 2 20 21 87219 0.9729691596806405
10 3 13 19 69647 1.0487034710423755
19 22 25 16 51075 0.9347838314154169
26 21 7 9 73347 1.0944849730659671
7 7 5 27 58142 0.9181892998216369
21 20 5 28 60124 0.9960950873718858
15 10 18 18 49197 0.9534070579552991
26 18 2 10 80032 1.0045667510948848
0 2 18 16 92131 0.9369845394650489
1 21 28 7 96269 1.0026152083765272
24 26 17 17 67636 1.0138817235512931
17 1 26 2 62993 0.9027616150908915
12 25 19 16 58227 1.080346286593676
26 3 11 24 113423 0.9422359596183081
15 20 26 6 87696 0.9278800148134605
7 10 1 26 63732 1.095567787359191
15 28 8 12 70122 1.074496807754859
11 15 1 5 54924 1.0356277058117849
2 1 9 21 68170 1.0109733127174616
28 17 16 7 71278 1.0568494638709462
4 0 15 1 73325 1.0826244030206835
19 27 12 4 101436 1.0283353923457215
26 11 28 26 77061 0.9226407618282423
6 28 20 6 91763 1.001569074551214
4 22 11 25 44247 0.9568165562344422
7 8 0 18 52744 1.056839476090381
11 29 3 19 56539 0.9860837878048586
20 7 8 0 64859 1.083620490135683
25 15 3 28 91465 0.909060262065593
26 0 22 24 114373 0.9752859064716994
4 13 13 2 57889 0.9335376984228956
13 10 7 29 68981 0.988849565422679
26 23 23 1 103124 0.9390433933948682
6 28 23 27 81779 0.9484021925353305
27 13 17 11 28336 0.9786605493163649
26 15 11 15 46878 0.9431505604976709
20 26 1 14 87845 0.9628287174135762
25 12 11 1 74066 1.0736946262099003
20 13 15 7 41625 1.0627058721864655
7 16 23 8 64103 0.9207612077207198
14 25 7 29 51763 0.9315671045826307
11 22 8 3 58782 1.0128133065775706
16 8 0 28 101650 1.0120891039202853
17 4 15 14 54013 0.9508620638144669
26 7 21 14 38918 1.0102197629871528
1 27 9 16 58233 1.0614198580882277
17 2 28 29 136694 0.9997933499107459
7 21 24 11 66421 1.0936091062119397
28 26 28 7 94594 1.0732135594285828
22 4 23 19 70874 0.9116354948717998
10 13 13 3 40280 1.019134484861526
2 4 17 25 94588 0.947904911914056
22 11 10 4 56255 1.0786089943188848
22 21 17 28 43523 1.045534159473849
14 3 26 7 67910 0.9434317655923049
20 8 19 20 59483 1.038181829280479
29 18 3 2 108276 1.0206613472977644
1 5 17 8 60793 0.9581014117922313
0 17 8 27 55969 0.9892362798577142
0 27 3 10 58522 0.9905266954169731
16 25 28 29 80249 1.0408319792358056
13 13 3 23 44948 1.0110800399861635
26 5 23 13 47174 1.0174416350512296
3 20 24 5 91228 1.0042640318845624
0 26 12 3 100239 1.04566728475733
5 8 28 25 106533 0.933294638182227
27 14 14 22 66380 1.0834698623233843
12 25 16 9 62559 0.9055501204729218
9 24 18 3 103026 0.991637752118302
24 17 3 18 78499 1.0084920550406564
16 8 26 13 41992 1.0182777484374597
13 5 5 20 62436 1.074208093764799
11 7 25 26 110617 0.9079412533720581
3 10 1 23 46544 1.092039529844339
10 15 27 7 65844 1.0017957366026937
3 7 11 23 60866 0.9278656866941885
1 4 18 22 88301 1.0862905337114301
29 14 6 0 80963 1.0378443336482752
14 7 1 6 51243 0.9864813004290212
25 3 12 11 67256 1.041737245693246
9 16 28 7 76614 0.9883492631821594
10 1 21 21 93496 0.9075988974796757
1 0 24 27 140247 1.0552011846451148
20 6 13 23 82341 0.937616608383512
18 10 16 26 83456 1.0005473419135305
29 28 4 25 107193 1.0700624218336399
26 9 17 12 33426 0.908203744361833
25 19 12 28 62331 1.0380085078108015
21 23 7 24 48277 0.9490768628275296
3 10 25 8 59214 1.0388173901333597
24 5 28 29 120557 1.0976235214704753
15 13 27 12 25469 0.979671627231081
21 3 18 18 67875 0.9310140822584968
16 2 19 26 123576 0.9220584861171693
1 21 26 21 55354 0.9845379357724041
25 16 19 3 71765 0.9429398990490738
7 1 15 15 60601 1.0371438714796246
0 29 19 21 72598 0.9468359091529484
24 24 18 0 119256 0.9499765425103871
2 6 23 28 109896 0.9259263529862618
15 15 5 16 40348 1.0655002968490452
0 18 15 5 83320 1.0080755460822248
1 27 24 26 103924 0.9499058408464325
22 15 17 5 53048 1.0816218961681487
24 26 10 3 123757 1.0418113549267978
11 23 15 15 52002 1.004359060653265
21 3 25 17 67927 0.9876572398500285
6 27 3 11 44774 0.9009080802987637
18 4 22 14 51226 1.0320412453967853
27 10 6 22 69491 0.9947884505772234
8 5 1 21 55700 1.0813862632007634
3 4 23 20 88531 0.9963197554113984
14 17 23 1 93398 0.909820424032117
8 11 1 4 38875 1.0922428719405959
10 16 27 11 58501 1.05353262354586
27 18 17 2 89546 0.9809122521608946
28 17 17 20 51642 0.94661702498654
5 9 20 29 98637 0.9835744776537667
13 9 29 20 83647 0.9941510328696315
4 24 28 20 73119 0.9593650162486062
6 3 22 1 86027 0.9993588472521595
14 13 18 6 44271 1.0787429221256335
10 14 24 25 79572 1.0735164409175455
0 3 26 6 103183 0.9223103904807556
0 21 12 27 47932 0.9965284897628801
27 16 6 7 65102 1.0964732963980404
9 25 18 28 59598 1.0779122426717673
1 11 10 5 44007 0.9416283549658235
24 28 2 13 95900 1.0534376143344637
27 28 23 2 121940 1.030287719752048
20 1 3 5 88959 0.9634612883838043
14 14 2 16 40687 1.01528255602605
7 11 5 20 34383 1.044837684498775
26 19 14 23 52500 0.9742559131079409
9 27 26 1 133304 1.0582531399807793
15 26 21 13 71596 1.0852056153041378
18 22 6 9 59340 0.9317852857894855
12 23 21 9 60465 1.0324380673122935
18 8 9 7 44059 1.0565232916521228
4 9 8 28 60476 1.065078102373879
6 12 12 20 36628 0.9051487767714487
18 22 15 10 59119 0.9311998840916377
21 27 27 15 58203 0.933137754889219
9 21 18 4 84949 0.992699754656211
13 20 12 8 44208 0.9678478034200425
13 12 29 25 90128 1.0091247668264836
28 29 27 16 61410 1.015586028009123
5 15 29 2 108257 1.0457236554590597
18 24 15 11 72973 1.0734705059272889
23 16 13 4 71097 1.064884208279959
6 28 15 2 101255 0.9949708493950515
18 4 6 19 78548 0.9845143533510676
16 25 3 18 63510 1.019404663663183
7 22 9 1 68609 0.9685243515916868
18 9 9 26 78580 0.9811524671816712
4 1 22 1 103334 0.9888567951283628
7 29 10 7 75530 1.0959957917750676
17 10 11 23 58659 1.0434971959200876
17 20 22 11 52608 0.9167712088955553
2 27 21 11 79176 0.9319182743549714
16 4 23 16 75155 0.9062034797390456
22 7 2 1 81682 0.9643159360257827
28 3 5 24 114581 1.0304772432459612
9 8 6 16 30947 0.9137278943684678
9 28 7 18 39231 0.9765479072198348
15 3 26 6 56676 0.9928496146493734
10 11 26 1 86680 0.9584281266989572
3 15 16 13 29269 0.9386068487557193
27 21 2 16 70093 1.001370221311228
27 10 16 17 56840 0.9567637426552651
29 0 13 9 93432 0.9722896234376008
18 27 7 12 81828 0.9841199772448123
6 26 6 12 33439 0.9922833907014166
17 23 29 8 86442 1.0772770839553703
7 1 20 6 61628 1.0698613820865899
23 18 2 7 83874 0.9448670643981948
5 11 29 9 62749 0.9353731365459841
27 5 28 21 71460 0.9760296239260953
0 13 8 4 39334 1.0562154060766678
14 4 10 26 96116 1.0440256597314723
1 10 24 3 82321 1.0477340262298322
0 26 13 18 69650 1.0459402685744998
14 2 10 29 113923 1.0774136331628235
20 17 25 28 63724 0.980065082116022
7 17 0 13 27266 1.0701853787853142
29 12 7 26 88126 0.9163721458966988
24 23 27 6 83690 0.9772043643256173
23 19 7 22 53514 0.9479362765457993
29 13 9 13 34623 0.9842761863816654
17 6 27 19 74225 0.974875903538154
6 29 28 26 95135 0.9706642040171866
1 24 25 7 110884 0.9220200591738701
14 25 7 7 75510 0.9255843993023096
16 18 20 29 65501 1.047136709211854
10 24 4 3 80960 0.9770634330061643
16 14 27 24 65741 0.9336026737307552
22 11 26 17 38378 1.0159511558778824
8 18 0 25 47432 1.0440243304418102
17 1 15 11 55160 0.9668328780880588
4 10 26 2 86370 0.9538085318970829
22 22 6 1 87373 0.9223965732764493
3 13 5 1 41410 0.9898365155115758
10 11 21 24 70980 0.939174733667066
15 11 0 23 71241 0.9703219443276895
29 14 10 5 72055 1.0449062418050001
8 14 20 4 62919 1.053343481630132
3 25 3 2 57809 1.0681924346642153
27 17 11 16 59641 0.9440367007093895
6 28 15 8 75824 0.983816733448042
25 25 29 18 57409 0.9086787382189624
10 20 24 28 67430 1.0312989668739894
12 28 29 6 109157 0.9744646799238731
5 19 26 22 60444 0.9411836755735024
16 7 0 14 63356 0.919143606414265
8 29 3 3 75801 1.066496905397313
16 6 8 24 72967 0.981727542516329
2 4 22 10 59450 0.9981813405591458
9 4 26 3 91614 1.0959733220723935
9 4 29 21 95544 0.9881446277907275
23 0 26 8 60331 0.9860964936620435
18 19 7 22 42220 1.0174943165297534
25 20 21 8 58397 1.0145849339790167
15 18 6 19 41989 1.0452357425368022
23 29 4 23 89864 0.9301905348877321
7 1 26 9 70941 0.9621919135455538
5 6 28 1 101922 0.9576219410311109
6 23 27 3 100390 0.952736184991864
9 3 7 29 81877 0.9091586315329678
3 27 25 10 85544 0.9702785071423106
11 25 3 10 62650 1.0248706837364725
13 8 1 5 54570 0.9151732893925918
5 8 12 18 48405 0.9887642893125015
22 1 0 2 114371 1.0276999390264958
26 14 6 11 46443 1.0678066862104143
28 13 11 12 34745 1.0000869824689134
14 21 13 9 46298 1.0130806517769093
1 10 17 3 66671 1.069441037163172
23 17 29 12 43656 1.010428850436549
7 13 23 1 78402 0.9494327078281531
29 16 22 22 49632 0.9257523257358873
11 3 14 19 71774 0.9935577198618212
26 26 22 2 111014 0.9884138074490737
9 20 29 7 90917 1.0575589679195465
22 20 18 1 90195 0.9684709753697254
11 18 2 27 53718 0.9455800197197681
15 0 28 7 86517 0.9763808726912839
17 24 5 10 65669 1.0261493279232858
18 4 4 27 110684 0.9368599674656857
10 19 2 12 46596 0.9185353200428584
17 26 27 22 49960 0.9474367932003465
24 1 22 24 100747 0.9192380434379077
19 29 28 9 94807 0.9810254089843773
25 15 23 3 66486 0.9561748806325023
2 4 27 20 100667 1.0118334017416275
10 8 22 6 54537 0.9210183535304596
21 17 28 26 55358 1.0919528634689881
21 11 28 6 35320 1.058067285447736
25 12 8 6 54924 0.9825738416463342
17 2 27 5 58746 0.9245451118080121
13 15 17 5 55107 1.0947871456566256
26 22 27 12 47999 1.0366823321921494
19 25 18 0 119669 1.0517147345640918
21 11 9 7 41661 0.9369651371860833
6 28 26 15 84412 1.0348962962030415
3 16 19 3 85465 1.0583883285157487
19 25 0 22 73313 0.961385139778809
1 10 27 18 77595 1.0449898402891962
5 25 17 21 40703 0.9311639989169973
20 16 8 25 62160 0.907189279625032
25 5 26 21 81102 0.9283064464482897
11 25 3 22 41692 1.0511558722401761
17 1 6 14 77049 1.0655511457702476
20 2 15 14 60615 1.0573200906629352
22 14 28 19 45550 0.9714300285580524
12 9 1 11 32851 0.9601765040292778
17 4 25 17 80568 1.0239034336590405
4 18 10 8 55405 0.9724975104496084
12 9 6 15 28370 1.0212803785538072
18 25 29 12 78799 0.9035879447967261
5 9 16 28 88055 0.9216618134399026
9 28 21 8 85936 1.0955588029408254
4 1 21 27 112607 0.9365075552215439
10 26 13 4 90656 1.0859503340422718
21 20 28 26 45580 0.9136727990893325
2 10 24 25 97214 1.0820036716930095
19 22 23 2 90278 1.0744033930322512
8 5 4 16 43303 0.9498849945154519
20 13 2 23 62456 0.9404289251254537
19 24 20 15 50647 0.9305513537241914
18 22 26 13 49106 1.0331259740631031
27 5 3 17 85136 1.0608278180687445
19 0 15 16 87964 1.0513207862968406
24 5 24 20 80902 0.9294542143613169
13 1 17 26 104634 1.0282788153657156
5 12 21 10 40567 1.0989611719953818
22 11 11 26 76130 1.0508611310819334
1 20 15 12 57137 1.061725992042409
13 4 18 18 71913 1.0580128130900064
2 18 18 16 64473 1.0096252743047527
12 6 0 3 57105 1.038817081680774
5 7 17 26 83414 1.0934505063767632
19 19 29 9 67000 0.9107049324355215
26 17 2 25 89593 0.9432675918701218
21 2 7 21 85472 1.066773424239679
6 14 4 6 26599 0.9068935487842361
6 29 4 20 34036 0.9652032664728992
26 3 3 6 94300 1.0925066484447798
1 5 13 2 65437 1.0812807931673176
8 28 6 14 40018 0.9834360117724676
9 18 4 23 40046 0.988643363519732
22 24 25 11 62811 0.9373278153348418
12 14 25 1 83901 0.9498944032505809
27 12 15 0 92480 0.9359621575577677
19 20 23 5 72913 0.9162866123700479
23 18 27 25 45712 1.009024089597473
22 10 21 29 64777 1.0265450770344575
20 10 24 24 63780 1.039616004502471
11 5 7 25 73869 1.0712840672621844
2 10 23 4 72467 0.9566812861303701
8 2 17 4 51658 0.9478769550988033
19 10 11 28 75563 0.928480546420617
2 0 18 23 102838 0.9239158966429927
6 13 5 23 29773 1.0911450571649781
25 27 16 20 59468 1.068620040086646
24 5 8 26 100792 0.9607519600250527
16 8 26 2 73060 1.0490895644147056
17 24 6 21 37845 1.0704625319361445
7 16 3 23 30345 1.032297463343288
26 20 19 3 87610 0.9992721350414269
27 27 3 4 116621 1.0602435612757373
5 5 22 10 50986 0.9219453496700579
16 16 2 2 81557 1.0116028480187031
27 20 20 12 47689 0.9704273869188155
18 22 13 13 46395 1.0669688443430196
24 5 10 29 121574 1.0062052404860877
15 23 21 2 91392 0.9077388403596373
25 25 2 11 103808 1.0032507417014784
21 2 7 0 84910 0.963671021666481
17 13 27 29 80670 0.972086452610025
2 9 12 13 31589 1.015472193054498
28 22 3 28 77358 0.9200801013536603
13 4 27 22 93448 0.9895620634471448
5 1 1 24 82272 0.9459424632556115
23 12 16 23 63155 1.0071102271417627
7 21 20 7 71237 1.0473140538716537
19 27 23 16 58410 0.9527866348081084
26 4 24 17 76202 0.9187004601445914
9 7 29 11 61714 1.0190903071729087
21 23 29 11 61156 1.0692993998275027
12 11 20 6 38952 0.9869576512766782
9 7 11 26 73346 1.0282237069977562
2 10 16 12 41774 1.0434192557059385
26 21 9 20 42600 1.0610575377834397
17 13 7 3 46761 0.9461747527748053
21 0 15 24 104259 1.0806222116521427
2 9 8 20 44208 0.9884158202400269
23 10 15 3 57396 1.0134177357752896
10 6 4 15 47048 0.9065727065427548
7 19 2 0 67290 1.087488872266138
16 25 8 23 50545 0.9984550504535976
14 2 2 14 71658 0.9683950786023725
23 16 15 5 72762 0.9547946702553299
20 21 6 18 37702 1.0489765386471912
27 23 27 6 73122 1.088190435931961
15 22 27 6 84639 0.9167763490243518
0 14 20 21 63807 0.9601439590422224
4 10 29 16 73623 1.0775572497891304
25 4 7 3 86816 0.9746453772997238
29 3 12 13 75942 0.909789695233698
14 24 27 15 76418 1.0905180886537633
9 17 18 6 68414 0.9062023044688883
9 29 23 26 86082 1.0466007081393565
12 10 20 5 40826 1.0318803286465967
1 17 25 7 95562 0.9852863873705864
12 28 27 11 83676 1.0754151268104957
6 12 25 16 56780 1.0645835112745747
2 25 4 11 48106 1.0788401192890165
15 5 10 10 32878 0.962440225925143
12 12 9 22 41314 1.023478442048253
8 25 26 20 54416 0.9559580174601718
2 20 15 19 46065 1.0832147186951822
24 27 6 17 77129 1.0560240439592046
13 24 2 10 62437 0.9831297365900921
9 24 22 2 105064 1.0255389763682197
10 5 25 2 85734 1.0030447750121767
9 20 14 12 43917 1.0935990708288328
16 25 21 2 100710 1.026170644046717
25 29 6 16 92858 0.9048090914270047
17 26 29 5 112213 1.0283782387890648
3 1 18 2 88477 1.054865034140525
7 7 25 19 90392 1.0213455066208812
4 20 28 26 87141 1.021310752956891
1 12 28 18 82041 1.0458694198316902
15 27 5 12 71910 1.0609845821228652
5 27 29 22 79433 0.9752283824934922
24 26 10 9 101714 1.0279766890620428
6 6 7 15 30105 0.9610103854026294
18 9 10 14 35102 1.0942896470338574
0 29 15 8 101156 1.0194938376061498
16 21 25 1 104321 0.9029919223827768
14 23 28 6 100282 1.0153548792367302
24 23 9 26 68689 1.0307394898991507
0 20 5 2 73183 1.0674214890440332
12 4 23 27 101567 1.0880335913454693
12 4 29 5 73354 1.0714107772840749
15 26 6 0 100000 0.9851589094466385
23 0 10 14 83550 0.9031195473904015
2 2 10 6 42977 0.9460978393683108
29 11 20 15 40579 0.9552895821970884
25 24 27 14 54927 1.0637714940735754
28 7 3 10 65547 1.0133351161538755
20 25 6 16 62433 0.9681499426669097
0 18 27 23 81961 0.9260792536127262
13 9 22 22 65546 1.0858476973566034
29 2 21 21 95457 0.9293527732790334
7 24 4 8 58248 1.024482482391839
0 22 2 14 34354 0.9656640961952141
14 7 7 10 28426 0.9981814635478863
20 28 22 2 99476 0.9332562088869291
29 24 9 15 89619 0.9453734193595132
0 18 24 3 111391 0.9836910614375483
8 1 20 20 84094 0.9554714321781802
13 10 20 15 37876 0.9359126684869336
2 10 29 4 86219 1.0422789699965587
8 16 0 2 65906 0.9313182447395341
3 4 12 12 40065 1.0737518690862018
15 24 5 28 60925 0.9328584068027084
22 26 1 25 85698 0.9395491629116018
23 14 10 3 67126 0.9592392635715631
17 3 11 19 80580 1.0777048191862015
14 26 19 6 102610 1.057918155593595
27 11 23 18 47273 0.9477152963742136
19 13 22 21 33407 1.0520098012467423
15 11 5 28 70532 1.0128079111328985
4 9 29 29 127632 0.9924525350525488
8 11 22 20 57290 0.9563500671008092
15 23 10 12 55215 1.0779091465496649
13 8 11 16 38754 0.955355882245474
11 2 20 17 79972 0.9923846718401822
26 20 21 28 37896 0.9141334061298462
27 5 18 24 93718 1.070538598683396
1 12 29 9 72764 1.0350514033014757
28 15 14 2 88354 0.905577734057996
11 19 0 26 60235 0.9998452350690795
4 1 9 14 53516 0.9224686076074491
16 2 13 22 92400 1.0464518722532483
16 29 4 20 76659 1.0454787072191039
9 9 28 25 100513 1.0619291405364035
10 20 17 6 71758 1.0651321419639572
11 24 4 21 31538 0.9891403923749762
27 29 0 22 98791 1.00014368045323
11 17 22 16 51640 1.0142231410934501
23 0 27 6 52145 0.9187036663817497
28 3 24 17 80564 0.9773459747955289
7 18 15 1 84498 0.9119853026062976
23 25 16 3 109702 0.9849579894053176
5 13 26 20 68070 0.9063949402672317
12 19 5 9 46544 0.9558878287954351
24 5 26 15 59450 0.9152664914755241
11 6 21 25 80505 1.0463098082703421
15 29 7 25 55870 1.072591343421663
10 15 20 13 30233 1.0507688787559817
20 25 8 24 53847 1.010973780680691
1 9 19 16 66881 1.0249013293021043
18 29 2 23 88210 0.9908738564454042
12 23 16 1 95223 1.052778827222656
12 14 25 4 69147 1.0859374582514862
10 0 4 26 99125 1.0105831279072266
16 3 4 11 67057 1.086825311372133
22 10 9 0 62298 1.0481618854339974
25 20 18 5 81247 1.0695782954136477
7 6 2 1 34217 1.075144006658442
23 7 13 16 58948 1.0568060202573575
27 18 8 27 69540 0.9113858734996877
5 2 29 26 135382 1.0818418017633824
6 8 3 19 32493 1.0944618672749005
6 13 10 23 43557 1.0612568777529452
10 27 19 13 67263 0.9851549623982848
9 23 0 22 38356 1.0519030092633035
4 25 19 21 51376 0.9264989596550396
18 11 12 0 49160 0.9279889736297599
22 1 14 6 49218 0.974012221208312
15 0 4 11 78046 1.0914063435226846
12 21 15 7 58100 1.0176209452925515
17 6 26 1 60860 1.053305902335443
5 29 27 6 112259 0.975250781956175
12 6 25 10 38267 1.0511500705721013
6 17 27 24 66894 0.9809187839039613
10 2 14 12 54773 0.9754447247051532
6 29 19 12 68747 1.0653578293719121
21 1 26 25 102496 1.0593530354633174
20 18 23 7 52531 0.9395387368704249
27 28 23 1 122891 0.9254780477352906
11 21 3 15 33217 1.0288517365633403
3 0 11 28 96736 0.9545915290502252
22 26 0 29 100198 1.0500733796779347
4 15 7 29 58819 0.9122973154427995
13 14 19 20 47659 1.064229928523792
15 20 1 11 64907 0.9163156857251192
14 11 29 19 77081 0.9088263800121443
17 22 17 9 62863 1.0280381283648952
20 12 28 28 80805 1.0251947958087917
9 20 20 11 59712 0.9041493316726867
2 14 23 26 92870 1.02950171300462
26 3 21 12 52898 0.924942128329848
9 24 29 10 85071 0.9808293259870058
22 29 23 17 56331 0.9046992905017593
24 19 7 29 76142 0.9910294262118512
21 27 4 23 71209 0.9175853024046431
27 9 13 19 68611 0.9639915019483343
24 11 29 6 35815 0.9408766908772961
6 11 21 2 62915 0.9325148824256249
9 22 16 4 87867 1.0254334214351735
19 18 15 28 69575 1.092962119822647
29 16 27 4 62683 0.9585775656211155
20 8 5 25 85416 1.0575650172071878
8 7 6 24 45006 0.9816687816897363
2 19 14 2 88134 1.0845398536394477
13 8 4 23 71616 0.9830070563580606
22 28 19 12 64665 0.922920481075892
5 10 20 13 34977 1.0721887820775922
13 6 2 27 81248 1.0219640619110102
22 6 4 29 106985 0.988673193614171
12 21 15 9 47625 1.0834661720715844
19 1 14 7 54918 1.0296985789611386
8 11 22 6 47446 1.0752302907916977
5 3 22 5 76072 0.9346967130539232
25 25 6 4 110479 0.9364158669268315
23 3 4 1 101924 0.9760296357098827
23 20 1 28 77811 0.9922294361402639
16 7 24 22 75949 0.9060806141936387
13 10 17 3 43328 1.0846099712633759
13 1 29 26 137207 0.900182889137525
11 0 27 8 78111 1.079917712759865
7 13 12 19 29900 0.942550667684516
17 15 7 27 70313 0.9101298176206808
14 25 11 8 74342 0.983928697031315
13 27 23 10 79231 1.0649433132568111
25 7 13 19 80108 1.0691384698663082
15 10 0 29 89010 0.9377737129060884
9 22 23 4 96577 0.9679723899996944
23 17 9 9 64379 1.0203703882763742
21 29 4 9 94367 1.0672826218147424
23 0 15 13 69307 0.9206846500969946
29 6 15 8 60581 0.9288405798279794
7 20 26 26 74676 0.9299089288546146
14 5 29 19 100077 0.976282346256875
26 1 1 18 125500 0.9582133045501253
13 5 21 14 48635 1.014369469849304
5 8 11 25 69186 1.0259475446836037
10 28 18 4 111544 0.9509418391552966
17 5 18 29 112214 1.014765452292333
8 23 28 22 53429 0.9124579831634668
28 29 28 8 101199 1.0405301410303576
3 8 1 22 44947 1.0041073756858163
20 13 17 22 43883 0.9534702931961984
22 5 26 24 87498 0.9069997994515488
20 23 0 6 96368 1.0070983188180649
17 20 14 29 54273 1.015173523222678
23 19 29 29 68457 0.9285598358987092
25 10 1 20 79014 0.9163552672965717
25 26 2 19 95611 1.0194780335790956
19 20 28 13 48082 1.0541307524612133
22 0 18 26 114247 1.0028279520320893
6 7 12 15 32473 1.083571456392302
21 0 2 20 101222 1.0173231917081047
19 6 11 21 74246 1.0491354282428702
10 10 26 24 84606 0.9987980931180238
26 15 5 9 61689 1.094615444003605
19 5 27 17 65259 1.0631889370108512
27 27 27 12 64847 1.0837009450386788
12 5 15 22 62530 1.0796912802809455
12 0 9 18 70027 0.9936980605520376
25 13 24 2 64063 0.9424955644679336
6 9 13 20 48599 1.0159460583827544
9 17 3 3 53984 1.0388739778693084
19 17 4 2 89798 0.9626078056239767
26 23 5 1 109052 1.0791844577238465
21 12 8 17 37177 1.0299299533651265
13 8 4 3 53523 1.0894893364199052
29 8 5 22 94340 0.9321105861956835
10 3 20 21 83680 1.076158321428928
13 21 27 16 51506 1.0729206751589115
3 14 13 16 35323 1.0046953382728108
8 14 11 27 51365 0.9508723509219907
11 17 2 7 55739 1.0619746733731081
9 3 16 7 47073 0.9597051202758763
28 10 21 27 70012 1.0949499918433434
23 21 21 10 40181 0.919687317471707
26 9 21 16 35471 0.9264958625200059
28 4 24 24 103331 0.9289191470126082
24 15 3 22 74183 0.9964514843593937
1 5 12 22 70478 0.9309426998400274
26 5 19 17 74709 1.0229044222169428
6 5 14 29 91033 0.9680739430124454
20 1 7 10 67691 0.976282891335236
15 29 24 16 93640 1.0840580794261607
27 23 18 7 79654 1.0458513390231208
10 19 3 4 63232 1.0203614057859187
13 4 15 17 61543 1.0540235845668426
23 8 9 9 47954 1.0915349863899964
12 5 19 11 35241 1.0533877234565585
27 8 8 10 46777 1.0748471921266503
0 27 28 25 107302 0.9714371888693741
26 3 17 2 52772 0.9930232817709815
0 4 10 14 57740 1.048088224026291
17 9 5 21 55749 1.0448638722227923
18 29 23 2 122234 1.0510798029677293
17 24 4 10 67083 0.9832268724555149
6 6 16 26 90207 1.010414222536126
29 25 9 5 118692 1.0543600136325368
19 6 25 26 102587 1.0124189245187414
11 4 26 20 93037 0.9039913618759948
14 19 7 7 62029 0.9100952854457622
28 0 26 20 101532 0.9825268148708096
3 28 15 1 111051 1.001405466556432
7 28 25 8 100577 1.0470264094761301
4 21 20 2 95579 0.9534696854186853
2 18 12 3 68000 1.0414700650323812
29 20 21 4 82868 1.0619597562399645
19 16 10 8 58692 1.0568789372987195
8 19 17 21 23372 1.01305002238328
22 10 3 29 83932 1.089448389852672
7 5 28 16 77876 1.0936297088369662
3 5 13 24 73381 1.0917995255141635
24 17 20 24 47742 0.9102787556962019
5 0 0 11 49240 0.9862091434362246
28 3 2 24 122864 0.9073806451130183
5 25 22 0 113867 1.05381126131705
24 16 19 21 39093 1.064555298864352
26 23 15 11 71720 1.0206508868636988
17 21 29 5 88048 0.9341907631868488
21 0 26 21 82776 0.9062826856376694
15 14 6 12 24424 1.0316116994174043
7 20 11 8 52003 0.9229359570188955
14 10 22 20 52305 0.9366282878138747
7 21 25 28 71696 0.9315420154233361
0 4 19 15 80419 0.9342513810391548
22 20 20 28 32913 1.07284164126921
12 12 19 1 69998 0.9492449705317524
16 18 3 6 77089 0.9989419433432373
24 2 8 10 74867 0.9699305428554121
0 13 19 27 92318 1.0609349708959361
7 21 0 1 75934 1.0348025268464747
8 29 28 22 69077 1.0489411603379275
7 24 20 21 39903 0.9647350545196852
4 2 24 7 88189 1.0926773848587954
26 19 14 3 99884 1.0151328923268044
3 28 5 3 73101 0.95989270321464
15 15 22 10 32695 0.9440364565726227
28 22 17 28 61753 1.074427899194987
17 18 8 14 45035 1.061084826537328
17 1 26 27 132872 0.9137247125672691
12 21 1 29 55796 0.9457806491349474
28 26 22 16 60119 0.94300843946587
15 19 25 14 58391 1.0165267019063124
17 25 10 3 96520 0.9145811770577795
25 6 14 20 87316 1.0188106922428284
11 10 16 24 66696 1.0419614495748948
14 27 17 4 103464 0.94547094278804
2 8 29 11 71135 0.9531890611365645
24 14 9 5 60785 0.9323911725174601
27 18 10 7 75684 0.9254235321514243
1 5 14 28 99294 0.9207561264271026
18 16 9 9 49666 1.0488120736071571
1 15 11 29 82699 1.0126455742502607
21 10 16 0 66355 1.0819753384814497
11 3 27 17 80594 0.9697124950935531
5 2 5 18 53234 1.0355527648288652
1 7 17 8 55872 0.9521723541151272
3 10 18 20 63078 0.9710822745897526
1 1 7 16 61410 1.0958672407659587
10 29 8 21 36166 1.0674155923706468
26 16 1 21 83837 0.9275209827685019
8 11 22 8 39902 1.0330312608267893
7 15 26 29 105408 0.9916952412399317
11 27 9 8 74650 1.0062728422008975
23 19 15 4 91431 1.035986527395346
20 5 2 12 68931 0.9755956118229752
5 10 26 10 43253 0.999110035016168
21 18 14 21 25560 1.0248812440707318
11 18 16 23 38571 1.0529788131753235
17 19 12 2 75046 0.9246246902517695
28 29 20 3 119399 0.9079503213768138
11 11 29 22 80439 0.977921578195805
4 10 20 18 62933 1.0167230716239672
15 11 19 29 87873 1.095053309026445
5 23 14 7 68129 0.9337830295397268
14 9 0 26 89124 0.9356244325188465
8 8 29 24 100258 1.006930249487247
28 6 1 9 80298 0.9041856123206771
0 21 6 7 47568 0.9960927765147615
13 18 7 3 62136 1.0952551050241617
15 28 11 3 100188 1.0425057191452685
11 8 19 5 43894 1.0184900742834146
13 19 6 4 62130 0.9743990697789072
1 7 22 12 64073 1.0547789255138345
19 15 3 7 57464 1.0256757438059658
18 20 3 1 86458 0.9114226887583451
4 7 9 28 69077 1.0965667854903114
1 2 28 6 104728 0.9576106085253152
24 28 3 16 89047 0.9519811023544209
2 23 12 26 48388 1.0233437032844102
12 26 7 1 83136 0.9016734593805045
23 2 23 16 74042 0.9579485395714632
23 4 12 13 58252 0.9152005341849014
29 1 0 11 111711 0.9089885921878622
3 19 12 17 38630 0.9819370225212845
25 22 12 29 58443 1.0886068314392099
18 27 18 5 102571 1.0083048376483847
26 4 8 6 76520 0.9410867817954623
20 22 2 25 60353 0.984853056348342
11 10 29 10 34677 1.0389265125259652
27 10 14 3 61907 1.0116712423273615
8 2 7 28 73934 1.0654452763478326
1 25 11 13 57413 1.0321488486024994
26 19 8 1 97162 0.9455842430413928
29 28 25 1 139486 0.9327604633516753
28 7 12 9 49779 0.9501655765294797
14 11 11 21 47240 1.0674407109359858
27 27 15 22 57453 1.0626008632777832
5 20 27 15 68211 0.9117456573187172
18 25 24 21 36110 0.9202872533298111
5 18 2 5 48579 0.985811055530401
8 24 21 21 35600 1.0170219984849962
8 23 20 28 60853 0.9384973847605482
6 22 21 2 86099 1.089913784941421
8 13 3 21 29718 1.0383684277131053
9 7 2 28 72333 1.0597895032358082
28 13 18 29 82046 0.9929215002746814
1 15 25 24 100470 1.0141807808997403
17 25 29 9 88865 1.0773031827190644
5 1 21 0 94731 0.902060027858984
13 27 20 10 74806 0.9176609267532965
12 1 26 28 128860 1.0461219902535879
18 5 9 2 57625 1.0881665929360944
19 20 8 0 85192 0.9736536904859826
29 9 29 28 99046 0.9835995647506698
6 5 4 23 57112 0.96045844289958
14 20 16 12 48934 0.9045456052295258
28 19 2 27 86283 0.9453175482798761
14 14 29 6 63824 1.0718975437983862
8 4 22 3 69203 1.0604712822417621
10 18 21 6 68442 1.0408273838831266
6 15 21 1 73205 1.0075049582395015
11 11 28 28 101949 1.0533530615417528
8 25 29 23 71601 0.9715247286079656
14 9 17 18 54669 1.0415909449473761
12 13 15 23 44336 0.9400684756983332
11 18 15 24 39411 0.9068739649338905
9 25 22 17 63248 0.973624622529356
23 0 3 28 129683 0.9894838239761865
16 23 20 4 90200 1.0390300696295474
0 27 21 24 79870 1.0131144242568804
0 1 23 10 83019 1.031490909373841
21 4 20 25 76489 0.9122074882399541
25 7 21 16 47779 0.9564590820285435
19 11 16 26 85905 1.0120856648413263
24 19 20 2 86858 0.90105225864666
3 14 29 25 100559 0.9429488526807512
18 17 22 23 39524 0.9334235389269431
17 6 18 29 107692 0.9151395989628278
19 25 3 7 92133 1.0135075726982228
15 2 0 10 68675 0.9514540134859532
19 13 15 24 61554 1.092845172615738
29 13 22 8 32837 1.0370864230569472
10 24 29 1 137565 1.0631138224069856
29 29 10 25 102827 1.099773455482997
13 15 2 13 32109 0.9139318149900348
9 25 6 5 60658 0.9546844414140664
12 2 6 21 64594 0.9043024839589601
18 3 3 26 108000 0.9900320215452068
6 6 23 5 67239 1.0845698478107981
22 7 0 12 66512 1.0855816338977993
0 9 8 27 64625 0.9032495008038078
22 19 5 26 64007 1.0770191624571528
6 10 22 6 49096 0.9228030554613965
5 20 23 26 72814 0.9964583462686105
3 5 18 18 76642 1.0090010486039707
3 22 7 8 47725 1.0033886513451906
5 7 16 0 76825 0.9341311505931187
17 8 3 13 46111 1.022299444725781
1 0 15 18 100765 1.0300524875545034
22 24 3 24 62168 1.0760086257191854
13 2 7 15 63014 0.929789013002954
22 1 3 14 82300 1.0318084573934019
14 12 27 11 39243 0.9184278296378762
4 21 23 28 69139 1.0364845571518666
20 3 5 21 87878 0.9577612561539187
7 15 18 2 84840 0.994996345281792
29 28 13 9 110585 0.9327571748030289
4 20 28 20 66383 0.9557321769859346
29 15 21 3 62172 0.9437312561089982
27 14 20 22 51418 0.9372063557141902
12 21 29 17 64553 1.0735835426149352
27 0 25 28 131517 0.988207452325031
26 1 18 28 130358 0.9425740839823065
26 4 11 11 67125 0.9342527356329929
28 10 21 18 40404 1.0510545079944578
