6412 5218 6566 5606 6408 5801 5725 5803 6716 6656 6026 5676 6976 6666 6155 5885 5272 5117 5336 5184 6387 5157 6250 6371 6396 6898 6642 6264 6150
4457 5181 5696 6149 5577 6415 5514 5969 5232 6212 5657 6262 6133 6520 5200 5838 6418 6009 5187 6016 5692 4606 5881 5307 4615 5850 4713 6343 6445
3183 3715 4162 3883 4287 4713 3311 4143 4961 4283 3302 4702 4186 4105 4005 4760 4115 3546 4661 4516 3960 5191 3384 4394 4919 3580 3113 3188 5067
8004 7656 7461 8494 6773 7574 8002 7025 7225 8519 7064 8407 7690 7517 8786 7350 6787 8030 7413 6975 6836 7598 7878 6790 6792 8630 8018 6864 8388
2143 3615 2958 3529 2307 3536 2985 2577 2564 3258 3056 3060 3113 2611 2464 2882 2965 2225 2727 1832 3116 2539 1805 2386 2352 1933 2512 3220 3350
5865 6846 6620 6566 5975 5767 5955 5525 5742 6226 6742 5705 5269 6614 6709 6944 6659 5972 6916 5970 6465 5702 6058 6991 6732 5832 5720 6158 5212
4367 2790 3599 2630 3654 2898 3497 3453 3281 3673 2982 2984 3431 4154 2837 4303 3224 3783 3475 2860 3146 3265 2519 3422 2867 3054 2837 4070 3250
7196 7732 6690 8545 6938 7297 7715 7583 8503 7980 6773 8711 8106 7949 8691 8429 7313 8120 6650 7301 7063 7612 7843 8133 7288 8652 7013 8187 6688
6653 7280 6480 7023 7478 7267 6371 7186 7178 6710 7981 6290 6827 7127 7158 7971 8001 6591 8152 7309 6942 6721 6482 8306 7748 8085 6980 7379 8029
5948 5967 6073 4901 5555 5496 4896 6628 5623 6608 5790 5890 4731 6448 5430 5150 5725 6501 4825 5827 5846 4896 5490 5594 5928 6036 5886 5111 4856
2483 3270 4039 3998 3407 3287 3726 4218 3477 2466 2879 3704 3942 3727 4005 2936 4339 4004 4438 2963 2835 3525 3853 4446 2749 3999 3197 2373 3557
5847 3978 4574 5609 4237 4723 5700 3858 4210 5260 5806 4692 5416 5863 4859 5705 5841 4885 3987 5100 4271 5904 4541 5202 4764 5260 5180 5439 4537
2309 3442 2984 3711 2979 3641 3030 3626 2326 3266 3229 3757 2096 3707 3617 3381 2844 1760 3323 2576 3714 2557 2074 1741 3454 3011 1911 2361 3742
4388 4785 3804 5151 3900 4156 5113 3630 4731 4657 3815 5666 4273 4890 5047 3970 4248 3720 5318 4808 3689 3938 4871 4725 4614 4275 3659 4531 5341
4748 4799 4271 5880 5933 5157 4214 4794 4500 5791 4991 4606 5628 5288 5309 4625 5755 4525 5708 4639 5279 6091 4525 5507 4760 4751 5887 4241 5334
7410 6947 6255 6157 6910 6528 7478 6255 7259 6338 6200 5990 6050 5936 6246 6709 6298 6817 5906 7008 5567 6091 7252 6628 6063 6706 5934 5712 6885
5597 6338 7290 5517 6317 6212 6099 6894 7105 5705 6085 5829 7092 7561 7558 7422 5625 6218 7002 6097 7213 6295 5690 6571 7198 5916 5563 7074 7206
2692 4118 2445 4006 3020 2510 3249 3814 2201 2538 2775 4110 3396 4002 3166 2500 4168 3241 3707 2904 3548 2769 3416 3206 3720 3628 4004 3308 3229
3192 3399 3284 3656 4132 4331 3150 3255 4902 3100 3229 3336 4359 3267 3316 3918 4526 3329 4435 3665 3201 4441 4679 4769 3576 3771 3810 3466 3418
3607 3984 3454 3647 3274 3042 3459 3010 3619 4121 3618 4401 3344 3470 3517 3248 2683 3279 2914 4203 3605 2729 3615 4225 4086 2796 3247 4021 3583
3772 4318 3949 4272 3025 3298 3313 4650 4574 3779 2977 2990 3717 3299 4826 3293 4169 3278 3657 4476 3175 4186 3441 4820 4310 3758 3992 3314 3690
7169 7027 7519 6050 6752 6283 7397 7041 7701 6421 7014 5730 7031 6261 6925 6713 6863 7086 6332 7212 6796 7346 6723 6193 6282 6414 6486 6368 6320
5318 6241 6239 4755 4840 6269 6295 5387 4442 6231 4342 6141 5708 6201 5015 4659 5114 5481 6086 6104 5534 4390 5573 6166 5161 5069 5029 6301 6040
5807 5937 5312 6135 5726 4905 4583 5070 6035 4570 4252 5299 4312 4382 5956 5433 5401 5994 4496 5712 5073 4165 5331 4935 4914 5695 6137 5844 5326
7486 6990 7341 7493 7705 6929 7315 7061 7511 6388 6648 7328 6164 7589 6760 5983 6309 7707 6799 7298 6525 6902 7576 7454 7710 6846 7415 7403 7682
6100 6331 5748 6468 6182 7414 5466 6297 6471 7001 5464 5550 5838 6491 7319 5921 6264 5578 5596 6101 7257 7004 5902 6418 6910 6923 7234 6651 5694
3255 2394 3251 3452 2631 3091 3182 3552 3097 3308 3897 3068 2707 3694 3162 2795 4076 3340 2957 3657 4064 2650 2616 3430 3089 3494 2842 2363 4065
7699 6114 7624 7653 6130 7151 6529 6051 7525 5742 6440 6005 6359 6732 6393 5914 7026 6233 6449 6277 7330 6724 6445 6480 6612 7385 6049 6922 6004
6057 5029 5035 6004 6150 5480 5804 4660 5312 4702 5623 4270 6105 5563 5273 4549 5466 4816 5707 6135 5937 5942 5192 5351 6058 6001 4545 4981 4581
6522 6531 6362 4829 5625 5260 4906 6421 5408 5448 5247 6620 5564 5857 5690 6767 5645 5201 5371 5656 6086 5798 5337 6250 5068 6270 4990 5301 5745
3805 6433 6253 6469 2716 6508 5091 5252 4753 5332 3141 3475 7903 2560 6804 2789 5279 5045 7794 5916 3854 7690 4804 7048 4189 4367 4933 6450 5933 5207
3770 7594 5925 6791 2427 6366 6485 5329 3035 6335 2622 4096 6900 3191 7046 2475 6204 4392 6769 5953 3717 6999 4787 7065 3220 4267 4532 7399 6246 5133
3683 7146 6969 6804 2476 6074 5599 4737 4626 6272 1494 4726 8250 3576 6749 1938 5266 3484 5838 6180 3300 6332 4132 6895 4166 4854 6429 6230 6369 4052
4337 6550 5875 8118 3047 6200 5030 5021 3674 5165 3088 3443 8675 2186 6367 1989 5934 4457 6263 7243 2489 5907 4434 7027 4092 4184 5965 5413 6196 5737
5309 7651 7339 6449 1708 7252 6809 5174 4479 6192 1275 3620 7347 2168 7441 1752 6194 3188 6726 5406 3879 7333 3551 7647 4107 3219 5399 5492 7051 4648
3526 6859 5727 7104 2716 7296 6542 4028 3042 5346 1796 5001 7549 2616 6336 2363 4753 3858 6613 5471 3609 7901 3538 6008 3428 4309 4821 6413 6311 5132
5235 6224 6952 7397 3137 7149 5978 4464 3915 4935 2421 4568 8687 3842 6972 2401 5353 4052 6810 6398 3929 7901 4598 6175 5023 3226 6522 6954 6193 4877
3805 6600 6199 6967 3229 6111 5501 4634 4839 5849 1493 4816 8346 3483 5706 1441 5441 3880 7661 5455 2949 6707 3633 6069 4782 3162 4852 5918 6819 4346
3397 6651 6763 8077 3009 7173 5256 5019 4818 6017 3141 3894 7549 3957 5765 2884 6082 4082 6877 6343 2995 7579 3504 7053 3607 3248 5147 7116 6231 4443
3470 6578 5648 6317 2897 6841 5023 5401 3402 6411 2152 4722 8352 2378 6327 1662 6037 4464 6415 6702 4043 6043 3271 7686 4701 3167 5651 5474 6732 4054
3983 7326 5743 6178 2947 7344 5634 5554 3518 6144 3047 4615 7098 2341 6224 1496 5080 4096 5997 5944 3914 6709 3895 6660 4021 4824 5803 6049 7300 5650
3879 6460 7343 7128 1808 6019 5070 5818 4837 6204 1890 3777 7904 3484 5629 2626 4732 3147 6952 6844 2774 6078 3475 5928 4019 3961 4749 7374 7421 4747
3760 7399 5584 6128 3204 6971 5576 4836 3310 5847 2485 3447 6874 3020 7429 3099 6292 4069 5845 6755 2324 7061 4621 7389 3356 4515 5287 5425 7539 3963
3838 6891 6471 6586 2118 5984 5402 4819 4843 6140 2572 4607 8751 3380 5801 1215 6307 3568 6161 5907 3674 6989 3725 6207 3553 4351 5197 5403 6523 5631
4095 7264 7268 6995 3382 7275 5490 4988 3267 4952 1587 5293 7493 3699 7600 2287 6650 5127 7438 5690 2411 6826 3292 6316 4719 4766 5648 6233 7665 5150
4170 6110 7252 6080 2973 6078 5890 4848 4199 6122 3162 4005 6981 3383 7063 2547 5949 3241 7630 5473 3496 7250 4025 7693 4155 3270 5240 5817 5784 4260
4285 7192 5627 6123 3299 5855 5143 5567 3848 5547 2845 5384 7749 2758 6542 1760 5584 3999 6880 6845 3702 6993 3901 7283 4833 3360 5258 7388 7302 3837
4428 7938 6542 8174 2756 6986 5097 4176 3750 5260 1436 5328 7913 2441 7150 2619 4990 3155 6126 5767 3044 6344 4568 7242 4668 3976 6214 5991 6924 4172
4041 7817 7133 8064 2455 6198 5331 5632 3055 4998 1349 3983 8793 3521 6486 1645 6704 4488 7319 6210 3210 7940 4145 6234 3109 3999 5518 5792 6828 5500
4892 6491 6107 7571 2479 7307 6186 5432 4800 5175 3076 4741 7490 3693 7325 2379 5024 3772 5789 6564 4262 6347 4986 6105 3537 3808 5957 7415 6914 5643
4325 6907 7276 6374 3114 7284 6450 5074 4498 6376 2292 5172 8081 2887 5825 2488 6463 3600 6191 6247 2395 6673 3651 6423 4587 3500 5058 7364 6365 5237
4015 7523 5830 7471 2934 6796 6510 4976 3274 4804 3222 5287 6916 2217 6191 1180 6286 4207 6737 6655 3434 7581 3898 6748 4469 3016 5199 5841 6127 4579
4946 6744 5615 7192 2917 5984 6841 6039 4309 5397 3073 4222 7048 2270 6118 1704 5062 3846 7798 5668 3207 5993 3099 6692 4225 4977 4801 5465 5917 4368
4050 7506 7190 7581 2510 6092 5677 4675 4230 5110 1745 3968 8466 2254 7462 1463 5050 3657 6345 7158 3074 6176 4192 7230 4773 3438 4919 7357 6566 5706
4563 7735 6754 7898 2261 6096 6318 4457 3703 6219 1843 3936 6903 3996 7016 2507 4939 4756 6089 7043 3168 6061 4713 6267 3598 4828 5765 6897 6260 5674
4493 7195 7352 7595 2700 7471 5124 4114 3906 5010 1442 3813 7247 2411 6849 1964 5193 3121 6579 6729 3811 6590 3884 6231 4784 4532 5177 6421 6058 5613
4590 7193 6353 7414 2907 6125 5686 5399 3391 4940 3079 3631 7900 2965 6245 1204 6169 5083 6098 5596 3950 6532 4293 7280 3622 4808 5259 6817 7280 5371
3394 7086 6266 6418 3080 6081 5908 6037 4049 5421 1867 4827 6978 3236 5693 3057 4900 4313 5896 5343 3767 6634 4244 5990 4565 3191 4921 7333 5972 4632
4049 6046 6762 6953 3427 5551 6308 5942 4028 5589 2918 4864 7945 2130 7078 1147 4951 3554 6327 6051 3218 7869 3590 7325 3400 2956 5980 5658 6734 3770
14 26 9 0 97679 1.0458549902440315
6 10 11 28 71026 1.0482352611104002
12 10 25 2 63625 0.9555340968213872
25 2 3 8 85148 1.0155362267325705
8 13 23 2 79327 1.0621219019821355
4 15 27 14 53079 1.0775792281305276
7 14 1 23 51225 0.9205922832402929
23 1 25 11 50622 0.96314985628192
3 24 20 25 67605 0.948242345881829
17 7 26 20 59651 1.0956544216180704
4 8 22 16 62629 1.0160439774902326
13 9 25 24 83465 0.9133299455428777
12 24 17 12 45442 1.0008557287968052
22 25 0 9 107966 1.0391906422671013
20 26 23 16 52155 0.9946870319688028
12 5 29 28 121342 0.9074453602716562
26 26 15 13 66663 0.9340607931541827
27 28 5 19 105975 1.062969804901157
25 5 22 25 90678 0.9633776022796579
21 29 29 4 114905 0.9903444509796747
27 26 9 0 127573 0.9034071500596039
0 12 26 25 101720 1.0412469940979694
20 21 7 9 75045 1.0782691177833659
5 3 22 4 55023 0.9838348863512746
19 0 16 18 71473 0.9459845081771833
11 10 20 12 26369 0.9553181329127445
6 26 0 16 50487 1.0728427493930965
3 6 3 25 59731 1.0342495317927107
0 10 12 23 63503 1.0873195201627888
20 6 7 14 67502 0.9714197845025009
29 17 17 9 54631 1.0258076283510587
11 12 19 27 72026 1.0221713064250015
27 20 14 29 77630 0.9083627707535337
8 17 14 7 53700 1.0738382672673763
29 9 5 5 83683 1.0478147697288476
19 15 7 26 68160 0.9968689002866398
23 26 9 15 75690 1.036770718888167
29 1 20 0 44947 1.0305571044030744
11 15 19 10 33768 0.9226461674584286
22 24 9 27 64445 1.0262124586778494
1 8 19 25 97549 1.0362128463284435
20 3 12 7 36588 0.9906133270684679
21 10 7 3 62107 1.0658159025733365
26 4 15 7 43320 1.0354653002182443
15 17 11 0 70588 1.090560797165029
8 14 1 8 43781 1.0696065924936808
26 24 27 4 67881 0.9268259234828375
4 17 2 8 33977 1.030262981121665
23 1 25 19 80141 0.943255412355307
13 2 9 14 54760 1.0246921624444651
17 27 12 12 61139 0.9315830500715514
0 16 29 24 101730 0.993602997872225
24 13 5 27 86695 1.0215644753260666
10 13 4 23 40326 1.0886831825219545
13 19 18 4 62602 0.9710229230159821
17 1 19 12 38705 0.904397697657859
29 4 14 14 73162 0.9452552234403483
18 19 7 18 52942 0.9579930035057114
29 21 8 26 97458 1.0091442743951982
21 4 8 1 55071 1.0278471536302773
10 6 10 27 75428 0.9174057124506242
21 25 8 27 64116 0.9138647958025358
19 16 8 8 53926 1.0740306184747035
22 9 12 19 57271 0.9430438768598912
20 1 1 25 119865 1.0647775323248672
26 11 16 11 31534 1.0825806984948703
27 0 8 25 122362 1.0015179255070796
21 23 28 16 56214 1.0182205612272806
27 2 23 20 75323 0.9862629646632389
6 26 16 8 85372 1.0152005986849477
7 28 13 22 48182 1.0946949541283288
4 25 9 20 29559 1.0392087547485909
29 3 14 20 93710 1.0821918900026952
11 27 0 6 103505 0.9471025567343541
12 22 23 29 67601 0.905448873237543
3 27 14 21 59230 1.0721035020606395
3 7 17 12 50171 1.0320455150299004
16 18 18 28 45173 0.9278408931800504
12 10 15 20 38699 0.9191421039218837
19 26 6 0 115295 1.020559705583788
6 22 8 7 59949 1.0000248822990576
20 14 0 3 82209 0.9714233708484835
25 26 7 9 106311 0.9295574109792522
8 27 26 28 93606 0.968108129250958
17 7 25 22 70249 0.9515482673689707
14 24 8 14 46705 0.9581089083784285
24 26 18 15 61298 1.0287412645478997
3 3 19 27 115499 0.9559026121790236
1 28 14 24 63194 1.011083498252879
29 16 15 13 42670 0.9615960827865104
16 11 7 12 43098 0.9433923700568652
27 26 13 27 68508 1.0875098024516388
19 19 9 8 57984 0.9828259475505603
0 15 13 28 68062 1.0755217467095084
16 24 7 9 75862 0.9159904972524685
13 7 4 14 41587 0.9641388524053682
18 14 15 26 52450 0.926019114979228
25 23 13 1 109503 1.0977180217253775
1 29 9 22 51304 1.0706642339338406
19 2 28 28 114286 0.9002317008989004
21 18 24 25 48041 0.9325793756484825
13 8 3 5 46544 1.0809913321768139
19 27 29 11 80268 0.9596136570155409
2 19 25 15 64527 0.9154957014857832
14 12 29 25 83451 1.0170463707496777
27 23 20 12 56583 1.0499410010198371
12 26 7 20 33226 0.9759796465129634
2 14 0 25 50433 1.0532899535171145
23 21 21 6 73557 0.9542603751700113
1 6 9 9 44499 0.9916179065323735
21 21 25 7 69969 1.0809652755062684
15 1 4 0 51707 1.0969601104125255
22 1 1 14 102873 1.0506856353684242
28 22 13 25 69493 0.9719488910822849
19 26 6 29 65832 1.046474419493919
17 5 8 19 75553 0.9393386190661029
22 14 11 26 61418 1.0092386871765193
0 13 10 11 35899 0.9514181052931426
25 10 5 10 46627 1.058062903959407
29 3 29 26 99531 1.0936790076193237
20 10 5 11 40639 0.9337888958633915
29 11 9 5 74192 1.0877881589220801
5 11 20 1 72339 0.9341638720112738
1 8 19 5 66763 0.9407337501020742
24 22 0 13 90872 1.0364441036111203
12 18 23 9 55360 1.0120239188445455
12 8 4 21 52858 0.9083446348890649
14 3 24 4 34699 1.020422101827569
21 27 20 3 98639 1.0701983680398452
22 19 13 10 58141 0.9516860962019277
9 29 3 3 102306 1.0956002813576202
14 28 23 25 49551 1.0901450369775616
12 8 7 14 38266 1.072906858365615
14 2 2 22 92712 1.0766266517659262
9 8 19 22 68521 1.0736366542925269
25 10 6 16 63206 0.9280738339560016
23 1 6 4 66042 1.0389876456433598
24 27 23 16 62392 1.03126120552701
28 18 10 24 79959 1.0475885208517592
20 15 6 14 32898 0.9453399944779983
15 13 26 19 43663 0.9852745938605676
7 4 2 28 82840 1.0788834647213947
20 26 7 7 101047 0.9480080801227492
17 3 27 25 93093 0.9761069730063986
26 20 19 12 40841 0.9854603657394004
19 7 28 21 73264 1.0494099797278595
28 13 0 20 84530 1.0115924596282337
26 26 12 29 70855 1.0569080403402014
22 2 25 21 84250 1.0766843254527234
1 4 5 20 55991 0.9582151196531183
6 3 28 14 90375 1.0208770368228168
25 15 15 5 58554 1.0943263865822563
15 15 6 10 35499 1.010306675105464
16 29 1 0 129644 0.9164522294645404
1 16 19 5 76446 0.9169411036573164
17 27 10 17 54800 0.9534509903584222
15 11 5 29 83641 1.0991269177288177
27 24 11 19 69468 1.0953410031660629
15 24 28 9 82572 0.9811532559255909
16 5 23 21 75453 0.9666543160809602
27 25 17 4 89087 1.0171282969297333
17 26 28 26 53376 1.0112072587544625
9 27 18 23 53512 1.0777193111053363
23 12 13 14 39310 0.9957804046149032
21 27 6 27 74638 0.9424178118702218
23 16 17 26 54255 0.9888918008142616
5 12 26 5 76018 1.033616107219148
7 13 0 16 28777 0.9723681338239977
18 19 24 6 72563 1.0520434970422277
23 0 11 6 63031 0.9926337367396545
2 4 14 6 43386 0.9211425130797838
10 2 12 29 86515 0.9787587485274896
29 24 13 6 103742 0.9341479666834505
24 26 22 7 87801 0.9835919378832577
27 16 24 0 63915 0.9370555199794496
6 16 13 27 54584 0.910453710209684
15 24 19 10 58681 0.9248449598334149
27 21 13 4 90798 1.0700310077605817
19 3 12 20 68431 0.9548397343094733
6 24 12 14 46124 1.0521770580612402
21 10 16 24 59894 0.9376604918571858
24 12 8 1 90806 0.9398004399196586
26 4 11 26 99430 1.06156364435157
3 21 16 14 54985 1.0839124905608548
23 14 2 6 78447 1.0242409796214855
28 23 10 14 74252 0.9071143033587891
10 12 1 18 47294 0.9170957691373477
24 28 14 25 57668 0.9926301961149171
16 18 14 9 47623 0.9848581780685738
28 13 18 26 67699 0.9374645021546184
17 24 9 22 35072 1.036011424801508
16 22 3 7 79226 1.088457276667878
26 17 13 25 67667 0.9215464189115534
19 15 2 4 68851 1.0038888319456722
28 18 12 5 80244 0.9880439551182926
26 12 21 7 36056 0.9202521723486992
22 10 15 27 81273 1.0522024110783883
16 13 0 10 50124 1.0964962293690603
24 18 10 22 64760 1.0062681602151657
21 8 29 18 61599 0.9888842997829329
7 8 18 20 70239 1.0710202295284703
1 16 17 6 68212 0.9906710592181696
16 22 6 2 90460 0.9392234362470253
20 20 28 7 65212 0.9277492371407432
28 25 2 10 105041 0.9119322915915532
13 9 21 7 38761 0.9172609555586156
18 23 4 29 72188 1.008355476577668
28 14 14 11 53499 0.90405525331256
22 1 9 22 106865 0.9867005472204763
9 1 23 20 102711 1.0218066091834446
21 22 27 7 73075 1.0654483138979867
17 13 12 20 31960 0.975186740239831
21 20 28 6 73411 0.9209853447084497
26 16 8 25 72826 1.0460684430133926
28 23 2 3 123687 1.092326161123915
10 7 24 5 57021 0.9589759806115504
16 16 28 1 83477 1.0972226277698438
4 10 14 22 58489 0.9833849582489089
15 16 29 5 79393 1.0994266392634715
2 27 18 2 111758 1.0855925528981196
17 26 29 28 67218 1.035231631047678
28 13 7 5 86097 0.9317008384321165
5 11 16 3 58189 1.0242293934372393
12 25 4 6 69737 0.9006953197035743
28 4 8 27 124778 0.9028446468490389
4 6 11 17 49562 1.0498954360020525
22 13 12 15 30780 0.9573022350869789
12 27 21 20 46980 1.0681588835950397
5 2 5 20 61867 1.0737618261359168
17 13 25 16 28311 0.9994590036465524
17 14 16 24 37458 0.9576447569174849
8 19 1 15 37155 0.9392128532991048
6 13 26 21 69247 0.9700191248054183
3 29 15 25 59500 0.9901529499478695
4 9 15 29 87380 1.0952094053718124
1 0 7 27 100768 1.0545936558006628
24 29 0 16 117283 0.9148581926774034
22 29 9 9 108193 0.9136749522550929
21 8 24 21 68168 0.9643797956861249
18 21 22 29 48843 0.9995186645377134
16 6 15 23 72409 0.9676827281536092
9 13 1 10 30954 1.0717311073191764
4 28 26 9 97812 1.098894905706591
27 25 20 21 41566 1.0305045729429767
14 20 14 4 60478 1.0353007665152212
26 2 10 16 78007 0.9844856969556742
29 26 18 2 111200 1.0698219305062868
28 8 12 9 49240 0.9727785141187637
17 22 28 18 54530 1.0928147337966376
21 6 15 13 45049 1.0446799962319324
3 5 25 21 108385 1.03071917213549
18 15 28 14 24864 1.0710158168024257
24 23 5 19 84532 1.0467990766654143
4 22 13 28 50481 1.086890776369617
12 8 3 28 75801 0.9995336384241356
2 24 29 15 81625 0.9728365585949061
25 22 15 20 44325 0.9574578226235868
21 16 6 21 60053 1.0844110761397614
20 24 29 7 86623 1.0222034391608679
10 0 29 8 81571 1.0461864735847286
3 13 11 25 55271 0.9453339429125829
1 18 14 13 53466 0.9043292492199488
11 7 26 3 58022 0.9290160296592647
20 23 15 10 57683 0.9210476763440882
16 20 27 23 49917 1.062408966594556
23 25 0 4 123835 1.0546433890409963
9 27 21 2 116305 0.9545342688330984
4 21 1 9 43467 0.9355535035974845
19 23 2 2 103172 1.041795289345526
24 24 6 6 109626 0.9339221837050661
27 27 14 25 60623 0.9370654000176609
18 2 2 24 101933 0.905200503394389
19 12 22 29 73249 0.9943876764976116
0 25 27 27 116277 0.9665046800258751
17 15 26 11 30580 1.067944208050545
5 12 1 0 53643 0.956462932107339
5 12 12 23 49615 0.9353530378234676
21 26 27 9 83703 0.9402472251992007
10 20 26 23 61230 1.057621483632366
1 25 0 15 47325 1.0877286062704428
0 15 16 27 80970 0.9784047597361415
21 28 6 5 116649 1.029858593259308
13 8 2 9 34982 1.0728813095196446
10 29 11 20 34448 0.9944898653845801
9 3 15 15 54428 1.0716769957764267
5 15 12 1 60284 1.0734535998463044
26 11 5 4 72176 1.0696054778251947
10 13 28 0 86233 0.9177171624674233
5 9 21 9 49391 0.9849132939553302
8 0 9 17 71234 1.0080923690499706
12 13 23 6 56439 0.9397574672623904
17 7 15 21 55287 1.0732423680320506
9 24 16 11 67240 1.0233183264619161
22 22 3 23 79109 1.062007187366411
18 14 3 20 48588 1.016957708997093
8 0 15 17 79675 1.0915116450331734
9 17 4 0 65492 1.019521936170114
23 4 11 22 85974 0.9671897581515995
13 19 24 12 55625 0.9428610019254825
16 17 10 4 61604 1.0119248337222944
8 15 25 23 69911 0.9400387458127627
5 19 26 13 68479 1.0271377149558991
19 19 10 29 60065 1.0434193665652594
19 28 18 9 66903 0.9647027319007063
20 2 12 9 46489 1.0809690763857815
24 5 5 8 75417 0.9470479198654681
2 12 12 18 39633 0.9010784412117759
2 5 7 16 54068 0.9506735418153903
17 6 26 5 32287 0.9945644719511899
16 1 6 19 90745 0.968723993546243
0 21 9 16 48369 0.9380215375957138
2 23 20 20 71820 1.0628871520099312
15 11 4 15 43149 0.9603528258031426
16 18 27 10 54345 0.9842416870567824
19 11 5 11 41181 1.091491928665909
10 28 7 2 103865 1.0170909781232464
0 28 18 25 84452 1.025467937135427
15 2 6 6 44695 0.9782817391329048
28 9 8 26 104142 1.0314537948720641
4 27 1 0 84840 0.9390748989993093
28 23 6 10 95023 1.0385360105509003
6 19 29 8 90553 0.918540705592428
0 23 10 23 50355 1.0176951041330131
4 16 18 15 33034 0.9381264377617622
9 9 2 15 34965 1.0073667602775374
22 27 24 12 79336 1.0124131334404864
24 4 2 15 84594 1.0058132746267048
10 17 27 15 41458 1.0739235403694263
8 17 27 9 73576 0.9260420999264675
15 12 5 9 41000 0.9948611301761008
19 28 5 12 87209 1.034387315185148
6 29 28 11 108531 1.057956843301446
0 24 13 10 72148 0.9970920306429877
17 8 29 6 53417 0.9199470661186545
19 5 3 16 73022 0.9747683433736574
15 3 1 21 93077 0.9844431549640129
14 15 26 29 69981 0.9101819105556417
4 6 28 29 126611 0.9522393269708357
25 22 18 11 57031 1.0402560490779025
12 25 27 21 69348 1.0437447852114559
29 0 17 1 54478 1.0432010634706963
26 25 7 25 74698 0.9872704141979733
4 29 10 8 68369 0.9812937827318895
15 8 6 7 40202 1.018723774380208
2 2 3 22 67819 0.9994401554546206
4 7 18 5 52143 0.9820266064032572
19 24 23 9 63846 1.0106742489134
28 24 10 15 70751 0.9167318184532331
13 21 23 16 48253 0.9496982579663316
1 10 29 5 90448 0.9316737552074273
1 6 8 29 96860 0.9449158648431277
7 12 17 19 54302 0.9355406368331716
24 8 15 25 86541 1.06263297607498
23 26 11 13 80714 1.0634728423607656
8 3 28 23 119083 1.0572401128535274
24 8 12 0 65709 0.9635040130925853
17 10 12 2 38214 0.9311219721346282
19 26 25 16 55025 0.9053276980564948
27 16 23 26 54541 1.048766448716054
18 28 16 9 73736 0.9168213496563687
22 25 14 20 44400 1.0030455597547236
28 4 7 15 80342 0.9151992419322929
21 5 0 1 82039 0.9443003269110716
3 14 4 25 33660 1.0006103441917638
27 22 13 22 56372 1.084581016245603
24 24 8 7 108748 0.9954374496855188
27 12 22 20 46265 0.9985418491134347
18 4 22 29 103594 0.9101787969490057
20 3 7 18 88281 0.9317983974085055
2 25 1 16 44890 1.092705127886299
0 16 25 21 88037 0.9152766016800493
1 7 15 13 59226 0.9086678941727846
22 10 7 10 35749 0.9031874078154312
0 15 13 8 49612 1.0640275117888789
21 8 4 10 48578 0.9439584973246711
23 23 14 7 85061 1.047008614573912
12 13 19 2 51377 0.9981702164263083
14 4 12 28 75303 1.012330003029791
5 4 11 16 52943 0.9286026663788015
18 6 9 21 72701 0.9565449982299137
6 18 4 4 46956 1.020597976709063
18 10 28 1 58958 0.9871614744707395
6 20 12 9 49827 0.9299345063247818
9 29 5 15 60986 0.9263135817616804
7 8 21 21 84719 1.0246985701823847
12 15 19 27 55802 1.0286200093541138
11 5 1 11 48000 0.9699553361394979
27 4 9 18 88969 1.0367197372585706
16 15 18 24 35887 0.9523084153294376
6 2 21 29 129094 1.0449934005354498
28 8 14 19 75529 0.9481911120655028
6 29 18 8 95431 1.0243174664068135
0 19 23 25 102011 0.9323130140010926
4 26 26 7 98729 0.9645473389627053
6 21 6 2 63864 1.0457775775594704
16 7 25 26 89738 1.0099277163060973
4 10 22 27 101063 1.0216700342725966
13 3 12 27 75975 1.0459749051994374
27 28 25 1 100334 1.050065042798579
2 22 14 0 97283 0.9566142229860541
9 17 27 17 56672 0.9533217133229837
12 7 8 27 80169 1.047172389138326
21 24 19 5 74226 1.0985417441424015
16 26 21 14 58121 1.0113060211314127
19 14 28 7 48969 1.0329077107832705
7 10 19 8 34899 1.0424000748204922
1 11 19 22 77971 1.0697717301624234
17 25 19 14 40960 1.0797517696583792
22 11 5 7 56947 1.0018028219621742
19 7 6 20 72047 0.9002058192002848
29 4 20 18 66849 1.0153318804948082
7 25 25 12 88298 0.950144752712004
14 5 20 14 49062 0.9727923413985264
3 15 11 4 52099 0.9426588816119479
23 7 0 13 80731 1.0357177858408662
0 2 23 18 110745 1.0376354273071653
5 7 23 15 66256 0.9220181295725848
25 4 7 6 63631 1.0483470521157767
20 19 16 27 46100 0.9463353654822643
7 27 20 6 108753 0.9583515107746441
12 23 4 4 70385 0.9362091442674356
14 18 9 7 55292 1.0856002552590738
28 21 19 17 47401 1.0033250169187464
4 26 21 26 71910 0.9591167538576564
27 4 27 14 41137 0.912145727279403
21 18 9 29 78502 1.0302435867309503
8 3 26 19 94983 0.9880173804552767
10 1 12 15 51336 1.0529574143432248
2 17 18 13 49537 0.9085313610660458
10 24 0 7 87563 1.0967336410094748
2 22 6 1 71826 0.9259247289157962
5 21 19 28 76535 0.9914272444809489
23 4 1 3 67181 0.975829692145312
13 26 28 1 122023 1.083807704294017
4 7 23 1 79294 1.0318518364669709
22 5 27 24 83824 0.9893528926704896
23 7 7 11 61270 0.9092548223732161
7 3 20 23 103969 1.0437349585347016
22 19 5 19 66991 1.021645003584116
5 14 23 6 80128 1.0699390963833506
27 29 0 25 121259 0.9127706159926687
19 27 15 15 49201 1.012557058321597
11 13 15 27 60215 1.057912805004786
17 4 3 1 53079 0.9932066039476226
18 23 14 29 39737 1.0393301913125417
28 19 12 7 78588 0.9277107222074252
16 1 14 29 111493 1.0110711430377217
13 15 18 26 48735 1.0047719174278682
22 16 10 12 41674 1.031450756801382
10 27 0 24 45546 1.0167141949152387
1 2 17 2 62371 0.9847360421761502
26 16 9 14 42866 0.9450217128195095
17 16 11 12 29632 1.026221626393584
19 23 19 3 68798 0.9541080521291816
15 28 11 9 78636 1.033442356315428
17 9 16 18 36776 1.0845793432661173
1 1 29 26 151586 0.9462284623465771
14 21 19 14 39189 0.9121309387302616
18 1 19 25 85602 1.0270550680996702
20 19 15 27 50921 1.0873000465971223
7 21 12 3 76607 1.0479203460156823
29 4 22 27 105350 1.0977480945329705
3 17 10 25 43770 0.9458733440288135
20 18 16 3 59717 0.9431982100728931
2 6 29 23 122069 0.9533364279806905
27 16 27 3 53067 0.9489589801058155
2 25 9 3 84098 0.9390944639786467
2 12 26 7 71887 1.0689854430228707
29 9 3 0 96465 1.0427470153915495
4 1 27 26 128542 0.922410285419005
15 16 4 11 41183 1.012257460787085
26 24 11 28 74129 1.080122031520006
5 10 27 10 51148 1.0211280358076336
20 13 9 20 50291 0.9370530291161054
26 27 6 25 84260 1.0497470480520845
14 13 16 28 68429 0.9677222681911665
17 28 9 2 108741 1.0535354907327168
16 28 23 2 114304 1.0145853154543043
12 21 24 1 104276 0.995628246974387
4 14 29 19 76338 1.0888011975568637
28 6 25 14 42883 0.9339339629294331
7 0 3 17 64880 1.0087786971101607
8 19 16 4 79835 0.9489887284687315
9 10 14 0 46001 0.9535694264487402
7 2 10 29 107422 0.9791212796757531
16 28 7 9 96973 0.9213584658077035
10 2 5 23 82938 0.9633592332662012
0 19 14 14 57049 1.089200194803003
27 13 14 4 59101 1.0307411626535
4 5 0 20 55215 0.9653065717027743
19 12 25 28 71447 0.9139728808511047
12 27 27 24 67969 0.9601377779457065
22 8 5 5 70442 1.0727372985793904
3 13 15 24 59484 0.9785901853790329
7 14 18 13 38910 1.0874841912611681
4 27 20 13 71575 0.9544627374962382
5 28 24 1 142036 0.9710390391863956
29 21 26 7 60331 0.9058064487606406
28 24 25 4 75861 0.9521752553102544
27 11 12 29 83568 1.0432752694957317
8 11 4 2 38680 0.9046759859592038
25 23 15 29 64534 0.9185155665740259
29 6 24 28 99419 1.033915028598377
15 12 9 7 39333 1.0809216501749888
12 0 22 7 54798 0.9188323439008522
16 11 23 16 36743 1.0693250601886226
6 21 17 3 82996 1.0289525455696458
2 17 10 19 39092 1.0737561040670078
21 0 29 4 43833 1.048898742575364
20 22 28 0 93265 1.0160849572481467
17 13 0 19 65502 1.0468318908494683
1 29 14 14 77014 0.9701386020862077
10 2 10 14 42870 0.9787442033490247
21 6 17 22 68913 0.9495538676744544
23 8 5 27 103989 1.061084136572478
26 12 25 28 56994 0.9676520283485835
12 16 23 0 86357 0.9290359296092892
8 16 2 27 55777 1.0387496678255579
10 4 5 20 63673 1.0779231447438111
13 13 19 0 60736 0.923585682340569
22 27 22 10 78742 1.0439532235679714
10 27 0 3 100159 0.9414943364134811
19 0 29 5 48646 1.0142639884732225
1 2 23 7 87789 0.9165280828651536
16 3 20 10 32009 1.0841716506427106
4 10 1 19 41266 1.0348967429227545
16 27 20 3 94371 1.080417924334271
8 16 10 26 49083 1.068695569627236
1 5 18 17 82414 0.9029875862526349
19 0 18 15 54073 0.9180362402536477
6 4 3 24 62524 0.9997353688780606
29 12 17 3 60547 0.9825951162477377
0 1 24 27 157397 0.9566210556686112
23 1 1 18 118658 1.077739415981746
1 1 18 2 70797 1.0891355300271912
8 14 21 8 59732 0.9678852306124025
16 2 15 18 67584 1.0527880815683137
14 16 8 8 44445 0.9314142777873626
1 16 12 8 49351 1.098165962830158
20 10 27 13 26254 0.9637795085138336
12 4 3 24 76956 0.9724247038287243
25 12 11 22 67592 1.0627477282524254
29 1 13 15 88283 0.9812829022260088
22 29 13 17 78632 1.0762865250082039
21 0 4 3 68282 0.9534288648895175
29 6 22 17 63139 1.0765350225707957
9 7 7 25 77002 1.0944895775932508
13 0 17 11 49756 0.9260419562592992
6 6 21 10 48852 0.9664234759520827
24 28 2 3 140110 1.0756149591495907
21 29 9 12 92474 0.9085487119419536
1 7 25 15 80652 1.003368099655018
15 5 9 15 55773 1.0147387181041134
20 6 7 23 95717 0.9340541290362956
2 24 21 25 75271 0.9083050096481754
14 5 29 16 76666 1.0648042710114174
4 20 23 20 63251 0.9945746553561774
9 12 3 23 52990 1.0898938589566554
15 17 8 2 78427 1.0149287525926214
11 0 15 17 70588 0.9328355914891915
17 12 1 1 78652 0.9939137660159101
17 29 15 4 88401 0.9647635320059939
5 10 16 1 63684 1.093784977357827
4 9 29 14 74142 1.0465609820758845
20 8 26 0 43074 1.0456091356312915
29 11 1 22 103074 0.9369063969092475
11 6 27 11 56975 1.0986668901082237
16 4 17 27 78891 0.969371965404874
3 29 25 9 110788 0.9757551746978976
4 11 20 29 96147 1.0323560873512794
0 16 10 12 39253 0.985713716366492
13 21 28 20 54294 0.9887081797162525
15 3 25 28 111465 0.9506976265482281
17 6 7 4 34396 0.941790556765109
16 10 9 17 42073 0.9239864201256573
20 6 4 21 82094 1.0560763919984955
19 22 13 16 38704 1.0402504130110999
18 15 19 24 32146 1.0791736544127974
28 25 18 23 48015 0.9302842160690233
16 25 6 12 66607 1.012754315519383
14 4 24 2 43653 1.0603484793172067
15 14 11 2 55976 1.085300213420654
2 24 28 18 95309 0.939698493317981
5 12 17 21 58362 0.9749134365613268
10 19 20 1 85757 1.040494853455792
23 24 29 8 77141 1.0740790400923204
2 21 9 15 33221 1.097303184350719
7 16 14 0 73856 1.0131047682836116
29 23 19 4 93563 0.9216653428694511
11 22 16 16 39035 1.0030816978250536
25 20 19 0 87888 1.074024693638579
2 15 17 23 57713 1.0776187870310534
23 17 22 3 67300 1.0948406663787242
5 15 18 9 47766 0.9481928825639148
5 22 6 7 49619 1.01550984707929
12 5 29 11 61129 0.9217512751524773
11 0 4 22 83222 1.0610474817242972
5 0 4 9 31523 0.9035366553746226
28 16 1 12 74453 1.0694683913535117
3 17 1 7 47438 1.0948514519697354
11 22 7 1 88227 1.0878643272345647
20 12 10 19 49232 0.9865364222561354
0 3 0 18 73268 0.9828426602361386
2 9 27 17 80605 1.048724480339028
29 23 9 21 84956 0.9838785788382003
15 10 13 24 50376 0.9515268491510884
5 26 14 6 85245 1.0193762950177245
1 20 18 27 81421 1.0841533451960026
23 10 12 28 77512 0.9263757615613382
27 13 18 6 45086 1.0491480039003351
10 1 1 27 105162 0.9119142133051633
20 21 18 9 46016 1.0309977045808374
9 14 22 2 78448 0.9351424405941826
20 20 15 4 64781 0.9695818454831445
0 7 6 18 57146 0.9597674363781936
16 19 11 10 49665 1.0912071113425232
25 20 12 14 53110 1.0349371630554656
25 25 3 8 106488 0.9350035478671694
24 21 13 5 92265 0.9498910278836848
4 22 17 25 55921 0.9085765858270465
19 15 11 2 62437 0.952311044086695
8 13 5 28 56729 1.085300843964574
23 14 8 26 77988 1.0350753469723266
13 2 6 28 102768 1.0793909811058788
22 5 8 15 72935 1.0334616009905704
18 10 25 26 74182 0.9718145057238504
26 15 17 24 47408 1.023896092310636
28 10 19 11 25257 1.0938387290145073
16 20 11 26 33205 1.0159981650874845
21 25 21 6 82880 0.9852291371165962
28 22 14 11 76504 0.9644924700547519
23 8 20 23 66676 0.9268047249819082
20 24 16 7 68746 1.0177360450781676
13 7 23 13 46103 0.9708823009161347
25 16 9 25 70740 0.925267704739192
26 16 9 5 77010 1.059300590385442
9 27 9 2 101143 0.9339824441123171
18 3 24 16 59529 1.0365657701261155
14 14 24 16 31364 1.0839725683111723
4 14 27 20 68721 0.9158747114840622
26 1 14 15 69029 1.0377018942584075
11 8 28 18 74784 1.0553669168519735
14 21 28 17 63633 1.0183199958623677
14 8 21 2 47094 1.0508776880214872
11 25 23 22 55141 0.9387813235334305
24 11 8 16 63268 0.9422599072529843
26 5 11 10 50249 0.9721900620664686
11 28 17 22 41537 1.0681311663212711
0 3 28 7 97165 0.9458666277263086
22 18 10 28 74586 1.095679220541473
29 27 16 10 92007 1.0959106253819841
10 24 19 1 93995 1.0101228284843986
20 11 2 10 43286 1.0297341237035011
13 25 25 8 87635 1.0089382749659803
8 28 22 2 127712 0.950554224701009
12 15 23 1 79728 1.0982047867072249
15 19 4 23 50969 1.0807399174333119
6 14 6 2 40236 0.9703982850001279
17 1 1 22 103710 0.9136152490424607
14 26 7 12 70168 1.0178905677334915
22 20 25 3 74642 0.9617881398280113
0 14 0 28 71273 1.0332317931774253
24 8 12 16 61021 1.0321227172927758
3 26 21 27 84173 0.9209658027219728
23 18 13 0 91231 0.923300523869418
8 3 0 5 34887 1.0545658273087095
12 9 13 0 31808 1.069505438371632
26 3 10 14 73076 1.0489999457872645
11 16 25 29 88021 0.9163784570509267
5 29 8 1 98290 1.0878864998101287
28 16 6 17 57704 0.901421058841809
12 0 22 26 112825 0.9088695970255849
7 16 20 18 46691 1.0775885980190762
3 24 8 9 54568 0.9293999136952511
1 12 18 18 60846 1.0930475395940449
2 6 25 28 128497 0.9202046598916167
11 25 21 0 105400 1.0382121060756153
10 3 11 27 83747 1.084423508182853
13 7 3 16 52867 0.9304391785356094
5 27 24 10 95129 1.045709976467529
5 29 7 17 45743 0.9663150229150367
15 0 29 0 60241 1.0687804322093923
16 3 28 16 69231 1.0634284122306192
15 5 6 18 73809 0.9803834449440874
27 9 11 23 81790 1.0169284093530515
5 27 12 18 51881 0.9395946995445514
2 24 28 27 114281 1.0947891100695277
9 15 16 2 63551 1.0827177243371389
4 24 18 29 69506 0.977663437820242
18 15 27 6 50683 0.9377120136382985
9 0 23 14 80835 1.0140495447065188
29 8 3 18 94218 1.0762908850452921
21 1 27 25 106789 1.0293787458662
28 10 1 25 105090 1.0942591626098728
27 7 22 26 87402 0.9349629591698723
4 20 23 14 58135 1.0162439184439298
13 26 0 25 55086 1.0953517123924357
22 13 13 20 46988 0.9589808526627601
21 10 1 24 86278 0.9985134784255151
18 29 2 25 76192 0.9320842996504081
29 15 23 28 65665 1.0514056552246465
9 19 26 21 65629 0.9650371081109805
11 17 19 11 39276 1.0032922838066842
27 15 17 1 63378 1.0602895347206704
24 20 12 8 69869 0.9818888216203495
8 14 23 29 98284 1.026797620374461
1 22 10 18 47813 0.9094398407848847
5 4 27 25 116203 0.9928220428291671
0 17 8 1 78146 0.9594773016685886
14 9 24 16 49170 1.0964662285713915
8 27 11 14 62030 0.9317546190938895
24 26 18 1 110668 0.970815245603473
7 28 5 13 55754 0.9880660446875623
29 11 12 3 67819 0.953328337428093
16 23 16 12 49446 0.9747378388463764
6 27 29 12 100873 1.031586656871503
26 22 5 12 79782 0.9898084796473359
18 19 29 11 57491 1.099861382666403
4 11 3 2 32645 0.9118206669582323
7 2 2 22 75988 1.0759660955095722
8 3 8 23 89002 0.9586447936453671
24 4 18 11 39057 1.0668192599937611
27 29 21 2 113089 1.0428932564567948
9 29 1 8 90399 0.9751162163046474
5 12 20 16 48230 0.965007748356554
5 21 15 6 81549 0.9327470465091298
28 16 26 25 40665 0.9201019361513059
12 9 26 4 54256 1.0360244481895406
23 6 26 22 65355 0.9441478959074342
6 15 3 29 45696 1.095033144808286
9 21 25 20 56967 0.9339462093432135
23 22 6 9 86038 1.0513339951931142
0 5 3 18 62940 0.9213826663083083
18 10 2 7 49271 1.0237206451836391
19 29 23 12 70424 1.0419013689937842
27 5 9 13 71769 1.0819782297379328
10 26 0 25 42002 0.930596612823344
29 18 20 20 41051 0.9203764842351738
28 21 10 18 72955 0.9580581904757752
7 3 28 11 84001 1.01190469670422
3 25 29 20 100621 1.0305982343062206
19 7 7 26 94880 1.0125077234838957
3 1 18 2 62775 1.0178996719356324
12 7 23 3 47416 0.9866880037860082
2 17 21 21 74379 1.0309518913876334
20 24 24 3 93644 0.9708390851463451
0 19 12 29 70883 1.084732053070625
4 20 24 24 85718 0.9243940562448966
1 24 29 24 113958 0.9781087301316336
5 3 4 15 39805 0.9758698523431015
6 4 28 10 71675 1.0159604596244198
14 14 29 24 71024 1.0950001945595385
27 29 5 6 128788 1.0266620302917182
29 26 18 24 52472 1.0840303434980234
25 21 12 1 101747 0.9150189346270967
3 6 3 19 48760 1.0401575361568516
3 26 20 5 102372 0.9239051556221921
22 17 1 25 85751 1.0446671564859356
16 17 3 8 62000 1.0101573417544822
22 22 3 9 89720 1.0647136671563846
17 21 2 19 57552 0.9314888410720621
6 24 22 6 104532 0.9161720964007348
20 23 3 28 81731 0.9859115791471472
3 5 4 17 41271 1.0502536476915976
24 0 17 23 100999 1.0233486622342067
27 27 2 2 136408 1.0474060358546007
19 26 0 5 117785 1.0696335680183804
17 17 22 7 51490 1.0413854918514762
25 9 19 18 47741 0.9469968873329313
21 15 16 29 60316 0.9256536937062091
6 18 24 21 71697 0.9374912688112409
23 18 16 4 65798 0.9063109298974656
5 2 9 25 87350 1.0177547233564188
17 9 26 23 62966 1.0940401053296114
11 0 15 16 64909 1.064806081226122
16 4 7 19 80644 1.0655664545975305
22 22 10 26 59415 0.9622136232712303
2 12 27 6 80755 1.080315751595951
5 17 12 0 71615 0.9814217504405212
29 2 18 11 60737 0.9966736101740816
12 9 20 2 46489 0.9451885971115251
5 26 1 5 77219 1.0324731324288032
27 18 1 11 85304 0.9883750124500306
17 17 1 18 57318 1.0296936109804489
9 22 12 8 52201 0.9073993954870926
27 1 15 17 83536 1.0280616032494048
27 16 21 23 53210 1.0395903797780037
12 1 5 14 61776 0.9359082815585584
5 18 22 3 94049 0.9613297456579433
25 19 1 0 120945 0.9598288016678235
26 20 0 16 77383 0.901517551304012
18 3 26 8 37482 0.9838985817010204
15 13 5 12 37469 1.0862261483063136
9 20 1 10 51500 1.071596671012242
1 6 25 29 138602 0.9275582725021478
11 18 26 16 45909 0.9815569547577339
9 8 20 19 62498 0.9941700879806205
20 3 27 19 74790 1.0248221563001874
7 26 19 17 71361 0.9934361519847884
19 7 12 29 80341 1.0799731708557738
18 14 7 21 54465 1.0188232312254422
27 5 17 23 83085 1.0042995168238225
22 18 9 15 42257 1.0043948990552378
21 21 3 6 92295 1.0778400672309443
18 14 4 15 33468 0.9161677501362263
22 0 14 9 60748 0.9770524747991851
0 21 11 14 51236 0.9649808047701214
16 24 4 29 57918 1.0796118366328409
5 21 3 12 37926 0.9997611286738991
10 25 20 3 92410 1.0339412693668344
9 21 29 9 88147 1.0738335078181422
15 26 8 14 61864 1.0650751578989486
6 27 11 12 62632 1.0017166371809836
14 27 15 3 93309 1.0655478372372442
0 14 5 4 46343 0.9831455317415123
29 18 2 6 104087 0.9740024786030355
29 4 10 5 56678 0.999612648410739
13 14 2 28 68519 0.9430296854996454
18 13 13 21 40007 1.049268357447641
15 29 22 5 108804 0.9978877025131226
25 3 1 15 95798 0.9493044988372807
1 25 15 14 67606 1.0991620302729088
13 20 8 7 58132 0.9942854498815813
0 21 5 16 35690 1.089320578574718
6 25 28 27 96143 0.9785407715122763
10 7 26 25 93035 1.0504081802071679
5 4 8 27 84359 1.0350253831236071
14 11 7 26 74219 1.0563578020203384
18 8 18 24 60065 1.015333591778502
16 3 21 15 51603 0.9000240925143124
15 9 6 15 41898 0.9257224569580714
11 20 16 12 44556 0.9255230075189812
1 13 11 0 68814 0.9338649227324861
15 1 10 13 61311 1.054735530054242
28 20 19 16 41475 0.972044458159949
22 1 6 26 125090 1.0562924351181069
3 4 26 7 72504 1.0142922507962808
10 26 20 29 56722 0.9321303874291573
8 22 1 3 79236 1.0710194018531607
9 29 13 2 99372 0.9020809227328922
25 2 26 21 70333 1.0341404181905276
27 13 3 8 71477 1.0995506115072387
9 17 7 8 44858 1.016667204338866
29 22 15 29 79602 0.9037674500207575
18 17 22 7 51789 1.062283622377827
19 25 14 0 98318 0.9453319086799151
29 18 17 18 50879 0.9722142582872624
15 12 6 10 32978 0.9661406026563581
29 7 23 22 76938 0.9574251033035108
0 18 23 15 65013 0.9868758767516794
21 13 21 27 64931 0.9814910531770078
11 23 13 3 71786 1.0670392615724336
1 3 26 11 84567 1.0368975550121207
3 21 26 9 86972 0.9224336211813625
12 16 17 4 49070 1.057722773582606
25 0 20 18 74280 1.074235185583707
24 20 15 3 83048 1.0597945928747725
16 10 13 1 45618 1.0914767489406572
6 20 8 9 44657 0.9910268249500911
4 18 27 12 69734 0.9026438794721534
24 2 19 20 83990 0.9802196199632982
22 23 16 2 90767 0.9137354115355154
10 9 8 25 63226 1.0007341605013291
27 21 9 24 78635 1.060635257330547
25 17 12 27 71195 0.9723925568290211
1 22 12 25 49012 0.9022719954880256
1 4 5 13 36574 0.9556613058034269
1 10 3 1 41083 1.059694110441944
1 26 6 1 86953 1.0130650173022246
13 21 0 20 47465 0.9055717467268429
25 25 27 12 53386 0.9478868649019276
11 1 3 14 68174 0.901561170439774
19 10 23 19 47425 0.91367314187799
12 9 0 18 60250 1.0810573808009698
27 17 0 23 100129 0.9880403655446935
13 7 29 0 73452 1.0731310382478405
9 6 11 21 61182 1.0104976867105744
19 19 4 13 48996 1.0117284957021209
12 6 26 10 44377 1.0335773875896703
9 18 12 3 60801 1.090381061825563
22 2 11 23 98578 0.9784355392991861
7 16 20 18 46691 0.9272380449599708
27 9 17 18 52634 1.0016767675567575
25 24 13 27 59531 0.9368151145747008
23 8 21 25 79306 1.0821832489525565
14 4 8 15 49264 1.0537840404804326
14 0 11 11 45918 0.9020685269470744
11 9 2 25 68756 1.0554520282165223
14 15 14 27 47488 1.0626871226557677
0 14 19 3 83464 0.928443594219634
13 12 21 21 56063 1.0446260546212258
6 19 28 8 86525 1.0044824132025945
10 0 21 9 64638 0.9483256201032345
13 18 25 0 89930 0.901412251298837
2 2 29 11 93250 0.9123546713797523
19 26 5 11 83472 0.9551101084591985
0 18 11 16 45169 0.9381691340563804
13 14 14 5 43714 0.9167890532947661
21 19 7 18 66356 0.9572727509486332
16 6 6 28 100637 0.9791983098005752
21 2 8 1 67454 0.9293144731140128
12 19 0 19 49212 0.9850985467215756
19 24 7 7 89442 0.9785170673525063
17 14 24 20 40129 0.9359474450113754
25 11 27 21 43865 0.9776842938314498
15 14 4 26 56234 0.9680744433971523
6 17 20 6 70571 0.9881583928482548
27 26 11 26 72849 1.0437750140893856
0 11 26 26 108638 0.9602554603482893
17 13 26 2 55323 1.099286261277251
7 1 28 18 112546 0.9371403381218412
14 5 24 4 34752 0.9012847551464476
15 12 0 25 82599 0.9216653266828566
10 17 14 3 57873 1.0251859059023523
23 1 8 9 80962 0.9507100704093059
20 18 3 6 75496 1.0536146167840181
12 22 26 9 68848 1.044819688724067
14 23 4 7 71413 0.915405736888827
24 5 1 23 125673 1.017848598193001
4 1 21 26 120594 0.9024417391967146
14 17 26 12 44486 1.0603635446325643
0 7 15 8 61644 0.9426900403999049
6 23 16 9 71002 1.0688134432556484
5 29 20 20 78144 1.0550489437530381
22 4 4 6 56008 0.9586919021027654
25 19 2 17 78181 1.0558412700930346
10 22 4 16 37499 0.9573104961523913
26 6 7 1 77094 0.997173211283723
25 12 23 1 56172 1.0348693061317609
22 11 13 22 66464 0.938250647820605
13 12 29 22 75634 0.9139087390430937
5 29 3 15 42481 1.013655875949389
10 18 14 3 61877 1.0724963410273318
29 16 16 14 39442 1.0507230524692175
6 25 25 26 80315 1.0317266579646902
24 15 3 20 56131 1.0292529689998187
29 0 21 21 99144 0.9759774445443609
9 19 23 25 71728 0.9034809467705982
22 2 16 21 86574 1.0425291811260406
27 8 25 26 67669 1.072715769291576
19 6 28 11 41471 1.0976205381168023
10 20 0 12 54747 1.0821847468028567
5 20 29 24 93772 0.9929081025630079
28 3 1 9 93612 1.0233167128830272
20 2 0 18 102878 0.9199313516459471
4 23 27 28 106169 1.000476154733103
26 7 21 29 96587 1.0152872457560793
23 14 17 20 34491 1.0569174211523413
3 5 11 15 49423 0.9468522512486798
9 29 22 22 72596 1.0275324909149461
6 29 27 2 135887 1.0452926505845566
12 15 22 21 47124 1.008529500171197
13 14 27 11 47067 1.0020597952180916
16 9 2 29 92663 1.031089210622695
4 23 8 1 77889 1.0360593347863134
1 15 22 22 73395 0.9059170546340003
5 20 10 29 44757 0.9207204349663154
14 17 9 6 54115 0.9678622115608226
23 10 3 13 55729 1.0061614490500863
6 5 9 22 68981 1.0686546475314054
23 16 13 23 57062 1.0549157525833581
1 10 22 13 57719 0.9870265210901522
13 15 27 23 59193 0.9811750578986663
3 2 14 25 96157 0.9654249301044576
19 0 25 4 30907 1.076629896701049
16 9 12 15 31917 1.0038349712444328
29 11 2 17 84237 0.9896727887385985
14 2 8 15 59415 0.9275421418488906
19 2 3 13 70925 1.0224440213465482
29 13 10 1 85062 1.036422802125106
7 29 27 9 114361 1.0151964974629983
6 21 15 18 45073 1.0122741517924922
15 1 9 21 92260 1.0788123627925168
1 4 28 6 85819 1.0040904925584169
29 19 11 16 65362 0.9488528066015286
9 8 14 28 78103 1.050908110412352
7 24 28 0 129682 0.9451126424017166
20 4 16 12 39010 1.001676138042992
17 22 17 8 45025 1.0809926180278118
16 27 29 4 110380 0.9152622355727146
24 15 9 19 50927 0.988095206522673
10 15 19 12 29625 0.9966045364039994
18 6 6 28 98586 1.0598875876595426
9 22 14 9 57457 1.0939836920747914
7 21 26 2 108571 0.9960869082858141
19 0 20 23 84655 1.0854280424403273
7 28 16 10 87740 1.0390346188906592
3 17 21 28 97878 1.0546563225640133
21 22 7 4 95634 1.0530985543965719
22 13 1 0 91777 1.0500297430828627
15 3 17 26 84017 0.9981511717420843
19 2 7 12 69502 1.0938647675066158
18 18 29 16 39278 0.9228602593069692
24 10 2 21 82743 0.9724506165560903
29 29 16 5 113651 0.9012094522981375
7 28 9 14 61174 1.0743368923969405
3 0 4 9 30551 1.0117199957257963
16 13 3 27 72118 1.0562157739450406
7 10 29 17 74806 1.0806132820712209
2 0 8 19 82549 1.0011053969354773
