7543 7210 7463 7196 7210 7459 7171 7456 7385 7220 7498 7455 7472 7464 7348 7435 7390 7232 7260 7189 7313 7373 7344 7300 7432 7459 7443 7270 7361
5579 5496 5605 5549 5463 5621 5269 5289 5483 5595 6426 6649 6411 6561 6693 6732 6496 6392 6549 6401 6447 6515 6443 6317 6594 6304 6673 6371 6572
1038 1306 1262 1255 1250 1365 1353 1257 1481 1347 1073 1402 1303 1126 1374 1123 1456 1058 1402 1215 1116 1296 8749 8639 8494 8716 8421 8805 8764
1612 1731 1371 1364 1422 1661 1475 1636 1474 1411 1576 2844 2950 2651 2836 2917 2633 2871 2586 2991 2708 2833 2954 2850 2843 2848 2656 2849 2976
7596 7839 7858 7610 7806 7851 7659 8887 8821 8970 8642 8583 8711 8763 8593 8985 8726 8552 8787 8966 8897 8764 8595 8963 8859 8920 8986 8673 8617
6946 7017 6980 6762 6879 7067 2924 2901 3087 3089 3010 2970 3017 3010 2910 3086 2900 3080 2948 2705 2740 2878 2853 2700 2991 3104 2892 2903 3075
5609 5491 5613 5691 5824 5679 5545 5605 5559 5632 5778 5876 5780 5701 5712 5713 5837 5594 5585 5472 5840 5662 5761 5802 5900 5809 5529 2519 2741
1480 1112 1202 1500 1400 1393 1254 1420 1225 1440 1437 1230 1312 1268 1109 1203 1204 1141 1528 1276 1089 4041 4035 3679 3827 3614 3603 3707 4012
4543 4339 4543 4331 4541 4405 4369 4679 4314 4312 4630 4613 4545 4667 4353 4304 4594 4292 4416 4314 4325 4269 2615 2393 2460 2635 2576 2450 2488
5037 4797 4813 5099 4850 4918 5113 4857 5152 4947 4975 4946 4924 5228 4920 5191 5007 4806 5055 4838 5023 5180 5228 5049 5070 4992 4904 7755 7903
1408 1301 1490 1254 1276 1352 1650 1471 1436 1640 1662 1401 1568 1618 1261 1644 1283 1273 1245 1531 4786 4407 4405 4480 4528 4702 4709 4739 4831
7770 6644 6751 6372 6471 6554 6692 6381 6372 6508 6675 6638 6550 6470 6704 6488 6588 6638 6545 6695 6557 6517 6697 6674 6563 6520 6542 6556 6402
5849 6044 5896 5862 6022 5967 5923 5757 5995 5904 5717 5708 5622 5865 6010 5760 5918 5865 5648 6030 5857 5983 5887 5795 5756 4728 4619 4643 4880
6475 6644 6618 6799 6882 6879 6681 6479 6467 6726 6484 6468 6601 6603 5962 6168 5920 5816 5919 5855 6013 5904 5990 5934 5860 6084 6038 5975 5819
6238 6199 6223 6141 8559 8318 8230 8279 8548 8479 8177 8385 8592 8371 8179 8315 8559 8446 8164 8563 8579 8382 8484 8204 8306 8320 8326 8427 8330
4572 4584 4556 4694 4898 4745 4802 4662 4907 4862 4829 4630 1598 1708 1612 1544 1657 1422 1367 1543 1732 1428 1410 1400 1582 1552 1703 1526 1701
3066 3210 3253 3413 3058 3137 3412 3272 3181 3057 3213 3117 3420 3203 3343 3280 5799 5796 5830 5826 5660 6044 5950 5814 6008 6039 5853 5829 5959
3299 3561 3521 3398 3274 3311 3206 3304 3499 3485 3227 3285 3280 3494 3204 3553 3564 3547 3566 3479 3417 3365 3811 4067 3946 3880 3799 3895 3994
5596 5511 5576 5882 5489 5747 5932 5901 5656 5743 5719 5765 5559 5914 5519 5583 5744 2386 2472 2525 2238 2184 2462 2539 2367 2379 2529 2209 2131
1380 1680 1722 1485 1690 1535 1557 1779 1423 1625 1690 1487 1474 1494 1349 1543 1677 1404 1571 1667 1534 1352 1686 1728 7379 7541 7284 7167 7247
1828 2067 2106 2046 2114 2246 2011 1986 2205 2206 2212 1956 2245 2225 2154 2121 2236 1959 1937 2246 1900 1822 2465 2421 2260 2276 2106 2428 2341
3560 3607 3445 3519 3530 3634 3521 3347 3696 3526 1790 1702 1895 1844 2107 1741 2097 1911 1948 1834 2052 2028 1752 1883 1830 1905 1711 2039 1711
5908 5915 5621 5558 5901 3239 3159 3133 3235 3326 3262 3309 3109 3044 3278 3081 3412 3096 3252 3321 3122 3259 3281 3218 2972 3100 3088 3158 3319
6107 5840 6082 6048 5926 5835 6058 6201 6043 5967 6127 6074 5894 5932 1404 1599 1650 1712 1767 1705 1723 1573 1428 1598 1457 1546 1585 1678 1545
2168 2192 2837 2735 2787 2767 2797 2882 2957 2726 2994 2815 2955 3033 2721 2957 2927 2867 2979 2692 2935 2693 2943 2808 3049 3120 2929 3038 3087
8502 8546 8687 8702 8383 8569 8337 8443 8532 8621 8691 8674 8623 8410 8675 6979 7055 6729 6810 7063 6849 6888 6935 7063 6752 6876 6718 6959 7024
3330 3008 2997 3258 3286 2979 3001 3208 3007 3302 3415 4361 4008 4155 4257 3986 4068 4305 3982 3956 3966 4140 4378 4351 3972 4102 4086 4091 4032
6068 5784 5958 5997 5748 6085 6010 5994 6014 6089 5992 6077 5914 8742 8918 8727 8936 8656 8929 8852 8609 8749 8732 8783 8589 8574 8818 8535 8857
8325 8405 8241 8264 8119 8190 8519 8442 8463 6372 6400 6361 6280 6294 6521 6338 6398 6649 6476 6478 6449 6298 6474 6312 6528 6681 6293 6357 6646
8030 8400 8084 8098 8024 5105 5033 5346 5346 5274 5147 4976 5350 4961 5334 5267 4966 5342 4932 5028 5257 5331 5194 5123 5112 5060 5182 5159 5345
4689 8570 8484 7948 2908 3301 8543 2876 8527 7946 7779 5967 4357 7262 6810 4246 1428 7509 5860 1441 4631 2845 4081 4057 4244 1613 4200 6517 7240 1260
4602 8515 8431 7929 2999 3412 8654 3226 8113 7633 7660 2401 4009 6948 6470 4392 1672 7556 6143 1548 4857 3133 3931 4382 4241 1385 4524 5515 7021 1324
4643 8549 8558 7843 2893 3494 8848 2994 8202 7955 8050 2317 4154 7143 6837 4286 6196 7442 6067 1301 4620 3107 4009 4214 4464 1266 4320 5457 6977 1276
4403 8610 8342 7872 2948 3413 8619 2992 8216 7687 7731 2310 4140 7299 6769 4089 6301 7376 6098 1381 4713 3144 3908 4158 4116 1474 4122 5792 7148 1394
4391 8554 8423 7996 3004 3358 8583 2846 8371 7774 7928 2487 4009 7063 6468 4068 5983 7615 7628 1613 4833 3382 3852 4359 4320 1333 4211 5666 7300 1468
4361 8700 8179 7959 3208 3366 8626 3136 8265 7939 7957 2192 4392 7164 6458 4287 6382 7269 7695 1320 5048 3262 3789 4335 4282 1205 4514 5645 7086 1231
4454 8392 8314 2030 2935 3481 8482 3120 8309 7876 7659 2635 4262 6939 6533 4287 6211 7262 7902 1371 4756 3413 3810 8826 6090 1505 4240 5449 7113 1321
4513 8599 8283 1921 3115 3370 8701 3104 8329 7813 8480 2471 4307 6952 6759 4021 6373 7624 7880 1447 4904 3264 8353 8670 6237 1323 4387 5453 7044 1315
4526 8743 8496 2078 2496 3189 8537 3017 8400 7780 8322 2474 4300 7142 6657 4121 6348 7281 7927 1604 4911 3292 8529 8621 5961 1274 4320 5746 7276 1460
4295 8330 8297 2086 2437 3292 8601 3054 8404 7805 8560 2551 4318 7228 6799 4311 6090 7404 7517 1680 4955 3305 8329 8784 6276 1280 4471 5452 7155 1275
4972 8662 8148 2273 2455 3215 8656 2879 8454 8017 8349 2481 4251 7146 6728 4304 5993 7594 7808 1430 4675 3129 8536 8808 6284 1173 4442 5658 6971 1128
5127 8634 3857 2284 2379 3199 8883 3209 8382 7775 8474 2546 4308 6973 6552 4259 6104 7384 7859 1524 4963 2996 8720 8531 6258 1240 4207 5669 7104 1368
5162 8436 3901 1994 2314 3422 8596 3000 8188 7618 8605 2213 5806 7314 6663 4180 5978 7371 7526 1373 4726 3342 8594 8570 6048 1391 4188 5801 7247 1115
5324 4857 3913 1930 2497 3196 8502 3206 8344 7839 8575 2603 5583 6975 6844 3402 6337 7623 7578 1619 4913 3373 8630 8693 6293 1356 4274 5446 7251 1238
5337 4552 3897 2029 2423 3379 8617 3067 8288 7917 8545 2506 5411 7288 5091 3459 6391 7622 7540 1536 4895 3033 8349 8523 6236 1355 4137 5498 7055 1613
5220 4927 3867 2319 2223 3469 8866 2947 8537 7759 8171 2498 5454 6889 4957 3299 6249 7321 7892 1343 1992 3102 8400 8924 5986 1537 4218 5511 7238 1604
5268 4696 3723 1942 2432 3411 8861 3144 6642 7920 8220 2573 5751 7160 4979 3452 6332 7584 7893 1547 2020 3404 8492 8819 5906 1208 4354 5443 6997 1710
4940 4855 4033 2239 2098 3336 8679 2952 6561 7959 8207 2622 5649 7216 5261 3208 6331 7509 7628 1672 2287 3088 8718 8715 6247 1420 4528 5645 7309 1747
5123 4940 3912 1975 2109 3542 8547 2994 6333 7738 8607 2549 5363 7013 4846 3346 6048 7638 7565 1618 2203 3155 8687 8590 6322 1166 4378 5652 7139 1641
5249 4703 3988 1947 2214 3279 8850 6740 6409 7743 8249 2508 5404 7020 5187 3460 5989 7441 7747 6611 1923 3271 8333 8885 6079 1479 4507 5479 7005 1549
4999 4843 3897 2056 2463 3358 8750 6957 6606 4352 8304 2619 5525 7276 5038 3160 5955 7411 7578 6778 2308 3133 8741 8625 6319 1455 4488 5821 7090 1725
5030 4689 3727 2098 2196 3397 8544 6837 6634 4364 8376 2573 5731 7215 5014 3161 6159 1029 7877 6456 2051 3053 8612 8626 6003 1163 4305 5823 7021 1744
4976 4598 3997 2277 2384 4284 8658 7103 6722 4738 8392 2432 5609 7146 5067 3214 6368 1443 7565 6492 2068 2996 8374 8585 6242 1429 4130 5528 6907 1655
5277 4819 4011 2051 2238 3997 6800 6705 6714 4709 8264 2545 5578 7226 5120 3151 6373 1134 7526 6761 2219 3005 8489 8870 6139 1426 4202 5645 1796 1469
5026 4728 4147 1930 2334 4106 6659 6955 6584 4349 8223 2403 5392 7101 4850 3186 6388 1376 7634 6486 2037 3367 8531 8717 6176 1515 4474 5760 1971 1766
4956 4733 3721 2191 2340 4213 6499 7057 6758 4558 8174 2392 5791 7045 5002 3060 6401 1188 7553 6690 2299 3014 8326 8849 6119 1124 4313 5554 1678 1546
4973 4814 4151 2236 2215 4124 6726 7018 6411 4590 8170 2575 5643 6229 5052 3360 6156 1184 7751 6789 2085 3152 8640 8875 6131 1443 4287 5641 1694 1731
5048 4600 3773 2192 2359 4034 6843 6879 6702 4352 8249 2387 5609 6239 5190 3394 6335 1138 7494 6891 2221 3309 8594 8522 5989 1341 4500 5497 1750 1375
5075 4914 4036 1986 2418 4211 6873 7023 6564 4362 8598 2548 5681 6637 5007 3441 6182 1418 7605 6720 1923 3383 8300 8893 6248 1142 1463 5533 1813 1751
7 12 18 13 39927 1.0905942326468856
24 28 9 28 32356 1.0426571220080532
15 29 2 18 36178 0.9810494347713514
11 13 29 10 62835 1.0102936917773477
19 26 20 8 42371 0.9367818774807084
25 4 17 16 41039 0.973377694685833
11 1 14 17 52380 1.0995994641154594
12 4 24 4 27591 0.9475394645928907
1 23 23 25 41055 0.9370691421933107
28 17 5 27 48938 1.0678086320771552
5 16 20 20 33602 0.9242309688352112
9 26 0 2 68191 0.9862960448263971
1 27 17 3 75809 0.9298546818564619
8 20 21 5 49505 1.0516831490795815
23 20 8 18 31379 1.0913897567866553
11 6 29 25 62498 0.9930896937894034
28 11 20 19 36268 0.9607424414973715
10 0 10 21 33550 1.0081858940054547
18 25 23 9 44623 1.0022784124821429
12 15 22 16 37208 1.038541206137067
14 26 26 11 50435 1.0244802592781947
1 24 11 17 42147 0.9147284630457005
8 16 13 21 30761 1.0179254966558684
16 28 0 6 68988 0.9224819677495422
6 26 25 18 50765 0.9402641116631771
10 16 21 12 36124 1.0354197262099785
24 26 4 2 77037 1.031432845910126
7 16 4 1 39477 0.94806329229922
28 24 15 7 61726 1.0340237105154357
2 22 13 1 57575 1.016941116256015
26 5 0 23 86190 0.9593702067855774
12 6 5 16 42295 0.9409776554153317
28 23 16 26 35048 1.091654006042886
20 9 27 0 39519 0.9754118206143131
26 2 0 8 76631 0.9668068012274544
2 23 13 27 35227 1.0271826616302975
3 12 18 14 50765 1.0853296031501103
18 23 12 18 24147 1.0645101413577136
0 23 5 16 31281 0.9112695644233572
4 20 15 24 29955 0.9605800905403983
8 9 17 29 51633 1.0679543589507832
25 6 5 29 80512 1.0932758177086177
10 0 28 13 71043 0.9560485102495749
6 12 22 10 46541 0.9001555213156014
29 8 22 24 63360 0.996449383717267
14 12 20 0 41015 0.9876850986417748
18 14 15 26 29217 0.9966407993432025
5 0 10 28 67743 1.0111972430153138
25 3 4 6 58385 0.9101844812251091
24 11 12 14 47436 0.9027516799257774
18 25 0 11 51071 1.035955790365755
12 4 28 5 43709 0.9629751741716368
13 17 25 12 53953 0.9954614290050634
25 4 20 18 40708 0.9247063649548984
4 5 25 3 50534 0.9844975260828434
27 22 16 4 62376 1.010976028747623
8 28 4 9 53722 0.9472973437216348
21 26 11 2 58805 1.046113487130554
28 8 28 23 78208 0.9820082940251181
4 7 11 27 58774 1.0908953812211812
26 20 0 29 51459 0.9927887105169104
23 18 8 8 54308 0.9843540611739637
7 11 25 21 46500 1.0157351508719006
5 24 7 14 22752 0.9209100824148987
12 15 26 26 45150 0.9612946227830733
21 13 4 22 50025 0.9060036728853168
5 29 15 18 30008 1.0183440742329801
25 10 8 0 68560 1.0011590100808763
11 27 1 28 32722 0.9447223531044001
25 7 28 25 56250 1.0062867490282958
6 6 15 13 40260 0.9978129766559913
21 17 29 11 31241 0.9590030291585872
10 8 0 19 30737 0.9377466106823734
18 24 9 10 41928 1.006841133624796
22 27 24 0 65203 1.0879205287362699
5 11 21 19 40947 1.037566245384962
11 4 20 5 22803 0.9299662597517891
12 21 26 25 30490 1.068591732262643
27 1 27 14 53851 1.0465327135342937
8 16 2 24 34731 1.001922257217563
1 26 13 10 61068 1.0402304039113257
28 8 5 27 86681 0.9487043473288077
8 13 3 1 34239 0.9158046112363293
26 17 14 15 33390 0.9913264063254255
3 18 18 12 42539 0.9430875858216738
28 20 9 26 42284 1.099010617923754
10 10 20 23 36394 0.9849874637176352
10 10 0 0 44377 1.0560937096779577
2 3 26 29 70911 1.0692852634650296
4 26 2 16 27169 1.0306904136832473
9 14 1 1 50631 0.9801428725239115
14 22 0 22 43890 0.9582331525903158
15 16 5 27 32639 1.073463109750416
7 9 25 7 61548 0.9901811460686358
8 5 9 18 29640 1.0540939676932026
19 28 13 16 44690 0.9816414815144868
2 18 18 12 42656 0.9647333183141832
12 29 25 22 40062 0.918605198863773
1 9 15 22 44199 0.978510339925541
0 26 18 24 34164 1.0367889733471571
28 4 21 16 45417 0.9990091802627706
13 11 10 1 21772 1.078667707378283
8 0 1 23 50358 1.0501328793038482
9 1 23 0 53009 0.9903024424657827
8 3 1 26 54305 1.045294475496323
9 15 5 27 38772 0.9609273818460837
0 26 17 7 67369 1.0162440902402483
22 6 6 26 67862 1.0760117972746137
14 0 19 10 37336 1.0711840102544572
7 21 14 9 44888 0.9342899429434018
20 29 9 1 65465 0.9921040414994808
17 29 9 12 40583 0.9034251204523229
27 26 16 15 41695 1.0609170406905624
10 2 2 17 38085 1.0815317518762397
22 0 14 11 43509 0.9773286853327132
18 3 28 3 20953 0.9881357729447531
16 9 15 18 22939 0.9695259947140124
7 8 14 11 21441 1.057620249216206
22 24 7 11 43703 0.944351999126222
10 11 19 14 27046 0.9627283619760922
7 16 8 25 21239 0.9635406373395116
10 1 19 15 40364 0.9708455826394832
12 22 7 10 34588 0.9931831396498765
12 26 17 10 41761 1.0455635010566562
28 28 6 20 51895 1.0791855651993587
22 5 17 21 40838 0.9192991476698197
19 0 4 15 58482 0.9773460211665438
6 25 8 17 29607 1.0800141358202502
22 10 11 19 35193 0.9006411555783506
9 26 16 16 32577 1.0658807092239868
29 29 18 1 66913 1.018358586847487
4 15 18 4 53999 0.9614072529766353
23 27 6 4 57795 0.9345009494421891
27 23 14 8 79639 1.0640893475369078
5 14 15 10 38498 0.9894119805683113
24 7 14 15 46804 1.0227445496375038
12 17 29 16 48688 0.9084587757090697
7 27 19 11 44883 0.9106246889950206
22 0 6 12 59608 1.0924145119824056
2 3 13 13 50127 0.9912790029562363
14 26 2 15 39022 1.0045067660403397
5 18 10 4 32150 0.9975414969272506
20 24 9 5 49443 1.0264774276122905
7 27 3 3 52644 1.0398461487868014
2 12 20 14 46030 1.063393221591323
10 10 22 23 44160 0.9217265996442011
3 24 8 3 43006 0.9637083795528378
27 1 3 20 77221 1.0242085678875998
4 16 22 13 58293 1.0230141405347137
17 10 5 7 39921 0.9529657738853545
27 28 24 7 54394 1.041680097689107
23 26 12 10 50075 1.077075043096429
27 1 8 28 82157 0.9182250451277598
22 21 12 12 43116 1.0195040680536636
22 7 0 5 68487 1.0082073170462578
3 10 14 1 49150 0.9183554559818129
8 22 29 3 74038 1.028352495467029
28 12 11 14 62701 1.0385941659244537
29 29 21 17 31427 1.0547165016897926
29 0 3 7 81692 0.9450212298848436
12 22 18 8 48256 1.0107653271106247
12 19 18 7 32218 0.919016152460291
14 3 22 9 33481 0.9025048169419548
2 10 29 4 73799 0.9964065767814304
7 16 19 11 34265 1.001812924526814
20 26 4 11 47703 1.062891861826889
24 23 14 4 54964 1.0867830332316992
0 20 6 29 39978 0.9176929249538334
8 0 0 9 47080 0.9846382917069916
13 21 10 3 38818 0.9961128902400419
16 21 11 11 27633 0.9889274863300843
24 19 7 16 37194 1.0119446046319998
24 22 29 6 68980 0.9307339041551296
18 28 20 9 41702 1.0032348470395211
23 17 3 10 53579 0.9680077271633963
12 2 29 21 73165 1.084414745912932
22 24 12 18 31671 0.9063773062921046
24 15 14 17 37054 1.0337863872752315
14 23 16 6 48807 0.9334081856651135
6 21 28 9 69301 0.908734651867398
5 28 6 2 57164 1.0399701084513786
20 25 10 24 17853 0.9051695516311912
26 18 2 8 61590 0.9705312864775782
8 10 23 14 52449 1.0201069394937947
10 25 27 18 43873 0.9468023221518961
16 26 22 7 53700 1.0027061634740961
22 9 13 4 35274 0.9558008901417903
16 11 25 18 35717 0.9985262563664041
6 17 24 6 67356 1.0888776985018707
27 9 20 5 36140 1.0891606255131043
6 2 28 15 79669 0.9820877329849377
11 4 6 12 25564 1.0898389263619928
26 4 10 18 54374 1.0258495064436697
18 24 13 18 24701 1.0311151608979414
4 4 1 27 57122 1.0951818063582544
19 1 23 17 34920 1.083093991965694
9 14 19 9 37292 1.0921640141562812
28 17 16 13 35502 1.011773151330802
22 14 28 23 42372 0.9787966199228306
27 12 5 12 64008 1.0919042749442553
26 3 10 0 37734 0.9465421197483421
19 2 14 17 43096 1.0881252396525463
3 10 7 17 18526 1.0846605376307068
7 0 26 18 65317 1.0042639847806754
6 14 7 2 22614 1.0196596025518883
29 5 20 21 59973 1.0188785070117192
7 29 25 21 40279 0.9105140479565709
13 23 18 0 62443 1.079251668627736
28 26 28 5 76282 1.0186694302030406
18 29 14 13 37236 0.988895338650258
3 7 23 10 62067 0.9377147052470813
6 8 3 21 33790 1.0366310904078153
22 13 16 18 32965 1.0644017935146004
14 28 24 4 61904 1.028855989383841
25 12 19 24 39197 0.9705476315627622
12 7 3 23 45492 0.9148362914820504
7 22 9 5 31129 1.0997087807938184
4 6 2 26 51941 0.9568627189894399
11 10 24 21 48856 0.9276660052045506
27 15 24 3 43775 0.9002193456169306
18 3 28 21 53757 1.043789321262833
7 7 26 14 63982 0.95735505656635
26 16 8 0 69593 1.000229274672284
5 29 28 1 89573 1.0201088178704834
23 14 6 4 59608 1.091673232648424
13 19 21 24 22345 0.9607814849138121
16 15 27 28 41189 0.9729120886787884
8 27 24 29 28979 0.9330493577288397
27 28 26 19 30238 0.9568128217582084
13 29 8 15 39738 1.0863391730698302
1 29 9 1 70967 0.9770024312508979
14 13 23 18 36267 1.0942554059067948
7 15 27 27 55135 0.9739013813351918
12 16 18 22 33468 0.9877389359866118
16 20 24 2 46226 0.9467057753058826
23 21 6 19 31504 0.9293768262278312
3 6 25 19 66586 1.0149565353872143
2 2 28 5 73173 1.0772953156965228
3 0 18 3 42768 1.033494538976999
19 6 22 28 46025 1.0849712901475161
26 5 15 16 51407 0.9589626159047473
12 28 16 22 28120 0.9602513872111217
4 27 6 8 53626 1.0095485258038317
24 6 29 29 61235 0.9336342803736908
29 2 2 25 86281 0.9336535319049483
23 17 20 8 23100 1.0592448080101313
22 3 1 16 61851 1.0676589630539468
14 2 16 23 60257 1.0711995209375118
6 14 5 4 26055 1.0950496986937832
5 12 25 17 52385 1.0005499324617326
22 28 16 0 66420 1.0150905466472246
25 5 1 23 81066 0.9493154750460537
27 16 18 22 32839 0.9235211955994259
12 2 13 28 65216 0.9287906090088613
0 7 27 14 82007 0.9311730291841641
13 1 28 6 62984 1.0697592376441853
11 14 18 3 40066 0.9860848958384382
29 3 26 17 53152 0.9481790804419202
10 15 16 24 26426 1.0725760170760121
10 27 18 7 52711 1.0341286077517864
29 27 22 21 27285 0.9060121154813294
18 29 4 13 59484 0.9385915890673588
27 19 23 10 43720 0.9522311103150808
1 2 6 13 40330 0.9302045714591489
18 18 3 12 39229 1.009218559422594
23 23 27 8 48762 1.0230945631678394
9 28 28 3 81158 1.053533324524147
15 0 9 5 30044 0.9511494704529291
7 2 20 14 47990 0.9691662171760727
12 2 11 23 56147 1.0188903403045653
24 25 6 27 35341 0.9450714180323551
28 15 11 5 69950 1.025658181354926
14 1 15 15 53731 1.081668007640721
1 0 0 13 35504 0.9154095505170275
25 24 12 23 36203 1.052127910963744
24 6 2 6 62707 0.9709652647513985
11 10 28 18 58188 1.0475310558263555
29 17 14 4 48756 0.9279339840486115
6 7 18 9 47642 1.0903564915285409
4 3 21 27 69510 0.9199684421571882
25 11 1 1 78572 0.9261143337055864
17 23 5 6 53058 1.0456454629068257
5 21 16 22 32770 0.9669904338160791
15 24 3 1 53441 1.0388160574799703
29 8 29 24 72062 1.0082682986490732
5 0 15 16 50332 1.0426052093984723
0 8 17 2 58391 0.9488086097248932
29 23 17 8 63403 1.011210064763769
14 26 27 8 66570 1.0700272149683876
4 4 12 1 33229 1.0030897339092821
8 3 0 15 38774 1.039343465065129
23 14 16 18 29383 0.9119781192647571
24 18 27 7 45020 1.0196268440671417
7 27 3 17 35245 1.0444698288679943
18 2 20 13 25127 1.0689339509919842
10 11 19 25 33201 0.9659536725810006
26 5 14 22 61985 1.0570215139342243
24 15 9 27 47911 0.9935744275365662
27 22 26 11 50325 1.0865721462314515
14 20 20 14 24427 0.9005810512858581
23 7 5 2 66961 0.9665550450925
0 22 15 25 36577 0.9531106276015977
29 11 22 5 36636 0.9482198115408683
14 29 0 22 44672 1.009923429810958
17 23 26 1 61710 1.0828192636770422
11 13 29 9 68109 0.994822483235351
26 8 24 20 39846 1.0746730430495357
6 2 15 8 39283 1.0004289580731145
9 29 13 10 50445 0.9109342141724991
4 9 13 24 58279 1.0278765166130084
10 26 3 23 19789 1.0869659549952733
0 19 19 14 35912 0.9944542261734001
2 10 12 28 53397 0.9005932974880454
3 26 15 15 33842 0.9719103377887471
10 29 21 25 21209 0.9935468324582254
3 20 5 0 41427 1.0041161548893962
25 11 15 5 38447 0.9706114855913002
18 10 27 3 36487 0.9971681751692222
4 22 28 8 85567 0.9428223470868407
25 3 24 27 62413 1.0977339067770913
18 28 3 2 64574 1.0530222914598681
16 28 24 5 64874 0.9964020585515971
10 7 12 23 41814 0.9703631985540673
6 17 27 28 54044 0.9426992093713666
9 20 16 26 28833 0.909600416655976
21 23 29 6 68912 1.062049458281565
26 0 3 4 62550 1.003058089004854
18 6 23 12 31649 1.07125779592709
28 12 19 16 36142 1.0304949826114977
7 9 28 23 64726 1.0410980135945258
12 0 10 21 43649 1.098719705141224
19 0 8 3 27931 0.9845797004260168
2 27 13 5 68397 0.9043432530107054
22 16 6 17 44356 0.9542143383682794
1 16 25 17 47540 0.9732715415131916
7 26 21 22 27736 0.9058837169341507
1 20 24 19 46379 1.0908499333056056
9 10 18 29 46939 0.9794940246804423
2 29 22 25 33112 1.0846995721921453
26 3 29 25 65120 1.0724165168781608
10 11 6 22 26240 0.9709797183718092
18 0 21 18 40862 0.9409440224244737
25 27 8 4 67382 0.9039671349445694
1 1 24 20 69323 1.074299370570642
15 28 4 12 47517 0.961100503718947
22 22 27 10 44448 1.035284106929634
29 14 16 26 51327 1.0856374489186458
6 28 1 2 63568 0.9509793402677467
23 1 17 8 35767 0.916037151999069
21 27 24 4 53852 0.9261100901647406
0 19 25 10 64138 0.9086497555879128
20 28 11 27 28884 1.055038930184212
12 25 27 10 57415 0.959261067828166
0 22 20 28 50197 0.9980319672733681
2 16 1 4 18453 1.01310743317689
15 17 3 3 45615 0.9308275059428489
13 25 17 1 54065 1.0644835956473904
14 7 1 24 61831 1.0598637825389605
2 1 18 11 52428 0.9365368488839164
18 8 17 20 29227 0.9380728099074468
11 25 11 2 53977 1.0061838983603038
24 23 0 20 55938 0.9258010144543194
5 22 9 5 35737 0.9545153075665057
25 29 22 21 18641 1.0740268701221038
1 28 29 26 55488 1.090858484314754
0 17 17 9 60387 0.9676982587654708
20 8 2 28 67644 0.9754399402361283
12 18 24 27 37603 1.0831095030327462
12 15 16 4 39189 0.9706447394618851
1 0 11 21 49996 1.049786247496172
1 21 17 7 55305 1.0388941849549396
29 28 4 20 57905 0.9635448737529363
20 24 20 3 38928 0.9015773533004058
3 4 1 12 17430 0.9806213244887118
18 6 2 19 52821 0.9394340469864311
12 9 27 1 64698 0.9253428994763965
12 26 16 6 52096 1.0157061225820403
29 25 0 21 54687 1.0851986100763318
3 8 22 13 58290 1.0987551431699585
28 22 17 1 69376 1.0441048319113884
5 21 1 28 34730 1.0602962038998607
28 24 7 20 46818 1.0092029823395061
15 19 28 28 33650 0.9348426907799631
25 9 11 17 58519 0.9710257382785137
5 6 9 0 27560 1.012872943664605
28 9 7 1 69461 1.0461324555140037
7 6 8 23 29284 0.9140642001765038
0 19 15 4 48554 1.052777100411475
3 12 29 16 64842 1.030445197395807
5 21 24 18 44436 0.9461111875059048
17 20 12 10 34132 1.088493319915701
19 16 4 13 49678 1.0885480862555819
11 27 14 1 78918 0.9059924907920623
29 8 19 15 46553 1.0978117713855782
10 1 10 17 23307 0.9881302762163449
10 18 29 28 44190 0.9585296503221207
26 27 3 0 79745 0.9782926691469264
21 23 29 17 21435 1.0316154982683523
6 15 28 6 82633 0.9531354881245628
6 5 10 27 50976 1.0981744105788376
12 20 13 5 39324 0.9303260508313597
16 13 14 25 26212 1.094528884308367
7 3 26 29 64364 0.9485674731088114
23 1 24 20 57269 0.9927493586096678
24 9 12 27 59120 1.0762805925480596
26 3 20 20 42923 1.098619415898737
24 20 15 23 23641 1.0297619930087671
1 20 16 6 57011 1.0715839021178593
25 13 9 14 59525 1.0197027232525384
29 5 17 9 48716 1.0940795419591294
13 13 10 25 39183 0.935608299522174
16 4 24 17 37806 1.0593716306677852
13 29 17 16 31995 0.9766733880478252
1 0 13 12 51734 1.0435118472018052
16 16 25 11 34170 0.9160861519450676
3 17 11 11 29647 0.9252823643918336
15 10 24 1 43313 0.9873840820685459
8 3 1 20 36043 1.0430953053417376
23 18 14 19 21205 0.9979933457146993
17 8 21 27 46440 1.0300079557716515
27 29 20 18 31255 1.0593378921543755
10 27 11 6 59576 0.9335992812284819
2 29 16 25 25221 1.062834006143024
21 17 17 3 33260 1.0155514145720757
27 11 20 5 30405 0.9242931205604431
19 22 26 12 38385 0.9328195473995944
5 11 18 20 34122 1.0545039163697436
18 24 9 0 54637 1.0825376770338289
11 24 10 9 40488 1.000858001733224
18 0 4 2 59220 1.0025144625693143
28 12 13 29 65402 0.9258677744581911
26 28 8 20 45286 1.0465636718896514
23 24 19 15 22534 0.9779647095120519
4 1 16 19 55881 1.0445577007819873
10 23 24 29 34203 0.9963422841828549
7 22 23 15 42111 1.0968379483419397
0 16 15 17 29004 1.030237197268016
28 4 13 0 53794 1.0548916361329326
27 10 28 25 51098 0.9807329164513459
6 10 21 25 47981 1.0322356457499446
24 23 2 15 50799 1.0033144240281477
3 16 7 3 34839 0.9598897501586787
2 13 23 1 71035 0.9497338632413691
25 25 9 2 60308 0.9271381830309156
14 22 15 2 57046 0.9723302852650579
23 13 10 15 43755 1.0433923459654344
19 14 25 10 28226 1.0801812390442718
24 28 7 11 48765 1.0300994157677104
0 12 8 23 36707 1.0620002619233313
22 21 11 23 37390 0.9162550153670822
16 1 27 23 75333 0.9556317503356981
7 23 6 5 32086 0.9744955444401076
6 23 9 8 42472 1.0795619059917956
29 20 20 12 34062 0.97248181409588
3 9 13 4 34447 1.0174335221797157
16 21 10 16 17660 0.9090674329739974
10 15 16 5 33684 1.0013711083302355
16 4 19 15 23742 0.9943738427320059
3 16 25 29 55529 1.0669312694081583
14 18 18 24 24534 1.0365982035172443
15 15 5 5 43214 1.0663096560131389
12 3 24 28 61630 1.0164131186949728
20 27 25 7 57830 0.9509533925205292
19 9 3 15 50018 0.9280809644994091
26 10 24 0 33359 0.9978016357380134
4 11 15 29 45099 1.0620850675757822
7 4 28 0 60476 1.0533644591916533
2 15 8 26 30797 0.9124934320912224
2 25 20 22 31131 1.0201251554947048
29 21 9 19 43400 0.9069435682045571
16 8 11 15 34450 0.971957403929665
13 6 17 24 56539 0.9862466506014073
27 6 3 7 73356 0.9498206239113844
24 22 17 2 49956 1.054177401231902
6 1 18 7 45037 1.0159975696795824
18 15 5 28 46817 1.029644783308332
18 29 21 11 38905 0.9157130577412707
14 3 5 4 22209 1.0405050503711168
8 5 14 22 46799 0.9988952721394015
21 29 11 22 40712 0.9478677078412712
12 17 25 22 47221 0.9259365023207605
23 11 17 18 28987 1.0733996115271123
6 8 14 14 45283 1.0166358929142008
13 0 24 15 66300 1.0068678284433548
9 3 22 15 49440 0.9573031987055902
23 12 12 24 50157 1.0933815048800268
1 18 8 29 40817 1.0232835315984161
7 7 19 17 36885 0.9385525714203111
14 27 13 17 32738 1.06704959871636
15 2 10 9 23505 0.9312954499768961
26 6 13 13 61825 1.0750150228901565
18 12 3 13 48721 0.9861840726986555
26 10 17 17 40362 1.0537180701278752
23 6 25 26 61063 1.0125122665265318
24 18 13 8 54041 1.024062843346727
7 17 25 7 64252 1.0319168759930972
11 6 23 22 54048 0.9153807258597083
1 13 22 14 59120 1.061640278850138
1 25 12 27 23805 0.9434496354618699
27 4 5 12 63805 0.9388286572233993
13 2 23 2 33512 0.9253710811151131
17 15 20 27 31589 0.9092243651036568
9 12 22 25 40215 1.0887246107847244
0 14 18 11 56590 1.0785167344888333
5 4 22 25 56443 0.9231636411638751
11 28 13 13 50886 1.0253668290727238
27 3 4 23 78188 1.0803382698809667
18 11 29 6 50138 0.9236055814745698
29 26 7 11 55211 1.0992370282294859
29 7 1 26 98233 0.9984111307388295
26 29 5 17 52019 1.026175740606446
6 13 27 3 62406 1.0101078089897197
7 14 15 19 18398 1.0896758415380894
3 9 17 16 48314 0.9351655826626571
16 8 4 3 50663 1.0577622788307832
18 2 5 12 47276 1.0148486601779172
18 19 18 3 28376 0.9672465973161134
1 5 9 14 40455 1.0984947446112616
15 9 23 6 44851 1.063242315948149
0 27 22 18 61509 0.9382377951230583
3 15 10 9 31703 1.0177722364159099
19 8 20 20 20327 1.068291031925448
9 14 5 5 32242 0.941827045089227
25 6 7 25 71358 1.065625401094529
5 29 16 26 22212 0.9008663853834836
23 18 22 27 18868 0.9322685450856542
25 10 18 7 33282 0.9325809169644661
25 7 2 25 75640 0.9042966543047374
12 8 8 19 32631 1.0484662872907562
27 4 2 5 62677 0.9173507284539996
16 27 19 17 27016 1.0575075425179818
18 7 25 19 41711 0.9817824623826581
20 22 10 21 27291 0.9254252402848138
23 10 12 3 43471 0.9051611565669533
19 10 12 24 38822 1.0253552685113696
16 26 9 9 44747 1.0329347072090456
20 14 6 23 46179 0.9917470121074298
23 4 21 18 37939 1.02752944405188
19 21 12 24 26730 0.9476922014376582
23 4 1 3 60848 1.0791361845915315
29 14 3 2 87445 0.9663242087549253
13 3 11 14 29607 1.006299536997812
2 1 18 19 46954 0.9331334006369763
1 10 4 1 31682 0.9060784222273753
19 21 26 27 28539 0.9318410632656473
22 13 24 2 36877 0.9199627775409718
3 0 23 3 53121 0.9879027322656182
16 23 7 15 32326 0.9025922458944307
2 17 28 7 84139 1.0725365437638923
0 23 15 0 76415 0.9020896749147297
7 6 9 25 35411 0.957008671528744
17 18 14 4 41439 1.0861916343083438
14 12 17 26 32039 0.9319746877225284
24 25 10 17 31378 0.9106613644665308
9 18 4 10 33866 1.0937311948398678
2 20 4 6 29705 0.9420999510693396
18 18 27 3 45659 1.0152244211800208
9 23 7 9 32201 0.9390990547285576
12 3 25 9 45947 0.9849050147104854
18 20 13 13 30660 1.061591833112689
21 9 17 22 35003 1.097620741899785
19 18 28 26 32897 1.075029582905526
28 7 9 21 79584 1.0828776322400733
19 11 0 1 72062 0.9387219184925704
17 29 10 15 31818 0.9287863963380756
13 27 9 11 44620 1.0855126225659963
7 24 25 29 34665 0.9100770593008627
28 7 6 8 80159 0.9495195965861205
18 15 27 24 41434 0.9754806225408754
22 6 27 23 65644 1.0292399631969986
14 4 16 29 56088 0.9477754780867053
13 18 18 11 29802 1.0192082619916267
0 13 17 14 56893 1.0359309627075521
1 27 0 6 60586 1.0111706823573905
23 1 0 7 71878 0.9356189194343129
23 3 29 12 41977 0.9403740692314602
29 19 5 28 58449 1.0801997328069282
14 0 12 15 50936 0.970077448841745
28 26 17 6 58994 1.0233057384759698
13 16 25 13 55335 1.0208784624296376
14 13 1 29 50701 0.9174910363089082
1 25 14 1 73068 0.9049325455008094
28 21 9 9 63061 0.9796238427148126
19 1 21 27 47244 1.08886371171415
27 5 29 22 74311 1.0377854871843506
7 12 29 10 61446 0.9365014071984279
15 23 22 12 35301 0.9410145138042578
9 3 24 4 34051 0.9619675041839435
24 16 6 24 45678 0.9799555531809421
6 10 20 11 41008 1.0291396489485576
11 17 24 18 41681 1.0280581971076466
11 13 17 3 36627 0.9333445131510041
28 23 16 29 37814 1.075894699485311
6 9 11 24 48404 1.0914543609422245
19 29 18 3 51916 0.923223443612393
23 18 6 11 44512 0.9639772003824127
8 8 9 18 30532 1.025800665860875
2 6 16 15 45243 1.0944328854480305
2 23 4 12 29512 1.0794380306583715
6 29 1 12 44556 0.9220651965894371
24 27 9 10 53728 1.0917317303218315
6 27 23 4 70888 0.9035135025713762
24 29 20 22 19016 0.9470548820327926
21 1 1 28 82601 0.9352848890291178
29 22 15 6 68744 1.0677081446057868
7 26 24 7 65516 0.9285414970016801
26 3 14 23 60149 0.9086341353205886
8 3 26 23 67020 0.9994924258230798
5 12 21 27 50608 1.041055163484369
2 29 23 10 67217 1.0906125871474155
26 12 3 18 60496 1.0800742977145577
20 27 3 11 52047 1.0861698043893102
3 23 11 19 23332 0.9477802654710734
3 1 14 24 59677 0.9376965837851956
6 5 21 9 50064 1.0725276201435339
14 26 8 4 48979 1.0852320204687889
5 21 13 5 43207 1.0084761824774453
12 29 21 20 28258 0.993580062751505
21 0 13 29 62338 1.0166731656243488
16 11 25 7 38935 0.9368093640719592
15 19 27 6 58310 1.0538839552394559
20 11 6 11 35230 0.9545470863478989
23 4 7 2 37014 1.082381281536835
6 29 22 9 59877 1.089752015609105
27 18 12 14 56822 0.9216910737838123
3 3 19 8 48075 1.0540453296364138
15 16 28 12 49448 0.9918872527926892
12 23 22 16 43597 1.050199509102255
8 17 14 26 34258 0.9530921105054937
23 21 13 17 32810 1.0688136973920546
13 19 5 1 49528 0.958386604236031
29 17 25 28 28977 0.9939955312316638
19 2 0 23 69942 0.9317317808827411
19 26 29 3 66988 1.0616224047045337
3 12 9 3 27536 0.9876088161935588
7 3 24 29 61052 0.9645554627616268
18 17 0 11 47231 1.077838344099944
2 4 12 2 33026 0.9520714904427873
4 15 10 1 37506 0.9698581013436947
14 19 21 6 39595 1.0565740417496259
17 20 17 9 30039 0.9227208183315389
22 1 4 3 58707 0.9430483177365345
28 2 12 11 55819 1.079653154370193
19 27 13 8 64144 0.9771757144909595
22 26 9 0 60633 1.083214751311428
29 16 18 27 36967 0.900380721325853
29 0 24 9 45477 0.9131836509054715
5 16 27 10 68050 0.9236160869184963
13 7 20 15 34091 1.0790178001760435
5 23 27 8 77866 0.9140372866101584
14 20 0 19 28626 0.9976163237264584
12 20 7 10 25147 1.0675887879026775
15 16 19 24 18593 0.9744969432590833
24 8 11 1 54320 1.0425397976650026
4 0 21 22 66435 1.0387290779717768
2 13 17 0 56952 0.9969887456291116
19 3 29 11 37766 1.0697771230721151
9 5 23 0 47710 1.0410371389882345
22 2 2 22 64964 0.9965648203864474
13 13 13 23 45148 0.9718245460913277
26 11 18 17 34134 0.9582044533371448
5 7 22 5 49441 0.9213724549602896
24 3 21 25 50655 0.9988435351842748
21 28 13 13 46588 0.9564799025681212
2 26 23 1 83385 1.0577616427078451
6 9 25 15 62790 1.0389688814128255
6 13 17 3 41406 0.9205647117856234
15 12 12 1 45217 0.9698906722821116
6 3 2 14 28871 1.0439498607618067
16 1 5 22 57455 0.9505631559635923
16 16 5 29 39336 1.040279074358563
3 0 0 20 38519 1.0779149563401647
25 28 15 12 39436 0.9363411561130125
4 16 13 19 26660 1.0687437251064935
21 14 7 6 47431 0.9030211647526707
2 15 20 26 42419 0.9403926059310739
8 1 12 28 67985 1.0718705958885453
20 13 24 29 34635 1.0046964000978365
7 20 18 23 27460 0.969934335094914
16 10 21 17 27219 0.9086413537786535
18 21 10 11 28100 1.0810694474094937
11 7 1 18 39643 1.012533115802476
26 0 29 24 79567 1.0966829559218505
9 2 24 24 61842 1.0089353872936406
8 18 21 11 38488 0.944843729630869
25 22 14 5 63745 0.9812875783849015
27 12 12 27 66847 0.9117795173912585
21 7 7 3 41396 0.9462779632687485
9 6 25 21 57443 1.0779649590687959
16 9 15 27 36656 1.0086882147878211
28 7 26 19 59883 0.9765319347418424
17 22 6 11 37180 1.0964307075309867
12 14 4 9 44063 1.0103777534753513
26 29 11 17 48681 0.9435629613675561
23 0 6 25 74858 1.0228561136503278
24 28 2 15 50795 0.945136879033062
24 5 7 9 49029 0.9271752153686483
2 19 18 16 34363 1.015390704435474
16 13 23 27 38845 1.0148520252985898
10 12 19 9 27307 0.9835974675238472
24 11 1 19 51603 1.0256553963643908
2 15 1 24 25357 1.0549804386463175
24 3 6 9 51567 1.070561028919675
11 16 9 1 36347 1.007073654064378
15 10 22 28 48236 0.9587924816228666
20 18 18 6 31023 1.0530675303305568
16 3 23 24 47278 0.9744671529114963
5 23 2 10 26788 0.9665254247130659
12 8 23 21 54749 0.9239567280653959
4 11 5 27 39957 1.0771094070835987
2 12 1 29 39054 1.0078778665485157
1 8 24 19 62565 0.9247293363999274
18 1 27 5 33406 1.0960423317979024
18 17 10 10 29857 0.9561202974700949
11 5 26 25 55218 1.0217439612181902
19 28 1 22 50917 1.0488696369866848
17 16 3 9 48314 1.0440620401375074
1 1 29 18 83930 0.9456614416156268
8 1 26 8 62159 0.9242439939332714
16 27 14 12 34180 1.0114080928723934
3 2 23 10 69360 1.0544311893343972
27 3 2 28 88083 0.9375580121941843
24 17 22 6 33680 0.9262988773297649
26 29 1 1 81994 1.0602764351950136
21 14 9 22 43386 0.9528136997931406
6 3 20 15 49148 0.9652365750293538
13 2 9 29 66999 0.9478021610343623
25 28 6 0 70053 1.0217213343109528
20 26 28 24 19700 1.0298472742451024
24 29 29 5 74786 0.9089397331662643
6 27 13 15 45004 1.084083923297959
8 12 12 4 24959 0.9136730219121267
12 29 28 14 59295 1.0760613391655014
0 25 13 16 46442 1.039608910088171
29 2 18 23 64585 1.0223149331870602
1 9 9 26 49686 1.0570227438022466
21 13 18 0 31413 0.9364931063087913
17 28 10 16 34168 0.9279296735693562
11 14 27 18 54697 0.9768332450051652
0 21 15 26 37391 0.927722502149661
6 10 22 18 51323 1.0777966715372687
11 6 16 25 45187 1.0161725023064545
24 6 1 20 70483 1.0459717656847216
28 25 22 4 54816 1.0589540776070283
1 15 13 26 44996 1.0477872619749902
14 18 23 19 26809 1.0383631524142154
4 4 25 2 53130 1.0331906706491685
2 17 16 26 36524 0.9949321710565566
5 10 20 12 42388 1.0432436417573725
26 25 16 11 41604 0.9073715782561638
3 25 3 8 33305 0.9743652726415584
27 12 18 6 41567 1.0009266678517856
21 9 6 21 46613 0.9459758178949966
13 17 9 9 38462 0.9213590811671145
1 28 12 4 74211 0.9278721077352379
28 9 22 28 62116 0.9810251431036849
26 3 15 19 45513 0.9384014347059574
4 18 24 14 54668 1.0479919495815468
12 2 21 4 26486 0.9913437168390709
8 20 29 26 48083 0.9070172183374147
4 4 2 17 22751 0.9180955827814554
29 16 15 23 37872 1.085118466175564
18 8 21 26 40418 0.9950975414285852
7 7 0 17 34281 1.0379960374094537
4 0 0 18 42993 1.0534980530030178
24 24 23 13 28023 0.9418229765492256
8 1 10 20 37611 0.9751940617552519
17 2 10 13 33002 1.0291273019411769
1 0 4 16 37298 0.9062867136165759
16 20 7 16 19621 1.0048098969584311
23 4 4 22 65814 1.0489120427598124
19 29 7 0 59350 1.0076616230546775
24 28 12 17 42598 0.9183976083283293
20 4 17 18 32368 1.097384769337496
21 15 11 19 25047 1.0896361842261935
17 26 2 16 38835 1.0915056100266567
3 22 25 23 51413 0.9645036560251783
23 21 17 10 32137 1.091830922932532
6 23 14 11 41844 0.9274095666852231
14 0 16 15 54836 0.9982672273224057
22 26 11 0 61310 1.0659795312222284
19 4 9 18 43695 1.0167024343740492
25 0 6 6 59782 0.9629511192730706
25 18 24 29 30025 1.0933385600874808
29 25 22 15 27417 0.900517733426342
1 6 13 24 59238 1.0265066275741197
9 19 2 14 16450 0.9943806273938836
21 17 20 2 33099 0.9666808352319016
4 27 1 10 46556 1.0963646917348864
11 8 20 15 45047 1.053226649912444
25 21 12 22 42410 1.0854368698849028
16 16 12 10 29166 0.9221076496042157
5 3 14 4 26973 1.0817608635571618
9 0 7 24 48017 1.0629798127864714
15 12 1 23 44108 0.981230864248033
8 3 17 9 37951 0.9227122971642675
13 1 21 20 56377 1.0556259625037265
12 2 28 3 39302 0.9243296685387635
8 19 17 24 26552 0.9662291255041666
16 6 12 26 52096 0.9335212605428834
14 15 22 17 28249 0.9267142189289495
12 24 27 6 77263 0.9331021664650272
22 24 3 4 62957 1.022037764034556
7 18 20 5 44808 0.9502530167677493
21 20 4 17 40625 0.9771912147172641
8 22 28 15 58863 1.0251879755306426
5 12 27 5 69000 0.901969012229242
28 13 5 16 75396 1.0331101901862096
14 26 12 15 31815 1.030705284927908
5 16 28 29 58025 0.9683866966842818
15 29 1 12 47627 1.0256286776030867
24 24 4 8 68864 1.0262123158835774
2 1 8 21 35808 1.0547836622469162
10 29 0 7 57511 0.9953959909435386
10 12 23 23 38295 0.9233021405130176
10 2 22 23 55729 0.9222253327119346
14 13 28 19 50134 0.9209448530770584
10 23 23 24 27837 1.0510994880158167
2 27 5 11 44602 1.0022936505618871
17 16 26 6 49316 1.0461751043279754
21 8 3 11 53850 1.0142861607594222
18 8 1 5 60599 1.0185353522919844
7 3 19 10 36164 1.0522710273787395
18 23 14 15 23420 0.9396678285639756
13 26 4 0 67872 0.9075137205102424
21 22 6 26 31436 1.0874734182199277
25 4 5 11 56280 0.9878823945259845
23 4 12 20 49293 1.0340754296012533
25 23 15 5 64464 0.9971891768877285
2 15 10 18 18001 1.0152436061706867
27 2 14 6 48046 0.9377159586414338
18 1 14 27 57153 1.0951405649076427
28 18 7 13 52578 0.9038049044333837
3 0 13 8 46066 0.9701281482885641
10 7 21 7 40049 0.9662155251680269
12 23 8 6 52033 0.9320833184429883
13 18 7 11 24972 0.9542646416271304
2 5 28 6 80096 1.0624607333607532
28 23 20 27 28118 0.9941408178373032
11 8 29 4 57629 0.9580438644684225
17 18 27 23 44787 1.0183845082025722
0 0 2 10 22205 1.0669657400120078
6 5 16 7 33611 0.9866852938553934
29 4 16 6 35995 0.9764443722733411
24 19 5 18 38960 1.009149974091027
11 16 21 8 49594 1.0826926342570538
11 8 0 4 42481 1.0116937778538586
10 24 26 4 65785 0.9881931678867287
8 7 23 29 57140 0.9831367171159525
15 0 4 11 48690 0.9146101381844158
7 25 21 25 18657 1.0620761194039747
17 24 2 21 36552 1.0857573280907589
4 27 23 12 65063 0.9225705853157793
19 16 3 18 31316 1.0110051119318395
3 14 17 4 52409 0.9076100045616582
17 24 25 1 64509 1.0546511938297125
0 21 29 7 91782 1.0768534697296495
1 8 26 12 75875 0.9118016692174388
13 21 9 9 38184 1.09930197759625
19 18 14 26 22535 0.9873358495622218
14 16 28 28 44487 1.0229539547123945
18 11 5 28 51824 1.0030762234349666
27 1 13 26 74222 0.9849728480051207
8 3 29 5 55819 1.052132664444555
4 29 20 24 30084 1.0601527352603757
22 12 0 19 51376 0.9898650383594159
3 5 23 7 66156 0.9441088052379422
14 10 1 19 42578 1.0978431721918094
28 4 22 25 60647 0.90159765551514
11 13 22 10 43668 0.9690388176796974
2 16 10 22 26357 0.9308914900093437
13 21 19 5 37469 1.0922382718745336
3 26 5 2 60894 1.0590001843068706
26 17 24 0 49814 0.9625509134468722
1 11 17 3 46267 0.9114943838113307
22 15 4 16 51971 1.0303974758600136
2 18 22 13 49079 0.9846904041703931
8 17 29 6 85242 0.9245549531981455
5 4 13 11 30448 0.951095821115252
15 21 26 2 51785 0.9163394592234472
9 6 6 25 46203 0.9746757306375832
27 10 5 0 76502 1.0991744548765259
20 10 1 11 49149 1.0172269624002392
10 20 22 2 51151 1.0906234481153358
27 5 11 9 59711 1.0535360507893454
0 13 19 16 51780 0.9801902977419064
29 8 1 27 99560 1.0141525385750465
18 20 16 5 35767 1.045555369160669
29 26 20 13 39863 0.9938094135109785
2 20 21 18 36274 1.0694209968891153
24 20 8 21 36258 0.9018856914869394
26 8 0 8 87940 1.095837392516003
24 17 11 8 53344 1.0326482200137908
11 8 15 24 39480 1.0536326114987762
10 25 11 7 43473 1.0326243920685578
17 1 4 9 53503 0.9217613670138016
0 20 18 14 47947 1.0557931256541306
0 2 8 17 55449 0.9564716415001183
9 14 4 22 33004 0.9270468968656831
6 16 10 22 25539 1.0010807279335237
15 19 20 14 17989 1.0777595724555442
17 4 21 14 26074 0.9689794751444949
24 27 13 19 30582 0.9507175893459368
24 10 20 16 23373 0.918522151949218
21 4 28 16 46338 1.0129962894914786
27 28 18 4 55151 1.0860811900819167
20 16 11 6 49113 1.0194987653553778
12 28 2 11 52324 1.0941764179268485
11 20 17 10 36583 0.9554882639491212
28 1 6 12 71600 1.0706949575749067
5 26 3 1 48923 0.9440907596588481
18 11 1 12 44890 1.012987412738059
8 11 0 29 50020 0.9408221687786633
3 27 16 14 43067 0.9994531818530393
10 10 0 4 36132 1.0313000212976482
4 24 7 16 24760 0.985185102782998
12 8 3 14 43619 1.0923956498174945
21 3 26 13 42235 1.0924033347371704
8 25 29 23 38152 1.0522948727075816
8 23 1 6 43396 0.9090447335310035
7 21 26 11 50229 1.0078656906455035
16 2 10 16 35315 0.9690486226882767
6 25 10 11 35476 1.0866420327073094
21 2 29 29 66019 0.9442826301677727
3 12 14 2 44326 1.0695028700084002
20 28 27 13 50213 0.9785265652520937
18 13 10 3 41743 0.9170375901545772
12 5 7 24 45769 1.0307877630643518
20 20 20 5 28477 0.9072212961885219
10 18 14 26 23511 0.9262409958270592
17 22 28 2 62815 1.006403117930143
18 13 29 14 45791 1.00627528861492
19 10 25 17 22934 1.0429313536952327
8 12 21 8 46368 1.0545356912991086
21 10 2 14 50708 1.0485295698450154
28 14 11 7 71274 0.9919038961222635
16 5 5 13 45780 1.0566744306572682
3 3 21 18 58686 0.9563825644747928
21 18 20 28 21592 1.0284530020065603
6 19 27 20 38421 0.9634823177013099
13 9 2 11 39887 1.0106605926864796
0 3 26 12 86090 0.955328910070571
8 29 16 20 25223 1.0119062605934084
10 26 28 18 47706 1.0530020441963233
26 16 15 5 49867 1.049133902287598
12 5 16 13 37009 1.031964078155728
6 12 10 4 23109 0.9117350312464497
17 7 24 16 35258 1.0868528846016303
12 19 3 22 21902 0.9795885161852542
15 10 21 22 36525 0.9500930447576683
19 12 18 0 24176 0.959461735122117
29 29 28 13 60276 1.049492148331975
23 10 2 15 58676 0.9418145199775891
25 10 8 13 60545 0.9088140494927863
0 10 1 0 32955 1.0451358377614532
22 3 16 7 21458 0.9120373397630946
17 12 18 21 26563 1.0774805502260383
16 29 21 7 52846 1.067922021592597
13 12 9 21 33879 1.0919611364887862
14 9 22 23 56869 1.033088679018346
21 15 6 8 53614 1.0926743972374138
0 1 29 5 95136 0.9530240975173287
17 2 2 1 44688 1.0742563530618183
27 0 11 11 61752 0.9783229776343205
8 28 15 5 66602 1.071533903610403
24 3 2 29 74171 0.9589153554236759
20 28 18 5 46418 0.9413623647448583
9 0 19 13 43224 0.9382586210440044
26 24 1 17 57204 0.9772648826398129
13 13 7 0 41929 1.0217857485892479
28 28 23 17 26661 0.988883369077099
19 10 2 2 55169 0.9890795530621099
1 19 9 17 21446 1.0754386225766481
17 15 28 8 52667 1.0101833876491928
13 27 6 14 48225 1.0755274142342408
18 28 11 20 33124 1.069329462858101
17 22 28 8 64869 1.0987552633955209
17 24 2 23 32507 1.066334916168851
29 23 29 1 95688 0.9088607009123729
23 9 8 14 59660 0.9584910876346608
22 20 13 3 45166 1.088782555063157
9 21 27 20 41941 1.026327107677831
18 0 26 13 48530 0.9169426479594388
15 19 10 8 23513 1.0091814891997237
21 14 19 1 26754 0.9494671705063977
18 29 4 27 29769 0.9342119261349728
7 12 23 11 41449 0.9672940024976378
4 2 12 20 54041 1.0368041602432656
24 11 8 26 51655 1.0090576490583743
24 16 15 27 31136 1.0481933361495825
11 26 17 5 55623 0.9246415549871858
18 10 22 24 39845 0.9621453496381198
6 5 25 7 59737 1.0106663852875644
20 5 26 26 50473 1.0389040911933323
12 14 0 28 65765 0.9197961328033212
26 12 13 2 53669 0.9548699496930159
18 26 4 6 60130 0.9627012299386581
9 8 26 28 62123 0.9601046665650845
20 18 16 8 32775 0.9319741726066503
12 3 0 20 48870 1.0190066616238596
