5853 5767 5846 5870 5577 5555 5691 5689 6139 5461 5438 5719 5944 5890 5836 5282 6028 5901 5640 5691 2577 2599 2695 2497 2169 2630 2656 2419 2165
1846 1721 1335 2203 1694 1521 1589 1941 1891 2098 1551 1972 1695 1472 1818 1648 1425 1850 2184 2041 1470 2065 1776 2204 1573 1489 2466 2688 2061
5503 4905 5509 5303 5025 4869 5125 5516 4917 5332 4996 5425 3949 4425 4411 4394 4070 3865 3935 4046 4247 4048 4587 4064 4522 3788 3801 4375 4315
4244 3625 4255 3843 3776 3883 3550 3587 3956 4244 4070 4171 4308 4343 3632 3804 3975 3998 3556 4035 3696 4298 3652 4331 4390 3811 3952 6194 6122
6492 6600 6469 6959 6951 6343 6776 6411 6710 6746 6289 6316 6498 6586 6544 4935 4809 4698 4814 4348 4363 4802 4903 4884 4767 4299 4183 4604 4361
1559 1994 1383 1532 1585 2088 1893 1552 1215 1594 1676 1923 1440 1463 1402 1192 1368 1489 1509 1467 1633 1265 1390 1151 1184 1082 1384 1550 1563
5391 5813 6027 5739 6403 6316 6507 6097 6024 5983 6033 6065 5916 6115 6107 5809 6265 6512 6512 6126 6345 6140 5934 6386 6053 6321 6206 5837 6410
7155 7634 7979 7725 7951 7181 7816 8023 7980 7839 7665 7530 7535 7909 7770 7463 7451 7421 7652 7848 7625 7998 8008 7851 3368 4023 3796 3475 4132
3556 3228 3928 3190 3438 3169 3602 3862 3537 3864 3211 3553 3494 3227 3849 3378 3896 3591 3260 5149 4845 4804 4327 5093 5077 4570 4830 4423 4440
7012 7595 7124 7073 7428 7084 7567 7123 7564 7592 6774 6926 7430 7215 7380 7436 6841 7520 6761 7601 6864 6901 7071 7060 6823 7475 6973 6792 2918
8286 5910 6132 6375 6068 6098 6124 6359 6355 6040 6247 6483 6254 5872 6582 6128 5950 6036 6092 6182 6285 6465 6044 6530 6205 6237 6626 6029 6376
2821 2862 2150 2460 2612 2111 2223 2771 2529 2630 2735 8160 8548 8757 8425 8994 8458 8690 8735 8340 8551 8871 8399 8314 8366 8790 8765 8931 8227
7377 7676 7474 7259 7971 7548 7289 8032 7422 7440 7292 7821 7669 7941 7874 7798 7796 8023 7266 7189 7007 6706 7485 7126 7343 7403 7315 7282 6689
4943 4746 4692 5090 5098 4570 5141 4759 4870 4781 4645 5222 7696 7474 7027 7710 7149 7712 7416 7193 7642 7115 7100 7119 7108 7577 7753 7251 6908
4959 4726 4998 4519 4288 5003 4555 4739 4463 4401 3895 4373 4123 4158 3671 4230 4227 4474 4102 4233 4067 4013 3960 4165 4542 4121 4364 3817 3818
3814 3532 3561 3869 3393 3375 3805 3950 3643 3876 3271 3515 3237 3389 3198 4032 3616 2004 2404 2582 2017 2611 2560 2109 2556 2214 1864 2286 1923
4519 4785 4800 4847 4499 4643 4899 4997 4290 5136 4946 4389 4815 4681 4735 4986 4983 4641 4605 5088 4673 4946 5010 4949 5005 4450 4948 4798 6669
5776 5805 5818 5816 6058 6604 6505 6116 6448 6327 6571 6359 6555 6282 6287 6253 6326 5757 5944 6113 2933 3225 3522 3004 3425 3005 3094 3368 3154
8053 8319 7847 8064 8009 7908 7844 8511 8174 8394 7882 8013 7941 8514 8614 8121 8439 8554 7901 8242 8477 8321 8403 8473 8642 8388 8031 8128 8444
6747 6739 6405 6382 6815 6828 6345 6114 6363 6359 5041 5329 5360 5557 5517 5267 5729 5796 5140 5103 5798 5719 5580 5176 5461 5725 5668 5533 5312
3340 3110 3560 3202 3243 3127 3492 3680 3473 3034 3066 3669 3261 3387 3693 3204 3265 3489 6553 6831 6734 6698 6596 6526 7018 6493 6381 6766 6231
8078 8316 6516 6084 6677 6658 6778 6199 6677 6706 6216 6835 6231 6588 6125 6916 6419 6855 6772 6423 6321 6247 6238 6447 6137 6492 6594 6080 6478
3612 4106 4211 4065 4021 3929 3781 3868 3793 3915 3727 4138 3457 4064 3604 3540 4207 3586 4067 4335 4009 4395 4299 4745 4104 4035 4688 4409 4509
7858 7883 7954 8331 7813 8252 7749 8319 8492 8175 7974 8053 8068 7801 8155 8127 8122 8387 7796 8318 8449 8561 5572 6025 6339 5603 5765 6012 5585
1900 1902 1945 1813 1327 1520 1958 1883 1548 1388 1321 1642 1280 1717 1469 1909 5780 5580 5896 5755 5631 5650 6089 6288 5475 5839 5967 6274 5819
5442 5534 6120 4006 3871 3510 3629 3981 3608 3620 4027 3709 3845 4287 3578 4108 3875 3768 3937 3525 4100 4010 4041 3988 4181 4224 4233 3877 3649
4752 4290 4522 4110 3998 4238 4418 4787 4601 4583 4380 3978 4815 4006 4503 7023 6707 6324 6770 6277 7013 6431 7042 6538 6782 6549 6812 6408 6893
3412 3740 3396 2959 3608 3373 3570 3042 3522 3316 3824 3694 3568 3277 3544 3179 3661 3072 3669 3682 3265 7359 7068 7175 7490 7438 6995 7372 7236
8216 7584 7910 7943 7515 7837 8032 7757 8169 8062 8299 7716 8233 7962 8348 8122 8037 7657 7715 7835 6656 6661 5962 6661 6084 6078 6270 6103 6394
8233 8164 7880 8164 7884 7920 8044 8148 8541 8119 8259 8501 8374 8174 8127 8604 8235 8292 8571 7792 8011 7942 8466 8281 7791 7782 7735 7394 7657
5202 2827 7810 7049 7051 2432 8150 4483 4728 5712 6273 7297 6320 6308 6744 3353 7599 7277 5204 6973 1889 6175 2101 8707 4935 6465 5939 6146 6232 3704
5156 2874 8023 7223 7149 2270 8281 4042 4722 5740 6261 7144 5924 6226 6982 2879 7913 7640 5049 6950 1870 6345 1903 8179 4678 4124 5760 5468 6010 3436
5550 2713 8238 6656 7213 2264 7880 4044 2698 5500 6954 7505 5826 6278 6248 3139 8011 7700 4722 7291 1760 6337 1977 8303 4591 4540 5896 5564 6366 3733
5828 3221 8151 6966 7648 2763 7679 4672 2788 5970 6473 6865 6353 5974 6837 2807 8407 7080 4910 6684 1688 6417 2200 8429 4682 4423 5362 5455 4457 4068
5482 2798 8446 6613 7612 2668 7827 4343 2910 6225 6724 7100 5740 6407 6345 2668 7797 7598 4786 7271 1582 6646 6583 8082 4869 3793 5773 5597 4513 3476
5578 3268 8004 8235 6939 2620 7805 4218 2911 4810 6995 7697 5409 6544 6844 3165 8382 7730 4485 6781 1664 6800 6638 8813 4771 4643 5312 5491 4095 4298
5474 2978 7833 8019 7369 1989 1990 4205 2627 4654 6414 6905 6027 6493 6965 3472 8334 7140 4892 6655 1561 6457 6262 8784 4932 4412 5382 5477 4544 4012
5159 3530 7928 8591 7016 2363 1346 3938 2885 4663 7008 7209 6062 4102 6893 2785 8324 7705 5295 7164 1736 6927 6164 8063 4542 3796 5645 5539 4164 4207
5999 3819 8383 8431 7342 2250 1579 3894 3172 4800 6816 6993 5998 4124 6210 3006 8348 7534 4881 3648 1539 6299 6273 8071 4346 4130 5839 5448 4015 3632
5341 3308 8123 7847 7591 2515 1819 4434 3003 4295 7033 4654 5931 4404 4491 3531 8177 7177 5235 3438 1694 7006 6557 8509 4990 4460 5953 5824 4346 1545
5421 3192 7722 8386 6919 2281 2019 4515 3212 4410 6739 5116 5957 3731 4592 2978 7923 7809 4914 2876 1920 6783 6003 8309 4700 3879 5320 5867 3998 1951
5222 3494 7805 7899 7122 2067 2006 4372 2525 4356 6443 4553 5950 4580 4649 3482 7997 7356 5266 3094 1379 6417 5957 8635 4645 4323 5811 5632 4154 1896
5753 3709 8030 8205 7002 2678 1381 4560 2856 4109 6764 5142 5967 4568 5020 3230 7678 7472 4854 3351 1293 6675 6591 8805 4193 3889 5147 5378 4475 2378
5978 3834 8493 8234 7568 2516 1492 3098 2505 4684 6893 4569 5572 4100 5167 3036 7996 7292 4888 3611 1716 6650 6609 8519 4927 4599 5126 5860 4574 2335
5543 3514 7741 7985 6571 2439 1425 2714 2557 4262 6766 5140 5718 4166 4390 2667 8399 7618 4825 3661 1357 6753 5810 8654 4895 4144 5334 5722 4203 1945
5656 3642 7805 7893 6916 2112 2055 3025 3259 4507 6979 4853 5634 3810 4404 2833 8105 6996 4763 3296 2066 6398 5860 8118 4726 4656 4850 6206 4716 2057
5986 3183 8539 8106 6990 2715 1469 2819 2790 4284 6659 4625 6162 4172 4917 3483 8106 7774 4851 2889 2078 6821 6439 8310 4759 4138 5118 5519 3992 1968
5445 3261 8285 7853 7173 2747 1610 2448 3099 4878 7025 5308 5570 3782 4704 2821 7652 7706 4490 3013 2104 6552 6153 8079 4140 4528 5093 6199 4665 1551
5370 3913 8481 8060 6890 4076 1432 2781 2778 4534 7708 5197 6002 3795 4369 3514 7587 7452 2896 3271 1269 6608 6242 8747 4728 4651 4820 5527 4070 2188
5887 3532 8191 8069 7022 3914 1461 3118 2715 4838 7431 4591 5919 3713 4452 3068 8036 7427 2888 3319 1377 6276 6631 8872 4150 4612 5357 5912 4356 1998
5660 3309 7690 8418 7325 4055 1415 2788 3196 4269 7762 5363 5872 4582 4747 2874 8126 7410 2435 3461 1648 6665 6153 8691 7245 3902 4859 6243 4431 1587
5242 3909 8386 8597 7045 3778 1440 2933 2674 4197 7667 4580 5596 4390 4473 2565 8155 7761 2939 2962 1329 6861 6308 8574 6985 3866 4940 6170 4333 1959
5530 3486 8009 8253 7234 4438 1503 2531 2659 4195 7975 4574 5524 3995 4978 3131 7590 7753 3179 2900 1880 6237 6087 3841 6710 4555 4953 5724 4429 2387
4807 3278 8362 8235 7221 3780 1447 2806 2676 4640 8165 4620 6034 4547 4715 3023 8017 7471 3098 2872 1374 6343 6250 4358 7379 3823 5007 5758 4613 1821
5398 3610 8072 7911 6779 4396 1693 2802 2976 4194 7375 4977 6062 3927 4877 2811 3045 8259 2565 3607 1701 7015 6099 4501 7273 3852 5137 5465 4257 1716
5022 3134 8181 8144 6603 4450 1494 2685 2636 4745 7587 4511 5716 4201 4772 2405 3436 8576 2887 3215 4288 6768 6212 4237 6627 3925 4853 5640 4344 2324
5213 3358 8083 7984 6922 4192 1465 3025 3074 4630 8034 4808 5770 3807 4820 2863 3662 8672 2748 3282 4314 6558 6563 4283 6904 4195 5243 6120 4697 2363
5257 3895 3922 8491 6931 3780 1941 2833 2812 4290 7851 5105 5683 4382 4893 3119 3065 8319 3257 2963 4496 6196 6507 4509 7157 4263 4996 6249 4807 1754
5432 3551 4080 8634 7147 3757 1970 2595 2887 4102 7710 4981 5400 4207 4978 2660 3490 8147 2452 3342 4334 2845 6642 3932 7298 4313 5005 2451 4548 2385
16 14 9 27 64106 1.0269418997553168
2 27 16 22 51758 0.9647651419928627
6 19 20 5 60513 0.9494092108440315
18 2 23 22 89106 1.063404248672988
4 17 17 12 62634 0.9578336568641094
3 27 26 20 57114 0.9531720027413934
14 27 2 20 42542 0.9657041236286066
2 24 21 11 84682 1.0560113607718744
10 15 29 9 73483 1.0445647304457077
19 2 7 18 79796 0.9331293077620413
16 3 2 13 65625 0.9251969517761994
7 1 20 8 47403 0.9976404916914788
17 26 9 20 32617 0.9612932897971119
0 23 23 5 78408 0.9481244139455056
24 3 3 19 69842 1.0927456695553703
21 12 5 22 65327 1.0505414447826655
20 3 4 11 55491 1.0102845303417312
27 0 8 25 99372 0.9169904240010723
29 18 9 17 66064 1.0695438989943735
1 3 14 8 42300 0.996643057756322
20 27 1 20 65658 0.9821347982329494
21 12 17 24 55359 1.0665252927951072
3 20 20 4 61712 1.0150049424182268
3 26 17 0 92595 1.0356956433377134
18 17 0 17 63755 1.0179013273727744
9 8 3 1 29641 1.0235035291356296
27 6 8 7 33807 0.9884394317192433
0 2 28 12 90004 1.0365991007045512
26 21 13 11 65380 1.0009907778834954
22 12 10 1 55795 0.9320550908106724
5 3 23 22 68609 0.9654204438964293
19 27 25 18 54078 1.0041383550828502
3 12 19 6 51374 1.0752809391675315
1 29 15 3 78943 1.04768762943174
13 16 3 16 42638 0.9083494555523057
7 14 25 8 67613 0.9573716569918718
1 12 9 25 44637 0.982082624961532
10 29 19 0 107437 1.082195592649433
23 20 26 5 44765 0.9395726518599297
29 14 8 26 92864 0.9580680992320624
7 23 3 16 38189 0.9789173691273589
24 5 27 28 77480 0.9714154544945003
10 18 3 11 47686 1.0825081401432979
18 0 26 23 87297 0.9200627224907398
1 3 8 17 46804 0.9891270851008932
23 5 12 18 71037 0.9580572701634185
5 12 19 27 65267 0.9187385200276625
5 7 2 23 36215 1.0377740278871719
15 26 8 23 38941 0.9192245052868824
13 6 18 24 70407 1.0355668338156931
0 26 14 1 80937 1.057719993734558
21 25 19 1 90217 0.9851995358440071
20 22 2 20 43215 1.0458726824928735
2 20 10 14 34596 0.9084858243981638
22 22 23 9 46875 0.9444176713070189
19 0 14 14 66572 1.081091209223324
24 11 13 0 51951 0.9597772817723311
13 0 4 6 45259 1.0457362426828247
20 14 1 15 62257 1.0805274027195557
11 23 18 11 74329 0.9308929531971897
16 19 6 5 47628 1.0064382060826385
12 2 24 19 70645 1.0673221397865607
16 4 14 23 69905 1.0286748292417762
14 3 8 7 27198 0.9804480350794572
8 1 14 14 60663 1.021670119114295
27 4 28 16 40162 0.9169484037863044
23 22 12 13 60164 1.0514703816671238
11 22 25 0 90063 0.9903685999026659
4 4 28 19 78138 0.9527463330668906
4 17 23 0 76224 1.099947795810862
28 22 1 29 82101 0.9875844432620919
4 20 19 14 50247 0.9062858144123336
3 24 7 16 36115 0.9690402419748865
3 4 29 25 102179 1.0134181872911017
2 28 23 28 65071 0.9537580803720299
3 22 1 6 32590 0.9056477687358107
17 22 24 10 46328 0.9983773028121226
15 0 18 14 64255 1.0609102471721583
18 14 0 21 59052 1.024158568725412
2 21 23 17 56748 1.072045297326026
27 29 11 10 94175 0.9480515351311165
18 12 14 23 54327 1.0027370062245156
28 20 1 14 63649 0.9476373962724158
12 8 28 23 87100 1.0982481142248242
1 3 21 7 50031 1.0146841666184818
22 27 28 16 58125 1.0607512608784861
10 19 16 28 36780 0.9117474740863726
17 28 3 14 58916 0.9692964259298299
7 3 2 9 38217 0.9862720272146854
8 7 10 26 64324 0.9904024735646371
3 13 29 25 90176 1.017433194221661
16 21 12 11 49567 0.9009428870260735
26 22 14 1 83663 1.0843499260021459
29 3 26 15 51032 0.9883542362975271
9 5 6 28 47227 0.9106799180248194
25 19 18 27 44614 0.9426948488321103
22 27 8 10 89652 1.0293338687286115
14 23 10 13 55510 0.9863794769505014
0 21 16 23 42531 1.0687094641617767
16 6 0 6 41869 0.9752891889720273
12 26 24 2 87370 0.9924733919861276
20 1 13 28 97785 1.051743613884577
0 20 13 26 49175 0.9883656874455848
7 9 22 20 53717 0.9815352933179861
15 26 15 3 71226 0.952832565097219
9 18 18 13 56027 1.0024583872999353
20 19 6 21 36265 1.0962563671588934
15 11 29 14 62145 1.0016252863037132
6 28 10 13 46785 0.9350083812726265
9 27 28 14 90172 0.9808997144836398
3 1 12 25 72050 0.9850904785547985
27 22 11 25 64860 0.9078463897696241
29 1 20 12 52274 0.9003068653845127
20 13 11 24 65394 1.0191020786542233
20 24 25 13 61564 0.9908172801982392
17 29 6 10 61948 0.9274316770608222
19 28 23 16 65823 1.0808775345190615
0 29 2 13 40160 0.9138063359402222
15 8 21 3 33772 1.0708781345366845
26 22 27 8 53432 0.9749695955417599
8 7 14 15 47860 0.9153403996029632
22 1 27 14 41100 0.9847259030936178
20 1 13 28 97785 1.0995670476157995
10 9 13 2 33669 1.0457985496649722
3 26 17 17 54866 1.0622467288224704
26 27 28 0 95960 0.9637557111169889
21 17 14 11 48077 1.0701705864486681
28 9 8 23 88435 0.9074571514543956
2 14 22 19 52115 1.032401045266234
16 5 4 7 34154 1.0807931422671244
27 25 5 4 85981 1.0941172573090965
25 13 20 22 48442 0.9693189282278843
14 11 6 15 41845 1.030325658823585
28 2 9 10 65866 1.0494417548572035
7 15 27 24 74193 0.9772436410993967
5 24 22 6 60366 1.0502757119311055
2 9 1 21 26964 1.058966028945337
25 23 5 13 54726 1.0105354371114965
14 20 15 2 62077 0.9153219465550678
26 10 10 23 83320 1.0440208538819193
16 20 4 13 34222 0.9949673497668655
5 9 3 18 23243 1.090126299746396
16 24 18 0 96321 0.9191319020990836
15 6 0 21 55411 0.9542239756876497
18 11 27 17 49952 1.06946932203943
16 13 27 16 45153 0.9813042607421277
29 10 11 20 78008 0.9626479775870451
15 28 17 1 89294 1.0796586546128468
8 4 2 21 42958 0.9773757009419296
1 21 25 19 44580 0.9754149983515588
14 13 13 0 58476 0.9228488908100841
26 21 9 24 62007 1.0734233291355715
28 17 1 16 71096 0.9342622950470485
19 14 3 21 55631 0.9324518938087156
5 10 20 16 58179 0.9259220133293512
11 12 26 7 48629 0.9445710084515813
24 18 15 1 59037 0.9632065760895449
5 25 21 23 51830 0.9497390568273695
23 22 0 29 70617 1.0980761806852068
26 15 6 25 65569 0.9845342974881186
13 1 5 21 56209 0.9115324358407884
11 14 20 6 52684 0.930645306671758
18 16 10 11 55117 1.0398983044292565
12 24 1 5 71601 1.0750565915952701
12 27 1 18 58362 1.0249175587500918
1 25 10 5 50996 1.0975005020086996
18 7 14 23 64406 0.9475333622460129
23 1 1 27 89605 0.9567334411721432
3 13 26 2 79909 0.9578829184600643
27 3 6 19 77783 0.9292377956976039
8 9 28 15 61958 0.9401124837118895
10 10 24 0 47435 0.9013866538831484
14 18 16 8 41865 1.0817742405055613
25 26 11 11 88751 0.9859432470591989
25 14 20 24 57277 0.971257105348671
29 4 2 22 93661 0.9835621689184584
22 16 1 7 72669 0.9154650275610012
12 4 25 11 45043 0.9616660593133767
4 29 28 29 57348 0.9365015171147679
3 14 9 1 45442 1.0942738513110064
23 6 17 15 36649 0.9366153036903626
14 8 8 25 62908 1.0532829732017521
12 16 21 25 68658 1.0594390682721206
15 27 9 1 75150 0.9722167242784185
14 3 6 10 45423 0.9233276923529096
24 24 24 7 55247 1.0661596465464378
17 11 27 12 52223 0.9759744378658646
5 29 15 16 38667 1.0966721210408168
15 26 11 19 28152 1.062101922412595
8 2 19 8 43360 0.9949565366822061
3 16 29 27 92924 0.9661725450804786
2 29 4 17 35542 1.0025842850972453
10 4 27 14 56425 1.052824313097657
9 10 24 5 45476 0.9415908275994408
19 6 1 18 60002 0.9776110433807381
26 17 27 28 58368 1.09480501670426
3 16 25 17 60219 0.9644949250886681
3 25 8 13 38362 0.9137224827363052
2 29 19 13 76122 0.9829301170786653
4 16 26 13 76442 0.9488911027001012
15 12 26 3 51425 0.9719783034178651
12 29 4 7 57376 0.9678736004579099
8 11 17 25 64548 1.0624485383956024
4 15 14 14 35024 1.0847719257146784
3 8 27 1 64446 0.9532604455648698
2 26 11 27 52061 1.0977951707658573
3 29 16 7 70621 0.9066507962549296
6 6 1 14 34631 1.036116421905222
13 22 17 11 53501 1.0004851058364874
29 23 2 25 81176 1.0719213355325303
19 8 24 16 26194 0.9503343914991518
25 23 17 25 40942 0.974566759940129
6 20 6 3 36287 1.0928189401335335
2 25 6 5 45270 1.0541844484665095
19 29 29 25 44147 0.9738710180532913
6 18 3 26 26111 0.9810638244153734
20 0 18 11 46115 0.9453693648688398
7 17 21 12 68841 0.9981366387645692
9 9 14 17 53116 1.0079569312785468
9 26 24 26 64309 0.9221283007909987
10 17 11 28 61598 0.9735499122015027
0 17 21 8 77258 0.9687529058717586
9 27 16 12 71750 1.090892765873356
22 15 20 25 49055 1.0994504715831743
17 28 4 7 66417 1.0699092142806628
25 19 28 2 52650 0.9615015612342352
27 19 13 0 79719 0.9852218556146053
6 21 27 4 77519 0.9487213354144296
26 18 18 4 54305 1.0539069200411209
6 21 28 25 70069 0.998714074955982
4 17 18 16 58768 0.9584198415873867
1 0 26 29 99590 1.0548077256185846
22 23 10 27 62708 1.0952160859820583
27 24 29 6 70674 0.9678593022875643
22 23 2 24 59526 1.0613890529768903
16 28 11 17 54443 1.0144819108605645
16 9 25 5 31166 0.9173045781006436
18 24 18 8 68883 0.9751236874867015
5 8 26 27 84840 0.9711249143224645
2 5 11 16 51872 0.9827497610986708
5 20 27 16 52515 1.0589654939781563
19 12 8 26 81758 1.0121934235663903
11 13 20 10 46682 0.9545837236850027
20 25 29 16 60660 0.9273070093183744
25 17 12 24 51368 1.0242886460344407
11 21 14 3 72022 1.0428036420487297
12 0 24 16 56489 1.0324889041910208
27 28 19 1 101539 0.9439999081938855
26 6 9 0 49030 1.052946657151511
27 12 7 17 80827 1.0754731353505227
7 18 13 7 52089 0.9934265858541101
19 3 3 1 60043 0.9018923550054323
29 13 20 19 50289 0.9001133649260987
2 18 5 7 30732 1.0798534906566564
10 8 17 23 62019 1.0776003660879947
15 7 13 27 70230 1.0515068888892136
27 25 18 2 98314 0.9320440868598749
5 21 7 7 29346 0.943239002914288
0 18 9 29 44680 0.9253749467136133
9 12 21 11 64544 1.0922629168044042
10 5 21 25 88156 1.067429489014455
1 13 22 4 64917 0.9337754202161181
4 27 24 6 72563 0.9932501091903323
6 18 25 16 55251 0.9027207025538054
18 29 26 0 96810 0.9604888590867581
11 12 9 3 42456 0.9075382176422079
29 28 15 28 37638 0.920346415983977
18 13 6 21 53529 1.0918100353766889
29 4 7 17 91728 1.0191392283576848
1 6 20 26 86462 0.9707051069714141
4 14 2 26 37939 1.0412454867944725
18 10 25 29 90017 1.0491362057816767
11 7 29 26 100410 1.0116698063231497
4 27 2 17 31562 0.9401652873083379
4 7 28 6 49523 1.0622447481285935
11 20 19 22 24779 1.029294341787513
0 14 23 2 83100 1.0874217193937623
7 9 11 28 61788 0.9617583862227189
29 20 20 12 56106 1.0150862442822237
28 27 12 2 116590 0.9356282528556195
17 12 9 7 48264 0.9527506161988548
19 22 12 18 37855 0.9274742906331931
23 24 13 11 72126 1.0611825686955085
18 10 23 28 92065 1.0432579003635283
19 5 4 21 63384 1.0467569200862998
22 13 28 21 46531 0.9589468096533427
29 18 7 5 68991 1.0828577030305033
17 8 4 15 47683 0.9066867549772388
25 15 10 16 51644 0.9062269922506524
5 19 1 27 21410 0.9269331108345465
16 0 21 14 65727 1.0636619975496677
22 15 16 23 44169 1.0237278364413982
17 8 1 27 71983 0.9821542101293492
2 11 22 3 72459 0.9564888706034538
23 29 16 18 45584 0.9317883119937427
9 4 23 8 40988 1.026899420160043
6 14 25 14 67952 1.073580583191048
25 28 18 6 75617 1.027261843375586
3 3 22 5 49723 0.9306905040899577
26 11 20 18 37147 1.0756557848051402
9 5 14 22 55075 1.020569963371393
11 5 1 26 54766 1.0743175863451744
29 11 11 28 99627 0.9718160044774848
10 29 15 19 33227 1.0258835953604055
22 25 10 10 90278 0.9706773413153529
20 20 9 13 50266 0.9229337291930987
8 23 17 14 51997 1.0555849934452888
21 7 19 20 49886 0.939837614310252
27 1 14 29 91785 1.011073586474843
15 14 4 0 64083 1.0809287258908415
20 22 7 4 74016 0.9599275762574893
22 24 13 5 77987 1.0492216304708508
19 7 25 13 27165 0.9649473604246224
17 11 25 13 41082 0.971882034473986
16 6 5 10 31171 1.0662649091538097
24 29 2 16 73548 1.0793233118248926
10 3 3 12 48214 1.083201675975303
1 25 17 0 89933 0.9824206086513305
28 1 20 13 51038 1.020052612240575
27 4 16 18 62515 1.0694687395896085
0 22 2 8 32003 0.9746913895163288
2 28 12 19 44657 0.9071203474458709
6 8 20 21 52136 0.9307950271795157
26 7 12 18 69266 1.033531976816266
8 4 4 18 35491 1.087913205675993
6 23 15 5 60090 0.9946749192074891
20 0 18 18 66079 1.098038044997128
0 13 29 26 102117 1.0946328994052064
15 0 9 5 32665 0.9894991820879261
13 10 0 22 63116 1.0856912532531389
16 8 28 19 57575 0.9797820680107895
12 1 18 21 80355 0.9240869231773258
19 15 0 12 66801 0.9405359985666301
25 2 15 13 53806 1.0126837067323395
14 8 18 22 57779 1.0286600133949797
23 11 5 21 65105 0.9121280102269517
1 2 14 28 76747 1.0463581894450968
21 13 18 22 50435 1.0997238130716573
16 26 9 8 64109 1.052470480459294
5 20 5 9 16523 1.062982190720261
15 19 25 15 38621 0.9413044598157341
18 12 24 1 46647 0.9250526808031561
20 0 29 20 73765 0.9768915303620436
26 5 15 16 52975 1.0335607623293797
0 25 19 27 73834 1.0127937328624428
8 19 23 1 78923 1.0506532092476575
7 5 19 20 51256 1.090132282526908
27 28 9 6 99934 1.0286353723379402
11 5 25 14 39861 1.0117837429816583
11 2 10 19 58887 0.9752419486975181
4 24 16 28 46470 1.0125021203238893
11 22 4 1 59510 0.9348487678311251
26 8 12 5 33450 0.9250099436150457
9 4 25 11 47546 0.9552326250350902
14 14 11 5 40404 1.090245858496075
28 2 10 20 80666 0.958232316269354
6 11 3 18 27670 1.0098210421807896
24 0 14 12 51683 1.077601488733035
13 15 29 25 74183 0.9629845750929191
17 11 18 21 51084 0.9948782233482014
17 10 12 22 62105 0.9615955663067407
11 22 12 1 77814 1.0409031484234756
19 20 26 28 46307 1.0312761199503488
15 27 26 14 58878 0.9524034639795922
18 12 2 11 83238 1.0609648142928318
21 16 3 29 71133 1.0890283771629587
22 3 17 8 30634 1.0337671073348584
28 12 20 1 53350 0.9738550404361301
21 1 9 0 48903 1.0291555731836686
7 10 28 23 86203 1.0762340030289301
10 8 18 28 79785 0.9047265394528771
4 23 16 2 75617 1.0764098157029764
28 5 29 29 91199 0.9909559170913188
9 13 28 8 68876 0.9965649585029002
6 4 25 14 57091 1.0901253262000117
8 23 29 20 59132 0.9444106214903208
15 17 0 5 58517 1.0084428618493535
13 7 26 7 29335 0.9071213698283964
12 22 25 2 83847 0.9164303759401891
18 19 28 2 68966 1.065676333303399
15 7 25 17 40672 0.9658176409783457
26 18 0 20 51823 1.0966115718442604
17 18 27 18 30125 0.9289282874606861
28 9 1 6 66256 1.069403227484888
14 12 22 5 42255 0.9373254079473579
11 9 6 23 51178 1.078599755189771
14 3 6 6 26932 0.9602933236527633
24 3 20 14 34152 1.0291520682466349
6 11 17 26 60067 0.9192894947891073
2 11 10 23 57137 0.9346104112748401
12 27 2 11 77386 1.005690078760112
29 23 12 4 95345 1.0551371726655479
26 13 13 18 57991 1.0108842562032054
25 26 15 18 46356 0.9099732586990978
4 5 18 16 67524 0.9240123760629545
7 14 1 6 39768 0.924866188882879
20 28 17 11 73588 1.035810968796474
13 25 23 4 81755 1.0392922758445553
26 2 26 19 53496 0.9221846782014097
20 14 3 10 71865 0.9619134246190543
17 9 5 14 49397 1.0890489922083724
23 4 2 14 73945 0.9728228765055418
18 3 9 22 90901 1.0674271507671163
16 19 24 27 54090 0.9659902234859487
1 23 27 1 88697 0.9473956588355753
16 17 28 12 58599 0.901189887184933
7 27 13 8 60986 0.9115525580645111
13 29 9 3 81423 1.096059438779917
2 11 12 4 51452 0.9109704820311737
25 14 9 5 44657 0.9539069500774542
29 28 22 1 100586 0.978946458520568
3 4 12 9 36644 0.9740388869576
2 7 16 16 63213 1.0883161885369887
16 11 3 15 55019 1.0954173833418408
27 15 14 20 41192 1.0689307517114108
17 1 29 28 118068 1.0939827263433337
5 2 17 4 39103 0.9973909291188927
4 19 6 10 27728 0.9396787504232389
17 8 15 0 35348 1.0826886818695394
19 3 17 23 80073 1.0139662796604312
29 7 25 13 26929 1.0756227792276523
15 27 20 11 60298 1.0910506144566814
16 12 21 7 36611 1.0237787740538724
8 28 18 9 86144 0.9224089429807393
25 3 6 26 83465 0.9579913359121646
12 29 18 0 109096 0.909855760681844
28 12 4 27 86452 0.931800504695291
16 7 22 14 39106 1.0996147027798897
19 20 23 11 40096 1.0973801688697407
21 25 15 6 78470 1.0135520921268162
13 25 29 21 58330 0.9735341534756732
5 9 29 8 58317 0.9337556083655697
17 20 24 24 34639 1.0038998600938813
5 14 26 23 57500 0.9564845435228811
18 3 3 22 81900 0.9286210913088404
14 8 23 11 36862 1.0199439496812603
2 24 8 7 49116 1.051348176718547
13 23 7 11 62498 1.0272700028372272
29 4 15 17 72612 1.0150286900264434
17 4 26 7 30415 1.0234325653606549
12 13 0 16 53465 1.0652218845314783
28 19 24 28 49896 1.0066079627298425
24 8 5 6 40535 0.9790498225385426
6 25 19 29 46185 1.025736676193827
16 7 25 11 29751 1.074816308230474
13 15 20 29 50243 0.9812584250967376
26 16 17 1 55349 0.9865152057602338
23 23 17 1 88028 1.0058900241423845
19 20 5 22 26274 0.9236969190628274
10 18 18 20 26187 1.0522798622297014
9 5 4 20 34075 1.0519139746059665
27 11 16 23 66481 0.9027069743484227
6 18 26 14 66267 1.0560682040988807
5 4 20 11 48219 1.061780181740121
25 18 13 19 33489 1.061626962164662
18 11 0 7 72751 1.0406086469906035
11 26 2 24 48324 0.9429008877304689
8 16 15 29 46934 0.952859185920198
19 6 6 2 40932 1.081776045269204
24 21 3 28 56224 0.9000517589431599
19 25 10 10 86287 0.9264742758635672
13 13 2 21 54207 0.9702709652353564
28 13 21 9 34980 1.051851023978512
1 27 9 16 46832 0.9470403805564599
18 4 4 0 52836 1.0120214594564
19 18 22 25 36149 0.9618940977040036
0 21 5 12 22696 0.9415340303141425
3 7 11 12 43149 0.9885055380056484
12 11 19 17 51837 1.0261416294447014
23 20 2 28 55585 1.0313195897478558
14 6 29 1 41312 1.0649208787122786
14 21 9 9 53067 1.0403021678929352
0 25 17 26 59014 1.0832399477166033
1 18 10 8 41727 0.9727066510794795
6 22 1 17 22511 0.9537393062883543
3 17 20 29 60620 0.9571203194819937
11 25 4 13 48240 1.001274993416481
2 0 12 13 68088 1.047585820741782
15 9 16 26 54041 0.9523378344307771
4 25 24 5 69813 0.9405519609199752
7 17 19 8 68322 1.0426531891758368
13 23 22 17 45775 0.9027928030851667
3 6 17 19 55199 0.9798515787066884
21 25 8 26 60481 0.9260589244192786
19 10 4 27 83059 1.0974996506214667
29 3 1 8 82320 0.9432149633060678
12 10 28 4 55296 0.9525207483925135
20 19 29 9 58755 0.9749346872467648
13 0 21 15 66778 1.029600785675008
24 10 7 19 64796 0.9430317194265655
18 13 11 23 64555 0.9920881789689743
17 1 27 21 75566 1.0879897827521325
29 20 9 17 64690 0.9294947467352971
19 15 24 8 25026 0.9585179558506537
24 4 11 1 35178 1.0052535422452216
26 16 9 12 72316 0.9487221367660409
13 2 13 26 93416 0.9626656446923427
14 1 29 25 106357 1.0637415690426832
3 7 0 28 52374 0.9033333678667983
1 28 19 18 56250 1.039978846996876
29 11 3 12 90652 1.0148842765157562
0 5 7 19 46741 1.0932902455868754
22 6 0 15 62748 0.9727604866611652
14 27 4 23 49882 0.90016967389076
14 10 5 5 37302 0.9794989243119995
10 13 13 2 52477 0.9324072035197586
5 29 22 18 48334 1.0443885938190016
6 7 17 21 46444 0.954322820903184
16 18 23 15 33653 0.9287216602436499
27 7 9 26 95982 0.9953974301225134
9 7 10 20 42111 0.9352681936586107
12 26 28 27 59850 1.0768145592298748
6 27 26 5 79882 1.0598965655458028
19 9 3 25 79119 1.0906532826908397
5 2 19 12 60722 0.9491476657250135
10 2 28 0 64469 1.0554682158905775
16 11 8 16 43500 1.053758252015358
3 3 18 19 63960 0.908577109525771
18 18 24 9 36152 1.0241940695138056
22 6 3 16 57181 1.0567469137167995
16 1 24 14 47941 1.0733919922643693
13 14 16 23 41449 1.0662708750824745
27 26 22 5 75784 1.088846384467771
8 12 28 26 96349 1.0725064056808389
26 7 17 14 45018 0.9295528926379477
23 13 10 1 51090 1.010354513083997
1 18 19 19 39604 1.084030642452953
29 22 6 20 59871 0.9876501373473066
6 23 26 6 74165 0.9778390451632709
10 24 15 4 79402 0.9530206973854494
12 12 24 23 73291 0.9747645745096114
18 27 5 27 48058 0.9760276427031351
12 12 14 3 43441 0.9176252784391867
7 9 23 5 46517 0.9350050090115244
22 2 0 6 66922 0.9337171747493076
18 26 20 6 76959 1.0589552959259672
18 26 9 0 93306 0.9483739020205306
15 29 10 22 40555 1.0275869200679792
25 13 3 20 63033 1.0058136116340985
10 8 18 5 25459 1.0986278502457283
16 23 25 16 44494 0.982658426400225
3 22 23 17 58735 0.9914410456012308
27 1 26 21 63742 1.0525917044881719
27 20 6 11 62237 1.0298015118648025
29 11 9 12 81732 0.9511591273377347
3 19 3 7 34328 0.9800856062930859
8 9 24 24 84340 1.0513874617969876
18 0 4 4 65213 1.049756381131492
13 29 29 28 39995 1.0512029552968152
6 18 0 10 34808 0.9214535843822015
3 6 23 2 59975 0.946571664038973
21 2 6 13 69548 1.0569893008341245
20 3 2 8 52302 1.0701300323631169
18 4 28 11 51646 1.010521213864048
18 29 14 21 30452 0.9599400794383762
2 16 25 9 73443 0.9943794702795907
11 1 1 29 72065 1.0666134898731645
3 22 25 24 60088 0.9128441209808831
14 25 13 12 50826 1.0909335801768962
2 2 13 24 78380 1.0832253941153995
25 4 29 10 36985 0.9300647507616869
2 11 7 25 45827 1.092123551260082
13 6 6 13 37782 0.9345727150032721
23 2 13 2 48212 0.9691684367267422
25 1 25 18 38920 1.0775695307182722
4 20 24 13 57512 1.0333089920498904
0 20 10 9 47480 0.983359112852295
12 20 21 6 59847 1.0741793714530867
28 9 21 2 45703 1.0053167673347463
15 11 0 11 64998 1.0871916651214555
3 16 16 16 48450 1.051927640913811
8 5 12 13 41517 1.05955717506533
24 29 20 15 66708 0.9494472013072662
0 28 0 5 49830 0.9762831575417361
16 21 27 1 72307 0.9218963172738447
9 25 21 20 47689 1.0086745115489482
22 15 5 5 56054 1.0753926759162407
25 1 17 26 78178 1.0446179873456065
15 6 2 6 34426 0.9043096534748458
22 3 20 22 70594 1.0788410425744446
7 23 20 12 73635 0.9013509442581356
5 13 4 1 22673 1.0803748659040218
4 9 11 25 54691 0.9744231689572465
0 16 21 21 54721 0.9440500501392121
23 10 15 29 72619 0.9325688668157472
28 13 28 26 69373 0.9780100784964513
21 24 13 26 44978 0.9472930653867442
9 7 26 1 46559 0.9616359808361964
14 1 28 4 53640 0.9175627290815828
22 29 11 6 86274 1.0400888140428906
16 24 4 6 58892 1.0663359068035156
4 20 19 13 54225 1.030277455155842
24 19 12 9 65386 1.0088519601201242
23 9 1 29 90893 1.0199474222143747
27 24 17 23 50208 1.0621499836069321
22 22 12 11 63103 1.0174907862569353
20 8 13 16 52183 1.0807980757801205
16 21 14 10 43751 0.9762249846967973
17 19 16 29 30964 0.9346909117458558
24 18 2 24 61502 1.0944034517833638
18 5 22 27 86101 1.0190525306873917
20 8 25 1 25094 0.9492174512736591
20 25 13 8 77873 0.9260127956073257
17 27 3 9 69603 1.071962003011314
24 15 8 8 47223 1.069476792808249
6 13 27 22 68345 0.9979678983235015
8 25 3 14 35606 0.9206817571539901
11 2 11 20 54625 0.9907090178734014
23 3 2 6 61153 0.9690535280067332
11 29 13 8 72523 0.992466115283816
19 21 15 28 31532 1.050743194341577
6 29 13 15 49174 1.0825487301879526
25 4 3 16 69205 1.022117168300435
17 17 10 9 60406 1.006017781616042
6 26 27 26 76887 0.9187569434188266
23 4 13 29 85579 0.9827364475646024
25 0 27 27 90607 0.995047438303466
12 9 4 19 48237 1.0477540947893318
2 7 12 11 43586 1.0684456416532626
3 4 16 11 54467 1.098462868620064
0 20 10 29 38685 1.0635265386248056
7 5 3 29 47626 0.9459991443967659
17 6 26 7 17753 0.9960663596273478
5 29 11 0 62396 0.9088037533673711
0 20 2 2 41840 1.015441950144126
16 12 28 8 52846 1.0459790912598097
3 21 9 26 36849 0.9376811631945419
0 23 5 7 34521 1.0955401798749795
14 13 6 16 39158 1.0365994836074088
4 0 1 11 32844 1.0533980248957615
11 28 23 22 61985 1.0019182070863804
20 8 4 5 39729 0.9245233545431379
26 1 18 7 30447 0.9360309761946755
18 8 1 14 61198 1.0849769038856272
13 27 1 16 57772 1.0128432735604311
10 23 13 9 70529 1.054435017371011
18 13 9 14 43272 0.9133449395535683
26 18 10 2 66881 1.0825959564948717
4 27 18 23 52448 0.9265281413705524
4 3 13 16 59335 0.9965322638545742
26 5 22 15 27785 0.9259424646007063
27 11 27 22 41970 0.998922792000011
3 9 20 6 43988 1.0784673848336337
26 27 16 5 85102 1.027061030533977
1 3 27 21 81685 0.9270782356618769
10 23 17 5 78804 1.013009616040911
12 11 14 0 45632 0.9814918057783755
10 15 5 28 33623 0.9950584758679311
2 18 3 0 44304 1.014066860195197
3 7 22 27 85028 1.0267385125323014
0 8 10 19 47649 1.092072075444527
1 18 24 29 64640 0.9068143151406277
29 6 22 0 27446 0.9853589402789482
13 15 24 22 46747 0.9639762329408511
12 0 10 17 75511 0.9756481409206545
10 8 7 1 32871 1.0475644867752378
10 20 17 29 31830 1.0769493294990657
20 15 28 27 73740 0.9226387895451381
22 16 2 18 56936 0.9056904125312856
16 27 20 9 72604 1.0757663417921945
23 10 4 11 66666 0.9622127490523312
18 11 21 1 46084 1.078758551051467
5 10 3 20 18199 1.0512602139776763
2 22 23 1 82000 0.9913191283186173
19 12 21 26 70414 1.072326053183572
22 29 17 8 78264 0.9536670298808232
15 23 6 1 56080 0.9414026388291924
22 6 25 21 41315 1.0459528771593047
13 17 3 22 45867 0.9574167332100176
0 17 11 20 30366 0.9435774850930192
27 22 7 16 71170 1.045813484792237
22 4 6 12 56956 1.094147229183241
26 25 15 16 51677 0.9636228230735185
26 13 28 1 41652 0.9355375676775736
6 14 28 8 70370 1.0603131087149686
23 0 16 9 41177 0.9599160660181677
9 4 10 17 60933 1.0301005002138088
12 21 21 23 40721 1.0551364427171113
23 0 27 23 70150 0.9487719223156238
3 4 10 27 69346 1.0047787231631544
0 9 15 7 48286 1.0032871173798596
25 23 14 24 43169 1.00935052453716
20 6 29 9 28983 1.0792210291330993
13 25 27 29 40949 0.9865858426312887
10 29 20 9 81112 1.0021059963357533
29 14 7 0 86921 0.937604642704296
20 13 29 12 44100 1.088589470504325
10 19 22 11 60716 1.005716348009042
27 17 1 19 57795 0.9972472624698033
7 10 16 2 53227 1.0293389670802329
25 3 2 22 82786 1.0410714050181835
29 9 5 0 66925 0.9653262623675318
4 26 17 2 82986 0.9231590735323109
11 17 24 5 72905 1.086539114756044
24 18 7 12 65175 1.045375962110278
28 15 11 26 78439 1.0537131350871334
20 25 18 7 83539 1.0174186076831107
27 26 24 2 75510 0.9311681110892647
28 13 9 2 72651 0.9589618165352093
0 20 23 22 51010 1.0399065262366016
3 20 12 11 51265 0.926098406484034
23 5 16 29 78588 1.0262377137842145
28 10 4 20 83034 0.9062101802932957
4 10 14 5 36345 0.9756519730040407
19 13 26 4 43670 1.07789964480982
25 7 6 23 75738 1.0035323410342258
1 19 19 18 42560 1.0598026395236442
29 22 6 27 76115 1.0880502824410982
24 14 22 26 52070 0.9198273897118634
21 7 15 29 77543 1.018471240211754
22 12 23 27 66859 1.015311759804119
27 21 27 4 54446 1.037026019862845
26 8 4 15 62973 1.0098705889639272
27 12 8 10 66038 1.0896666037545182
1 28 11 23 57928 1.0982726706613497
9 19 15 8 55727 0.9776890956197274
1 1 21 15 75537 1.0498898463956894
7 10 19 21 57512 1.0827365954474415
4 25 7 11 38271 0.9382292257760515
4 24 14 19 29043 1.0865944938326484
7 9 21 15 64142 0.976181949308796
27 15 11 22 63002 1.0151247912212091
19 22 16 5 71043 0.9921371435172948
0 29 17 1 96565 1.0711454164219358
8 0 29 17 86316 0.9002319312342649
21 5 29 27 92424 0.9619705200913167
22 21 1 10 56295 1.0211055994150466
22 7 9 12 50551 0.967984714343746
1 25 19 11 79320 1.0734188555607915
26 4 16 11 47468 0.9332085945072417
8 17 1 14 30007 0.9571829373927759
22 2 11 29 98961 1.024909157469964
15 21 1 18 29001 1.0836881716054758
7 14 2 29 44911 0.9403830153068837
22 26 22 13 52990 0.9842448339787262
4 1 19 20 55939 0.9139967216656472
3 0 21 12 72932 0.901888214313393
13 18 4 11 47748 0.9694080302962922
23 4 4 24 78253 0.958366485090716
14 25 17 1 87074 1.072799758418278
29 1 8 2 65333 0.9666734765403365
17 19 5 7 43916 1.0367727877758761
1 0 8 16 47810 1.049682121378477
16 20 0 5 53593 1.0616201312281799
26 29 17 16 68379 1.0722986201694886
22 27 16 20 40080 0.9314732096272074
26 16 14 4 46530 1.0990058205391486
25 10 8 1 55709 1.0683413868718643
27 8 23 17 34211 1.053343526390703
1 8 13 3 43967 1.053045830813574
16 11 3 23 63605 1.082332955849116
11 8 29 18 63036 0.9921598133510445
7 8 20 14 57159 1.0035028632223981
2 4 13 2 46363 1.0017774432465851
22 28 25 19 43164 1.0193031106919874
29 1 9 7 57363 0.9205362311496476
15 28 2 27 49851 1.082770389143944
3 23 9 29 36794 1.04477919134361
26 25 15 6 72342 0.9063564867076128
1 21 3 11 31524 0.9064996794440621
29 9 2 14 87055 0.9867105988197568
26 11 8 12 64768 1.088060318786874
14 20 2 27 39913 1.0090292129606786
23 13 4 25 69544 1.0853159188813908
0 17 1 8 22847 1.0119271052460626
17 21 4 13 39233 0.9351410388067279
14 17 1 6 59386 1.0485635281551697
13 12 25 11 58546 1.0206583853167113
28 20 2 7 76850 0.9612005648107417
29 3 11 29 111395 0.9876922554477394
5 18 20 28 54968 0.997108801880419
18 5 25 15 33623 1.078645645335662
0 29 29 14 97505 1.0581729165379148
23 21 22 1 61060 1.0375812066085186
4 0 11 28 72607 0.9061679685720289
0 18 18 27 64739 1.003752485186161
18 2 25 18 62412 1.0679827590402484
6 28 18 9 77436 1.0901507130841002
16 20 26 3 64558 0.9729498329817562
25 9 5 20 65755 1.0016586947466772
0 13 23 16 77161 0.9587438189082528
5 29 27 6 74731 1.0498070425328878
10 14 19 23 61227 1.0639719522030167
26 5 9 23 88711 0.949740642725964
2 9 25 5 58655 0.9867533061258943
4 13 11 3 38878 0.9914338165439073
11 4 19 11 40390 0.904763292962924
9 12 24 9 55109 0.9164351787231892
5 5 28 13 63031 0.9531277253703272
13 7 5 13 35798 0.9036261330980615
7 1 24 14 58773 1.0245180996178265
23 27 25 3 86199 1.0309452876916496
8 23 0 12 46290 1.0064793406296957
17 12 23 22 62124 1.0712691216783332
14 21 20 27 47635 1.0417716518537004
27 14 15 6 39661 1.013129131971839
21 7 3 23 73268 0.976163709745939
18 13 4 26 62326 1.0344285122482715
6 15 17 18 40649 1.0791665234404584
25 28 8 4 92561 1.0246468430903595
26 6 19 12 35325 1.0525995448046732
13 17 4 10 55136 1.010110403276398
19 12 18 1 50020 0.9119310696692843
25 28 7 16 78139 0.9468256291139022
10 1 8 22 61278 1.020973466852587
16 23 28 19 42374 1.0683485413751048
19 24 22 17 38615 0.9664192148368644
28 18 11 17 64690 0.9783041895271258
4 5 5 16 20106 0.9402900226213885
6 20 12 25 37930 1.0165616346688093
9 20 26 26 55582 0.9008732434541357
25 4 9 9 45438 0.9345298334959681
14 24 29 12 75499 0.979020354251284
13 13 2 4 63779 0.9821350034429728
12 11 27 22 78880 0.9020018879454722
28 6 22 15 26953 0.9134783241877734
0 4 27 13 76623 0.9971405258282692
26 25 6 13 73364 1.0093863429273162
3 11 29 25 96919 0.9282086679505452
27 15 17 28 61267 1.0454029602714998
5 6 13 1 33393 0.9392525912793214
4 9 17 10 53853 1.0406883342296827
17 0 8 24 93629 0.9891915982750026
9 8 12 19 48015 1.0193609036298954
8 7 25 24 78847 0.9813942234202933
10 13 2 10 50857 0.9438766407868071
12 6 26 9 32184 1.0833103071667498
21 0 7 29 97826 0.9320545836846238
5 8 17 24 50425 0.9409013143692636
10 25 28 27 67291 1.016731827530324
13 14 25 20 42969 0.9922352886233209
0 28 18 9 90304 0.9619141879878614
0 22 28 22 69945 1.0439258728715353
10 18 2 12 47425 0.918180389951465
27 9 23 23 63455 1.078612436004955
26 20 0 13 62619 1.0994543848430827
11 11 12 20 51747 1.0828331883987186
7 9 10 18 46455 0.903677243832769
18 27 3 20 51680 1.0179625026423547
29 22 12 1 95621 0.9752801266141189
18 16 8 11 53311 1.0765002640743841
28 11 0 8 82469 1.095628719886064
4 3 2 28 58976 0.99192138331168
3 27 17 24 52828 1.038986790563328
13 26 1 13 59724 1.0430739236254092
15 19 27 7 60128 1.0117986839233384
16 27 12 21 33510 0.9378968503531788
25 14 0 13 81122 1.0740523945831009
27 19 29 2 61856 0.9837422276415939
4 16 1 1 38261 0.9850993359424823
29 0 18 13 68752 0.9623956080387341
28 13 17 21 49827 0.9893470346367254
9 23 24 2 87891 0.9383503359745917
21 20 18 1 70041 1.0912888539923207
0 1 27 24 103547 1.0777564093756196
7 11 24 3 55498 0.9580889788083864
23 21 6 5 63867 0.9317290729070942
21 0 12 1 37588 1.0374775972424755
5 18 7 10 25362 1.0970206357653494
22 4 12 11 42577 0.9665989122569612
25 13 10 14 56400 0.9209532485657178
9 0 28 23 105288 0.9980386108597954
29 7 7 0 64871 0.9679965852822053
11 5 10 21 51768 1.0975589054782438
16 28 11 20 28678 1.0993399490970142
28 14 1 20 71031 0.9870892542436386
28 6 12 17 72638 0.9049162676411975
11 9 27 0 49680 1.0560488492382647
23 21 17 28 43549 1.0607678477717342
17 16 29 5 57017 0.9066964044097005
8 6 16 10 32161 0.9970312138594615
3 3 14 27 73833 0.9938484118088156
28 26 8 20 66505 1.0298688603975914
15 29 11 1 83372 0.9090276270258504
3 28 12 16 56851 0.9502685016767317
16 9 25 12 38838 1.0576769960118797
8 6 14 21 50893 0.9823598202720407
19 9 6 0 59003 0.9601036936985732
2 24 14 12 64209 1.0951195926029984
21 23 8 7 75230 0.9089271323496647
17 4 16 16 53963 0.9001069407523425
16 6 26 11 29363 1.00351946998932
27 27 14 12 86620 0.9528409608255665
27 27 21 18 56833 1.0706466003027657
3 21 24 17 54955 1.0194968458854876
25 7 16 1 39964 1.0716113602181006
7 9 21 12 61698 0.938668389221908
0 16 24 29 75514 1.0922553386297433
26 17 13 27 61012 1.0780582814784347
29 7 28 17 47496 1.0283371850068663
21 21 16 0 86593 1.0894285495275213
16 1 8 24 84670 1.0742227462723561
1 9 24 14 65338 0.9029230233698545
24 1 6 8 47036 0.9839307902025125
17 15 29 12 50547 1.0268925462862606
27 10 19 23 67322 0.9674576438591239
28 5 12 13 63768 1.0726520437698621
28 19 15 21 31828 0.97937811451936
8 6 8 21 42130 1.0874729938063614
2 23 23 22 59146 1.0452859875854164
12 29 5 1 63508 1.0050789949854866
27 12 2 19 75159 1.0758342287802583
2 23 8 16 36750 1.0277747917816729
10 11 1 28 64848 1.0186202740621337
29 28 13 29 39995 0.9245251659631765
1 8 7 19 39618 0.9169937131862366
15 5 13 26 74424 1.014401676159022
14 7 9 21 60539 1.0613360331869295
27 22 28 6 56765 0.9291104644199448
17 1 6 4 48681 0.9042481393779817
16 1 25 13 50151 1.070953026871021
29 8 5 26 82545 0.9596173389695271
1 0 1 25 44583 0.994278316132313
27 22 1 15 67959 1.042485275080187
29 17 5 16 65616 1.0721916562880114
15 5 1 0 42482 0.9249292743354173
22 9 0 8 63930 1.0272535773101135
9 17 2 11 49824 0.9870660464370509
29 6 26 19 42518 1.06798950297149
19 3 0 25 89610 1.0931425768789433
8 11 2 26 53737 0.9703075486317949
9 13 19 22 60406 0.940757044414645
21 3 2 0 68608 1.0406263849453992
25 17 3 16 60219 0.9721422144878247
25 18 7 10 68485 0.9935792696230582
28 24 2 29 88005 1.0493090634838431
14 26 9 15 52579 0.9570373876110985
9 27 9 10 71422 0.9963713210273611
24 15 5 21 54377 0.9528708635192251
16 14 13 2 55457 0.9792309840664092
29 0 21 24 96363 1.0639737357863797
12 12 27 13 68353 1.0268359078825515
9 12 24 21 67496 1.02595069970167
23 28 15 3 98579 1.0033508783304252
2 21 14 11 58253 0.9841030720839499
5 27 4 15 18782 1.003610404783395
26 16 28 1 45100 0.9539016261045155
15 28 24 18 44767 0.9977212522089278
0 0 29 28 118951 1.0693090002617427
11 18 1 23 37593 1.0374151149895339
29 3 27 22 81782 1.0670213547282117
7 29 14 7 67687 1.0973700290372
13 11 25 13 55892 0.9661486359247181
12 14 4 9 46016 0.9499270530751794
12 29 28 15 69752 0.9718304900818688
20 0 28 26 98433 0.967075018335058
25 24 2 16 68857 0.999885667655984
10 17 5 12 32342 0.9707211704633701
29 26 7 27 74978 0.9193576240825747
22 22 15 9 55399 1.0840602397290138
1 12 13 11 56029 0.986878786924659
28 16 9 10 72485 0.9069008096875023
26 13 19 25 67170 1.078175274157313
0 9 6 4 31143 0.9155708882180582
28 0 16 9 53241 0.9244497064451036
26 6 10 20 61943 0.9694120380038334
29 8 23 1 28748 1.0315395112183268
7 5 24 2 37690 0.9409737250011871
28 6 7 27 84527 0.9748265278482175
28 18 17 20 29036 0.9135270071432863
2 29 3 16 39783 0.9640087062706446
21 24 3 2 91063 0.9274236690559259
18 27 5 29 44945 0.9466143035652572
9 25 19 29 41345 0.9338865321430384
27 12 17 11 52223 1.0604123043256952
7 14 9 27 52476 0.928580666518257
5 11 16 28 52045 1.0262223919878948
0 22 29 12 89702 0.931843708076412
12 27 3 22 53122 1.0858619046751112
5 16 5 29 18035 0.9810451175411203
22 16 15 19 30648 1.0949522870872874
21 14 17 2 60608 1.0540475537283118
5 17 10 11 37752 1.0549054985878503
7 15 19 0 77153 0.9333509759681761
18 22 11 25 41675 0.9823147899048758
28 5 10 19 76743 1.076357634233875
15 13 7 25 52762 0.9340453665201186
0 25 28 1 100278 1.0241545007849286
27 1 9 5 45652 1.0518436503170059
28 16 5 1 70717 0.9912225681414051
21 10 7 7 48729 0.9094853291676953
22 20 6 18 35191 1.0712723564318227
20 11 0 26 82753 0.9376452798404085
2 0 26 24 99451 1.0588260328292067
11 13 1 25 51770 0.9300221121750074
2 9 29 23 92848 1.074610893419906
13 3 20 8 32874 0.9524289788925019
16 6 21 18 46409 1.0797293395076653
18 17 1 17 56478 0.9008666484848876
27 17 27 4 40758 0.9052254760193805
1 12 20 29 66794 0.9482210821374044
13 11 0 17 67955 0.9240467059844385
10 4 24 22 77843 1.0873455381512405
0 29 13 7 74084 1.0559021419844707
9 13 24 28 84847 0.9055524369052258
2 4 8 18 47687 1.0355560088841218
21 2 11 8 40147 0.9302119081049582
23 19 11 3 63562 0.9167773343378663
28 13 25 3 39908 0.9596773897087578
17 1 21 12 53234 1.0050322398200453
