7562 7728 7650 8653 7592 8226 8014 7401 8475 8779 7490 7912 7647 8279 8169 7267 7560 8651 7980 7667 8256 7832 7495 8510 8782 6985 3388 3250 4243
4939 5110 4765 5856 4815 5655 5776 6538 5025 6344 6024 5269 5408 3031 3385 3221 2608 2310 2918 2504 1672 2450 1756 1503 1538 2388 2377 1381 1558
3481 3493 3417 4313 3815 2559 4411 2612 2970 2407 5106 4659 5527 3489 4673 3880 5212 4012 3478 5074 4729 3502 4184 5154 4472 5312 3426 5271 4429
1648 1666 2267 1658 1492 2191 2395 3124 2583 3245 3058 2299 2232 1650 7971 8011 8061 8389 8567 7775 8526 7513 7202 6677 6697 8395 7941 7402 8150
3961 3419 2750 3813 2873 2587 2999 4287 3489 2916 4292 2419 3983 2447 4304 4473 3765 2409 4808 4953 4108 4525 4836 4705 2933 5013 3750 4519 4475
3465 2562 1863 3559 1722 3787 3345 2958 2321 6801 7915 6390 8020 6746 7617 7342 6224 6980 6264 6831 7264 7883 7192 6554 7561 6887 8137 6201 7425
5408 6138 6429 5336 5025 6564 7717 7221 8298 7307 8031 7313 7994 8143 8425 7159 8031 7573 7775 7473 7089 8531 7449 8824 8464 7871 7812 8593 8780
5270 6393 5169 5226 6290 6280 6347 3124 3545 2295 1771 1814 3501 3360 3327 2782 3425 1788 3359 1502 2112 2619 2189 3108 1862 2109 2510 2549 1754
6680 8606 7983 8574 6800 8689 6945 7410 8113 8464 7491 8226 7230 8299 6988 7628 6685 7507 6313 6116 6842 7575 7528 6768 6156 7388 6456 7653 6376
5492 6054 5108 5309 4960 5687 6444 6808 6133 7028 5881 6974 5713 3970 3061 4141 4201 2968 2961 4296 3161 2926 3506 3380 3152 4765 3487 3754 3486
3048 3297 3056 4813 3399 3604 4116 3735 4708 4822 3546 4268 3368 4393 3595 3892 6267 4872 6718 5819 5965 5450 5210 6759 6390 5393 5754 5626 6135
4394 4509 3051 2813 3681 3134 3622 4494 3531 2656 5166 5021 4211 3630 4600 3867 4605 3578 3862 3350 3189 4122 4422 4629 4339 4831 4850 3221 4344
5625 7323 6949 6693 5424 6103 5504 5633 5457 7008 2768 2107 2133 1352 2308 1212 1656 2924 2065 1452 1901 1688 1712 1430 3188 2609 2061 2141 1288
4093 3960 4802 4766 8229 8607 7503 7396 8881 7248 7123 7840 8227 7066 8329 7933 8528 8157 8252 7357 7372 7456 8674 7237 8185 8062 7605 7768 8600
5432 6608 5431 5797 6578 5569 5594 7054 6083 5335 5940 6165 6342 5244 7119 6959 2752 3496 3295 3801 2625 2302 3134 3474 2731 3865 3780 3479 2061
6543 6497 6749 5975 6338 7522 6161 6109 6890 7778 6588 6639 7255 7908 6124 7780 7538 6654 5963 5859 7037 7854 7823 3381 3859 3270 2779 2559 2517
2301 1481 3121 3116 3131 1792 1444 2589 1688 2840 1576 2551 1375 2463 3436 1648 6930 7159 7478 6789 6716 8013 7296 8104 8198 7227 6849 7911 7970
1823 3570 2544 2364 3737 3011 1659 3589 2606 3161 2932 2820 2458 2022 1719 1974 3100 2987 2367 2694 1670 2770 2932 1855 3395 1994 2370 2556 2986
4615 4219 3846 4116 3816 4824 5232 3468 4178 5090 5129 3409 5415 3729 3514 3606 4494 4143 3436 3895 4466 4788 3889 3930 3016 3283 3860 3016 3649
3960 4088 2563 3276 3317 3704 3700 4111 3377 2287 3015 3854 2898 3395 3536 2321 2359 3784 5345 5138 5805 5491 4063 5430 4673 5940 4747 4012 5798
3997 3295 4937 3281 4094 3970 3842 4325 5251 3667 4453 4834 4817 5134 4776 3783 4385 4439 3662 3977 4178 4365 3869 4394 4893 4388 5386 3999 4482
4396 3482 3671 3353 3523 3738 4125 2464 3946 2366 2517 3362 2358 3085 3788 6624 5392 5816 6658 6059 5761 4925 5984 5737 6289 5287 6556 5237 5630
6949 5722 6516 7562 7585 7398 6084 7864 6976 7500 6445 6760 7735 8075 6696 6484 7558 8210 8377 7026 7533 7470 7769 7563 7714 7022 6769 7522 7605
4796 6085 5739 6250 4820 4997 4788 5871 4629 5488 4347 4467 5141 6026 5029 5036 4955 4662 5963 5698 6028 4756 6151 6187 5873 4848 6157 6815 5681
4109 4607 5287 4106 3555 4212 3817 3758 5416 4550 4626 3826 4586 4077 4701 5148 5503 5255 4833 4849 4765 7862 6499 6418 6249 6140 7838 6757 6310
5203 6417 5882 6650 5475 6648 5939 6824 6705 5297 8058 7263 6701 7033 7256 8263 7798 7932 7835 6644 6917 7085 8215 8688 7390 8582 7637 7211 7531
5738 6729 6336 6363 6017 5561 6792 6540 5157 6791 7798 7602 7085 6189 6909 6455 7541 7798 6501 7657 8099 7867 7775 7219 7807 7264 6444 7059 6350
6997 5651 6297 5983 6681 6738 5950 5885 6570 5971 6237 5419 6000 5886 7288 6333 6542 7422 6422 6189 7655 6941 6321 7807 7063 6441 7451 7292 6353
3613 4941 5317 5292 5579 5397 3513 4265 5564 5268 5077 4587 4427 4576 3561 4719 4878 4196 3911 4370 4628 5369 3764 4081 5121 4747 6360 7226 6256
4503 3581 3210 3925 3941 4201 2585 2717 3005 2351 3006 1652 3410 3472 3427 2227 3565 2681 3707 2641 3661 2217 2288 3227 3040 2237 2391 3525 3411
5198 2624 6997 5946 7021 3784 8414 6361 2577 6227 7037 1378 5172 6776 3738 3762 2937 4801 5710 6143 7287 5675 5191 7024 3476 3588 6390 3754 2131 7125
6084 3849 7785 5591 6402 2726 6718 7063 1987 6526 6662 1585 6445 6714 4385 4465 3932 4704 5229 5287 6835 4707 6028 7790 3741 2039 7793 2675 3749 5363
5615 5699 7075 4074 4989 6309 7707 7127 2518 2807 6498 1248 5345 8197 3485 5762 2927 2926 5882 6438 6958 4419 5881 7199 3805 3571 6830 2368 2831 6939
6255 4289 8081 5377 4920 5855 7723 6906 2461 2553 7391 2699 5774 7582 3898 3961 2494 2882 4542 4729 7285 4164 5869 8370 4632 2954 5817 2586 2424 5961
5971 4410 8056 5710 6517 7123 6573 6273 1428 4129 7770 2641 5876 8412 3784 5060 2120 4807 5067 5223 7049 5732 3949 7473 3747 3589 7580 3096 1861 5641
4998 4838 7483 4122 5089 6410 8375 7779 2243 4150 7338 2809 5848 8278 3619 4436 3823 4458 4809 6424 6733 4408 4400 3774 4302 3050 7604 3066 3467 5383
8374 5369 6982 4962 6425 6796 6502 6511 1844 3682 7774 2415 5407 8501 3721 3832 3813 2880 6564 6647 6494 3863 5148 3904 4187 2107 6679 1796 2734 6434
8318 5026 7476 5626 7026 7078 7254 6234 3059 4394 7142 1737 6171 7490 4242 4441 2349 4615 6343 6148 7583 4753 4798 4043 4031 2358 5789 2663 2780 6558
6870 5406 7405 6073 6190 6210 7551 7409 2426 4633 7480 2213 5083 7798 3675 5682 3336 2983 5452 5097 6933 4267 4974 3912 5101 3191 5812 1569 2017 5054
6477 5000 6862 6167 5212 6310 7966 6453 2338 3153 6799 2737 5956 7727 4308 5601 2949 4710 5804 5714 7181 5343 4790 4369 3774 2512 5898 3623 3072 5678
8149 4427 6608 5749 6444 7297 6764 6769 1945 3338 7845 1178 5937 8440 4661 5123 3263 4703 5266 6136 8318 4255 4083 4557 4463 3506 7538 2165 2294 6628
6643 5767 6563 5900 6952 7235 8195 7916 2255 3842 7246 3117 6270 8117 5065 6330 3256 3373 5883 5258 7201 5521 5200 3601 5291 3660 5994 3320 1646 5170
8004 4643 8339 7209 6565 7166 6300 7367 2509 2881 7900 2544 5120 7323 3398 5173 3490 3898 5378 4943 7979 4251 5176 5450 4873 3344 6449 2346 1943 5732
6833 5792 8250 7605 5734 6666 6129 6870 1799 4450 6521 1480 5711 7631 5621 6316 3807 3751 6376 5116 7062 4531 4637 4778 5276 1950 6415 2527 1247 5552
6609 3989 8401 6180 5947 6846 8137 6992 3099 3131 6476 1980 4772 7108 5973 5062 2497 3108 4859 5670 7882 5627 5229 4937 3904 3104 6179 1706 3106 5200
7428 4039 6671 7186 5676 6399 6333 6574 2735 4291 7223 1323 4910 7085 5554 5493 2774 3954 6001 5964 7405 5041 5756 4765 3502 2159 6449 2516 2821 5242
7290 4049 6580 5822 6107 7785 7158 7795 3706 3804 6653 3783 5103 7200 6034 5837 2328 3964 4686 5632 7916 7777 4591 4503 4122 2152 6983 1664 1903 6285
6909 4172 8316 7418 5701 5832 8068 7657 2467 4611 8011 5567 6061 6819 6088 5795 3312 3049 4973 5228 8056 8830 4540 4173 5145 2863 7498 1723 1133 6645
8145 5812 7189 6803 5534 6141 7481 7736 3174 3112 7750 4491 5332 8507 6828 6301 4153 3668 4988 6439 8310 8065 4456 3921 4125 1909 6806 2787 1853 5769
8303 5215 8593 6998 5134 7863 7256 7731 2670 2851 7650 4907 3987 6715 6617 5789 2091 4461 5287 5711 6997 7196 5402 3994 3352 3833 6078 2268 3183 6357
7526 5983 8533 6434 3477 5813 7599 6779 3438 4083 7070 3675 3857 7487 6338 6258 2385 3476 6548 6628 3311 8142 4512 4423 4796 3938 6521 2178 1769 5419
6931 4187 7637 7481 4812 7275 7082 6327 2116 3141 7307 5375 3333 7463 6590 5316 3274 4915 6396 5921 4603 7772 6015 5392 3615 3887 6084 3030 2763 6856
8127 4404 7236 6462 3719 7105 7397 5198 2931 4623 6649 3640 3348 8462 6434 5999 1620 3551 6115 5680 3680 7363 4255 4196 3929 2616 6889 3423 1807 6708
7198 4796 7984 6298 4449 6509 6937 3604 2007 3701 7403 5187 3557 7339 4826 4935 3187 3794 6514 4796 4596 8082 4704 4204 5247 3000 6669 2090 2340 6761
7605 5597 6845 6357 4661 6156 7834 3433 2309 4089 7620 5079 3993 6716 4985 5456 1491 2786 4849 5145 3533 6793 4182 3851 4106 3517 7085 2850 2080 6062
6426 5914 8378 6467 4772 6178 8187 4420 1912 2545 7753 4705 2302 8184 5334 5171 2421 3817 5272 6560 3811 8726 5152 5301 4747 4105 6130 2347 2238 5917
7855 3928 7261 6894 3825 7441 7648 4372 2996 4253 7041 3804 2390 6868 6620 5294 1898 3307 5469 4817 3366 8253 4391 4253 5604 3585 6487 2074 1512 6033
6572 5245 8104 5911 3992 6253 6764 4489 3370 3351 7739 4500 2197 7926 6645 5831 3205 3697 6149 6299 2537 7616 5290 3776 5834 4159 7591 2284 1668 6201
7335 4056 8329 6952 4332 7293 6546 3957 3656 3092 7805 3638 2432 8053 5644 4919 1347 6866 4579 5506 3218 8273 4710 4277 6110 2658 7677 1925 1670 5929
22 1 9 6 73930 1.0984514339718816
26 22 10 17 82457 1.0322267864859507
6 29 5 6 70105 0.994784076491474
25 27 14 24 34859 0.9100258118681047
8 20 1 11 45838 1.0834841301924834
22 11 4 21 85579 1.0035649303006215
15 7 11 24 51506 0.9486378734199753
5 3 0 25 71650 0.9162845797670023
11 28 27 6 90577 1.0077805477073496
4 21 9 6 67321 0.9579654250235408
16 7 19 24 52139 0.9098716058742294
27 10 27 23 57376 0.9158649550252701
15 26 11 13 41899 0.933154918153428
23 7 6 11 53201 1.0479605899961681
17 17 9 28 44601 1.0621972820104657
4 21 18 10 72260 0.967513057487105
0 6 22 15 91893 0.956732221380599
29 28 2 21 81700 1.0211288481283334
18 2 28 8 51609 1.0527865489324566
6 2 26 18 107798 1.02502452597292
5 22 23 17 76192 1.083483198557744
17 12 4 21 64384 1.0247531419323392
19 3 22 26 90330 0.9698851953523047
28 19 11 9 74089 0.9264657520600846
5 4 16 1 54738 1.0328977492228801
10 22 25 1 100960 0.9653286969750234
12 21 2 7 50809 0.9718998795667253
9 13 0 24 57163 1.050815290350665
11 24 11 13 32334 1.0831162083099306
6 19 26 21 101173 0.9582241488431917
14 19 6 26 45445 1.087723920794957
18 25 26 9 74506 1.0248075891280533
8 24 11 9 53508 0.9967784946688149
14 12 18 29 56404 1.0085780952843277
4 27 17 7 73822 1.0741646870037929
29 18 1 21 97800 0.9937840285021615
21 22 27 12 66681 1.0455594700883497
11 7 7 27 63240 1.0802421790183403
24 13 13 21 62047 0.9894470550260054
21 24 27 2 115491 0.9614907759831607
21 27 14 14 54940 1.0627483063330443
29 16 20 12 38155 0.9596754473226932
8 1 4 20 80715 1.023135479502467
2 16 27 20 93959 0.913832006024808
19 6 29 27 87068 1.0189778044470923
8 0 18 6 71630 0.9337633565935267
23 21 2 3 106272 0.9812581005626388
28 25 4 11 96096 0.9688840558084251
19 9 27 1 61320 0.9144878978471751
18 29 24 23 45658 0.9856197635203712
22 7 5 20 85243 0.9760691461435193
17 21 1 8 65020 0.9643583569226801
15 19 24 11 60084 1.0866076096244968
25 21 20 4 84344 0.9681701875400539
17 9 28 24 76588 1.0452695952676139
2 16 16 23 63658 0.97971327258687
18 21 29 20 52094 0.9808824207557532
28 23 10 8 89668 1.0296717015943813
10 14 24 11 59270 0.9438635635481152
0 13 25 1 112195 1.0974949614892504
9 29 21 25 39960 1.0596818456175103
9 28 23 29 36221 0.9616826768480868
1 19 23 0 116668 0.9433315472778963
2 17 20 6 77209 1.0444311066302592
22 19 9 1 99858 0.9081772166682341
29 22 22 1 90862 1.0287379414321656
17 1 22 23 80589 0.9330235301881088
1 25 6 12 55115 1.0438143265154383
0 9 18 27 86306 1.0529064661767153
12 9 0 10 41794 0.9514053382609597
28 5 20 18 67786 1.0581578226500084
21 29 16 8 64163 0.9968536405019526
12 29 1 27 31233 1.0826140320595385
14 17 10 7 38567 0.959432210457112
27 6 28 20 55313 1.0203609375788218
6 27 4 5 66162 1.0739302546959877
10 23 19 16 43917 0.909864860000354
1 7 2 19 50850 0.9365109854647727
6 11 13 1 55508 1.0455598646161206
9 5 14 19 59388 0.9322289839637471
21 2 14 27 86335 0.9947342371054817
14 20 3 0 72019 1.0657910502123433
27 16 28 5 42686 1.0064351629334038
6 3 4 26 81698 0.984809364502357
7 25 27 20 82354 1.0296749798672176
12 15 29 12 59028 0.9867317337671464
18 13 0 18 72320 1.0335905397381746
11 28 23 18 67017 1.08537477143325
12 15 28 21 66932 1.0318965621961436
16 27 14 18 33031 0.951463191965894
25 26 4 9 96598 0.9097256178533892
8 21 14 25 32203 0.979522995074692
8 16 28 17 61615 1.035183183051324
15 15 6 25 52924 1.0435657295668892
9 16 2 7 41186 0.9946922379421139
6 1 11 27 82432 1.0056116202350847
2 13 27 27 100307 0.9239048691919214
12 1 9 17 68322 1.0648692383810001
0 17 11 25 50329 0.9429265366331856
1 0 20 16 85393 0.9878595225933036
5 12 20 26 75426 0.9267070801834855
19 0 8 13 71885 0.990128383738223
21 24 16 5 63523 0.9065675098890812
10 20 10 2 71821 0.9918321564203256
15 7 14 19 41235 1.0170126613073407
25 6 7 17 76760 1.027436230416281
18 4 14 25 66617 0.9076192985642507
15 2 28 14 79086 0.9287017292343961
7 26 18 19 50589 1.0102955141473988
4 27 2 14 42644 0.9774024399201573
11 27 22 11 70243 1.0383178705570488
12 15 3 29 56346 1.0485072869441152
18 20 3 10 63309 0.9915902309389403
8 20 18 6 68227 0.9641905863397122
8 14 6 25 34422 1.0465008147967054
23 6 15 1 51874 1.0901733959411122
29 17 2 10 82977 0.9664829986841867
9 23 23 25 47965 1.0769838027001546
2 14 22 27 84314 1.0603616388904564
10 17 28 7 69636 1.0821053054913181
4 15 27 6 86992 0.9234538281826254
12 21 7 2 70139 1.0004591827574996
23 24 6 0 115695 1.0269030346116612
3 24 17 21 55199 0.9950675594428877
25 29 23 8 88599 1.0587569738483502
3 27 28 20 85742 1.05697984717575
4 24 18 21 57125 0.9719497688288116
19 13 24 23 58433 1.0619719785708628
19 15 6 16 43648 0.942400620380601
18 11 11 3 45595 0.9705089886920646
17 15 3 18 52495 0.9711946599157602
11 26 4 1 81270 0.998412328113272
3 19 8 10 49164 1.0260841382620014
21 22 0 25 74406 1.066083720696661
5 16 4 26 43359 0.9177561471645743
14 12 14 28 45853 0.9036506990174757
17 22 24 3 73531 0.981120885191858
0 3 0 27 83792 0.9508921986763146
28 9 24 19 48590 0.990836300089373
8 18 16 21 47273 1.0452062769765251
17 29 5 3 85996 0.9160526760605976
7 9 28 22 89742 0.9705498707070612
0 7 9 16 50539 0.9348046608933148
22 1 0 1 101104 0.9230779555939831
12 29 22 15 62187 1.080122456719252
13 5 1 0 71535 0.9550448257973119
12 22 27 27 46529 0.9815320926031241
5 6 20 21 80308 1.0478290577711467
20 22 2 7 82813 1.0232452447184803
13 20 2 9 55495 0.9942496999567884
4 10 9 28 60870 0.9663136761759921
21 4 7 12 55532 1.0631122945551625
7 4 20 1 77350 1.0634651259906944
29 18 0 17 93197 1.045550270806156
8 16 16 20 46764 0.9119939401370251
27 10 8 12 73013 1.0496933774215662
15 1 20 22 70604 0.9859844507661198
29 8 5 23 99120 1.0609736388629543
9 20 17 3 63864 0.9999612802914861
29 4 19 3 46449 1.0802251720105949
14 28 23 13 68936 0.9174443299768557
9 17 20 1 72134 0.9333774033742965
13 14 5 2 48904 1.0130269992970575
9 1 2 24 95136 1.0623415124382232
25 3 4 21 112199 0.9480775231615146
18 16 8 17 34860 0.9304126270530572
24 27 20 1 100940 0.9529337309664204
9 14 22 20 65499 1.0628460648900848
8 0 16 14 69250 1.041684581816864
19 17 0 5 76124 0.9704272847245046
13 5 4 6 48220 0.9863830631503498
25 15 27 2 73732 1.0781294559616434
5 17 22 3 88598 0.9135927608709754
1 12 29 8 79831 0.9160722635550663
16 26 22 0 99680 1.0981300651385426
22 6 18 19 58068 0.9263854211105037
5 9 4 20 44898 1.0000308277411745
4 25 25 14 91741 1.0409770385588277
6 26 28 4 116424 1.0356847734108334
26 28 29 16 40030 0.9823763250430304
5 28 3 8 65704 0.9494164974439693
19 18 29 5 61115 1.0806390534418195
16 19 6 24 54340 1.0839370845468999
20 2 6 7 67696 1.0193434934899863
5 6 12 29 64210 0.9430309535131408
18 11 19 29 56034 1.054730957146169
23 25 6 18 70297 0.9110448701001411
20 2 11 22 75895 0.9902277294645782
12 18 6 6 48258 0.9021023170250684
9 4 17 1 49084 1.0738020556338785
8 2 18 26 99388 1.0420330933896054
11 4 28 7 64689 0.9614014263088217
12 1 2 6 58356 0.9277224854124848
29 21 1 23 91712 1.0457158079369298
0 25 10 15 54482 1.0549725888346129
19 5 4 5 58415 0.9853605307318877
9 23 0 13 60471 1.0690813190379505
4 24 29 25 73845 1.0735486451270257
19 17 11 28 45952 1.0295247684178825
7 17 20 20 59493 0.9886854579658695
2 9 13 16 42909 0.9931424837765446
9 19 10 8 45125 1.0314175923423343
24 5 0 15 90471 0.9836513898098468
13 17 12 28 27069 1.0967805848690602
29 3 9 3 93838 1.0722197657812358
5 8 13 3 44708 0.957233069164455
8 11 23 5 58834 0.9623392223631408
13 10 1 25 69332 1.0237275389440335
3 13 13 10 35744 0.9147380036913741
12 28 0 27 33699 1.0684036049814793
1 25 4 4 62924 1.0138147647165148
5 7 27 24 105791 0.9920463287741246
11 3 26 0 87634 1.0457037417545978
6 23 21 18 74096 0.9129871102999395
18 2 25 23 97586 1.0217080209863088
9 4 15 15 55830 1.056072789998787
22 11 13 22 61099 0.9997158004451303
0 16 27 19 98313 0.9273942626329665
28 16 18 1 73375 1.0286088566456275
27 12 0 20 111619 1.0455865943312768
17 26 9 8 60584 0.9051912265252435
13 28 26 3 102960 0.9172608587622223
26 2 0 23 138859 1.0468824616481005
8 7 23 6 57677 0.9918536696247979
9 16 19 24 49638 0.9485362019126984
6 4 29 12 89919 1.038846715591018
26 16 2 26 91016 1.0296301354828492
3 9 11 19 48864 0.9635347947278032
19 20 6 0 96151 1.0565689306200865
8 4 3 11 43127 0.9726921031393007
10 26 1 20 39683 0.914516984941267
26 6 9 13 73151 0.9182518973549411
29 28 20 26 27232 1.0455028913403068
21 23 16 17 35895 0.9327546173893573
12 27 7 15 40621 1.0422137892140382
0 6 9 5 54897 0.9470295740195657
12 11 28 20 67324 1.0862156750372258
0 5 14 6 55565 1.0785112718565624
25 6 0 25 112323 0.9619374313141197
27 7 18 1 56551 1.0272140326734207
4 11 9 26 54927 0.960032072219094
1 12 27 18 90572 0.950786430992123
27 24 14 16 71685 0.9479072109253858
27 24 27 6 74453 1.0768558468709357
2 12 17 23 67101 1.0364251535718783
0 24 14 9 78699 1.0846200920485454
12 7 20 22 65666 1.0586905030963667
11 2 28 4 85042 1.0684936952980193
17 17 3 13 50305 1.0002491033369463
25 19 28 12 46066 0.9495207855215612
19 21 22 9 53811 0.9032779206736652
26 3 0 24 130478 0.9355525861705812
5 6 2 16 37297 0.999156730436892
16 25 1 6 80513 1.0297735875043117
23 27 10 19 53603 0.9061497396042091
11 20 26 0 106873 0.9266635704335839
13 0 13 20 73206 1.043027106037038
13 28 28 0 117894 1.0348978203892063
8 28 10 2 82106 0.9952034476792351
24 9 20 17 42335 1.0599040482618638
17 26 28 23 46521 0.9356068201003445
10 17 13 8 36586 0.9323173227662662
10 11 0 1 49239 1.077355339478866
26 26 17 11 68267 0.9940856585900011
0 22 21 14 91164 0.9014832157474927
29 11 28 28 51038 1.0382249135689758
28 6 16 28 89453 0.9647087716118851
15 1 15 14 38760 0.9829986012596138
25 27 16 7 70977 0.9512683109968075
18 19 9 9 50626 0.9341687125036201
29 29 8 25 58127 1.080244370225457
13 3 14 21 69896 1.072562428203447
27 5 14 8 54133 1.031134858654321
29 28 15 6 84977 0.9693059103891377
18 2 10 9 47337 0.9882713084235958
13 17 19 27 40197 1.0865786386989913
9 16 1 29 50794 1.0514745066492983
20 4 12 27 73477 1.034964518565689
1 27 10 16 50804 0.9233000151991767
13 24 0 12 62482 0.9920122211248426
23 3 2 15 93402 0.9614752284487079
2 10 24 14 78899 0.9180084565730501
13 4 21 12 53959 0.9288989710624158
9 26 14 21 31243 1.0806512828610226
24 23 22 4 94019 1.0559943056640488
7 11 1 26 52868 1.0631169389922706
8 14 7 25 32315 0.9285889719891195
11 19 28 3 91588 0.989575557033185
8 4 27 15 92668 0.9364753891309343
9 24 3 5 66410 1.0636203731378795
24 0 20 11 53009 0.9628863508888079
21 2 5 29 109079 1.0998726386910709
13 27 5 18 48429 0.9708719820906514
0 6 29 11 97752 0.9384594269304032
27 28 14 4 91852 0.912239660214352
3 24 13 22 43044 1.0176968765809782
11 26 24 25 43246 1.036801581777789
10 9 14 25 45085 0.9649031397026412
3 0 25 3 94896 1.029210517808171
21 20 3 3 87887 0.9929920673317454
21 19 8 2 99907 0.9085213931897486
28 15 22 7 51813 0.9989919620618166
6 8 3 20 55214 1.0222455501573195
3 24 23 21 84845 1.0092584944700482
0 0 22 26 121219 0.9650521754980317
24 17 0 21 92370 1.0046974156211337
10 23 1 3 77762 1.0255500198522256
26 12 23 4 44504 1.0814321804144529
28 1 16 28 111865 0.945346117204958
8 28 8 12 51053 1.0906378175709206
14 11 7 21 40475 0.940983043260801
0 25 9 8 65851 0.9650337914886755
4 1 0 23 71867 0.9315138799065674
21 22 16 29 41763 1.012268865394836
0 19 22 22 94399 0.9820183640983076
13 29 29 17 71074 1.0862331668388454
0 0 2 12 48131 0.9571315781682308
8 12 23 8 51404 1.0771863732231077
27 3 7 16 94788 1.002080359402661
9 1 21 24 103060 1.064757186089082
14 18 20 1 65018 0.9934982547222346
5 23 14 0 92502 1.0839134543624054
4 28 21 29 44459 0.9113928154372283
5 22 29 10 101980 1.0258149679074915
25 6 14 1 60341 0.9979894715952943
10 22 2 16 44099 0.9850806103687597
1 26 17 10 76095 0.9770609670516047
13 17 7 3 60526 0.9510317597446356
3 4 1 26 60392 0.9109069076519228
19 9 7 19 56107 1.0910351720461429
15 4 7 29 75565 0.9853983192757433
20 19 25 25 42634 0.9535485688694207
27 10 8 14 78843 1.0646924869783638
28 12 18 1 69706 1.085333262203329
18 18 26 14 40003 1.0625434431459708
12 11 21 27 51513 0.9167845029680654
24 11 15 13 46864 0.9084877111139628
20 25 17 7 55656 0.9644300295039152
20 9 8 9 42411 1.05234753100756
18 29 5 8 72421 0.9665147185831123
13 28 3 25 32620 0.9687510984240916
21 4 27 13 50964 0.9872156681691463
21 1 28 8 41997 1.0046667421050872
13 9 6 23 57820 1.0175058029095656
14 9 4 1 49472 1.0509665228954381
10 8 27 28 82052 1.0025982381125769
20 4 7 21 78130 0.9981997459455209
0 15 24 21 101368 1.0911810114813558
25 12 17 1 58645 1.0995793229097073
25 7 5 22 91749 0.901346325554664
17 0 16 14 35039 1.0819769118546052
7 0 29 26 131880 0.9007685167362259
8 9 14 27 56113 0.9198850985985706
15 24 28 1 107660 1.027195753320765
17 3 25 10 47474 1.0887342537817093
0 4 2 25 77043 1.0747112381431094
28 9 17 21 64350 1.0555865918253986
8 11 12 17 20013 1.0815402137004133
21 0 12 22 78436 0.90489870245565
12 20 15 0 57043 0.9294356021356063
8 21 21 20 72298 1.0699631969267203
26 10 9 19 80819 1.0969752135278128
27 2 5 13 107436 1.0345727550963215
4 15 12 12 34107 0.988007470694082
20 16 25 23 50941 1.075617688004452
1 28 8 19 41127 1.0255986582750023
9 2 29 24 118203 1.089475169659767
6 20 11 1 74035 1.0579599809854219
15 3 22 18 68708 1.0495009980764816
13 19 5 27 39186 0.9088361131560024
28 25 26 4 77828 1.054788690812085
7 23 7 12 29964 1.0491046543591989
29 27 11 15 69547 0.9047969735524496
27 18 7 13 77221 1.0001235324210282
5 8 17 13 39068 1.0791647628322847
25 25 14 16 56932 0.976078147851809
12 4 14 24 70442 0.9453065908829978
8 22 15 28 37230 1.066785422808531
20 20 26 24 43246 0.9347178887108313
16 10 17 28 46067 1.0287971367433737
1 9 19 29 89842 1.0991375405302506
22 20 3 0 98071 1.0254175793996332
13 23 10 8 44375 0.9446617916017339
28 4 6 22 109499 1.06028302686252
12 4 0 9 55184 1.0861912630971224
2 5 15 2 64105 0.9628395326044719
23 8 16 12 29157 1.0942621808240367
18 21 10 3 75562 1.0173890390754061
2 9 10 7 24924 0.9502601895123151
29 3 6 26 118695 1.0733894841105234
13 25 4 1 76123 1.0949448285267323
11 15 24 16 42041 0.9670671113771417
22 9 24 19 50913 0.9515026125027328
0 17 23 21 100208 1.0770966757065488
15 16 28 14 42419 0.9813076873736786
17 22 8 13 58922 1.0566665547966043
12 17 26 12 60167 1.0171674396747332
26 5 19 29 101083 0.9230942891547123
22 1 17 20 71132 0.9187114463176242
22 1 22 28 101375 0.9548744736319237
0 20 15 25 57141 0.9070833769502201
7 29 11 22 31904 0.9422699179556131
26 28 20 8 77859 1.07691805167841
3 3 24 10 73476 1.0088687621124575
0 20 14 6 84125 1.0404801631491905
0 22 10 12 61829 0.9419923346489864
6 25 1 16 34462 1.0327019097152668
21 14 4 0 85926 1.059893093003613
19 27 17 17 29544 1.0848754790599864
15 13 28 16 45997 1.044982637472626
25 28 19 21 46375 1.0005023064458056
6 1 3 25 82742 0.951007505192309
13 11 23 11 36221 1.0811526939635534
8 29 15 6 73141 1.074349769614118
1 8 22 0 85593 0.976614033755615
9 7 28 15 77149 0.9490638405021499
24 5 1 7 75480 0.9253405678632272
17 8 4 3 47945 1.0167696739923395
24 28 6 23 53719 1.040748722053944
0 18 7 1 73870 1.0971845553848099
11 21 5 7 50269 1.0228913322576574
25 18 10 22 71494 0.9423905200107127
10 6 25 28 86153 1.0602172709500162
8 12 25 28 79358 1.0444129075755433
11 15 20 22 52005 0.9352272849017782
24 14 25 1 62020 0.96257636240869
4 1 14 29 84841 0.9263152495365885
2 6 24 21 102465 0.9102290371253525
20 11 1 5 67470 0.9906386519409092
29 19 24 13 34241 0.9480702633998823
8 23 27 5 100679 1.0514690690567978
29 20 22 1 84984 0.9718695263521383
29 21 4 10 90906 0.9799493712352662
13 26 2 21 53549 0.9127893489399082
19 21 27 0 106301 0.993217121536816
9 26 11 3 73785 1.0012095375203478
17 21 22 0 79751 1.0044334189270891
10 1 22 8 57933 0.9314586248905115
1 16 8 1 68268 0.9400181769086324
16 20 3 18 69585 0.9562912202632391
21 27 4 22 58330 1.0196444758102539
22 24 5 1 103521 0.9905752516348367
19 21 3 25 62305 1.0902795113698482
11 7 5 3 33720 1.066644642524524
9 25 15 6 60603 1.0399129713125892
23 15 4 12 64265 1.0440919414845677
19 7 25 12 36641 0.9748835439662047
5 0 4 27 84284 1.0401784400144676
15 20 0 0 96644 0.9130110679415044
14 22 7 25 29860 0.9771152548543992
12 21 15 1 53254 1.0292716097337684
20 14 2 18 71505 0.9771902729340426
14 26 28 1 114686 1.098818395662926
3 29 22 19 91769 1.0269145338797576
20 28 2 3 92631 0.9784653829098655
29 20 13 18 63201 0.9042025042647385
8 28 25 15 78005 0.930118321784369
17 29 29 21 45927 1.058019165989543
29 27 16 15 61089 1.064101189639076
12 20 9 3 58999 0.965247079153598
0 22 27 15 100976 0.982915208724128
13 27 6 11 47541 1.0058227064040344
16 28 9 16 43412 1.0834285065791398
11 9 14 23 43677 0.9058294985389187
10 24 18 9 53852 1.0347176378860519
18 21 13 13 48739 0.9787775510294674
15 13 1 0 73047 1.0863459044101345
28 9 24 24 71273 0.9926355035263551
18 5 15 15 39219 0.9632906213492088
21 28 1 27 48903 0.902260249478263
29 12 22 5 48509 1.0744849977976139
7 5 12 10 37112 0.9077386493791916
24 16 16 21 39128 1.0413208254545578
23 2 25 14 63551 1.0042800928448998
4 26 27 27 60577 1.0788074144919606
28 26 9 27 53281 0.9913932203098423
10 1 15 19 73313 1.0275735737671807
22 26 24 7 89142 1.0318075164936236
8 25 7 9 43172 0.9950589523285
20 15 11 26 54742 0.9833559891987422
0 15 24 26 96030 1.017961581882413
20 1 21 27 92397 0.9639901353917266
14 0 12 14 49157 0.9546704275017022
29 14 25 5 48241 0.9063274748638415
28 13 7 1 108987 0.9360625721755371
22 0 24 29 118781 0.9069959498988133
17 11 16 29 50954 0.9024229808785671
9 15 16 2 51311 0.9095357345648792
11 3 14 27 68885 0.9853742208273597
8 5 18 15 63018 1.057362155109221
11 3 18 29 81955 0.954077593166373
25 10 12 25 77379 0.9526397355856836
18 21 22 10 55147 1.0693609208190382
13 5 1 6 59654 0.9979150394306104
10 20 17 12 46613 1.0010861911861346
17 27 14 11 45238 0.9952168634935612
15 18 20 6 52944 0.913482332839168
25 17 3 8 76008 0.998252821997035
29 4 25 11 38453 0.9244352292495973
16 9 11 24 40974 1.0641996601400536
18 2 2 6 67969 0.9874849933758745
13 1 22 18 79944 1.0888840297555764
7 27 12 21 26028 0.9132667846478602
23 28 1 25 58238 0.9573524499629498
2 22 12 23 47918 1.0800087927061202
3 15 26 1 112491 0.9950783243801512
18 5 9 18 56977 0.9375094444472725
13 0 28 7 71948 1.034782572651708
6 13 11 6 39311 1.0720413418688248
10 14 21 4 58054 0.9344778594890709
24 23 5 29 77012 0.9463527609384206
23 18 7 11 58562 1.0361484162004242
7 8 5 23 47067 1.0067941987747893
28 27 21 0 106179 0.9227260674968107
5 17 28 26 88009 1.005966795757868
16 1 3 19 79837 0.9555674142398114
23 21 13 15 62980 1.0446264019384046
7 17 3 7 36920 0.9396052754159506
13 0 27 11 82935 0.9244062560241737
6 11 11 27 48515 0.9406529303394261
0 27 0 8 64403 0.9743015554538036
6 4 12 0 49981 1.03115387530121
1 20 17 7 73269 0.9325603079928545
18 0 20 16 58454 1.0913835514580776
14 15 7 12 32185 0.9574282700881346
13 14 29 23 72958 1.06050244802508
22 5 4 4 73483 1.0327270024070248
19 6 0 26 98456 1.098641963657746
22 6 22 26 92001 1.0381757487613288
27 21 18 5 90171 0.981463015757938
28 22 2 13 107674 1.088697053917252
4 18 26 29 88606 1.08767066255583
23 18 5 4 82072 0.9728596823912827
3 18 26 15 80910 0.9772604930983012
24 18 21 29 68743 0.9106977749698028
7 4 18 8 50379 0.9968562151068567
18 24 23 12 58171 1.0149870143635988
7 0 14 12 68142 1.0248334898024165
14 24 4 10 57228 1.0138101524496559
15 29 10 19 38389 1.0888305913201235
7 23 26 24 70054 0.9433369256894706
20 12 16 20 41177 1.0085245196452595
6 17 12 0 74809 1.0957605196678877
4 16 14 24 49886 0.9446998669744926
16 19 10 28 41807 0.9772989480744412
27 4 3 15 100238 1.0027707502356553
20 9 5 22 74739 1.0300774224629539
12 26 10 9 42400 0.9000142748299127
28 26 1 24 79403 0.9851223281215986
27 14 7 1 113264 0.9074388060482595
14 27 0 8 70322 1.0683436078663284
28 0 7 3 115791 0.9534215155195107
22 22 6 24 65572 0.9483497590917699
28 26 15 18 66148 0.9520339092203738
20 1 26 12 57564 1.04277304945456
19 29 12 13 49503 0.9665146863809791
4 6 14 9 35215 0.9035724293243602
18 5 25 2 47179 1.0131983387966859
12 28 12 13 29699 0.9032346163410837
2 20 22 4 103706 1.0831739142093004
26 5 23 24 103047 1.080826630214334
7 18 22 20 69195 0.9468358906562725
17 19 2 21 72516 1.0717422377910486
8 15 0 3 58501 0.9160547318749024
11 22 10 1 68433 0.9560694743555179
21 27 8 4 94184 1.0426210144078527
28 16 10 5 74739 0.9780341534279218
1 16 15 8 56949 0.9493506543729267
3 25 14 23 38426 1.097127931618693
15 28 19 15 43170 1.097893222099024
17 5 7 29 72898 0.9998838173500962
25 20 14 18 57501 1.000442975340821
13 18 29 26 65613 1.0292217662058547
15 5 16 25 58051 0.9364369959968561
16 11 26 28 63657 0.9399527696477956
17 5 15 26 59302 0.9046404626372124
29 29 3 11 93932 0.9092981986031937
6 9 27 14 79311 0.9719992889065139
19 5 29 23 79877 1.0896965094445827
13 6 2 19 77214 1.083193151430983
7 14 24 22 85630 0.9914604622482973
22 1 15 28 94857 1.0675251949526696
5 26 27 1 135120 0.9068128183518605
21 21 18 12 45108 1.0322869760715834
11 23 18 1 64437 0.9433180438765885
10 9 5 2 33852 0.9044774168821664
26 8 0 5 75481 1.039457117413213
2 0 16 20 88817 1.0075338345888982
18 27 16 13 39732 1.049965338651082
23 0 22 26 116073 0.9683366412926137
14 10 5 0 55097 0.9512100401534587
4 16 16 2 62645 0.927687078305821
1 6 29 5 92655 1.0398344920979694
3 9 24 17 74502 1.0455457031321609
8 11 25 13 63043 1.090660295583972
20 29 25 5 97779 0.9430876210564036
18 12 22 21 51483 1.088964223602443
29 25 3 28 65484 0.9345486694846564
12 20 23 29 45939 1.0401827359132538
23 15 14 23 50875 0.913932577033838
22 0 16 7 50452 0.9508928175847521
11 14 17 24 42705 1.0176176002175874
18 20 8 21 56339 0.9834587981000766
2 17 20 12 72603 1.0347354399018371
15 15 27 1 88712 1.0093785583947197
20 1 23 12 47712 1.0184130977262147
9 23 8 8 50403 1.038764763381539
10 23 9 9 46484 1.0076255149698863
22 20 23 4 77189 1.027210206294634
23 21 29 13 48809 0.9560281556875709
19 27 8 17 52068 1.0223572651069073
3 9 16 21 66409 0.9076611607911202
9 9 1 7 30637 0.9431599496831037
15 29 3 1 84114 0.974050882293739
1 18 25 16 75589 0.9001303591651298
8 9 18 7 36477 1.07539223197735
25 1 16 2 45696 1.0520471187976095
5 3 27 13 94192 1.0001529303347108
7 27 8 0 94774 1.0318925223000623
15 16 21 2 56680 1.0042615522486833
3 16 9 20 32361 1.055823670485429
27 23 8 2 130434 1.0898054682496987
21 18 12 23 50887 1.0881942150757513
2 11 15 10 35386 0.993271830782583
20 25 14 11 49479 1.0323355739376852
0 2 15 1 78856 0.9914338885860239
28 6 0 26 122172 1.0762638708408068
14 23 7 11 43720 0.9181190184051604
29 17 0 3 108117 0.9543244897509449
18 13 4 17 56104 1.0695767604921285
10 2 29 14 90713 1.083364387920871
14 21 10 6 52158 1.0285755794184819
8 7 24 4 64367 0.9603364272338175
20 13 1 9 69925 0.9687246632297352
19 25 10 8 61024 1.0990910735142407
4 0 26 8 79567 0.920608296601512
7 11 9 3 40809 1.0082341107413488
5 2 10 25 73741 0.9897584283762495
9 0 24 2 81407 0.9982112149809245
21 25 19 7 65757 1.086021306029972
3 28 27 29 60346 1.0072608138722101
25 20 9 4 98308 1.0583608387541505
20 7 24 23 80859 0.9037770699569547
6 28 10 22 30279 0.9963403386600057
9 26 22 3 95141 0.9351939955395148
18 21 24 10 60651 0.9673547344113141
19 9 29 0 59445 0.9781237727321748
18 23 26 19 51518 0.9030302954945586
2 0 9 20 72538 0.9999598514374284
23 24 0 19 87731 0.9344424536495854
10 20 15 29 39383 0.9913833913441188
12 10 24 22 73368 0.9642588505461714
27 2 14 9 72499 0.9568434918405013
20 27 15 12 51072 0.9999668742677442
20 17 17 3 47993 0.9404792394282889
8 1 29 5 97023 0.9064537991980939
24 26 27 4 95291 0.9549633829181643
13 9 13 21 36018 1.0442752162410271
29 28 19 17 58323 0.9467147681772683
18 9 7 6 41739 0.9530929504378517
22 24 0 7 102097 0.9434795622283731
19 16 10 27 50354 0.9153393055012855
4 4 21 15 76547 0.9032740083068059
4 24 7 1 88823 0.9151291875203436
18 3 3 18 83013 0.961537682806499
17 13 10 22 41580 0.9937986061168831
19 18 29 17 32627 0.9300728652086538
24 11 18 17 40085 1.037939915423946
22 28 9 11 62692 1.0350050641019057
26 25 12 6 94622 1.0132149639506074
10 3 21 27 87595 0.9067220328690536
25 27 8 25 48647 1.0277795482100265
24 29 10 16 63524 0.9950638716239546
27 15 23 27 56110 0.9153212008953113
24 2 27 9 38366 1.07253522955513
7 23 7 13 26463 0.9138300914092152
29 6 12 26 85222 1.056935974736862
7 18 13 0 77183 0.987782849223733
3 18 11 8 52635 1.0362009741989924
25 27 15 27 24529 0.9630308189151062
27 14 16 29 77925 0.9113310343321631
15 29 4 12 64018 0.9445090506561842
15 13 4 22 68346 1.0276161709792586
16 25 3 24 42095 0.9381666113845093
16 21 17 7 43876 1.0219774859655228
8 9 29 25 95606 1.0393196235300528
6 6 28 13 91331 0.9343818838934792
10 24 0 29 40436 0.9407568988437855
14 8 4 6 29132 1.0984144109133325
26 7 16 3 45342 0.9009754903434509
13 18 20 7 48843 0.9898338711450775
29 0 27 27 87077 0.9518978994454286
26 29 10 24 55809 1.0137562134563889
17 26 7 12 54627 0.9205152362956899
9 0 15 20 88697 0.9155779979008462
28 25 23 0 105412 0.9593692375796823
26 22 21 11 69699 0.9959060589244676
13 23 0 8 61611 0.9646073066759825
17 14 1 6 61238 1.039423766336281
13 26 26 26 45158 0.9056831942842907
0 22 7 8 57172 1.0327171621567537
20 22 24 28 35608 0.9138092391014904
25 18 6 13 81555 1.077433653355318
26 25 1 1 120415 0.904054295764676
21 9 19 27 64387 0.9009269367125644
13 20 16 1 55293 0.9073623055870772
16 5 17 20 36878 0.9610314358805001
3 19 24 3 105120 1.033524511420888
18 10 24 14 40219 0.9292682193517845
8 15 20 23 64795 0.9586983712748933
13 11 6 14 25922 0.926948906077463
24 27 18 15 52551 1.0399858800765842
18 11 24 22 66032 0.9019340429156983
17 8 8 20 57060 1.0979995109119782
23 15 6 27 74411 1.0898449061816522
14 27 1 25 38565 1.0570808379966152
18 13 14 23 41538 1.0551909939335176
23 20 3 14 86468 0.9386026105825692
27 21 28 9 48641 0.9952272635679764
25 18 6 2 104154 0.9652893767699035
6 22 22 20 77760 1.016842804399042
21 28 21 6 76658 0.982302266222018
2 3 11 15 55733 1.0506657453597608
22 16 29 19 25122 1.00919791141942
18 29 10 0 95224 1.0390574587103056
15 2 7 27 80433 0.9640121816500654
1 1 21 22 106536 0.9515293625867778
8 29 16 9 61087 0.9325164518248537
22 4 13 21 70909 1.0367202400028834
2 5 28 11 90993 0.9351866518860984
27 24 11 10 88436 1.0103875816992283
28 28 27 11 59176 0.9955244433093903
28 24 8 12 98101 1.023733744500655
10 1 14 10 45946 0.9165963493955871
24 4 8 22 91127 1.0942465019139935
11 6 20 14 55303 0.940549825991291
4 8 11 20 48473 0.9124578729431266
26 2 17 24 96344 0.9024780881759717
13 16 19 22 35990 1.0741974797337726
2 26 11 22 45043 0.9686444053370489
13 26 1 7 73798 1.0487377865458098
12 14 4 22 46975 1.0211926408646625
21 14 11 1 70790 0.9838578573846386
8 9 13 26 55628 0.9385613877591629
18 1 26 26 101612 1.0488239506588428
18 14 7 18 45043 1.0272381622261089
14 23 5 5 65508 0.9164273576282241
6 27 26 23 74124 1.0099134073137481
21 15 28 26 59499 1.0355851287893971
23 5 15 12 49723 1.0908160456255993
15 12 16 29 56121 0.9459733861305677
18 6 5 29 87623 1.0572654446922969
7 20 24 23 74539 1.060868104926603
15 17 11 0 65693 1.0700955626465847
10 1 8 16 58587 1.0030216352728987
15 25 21 14 48945 0.9060580335765377
5 22 16 0 81024 1.0835520811720922
1 15 3 27 32288 0.9741859675476798
9 6 27 10 72043 0.904423262509379
29 9 20 4 41629 1.0687208569305906
1 27 2 10 51029 1.068868513349641
22 12 11 25 66987 0.9282493133616571
10 25 7 17 26600 1.0758346853278784
17 14 21 6 34337 0.9689682637381651
18 2 22 18 74457 1.028354950133241
13 25 28 2 106362 0.9688620601275773
26 0 22 22 114371 0.9202024949875022
0 22 17 21 66186 0.9662871587496755
6 4 28 11 91905 0.930769432257643
3 24 3 12 43625 1.0109126378530462
22 4 8 7 60633 1.0446609947537948
20 22 9 21 56177 0.9966129081152959
18 26 10 4 77252 1.077934844803099
14 23 5 9 55618 1.0721414358302395
20 20 7 3 93007 1.0178614033671123
6 9 0 0 43698 0.9615386064748737
22 25 2 25 59637 1.0033054280270588
11 20 19 3 65251 1.0614693028270932
29 13 21 4 48571 0.9634348075915261
23 13 15 20 57346 1.0613935371335277
0 16 18 22 72223 1.0273197836610533
13 0 7 9 53120 1.0521422486602858
1 8 17 27 73631 0.974370179373925
11 25 22 27 31075 0.9582961280616089
9 20 24 18 69570 0.9330620947367234
9 11 29 11 65102 0.9973553927548789
16 1 7 9 42384 1.022732007847095
1 13 0 2 54683 0.9051678551059402
24 10 1 10 76309 0.9994423065281708
14 25 13 14 30228 1.0907913484152096
15 14 28 20 59162 0.9035360167157939
7 19 7 7 34091 0.9209739868244456
27 4 17 2 50992 0.9816480512192808
11 26 17 16 41403 0.9339664449804007
15 14 9 28 50351 1.03505291244183
25 19 5 3 99937 1.010513196337742
2 17 21 11 73344 1.0679148554976599
25 12 7 19 79934 1.0810820906663627
6 6 26 14 92992 1.0032370583605588
4 11 2 24 44818 1.058810055067414
2 18 2 3 51263 1.0575551446037703
7 10 14 28 49882 1.0316771232360136
19 5 12 2 52865 0.9278040808838947
1 22 28 4 121946 1.0027747513583203
21 24 3 28 56807 1.0692231067012397
21 21 20 12 43763 0.9172281983958054
27 26 15 10 82067 1.0938043006493239
22 4 4 11 66395 1.02011480691485
9 9 5 22 52230 0.9039951814596051
23 28 18 7 68825 1.0277287352690396
20 15 4 13 59716 0.943920708626643
0 1 29 9 96863 0.9294594032393755
22 23 3 9 89400 1.0468507097294557
23 19 4 9 79598 0.9020963769385353
23 6 13 29 85551 0.9452800062305815
26 19 2 0 115527 1.0024005150855015
19 10 29 2 53648 1.0464193477290302
23 12 27 25 63251 0.9599524556747019
8 20 7 2 72488 0.9880074640169335
16 22 14 5 59154 1.0987638792314878
0 25 24 25 70880 1.0643972939486024
6 21 12 2 75570 1.08531078552074
2 13 26 11 86716 0.9373027245994594
24 22 15 28 51649 0.9410616974925162
7 9 27 29 87038 0.9431806670247472
6 6 3 14 33634 0.963311534044061
29 3 24 19 65872 0.9264501319797986
27 11 5 21 101930 1.0960395241006253
21 27 19 10 61156 0.939730558550642
1 23 19 3 99307 1.0539073299936736
8 13 7 0 59776 1.0135259912669337
19 26 4 20 65864 1.0762700390653994
5 12 4 2 38301 0.927714353532154
20 15 7 27 64083 0.971869413776531
5 2 2 26 77276 0.9080906448803031
21 8 8 2 66787 0.9914680259038513
27 1 0 21 140611 0.9209668080138191
29 15 2 24 100493 1.046292537889719
1 21 28 6 108520 0.9365676193383864
14 8 21 19 54409 1.0872237987955624
3 29 6 16 51443 0.9191699367419407
14 1 3 6 60362 1.0147295936240486
1 26 19 12 87075 1.0492392761837206
2 11 27 3 93317 1.0828746534632414
1 28 13 16 56484 1.0684117532544182
11 12 26 15 58560 0.957165997837462
3 23 29 14 106602 1.076358559006483
28 1 13 13 89962 1.0878962066075948
16 28 21 13 56542 0.9317770220449814
0 8 8 6 31361 1.056415743162368
21 24 22 13 61410 1.0303245575204565
18 19 8 14 48923 1.0405912217160196
6 16 28 9 80169 0.956427843618268
5 22 12 6 69908 1.03689258579365
5 7 10 26 64858 1.0795225185880883
5 28 26 2 125363 0.90566478808814
9 10 23 17 55831 1.0295482602658184
9 1 16 5 44506 1.0892221722046307
27 26 29 14 45939 0.9431676151225601
18 22 28 6 76988 1.0069903617389835
12 11 11 21 24631 0.9521540076578972
23 10 9 19 71822 1.0688961365971863
7 5 7 18 43359 1.0623289868128896
28 11 0 26 121683 0.9191146294221487
9 8 6 24 52169 0.9949503331950069
23 17 17 5 49741 0.9586374564910438
10 6 29 24 96469 1.0622146153912924
3 0 6 22 66765 1.0073443750936861
28 2 10 19 103041 1.003114648659457
10 10 25 27 70747 1.0766757632498816
28 17 15 25 60507 1.0402152873158266
13 4 1 21 87747 0.9019401766002091
25 19 19 5 69491 0.9396964222727512
9 1 14 11 51459 0.9136283388060219
7 10 25 5 66636 1.0600822902987717
17 25 27 26 36585 1.0480782559857023
17 7 20 0 36081 1.0844119136528518
19 16 15 29 43366 0.9683821537524351
15 2 29 21 88408 1.0056651637606797
0 27 1 5 72147 1.03976874137598
23 19 2 9 83850 0.9218305231439877
3 1 7 11 30380 0.9840220834957989
15 4 1 26 90116 1.0069370750222502
15 22 5 3 73474 1.0740288221432701
29 16 8 28 78613 0.9564568652048316
10 4 27 16 74933 1.052021580264229
24 0 26 18 89632 1.0778525369381664
0 26 24 12 110971 1.0989591451043017
24 21 14 1 89834 1.0965038596007066
13 13 23 24 67839 0.9151438006295115
17 12 21 18 31322 0.9030257355418373
15 1 9 6 50645 0.9861458251824519
28 13 25 1 60176 0.9240405928323145
19 25 25 15 56829 0.9148901977334015
15 25 5 19 50088 0.9040291758183683
11 23 20 8 51559 1.0081774822348126
23 26 15 5 79793 0.9743862856361908
2 28 26 2 132479 1.0156023473284477
3 23 13 2 108333 0.9355000920417829
7 16 16 11 31592 0.9312074169945762
25 16 0 18 81299 1.071091408032595
12 11 24 15 46298 0.9974048388014247
15 22 25 19 59472 1.0002737771399475
18 20 24 3 74794 0.9717254538742681
24 6 19 29 85544 0.9873073829232341
29 29 18 17 58066 1.0007409535541005
25 25 24 15 57044 1.0684325886741863
15 20 13 2 78374 0.9351600374099805
19 9 6 16 51348 0.9879626133575684
6 15 13 1 68927 0.9984968968920391
28 2 24 19 76888 1.005509220462671
27 18 19 16 32331 1.0437225402621904
10 17 29 21 71267 0.9141850226653159
1 29 11 28 28787 1.0865477268589623
9 16 24 17 49889 1.0936282150357286
10 21 25 26 61209 1.0170304671415595
8 6 21 26 92563 0.9735264396781671
13 14 2 10 36890 0.9085790396871507
21 17 3 20 80358 0.9323029232811936
0 16 20 3 90100 0.9432823983881369
21 6 29 9 30891 0.9306201230936056
18 19 9 13 49218 0.9636291397897639
14 11 6 22 48242 0.9938700388003774
15 21 1 23 58005 1.050320637556773
26 7 3 1 78204 0.9818311321936706
18 1 28 14 78709 1.072516146856278
22 23 20 4 84365 1.0304999313227723
2 28 21 5 98278 0.9049576275614103
23 18 1 18 80528 0.9814372130135585
12 27 8 0 90628 0.9492742740122337
4 14 25 8 65945 0.9038503464112527
3 1 2 13 35113 0.9490313965362918
4 14 8 24 41366 0.9208252586976704
22 5 28 17 67270 1.028657980135141
16 3 1 14 61100 0.9793568819061439
13 7 20 29 76275 1.0817960902747932
25 21 1 1 122950 0.991345006100987
19 1 29 2 52906 0.997356434531651
12 4 18 17 58860 0.9933501078297867
0 17 19 0 97710 0.9372140354330688
5 20 14 6 74675 0.9060490658179299
21 29 21 14 65122 1.043994247225592
3 15 12 19 39988 1.0881943979305264
27 6 12 10 57760 1.069021381332338
14 10 21 13 37140 1.030899216122586
15 24 8 27 27164 0.9744858081833384
28 24 26 15 42023 0.9351975884425726
0 4 9 9 45796 1.0884084008754602
3 20 10 2 85917 0.900247456319475
23 2 26 17 79868 1.0682305693039997
25 11 10 6 64373 1.0817142214967361
25 21 28 8 58649 1.025400195212091
8 7 22 14 66195 0.924414563534983
15 14 2 28 68465 0.9501255160819668
20 4 17 11 33241 1.0176616339797993
25 2 7 7 79378 0.9895836011564869
4 23 26 28 65547 1.004953602412667
11 25 1 29 34712 0.9820075942854787
17 21 9 18 44147 0.9883016653689338
2 28 19 14 77648 1.0260064312145336
1 7 2 19 50850 1.071098770893927
19 13 0 23 89117 0.9139469958681127
7 19 5 4 46866 1.0700217849459157
0 12 8 26 64684 0.9858159093406234
27 2 29 13 47472 1.040073827956652
20 5 2 10 62092 1.0615661090397492
3 7 14 6 40079 0.937198736069286
5 4 23 18 82072 0.9346645788278647
14 11 24 2 56651 1.0517196400018347
20 8 8 4 52615 1.0036701082934976
27 14 8 20 85160 1.0942779671733736
9 13 1 29 61966 1.0906953870407488
8 8 29 19 79348 0.9534346876674559
18 4 0 0 84243 1.088144159690979
1 16 12 10 44971 0.9411103209053951
13 3 20 21 81181 0.9063202829920106
17 22 14 14 34527 1.06558385321165
20 18 14 26 44211 1.0108340707066417
28 19 16 2 77120 1.0682919073879393
22 1 5 25 104941 0.9702979342137886
2 2 4 13 36338 0.963136282190429
17 26 24 12 61972 1.0264814959851738
11 3 28 23 105467 1.0380370479546146
29 23 17 27 39874 1.0533585591757189
26 1 9 2 88945 1.034179414376817
15 7 28 26 90297 0.9464437096040732
10 12 4 26 59605 0.9791977704507326
14 19 13 0 66978 1.0446819390181272
17 26 10 7 61981 1.0886691942928433
2 18 0 7 50812 0.9800820518011721
6 17 2 5 48776 0.9846132638278362
5 15 12 11 31252 0.9841989628588199
10 1 19 4 52419 1.0752606109150564
8 25 28 9 92088 1.0206732295944625
4 15 13 27 54414 0.9323409098358424
17 14 0 7 59462 0.9410994020787472
6 5 14 11 43204 1.0244846422448628
2 7 17 7 42566 0.9323326263283968
5 21 27 7 93764 0.9443133860289105
29 25 24 12 52877 0.940588852610676
