5110 5152 6408 5175 5422 6032 5309 7977 8362 7185 7239 6849 7398 7642 7666 8361 8318 6832 7503 7107 6983 8253 7417 8167 7632 7461 6731 7544 6694
7896 7477 5059 6509 5284 5065 5740 4955 5270 5946 6090 6308 4851 6468 5944 5147 5283 5242 5508 5947 5302 4854 5376 5623 6488 4880 6261 5827 5251
3192 1835 3002 2012 2685 2463 2937 2101 2484 2927 2370 3143 3115 3246 2587 3422 2738 2175 2538 3446 2616 2541 3507 2222 2097 3811 2117 3548 2091
4929 4639 5411 5451 3971 4116 5211 4271 5429 5161 5134 4597 4197 4810 3972 4732 6158 5126 5372 4969 5247 6200 5214 6092 4855 5410 5665 5796 6231
4083 4837 4694 4801 3970 4253 4757 4759 4809 5527 4111 4314 4344 4853 4081 4331 4764 5391 5321 4152 4966 5632 4925 5268 5580 5048 5227 6127 5735
1941 1756 1479 1493 1474 2460 2290 2615 2738 2103 2157 2749 2899 1907 2855 1559 2552 2560 2228 1782 1945 3113 1995 3017 1687 3840 3474 4382 3241
3947 2488 4063 2945 3943 2774 3641 2832 3222 3315 3162 2922 4197 4065 2815 3716 3941 2517 2800 3162 3981 3213 5209 6621 6382 6464 6205 6076 6245
7581 6022 6640 6032 6519 6052 5988 5975 6848 6540 6574 6778 6028 6298 7183 6347 6186 7306 6793 6387 7206 7255 6051 6353 7206 6793 6701 6731 5663
2962 5862 5159 4549 5646 6031 6037 6039 5292 6039 5067 4420 5091 5218 4839 5854 5041 4633 5107 4626 4547 5664 4779 4878 5239 4822 5300 4728 5707
4886 4194 5525 5642 4132 5221 4703 4839 4250 5286 5176 4929 2124 1439 2481 2809 1337 2033 1306 2078 2637 1881 2283 2745 1259 1470 1667 2072 1672
8331 7147 7542 7718 8006 7511 7707 8535 7389 8488 8609 8161 7520 8134 7391 6794 8205 7295 7897 7856 8290 7061 7614 6807 7344 6946 7150 7382 8286
4960 5163 4411 4435 4610 4893 5458 5377 5347 4048 5049 4497 4344 3882 4752 5082 4598 3752 4205 4284 5320 3910 5874 5583 6135 6500 5829 6453 6858
5803 5428 6223 4922 6485 6302 6984 7066 6569 6751 7298 6337 7806 6643 6639 7814 6638 6601 7019 6560 6611 7014 7102 6923 7331 6404 7257 6879 6922
4757 5220 5976 5993 4627 4281 4817 5354 4860 4185 4887 4273 4304 4068 4583 4525 4055 4052 4157 4548 4495 4556 4858 5626 4026 4209 4955 5366 4773
5588 4881 5591 5173 5821 6190 4680 6179 4844 5862 4796 6023 5917 5795 5040 5133 6281 5781 5526 4965 4779 5692 5040 4987 6244 5336 3862 3725 4206
7083 6752 6685 7376 7768 7098 6968 7918 7923 7351 6661 8346 7338 7295 8003 7922 7571 8381 8346 7471 7098 7984 7529 6950 7790 7185 7310 7921 7706
3805 3487 4228 3308 3561 3725 2781 2622 3541 3433 4244 4266 3718 2819 2810 4020 3664 3039 4353 1921 2654 3438 2282 3541 3463 2761 2602 2865 2775
2845 1870 2640 2318 1683 1125 1408 2182 1282 2187 2176 2078 1932 1408 2329 2233 1916 1111 1526 2654 7642 8810 7099 8352 8281 7400 7302 8625 7143
7493 7429 7081 7694 7364 7257 7132 7979 7198 6303 7716 6898 7926 6782 6260 7689 7803 6275 7734 6597 7909 2420 2491 2599 1942 3198 3549 3239 3292
3445 4440 4782 3428 3677 4625 3605 4745 4122 3339 4344 4532 4841 4829 3962 3969 4300 4073 3956 6946 6665 6054 5653 7204 6680 7041 6268 6813 6082
5783 5427 5840 6203 5171 5755 6248 6845 5417 5505 6277 6685 5314 6929 6452 5639 5821 5511 6779 6904 6499 5703 5687 5542 6556 5401 5888 5044 5538
6918 5303 6628 5890 5520 5883 5843 6240 5651 5593 5815 6923 6716 5896 6081 6159 5353 5975 5912 5425 5593 5210 5940 6072 6497 7378 6469 7444 6724
7334 7979 8320 8313 7460 7989 7798 7977 6635 7510 7601 8209 8051 7642 3547 3693 4015 3943 2662 3621 3363 3844 3185 3810 2691 3990 3617 2445 3925
6445 5227 4665 4373 5237 4540 5376 4538 5632 5554 5918 5694 5628 5112 5800 5950 5975 5478 4312 4853 4650 5730 4503 5671 5154 5154 6036 5215 5889
3937 4325 3593 4035 3544 3210 2580 3667 4025 3301 2406 3211 3620 2612 3702 2997 2476 3064 3731 3286 3934 3222 2705 3187 2286 3180 3296 2381 2323
5970 6678 6940 6540 5614 6306 6747 5840 5366 6000 5571 5991 5313 6782 5740 5375 5178 4284 5095 3528 5010 5042 4069 3451 5195 5006 4288 4566 4229
3159 2719 1945 2741 2718 3203 1751 2680 3102 2034 5461 5918 6047 5783 7071 6909 5520 6370 5887 6495 6787 5366 6295 5789 5818 6119 5632 6971 6870
5649 5726 6302 5571 6241 4655 5884 5043 5618 5444 5116 4925 4963 6261 5374 4822 5542 6281 5459 5886 5204 4714 5634 5987 5385 4360 5477 4600 5825
5690 6164 5929 5499 6239 5161 6172 6079 6296 5662 6465 6054 6438 6347 6336 6713 6700 5686 6724 6565 4364 4477 3503 4081 4482 4537 3379 3741 3441
3523 4828 4001 3804 3983 4399 4918 3697 3579 4559 4535 3795 4346 3390 4271 4309 3928 3718 4681 3782 4554 4501 3161 4333 4042 4449 3093 4322 4171
4725 7267 4551 4830 6600 4362 4026 6892 3541 6362 6975 4600 4433 3542 5012 7745 7384 4726 4390 7499 5776 3319 3082 3302 3927 7541 2279 5778 6510 3964
5018 6958 4252 4838 6463 4362 3654 6315 4157 7686 7706 4148 5620 3456 5189 8515 5648 6015 5243 6714 5305 2412 2603 3585 3657 7269 8039 7498 6634 3185
4727 7682 5465 3663 5301 2899 3900 6072 6922 7539 7606 4430 5393 3973 4554 7789 6290 5119 4717 7523 5365 2747 2969 3319 3149 8536 8102 7537 6200 3028
4603 6723 4762 4211 5654 4059 3765 6537 6973 7415 6901 4196 5573 4707 4313 7527 7129 6028 5372 7491 5993 2666 3722 3921 2279 8326 7999 7314 5600 2958
4546 6441 4306 4473 5306 3537 3077 6492 8000 6666 6557 5699 4466 4645 4354 7091 6648 5761 4363 7296 4518 2339 2977 3234 3663 8166 7809 7544 6516 4400
4531 6383 4982 3296 4943 2977 2375 5403 8052 6767 6934 3821 4602 3844 4539 6880 7178 6355 5529 7594 5006 2777 3109 2687 2213 8203 7270 8179 6033 3617
4153 6996 4585 4400 6515 2983 3486 5940 8340 6627 7552 3283 4713 3283 4834 7764 6801 6489 4399 6715 4892 2511 3026 3227 3012 7954 7642 7660 5903 4403
3596 7513 5869 7141 6024 3397 3284 5592 7938 7575 7402 3434 5291 4484 5976 8162 7123 6383 5304 7381 5486 3375 2613 2054 2528 8686 8199 6500 6935 3641
3256 7434 4827 6870 5425 4559 2772 6737 8212 6442 6485 3278 5664 4789 4594 7403 5963 4933 4472 7454 5484 3421 2540 2181 3602 7686 8206 7269 6164 3593
3757 6438 5503 6785 5678 4085 3102 6226 7395 7315 7039 3110 4616 7647 5840 6819 5814 4934 4373 7499 5606 2545 1919 2172 2602 8339 7558 7501 6012 3249
4014 6696 5112 7176 6348 3415 3351 5984 8192 6858 6648 4066 4480 7487 5336 8362 7297 5840 4873 7492 5536 2908 2066 3256 2668 7406 7634 6917 6529 3022
3485 6561 5213 7782 5255 3687 3116 6166 7923 7184 6328 3062 3842 8395 4957 8279 6610 5615 5699 8086 4078 1715 3127 1749 3138 8241 7841 6749 7239 3457
3666 6371 4883 7476 6047 3473 3461 5801 8084 7358 6940 3304 4125 7703 5101 7202 7350 4930 5737 7999 5027 2357 3175 2013 2634 7606 7382 7980 7144 4203
4564 7365 5177 6892 5702 4003 3220 6004 7013 6705 6992 4314 3007 8505 5350 7024 7222 4767 5186 8181 5355 2624 2891 3153 3937 7710 8386 6866 7649 3985
2947 6827 4830 7486 5176 3133 3075 6405 8362 7388 6993 2814 4364 8144 5726 7729 6689 5654 4773 2488 5533 2311 3425 3245 2631 7418 7452 6578 7298 3984
2916 7908 5065 7616 5370 3506 2339 6672 7031 7391 7593 3102 3983 8225 4977 8320 6495 4804 4813 1794 4157 2278 2955 2598 3246 7489 8031 7020 6234 4227
4577 7192 5359 7004 5153 7189 3986 6255 7569 6131 6495 3140 3819 7496 5895 8011 6527 4993 6055 1770 5684 2292 3170 1640 2400 8358 6951 6513 6726 3838
4409 7062 5027 7022 6451 6330 7372 5473 8141 6352 7397 3713 3891 7851 5226 8018 7326 5781 5919 1511 5521 2608 3043 1642 3230 8025 7289 7302 6401 3913
3318 7497 4753 7367 2568 7840 8053 6626 7044 7020 6467 3466 4457 7266 4359 7278 6277 4884 3248 1275 4879 2420 2319 2844 3970 7500 7287 7732 6005 3288
2842 6603 4856 7444 3165 7713 7234 6001 7350 5785 7062 3251 4114 7735 5929 7360 5913 4910 2545 2373 4210 3001 2349 2867 2641 4927 7088 7309 6882 2974
3937 6876 5933 7610 2774 7980 6811 5483 7802 7370 6727 4412 4397 8188 5266 3450 6899 6378 2730 2811 5430 3216 3522 3022 3126 5385 6819 7891 6263 4410
4268 7761 5394 7214 3006 7682 8011 6356 7703 7150 7621 3766 4225 8413 5913 2887 6941 5715 3758 1551 5156 1913 3225 1687 3526 6283 7263 7816 5986 3496
4311 7384 4593 7880 2504 7746 7540 6518 8028 6348 7650 3772 4067 7350 5538 2351 7533 4800 3061 1430 5355 2788 2110 1836 3191 5753 8206 6704 7440 3051
4263 6674 4920 7863 3263 6522 7058 5619 8318 6015 6710 3949 4419 7635 1518 2761 7153 6261 2939 1682 5638 1959 2111 2613 4916 6170 7812 7617 7201 5412
3861 4116 4491 6786 3713 7902 7312 7083 7721 6182 6891 3644 4351 7806 2831 2493 7240 5663 3346 1552 5463 3444 2057 1617 5110 5308 7863 7888 6274 4612
3908 4511 4927 8205 3898 6820 7253 7112 6913 5731 7744 4070 4557 8598 1502 2674 7077 6449 3649 2851 4457 1756 3183 2967 4395 5961 7885 6557 6892 4415
4549 5775 4492 8011 2515 6362 7002 6563 7091 5895 6316 4020 3418 8365 2087 3264 6955 5835 2971 2083 4921 2434 2976 2113 4762 5996 8254 7826 6987 5096
2904 5259 5457 6563 3889 7180 7158 6605 7172 5984 6393 2947 3217 8779 2390 2989 6499 6265 2366 2251 5299 2697 2949 2726 4894 5391 8105 7935 6525 4681
4416 5754 5184 7109 3528 6618 6439 2562 7730 7065 7294 3478 3779 7181 2752 2359 6989 6453 3104 1717 4845 2565 2908 2033 5020 5693 7671 7628 6217 5396
22 2 8 19 92749 0.9221368874984988
1 19 5 25 30340 1.0544138113500723
9 12 11 28 44162 1.05018693924002
11 15 9 6 48674 0.9750619602983428
28 18 2 25 78545 0.9450237787402214
1 1 14 12 75988 0.9458664428822295
12 0 26 28 108195 0.9035619311273223
12 8 21 26 91207 1.0829848704406713
26 7 0 27 129842 0.9564481015206124
23 20 11 15 56845 0.9585664229326091
28 25 20 8 84363 1.0855764850492127
9 1 2 15 66291 1.0070078904190656
2 2 27 22 113280 1.0054259288692298
14 11 1 9 58980 0.9229767115366502
27 13 10 3 96346 1.0809765141285894
26 29 5 16 88341 0.9749076792294834
22 20 7 29 57834 1.037049924402388
22 9 13 6 51169 1.0288069511515738
24 16 28 24 35922 1.0258928916926364
5 19 25 2 101320 0.927547419281327
15 11 17 0 27958 1.0303416156607998
17 12 21 1 44951 0.973813645204251
1 1 1 25 78436 0.9655052175916218
5 5 14 20 66411 1.0669917733658092
24 28 19 6 78174 0.9974194832621996
5 4 15 0 44638 1.0870401064133057
28 24 13 0 90537 1.036875349899795
11 10 3 14 42263 1.0977864999046287
29 4 11 28 116851 1.061774491563844
15 15 24 7 62171 0.9401691098553261
13 28 29 24 65851 1.0761695252354433
20 11 26 18 44576 0.9186749601319496
11 22 13 1 77550 0.9291986830013014
2 6 9 9 36451 0.9864250538540735
29 27 9 23 63710 1.0220187946257193
20 20 10 4 70850 1.0629605671981275
22 9 16 22 57716 0.9112663540797505
3 21 23 26 69459 0.9718893031426696
12 18 11 28 46884 1.027970114031707
15 8 23 28 82089 1.0982928842444803
18 15 11 27 63610 1.058598055330783
17 16 16 0 36273 1.0868534657422744
1 26 25 10 110712 1.0181659659975861
19 9 12 16 56943 0.905179751210126
8 7 15 27 89679 1.061170676604787
28 9 9 9 90511 1.0415851779386498
17 22 0 17 64698 0.9175826862569866
25 29 4 7 112000 0.9803661754126761
0 14 16 29 88925 1.0856805210946712
4 2 11 11 44107 0.9019659109734017
1 3 6 23 65224 1.0497298198912108
23 21 3 28 77805 0.9445076013240612
4 25 15 28 58158 1.0909194937547122
10 6 27 27 100002 1.080695085835321
22 5 15 14 53757 0.9744266642320747
28 3 15 4 53768 0.9850827987210001
16 6 23 0 39552 0.9836932585120716
1 8 1 19 41616 1.07218960180225
14 28 7 12 66370 0.9387770967702733
9 14 17 1 54275 1.0759512946632865
23 14 3 20 75540 1.0338682585152335
3 23 12 14 52282 1.0322420728027515
3 2 16 24 87897 0.9254372053600501
21 29 23 15 54651 1.0025589020632788
0 29 17 17 72954 1.0552307387244424
11 17 1 19 51440 0.9823461307519757
21 15 16 5 46721 0.9528109665041408
2 20 21 15 72256 0.9631430719006888
16 4 23 24 62264 1.0910124716131053
12 17 24 10 65779 1.0746079741662737
24 1 15 20 70108 0.9316032716922272
6 10 10 0 45281 1.0827855128927342
15 5 9 9 38239 0.987124525990754
14 1 6 7 55963 1.0207141710363694
28 25 19 23 30011 1.0096192453909045
23 2 0 16 121601 0.9791932215941835
26 19 21 6 67551 0.9858682108490572
9 20 7 7 49002 1.0131620572916264
7 5 17 1 47394 1.0432363217252536
5 17 24 4 90530 1.0265521580381018
27 2 16 22 76879 1.0110614935787932
12 8 5 19 62668 0.9591672492832582
6 8 7 28 69343 0.9916654067007492
29 20 0 19 89609 1.013955317408859
8 17 20 27 64948 1.0284364285939478
17 17 7 24 38759 0.9853089622789665
11 28 12 17 50361 0.9997917045223057
1 10 22 15 97791 1.0182118494483299
2 15 15 24 59905 0.9332967055038371
3 24 8 18 33765 1.0183423455822582
19 22 28 2 88537 1.0388428298948544
2 11 19 9 69915 0.9723073186126426
14 29 28 18 65227 0.9460212950850169
22 4 6 14 78098 0.994502447383333
5 9 7 22 36312 0.9638838558732405
6 4 16 17 68033 1.000149945714348
0 25 5 12 51525 0.9056908133958668
0 15 29 24 107188 0.9089782903490335
27 7 15 21 74223 1.0173297501798404
9 3 27 4 77310 0.9124197946945292
12 29 24 29 46781 0.9605094030567249
7 11 17 4 45667 1.0273705613988389
9 8 0 6 39881 0.9940178740924223
22 17 1 15 83353 1.0174057409704547
6 0 14 19 82521 1.0010188648160923
4 5 28 18 94276 1.005975396063595
19 15 6 22 52227 0.9429474910053178
27 25 4 20 76126 1.016926573311192
24 11 16 22 47829 1.0178866503358477
18 1 9 9 56140 1.0203195742227937
17 10 28 2 55844 1.0397139793303283
23 8 6 16 94106 0.9933411073883578
2 11 4 26 53352 0.9081032010628611
18 2 3 5 60416 1.0412037006331611
13 25 28 23 44955 1.0793621153411768
2 19 13 11 61429 1.0227376127028347
7 28 13 4 94855 0.9621484625086798
10 9 22 29 94236 0.9076144216833236
5 12 22 24 71242 1.0680268019921706
13 21 27 5 80232 0.9505576621116313
23 13 10 2 84721 1.0650336996870013
26 8 1 11 103841 1.0099343820683204
24 24 19 2 70281 1.0161849250056176
7 22 28 5 100678 1.0850395675782871
26 29 4 20 83737 0.9336148880784675
0 29 13 9 93021 0.9489736016334545
9 10 4 18 40436 0.961843219083258
13 20 16 11 34045 1.0414348004273069
12 11 29 17 62693 0.9945463167515584
21 1 3 17 109418 1.0965435777231256
7 18 27 17 69739 1.0156957778496403
15 24 1 2 95063 0.949340784208972
16 8 22 0 40644 1.0501908920514145
24 0 23 28 98714 0.9452864487204625
17 12 13 4 32841 0.9527084712647056
29 18 19 11 49480 0.9076901359028473
1 11 3 0 36883 0.9343463949302022
14 17 18 23 29166 0.9940096545706011
23 22 4 23 50566 1.0642318365900765
11 25 29 16 71955 1.092107249516597
0 9 3 20 51120 1.0834400587864315
20 19 2 28 66236 1.053045786263172
23 6 12 3 62615 1.0249640437727772
13 8 16 17 44191 1.0158885957037254
1 26 7 0 84195 1.0673749546770328
28 11 13 24 78147 0.9400476911487348
25 0 13 12 70176 1.0764222654266888
8 8 15 4 47063 1.0786980810298084
27 10 9 17 85210 1.0849464663379949
3 6 26 6 84480 1.0161248671776635
0 25 12 18 62603 0.9851479592023145
6 12 25 26 88643 0.9855816624670656
3 22 14 28 51850 1.078903244291519
14 10 19 0 43295 0.9332516422452022
7 19 15 27 61287 0.9183243077729453
2 4 8 25 71696 1.0931141259483192
14 10 28 24 67669 0.9966553066963135
3 20 22 21 54524 0.9685467591441154
14 24 20 15 47741 1.0162393933228748
14 25 1 19 59359 0.942561700021461
2 13 23 10 87999 1.0085536641392727
10 27 10 12 41666 1.0668065581014599
3 22 29 4 110801 1.006412954375744
23 16 13 25 56143 1.0013208103355733
20 1 26 16 76971 0.9845687948319894
11 25 29 24 58416 1.0961567877729799
7 4 22 27 105687 1.002208806495324
17 24 28 8 88626 1.067934453705099
25 4 15 7 43545 0.9707547766860992
7 18 8 3 59176 0.9391359423675408
3 26 4 17 38608 1.0651580541360643
0 3 7 8 44508 0.9465767740651078
2 22 19 7 79919 1.0006623811160174
25 17 6 5 85298 0.9852225429835372
3 3 26 10 100417 1.0682981163122722
7 14 29 27 93125 1.0960961580056945
8 27 9 2 86521 0.9260272004356768
0 7 24 9 102569 0.9598345323091945
10 8 12 17 53615 0.9954720247196679
11 10 1 4 60047 1.0860836770877995
21 11 25 19 38452 1.0308122246741884
10 17 20 16 56690 0.907158847978217
3 11 10 21 47560 0.9892296653499154
11 11 0 12 48513 0.9056319279714714
18 28 9 24 38414 1.0642341950061325
18 16 20 28 54640 0.9881936225667058
9 0 12 12 67373 1.0557043205290861
24 24 6 21 52995 0.9024727221592074
8 14 11 26 44089 0.9575711192302692
0 14 23 25 96775 1.0392792984942778
26 13 15 20 46567 1.0835045336763278
19 16 9 24 45107 0.9505543988105476
3 21 0 2 63557 0.9796494108384891
17 21 0 10 83879 0.9025228416303235
17 16 4 14 59555 0.9992002940658917
29 16 26 3 54246 0.9128501763380591
13 0 27 29 107809 0.9477979850718274
5 28 2 14 48782 0.9214776799345727
20 7 2 20 85995 1.0215842404368898
27 23 25 14 38645 0.9211608259544583
17 19 4 8 70259 1.074296780162595
8 29 19 27 51734 1.051189937718486
18 21 25 26 35049 0.9214975408792535
0 27 18 5 102028 0.9299200016620202
8 17 20 28 66033 1.0040148018101793
17 11 21 4 27001 0.991296118153705
15 24 26 12 62595 1.023236465236272
11 9 19 26 73739 0.9323705766451221
19 4 11 19 62829 0.9425797657225541
29 3 24 26 89612 1.0901578465490769
29 15 19 13 41379 0.9111335310128182
15 15 3 17 77097 1.0637662965125432
5 7 22 8 78791 0.9337096382144733
16 0 25 24 71674 0.981071543839397
11 1 24 15 86605 0.9807098407298064
18 19 15 26 31372 0.9001873776707158
21 8 18 21 57679 0.9433554255842012
3 4 10 1 44489 0.9332551182527654
25 2 3 6 83067 0.9094806226284414
9 25 27 23 47038 1.0826151424820476
4 26 12 21 37834 0.9158261854587686
21 18 2 5 86307 0.9982749141882192
1 7 25 3 94353 0.9215440899458417
7 4 28 15 102706 0.9334413105791706
28 9 14 13 73298 1.0150260116490268
18 23 11 4 67786 0.9073112780783796
25 26 21 16 49089 1.0611505494123064
24 28 2 4 116503 0.9752200206228482
3 23 19 28 59304 0.9679434058019459
0 2 28 14 120841 0.9436321110309182
8 29 22 8 95862 0.9588738985216405
0 9 27 12 116264 1.009267307940034
23 13 13 18 51997 1.0844197978076506
20 0 8 15 77122 1.0251542858740879
15 0 3 14 76697 0.9449238315967732
10 23 27 25 52234 1.0639196981519687
28 10 0 13 114174 1.0692658534715358
6 9 23 14 80674 1.097660387000111
1 25 12 19 56126 0.9020601457996229
8 3 27 10 97062 1.0466637038371718
0 25 18 8 93039 1.043657105494836
19 17 24 28 45353 1.007635782362463
26 9 5 24 93668 0.9902446252042272
23 1 18 21 72554 1.052085103188765
20 23 14 2 67846 0.9908711746844762
7 13 16 9 47775 0.9737873544421249
5 12 7 1 36024 0.9292387146031958
29 29 28 16 59724 0.9016072984893969
29 4 23 13 51853 1.0175518332486357
28 2 12 27 119143 0.9215014926691989
14 15 23 22 51232 1.0781395249522188
29 19 20 27 55675 1.0244574656592893
17 3 21 27 74352 0.9146778085798378
19 26 4 5 92687 1.0264112544815092
11 6 4 25 70677 1.0981863587552179
3 8 9 16 49569 1.0125361731120721
7 4 19 28 103924 0.9297094696545317
29 22 0 20 86317 1.014619573861585
9 13 19 29 62859 0.9459524764509879
8 12 7 25 44153 1.0423729307869518
18 0 5 8 59362 0.9667328973775835
10 10 4 22 51038 0.9812882945220396
12 0 19 16 63320 1.0581367617542268
12 18 18 10 46607 0.9837432056681761
13 11 9 22 38596 1.0409353127443741
21 7 0 5 84237 1.0877221313198104
22 4 17 12 32085 1.0401592847295202
18 22 10 12 46918 1.0233074466129857
16 5 4 10 53609 0.9486380911219717
7 12 4 29 58751 0.9612200226346154
16 3 11 28 84038 1.0984945091029363
2 7 1 22 44052 1.0940903637948853
26 3 2 15 109724 1.0599558275880017
27 8 0 5 110839 1.0356312597520383
17 10 0 3 71946 0.9465982176133728
25 29 2 24 79859 0.9704183515878163
0 26 19 23 62795 0.9309700393927305
9 29 17 5 63025 0.9464206473269177
9 26 5 19 24458 0.9163119844064621
2 25 13 17 55295 1.088981218608434
4 13 21 22 66365 0.9868676539819805
12 19 9 6 62943 0.9683941251851683
0 6 25 0 99679 0.9248511953775586
20 27 12 7 88509 0.944937812063291
9 21 17 2 54617 1.046137675443406
16 23 20 29 27363 1.0993228962462978
20 22 7 4 86378 0.9062136637429756
9 16 8 6 40808 0.9870552008630245
1 19 13 11 68143 0.9302038092326669
25 11 1 16 103134 1.006254375455132
3 24 10 12 46132 1.0194690699435132
29 17 20 0 78304 1.0362860814743737
20 4 11 3 47745 0.9749442981907448
19 19 13 4 48082 1.0060868386059945
13 15 4 20 53904 0.9354716593307596
22 22 6 2 93034 0.9153983032313536
25 14 14 6 57238 1.033894211488433
17 18 7 27 49683 1.078592312531585
6 19 11 10 46352 0.9838667692147646
5 26 13 20 36877 1.0955401037215413
10 14 27 3 89266 0.9268788610011358
16 11 24 24 46640 0.9248369378731889
13 11 7 18 40470 1.0417679203705252
2 24 7 13 40537 1.0642784402742829
28 29 1 26 105625 1.0788097449159615
28 28 22 10 83525 0.9306251925311663
3 18 28 12 100321 1.0883720799645487
12 5 29 14 76943 1.0398387730682401
26 4 9 18 87022 0.9625093026154966
22 29 1 16 94536 1.0897875473665701
20 28 7 27 63191 1.0154210437216107
20 14 7 25 67957 0.9937390582991161
25 26 23 15 43445 1.049928287394193
13 1 6 10 61203 0.9981333246437771
23 29 7 0 120090 1.0975443459842993
7 21 21 29 60919 0.9037485350320628
19 18 12 11 37949 1.020984300905144
8 19 27 19 54371 0.9371473819824266
1 18 1 0 58695 1.0097946352110643
13 13 19 28 67811 0.9889889462977854
15 24 27 20 43115 0.9664252827951385
19 8 5 5 58279 0.9121182789876087
24 24 26 2 75096 1.0644231072250159
1 1 20 10 92956 0.9460548455445128
13 16 14 28 57948 0.9774022387345169
14 7 25 5 49946 0.9073037644920878
3 16 28 22 87787 0.9850077003905038
7 16 24 24 66165 0.9120016906864452
17 17 26 15 32705 0.9240650909565742
25 14 18 20 36520 0.9168425620763678
11 25 8 15 37917 1.0056433196355195
7 27 23 29 68610 1.0906634663166597
11 12 26 6 73304 1.0696137633119625
18 4 25 23 60424 0.9573067355829609
14 18 24 10 52030 1.0387489414252304
28 4 12 19 86554 1.0924607395643633
23 7 5 9 83075 0.9783498900638007
15 22 26 10 63959 1.070274085328455
29 8 0 4 125747 1.0321185071158134
23 23 25 8 58428 1.0083881049454142
28 8 9 7 89118 1.0476296311963895
2 25 18 12 67947 1.0074320253607245
5 29 16 29 41381 1.0490338986287695
0 21 16 7 77265 0.9190867944165583
16 15 27 24 53261 0.9758546546828147
18 19 8 26 42438 0.9821247483660589
12 16 2 29 69197 0.9268081990850289
11 0 4 20 71422 1.0471442133949296
18 24 1 14 71787 0.9575981390311256
20 10 14 0 48863 0.9905365673078186
25 19 3 12 79678 1.0348319306587284
15 12 11 19 45953 0.9601242542304005
14 4 23 15 62755 1.085857570123153
14 17 24 21 37212 0.9953012339260906
10 6 26 7 64370 1.0708478154298686
3 1 10 19 72289 0.9781694483222679
20 17 29 1 87282 1.072596872157085
17 13 2 20 56058 0.9950253527886337
13 1 20 6 52544 0.979556874795282
2 1 17 21 88542 1.0371159792263913
9 26 13 6 69109 1.059000085107943
2 5 23 17 95012 0.941151788028934
6 7 5 24 46177 0.9112916455461016
5 10 15 9 50655 0.9986059594918234
10 4 1 18 74577 0.9763823065993422
7 19 16 29 59907 1.0058278040087558
2 4 15 4 56660 1.099077765818363
21 23 14 29 38233 1.0726475623524057
29 29 14 13 92184 1.085921311440133
19 18 15 27 38194 1.0124609167338043
23 13 2 22 80693 0.9997157754670857
24 17 12 17 45174 1.0368569290800964
2 15 15 18 67250 0.9787476396089277
14 5 3 21 73175 1.006816440195898
29 20 25 0 82086 0.9143852920683232
22 20 4 29 70254 1.0421376023143056
0 23 18 28 63505 0.924351798412028
4 4 18 8 58538 0.9271924305377056
6 6 5 15 24688 1.0712129232493304
5 6 18 10 52023 1.0843268879520336
26 10 6 6 83931 0.9762960351997445
7 0 25 15 98761 0.9518291156812834
19 3 23 10 45177 1.0735863537931318
21 11 11 11 34578 1.0918679191022636
8 25 28 29 81007 0.9572300093263003
1 28 16 23 58650 1.0737443701340479
3 1 10 10 58051 0.9791874042254642
2 16 12 3 76738 1.0796566555666938
9 7 11 18 45949 0.9517645273816546
3 28 23 23 72389 1.087654922240735
6 27 7 0 79531 1.0587873260122462
24 6 6 13 86334 0.9039223084586918
4 16 18 5 75542 0.9084773744670128
1 14 23 11 89073 0.9636473145937356
29 21 21 14 45138 1.0833719869389853
19 23 24 12 46903 0.9813085956164649
11 29 15 15 66029 1.0268335415003227
21 23 13 19 33991 0.949745784023944
0 1 15 7 72819 1.0489409887886685
28 25 13 4 89062 1.0183214035540824
1 6 10 16 59711 0.9063556800536972
6 27 20 3 100780 1.0477953348767381
4 19 24 16 67686 1.0569881337189833
18 18 11 15 47473 1.0005552710364787
27 15 17 21 41969 0.9506670972301675
25 23 21 1 84803 1.0938874545180945
25 4 25 23 66623 0.9922251770856032
16 6 17 17 25117 0.927292638535409
19 3 16 10 28809 0.988891133636472
17 24 11 1 81370 0.9776689881305995
16 17 23 20 23434 1.0782769945045994
27 9 22 2 42966 0.9003559431747966
22 27 9 13 66280 1.034074277190557
17 13 5 8 51736 0.9797827833043221
24 6 18 20 59111 0.910260420556881
14 16 20 9 50338 1.0411427925875723
29 23 19 9 66631 1.0116416786624636
18 0 11 21 58288 0.9138308101363063
18 2 12 16 64109 1.0631843874683824
21 8 0 7 92529 0.9482730185137357
1 21 23 4 92375 1.080914131386916
20 28 4 2 110290 1.0429562541623292
17 13 8 5 47698 1.0554056249246329
29 23 29 11 48436 1.030356524625892
20 24 0 15 85740 0.9481144626841735
10 7 5 15 45039 0.9538784623113912
11 9 11 28 65364 0.9020678521651927
19 1 14 27 82679 1.0838802948960873
0 11 21 12 82738 0.9101507891465844
25 7 4 27 115486 0.9044454046937828
4 12 19 5 71980 1.0679970092536166
22 24 6 18 59112 1.0040869403982273
21 21 28 9 64230 1.0094294187669912
15 9 2 22 77878 1.0814854337818298
25 1 1 10 109072 0.9069630731938738
20 22 4 25 51036 1.0820457828489556
12 29 19 9 75866 0.9454272309885747
29 8 8 2 109198 0.9236920801229062
1 20 6 26 36388 0.9692546438334848
20 26 21 8 82948 0.9968335585113969
10 26 23 21 52172 0.9585286949738248
1 6 9 28 73805 0.9432105265890617
19 18 9 12 48069 0.9305116620470554
7 27 9 12 43318 1.0388701868994672
21 9 3 5 79022 0.966068060499115
1 8 17 17 78635 0.9723768890252522
29 25 10 22 57903 0.9777346010314069
9 24 4 1 68044 1.0161844764337413
6 5 19 1 59952 0.9530814709324757
25 15 14 13 56272 1.0942647830052648
29 28 12 25 73166 1.0235200585992108
7 15 7 2 51049 0.9806431086299507
3 6 0 19 53896 1.0232766777257
1 1 13 10 73595 0.9148619425953668
24 22 11 24 39197 0.9511729102931745
26 26 27 3 96709 1.061247211044327
6 2 0 27 84150 0.906200681117208
16 23 10 28 33411 0.9230138165226079
19 20 23 10 51322 0.9931924837110725
26 22 27 7 68649 0.9840812359117812
22 28 0 14 101173 1.0114764764364508
1 1 3 26 82484 0.9344017134432665
6 20 16 11 54044 1.075781306462275
0 8 22 21 96529 1.0089489695205744
26 22 4 17 71294 0.9212443208111581
22 8 13 11 52974 0.9723109354966427
10 2 2 8 48208 0.9482670651548593
3 10 28 23 99082 1.0637159624351735
20 27 26 19 49624 0.9753378240330401
15 15 10 25 61216 0.9673528554756167
10 23 13 3 79368 0.936183315864667
27 11 22 0 51876 0.972093653257144
21 21 5 3 82725 1.0059196236065533
7 27 1 3 90394 1.027697996653182
5 7 17 12 51170 0.9607494523993878
16 2 6 11 59267 1.0495316392851746
14 10 6 28 78204 0.9909641931302114
14 16 13 26 51575 1.0421945116950653
23 24 3 11 87077 0.9857167495525534
18 12 8 2 65011 0.998457764233219
4 4 12 7 37710 0.9809737528923959
5 4 20 4 56493 1.026297462702923
26 16 1 29 101166 1.071963189118195
7 21 28 10 89071 0.9185743801993788
15 10 25 27 72773 1.0099677642831915
20 18 0 0 104844 0.914422231791494
12 4 6 13 54044 0.9854824652716841
28 25 0 7 128250 0.9446257947105181
5 29 8 13 51212 1.0939413437362115
24 24 24 14 32304 0.9788550756865578
21 19 24 6 46055 0.9424381148046929
6 24 7 1 66649 1.0409798584374834
8 5 17 16 53668 0.9769139682320864
25 14 0 29 101751 0.9819813175237718
13 28 14 19 45964 1.0971742113198832
23 4 0 26 112774 1.0635804976653498
17 10 1 17 76418 1.0695156150664595
20 29 29 11 84572 1.0917985998257895
27 9 12 15 84796 1.080605609460817
10 7 18 20 62131 0.9658451105042644
8 1 19 7 62132 0.9759950824313035
6 3 17 3 49980 1.0737669785942707
8 20 29 17 62537 0.9759997665932583
13 20 24 19 29005 1.0490392336442822
0 19 28 8 133360 0.9813827544290135
0 26 12 17 67090 0.913695130196677
23 19 9 15 46234 0.9934039339614316
17 29 16 7 62525 0.9181267489317824
27 26 18 8 76528 0.9536410581513133
26 0 0 22 119627 1.067711880501572
7 11 21 12 52561 0.9389965736565541
11 9 15 25 69924 1.0003249718145657
26 27 5 0 123250 1.003536076978148
20 19 17 28 39182 1.011632579990692
5 11 23 13 73585 0.9401973435506523
11 23 18 13 43197 0.9146986243036159
3 23 20 13 74782 1.0278236264404297
7 27 29 12 96058 1.0347935045407317
12 17 0 25 66080 0.962291627635302
4 7 18 25 80407 1.0397259952751663
9 4 11 20 65285 1.0739124909588262
11 13 1 29 73009 1.0043643121115529
20 6 26 22 73613 0.9375195309486057
24 2 2 24 107439 1.051406639665493
24 21 5 8 79053 0.9296242194331309
24 29 1 11 109173 0.9765207944517497
3 7 13 22 69930 1.0393728042390713
13 5 23 12 53365 1.0474756927212139
27 13 0 14 113926 1.0224754753567034
13 13 28 12 64590 1.0978874136657726
29 29 0 16 121757 0.9613424652657447
16 28 9 5 81936 0.9129575404639426
1 10 22 28 110552 0.9082063805281388
17 5 18 23 40240 1.0191972546998043
28 5 13 17 88142 1.0783382004843198
25 24 7 14 70820 0.9636864403668424
24 26 4 11 88982 1.0849073834479526
21 16 3 26 79965 0.994444120259052
18 25 0 15 81071 0.992756003671138
6 14 2 24 36042 0.9436810180111954
0 19 11 19 54714 0.9888678048094294
26 21 28 5 76746 1.0294755202541082
27 11 6 17 94630 0.9487709927123584
12 26 28 21 62793 0.9204005793060829
10 2 11 11 48740 0.9527450963614035
18 19 16 11 19184 0.9030848780456031
1 0 18 1 74263 1.0675956930412966
17 1 1 13 80478 0.9509564268607332
25 14 8 23 60862 1.0121121544151814
26 13 17 27 69664 1.0798572961612463
20 21 23 11 44587 1.0370999418157008
24 3 1 7 88135 0.980488399186179
5 21 22 9 83100 0.9146874191944083
12 23 21 12 52388 0.9393665275387304
8 23 19 3 68451 1.0045371449173706
20 7 28 20 68395 1.0197367757243858
29 0 3 10 117354 1.068205663879617
28 17 8 13 76622 0.919073158299124
3 15 29 22 93095 1.0658134554543055
15 25 10 17 44903 0.9249724450610125
17 24 26 26 42098 0.9266583253312207
1 8 1 27 64757 1.0769393310582533
4 8 8 20 51244 1.0476867551602327
0 26 23 25 82526 0.9926559148582426
18 3 2 22 81376 0.9335638163083065
26 28 19 1 99030 1.0327602257001376
7 16 3 8 47397 1.0317659060678843
18 11 3 9 62782 0.9067084112775049
22 15 1 19 79529 0.9253591049335733
10 21 6 14 32630 0.9501636447819655
3 7 16 4 52920 1.0989122350320815
3 4 20 13 80683 1.064499568872887
13 19 26 12 57976 1.0442613269844123
9 14 9 24 21590 1.0623319026507982
17 6 24 28 63878 0.904302612635958
29 0 4 5 100147 0.9989876369810066
29 21 2 28 87825 0.9155720989314672
0 25 8 14 60912 1.0427169003323822
23 0 11 12 69034 1.042403968925286
16 9 7 24 61149 0.9479280498917932
7 8 24 15 90678 0.9286607635837377
20 24 28 11 67470 1.0816007018672626
0 29 19 19 73103 1.0643407086502428
24 4 1 10 93003 1.0153227191724499
3 21 2 10 34143 1.0177259936217968
19 21 28 13 49353 1.0667736854452896
15 9 16 27 56850 1.0537854006057943
28 6 9 17 103220 1.0753078763856723
9 13 11 5 42653 1.0875103468014253
19 2 28 29 100178 1.0769721096281926
0 23 4 4 64866 1.0858650777544472
15 13 5 24 66467 1.0132202759845692
19 16 1 12 86750 1.04443551779915
13 29 22 4 86808 0.9273449931143113
15 22 9 4 71509 1.0765872849992348
17 26 5 28 58769 1.0703683077953268
14 4 12 28 93395 1.0674808130901896
4 20 23 2 97712 1.0351133612907175
19 3 9 25 70274 0.9911796677203035
13 5 11 19 67903 0.9344295826905876
6 13 3 21 26237 0.91839136934307
6 27 17 18 57343 0.9140768945661956
17 27 3 12 82649 0.9894367849419322
10 15 3 5 53567 1.0565427250760022
16 24 3 6 78765 1.0682295239692814
21 28 19 6 84137 0.9459242498593945
20 16 6 17 65469 0.9410461106323758
25 23 0 9 109334 0.9029577061867493
15 22 4 27 48597 1.0213282213163954
13 25 10 15 40996 1.0764279005979576
7 11 20 4 57851 0.9627801347590239
0 3 19 13 89389 0.9763270218507387
1 25 7 3 73450 0.9153220300542514
8 15 26 28 87600 0.935980206976583
27 11 29 1 47534 1.0114026745137727
19 5 10 26 79342 0.9348858437790932
17 23 25 16 42447 1.0727843004035762
5 24 14 8 73861 0.9159418732747721
20 5 7 23 75413 0.9689348586368804
8 2 19 23 91766 1.0676085268516384
22 27 1 11 102179 1.088690839883908
28 25 19 23 30011 1.0861197352644507
26 1 2 11 102683 0.9561057452779184
15 10 19 1 43133 0.9840302186818607
11 10 23 19 50269 1.0801328395876342
11 6 12 24 69197 1.0353699204090507
1 29 19 7 100812 1.0532537921599268
13 4 7 11 50935 1.0829719770026889
17 27 20 9 66125 1.0172803438095914
13 26 12 13 63643 1.0540424345268145
10 11 16 16 38295 1.0266864196717043
1 25 2 1 71478 0.9566888313177807
22 6 24 23 69137 0.9358176771872972
3 19 5 27 32347 1.0917458584841653
20 28 13 22 42249 1.062844214677449
29 13 4 23 84185 1.0674600670780299
20 25 16 2 68006 0.9694736581923907
2 13 12 17 54180 1.0185800185267357
1 6 29 23 112385 1.0711372079999715
11 7 28 13 84819 1.0406739769469602
15 22 17 12 25193 0.9707276710731828
13 24 8 8 60800 0.9662887984712278
26 15 1 2 114649 1.095256374474264
6 17 4 9 31802 1.069508049538765
18 16 5 28 65675 1.0968710805421389
17 3 16 16 30868 1.0812143415925757
15 6 7 21 59972 0.9677687502189947
5 23 22 21 46501 0.9701334739266521
17 9 5 4 46373 0.906503944204143
0 15 17 22 75235 1.0352341487583874
25 14 29 27 59321 1.0572584705651502
10 17 28 26 76012 1.01145206680231
1 12 21 12 82753 0.985379588782695
21 8 28 28 96749 0.9942928686198939
17 20 25 4 56674 0.9406950014990345
2 8 20 4 68339 0.9831541643356558
7 6 16 1 46029 0.9969437896277237
19 19 9 23 30033 1.0377983824523278
10 29 27 17 72240 0.9975648456196308
16 1 19 17 48408 0.9722501794230514
24 15 8 11 67964 0.9760268811805304
9 21 5 1 55685 1.0081169075112484
0 7 6 24 69008 0.952819391548485
28 28 26 4 96866 0.9675897321941284
11 29 18 5 75626 0.9583219492514218
15 20 28 21 37339 0.982125596346406
29 7 12 15 98221 1.0745658028393756
28 21 15 28 55287 0.9653850408781954
4 24 29 13 87631 1.0113696704629926
10 5 5 15 42486 1.0756229705359464
6 0 27 14 104128 1.0316889066749737
23 2 19 19 58868 0.9522897234481507
2 16 0 3 45160 0.9659201679461342
16 26 23 19 32781 0.976792276595823
16 18 8 28 45207 0.9890202990333792
21 20 16 15 28192 0.9775749614874367
28 26 21 5 95357 0.9174886834382625
18 23 29 3 87001 0.9069971561168824
1 9 22 4 83546 1.0719547776214515
12 15 28 21 66208 1.0831564082471135
9 10 16 25 57703 1.057480925496023
5 5 23 4 63303 0.9251641686402045
12 23 27 0 96105 0.9877510201713776
26 9 29 28 85464 1.048311354620543
29 8 8 9 98457 0.9812213035681697
5 18 19 8 74639 0.9827868654889775
9 26 22 13 67744 1.0515547131343854
4 28 14 14 78494 1.0250923485666803
0 24 17 7 79448 1.0308176579319903
15 0 28 7 69348 1.0727756696002104
7 3 14 8 50713 0.9704034752528037
7 1 2 7 34807 1.0935827033346504
2 24 11 21 31874 1.0457225837905184
23 7 2 9 93696 0.9188373124573984
20 4 28 23 73963 0.9495574506023221
26 27 27 17 57487 0.9297988236809198
2 16 23 19 67383 0.989916374440053
27 3 16 17 68360 1.0303101688484286
8 14 16 29 59632 0.9702157319353221
5 28 23 7 110860 1.0642263489916992
21 13 4 15 82371 0.9856666058521044
24 8 12 4 64180 0.9128221550995131
27 20 17 8 45183 1.0777138702961784
16 14 0 27 85815 1.0578078791823902
13 14 3 24 59187 1.0039254825055959
23 4 1 8 80780 1.0553902538370135
19 3 15 9 33649 1.0289152717395007
13 16 20 9 55378 1.0371212377994854
13 4 26 15 73704 0.9252853059869273
16 24 9 29 28996 1.0263928953359591
20 14 7 22 54746 1.040335204285267
2 25 11 7 76886 1.0296763921488465
9 21 29 13 66638 1.072533089556119
8 25 29 28 79618 0.971026238768403
20 3 5 25 87063 0.9678139243134861
15 2 21 25 76138 1.0299327285625601
14 25 28 18 54671 1.023182209685344
29 5 10 21 92371 0.9753902758629052
5 23 21 27 63961 1.0399122403860914
1 20 19 16 65748 0.9881478664762371
29 24 22 7 79885 1.0559293593752717
25 29 21 4 88579 1.0079956393469633
13 17 7 1 83529 1.0996978283135905
18 27 22 6 86432 1.0696709837336082
7 0 8 24 70104 0.9733001262107281
5 4 13 25 71943 1.0100842731903654
22 1 1 10 105053 1.0345319833251634
7 11 24 1 81351 1.0054727809051411
13 29 6 24 31213 1.0316183972737596
1 27 9 20 44581 1.058725225865006
19 8 25 23 60914 1.0931726491157734
14 11 26 15 51997 0.9068691310203222
26 24 16 0 76069 1.0846337495378076
7 9 11 17 45719 0.935150705004141
1 7 29 3 105447 1.0591519388155535
8 23 27 18 54006 0.9552745003929272
14 21 17 29 32154 0.9705328437981342
28 7 16 2 62499 0.9523964346173575
16 4 11 9 38679 0.9406922888844603
28 4 4 10 94424 1.0410945796262816
1 10 10 27 76753 1.055077827956336
21 25 22 6 85899 0.9461724854679232
5 15 29 4 103962 0.9895432450606447
20 11 29 20 51832 0.9525538757194375
15 24 23 7 75916 1.0914529394095849
21 5 4 3 70753 1.0965057662916762
10 29 17 16 45934 0.9035660243484545
25 2 3 4 90252 0.9557363029744435
27 12 0 28 120468 1.0368399318807082
1 13 12 11 46483 0.9043901432686328
23 21 7 22 42010 0.9978720180060328
18 15 26 9 54441 0.9953864531325773
22 1 3 20 107776 0.9135935509393165
6 14 3 6 30839 0.9927877536966948
4 20 21 7 87573 0.9501888640707534
13 12 1 24 65385 0.9140887993038135
25 9 1 6 99416 0.9585110471981831
25 19 28 27 39884 0.9322529760557973
16 8 27 20 52752 1.0189533144753624
24 4 2 2 84760 1.0148635451658352
29 16 7 12 87696 0.9585156719485367
15 21 9 3 73036 0.9072631350478957
23 0 15 23 73997 0.9052697832685621
3 21 21 27 74074 1.067426585332182
1 14 20 18 76917 0.9349141972814661
24 8 17 16 46041 0.9488145251046657
25 18 29 10 43213 1.0720369047454457
12 1 10 24 92381 1.0928315955590568
9 22 21 5 72018 0.9927582405075999
13 25 3 1 88622 0.9191300270291098
6 8 1 22 49452 0.9505710675406989
13 21 14 9 47805 1.033574314132051
25 11 20 4 37924 1.023716090838262
28 8 14 27 107545 0.9406286278966862
2 27 16 25 52790 1.0842493857364357
19 1 8 22 73258 1.0062604565326367
16 11 27 5 55281 0.9129683977670568
13 23 21 20 31419 1.0066320882901538
11 5 7 14 52094 0.9479949104051768
26 23 21 9 66039 1.0270756817730842
4 23 16 23 31569 0.9104592177241247
18 23 13 12 42975 1.0865255361066934
18 11 16 28 45543 0.985638730047979
28 8 3 6 103174 1.0852105062134885
18 13 11 17 46500 1.0231722724410308
0 1 10 11 63438 0.9153267487125082
11 11 12 0 57236 0.9732346188097485
5 23 16 14 52406 1.0978522586393142
14 6 5 13 45718 0.9981718731281332
0 13 5 29 62086 1.0014387756929695
12 1 27 15 92394 0.9339087205915595
25 19 26 0 66192 1.0867307717017716
28 26 29 11 63569 0.975990017772494
4 4 3 16 46069 1.0314652158005737
22 5 7 26 101126 0.9558549384642558
18 29 1 17 79086 0.9636356519070584
3 6 13 13 54680 1.080773863776705
29 7 25 18 55048 0.9562636203974674
19 23 5 10 64762 1.0386986575805417
16 16 4 24 53362 0.9507996835947692
11 7 28 27 100105 0.9814953506319322
10 22 23 17 44328 1.0555369200072284
19 10 13 22 44170 1.075915156516165
7 7 14 14 60003 1.073673938763381
20 24 22 6 83366 0.9151607944181409
2 4 14 11 59215 0.9971381488112558
28 18 9 24 56936 0.9785776263579655
27 24 17 4 65040 1.0028264284176513
25 7 8 3 87604 1.0447680127258505
2 6 29 16 107491 1.033865916750819
1 0 0 18 63085 0.9604593114442247
27 9 14 24 80633 1.0703796081047543
19 18 15 12 26999 1.0352186861431762
9 15 12 0 73637 0.9947241504368622
28 1 9 15 99709 0.9683405831534265
29 20 7 26 75995 0.906622400212857
20 6 29 29 106944 1.0428451243921726
10 24 14 12 47825 1.0103213675506175
14 28 0 3 110523 0.921700213285028
3 12 17 5 63383 1.0988287996695834
16 14 2 7 71794 0.9736951940275433
8 0 27 21 96344 0.9360089391668014
5 10 20 21 64336 1.0901068730776042
3 6 19 21 77923 1.0892562314130338
16 22 2 0 91678 1.090383644058593
7 5 14 24 75658 0.9279901059033185
3 10 25 14 94360 0.9368715476652751
1 23 5 10 42578 1.068527203659047
23 2 13 19 70315 1.0055170902633903
19 0 13 7 37645 0.9365055400872979
2 25 26 20 73771 0.9941255047790112
24 14 11 16 64562 1.0146101721283576
6 5 1 13 38424 0.9796264847845748
13 29 24 14 70871 1.0110771022552287
20 1 2 1 78882 1.0343475702564482
0 12 24 16 100331 0.9265111007579606
4 18 9 25 29579 1.0499038030061636
16 4 6 13 61222 0.9726671719710923
15 26 29 23 47403 1.0287831076113065
22 7 13 13 59321 1.071873181435654
26 0 0 24 125570 0.9217363429327056
5 12 1 19 38036 1.0276723270831636
5 25 18 6 73240 1.0891471657846916
21 5 3 0 80605 0.9727892943907086
28 18 7 18 65824 0.9350054802988839
5 1 6 20 46662 0.9657426195411547
19 11 2 6 64723 0.9261653618613286
5 10 22 13 74098 0.9584622213996099
27 6 1 1 114087 0.9007890357117957
13 21 5 2 63454 1.0207542906719176
17 9 4 13 55384 0.9761480067263515
8 1 20 16 86707 0.9369240275634428
5 15 28 15 84114 0.9084570360982167
7 23 1 19 31550 0.9816087469300717
9 29 15 16 53913 0.9004343154155378
24 17 1 29 85781 1.0111479709496975
13 11 29 6 75069 0.9232191244382952
7 25 1 16 47469 0.9391044277571523
14 13 11 2 62197 1.0024080655727616
16 8 17 20 30401 1.023771909174143
26 7 13 22 77151 0.9432596237242188
8 14 11 5 48686 1.0655947598794377
8 27 24 12 76492 0.9138117165569627
0 1 20 15 107736 1.0021779467844523
4 17 28 8 119913 1.073380546683103
8 8 19 15 65553 1.074932891770319
6 0 5 16 39006 0.9066542957521035
11 21 0 20 38003 0.9822740755484713
3 22 29 22 69797 0.9140739510266205
12 3 2 22 83282 1.0854547457222061
9 1 3 7 43078 1.044865418738933
14 17 14 6 45982 1.023931451831839
26 2 5 21 97771 1.0667697280754482
0 11 17 27 97849 1.012114861928405
26 16 1 9 117382 1.0206182688210164
3 29 20 29 62752 1.000467203000845
8 1 27 15 104065 0.9352599497648435
28 7 2 11 115541 0.9347418510793946
6 2 19 23 86396 0.9963215914270582
6 19 17 1 72937 0.9087248329445692
19 29 8 0 105885 0.923815643930029
6 6 20 16 73274 0.9478004620824043
23 15 14 21 37119 1.097416031793096
11 25 5 19 33134 1.067616200555876
3 15 27 15 95743 1.0469679730939478
10 0 27 25 106267 0.9523155088984288
19 1 6 5 59952 1.064606826552883
2 13 15 19 65711 0.9841872677806898
23 29 19 11 68775 0.9903495007882791
9 29 6 14 45134 0.9192860539124676
10 28 2 25 35023 1.062665450875234
1 17 21 15 86430 1.0602228877131292
0 12 25 14 106852 0.9441842383826089
24 22 16 11 40748 1.0884490192182343
10 13 27 11 74127 0.9514762143453611
24 2 21 24 80235 1.0327170358387918
19 3 16 14 35803 0.9757580283902376
15 11 10 27 62649 0.9943385427188389
15 0 12 9 54983 1.0306646612322645
17 5 11 16 52653 0.9776744807768663
23 20 5 5 79599 1.0710221426853228
1 17 11 14 58905 1.0988997603729567
8 28 4 4 74813 0.9587134930278404
16 23 9 10 50699 0.9251836079340399
16 19 15 9 34188 1.0349200861001457
4 8 20 18 79546 0.9901112682266132
24 6 13 20 70397 1.0303731605104323
18 23 4 10 68475 1.007164602130683
13 14 2 23 60702 0.964839451415777
20 29 26 24 39340 1.0256936721874097
28 27 21 13 71293 1.0387030968046622
17 1 29 8 65099 0.9687765186778854
18 0 23 22 63117 0.9150155833083902
22 18 11 25 48724 0.9340551549623232
7 15 1 20 42736 0.9402849897705922
0 20 10 1 92868 0.9577393184476368
5 15 16 14 58240 1.0111545824869161
16 16 3 7 75362 1.0529681958339807
11 19 25 26 60029 1.070151052839654
12 21 4 7 58393 1.0553257949808068
2 1 10 16 67804 0.925531570915655
15 18 16 1 49722 1.0095083250345165
27 7 21 17 59234 0.9342296063668393
2 20 25 9 95470 0.945682256595844
5 0 9 8 32062 1.0960573883469682
20 6 27 9 49433 1.0777369488142312
28 17 25 26 48413 1.054754853830943
28 15 11 9 78027 1.057448718751349
12 5 21 14 55807 1.0607615648893753
3 11 11 14 43379 1.033350556202882
11 15 7 28 53857 1.044002213562372
9 27 21 23 37342 1.0583297328027814
25 17 1 10 103226 1.0277767191067704
4 17 1 24 33849 0.9305961224908896
13 18 20 14 41393 1.0646678864677805
6 21 18 20 38854 1.09543487137063
11 20 24 15 47851 1.0670281492181548
14 23 20 7 58368 0.9928129621474598
11 22 26 26 57406 1.0812810466857443
5 14 23 25 74781 0.9994102724086007
8 25 29 11 90529 0.9486682993742905
1 16 25 5 117769 0.9687656690644454
4 12 19 14 62946 1.0750320221498306
19 21 28 0 89600 1.0589892458504482
2 2 13 22 79845 0.90125658413353
0 23 12 26 51698 0.9478795763502128
1 6 5 20 47390 1.0462254972128198
18 28 14 18 37912 1.0936595126557929
16 14 8 25 53843 1.0258930530592165
29 8 0 25 129089 1.0782934237407402
13 13 27 16 68333 0.905375957756778
11 14 26 7 79779 1.0246515834235201
10 28 26 0 110954 1.0575984626733423
17 11 2 25 66134 1.0697182754654282
25 3 3 27 122845 1.0840927297296867
2 0 13 12 68013 0.9250281418825613
27 9 18 19 57639 1.02070576468698
14 25 7 5 81902 1.0989899536044483
1 23 29 5 123288 1.0302413149940377
20 18 5 2 77528 0.9930644704761833
29 28 19 3 96498 1.0211674475535184
10 1 1 2 49342 1.0866461785457808
19 12 3 25 72013 1.0473848747359908
26 5 13 26 94291 0.9363702185621438
17 8 4 26 73927 1.0243363753282229
9 19 20 1 79395 1.048342911771407
28 3 4 10 99923 1.0346473354151553
5 12 15 2 68120 1.0063858022334284
7 14 14 27 62187 0.9472491237121023
19 3 10 27 80912 1.0681095711512463
28 18 28 1 78918 1.0970673134052678
5 15 24 21 61645 0.9596714595423184
11 16 29 16 71373 0.9394340258233607
5 17 21 9 81499 0.9316314715028323
16 5 15 19 35043 0.9972327465986011
0 15 24 5 118196 0.9631393837358075
14 24 16 16 30769 1.0841848386539739
7 7 17 0 50175 0.9844406335217115
19 0 27 24 82440 1.0868997657601691
20 11 0 13 77129 0.9555393165419201
16 14 8 5 55001 0.9345115856593094
25 10 12 12 56920 0.9395780073544071
18 27 14 20 29658 0.9836669016286502
26 17 11 10 68611 0.9463208522118786
9 17 15 22 26538 0.9667193241833892
19 11 22 27 59354 0.9475287915121751
21 23 3 10 83523 1.091580079006184
27 5 7 17 105488 0.928743587976027
16 1 2 18 91899 0.9848873111248662
4 20 17 26 56622 1.0141218399366387
2 18 20 26 74244 1.084367074344111
14 13 8 3 69328 0.9253180893076214
20 0 24 21 66671 0.9378450577988663
24 22 1 20 67244 1.0655703027645038
20 11 2 2 77886 1.067074465726188
7 23 13 19 26967 0.9922262454487931
23 16 2 5 100720 1.0626825911403714
15 9 27 6 65467 1.0643596812467067
22 11 22 24 54069 1.066097261617707
12 16 26 9 83619 1.0641320523500715
