3640 4049 3267 3088 3347 3943 3272 3167 3317 3600 3565 3314 3221 3273 3081 3726 3362 3256 4030 3401 3191 3547 3755 3176 3684 3449 3388 3135 3991
2465 2671 3274 3459 3419 2361 3011 2550 3040 3393 3459 3135 2556 3515 2733 3282 2575 3036 2788 3400 2418 3306 3508 3356 2940 2759 2564 3293 2307
6908 6299 7078 7419 6460 6632 6726 6259 6269 7305 6313 7036 6899 6654 7222 6920 6562 6810 7145 6638 6433 6947 6662 7322 7132 6536 6384 6676 7084
5241 4957 4687 4334 4151 4358 4598 4855 4035 5144 4966 5083 4397 4787 4437 4549 4594 4099 5090 4520 4907 4373 4762 4584 4987 4566 4764 4318 4612
7248 7185 6874 6130 7178 7234 6648 7093 6181 6386 6788 6491 7136 6973 6220 7097 6673 7237 6135 6178 6537 6747 6860 7030 6384 6702 7139 6897 6812
7813 7686 7942 7946 8714 8211 8194 8692 7846 8777 8745 8443 8740 8639 7664 8508 7613 8175 8705 8289 8239 8576 8369 8467 8595 8769 8300 7999 8629
5612 5168 5493 5475 5450 6034 5168 5435 5876 5635 5082 5284 5668 5038 5496 5248 6189 5311 6168 5329 5634 5713 5430 5399 5810 5624 5178 5264 5486
4828 5959 5516 5833 5462 5598 5651 5413 5309 5014 5268 5228 5020 5599 5066 4811 4875 5957 5314 5330 5377 5042 5083 5140 5194 5700 5230 5172 5694
5965 6040 6096 5211 5649 5753 6292 5523 5909 6296 6335 6262 6042 5915 5318 6084 6203 5734 5874 5250 6339 5879 5881 5628 5224 5781 6385 6259 5964
4074 3508 3173 3495 4179 4035 3172 3195 4102 4124 4180 3352 4053 3700 3685 4058 4172 3665 4128 3560 3475 4377 4116 4238 4215 3416 4040 3628 3465
5842 6669 6577 6535 6373 5753 6761 6684 5759 6108 6118 6549 5831 6658 6041 5908 6012 6795 5743 6706 6597 6303 5641 5927 5753 6546 6445 6379 6091
5194 5288 4923 4740 4689 4595 4526 4615 4484 4296 4708 4517 5267 5441 4859 4687 5070 5513 4958 5512 4711 4585 4707 4299 5067 5059 4532 4773 5341
2909 1986 2135 1957 2753 2749 2364 2944 2685 2598 2359 2714 2857 2015 2612 2680 2294 2121 2970 1987 2822 2098 2878 2748 2334 2456 3038 2108 2853
4354 4776 4914 5320 5144 5361 4498 4971 4189 5207 4563 5212 4425 4733 4649 4386 4969 5186 4312 5208 5130 4673 4538 4233 4550 5319 4805 4477 4844
7918 8675 7888 7733 8643 8589 8631 8569 7927 8587 8556 7783 8608 8725 8238 8302 8228 8575 7980 8795 7638 7735 8385 7745 8646 7863 8833 7653 8138
5860 5112 5600 5161 5133 5716 5865 5911 5218 5917 4873 5158 5778 5075 4981 5794 5001 5795 5714 5296 5030 5735 4868 5541 5135 4932 4914 5931 5891
7257 7059 6893 7293 7010 7694 6848 7241 7167 7547 7416 7158 6918 7009 7299 7289 7874 7525 7107 7407 7650 7744 6889 7509 6871 6912 6862 6981 7498
4268 4300 4222 3768 4111 3599 4250 3695 3491 4354 4417 3936 4024 4090 4388 3522 4223 3358 4152 3751 4430 3540 3511 3851 3669 3694 3803 3797 4289
2308 3025 2591 3259 2572 2965 2778 2826 3511 2289 2983 3240 2576 3264 3511 2640 3268 3129 2278 2501 3364 2628 2544 3480 2590 2780 2873 2463 3287
2087 2636 1873 2565 2429 2942 1858 2219 2343 2443 2674 1885 1877 1992 2434 1949 2792 2807 1982 1992 2575 2011 2536 2116 3002 2578 2277 2591 2581
6403 6652 6320 6646 7322 6775 7344 6212 6297 6524 6267 6604 7020 6983 7099 6947 6389 6229 6488 6726 7266 6856 6683 6354 6796 6175 7298 6344 6637
7897 8326 8373 8317 8283 7655 7772 7966 7318 7977 7946 7629 8228 7512 7493 8228 7344 8305 7286 7717 7503 7577 7371 8190 7372 7804 7421 7941 8476
7588 8606 8679 7736 8492 7542 7649 7748 7660 7578 8022 8434 7688 8606 8450 8250 8730 7651 8586 8637 8030 8299 8392 8143 8203 8581 7981 8103 7979
2536 3252 2326 2849 2605 2341 2371 2467 3305 3177 2360 3361 2299 2310 2466 2585 2326 2460 3233 3196 2860 3369 2662 2903 2969 3041 2334 2691 2728
4154 4341 4399 4128 4407 4914 4571 4665 4493 4231 4485 4660 4452 4854 4952 4784 4781 4338 4956 4540 4509 4651 4215 4070 4682 4246 4466 3946 3997
7388 7520 8115 7796 7845 7188 7318 7334 7315 7963 7415 7529 7438 7525 7447 8168 8235 8325 8202 7496 7290 7432 7402 8178 8313 7615 7929 7569 7405
5956 5770 5708 5136 5232 4841 5363 5903 5212 5956 5398 5806 5141 5823 4789 5141 4920 5196 5650 5224 5141 4882 5930 5215 5669 5479 5073 5130 5572
7077 7249 6806 7329 6794 7805 8003 7355 7472 7370 7045 7906 7066 6902 7065 7489 7685 7411 7059 7108 7301 6828 6874 7254 7803 7702 7540 7561 6914
3282 2935 3165 2574 3310 2428 3227 3112 3037 2967 2664 2502 2475 2474 2337 2248 2669 2819 2833 3006 2719 2942 2567 2941 2923 3326 2658 2707 2125
2069 2134 2504 2355 1805 2200 2156 1828 1829 2563 2926 2303 2120 2121 1948 2292 2089 2888 2511 2486 2492 2919 2357 2423 2800 2352 2862 2289 1889
3505 3437 2139 1624 1941 6233 7267 5468 3090 7792 6311 8069 5208 5729 3003 1831 5792 4278 3525 6911 7024 5319 6019 7509 8205 3250 6142 4990 2402 4828
3555 4094 1621 1077 1954 6072 7477 4470 2984 6951 6645 8269 4434 5311 2589 1871 5988 4315 3492 7145 7040 4486 5908 7583 8110 3405 6667 5280 2349 5732
3170 3742 1739 1092 2889 5717 8074 4900 2302 7189 6760 8507 4762 6030 2371 2755 5902 4881 3523 7093 6537 4499 5933 7548 8459 2889 6502 4836 1871 5338
2712 3926 1724 1140 2376 5850 7546 4557 3118 7289 6128 7674 4269 5239 2862 2803 5338 4088 3516 7119 6649 5356 5896 7559 8171 3894 5849 5236 1832 5647
3084 4278 2203 1148 1883 5960 7800 4842 2856 6649 7046 7939 5370 5600 2239 2428 6102 4551 3436 6434 6804 4335 4888 7646 8628 3881 5939 5119 2336 5392
3225 3214 2051 1090 2512 5565 7917 4445 3162 7672 7097 8383 5307 5907 2460 2260 6337 4189 2667 6681 6221 4625 5244 6917 7997 3023 6400 4679 1206 5379
2456 4226 1205 2250 1895 6231 7903 5277 3453 7573 6241 8764 4885 5352 3247 2201 5387 4320 3423 7030 6630 4696 5209 6813 8433 3430 6701 4559 1558 4957
2439 3808 1128 1678 2532 6558 7835 5516 2310 7246 6516 8448 5456 5716 2905 2265 5155 4943 3670 7014 6358 5009 5818 7108 8340 3643 6496 5468 1763 4861
3448 4279 1702 1347 2898 5393 7960 5371 2346 7359 7313 7691 5264 5199 2196 1805 6037 4727 2905 6102 7025 5322 5967 7052 8486 3310 7038 5524 2187 5043
3036 4055 2012 1365 2386 6315 8058 4825 3188 7186 6783 8760 5247 6146 2757 1891 5319 4904 3364 6136 7002 4138 5052 7936 8154 2871 6113 5728 1637 5531
3067 3899 1875 1810 1830 6232 8050 4417 3029 6589 7037 8597 4449 5210 3013 2259 5593 4071 3465 6482 6407 4725 5858 7237 8779 3569 6247 5574 2224 4579
2603 4154 1499 1639 2924 5708 8010 4731 2954 7636 6386 7828 5316 6123 2298 2606 5210 4922 3632 7253 6315 5117 6055 6903 8268 3898 6404 4647 2310 5410
3259 3337 2216 2057 2538 5351 7494 5276 2542 7329 6560 8429 4581 6353 3031 1818 5339 4944 3853 6950 6961 4533 5893 7119 7786 3924 5905 5132 2323 5277
2877 3870 1588 1469 2443 5839 7464 5537 3432 6619 6257 8811 5370 6279 2150 2321 6299 4631 3538 7075 6030 4354 5325 6776 7839 4088 6060 4750 1877 5679
2739 3242 1791 2116 1855 6142 7484 5075 3117 6860 6216 7721 5079 6172 3183 2778 5384 4641 3273 6064 6751 4221 6064 7570 8057 3592 5855 5041 1976 4619
3098 3638 1383 1418 2265 5931 7294 5238 3078 7734 7125 7893 5280 5260 3040 2521 5260 4724 2906 6110 6532 4355 5582 7290 7644 3513 6144 5527 1191 5327
3568 3469 2192 1891 2623 6122 7996 4442 2404 6671 6415 8243 5066 6197 3170 2836 5184 4442 2647 6444 6170 4367 5306 7674 7636 3736 6055 5531 1331 4666
3530 3561 2257 1989 2064 5497 7320 4705 2688 7617 6905 8804 4281 5537 2927 2296 5854 3990 3774 6482 6811 4621 5657 7582 8058 3846 5916 4956 1291 5734
3582 4394 1504 1960 2359 6150 8351 4364 2696 7456 6180 8549 5253 5240 2213 1924 6225 3761 2803 7068 6236 4480 5872 7328 8049 2996 6800 5517 2398 4692
2639 3901 1308 1561 2876 5373 7619 4712 3045 6746 6665 7950 5323 5662 2194 2406 5975 3937 2798 6971 6768 4199 5091 7290 8295 3743 6823 5290 1397 4691
3582 4313 1940 1443 2118 6462 7277 4625 2974 7231 7265 8257 5449 5968 2226 2367 5164 4275 2708 6342 6494 4575 4982 7553 8699 3003 6125 4765 1244 4957
2720 3491 2095 1315 2602 6126 8429 5516 3405 7441 6647 8140 5019 5484 3138 1952 5652 4431 3069 6668 6851 5141 5807 7889 8657 3117 7033 5469 1599 5340
2999 3817 1539 2131 2692 5890 7518 5017 3016 6858 6755 8587 4633 6227 2361 2407 5343 4037 2788 7057 6706 4360 5095 7879 8459 2910 5842 5533 2172 4540
3397 4429 1972 1993 2230 6569 8315 4388 3464 6772 6964 7897 4411 5763 2804 2120 6241 4314 3101 7110 6072 4569 4990 6955 8640 3140 6608 5324 1610 5121
2540 4066 1619 1998 2142 5883 7876 4471 3116 6822 7189 7689 5229 5922 2668 2537 6157 4003 2930 6397 5912 5005 5854 7101 8467 3449 6250 4667 1730 4951
2557 4013 2056 1266 2322 5353 7330 4460 2719 6969 6480 8397 4275 5452 2828 2354 6051 4208 3638 7229 6929 5221 5005 6964 8821 3265 6329 5041 1991 4738
3410 4273 1577 1997 2300 6383 8061 5036 2310 6870 6407 8011 4950 6152 3063 2007 5713 4767 3530 6068 6000 4909 5700 7836 8300 3260 6306 5127 1504 5586
2737 3830 1777 1600 2464 6298 8183 4839 2830 7804 6741 7690 5072 5795 3036 2290 6128 3911 3488 6432 5954 4564 4971 6851 8080 3842 6200 5148 1598 5539
3437 3597 1523 2237 1886 6553 8298 4755 3372 6940 6316 8106 5127 6240 2878 2667 5184 4541 3802 6578 6583 4458 5077 7718 8045 3594 6339 4973 1496 5172
18 28 26 19 52740 0.9881702794506325
7 5 26 8 60416 0.9860210648216725
5 0 29 18 89062 0.9509771047063312
17 15 29 15 27327 0.9025985778038328
10 3 28 13 59949 1.0552737777490118
12 29 18 5 73361 0.9745253236113591
4 20 29 12 91760 0.9122390603970875
2 27 27 19 85053 1.0633329770056872
6 15 17 26 60506 1.0857873281553487
10 1 26 20 89550 1.0684489448047547
29 27 25 8 57512 0.9525940186511648
28 19 6 5 90713 0.9085828711665287
24 25 16 19 48458 1.0730934403691883
28 25 12 8 82441 1.0071379809789225
23 11 12 2 42729 0.9075880271707714
26 11 5 29 101037 0.9313037517746621
6 22 24 24 78964 0.9140461175894904
12 0 9 18 55193 0.9821055836679757
22 20 29 3 60635 1.012155576780707
21 14 10 2 47825 1.071181078335117
2 8 23 5 58224 1.0747684554508532
21 20 19 4 49880 1.0731247058835474
8 22 10 5 76900 0.9431642194539009
26 12 2 6 90453 0.9296881046873368
28 24 12 2 85778 1.013911762775348
25 10 15 29 79391 1.0849250225826237
27 18 14 17 47128 0.9372836446459508
9 2 24 9 47230 0.9253969901258988
20 8 8 0 46278 0.9551774645793457
8 14 23 2 59914 1.0300829477793183
27 11 0 2 79740 0.9710492985828817
23 19 8 18 50756 0.9523683952299346
4 23 26 4 123543 1.0692931657216052
11 4 20 1 26191 0.9881293015363319
7 18 8 9 48923 1.040750454108687
28 9 0 5 69587 1.0229818129432986
3 20 0 10 43803 0.937371508004799
18 27 20 6 59755 0.9782413570282104
8 16 26 11 67067 1.0476703518763206
7 1 0 28 96462 1.0893002819563362
0 15 7 4 48512 1.0332438082478983
18 21 23 26 29959 0.9789858545016962
20 5 1 5 45781 0.9975065616134866
23 21 0 3 83613 1.0784061380416552
11 12 1 20 53025 1.0687239495294882
15 27 11 14 49551 1.094782497548665
26 17 1 24 95104 0.9880347883535363
14 14 8 6 43741 0.9531338145586867
10 23 20 3 79058 0.945827936899723
21 11 19 26 50735 0.9171697586448814
27 20 14 13 65000 0.9470219108727451
6 29 10 23 36629 0.9769606814121463
9 6 10 22 62263 0.9344713978471487
10 19 6 29 52195 0.9479580185678597
23 3 1 7 47236 0.9471053056338535
11 19 3 24 58626 0.9682523497329687
21 16 11 9 52286 0.9532387632098192
7 26 25 5 111719 0.9454221992783471
13 10 19 18 43159 0.9269237617892768
19 26 22 11 54495 1.0707802655822989
29 5 28 29 58375 0.9718261914737932
7 17 21 11 61401 1.042815901209949
13 26 29 6 88241 0.9391468000404937
16 13 4 11 60128 0.9812569215150475
15 22 21 11 61938 1.0549976292928718
29 29 27 3 64508 0.900515170122364
23 7 27 22 57260 0.9575194153719591
24 24 15 11 72231 0.921969195697025
12 23 17 1 66062 0.9614295468287086
21 3 17 23 60831 1.005103707142362
4 7 17 14 60193 0.9658407878980555
21 6 12 0 42531 0.9269973743853656
23 3 19 29 67900 0.9137219901874319
8 19 24 8 74381 0.903794410755677
0 8 28 1 67117 1.0449511670271456
28 19 15 19 48727 0.9508847579522236
9 28 7 16 54342 0.9950574725104163
15 7 5 3 36686 0.9203360452613906
10 20 5 5 78904 0.9474993836418995
27 28 0 1 109592 1.0194375363556982
6 20 20 6 82889 0.9994376100210924
10 14 18 5 46369 1.0352044311228665
13 14 2 29 64185 1.0359258002445388
3 26 19 16 67781 1.0591540313969061
3 24 20 25 59264 1.0898885536788212
15 5 0 12 61248 0.9941174006474115
1 14 24 10 73263 1.0217717143757987
27 6 14 23 103399 1.053391145342811
28 28 27 16 40238 1.0687956945801795
25 0 12 11 53789 1.061504676267858
10 6 18 9 39519 1.0542636205992346
22 2 22 12 33334 0.9718621336456946
18 5 28 0 31469 0.9997177721500565
8 3 1 13 39858 1.016661710840516
9 17 24 1 73561 0.9406627045222098
27 0 0 20 111220 1.0518568467081357
9 17 8 2 54816 0.9164474736473823
4 2 11 18 57144 1.006006850128498
0 19 23 13 71751 0.9120440134122411
4 20 12 1 80698 1.0656567956274903
17 11 23 15 27836 1.075283589117947
20 12 14 17 36639 1.0125155112472326
28 11 0 23 101965 0.9529881780923257
6 5 11 22 71592 0.9261689837709389
1 22 15 29 51760 0.9736236768339357
0 12 22 18 69167 0.9696320775814742
12 14 21 1 53618 1.0863937191918451
22 3 10 20 72600 1.032995623905606
20 17 7 14 40714 0.9004358906958857
9 20 28 22 79469 0.9163361304024945
14 22 23 13 57515 1.0431917261519397
25 6 23 27 71860 1.0305516394601293
5 24 9 5 94684 0.9364427650508609
21 2 24 27 75958 1.017094252327582
0 27 20 6 97749 0.9917532909139499
26 28 20 7 65530 1.09081913871592
11 26 21 17 58353 0.9088428048970699
5 23 26 27 75024 0.9054545939924229
14 7 7 2 30987 0.9047408449730888
0 4 4 21 66953 0.9539680110791258
20 6 17 23 57510 1.0241191077190719
2 23 24 23 82525 0.9857898433312084
24 22 14 3 71186 0.9502824386913735
22 23 29 16 46837 0.9475727486839478
12 15 20 12 28120 1.046182409949977
19 21 1 20 70816 1.0080716970620842
26 24 22 10 63637 1.049506777029802
21 6 6 6 62363 0.9086277590977203
0 26 9 9 78790 0.9814230605066465
10 24 3 17 55764 0.9648144984613303
26 15 21 6 47061 0.9647127130285855
6 10 2 2 45628 0.9373401808268802
19 25 22 3 55742 1.0752218602872452
11 22 24 22 62006 1.0962455724052458
20 1 1 21 91076 1.0030936123414578
20 22 14 16 41856 0.9308985728708397
19 26 13 8 59403 0.9070801151009924
15 18 2 18 44265 0.9984795912873429
5 24 18 6 97713 0.9699716151095993
3 26 28 8 106805 1.0861864256989457
15 16 7 23 61886 1.0782504950056337
25 5 3 23 121507 0.9615359408060693
10 19 28 18 63684 0.9625635803012792
27 2 17 24 77657 0.9840551040379115
18 25 1 2 86229 1.0561060907713713
26 16 8 26 82139 1.0749484831795733
1 7 29 19 94129 1.0870434867473981
3 27 20 15 67372 1.076001913022707
26 4 24 24 69060 1.0168334822515224
25 27 23 12 51004 1.0647519873973033
28 25 13 19 65342 1.0585612207549866
22 6 4 19 96655 0.9870929828907153
17 23 6 2 82052 1.0914042244858382
3 22 4 4 71248 0.9098357631557489
3 25 28 0 123931 1.0204012948254477
2 22 20 12 79977 1.0559727931457428
8 29 10 3 80912 1.0802968322233024
12 20 24 5 70382 0.9490920108287189
28 3 25 20 63384 1.0626176451625122
1 24 20 21 66526 1.076889431314317
16 18 8 27 53626 1.0621765468313895
21 13 4 24 89801 0.9769809817494953
3 27 0 10 64333 1.0045808461841073
14 7 10 13 37596 1.0952322204931444
9 3 6 25 81074 0.9124221011941219
3 16 19 22 57669 0.9329202464195142
0 17 19 12 56860 1.0828559479441224
23 23 4 4 90841 1.0671008793355439
1 4 3 26 74641 0.9555368413348863
27 11 8 8 74711 1.0283944451532903
1 16 8 29 54822 1.084786048425245
24 14 15 0 56856 1.0972462017991258
18 18 9 3 55726 0.9047873613615552
18 2 22 27 74589 0.9287736083377731
10 28 29 23 45988 1.0545980040362382
3 29 9 17 58352 0.9640769154627515
24 2 25 12 38774 0.9583267916335507
21 11 6 20 79940 1.0714339192339113
24 11 8 3 54817 0.9839314503537419
7 20 24 26 76169 0.969919898672832
27 12 19 29 66142 0.9868709539379082
28 20 19 26 42496 1.0542290674176968
9 27 0 23 37456 0.9742831658338922
8 10 29 24 95097 0.9665181946887333
24 13 20 0 48583 0.9061276787761703
8 4 23 4 33406 0.9769141908487233
15 14 1 24 63789 1.0973493197137802
17 16 9 29 57966 0.9499288880103649
8 25 1 2 88097 1.0019180453238443
17 12 10 24 62928 1.0491911465606452
25 8 23 26 57462 1.0218553056900315
23 6 19 29 66715 0.9037998127478563
5 5 28 5 60667 0.9344708345525246
0 25 25 27 62161 0.9627047018343861
8 23 24 18 74427 0.9929207461748019
26 13 14 16 46378 1.0582433817808834
1 14 29 14 69426 0.9166312608278214
26 11 2 25 111580 0.9399326570748378
4 11 14 8 48627 0.9933822494100575
20 4 27 13 50387 0.9804594311767215
24 9 24 26 58694 0.9524207386261545
23 26 20 4 67548 1.0014791949297202
2 25 10 6 92801 1.008076276258755
6 17 5 1 75009 1.005911813893049
12 22 23 25 42427 1.0135514654200881
16 23 28 20 64181 1.0650360924870048
5 8 25 14 69004 0.9145118733614861
29 10 6 23 105750 1.064671381361546
15 15 0 9 53946 0.9325268163483671
20 20 4 6 89663 0.9682101079965111
10 17 22 19 51069 1.0331345737480375
3 23 2 13 47178 1.0573923381229726
11 14 21 25 51912 0.9728456723391281
4 19 12 17 34818 0.9940860342136173
17 4 3 13 66526 0.9154207835176285
3 11 8 4 43305 0.9119764135424793
7 4 11 29 81405 0.9921165676654369
29 27 10 29 41642 1.023364166771101
24 27 19 20 31654 1.071327277667274
22 29 13 11 74417 1.095261837947113
20 2 3 22 99205 0.9207628732951258
28 21 14 10 77618 1.0701361713118007
18 5 11 9 33268 1.0167462570385273
2 11 18 4 62796 0.9753794724293955
29 18 19 13 34802 1.0298729397237947
25 28 5 21 73431 1.045592103738168
26 22 22 4 67632 1.013612468339902
28 21 19 5 59401 1.0391957474576563
21 2 5 24 105899 0.9332438211145491
0 1 23 1 47932 1.0223626012527034
11 4 27 11 64094 0.9017525432972068
9 19 9 2 59812 1.0160050341352023
7 14 14 21 39303 1.0570704676873848
15 10 6 5 50951 1.0789942004072373
8 18 4 24 52683 0.9565711971710006
10 19 28 12 64155 1.000753045128834
27 9 24 2 35074 1.098176991020228
7 21 22 3 86876 1.040851750462366
2 22 6 16 44078 1.0120957334334804
25 5 0 12 81738 0.9372554324738939
15 14 5 6 58946 1.0891447969688508
21 9 17 24 61299 1.0138680443453507
6 24 19 26 50703 1.0230956482617848
15 4 29 2 31155 1.0863511317692458
18 15 7 14 30112 0.974516371011286
28 3 27 23 59580 0.9735692763700922
20 1 14 26 84711 0.97010445832497
23 29 25 10 66306 1.0137133001823933
29 19 17 1 63277 1.051351300105533
21 1 7 8 52217 1.0598137411558293
19 2 9 27 82928 1.0746188070757314
15 14 18 29 50677 0.917949955151191
4 8 20 3 50526 1.0022739714661095
16 2 12 8 21880 0.9570612129304497
26 14 6 10 75421 1.0710752413530025
4 11 24 25 99991 0.9009495532861863
10 1 25 16 74461 0.9576562716716828
25 27 12 24 38958 1.099411920326779
29 2 6 5 53193 1.077468623014895
9 1 1 28 93359 1.0878009897221692
19 21 29 4 61003 1.072575583291288
17 1 27 1 29416 1.0896925668249982
9 12 14 1 49024 0.9355009352231317
29 0 28 9 23460 0.9159543215294496
6 11 26 29 96749 0.9346836238844016
23 17 8 7 65417 0.9249819610874557
29 19 19 29 41902 1.0665075404705777
13 0 1 29 97010 0.9515516718557019
2 26 18 12 86066 0.9082339321300485
22 7 0 9 71376 1.0607756643232524
27 10 18 12 49227 1.0639882768252504
2 23 8 29 41374 1.0865236889432364
18 29 16 17 42349 0.9395254055002366
22 19 27 13 38392 1.033143009968128
15 11 3 5 59818 1.0577731563695325
3 0 16 9 59835 0.9504396016251844
28 0 7 29 111044 0.9167669686978058
19 18 5 10 70734 1.0915567957813852
0 13 6 26 61510 1.0929973305182277
14 23 9 0 79455 1.0215119558460066
15 16 1 9 56646 1.0325857747217493
7 21 10 0 82357 0.9465823238192208
28 28 5 15 75053 0.9200034243996319
1 16 26 24 96978 0.9351345031140332
22 6 22 20 52140 1.0923292667918543
7 10 0 0 54913 1.0787915715387861
1 11 22 18 69700 1.0911939540087303
2 28 15 8 78389 1.0920479271133552
6 4 11 12 40947 1.0782176112006892
6 1 12 6 24183 1.0088836044339278
18 26 28 3 72503 0.9549791803655973
13 25 16 1 75635 0.9848699833863503
4 21 17 13 73259 0.9499892647585572
9 8 14 2 27877 1.0574821101810281
13 23 26 0 93513 1.0656197339671367
28 25 13 2 85002 1.0740672851261392
1 2 29 18 82642 0.9562364499020322
24 25 5 7 101169 1.0887624795833968
3 18 8 26 56817 0.9826706545035371
15 24 12 13 46298 0.9120754730531474
14 28 24 3 75499 1.076309268047251
10 5 15 10 40223 0.9942177750985607
5 27 27 10 103667 1.053959516240937
29 26 27 18 27630 1.0383826117392958
25 13 9 22 74185 0.9045498193788093
15 2 14 26 77690 1.0869375831253199
0 19 8 24 53393 0.933809801602944
15 21 15 4 63468 0.9895057368282535
7 4 0 29 92299 0.986810814461113
1 14 4 5 44045 0.9780605195543534
15 27 0 5 98943 0.9092360621191039
1 19 12 8 54665 1.0040228515394845
15 29 19 4 68406 0.9467066955347128
25 23 5 20 101298 1.0511021797973235
9 22 0 26 46743 1.0368406733365287
4 16 8 3 60619 1.059413595768623
20 23 0 25 65380 1.0924718315029567
23 5 9 16 62575 0.9675364747558879
20 1 3 20 95287 0.9596926962954417
23 16 6 9 69207 0.9022049409144032
18 29 6 5 94375 0.9003327650972246
1 26 5 20 42784 0.944198089563705
18 1 4 12 73484 1.06555517877282
11 9 20 10 38846 1.0351465761721022
29 13 19 12 33186 1.0395613520373481
25 13 13 25 69945 0.9671143560694356
29 25 20 26 35535 0.9355153280807605
7 17 21 6 71627 1.0528867577832361
28 24 3 14 86633 0.9138102684669647
6 5 12 13 43938 0.9772179373994658
0 13 22 17 67207 0.9315540931444733
1 15 19 18 49186 1.0239307153455695
3 19 2 1 67668 0.9437154236088179
11 16 1 26 60593 0.9837971030183889
25 0 23 29 85319 0.9897938739117165
2 29 19 23 50959 1.0181372377602247
29 12 16 13 46756 1.068615445409408
1 9 7 0 40872 0.9218311357111567
7 28 27 29 42669 1.0607679439091624
12 11 24 20 55696 1.049105003384564
26 9 9 22 92189 1.0545077777978602
24 18 10 19 50098 1.0616869276864103
8 29 3 6 94674 1.0433578172005638
10 21 12 9 39871 0.950720533057592
0 9 20 4 55184 0.9930594254665952
1 12 22 29 91088 0.945878603928206
28 22 6 17 80634 1.0749447923926934
28 16 9 21 67901 1.084938330706819
6 18 29 21 81913 0.9632025117410872
21 21 16 9 53474 1.0670186771024381
23 27 29 15 45380 0.9633203625838497
20 8 7 22 79279 0.9263883760744482
29 6 2 4 57359 1.0818168979622358
22 8 14 23 75053 0.9703889222601949
28 10 7 13 70527 1.085970765927565
28 19 3 20 90873 0.9749477740509691
21 5 22 20 58979 0.9365634610264006
24 8 1 11 75775 0.9542491876808552
27 27 19 5 74683 1.0972025050149816
27 12 0 29 103614 1.0792141137851845
7 6 5 20 82527 0.9939891086152937
24 16 5 14 53513 1.0472263260116879
6 23 25 0 118718 0.9833458156402753
28 4 24 27 70710 1.0135978139560606
22 15 6 26 72441 1.0044146838560486
16 10 4 11 69536 0.9031319385808577
6 21 2 9 66542 0.9866474711500632
10 3 29 6 40118 1.0630233254929382
25 26 11 9 89456 0.9092568325452345
29 9 1 29 99049 1.0565362133970406
21 2 28 22 64719 0.9401831628457105
11 7 7 16 41046 1.092769298327004
16 14 28 25 58851 1.0108741242924921
24 16 11 1 64641 1.0713668832212033
6 8 26 24 103672 1.0795143205734272
18 24 6 26 42816 0.9318986181692556
8 0 10 29 92317 1.046683447537522
6 10 7 27 87422 1.0942757008172437
9 25 1 9 76875 1.0581755850799435
0 11 4 4 32132 1.004619329124309
23 9 29 23 49982 1.092564294297417
10 1 20 5 35210 0.9981409168936035
6 13 21 18 53109 0.9531333346107005
5 15 5 28 57470 0.9620595631710929
20 1 21 21 58942 1.0591876459239522
7 29 0 17 53959 1.0662582931641356
7 24 26 16 85195 1.0676989773783423
1 17 11 16 33082 0.9655205129317208
1 16 18 2 69080 0.976929798251547
3 9 9 13 41091 1.019369283839251
7 13 21 25 68143 0.9293891425964722
6 18 24 11 69326 1.010305138103096
25 26 3 22 80105 1.012623984389458
20 19 8 18 45113 1.045381867611364
24 1 6 9 63891 1.0590113716455298
4 14 27 10 79349 0.9215083534363592
15 5 8 25 79199 0.9556086999855412
18 8 12 24 57436 1.069425196800571
23 17 11 28 52180 0.9901819724333436
17 29 27 3 80551 1.0802107579519693
1 22 12 9 61104 0.9593299929104278
26 28 21 1 83335 0.9557019000317821
16 7 4 16 62062 0.9047749464713429
21 5 2 15 74269 0.9790324838312788
25 5 19 26 73941 0.9654412091359104
24 7 7 20 86212 0.900239285970143
1 22 23 26 63517 1.0917012894019444
11 9 27 5 58192 0.9133909664192728
27 3 12 12 49727 1.0249540024154329
12 6 15 26 64616 0.9104544912619558
23 18 16 11 43450 1.0935161885530125
7 4 12 9 26065 1.0336562071074475
28 2 8 22 100326 1.0891587812806656
21 13 26 0 55454 1.066677704902815
28 1 5 0 55175 0.9185709345510119
27 21 28 11 30646 0.9886900730028974
29 10 15 24 77513 1.062959437174589
27 4 18 11 40209 0.9068219285230087
0 14 19 25 70312 1.0728961269255959
7 19 6 2 71608 0.90716004833544
6 27 15 24 41284 0.9832286228178402
6 16 5 2 62489 1.0141984791364087
8 29 13 3 79520 1.0790623294285788
7 10 20 18 63497 1.0370443321722598
25 13 21 25 50053 0.9883876995830883
19 10 0 2 50226 1.0485151692196242
27 22 12 24 59261 0.9590528164118233
17 20 9 22 44617 1.048885462421437
22 6 7 2 44783 0.9052854315300994
25 4 12 7 36394 1.033632871731754
18 12 4 29 76115 0.9397533954553985
19 19 2 3 64650 0.9200428832646352
23 23 14 8 61454 0.9178527486588086
16 8 5 16 53804 0.9103920255899449
15 4 6 6 32785 1.0938178015000284
26 10 1 7 80336 1.0516845704530071
14 8 29 8 44234 1.0685735558110647
0 12 24 17 71401 0.9197600426236751
27 1 24 25 79613 0.9074350219498256
21 4 8 17 66297 0.9641812800531171
7 26 15 29 32590 0.9462297828279149
13 1 20 7 31870 0.9396749196213268
12 15 6 9 40996 0.9192620885128548
14 7 0 27 90234 0.9289805091963793
0 17 18 5 77470 0.9073130020462594
21 22 12 19 44397 1.032589336949779
2 11 11 2 50843 1.0031134256559888
17 22 25 11 59622 1.0782494234056823
17 2 1 6 36180 1.0706136462659135
11 13 12 25 35283 1.0865872930801481
27 9 4 3 63391 1.025818324702644
28 28 11 14 64676 1.091912255773818
5 17 19 11 53335 1.0611977776486519
6 25 23 19 72462 1.0056096643237487
27 24 20 12 64890 0.9317827924870565
21 13 10 0 60234 1.0997907513542713
4 27 15 20 57916 0.9172925235389863
29 16 16 14 36143 1.0681291278961478
18 12 29 0 50093 0.9410599336599076
4 3 7 15 53760 0.9484356293051734
4 11 0 29 73255 0.9216832888436265
28 19 25 29 38287 1.0731162873935547
3 21 5 6 76049 1.0307642669562678
15 7 17 21 55540 0.9187469599538004
20 20 9 3 63665 1.0309942634845546
14 26 17 16 52521 1.078862995141922
5 16 16 20 58974 1.0682017588827477
27 4 10 25 93271 1.0538557897123264
18 21 23 12 34701 1.0455732139809129
1 16 27 10 84553 0.9116155882360222
2 7 25 25 112435 1.0864195116757083
11 12 1 13 40862 1.0136260001683717
5 13 10 20 49297 0.9863736781606314
5 4 8 16 59503 0.9369934029856193
13 7 20 19 54535 0.9912674663004882
1 9 28 27 106408 1.0234599392296264
1 13 16 15 40830 0.9762561384509876
1 27 20 10 85688 1.0693084349926445
13 19 18 26 42615 0.9414782136092131
8 28 23 3 86064 1.088996717523252
29 21 16 0 74129 0.9760598104861362
25 1 4 7 67499 0.9741868435657626
3 4 16 22 87707 1.0487762455497323
14 21 3 8 68017 1.0235786653848096
17 7 10 13 42814 1.0532775375777228
0 15 13 29 66676 1.064032930099392
28 5 22 28 72810 1.0528934198495379
9 11 28 2 65000 0.9726035347266322
23 15 9 14 36067 0.9349143961684265
23 1 24 17 46714 0.9665496437364653
27 21 20 8 59991 0.9746471931362799
15 15 29 2 56517 0.9019664127612997
23 29 8 28 29885 0.9457931366478097
21 24 24 0 83355 1.0572607966132241
1 13 24 29 88332 0.9170816600650695
1 8 25 10 81796 1.0966502849444768
10 17 22 3 61793 0.9083953829830201
15 1 25 23 87449 1.0029056834630963
1 14 11 24 58743 0.9825452982793522
21 7 5 9 59801 1.0286535858090304
20 23 2 3 81054 0.9811444766237798
16 26 23 1 80021 1.0746538242069341
11 0 21 18 63017 1.0466408987795568
17 14 29 12 36577 0.9961047190685107
18 17 22 26 40590 1.0979624478953156
22 17 11 17 43774 1.0516095066550561
25 12 4 24 101282 0.9840180708206108
22 17 9 27 61296 0.9415677390104056
12 2 23 11 42729 0.9782077126089417
12 12 4 20 53454 0.9907430327384885
8 21 27 9 94198 1.0687781406356458
16 29 12 20 35347 0.9497591083994301
15 16 0 25 71714 0.9555288564724608
13 1 12 27 68491 0.9859622642002512
0 12 25 12 78891 1.041501387117499
5 20 4 0 93019 1.0056897968244576
19 14 25 19 33170 1.0810967204098858
27 19 7 24 88855 0.9343208116044999
5 8 7 29 86631 1.0778977100637335
2 18 7 28 44976 1.0776732918835257
3 17 21 13 60521 1.0235227581318198
10 27 5 2 84861 1.055174405349913
18 16 2 12 55592 1.0789398209126573
12 15 21 14 23348 0.958712228496464
14 10 1 29 81488 1.066178938676446
13 8 8 25 58962 1.045640999897127
20 10 14 21 53585 1.027994679767025
27 15 8 0 77031 0.9857163594293387
24 29 18 1 77290 1.0638047244411637
4 18 17 23 62163 0.9823966736779653
20 17 4 16 49984 0.9995765383711797
29 20 20 7 57952 0.9071097186357906
20 22 9 28 38749 1.005820303712657
2 18 13 17 40666 1.0336753148704676
13 11 27 21 74785 0.9371581938026778
25 4 8 12 69531 0.9126227163827135
17 5 1 28 97278 0.9337413761135716
29 0 18 14 50922 0.9619614496821958
0 12 26 26 103417 0.9508814758231839
18 20 12 24 37539 1.0075611009215504
12 9 25 3 38793 0.9652526947406953
3 12 24 23 88999 0.9882491520703014
1 7 14 28 86259 0.9687312743158536
0 18 26 12 83935 1.0801210387099507
17 28 2 19 64660 1.0466674565511385
19 4 11 19 57275 0.9402030452107327
22 29 18 2 74465 0.9888617709291121
18 4 25 0 25404 0.9951239232547676
24 3 18 16 40668 0.9970641890990222
6 6 11 14 45409 1.0526442758098185
26 17 7 25 84150 1.0947297998870096
19 5 27 23 71761 1.0476638186761407
2 4 10 12 52571 1.0006471179610652
2 10 21 3 59418 0.9402928236378187
13 13 3 26 69045 0.9844507167009239
1 24 15 17 70525 0.9753161291169268
8 13 26 13 59935 1.0124477034940949
28 14 4 24 98212 0.9342563523222791
13 9 25 0 52878 0.9319650770960278
4 11 23 10 81532 0.9314646483606193
9 4 26 9 54803 0.9107907737986066
9 3 6 27 84898 0.9428587737321092
17 9 9 4 36014 1.0589734362059922
27 5 15 13 65163 0.9253754422937527
24 28 0 29 48075 0.9938891416451097
4 21 25 26 89834 0.9811713534201525
26 16 15 4 55691 1.0271238262015558
24 29 11 4 87394 0.9681243488217445
20 21 3 27 55068 1.028497143229989
29 0 18 16 55707 0.9209240092789991
17 27 7 27 27788 1.020281803376769
16 26 20 20 35599 1.0258032683786085
28 0 11 3 38512 1.0501000586487705
9 13 2 22 52486 0.9352108674794988
3 23 9 7 81047 1.0184444175712069
16 24 18 4 68666 1.0158343282186721
12 3 6 22 79908 1.0283143974824402
22 0 22 18 53183 0.9514866756652205
11 17 27 23 75484 0.9414650188403937
2 13 28 21 87208 1.0562327043626758
28 8 3 7 73763 0.9950397210871293
11 21 0 22 56057 1.0314524335585722
20 22 28 18 41701 0.987579354001806
20 26 20 12 44789 1.0305571534686186
22 18 13 20 37036 0.9211738015410179
20 3 10 20 69842 1.0830609072688961
26 25 0 1 111526 1.042572708240844
25 15 3 21 78560 0.9159672470396404
24 8 4 17 79531 0.9117237388497177
1 26 17 14 75174 1.012993757266465
20 2 0 24 101623 0.9228077040625853
18 10 24 5 34684 1.0154382474045878
14 2 11 9 26144 0.9636676145663661
6 28 13 6 74064 1.03988442745109
5 23 12 16 58968 0.9462517049200104
29 28 22 3 72004 0.998040459895913
10 27 17 10 73776 1.0269437410638518
9 28 19 2 79300 1.0523412058170292
3 21 27 24 96333 0.9116980775715613
1 15 29 9 78726 1.0914079065647908
18 0 7 27 95259 1.0729723563022984
19 16 21 8 23616 0.945351092403827
12 22 3 2 65113 0.9815927219965264
15 16 22 10 44054 1.022162869509984
4 2 1 17 50846 0.9056023758558468
17 9 21 25 55031 0.9035238060402666
24 0 5 16 85242 0.9704428974764936
21 26 2 23 73971 1.0957309629033365
24 12 1 18 71149 1.0452018422263427
20 20 3 5 80803 0.9145324831744394
13 7 19 12 31731 0.9942901097853113
26 28 3 23 64402 1.0610692758732603
15 27 28 18 55609 1.0347151194353632
3 18 1 6 43300 0.997922231652939
5 10 21 17 76139 1.0156750396082903
26 8 9 25 89151 1.031895636684725
24 10 19 3 31271 1.0700386523443703
17 2 17 14 36001 0.9546349858619159
1 23 6 18 32054 0.9097980212352987
17 23 13 11 59962 0.9634528028645539
18 0 15 13 50362 0.9817924327104567
18 23 27 17 47113 0.9744192019908443
21 2 21 15 37555 1.0368774142794468
24 9 15 14 41548 1.0865481331004598
7 18 11 26 43733 0.9608921869268489
12 24 10 4 56002 1.058298067703119
16 28 1 12 73849 0.9591630719008768
0 3 10 26 86812 1.0649457680920755
1 21 5 7 58870 0.9769233131349847
15 21 24 5 73673 0.9005114242112751
8 13 24 14 48616 1.0339431070355922
21 6 1 27 102782 0.9232222077609843
3 24 19 17 74542 0.9239303516025105
17 29 10 20 46191 1.0385989745231934
24 13 21 0 46731 0.9888662048634036
7 5 29 23 95631 1.041398892809084
11 16 12 1 42021 1.005630891422179
24 12 4 0 77011 1.0280947569119812
12 26 28 13 69133 0.9532632983529177
21 5 16 12 42799 1.0323522440315454
16 11 0 3 63019 1.0221539289327826
15 19 16 6 61409 1.0087843668731993
15 29 28 25 35638 0.9297703971951424
28 12 11 16 51513 0.9144356581553296
6 26 10 18 47480 0.9020013837077617
24 15 13 9 48504 1.041471810394424
9 5 2 12 50394 1.0908785218672201
9 29 2 2 92050 0.9176494901142368
12 28 0 4 83489 1.0874800316838027
25 6 24 26 73871 1.0765766688289202
1 24 23 10 91235 1.0354948716240837
12 15 26 8 53881 1.0350942988712752
6 12 28 18 73899 0.9688742845184574
14 1 12 28 74469 0.9746140859932607
12 4 13 23 55619 0.9845944224984117
14 17 11 28 39445 0.9455654734453824
5 21 21 18 69576 1.0758483186643462
20 2 6 12 68005 1.094393393353544
21 3 3 11 65771 1.0864508930971546
9 5 21 17 65515 1.0220819195037008
22 16 12 0 62335 1.0936859234248377
3 22 18 25 63139 0.9372578304181944
21 18 27 5 58057 1.0958189630008153
18 24 27 6 80564 1.0401959214938132
29 11 24 21 43696 0.9925167803941392
13 25 29 27 42543 1.0888987981041194
9 18 29 22 74834 1.0162434237021354
22 25 17 19 36355 1.0429009997506067
6 0 5 14 65779 0.9002698221119385
28 14 21 22 44576 0.9104254844809637
2 9 24 28 103829 0.9690985856778077
28 10 18 1 42361 0.9737786244633545
4 29 16 17 68533 1.0491908151689335
26 12 4 13 76245 0.9998042069283282
7 14 23 12 47411 1.051208340347805
21 28 6 27 31971 0.9079399942457882
13 27 20 8 64442 0.9193994980538798
4 23 22 5 122093 0.9539709259166853
11 6 23 25 82964 0.9908311898165533
24 20 16 6 65021 0.9645547360401239
25 16 29 7 35124 1.0232665812006845
6 15 11 27 48100 0.9581100432232137
18 10 0 20 74894 0.9851275859782583
21 18 27 22 39015 0.9446208449257719
21 22 13 2 66430 1.0573131150379322
29 29 0 9 110180 0.9396348649750023
5 28 10 19 47915 0.9178867546796302
18 10 19 22 32818 1.051965375960293
18 22 12 28 26719 0.9806456510568354
12 27 27 11 83176 0.9776350463156421
24 25 2 0 107837 1.0898786809539254
17 26 2 2 93901 0.9935795747524292
14 11 9 0 52752 1.0659489961462902
6 28 11 23 31266 0.9316798208066392
4 8 3 24 70438 0.9854132598938198
0 13 16 14 46617 0.9519283916799659
23 0 20 9 35645 1.0959166478430646
27 23 25 0 76323 1.0761634227736094
10 2 4 9 43569 1.047891346541931
22 18 24 6 40863 1.0350268856370208
10 6 12 25 61519 0.9052198205496346
14 18 29 21 54744 0.9171374628794697
24 28 23 9 54212 0.9378482466943054
20 4 14 23 77953 1.0121679878118575
9 12 4 17 36167 0.9772388583479147
20 21 26 0 68994 0.9005210734861047
15 14 27 3 50281 1.0357853885602177
21 24 6 15 67275 0.97238976702763
16 21 1 22 73077 0.9808683886075228
15 13 0 5 65129 0.9159129826697356
21 4 0 19 87933 1.0907907170701847
25 24 15 20 60193 1.0118869576121208
19 12 26 6 42350 0.9504840428568574
22 22 9 18 57695 0.9127001297689629
0 21 6 1 75636 0.9130101167390571
6 27 22 7 93258 0.9097553653695549
3 10 2 24 62705 0.9862190610716923
19 21 6 7 71146 0.9756737295865552
11 21 21 28 37805 1.025288270569177
19 20 7 3 59922 1.0801821212565588
25 23 3 10 106149 1.0345967098240314
26 14 7 29 79308 0.995553488134517
14 1 23 29 85572 0.95593987939498
26 15 6 5 77301 1.045441450463943
0 2 7 23 96564 1.0546705971300336
19 2 27 27 81550 0.9163059078873793
0 2 11 25 79964 1.0913083435399376
13 15 3 21 50095 0.9903638413933954
25 7 0 17 89971 0.9747488691299788
29 16 24 10 36027 1.0711681864760334
29 20 27 3 42125 1.0383370412230997
6 26 15 9 83426 1.031429808613629
19 15 12 27 45703 1.0934767948858273
26 21 23 10 44251 1.0789485939765544
22 23 6 18 76085 1.0093866454724443
1 2 5 21 76080 0.9397164287203571
25 18 9 19 54777 1.078311309731188
6 17 29 26 85088 1.0435226192415958
10 15 24 1 63440 0.9820685289959517
22 2 22 21 56796 0.9270654523548182
3 8 2 20 49238 1.0588202549087395
11 6 21 5 41632 1.0937607994835927
20 12 26 5 46330 1.0078413204505265
9 2 10 14 40827 1.0220559268435727
2 8 26 2 60722 1.0201324285552835
23 28 1 20 64216 1.0356854610878774
4 27 15 27 34225 1.0660497675294016
15 10 25 20 69584 0.9775664876474667
21 13 11 27 64716 0.9568499352487194
22 6 24 28 69873 1.0666083721483077
29 28 6 12 90491 1.0399529208196507
27 9 28 22 42459 0.9185976791696585
16 8 6 14 43813 1.0606491621804905
22 1 17 10 41064 1.0303761461255552
7 10 26 17 79355 1.003101082122224
2 13 28 12 78200 1.078979845941447
28 11 2 12 85104 0.9781247599771505
28 21 4 17 84713 0.9247922193973974
11 16 1 28 56337 0.9569692445059631
17 8 12 13 27786 0.9309686365031653
1 16 17 19 55890 1.0230406618772723
22 2 29 29 75370 1.0263222985759102
16 9 7 3 39942 1.0334253209215496
21 29 7 13 77179 1.0669561418935183
10 0 17 6 33129 1.054851192775555
18 15 8 7 49450 0.9640137809846836
4 3 22 24 94716 1.0936661138305572
5 9 23 16 74339 0.999778682417289
9 20 19 22 49503 1.0183777083509755
27 5 8 21 101707 1.0407130189768778
17 16 9 18 33352 1.0651501453691932
26 16 9 16 48592 0.9782026382136685
18 6 6 11 56738 0.9226056851217189
19 22 29 6 59009 0.941491755417031
26 26 12 3 92429 0.9906786888361603
1 0 0 12 40096 0.9599666914022416
14 13 1 22 62467 0.9589360306756125
9 11 12 27 51972 1.000900868951321
12 18 2 9 57981 1.0321021023999424
28 27 20 10 66287 0.9868882287759231
10 2 15 18 53875 0.9795012445780238
26 28 0 4 103860 0.9034971920089966
27 21 26 9 49666 0.962527272818863
19 26 2 27 42855 1.0723020667616825
9 15 25 20 58166 1.0817971483318585
19 5 27 7 36676 0.9051573433630021
7 22 23 17 73614 0.9993269877468739
16 21 5 20 58325 0.9722800308055458
12 5 22 24 84219 1.0219116186744734
17 27 6 8 80149 1.0212713730890592
22 29 21 20 43654 0.948538237347201
7 15 3 24 51170 0.9270040000525156
9 17 26 26 73898 0.964726883658062
13 23 28 29 49160 1.0128886469581193
8 12 29 6 79629 1.06083641818818
8 6 8 22 74759 1.0704287824488885
24 4 8 3 30590 0.9772595864296207
7 24 6 14 54626 1.038546273400819
29 23 0 27 68264 0.9965448647143598
11 11 20 24 62866 0.9964862233459588
25 25 5 19 90201 0.9859325693270472
20 13 20 25 37593 0.9443866831792579
17 18 23 27 39340 1.0885547943610496
6 15 26 24 81579 0.9227261349252553
20 29 11 1 87085 0.9302188065691803
6 0 23 17 76709 0.9066827048542196
15 17 27 6 73790 1.0066412982193351
7 9 17 26 84455 0.9897737602130118
21 12 17 29 56261 1.0672541227274737
9 10 28 24 87404 1.0765513665756616
10 13 24 25 70750 1.0897131990753302
11 5 15 18 49364 0.9328468597163686
27 3 13 7 41703 1.0947753254359671
10 7 28 26 94957 1.0899646339643596
5 3 28 21 86603 1.0817528536966061
10 23 2 5 91747 0.9527022169558361
21 12 29 7 41494 0.9658504182008703
26 21 1 14 84958 0.9079847031669226
17 20 27 25 49083 1.0680875962510528
13 6 5 28 75270 0.9374099621657486
11 13 25 24 77748 0.9322114222729712
2 14 4 3 39796 1.0920002442967947
28 29 13 10 81008 1.0389916885132127
5 28 8 16 59781 0.9697924930253528
25 6 12 4 43561 0.9304060808105442
3 9 26 1 72829 0.9396387796646797
11 11 25 24 84714 1.0312857019933968
24 26 6 25 56459 1.045683223672954
7 13 29 13 64811 0.9757742436128857
10 16 13 27 43681 1.036796060439153
21 28 10 13 62143 1.067103425286015
23 4 2 10 65713 0.9010436896863537
23 27 29 17 40999 1.037266642690178
3 12 2 28 58451 1.0845320788206663
8 8 0 28 83643 0.9498362488764516
5 9 10 19 66063 0.9753017394931607
27 0 18 11 49939 0.9641760869840867
2 2 17 6 39702 1.021401511934437
28 17 26 0 50029 1.0716380726321368
14 29 27 10 86721 1.0588281455305073
12 25 8 7 59812 1.0940395632913869
24 14 10 0 63319 1.0809253481345757
13 13 26 3 56736 0.9690469945842742
11 18 3 27 50442 1.0339081521343907
19 16 22 7 34669 1.032341571934909
8 16 11 9 37436 1.053323603950906
19 24 26 13 46481 1.096708833901432
8 0 20 20 77171 0.9417363628578126
24 15 27 0 50890 1.0156068942359509
17 14 0 2 63096 1.0823998601980296
10 17 25 4 70217 0.9224876581310987
11 1 27 28 93060 1.0289084125581494
3 7 14 20 74154 0.9124093776300417
11 1 24 9 47984 1.0537498609059268
20 1 25 24 86974 0.9400743499480306
2 21 22 25 77181 0.9439869814814175
26 27 3 28 46313 1.039948293927944
25 7 19 26 65754 0.9815041005729278
0 3 17 19 75331 0.9728285204192879
4 10 0 21 55851 0.9182440281504501
11 0 16 10 49283 0.9516665382850102
19 15 10 19 36429 0.9966912121517104
8 15 5 22 49302 0.9282455464124136
17 17 25 26 52545 0.9367736442757302
24 24 5 29 56201 1.073688737448543
4 8 0 28 71862 0.9901011677102289
14 10 22 23 80586 0.97934431866339
5 10 18 6 58753 1.0221702307907945
10 0 2 24 97023 0.9610037629685404
17 14 10 25 49061 1.026561261199904
25 8 9 10 56374 1.0345851961237504
4 22 0 12 48159 0.9163095824031043
6 23 21 4 101315 1.0057702637003605
3 28 25 26 52124 0.9375275876791532
20 24 5 10 92241 1.028943667516074
1 22 28 17 87800 1.0317423366053475
8 29 0 15 59935 0.9992489932347195
15 16 13 7 38064 0.9877972262676916
20 7 10 13 51434 0.9469554708973285
27 10 22 22 55625 1.0198404986189364
16 26 12 20 34909 1.0890560821261823
26 25 21 18 36903 1.0073438610467087
16 0 28 15 62038 0.9202389281956652
28 21 16 29 47427 1.0416206945710376
0 9 18 26 92801 1.0288944236749993
27 24 4 1 114718 1.0149361781946529
26 9 6 9 70064 0.9055853668588082
8 16 14 11 39863 0.9132087675431884
21 24 23 9 57935 0.9161122049490179
20 27 7 29 35943 0.9385592842754369
21 4 28 20 58679 1.0623465117325803
11 29 20 10 68773 1.0420715065660198
23 24 19 1 66896 0.9958342309352393
2 17 22 25 84661 0.966852589158935
12 11 0 7 45601 0.984472542152488
25 27 14 5 92748 0.9349106083659333
17 17 6 15 33046 0.9779590717925519
20 10 5 4 54023 1.0051775885392924
19 26 6 0 89006 0.9282789383254727
2 7 1 26 62219 1.019240641758981
15 8 2 13 57321 1.0122167213778333
21 29 3 14 80993 0.9711669423798999
8 2 7 13 53446 1.0223639706353473
14 13 9 8 34812 1.0963891998265638
26 20 9 20 72849 1.0267734500921342
17 6 26 25 75366 0.9675203164569552
23 25 14 1 81759 1.036232162412292
9 22 6 12 49908 0.9670091123452289
14 26 3 20 69553 0.988747955910566
22 0 25 27 86953 0.9099028765195288
25 28 8 27 36756 1.0003998451170248
12 29 14 7 66277 0.9356590629501154
19 21 9 6 63969 1.0835421027342411
9 10 16 22 65025 1.0394587607925674
24 2 3 8 59349 0.9057686489377526
18 2 21 21 53909 1.0833856294067994
13 29 4 23 54998 1.0786839276217162
21 27 2 5 106383 1.0397749441290765
15 1 27 6 46120 0.9580390334430134
18 19 22 11 40784 0.9552806599895511
8 2 20 12 48573 1.0135915270120202
0 1 2 22 72230 1.0424845744583107
4 15 21 1 73945 1.0606873662746032
1 16 4 9 39698 0.9168887233621145
17 19 5 8 65746 0.9168781861208403
17 25 4 6 98664 1.0419616128337368
0 2 4 27 92752 0.9180255472576836
18 13 7 6 56751 1.0921361317457565
7 18 15 7 56973 1.056248810851329
11 14 25 2 55539 1.0782641963030573
29 29 1 25 60506 0.9076319297185184
2 16 25 11 79654 0.9743440849948
7 23 17 26 50172 1.0760775558039277
9 21 4 9 70562 1.0296621495372829
22 25 4 13 80314 1.0065249945589652
7 14 25 17 54396 0.9140956349948606
21 24 5 5 104477 0.9168531291101687
8 26 9 17 40865 1.0277064949760024
25 24 4 14 90619 0.9707703523196225
11 9 12 0 27235 1.0228677130117139
24 28 16 15 46286 0.9221683965983943
22 2 2 8 53536 0.9264207155516283
21 26 19 0 72569 1.0958426980556424
16 3 23 17 47544 0.9884896797422593
14 4 2 9 46627 1.077286899477333
3 4 19 19 67892 1.0491447829174998
20 16 17 3 39534 1.0204347888535272
1 14 21 29 83915 1.0416940871813654
14 17 9 23 41813 0.9494631002628131
20 24 5 2 82992 1.047484256190777
12 11 20 24 55747 1.0710755368423097
7 12 13 26 59454 1.0598409156058475
21 29 7 25 47712 0.9286994473164687
13 23 23 21 53884 1.0571674412272363
17 23 5 25 50117 1.051528494905283
0 16 3 29 49307 1.0169446347953088
0 3 25 21 93187 1.0342095578058952
22 8 10 25 73965 0.9505341526346858
24 29 5 10 103632 1.033540786262488
24 2 5 12 80858 1.0397254758200392
7 0 21 24 99074 0.9420935142612241
26 13 19 4 46704 0.9017542280836888
21 17 4 12 66778 0.9075460885486727
9 25 12 10 47827 1.009938533958041
22 16 6 26 79660 0.9404934849225484
21 5 1 17 81997 0.9632828298598862
23 8 28 13 28084 1.0920680970725154
19 6 0 18 73538 1.0817819037575234
25 0 6 11 80020 0.9407202455888691
18 13 13 22 44210 1.069771520379879
17 18 18 9 30674 0.939242117528546
21 11 24 19 39784 1.0988928203212318
2 3 17 23 85286 1.0341126256876327
6 7 1 23 66001 0.9848268863152083
1 27 12 1 91828 0.9351587105949111
15 9 21 0 40914 1.0104685516884104
5 25 26 0 115220 0.9709735001556111
3 1 28 23 103193 0.9404731421040611
26 12 19 0 51797 0.9791937789914403
14 25 26 13 67166 0.9024709347174444
6 5 5 15 56976 0.9519841699970147
21 22 15 14 39965 0.969642909683274
7 28 0 15 52208 1.0285968056167203
21 24 15 1 79736 1.0046762032434144
22 19 5 14 62186 0.9018618057789988
23 11 11 25 64892 0.9170035328215506
5 2 18 5 30378 0.9405211472107742
6 0 0 4 26532 0.9588641070253283
13 19 27 6 84219 1.0299559300211576
14 20 26 4 79517 0.9044655088746029
11 22 5 3 64813 0.9476046317819491
29 19 3 29 73373 1.0318587007915658
18 5 23 25 63448 1.0472511685917154
29 7 2 6 71177 1.0577548790758384
27 5 1 28 116040 1.084373281411665
27 3 11 8 42325 1.0477449718838185
28 17 22 26 48589 0.9961438661796213
23 15 2 19 69596 1.0595276193537024
7 15 17 11 39538 0.9315401474022088
19 8 23 23 47471 1.0094516605173531
