8604 8638 6231 6767 6405 6562 6614 5354 8315 5877 3046 1883 3801 2100 4364 1334 2061 4507 2113 4665 1258 3334 2173 4442 1388 2556 2249 2619 1224
5263 6994 7499 4240 4171 5888 5649 7182 3501 5903 3774 4392 5257 5653 5446 5142 4643 4371 5246 3616 4042 7085 5609 5669 3996 3496 4113 4947 4736
5761 4425 5457 5956 3659 3347 3538 3308 3557 5462 4385 6502 4487 4902 4454 6230 5981 5576 5410 6131 4799 4964 8047 8498 7577 6011 5614 5630 6924
3398 5979 3809 4099 6308 6270 4016 3982 6464 4431 3075 6501 4765 5223 6570 6273 4397 4047 2813 3455 4227 3125 3022 5402 3426 5317 4863 4054 6024
2494 4213 2844 4772 2953 4365 4843 4963 4616 4817 4576 3657 5864 4841 3497 2623 3224 2346 4362 2518 4521 2081 5605 3111 5702 3755 2717 2261 3854
4159 5888 4007 5775 2906 4630 3985 3793 3637 4602 4868 4511 7196 7063 6469 3641 4072 4609 6475 6069 6792 6677 4795 4318 5463 6982 7353 6777 6775
5356 7197 4293 4099 3812 4506 6623 5308 7168 4483 4786 5244 6550 5558 6381 5936 6686 3996 6841 6579 6257 7073 4183 6184 4549 3497 5556 4014 6219
5562 1927 3100 5475 4061 2780 3294 2360 4192 4523 4474 5048 4180 2863 2684 2110 5241 3324 3093 5927 4351 4237 5764 3124 4198 2811 3460 5569 2361
3210 5865 4644 2271 3279 3531 5305 4371 5097 6458 7281 7122 4874 7381 5615 6001 7406 6828 6796 6167 7462 5898 8204 5530 5737 4859 7898 5242 5397
5078 6108 5491 5543 4870 3485 5081 8260 7654 6003 5762 7461 7826 6343 4825 8076 6926 7407 6478 5883 5144 6681 8376 8454 6948 6594 8015 8540 5747
5042 4945 6487 3989 3898 5485 7143 7638 7517 4587 4076 5612 6711 4936 7357 4999 5209 6189 6138 4765 7577 6352 4516 4085 4957 5514 5494 5389 4449
4907 4376 6368 6497 5641 7420 4981 7077 5245 6605 4791 7781 7804 5449 5637 4629 7372 6040 6424 6306 4612 7615 6096 7603 4631 4484 7988 5829 7219
1530 2767 2400 4570 3521 1966 1833 4434 2726 4619 4855 2351 2463 3725 2691 1855 1604 2014 2707 3566 2942 1497 3316 4250 3360 1787 5012 7638 6664
6146 3984 4176 6202 6375 4034 4257 4400 6446 4801 6821 5597 7496 5879 4463 4474 6803 6345 6588 5546 7568 3614 4454 6943 5254 3323 4355 4753 5824
6175 6319 6423 5577 6237 6271 6367 7714 6223 7128 5184 5744 8613 6759 6562 6922 5076 8400 3740 3098 4129 4731 2916 2751 3450 2664 5427 3703 4415
4164 3169 4645 4093 5374 3422 3845 4831 3270 4096 5086 3352 3800 5726 4985 2904 4784 3953 3584 2734 3300 2272 3270 2286 3195 5118 3536 3838 2772
3261 4215 5386 5674 5765 4776 7545 7675 5718 6404 4361 5027 6144 7359 5527 4833 7996 5116 5153 6192 5831 4466 5851 5659 6498 7623 4833 6571 6756
6677 5607 7387 6681 7299 6843 5393 4373 6044 7634 5604 4747 5176 4656 2842 4239 4338 5276 2473 4668 2786 2301 4007 5056 4166 4763 3901 5672 3500
8052 6412 6451 5345 7042 8152 5221 6186 5723 5504 6944 6641 8087 6787 6573 4806 8195 7305 7448 6004 5810 5564 5656 4935 7395 7153 7675 5583 4981
3648 2922 3592 1765 2557 3152 3803 2701 2832 1662 4665 2984 2510 4041 2911 5257 3452 3215 5373 2283 4209 3510 4731 2516 2363 5618 3022 2921 5734
4389 4963 3423 6236 3813 5187 5159 5347 2611 4651 2628 3059 3143 4319 5253 5192 3666 3213 4984 5255 6128 5194 5913 6209 5693 3456 4902 3882 3550
4580 5386 4115 4865 7026 7098 5004 3503 6525 4642 4866 5193 5597 7043 3751 4455 5828 4174 4105 3913 5528 7114 4432 4912 4985 4781 5643 5713 6133
5178 5422 4604 7005 4104 4285 7455 3771 3718 6228 6020 6372 6865 5601 5790 5499 5281 5521 3672 5086 4140 6152 4922 5999 4778 5977 5420 5766 7062
5736 6258 4824 3602 3768 6068 3267 5104 5909 6461 5750 5144 6163 4508 4686 2701 2356 3440 4558 2617 4969 3779 5488 2427 5665 3898 5062 4537 4500
5394 4940 6511 7612 8537 5369 6068 7743 7446 5675 5708 8545 7439 5227 5800 5244 7287 5003 6003 6744 5015 7183 5138 6096 7106 7131 5540 5051 4876
1852 1537 2321 2409 3011 2364 2443 4017 1663 3092 4343 3656 2940 2983 4682 5062 3699 2433 3673 4436 4344 2532 3948 4345 3059 3969 3720 4031 5210
6509 4987 6853 6735 6128 4569 4889 4035 6803 4638 6362 5267 4780 5822 6794 6185 5439 3686 5121 6894 6303 4343 5820 3382 5037 6942 7533 6854 4981
4435 6924 3554 5523 6393 3667 5293 3577 5326 4916 6322 4884 6454 6868 5333 6586 4285 4117 3764 6698 5734 5780 5106 6695 3272 4881 4960 5970 5433
5630 3226 4717 5913 3744 4945 2637 2583 3081 3448 2823 2792 4377 5439 3437 3063 2586 3186 5607 5417 4118 4752 5435 5609 5807 6976 7062 6955 6099
6890 6231 7622 7186 7055 7727 6274 7661 5986 7870 4778 5857 7056 7298 4454 6157 7619 3995 7513 7404 7136 7099 6808 5592 4678 7007 6071 7347 7556
7043 5370 4405 5181 4536 2469 4679 6726 5366 5877 4643 6446 4040 3495 8106 7054 3150 1971 2502 8008 5862 3539 2122 3288 1811 5210 4529 4697 4672 5142
6326 7073 6223 5950 3019 4408 5570 6808 3502 5340 5456 5836 6458 4142 8051 4082 3432 1780 6937 5590 5447 2773 2697 4235 4237 5024 4441 3255 3681 4669
5833 5388 4561 3030 3245 5007 3618 8609 5722 3774 6381 8084 7545 1955 6268 6162 6125 1245 4465 5008 4715 3585 3240 5758 4855 7767 4813 3201 5469 6051
5819 4037 6374 4860 3533 3232 2672 5634 3377 4316 6210 6956 4590 2608 7394 7002 4525 1643 4172 7638 5722 6330 2929 2243 5325 4888 3084 2523 4309 4627
4538 4148 5830 2960 5572 3437 3541 4934 5506 5705 7718 8496 5957 4784 6926 7389 4586 2777 5135 5331 6511 4592 3118 4262 5705 7372 2901 2191 5488 4665
5309 3966 3319 5886 5418 4092 5057 7088 2940 4048 7354 5999 6557 1689 6334 4810 2862 1879 3948 6676 4937 5621 3059 5218 8069 8153 4838 2749 5741 4619
7099 4825 4127 3222 3515 2641 5796 8011 2732 4053 7873 7561 4447 4751 7600 5245 2970 1893 6442 6323 4196 3920 3694 6724 7789 4766 3397 3455 3757 7383
7415 2844 4247 5394 4680 2434 3175 5875 2362 5679 7621 7388 7131 2061 4824 3724 3857 3165 5969 6244 5341 3959 5054 3824 5446 6988 3861 3926 5315 5962
4894 4679 6798 5418 5901 1976 5538 6565 2713 2541 7055 6376 5620 3534 6340 5248 1158 4325 3808 8178 4431 5671 1868 5044 6198 6113 5337 1233 5143 7719
6655 2999 4056 5949 3725 3280 4639 6600 4177 3309 8135 7201 4916 4194 7087 5594 4361 4670 6099 4960 4937 6139 3448 7204 6578 7637 5454 1862 6107 4687
6240 5167 6092 4082 6085 5067 5291 6362 2851 4654 4752 5835 6078 3832 5760 5319 1508 1983 4883 8106 4852 5716 2146 5907 8190 5533 6753 3373 5943 6283
6005 2744 5940 3015 2626 3807 3790 5440 2505 4420 4786 4945 7161 4082 4549 5596 2570 3460 5091 4742 4117 3776 3431 6390 6721 6476 4727 2470 5738 5037
7502 2544 4348 3087 5876 3383 3048 5012 2750 3674 4380 6775 6612 4811 6103 6223 4532 4244 4433 6939 6054 6455 4991 7336 7412 8070 6024 1219 6199 5273
7147 4454 5912 2913 4278 2699 5862 4541 3388 2574 4352 5567 5471 3745 4948 5282 3286 1210 4611 6557 6637 4622 2228 4292 5271 3864 6414 2008 3031 4193
4772 1831 3399 4973 5117 3242 3965 5865 4530 2638 4769 5091 6522 3042 6132 6556 3673 2647 5537 8125 6521 4380 3274 5175 7633 4201 5486 3096 5897 3930
4346 2644 5143 3516 2547 2579 4612 5782 5101 5899 6439 7601 4684 2647 7286 7247 2736 3365 4165 7055 4372 4004 2107 5915 5184 6533 4018 3531 3098 5414
7667 3236 4559 4344 3767 4570 3858 2605 3756 2831 5909 6360 7254 2080 7076 8694 2766 1909 4628 6095 4379 6873 4981 5576 4853 6051 5984 2985 4024 3823
6159 4208 5919 5408 4357 3377 4198 5401 2387 2761 4466 6089 4496 5156 7124 8626 2970 3706 6595 4773 6360 8183 4215 5022 5759 6276 4457 4757 5226 3186
7747 2031 5536 6069 5302 4893 2178 4202 5714 5861 4769 7336 2623 2907 7604 5827 3435 3098 4005 6147 6346 7660 3450 4960 4937 4462 3842 4654 5616 3813
4836 1914 4657 3295 2982 5705 5240 2620 2331 4715 4931 7759 1827 4372 7314 8612 2567 3979 4519 6576 4096 6958 5721 4731 4853 7495 6390 4638 5649 3866
6374 4694 3518 3716 4555 6075 3430 2294 5309 3143 7111 7542 2053 4432 7931 6358 2443 1821 6766 4608 6445 7387 4832 6305 5275 5508 4885 1190 4382 2904
7581 2046 6054 4031 4721 5840 2770 5771 4045 4783 5156 8374 4828 2652 5551 7678 2790 4612 5121 6013 6535 7810 3222 7237 7182 4980 6782 3903 2938 3924
6703 4309 5906 5494 3233 3680 5693 4242 5690 5586 6612 5799 2255 4090 8562 6308 3439 4097 5513 3817 3949 7361 3704 4746 7853 6815 3689 1735 3049 2427
4469 5092 4601 4841 4443 3418 3455 3624 4514 3970 6718 4984 3960 3378 6130 7058 1836 2870 5804 3038 3679 5415 6160 4194 8402 6771 5112 4288 5714 4342
5009 2204 4361 5090 4215 2515 4552 3249 2802 3215 7578 6370 3706 2432 7310 6880 2902 3824 6847 5233 3320 6375 5765 4243 8412 4650 4763 3299 2955 3349
4749 2850 3241 4245 5402 6044 2326 5708 2315 6326 6302 7338 5142 2656 6282 6319 1834 3927 6910 6307 3516 4505 5878 6151 6798 4331 6153 3806 3586 4171
5678 4415 4279 5196 4834 5630 4123 3670 4432 7725 6921 5328 5075 3852 7791 6691 4394 5439 6830 6281 4082 5708 5016 4473 7928 5435 3793 2186 5914 4371
4495 4459 3688 4356 3764 4943 4747 4401 4190 5870 4358 4965 2480 2911 6887 6338 4050 5240 4055 5257 6743 7359 5477 7432 6335 6193 6706 3461 3224 3199
7127 1746 4779 3164 3061 5971 3912 4037 3561 8065 5619 1813 4617 3634 5569 7137 1224 3557 4711 5332 6266 6515 6182 4680 5560 5897 6855 1223 3272 5133
17 19 3 7 81158 1.0709867122677585
26 2 10 29 133967 0.9808773810688256
29 0 6 28 157275 0.900506775280862
11 14 26 7 72905 1.0014101335049503
13 0 0 12 86680 1.0589781727921652
16 5 10 11 40599 0.9461652876639006
27 29 14 27 53909 1.0405693165202237
21 29 24 0 116097 0.952394278015548
23 17 4 15 62787 0.9545944260765076
25 25 10 4 117506 1.006274153659419
14 7 28 3 69111 1.0381836179138715
16 9 12 1 39002 0.9513905563133603
8 15 29 14 77086 0.94055864010813
21 14 15 21 42317 0.9551336023235919
11 10 24 16 59199 0.9644806064585753
10 18 2 6 74129 0.939825574215088
19 21 0 21 68896 0.9645427667172423
2 29 13 3 114803 1.0877634050470208
7 21 4 8 60959 1.0747842945082986
11 7 6 2 37651 0.9579024157051665
5 3 24 9 87819 1.0858784901159284
6 28 4 15 51519 0.9696644911405584
3 29 19 7 114069 0.9259406199700555
5 18 14 21 48009 0.9682088997132429
2 29 8 14 70386 1.0020928122163095
14 19 5 4 74368 1.088794988067138
29 18 19 0 87395 0.9842990904510518
27 0 6 29 154834 0.9333667517352757
6 7 20 21 90811 1.0749564854393154
25 15 1 5 113153 1.0441000777814822
16 27 6 23 43035 1.0395297302597362
4 11 18 16 61819 0.9697306294422604
15 29 24 21 65441 1.058641584817275
24 27 12 4 107098 0.9635181059310067
18 7 6 19 83570 1.0883702200180003
14 3 17 12 54280 1.0956559888961113
15 2 2 24 113310 1.0931258747144954
15 24 3 6 89935 0.9256097593796383
5 25 29 24 101106 1.0044824355105
25 26 11 7 110592 1.075105809551461
13 8 16 26 70745 1.0514723662789827
21 17 0 8 89551 0.9867664775464398
23 16 4 11 76493 1.0740688657297655
8 12 11 22 45807 0.9980984589109372
21 15 1 5 103792 1.0331554023679435
12 27 5 11 71313 1.0398576773029478
12 22 23 21 46504 1.0747848614562587
10 28 28 4 133867 0.9850146710772564
29 9 15 25 99752 1.0629949368624818
15 25 1 24 56820 0.9317264840078338
16 2 2 20 103128 0.993364616414738
18 25 23 3 93490 0.9433452511781644
1 21 14 27 54519 1.0813323347261037
26 24 25 10 58264 1.0940611923894608
9 4 16 18 67298 1.0921092010552678
4 12 13 15 46277 0.9969125005911406
1 12 6 17 28995 0.9991901079242088
29 24 10 7 129305 1.0431741912256398
25 28 26 15 52208 1.030163539306954
4 16 13 29 67723 0.9627969405242303
9 17 11 6 47059 1.056916752949379
7 6 20 22 90844 0.9305764439127264
28 8 23 20 56376 0.9845385439487186
10 26 22 15 73849 1.0834512980506068
19 7 29 18 65956 1.0676290483909092
15 21 24 26 56569 1.0092189100115614
9 24 15 0 94855 0.9052572676154303
18 16 1 23 72812 0.9010661347679235
3 15 25 27 106855 1.0021223565350168
16 3 7 14 68120 1.0011216252007282
0 0 8 14 90127 0.9328675204062808
3 9 10 0 57891 1.033204131156319
15 3 6 21 90743 1.039341610523613
10 8 0 23 75805 0.9695455750755932
28 22 12 26 81727 1.0270598073572055
3 19 22 15 69585 0.998552391879406
1 13 29 2 128465 1.0605117630264647
13 26 28 21 83584 1.0392580542885703
3 27 8 0 110156 0.9032565344244681
18 27 20 4 87003 1.0996225059897287
11 14 5 7 49361 1.0752604273807227
28 27 8 3 136009 1.0640995874709183
2 9 20 24 109165 1.0982349768095663
13 13 25 0 73424 0.9770049077837658
3 24 14 18 56927 0.9315370577395318
29 21 21 17 50919 1.0790060811877038
0 3 20 9 87264 0.9609584991864878
22 13 8 2 81938 1.038227723595925
22 23 10 21 54932 0.944870346326285
14 16 6 11 42800 0.9965741069004774
10 10 25 18 72897 1.0976079573874404
16 26 22 7 89508 0.9087353611072102
15 18 4 12 51857 1.0966406705175602
15 10 6 16 47865 0.9945285409062411
8 29 1 0 140400 0.9310028816322596
12 28 23 16 72959 1.0506597420729147
19 14 20 26 50771 1.0068152651649969
21 18 27 24 50369 0.9486761555500383
26 18 2 21 92917 0.9886639885571304
16 16 1 25 74409 1.0388399888316353
5 23 6 1 93427 0.9838701273676661
12 14 6 8 38079 0.9342459444352189
17 26 8 23 47021 0.9601080353596576
3 9 21 12 76093 0.9025494524133831
17 13 10 3 56094 0.932856240586129
29 27 7 15 99598 1.0875355720325965
3 23 9 15 44651 1.0025758667103173
22 26 15 5 105080 1.0887830004494023
18 13 3 8 66992 1.0343215876277827
20 2 20 17 53791 0.9319791922068683
2 26 18 11 104536 1.0126253932572962
14 10 6 19 58097 0.9642883293613191
25 10 25 26 60104 1.032728235492367
2 26 26 12 122095 1.005779494377241
21 12 10 20 57909 1.0952417310933649
3 23 16 18 58317 0.9768406543866598
24 11 10 5 75525 0.9774178229285949
10 27 3 18 49586 1.0706973004379716
28 23 21 13 64754 0.9579005623122332
2 15 27 25 119169 1.0773688685801808
5 11 14 28 78243 1.0627377878178654
7 23 23 3 113867 0.9043295437958787
12 21 16 15 31683 1.0759333520532364
14 3 12 20 57500 1.0849938088572468
9 5 28 5 79266 1.0402816924633096
7 14 0 8 49209 1.0529687373833216
12 17 0 0 101520 0.9703393671163043
18 4 6 6 49080 0.976266279376949
25 15 26 29 57818 1.0973895300217609
16 25 0 15 72689 0.9310497949810559
23 25 28 14 56815 1.0978684861899697
28 11 8 9 84591 1.0481370663927052
24 3 18 22 87709 0.9181179838547807
22 19 6 26 85382 1.063650551465408
23 15 7 17 55174 0.9662735288863915
27 1 2 2 93043 1.022899582950193
9 15 28 7 94726 0.9737813212662798
0 12 26 20 99891 0.9765255899239439
16 2 17 28 110549 1.0118041554444819
7 28 8 4 95320 1.0823601814988122
26 3 5 28 142814 1.0592888120013313
29 21 4 18 103396 1.0210352046297895
22 0 1 27 143849 0.9071223044478526
15 24 15 3 80967 1.0377303001996305
4 23 10 11 62992 0.9751861567022518
22 8 25 28 85616 0.9146344929437509
11 3 18 19 72125 0.9188833513796288
0 23 23 26 84348 1.0498867794336415
13 19 22 6 74571 0.9527605015364914
14 22 0 16 52797 1.0458758630097937
25 10 11 27 96195 0.9521083187499022
10 28 12 1 90063 0.9297544269870988
13 18 7 3 65914 0.9355158509105367
10 27 9 0 100662 1.0031426409112458
6 28 19 18 73958 0.9220014300261153
21 26 27 3 104599 1.0013258893824835
9 25 21 5 108131 1.0741730292264324
18 21 10 16 42443 0.9058680216036932
11 26 22 3 104102 1.0614422713068707
5 24 12 18 42525 1.0572241662139543
24 22 24 7 62569 1.0409369514586844
14 0 9 25 101051 0.9693337062209751
14 16 4 20 42288 1.0342165434607293
11 29 15 6 90964 0.9238585139217272
26 6 9 7 73988 0.9604965886981478
14 1 1 12 83582 0.9370601139363811
26 15 2 28 110691 0.9342441023053082
21 16 0 20 70717 1.0942483970749595
3 3 19 26 123886 1.0880477477561286
15 27 25 24 45728 0.9001610424845602
22 13 21 0 55877 1.0925856504320328
19 7 7 6 50060 1.0434612502530651
20 19 12 28 62678 1.0712438832598312
18 3 29 4 49044 0.9241469395497457
29 19 9 25 106095 0.9131844641702724
26 26 20 6 95910 0.9336164268813586
3 7 20 22 103727 1.0417290777780557
4 22 9 0 91637 0.9491132981073167
13 11 14 21 43489 0.9283043408410616
19 25 2 27 57640 1.0130224411628483
23 29 18 13 75911 1.0812300699141244
22 20 11 24 63600 0.919480705254068
11 19 21 15 42559 0.9371205404852782
0 28 10 7 96697 1.0994401040464523
14 22 29 28 73307 1.0587079126958652
27 5 13 4 62234 0.9680692941915896
25 17 2 16 74403 0.915948476068279
23 3 13 7 50509 1.0326046730481508
20 5 9 11 65555 0.9263018788192273
1 26 3 15 46631 1.0895085399129965
8 23 12 29 44583 0.9021216273195541
0 4 5 10 40409 0.9063500990412566
15 1 3 11 71764 0.9265249189886372
23 9 22 21 56473 1.073584842200748
23 29 15 26 38116 0.9875040306219436
7 20 15 12 54708 0.9126940549917825
28 19 14 3 101748 1.0549973178965126
14 26 26 1 111778 0.9298760024276617
28 28 6 15 109353 1.0893650762948883
4 2 4 17 62455 0.981011367387833
2 23 8 13 49045 0.9179048480159232
14 28 27 19 81992 0.9087539397860408
26 15 10 4 93144 1.0444849209679061
17 23 27 29 59523 0.9635824143051164
20 17 13 6 60362 1.0718499354724822
9 12 11 25 59544 1.0889407857491422
28 23 0 5 154152 0.9374692479052167
8 2 11 29 105415 1.0400449104457228
0 21 2 12 34526 0.9537555465980572
1 19 8 27 50012 0.9057552461613358
17 2 7 13 75202 1.0402569003766982
10 17 22 23 62112 0.9653280820473973
8 2 26 21 120219 1.0245072081294315
10 3 19 7 45904 0.9389166185021381
26 14 9 3 96744 0.9384506281101137
8 20 17 8 71800 0.9049310917752008
28 26 14 0 136546 0.9881440584632183
4 17 14 2 79276 1.0595699233739582
14 23 15 4 72681 1.0250990364565955
25 3 3 26 139784 0.9793652759467258
26 11 27 20 47269 1.0742183916029173
22 10 0 23 104197 0.9625231084925412
16 9 29 15 67138 1.0079667836798012
2 13 16 20 61246 0.9890915092572665
17 21 24 10 66977 0.9230775469854141
2 20 15 10 73358 1.0723184304916449
26 23 12 5 104021 1.0558180467325702
17 28 22 19 59212 1.0350519543403336
29 12 13 15 68372 1.070266546531131
28 9 20 27 90159 0.9804943328336281
6 22 11 27 33445 0.9019074757789066
5 21 27 9 122205 1.0812422125323589
13 7 24 14 66168 0.9397626622309647
11 17 18 12 39332 0.9052935497872276
27 19 21 11 52559 0.9501754302575223
16 13 17 26 53651 0.9398593776376566
5 28 12 2 101909 0.9624110683196977
26 20 23 1 71576 0.9186672147522027
18 24 0 6 119298 1.0224281519142697
17 7 11 0 45771 0.9470962828486305
5 23 23 26 77177 1.0750987149535454
9 20 9 0 86561 0.9705264291418175
17 21 25 18 45643 1.0151337506982956
26 5 5 1 83753 1.062045041610737
18 19 18 0 75557 0.9217709033576854
2 20 11 16 39347 0.9682968239411425
0 26 27 25 94320 0.9591384856066992
18 21 24 25 46844 0.9157577732186235
1 7 8 23 81744 0.9929312077979997
10 5 1 14 64123 0.9874760255785342
12 22 23 17 47414 0.9910326344025241
0 7 10 17 63483 1.0398179287854492
19 24 5 2 113314 0.9163045044242454
3 13 1 25 47750 0.9884652005903372
23 10 9 22 80381 1.0070153493285257
23 11 5 27 102399 0.9621680456263443
3 16 6 4 59904 0.916141713445732
22 12 23 23 47520 0.9554273093653558
13 13 20 23 61160 1.0874462951020358
21 27 13 6 94733 1.0515954644986745
23 4 10 25 107788 0.9466104305948506
24 9 20 28 88428 1.0888527143857838
1 29 26 24 98281 1.045592525490005
23 14 14 12 43166 1.0893555604242355
7 0 19 27 122757 1.046611103689323
27 11 3 0 119880 1.0541952294934849
25 15 10 14 59292 0.9340244191770288
19 3 2 25 123984 1.0661913015851576
13 12 23 4 68737 0.9473259471993585
13 17 25 24 62849 1.0843760944100445
7 25 19 24 52155 0.9789081855571422
5 3 1 13 54515 0.9609232090442067
2 21 18 19 67566 1.0718512551516108
8 9 0 6 40989 1.0575269457845726
22 1 14 15 72952 1.0502859433057274
15 3 26 17 82391 0.9365940598630652
23 3 28 20 75975 1.083755345545956
26 12 25 24 49573 0.969537724371569
3 14 19 18 62384 0.9772388821087773
18 11 16 23 59174 1.0414412936129274
8 22 21 8 80175 0.9766859091777068
20 24 26 17 51214 1.0516114709190671
11 18 3 10 57866 0.9622453779486846
14 28 22 4 106198 0.9389541174925577
20 1 11 28 109992 0.9357032377741734
4 3 18 28 120786 1.0689691611279035
16 22 6 8 69555 1.079447897638875
22 2 20 10 39049 0.9750045046121969
10 0 18 5 46061 1.08643033546337
15 5 9 16 51281 0.9662508825863697
13 2 4 10 57511 1.0240424271524327
27 2 12 29 136867 1.0127287011141477
3 1 26 11 111154 1.0283607258804865
6 3 9 22 82155 1.0520486482660736
2 16 12 26 58460 0.9868322421391841
5 10 18 13 62199 1.0744083419409594
1 4 17 3 64427 1.0321665189700115
15 24 24 27 43530 1.02177226102526
26 5 2 14 110028 1.0133917928920593
6 1 8 22 89123 0.9110005992225275
3 3 7 13 51606 0.9490437125004372
19 10 18 21 48560 0.9390850262097126
7 10 18 0 71783 1.0453552318781214
10 21 24 19 66445 1.0821983810082159
27 1 29 23 96465 0.953982830782496
26 5 17 18 73285 1.0993946144670372
22 20 15 15 40918 0.9657269352465776
15 24 18 12 52420 0.9101770595680012
17 20 25 24 48501 1.0586560516923724
9 4 7 25 87047 1.0675858585106628
27 25 26 9 75319 0.9948624771590671
22 23 25 15 40145 0.9729589904064607
23 11 28 1 50278 0.968578981349959
3 24 24 10 113469 0.944709148665395
23 22 5 19 82462 1.0833910275149512
13 23 25 12 72973 1.0383367521974836
26 9 4 20 105685 0.910157717137918
12 12 19 9 38063 0.9854841593082602
4 8 24 7 74664 0.9401775747940498
22 28 18 1 104156 0.927242237043062
19 23 8 11 79475 0.9722325828004837
18 27 27 17 69532 0.9956601159715857
17 23 28 25 64580 0.9418140475832086
0 12 16 27 84756 1.0465184049750524
9 28 15 16 59581 1.0691315708845224
2 17 26 29 110256 0.9301951344123991
21 16 24 8 42190 0.9925710955866498
1 7 8 27 94500 0.9247689961280051
20 24 12 16 51676 1.0469039291176085
18 25 1 23 75291 0.9306011693645637
5 16 23 18 59018 1.057278184228899
1 2 24 3 99633 1.0229730104965873
26 13 1 14 91685 0.9279634607633211
24 28 13 1 124430 1.0436932895660407
29 16 5 23 91331 1.09243876674244
24 1 25 13 36000 1.099557220071394
16 3 0 6 68237 1.099024853450708
10 11 1 28 84174 1.0086947342205494
23 25 8 18 86898 0.9072960972365597
16 9 22 4 38063 1.0943101608442587
16 9 15 20 50903 1.0009266229197744
6 0 24 3 77453 0.9397637241613227
7 29 20 7 105482 1.027992172421817
12 9 2 8 37611 0.987754400758452
19 12 0 6 86413 0.9499648826369993
4 28 2 16 47704 0.9265762909738473
18 7 15 15 45057 0.9219567928180873
19 20 4 26 70157 0.9066552822114585
5 6 27 16 98946 0.9463706906821685
28 26 20 24 44981 0.9393040342235883
8 15 22 0 97154 0.9749752476690955
18 26 0 21 72274 1.0893764636854184
20 17 3 4 90745 0.948479682296456
22 12 10 28 87164 0.9202595376765901
26 13 4 11 86848 1.0463590928242537
19 4 5 9 59450 0.923820145756374
16 12 8 9 41028 0.9223749380899242
14 12 1 4 72443 1.008061482345678
24 22 3 17 86006 1.0616699557564535
16 25 5 23 53272 0.9822323659103723
25 22 14 29 64561 1.0967092357195933
5 23 7 1 88602 0.9268146950558022
20 28 1 7 131830 0.983220176705383
26 8 8 21 99861 0.962499122393925
6 16 11 27 50949 1.0609169178301396
4 23 4 3 81044 0.9145941697851631
24 13 8 11 70950 0.9607622123079914
12 22 26 8 83070 0.9008388871508228
2 1 16 12 85422 0.9846229155905992
10 15 16 25 49184 0.9186845057662888
16 0 16 22 88440 1.0838998744849309
13 13 26 28 93408 0.9146284213893854
10 12 21 10 55462 1.0416564220255444
10 5 22 21 92168 1.0713786392204883
14 14 15 23 37918 1.0406373759261227
27 21 14 25 69293 0.9049922513749923
23 29 29 19 67006 1.086370843151171
2 17 17 14 51834 1.0332629131087971
5 12 15 5 55455 1.0453908192277344
11 27 3 19 50146 1.0450833286067263
8 20 28 5 115064 0.9099470171549439
0 3 2 24 90970 0.9139461300960774
12 18 28 27 79193 0.9109500861834422
26 1 25 27 89531 1.0246175964557032
3 24 13 19 52115 0.9382511941554175
6 1 4 23 91119 1.0965237835965589
11 24 17 5 78608 0.9214842253812207
15 9 9 18 50569 1.094583437423696
15 14 28 19 57430 1.0931330579379075
18 10 1 0 96195 0.9458403667664225
8 19 18 21 56303 0.9803829407846013
25 13 7 16 65556 1.060034978851149
15 10 2 14 61562 0.9030276144567647
26 26 1 2 164864 0.9565612723132103
16 7 8 18 68198 1.040129204173784
26 27 28 6 87851 1.0621380581832918
23 7 6 13 79123 0.9598038237109676
2 12 8 6 48282 1.0119690405899096
5 27 22 3 123455 0.910243576066316
17 9 8 29 91807 1.0435539737646367
19 19 18 0 69477 1.0968399638774866
25 8 9 14 76732 1.050140299451002
24 1 21 25 96439 1.080675836701525
21 27 25 2 98369 0.9986867419066776
20 0 1 25 134209 1.0830799870214673
13 26 13 4 75982 1.083075685162704
13 23 20 12 57875 1.0376421499269581
16 24 24 16 54751 1.0497562947281978
14 19 11 26 36617 1.0515675022490159
28 14 14 16 48335 0.9458976948056582
4 0 2 27 107552 0.9213252502243556
19 17 16 0 63542 1.0742039781016273
24 6 16 11 48349 0.958993433926653
14 14 26 6 65270 0.935977814947482
2 20 8 27 44380 1.029065277853825
29 15 6 19 87600 1.055630801330264
26 27 10 6 117797 0.9040956212045396
21 0 20 29 110904 0.9692221532549389
25 23 27 0 83288 0.9029219331193964
27 5 14 25 104738 0.9358370277381732
4 6 15 6 43845 0.9910869877632228
15 15 24 6 62504 0.9537174819611423
5 15 27 12 86942 1.0034312510240382
27 23 15 0 115303 1.049563800227563
26 21 3 16 90774 1.062227062523355
28 15 13 9 71739 0.9327605164884663
12 29 23 23 64451 0.9119731708148343
18 3 9 8 48480 1.0795003417014175
11 23 28 2 118055 0.9228937378354688
7 9 29 1 94968 1.094584497125576
5 0 21 21 121143 1.0281477530427328
4 15 12 13 34766 0.9047683857384259
29 17 23 3 65322 1.0420110222155567
13 9 3 24 77734 1.056890494249661
5 6 15 10 43766 1.0548522708396324
5 19 9 12 40309 0.947927966738809
14 22 20 4 76704 1.0256144440304866
5 28 23 6 126107 0.9815016658278894
4 25 24 5 128650 1.077371930814432
28 25 25 18 42296 0.9375683149641315
28 1 7 27 141170 1.0252038262827434
24 23 28 1 87555 1.0047185201524729
12 17 29 6 87407 1.018595553017828
3 21 21 23 72103 0.981980892237682
28 6 10 3 76309 0.9059956164561774
20 3 24 20 72024 1.0897648677991698
21 10 2 28 113776 1.073880445709928
24 28 9 16 83549 0.9763587985724748
19 17 3 13 56726 1.0028247182860548
10 25 26 13 86852 1.03065092679975
16 13 6 13 36699 0.9645486838048359
24 21 14 10 72780 1.000406311704717
21 6 16 19 61915 1.0216826079931276
24 24 22 12 57810 1.0932893878050687
23 13 18 1 50810 1.0571680371368326
17 11 17 27 65395 1.072253471025122
15 12 27 3 74125 0.9771332410468938
3 28 21 26 61550 1.0009462259495177
20 13 23 0 56304 1.0585154301507387
14 16 22 8 54108 1.0799497346781688
17 6 7 4 41162 0.9127456447646419
11 4 4 16 63537 0.9007768498731028
15 11 20 29 82383 1.0925087323415943
9 22 21 13 64818 0.9480020414025749
14 25 1 5 101595 1.065524158477842
25 21 14 26 61744 1.0828467825491264
20 8 13 12 44057 1.0538839041574077
1 10 22 22 105770 0.9895376195365184
4 23 16 0 107263 1.0626475793237544
27 2 14 3 54222 1.0779419908368784
4 0 23 17 112065 0.9964467392243018
11 5 25 14 73919 0.9257826989846903
19 12 4 15 61664 1.02796114491009
21 6 0 29 124342 1.0275862551277697
21 6 4 29 119360 1.0434962424705647
28 10 3 10 108152 0.9268048879833348
4 1 27 23 148255 0.9766576107862396
10 25 19 10 76283 1.088328939412689
21 26 0 3 145690 1.0602855948946104
8 19 12 12 40400 1.0025473650542356
23 24 17 11 67458 1.0281060660669135
5 17 18 29 75795 1.022647955006043
26 29 14 8 115736 0.9083021217706378
23 8 2 26 128596 0.9143672249459478
1 7 22 0 93792 0.9205871158553904
10 27 7 12 63189 0.9755709323243552
28 14 14 14 58683 1.0567843726144233
4 1 13 8 50744 0.9364157830865938
22 6 14 12 53111 1.0668363266153091
7 27 13 18 45734 1.0702274796828726
17 25 21 1 94951 0.929686746977721
13 26 16 11 66447 0.9887035497637581
15 2 19 24 91931 1.0922967116530873
18 8 16 24 74252 1.0433476154461134
0 27 14 16 68386 1.0510680720293628
7 18 10 11 38334 1.041923462526186
28 19 1 13 102072 1.0911343163574851
3 14 18 27 87037 1.099452140948232
10 6 17 27 85527 0.9538130934149696
9 10 11 2 45776 0.9824840924427756
21 18 16 29 63018 0.912014693683734
15 13 17 0 60851 1.0920172254670182
1 23 14 0 113170 0.9585146891771342
15 12 29 20 75986 0.9676873339832208
26 19 28 4 62241 0.9931221812761178
7 13 18 23 62051 0.9475818432529763
3 6 26 24 133441 0.9698673354382559
2 3 7 21 84229 1.0887165838552748
11 16 7 29 55419 1.0246613973845824
9 7 15 14 51465 0.9399173858573799
2 13 20 15 68055 1.0944755079924102
3 15 16 18 51320 0.9393608828466085
3 1 25 28 154705 0.9720412007316674
20 3 25 29 109511 1.0530807939084754
9 9 3 15 52070 0.9492456387226854
9 19 10 1 78820 0.9481697276810302
26 16 15 0 81448 0.9713425314164152
26 13 14 24 71674 0.9541767986058797
13 17 22 21 43928 1.0836206327011215
7 21 29 16 84020 0.942815993600504
16 21 19 7 61895 1.0714336794177992
1 14 15 15 59538 1.096283147289053
20 19 6 2 97131 0.9778773400332474
4 27 19 5 110282 0.9372400303732469
23 10 29 2 47861 0.922808157294054
10 29 22 23 69490 0.9429967694977505
24 29 18 12 82479 1.0173095833757033
8 2 1 26 100530 0.9148116881780712
12 0 24 28 123416 0.9092229542687963
3 19 15 27 58939 0.9822934636821601
23 11 4 15 77771 1.0928834906251914
19 19 11 24 49535 0.99349222521339
0 15 16 29 82984 0.933156121145135
7 4 24 26 127987 0.9468376342760977
20 12 14 7 40526 1.0702736965171298
10 27 9 3 92553 0.9529395100859873
11 26 21 26 43460 1.0377580341521053
25 11 21 24 62050 0.9913481115773886
3 11 12 24 68105 0.936249153690722
22 4 7 0 65480 1.0006192516170198
19 28 8 14 78439 0.9766430714378148
12 18 26 11 67052 0.9420038521711399
4 29 0 17 48476 1.0023712774349764
10 9 1 25 84139 0.9280748784925577
27 9 8 22 103721 0.9188947809184553
29 7 25 21 63872 1.082923996773517
9 7 1 12 54647 1.0607681062912953
8 17 16 2 77253 1.0107213334485474
18 27 23 6 92703 0.9961857489980461
13 27 23 14 72489 0.9927896150279583
2 4 8 24 96662 1.045997795494612
9 5 13 27 78946 1.0348646996555284
26 7 5 14 95837 0.9423680943949606
6 4 21 21 100083 1.0895863511039565
20 25 4 11 98537 1.0435275250049423
20 6 5 4 58356 0.9957918158243285
12 11 24 22 74900 0.99322763612011
1 25 21 28 71638 0.9087373538512654
26 22 19 7 72535 1.04426694914283
2 7 2 26 74852 0.9569078641468612
20 10 26 3 45500 0.9444346132684855
0 9 27 17 105378 1.0208245969251986
17 22 11 27 33267 1.0668064495125082
10 21 25 18 64536 0.9977324675336768
19 16 27 22 47988 0.9639060756188459
16 10 22 29 94944 1.0191605693472745
11 25 14 10 58404 1.0812346013189105
0 16 29 0 138958 0.9907971912070863
11 6 28 12 79658 1.006360751389212
0 2 28 11 131609 1.0329728501043158
22 28 11 2 118733 0.9823169238515681
23 23 2 28 83381 0.9875756896668489
17 1 20 28 102405 1.0131070513728226
16 22 21 4 79353 0.9848390821159878
21 26 16 18 49967 1.0163795413361372
11 15 9 27 46959 1.0759716815578084
2 25 27 0 158921 0.9737350615302132
3 21 20 2 109437 0.9771178667188756
9 1 21 20 97461 0.9202978842943556
7 27 6 14 57924 0.9542141387500984
0 2 10 7 58148 1.0790881066222047
28 0 4 3 92175 1.0293887321493267
29 26 5 11 129363 0.9807281799350609
16 25 5 29 52671 1.0307081315000475
0 24 1 8 55128 1.0254708201353449
13 25 17 10 68974 0.9952159669735948
28 3 26 20 72653 1.0205482271537996
9 17 0 29 53206 0.9245939835176276
3 4 22 19 105533 0.9870141991911162
24 29 7 0 145752 1.087922966900556
10 3 3 8 38566 0.927758226945763
12 9 19 23 66866 1.0215614451362423
5 11 21 15 72121 0.9963914975716016
6 26 27 9 128069 0.9653930138860675
19 22 5 26 63021 0.991850562076827
16 25 7 29 42294 0.9413996710871843
3 11 19 23 90516 0.934711355412738
18 24 19 3 75066 0.9626690956102331
2 16 20 5 96786 1.0882444383829397
0 8 10 25 89047 1.0553644480489215
8 19 29 13 93450 0.951734787101363
23 25 3 29 74677 1.0638565333901122
22 18 1 0 129751 1.063773568789126
18 6 13 23 76873 1.0852913196738307
29 18 0 26 117251 0.976722730121347
3 21 19 15 69225 0.9289800581480195
11 24 26 29 69645 1.0476983683938434
20 14 2 8 82449 0.9912245737304962
18 22 5 2 102617 1.0237159063888386
10 23 10 5 66815 1.0222549364366031
14 9 22 20 67948 0.921531989200039
4 6 19 26 111688 0.9302387788722754
14 21 22 27 49386 1.0854722879026504
12 0 20 19 82265 0.9434152525667017
3 24 13 7 83936 1.0132971043171315
15 8 10 14 39294 0.9462247778627032
19 18 7 8 64891 1.0586178372001696
20 9 16 22 59625 0.9581694378836361
11 15 24 24 78632 0.9743498172964788
28 24 5 16 105649 0.9184731353216942
25 6 14 7 48098 0.986150197935403
17 29 23 8 100164 1.0350486451720107
14 20 20 13 48439 0.9350218695110992
5 24 24 27 73840 1.092901146342097
5 23 12 8 67110 1.0665403643922944
10 7 9 17 49996 1.0736698153227573
13 19 23 22 52668 1.0590298286503934
17 4 26 29 117467 0.9509590729637138
29 16 12 3 92486 0.9629093256203856
15 17 5 26 60906 0.9612276214094163
12 6 7 11 34064 1.0653011637556413
21 13 1 25 101645 1.0440940386392612
22 29 19 13 71399 1.058903382634876
18 29 23 14 71386 1.021314590211267
19 10 0 28 106005 0.9002161692132271
0 22 11 19 49553 0.9863055826914329
13 24 24 27 49717 1.030601197445403
21 22 8 18 66392 1.0978924336662064
4 28 0 0 128670 1.0140810480798441
28 5 1 16 121903 0.950657710217054
21 22 21 6 72076 0.9674626052086536
25 17 6 18 64874 1.0593842635122566
20 25 18 14 53961 1.0677088001321628
5 10 3 23 57164 1.0814814121846277
6 29 23 22 82493 0.94164997681666
11 6 20 1 41876 1.0418764372074178
4 16 25 19 72964 0.9638193239638656
9 25 17 6 92963 0.9802580150071446
24 18 23 28 47483 0.965728053362727
21 26 0 3 145690 0.9323788241761443
25 15 25 1 41461 1.067894080734545
25 4 6 29 136867 1.044452683494028
21 24 14 3 103531 0.9576668092352454
21 16 11 26 58807 1.0509136511401986
6 9 8 20 52861 1.0852637260588645
18 25 11 10 73584 0.9085119875576921
20 20 4 3 102972 0.9057411141585425
28 6 12 7 65890 0.9689686218083694
9 24 28 19 94747 1.010565303362551
18 2 15 18 69451 0.988173182934643
23 2 19 13 49991 1.019634651556633
19 19 14 26 39810 0.9521647789145167
11 20 2 0 100555 0.9940433921394574
5 3 14 28 102726 1.0645206165292036
27 16 8 9 83086 1.059016363121674
26 5 12 10 67528 0.9939927842673189
12 8 21 13 47677 0.9051347398147217
1 14 27 25 123969 0.9932283401435753
13 18 5 1 79732 0.9579099744438998
19 25 6 14 75034 1.074726548491087
7 20 28 16 79833 0.9294900925575691
6 2 13 11 55909 1.0607466811542854
6 2 17 20 90568 1.030380329243787
24 1 4 29 145208 0.9238329061391923
9 16 28 6 91148 1.0711069986300883
25 0 28 12 42054 0.9235128179885479
29 15 9 28 103963 1.0902542570483196
2 22 12 2 90326 1.0705770613605383
14 18 29 5 95800 0.9299015479414515
0 26 25 2 141436 1.0254729061438441
8 26 29 2 147868 1.038851329036877
21 14 6 21 73677 0.986337038020723
21 27 19 16 46120 0.9396150817268414
1 14 23 20 89354 1.0441659320346302
16 20 17 8 61503 0.993565495024183
24 0 18 16 72796 0.9170610320170963
17 15 5 17 43327 1.0032222210189496
3 3 27 22 140380 1.0259926665854442
11 3 24 11 77757 1.0322103456841931
25 26 10 26 56360 0.9948571956023384
20 27 7 18 76717 1.0631691519045119
17 23 17 11 47509 1.0052488365381074
14 18 6 15 33471 1.0371641652996582
5 18 13 8 55111 0.9763248576059385
1 0 27 20 153999 1.0142763260683394
17 26 1 12 94991 0.9390461529227542
21 26 22 1 103496 1.006164260838107
15 29 9 19 53791 1.0443327895012595
25 15 18 24 55265 0.9697035049975011
29 18 4 23 104173 1.0700283534175907
18 29 20 6 90102 0.945640144008788
12 6 29 17 87348 0.953619719930919
10 22 4 1 93186 0.9290435500885706
13 22 3 26 49723 0.9417990038197737
22 28 7 28 55162 0.9783905027502832
5 2 29 11 108236 1.0223593108381397
6 28 28 29 80668 1.0685986551337128
16 0 0 13 94366 1.0612155757075805
28 3 27 25 94498 0.9951518741642374
2 11 16 24 83450 1.0008830916385822
1 25 0 10 46888 0.9356893126813138
8 25 9 3 98154 1.0150586778232713
25 13 4 5 93056 1.046797368180045
29 25 26 5 93170 1.063215536642359
23 11 2 20 93193 1.0675344638453057
7 26 25 10 107844 1.0059359010285729
22 18 2 5 103399 0.9224867114269905
10 11 18 27 73516 1.039169871969168
0 5 25 18 118817 1.0772196802101277
18 27 7 26 33920 1.0899405363981687
0 13 6 3 59220 1.0841539934239937
21 0 9 17 90629 1.0917077865484337
0 26 16 7 103647 0.9805720085835566
17 15 5 0 90726 1.0605463832747914
1 11 23 23 111832 0.9421003789661591
19 4 17 14 39585 1.0815956663466322
8 0 19 8 60239 0.9475238905959884
28 22 3 8 129767 0.9988307390692728
23 27 13 15 73849 1.0061258338960914
16 20 29 28 72457 0.9557996102862744
23 0 17 9 50645 1.0722550954263506
18 22 6 8 78751 0.9905079612696039
5 11 2 2 47746 0.9836250462911078
4 23 19 21 60179 1.032559848080517
27 4 3 20 125825 1.0330193812455124
11 28 29 7 123645 0.9651710184055325
7 6 15 3 36427 0.9375997648186885
19 6 16 13 31300 1.0621510832935606
7 28 23 24 66774 0.9267279766418569
9 6 10 27 83170 0.9135863919956762
15 1 25 13 66174 1.0673403131486348
20 9 7 19 72446 0.9947914110704897
3 17 27 12 90641 0.9868241084558904
24 14 9 8 72557 0.9717960916744729
13 7 1 28 99675 1.083997756093962
4 28 25 22 83864 1.0663861500077725
14 6 26 15 73011 1.025492312813066
26 3 22 25 92770 0.9531934980128364
6 18 15 8 59299 0.9528053817728126
10 21 17 6 74186 0.9273300558042165
11 11 2 26 81958 1.0078876372636894
8 11 17 26 83862 0.9646795046739288
2 5 28 12 110837 0.9064156639018854
1 27 5 8 82462 0.9666732646314304
22 2 1 0 85990 0.9986583229611428
29 19 6 20 100740 1.0203842451517973
13 17 7 4 58236 0.9458153011008124
8 29 23 15 87599 1.054366230292133
11 16 29 25 96182 1.0743688796797055
20 25 1 14 99128 1.0629945643286076
0 12 28 3 131250 1.070458293551569
2 22 3 9 57562 1.0233448278701405
27 12 5 11 91594 0.9114845305187117
13 24 5 26 38710 1.051938877320701
2 19 25 0 125261 0.9609292729114076
28 23 14 19 78092 1.0875058816384036
23 6 4 8 74307 1.0683534682889977
28 25 21 29 44581 0.9097633511321531
13 2 11 12 44784 0.9992635403131438
20 0 12 15 72172 0.933121311777732
13 0 21 10 57769 1.0424517317087523
9 14 19 23 63803 1.0173364134620908
29 24 15 28 67250 0.9389217871232548
6 4 3 20 68709 0.9232408347917693
26 19 14 10 71933 0.9472075553452197
26 5 8 3 77700 0.9729680431064748
1 3 14 13 75772 0.9710617983693217
16 18 6 11 52805 0.9074394477854301
0 15 7 0 79495 0.9819265247169244
10 21 21 16 49362 1.076506454074993
3 3 11 15 72823 1.079439323208257
3 23 23 25 81463 1.0317731030094084
21 29 4 23 71096 0.9641688041363446
14 20 15 0 79269 1.0872563236984845
1 27 16 12 90646 1.0615233206997585
11 7 0 2 61378 0.948826271641098
12 0 17 13 55694 0.9212429015890575
10 8 9 23 62268 1.0812755864392456
27 9 10 18 91734 1.066550196095327
10 17 12 27 35894 0.9131605492093926
15 11 0 2 82408 1.092890870611822
6 11 23 4 83146 0.9853830261193066
16 1 14 12 54349 1.0179612020996358
10 5 1 20 75889 1.0899577081738612
26 18 14 3 91050 0.9689330783406922
3 10 23 4 89393 0.9086343531443367
15 7 29 8 57956 1.0049974938944046
13 7 21 20 72210 1.0383359456713626
16 29 22 1 115777 1.0340184589900758
10 28 7 19 46282 1.0305833821718868
28 24 7 26 83067 0.9772091287076885
21 26 22 7 87736 1.0500619267908256
23 13 10 27 83059 1.026833940166538
15 15 4 18 41985 1.0449974893619207
13 13 22 25 79038 0.9618633531664902
6 3 7 25 88319 1.0811860005621923
28 1 24 12 46286 1.0947210263387053
29 28 23 13 74814 1.0488501355405808
17 2 18 15 56457 0.9153877027945294
0 26 6 16 42786 0.9544554697034558
20 6 3 16 86189 1.0742561368618302
8 2 6 15 54271 0.9898521118684005
4 14 24 22 91807 0.974526480826398
29 11 8 6 95947 0.9651936143029576
29 5 18 27 115726 0.9088797311659759
27 16 7 15 61167 0.9396362872164337
5 5 0 22 72953 0.9494643948498073
13 6 18 29 90624 1.0646140557208685
27 6 1 20 122606 0.9311522518425794
27 29 3 24 92939 0.9653567668252765
21 10 3 25 104035 0.93389767782391
19 20 23 27 37435 0.9782464260870849
12 3 5 24 87752 1.0561976956398758
5 0 28 5 96601 0.9175055944996922
1 17 24 23 92553 0.9536131161532754
18 8 0 4 72410 1.0437733054656406
6 24 16 27 37621 0.9274008964531028
18 18 6 7 73923 0.981483486265814
28 11 11 18 76028 0.9595550855378138
18 0 29 0 50702 1.047287942154978
13 6 7 17 53295 0.9061457727153235
27 4 18 12 56077 1.0462544775026577
4 4 18 21 99815 1.0386107025755955
2 1 16 2 56485 1.0955904152114797
25 6 7 13 82444 1.092284033685522
10 12 21 13 47817 1.0351919586548264
1 20 19 12 78314 1.0247724651842123
8 24 21 25 65934 0.930028167219303
4 22 15 19 44617 1.014645200191228
0 16 10 21 47713 1.0422816661711178
21 5 6 26 116600 1.0954752984704084
18 23 17 4 79882 0.9098356782515299
23 6 11 20 82215 0.9947630506106697
6 29 3 0 125994 0.9803295147273924
2 16 22 20 77053 1.043978553898149
2 29 5 19 51901 1.0027845117406877
22 2 1 14 111950 0.9144146954015872
10 4 23 0 55900 0.9957574026473439
3 13 12 7 52983 1.0874252074578854
21 29 9 0 129371 1.0494553107430988
25 17 13 3 86703 0.9535064403921514
8 9 18 1 57751 1.011877852239112
1 22 29 17 103439 1.0199575002766053
12 18 3 4 68601 0.9620586243915807
9 20 27 29 93206 1.0021978767085462
10 25 17 28 34134 1.0367229352231313
15 19 4 6 74126 0.9676953791263789
2 25 29 12 131838 1.000249312563716
13 12 6 9 43093 1.0284179127180977
28 16 19 0 77257 1.0062051173250097
0 28 3 16 40697 1.0565840526930994
9 21 27 21 83101 1.07128322339853
10 16 5 29 67304 1.0118191015969913
25 27 7 18 91132 0.9711400347240364
3 1 4 20 79931 1.0964263565728445
4 0 3 11 46281 0.9844581291203911
1 8 19 21 98686 1.0252282223628928
2 19 28 4 129847 1.0672589733966382
11 4 16 25 79772 0.9425278822485743
13 24 4 9 80557 1.0125390363677989
28 2 19 12 59156 1.0077547098999222
24 19 23 5 58216 0.9101780688464634
16 19 26 7 73182 0.9437982572282027
15 17 26 3 78417 1.0621022929355168
3 5 18 2 66429 1.096554610050016
27 0 9 16 104793 0.9237422902302371
27 15 11 24 79435 1.011093013470585
6 17 22 26 87348 0.9403369875198366
13 0 26 27 131845 1.0494604882457903
9 2 14 11 54701 0.9860432262330894
17 9 7 27 85094 1.0072378504673083
19 24 16 5 77665 1.0481745214772833
4 20 0 4 73410 1.0536548021906442
29 24 14 11 102740 1.0845186694880964
24 25 9 1 132308 1.0318362218710608
0 24 16 19 69275 1.0442464343044613
29 16 3 3 119959 0.9984874603674404
15 19 1 26 66366 1.0935945232922428
24 2 11 11 80181 1.055428040507357
18 14 25 3 57831 0.9683708511435006
21 14 3 4 94418 1.051039880449639
1 0 10 1 43055 1.0957236295508743
15 23 23 4 88516 0.9069674517386246
28 24 8 10 128797 1.0535233152476609
2 17 18 9 71068 0.9737111523414353
5 13 14 1 69646 0.9337323408457272
0 27 21 3 128869 0.9737295434003355
12 13 18 25 59129 1.0457778394386517
13 18 26 16 43543 0.957515098206041
3 22 17 19 56083 1.0328071331304476
5 19 20 14 69102 0.975093107654736
5 0 21 19 111702 0.9337743451354471
16 11 5 22 70410 1.0486525605199424
17 21 10 28 44330 0.9788317120177903
14 4 1 7 60054 1.095365130772687
12 15 22 2 75081 0.930234122834849
18 28 10 9 86197 0.9802935603241565
3 25 13 19 55541 0.9695391020594828
8 18 23 13 68031 0.9892770172191491
17 9 15 24 64862 1.0319809202028587
7 1 16 22 89820 0.9081193704782056
23 4 14 9 49833 1.0192658564999924
5 5 22 13 80104 0.9877726405162197
13 20 8 15 31543 0.9619467984595024
14 22 13 1 70869 0.9181489749115651
3 12 22 24 103841 0.908642776903466
8 28 10 12 69131 0.943499802034521
29 11 3 19 103391 0.9700378256980817
5 11 20 12 64575 0.9333956891367664
18 19 13 24 35828 1.026424061599209
7 12 29 26 115396 0.9728970042053227
19 4 5 20 99145 0.9089708268927091
4 12 11 8 40167 1.0945892914836552
22 9 13 0 57910 0.9111058364867279
6 27 13 8 76409 1.0288430347286726
11 6 14 20 54842 0.9782719782537956
8 1 27 6 74887 0.9156913108399882
17 8 12 15 41717 1.0297214211590078
26 12 5 15 81867 1.0980323073371014
15 1 19 16 59473 0.970843060998515
14 22 29 1 110617 0.9055850946190316
23 19 9 25 80862 0.929336280705697
23 9 28 17 45160 1.0821371117664336
3 15 26 8 102364 0.9853995382736113
25 24 13 22 56004 0.9801044806690367
8 7 25 20 95430 0.9671317315360372
15 16 2 17 39623 0.9833550661275445
13 10 23 17 57823 1.001792016607089
16 26 5 14 72106 0.900584488266318
6 16 5 0 68991 1.0192399549230313
9 25 29 4 134743 0.9568792980153604
10 24 29 3 126138 0.9050630957904876
18 16 12 24 40975 0.9804339094587655
8 3 25 10 80619 0.9824453910903592
11 7 21 3 45315 1.0341084690774973
15 19 7 5 65569 0.9287080627214535
5 21 2 12 41574 0.9202384011073129
9 29 4 18 62156 1.0380293692111429
20 14 11 10 47534 0.9860280011459611
11 29 4 20 58972 1.0890847636967487
24 11 18 23 66958 0.9523834687874725
10 10 4 20 54861 1.0936153904503148
3 16 22 9 83657 1.0950368735109781
19 14 27 20 45984 0.9696396778239618
16 8 19 24 68008 0.9988023413475875
16 5 5 17 67888 1.0869048906161156
3 7 13 10 44346 1.0810499952118502
2 4 28 15 120944 0.9515867299260253
4 16 22 29 94403 0.9232092083928032
25 24 5 26 76610 1.0151255763846034
25 29 19 13 77585 1.0624508996992454
21 20 19 8 47108 1.0760714106471327
16 22 22 1 88749 0.9936910644179611
19 1 20 10 29917 1.0961224022549176
22 6 2 9 80727 1.0292624511658983
19 27 7 29 43044 1.0780634750285418
27 5 4 1 93531 0.9804339522139711
5 28 24 19 96189 1.0808049968276217
6 24 7 2 91378 0.9574591797243073
14 5 25 26 106612 0.9609642017254056
21 29 22 8 93794 1.0694844201304137
4 12 19 21 75062 1.0388238103952783
29 12 5 24 115287 0.9462414745632763
23 12 4 26 102163 1.001110350900271
21 13 11 23 65320 0.9885824925013127
24 1 15 23 99347 0.9173204235713578
3 24 28 3 145967 1.075445378521027
19 23 20 1 76041 0.9672692650326002
12 29 11 8 74147 0.914267548602447
9 29 0 5 121513 0.9880553993277228
29 4 21 18 75614 0.9707333250355156
10 20 20 20 50469 0.9782959124788189
0 28 0 2 99965 1.0560815127236083
12 14 20 23 53584 0.9435711975669414
8 18 4 27 51329 0.9272086414303923
26 27 12 23 59518 1.01613603423415
6 19 19 16 53964 1.090341485303758
24 17 6 11 74144 1.0280845186625378
4 20 24 19 79102 1.0907534620655934
27 29 14 12 106295 0.967665701414506
25 8 28 22 62718 0.9993916277491317
8 18 27 26 100573 1.0769954926991694
4 23 18 11 86361 1.0965496932876373
0 25 1 2 88628 1.072255021698497
29 19 2 29 130157 0.9580549048937275
16 11 5 20 73000 1.0870200642258165
8 13 1 9 41316 1.066537027975461
21 20 9 14 59271 0.9919079100532648
9 25 16 12 69455 1.0448784673971183
28 16 21 7 57606 0.9367794767259137
