3058 3485 4695 3732 4240 4112 3972 3695 4576 4554 4770 3678 3994 3592 4852 4320 4305 4876 3299 7172 7943 7337 6636 7222 6831 7031 6739 7310 6749
6498 6429 6780 6837 6084 7840 6840 6253 6765 6237 7552 7750 5982 6799 6383 7290 6650 7188 7013 6689 7839 4432 4777 4016 4446 5041 4671 4586 4048
7900 8503 8375 7673 6881 7782 7943 8091 7683 6883 7023 8453 6856 7570 6532 7271 7070 6867 7383 6390 7099 6941 7492 6355 7263 7445 7139 7508 6423
3631 3605 5068 3987 4704 3609 3777 3715 4148 3677 4043 4661 5029 4146 4243 4678 4044 3629 3602 3787 4112 5190 3897 4183 4149 2913 3875 2737 3977
2969 4064 3680 3086 2702 2451 4283 3783 2720 3531 2936 2498 3119 2726 3277 3689 2456 3788 2794 3171 2636 2801 3647 3225 3465 3690 3550 3432 3336
3972 3014 3203 4002 4432 3615 2622 2874 3721 3129 3348 2744 3046 2704 3787 4445 4025 4243 4841 4196 5671 5342 5054 4516 3800 3834 5682 4247 4156
2862 1743 2785 1997 2489 1682 3070 2698 2164 2485 1502 3105 1459 1355 1327 2611 3026 2583 1302 1520 2943 1927 2113 2814 1387 1554 1296 7186 7712
5508 4498 5245 4518 5071 4122 5313 5268 5429 4931 4814 3913 4869 4615 5322 4885 3786 1531 2300 2043 1936 2363 2094 2317 2166 1965 2123 2644 2722
5923 6228 5985 5053 5825 5435 5947 5968 4963 3603 2822 2903 3659 2743 3967 3516 3215 4184 3189 3641 3173 3808 4013 2619 4011 2486 3681 3619 3237
2270 3245 2995 3825 3716 5272 4507 4024 4798 3935 4620 3736 4936 3395 4001 3547 4516 4361 4181 4174 3576 3619 4220 4177 4472 4619 4816 5302 4084
3740 3594 2882 3682 3446 2285 2488 3829 3100 2620 2303 1996 2074 2590 2767 2043 3538 2662 3013 6860 6045 6391 7745 6394 7742 6065 7498 7356 6606
5706 6914 6288 6447 5752 5897 6556 6418 7163 6871 7377 6334 5742 6730 7422 7453 6942 3568 2780 3306 3480 3748 3636 3449 3829 2823 2196 3100 2621
6229 7556 5917 6302 7472 6784 6029 5935 6410 6958 6360 6929 6996 6642 6061 5835 5814 6527 6711 7108 6983 6518 5967 6818 7569 7389 7015 8764 7047
7600 6285 5774 6143 5968 6875 5440 6046 6856 5406 6694 5345 6558 6711 6323 6543 5744 5162 5814 6418 6403 6156 6490 5638 5068 6193 5449 5784 6489
7595 7064 6238 7376 6992 6248 6919 6534 6884 6581 7320 5810 7468 7335 6743 6165 6450 7206 6795 6779 6911 7239 7354 5952 6326 6284 4952 4300 3783
4062 3378 4222 3976 4084 4531 4501 3587 3683 3610 3292 4417 4840 5067 6776 7466 6729 6934 8333 6815 8252 7948 7900 6595 7913 6556 8241 6560 7724
4549 4310 4478 4851 4306 4783 4460 4710 5217 3910 4076 4185 5250 4822 4255 4043 4442 4867 5155 5388 5255 4640 5556 4444 3762 3900 3926 5007 5605
5674 5277 4678 4805 5929 6477 4925 6119 5002 5567 6183 4890 6101 5743 5561 5395 5573 6223 5033 6444 6325 4807 2869 1784 2869 2206 1618 2124 2601
4496 3194 3597 3683 3725 4288 3690 3802 3380 3560 4206 4400 3576 4865 3812 4121 4831 3848 4584 3948 4434 4762 3305 3650 4824 5780 5788 6291 5554
7749 7959 8221 8020 7627 8600 8544 8092 8209 8196 7239 7446 8438 8357 8236 7808 8224 8409 7415 7457 6982 7842 8551 7116 8526 6728 5254 5237 4066
2556 3027 2279 2825 2313 3001 1701 1680 3191 2564 1618 2396 1519 2330 2826 2336 2397 2168 2917 2271 1826 2028 2900 3057 3165 1387 1973 1923 2229
7817 6334 7118 7337 6737 7993 7050 7494 6619 3809 4672 3238 3551 4356 3294 4322 3793 4368 3879 4573 4137 3326 3322 3050 4716 4376 3293 4103 3714
2457 3094 3406 3991 2744 3728 4033 3418 3462 3611 2275 2372 2945 2712 2700 2678 2360 3571 3667 2851 2310 2587 2937 3748 3803 2488 3456 3307 2055
7354 8291 6884 8060 7520 8450 7766 8004 8238 8477 7642 7028 8169 6781 7631 6916 7289 7130 7138 6970 7453 2302 2619 2973 3026 2301 3073 1926 2062
1821 1908 2867 2640 3151 2386 3553 2224 1962 2884 2708 2311 2638 2013 3442 3436 3199 3514 2122 3441 2384 1738 2122 2063 2959 2340 3155 2606 2561
5543 5534 5257 6097 4309 4807 4330 6033 5783 5102 4694 5286 5083 5978 4575 5883 5976 5275 6143 4720 3040 3616 3002 2651 3794 4014 3021 3698 4009
6977 7311 6133 7241 6706 7076 6979 6365 5541 6304 5760 6422 5905 7287 3287 4770 4594 3308 4295 3645 3368 4618 3398 5067 3748 4049 4874 3828 4736
3332 4023 3898 6363 5698 6216 5182 4874 5306 5638 6291 6448 4886 6624 5315 4744 6612 6084 6411 4742 6378 6051 4993 5127 5285 6379 5653 5559 6194
4789 4526 6296 4569 5474 5499 6043 5607 5766 1616 2947 2812 2413 2054 1651 2189 2414 2015 1624 2272 1694 3286 2439 2340 1654 2481 3418 1954 2431
6632 7279 7380 7201 6323 8064 6424 6775 7006 6515 6321 6403 6538 6414 6764 4396 3634 4589 3408 4247 3074 3352 2649 3444 4305 4345 4166 4146 3816
5775 1989 4677 2999 1603 4017 1868 7692 8491 4125 3880 2538 8672 4967 3712 1895 5168 3531 2650 5620 8382 4887 8034 2458 5466 3483 3409 2188 4277 1693
5898 1490 2938 3656 1952 2731 2844 5918 7157 4136 3247 3637 8632 6482 3547 2480 4355 4048 2078 5668 7886 3984 7835 1707 5024 4290 4475 3525 3120 2782
5871 2049 3741 2912 2627 3985 1942 6640 6824 3411 4354 4155 8129 5013 3312 1815 5430 3448 1933 6236 7186 4354 7624 2550 6585 3197 4565 2199 2489 2709
6250 2900 3902 3075 1792 2692 2427 6603 7299 3107 3695 3692 8797 6427 1952 1666 5803 3663 2661 5964 7564 4952 8627 3238 5156 3731 4448 2030 3032 1306
7137 2214 3146 3600 2729 2267 2339 7024 6520 3441 3774 3685 7865 6470 1998 1540 4622 3988 2156 5922 8400 4845 8908 2517 5805 3808 4265 3111 3355 1759
5958 3372 2463 3442 1676 3377 2804 6490 6903 3700 3548 3286 8295 5321 2276 3027 4616 3267 2776 6756 8743 4750 7418 3133 5998 3505 4566 2818 2899 2834
5544 2015 2957 4102 1607 3642 2531 6390 5847 3103 3896 3105 8508 5112 2869 2806 5517 4586 1876 7256 7143 4018 8391 3760 6266 3386 4169 2223 3842 1096
5371 1663 2486 3039 2581 3487 2108 7324 7372 1646 4631 4009 8581 5385 2535 2802 5706 3944 2718 6018 2063 4604 8060 3817 6050 3605 3971 2789 3303 2863
6381 2551 3484 3303 1573 2599 2112 6691 5834 2515 3311 2773 8286 5618 1995 1929 4925 3829 2498 7218 3230 5389 7648 5074 4853 4869 3461 3315 2418 1326
5790 1487 3395 2651 1850 2820 2224 6241 5670 1669 3723 3645 7340 5198 1925 2991 6362 3236 2148 5730 3107 4307 7563 3917 6638 4174 4515 2320 2402 2521
6289 2242 1973 2705 1562 3272 1806 7186 5891 2401 3935 3079 7595 6185 2783 3241 4808 1616 2466 5344 3461 4762 7476 4259 5225 4732 5013 3117 5400 2073
5953 3079 2881 1732 1841 2306 1889 6396 5985 2428 4682 4176 8961 5360 3728 1568 4711 3123 3226 5424 2027 5642 7013 4374 5147 4703 5137 2330 4774 2771
6427 2111 2154 3080 2424 3141 2603 6092 7346 1822 4044 3639 8315 6737 2122 2887 4823 2136 2702 7252 3067 4025 8923 4585 5216 3917 3519 3282 5756 2416
2566 2764 2807 2605 2706 2991 2918 7736 7125 1606 3773 3789 8755 6301 2073 6994 6425 2792 1920 5849 2762 4022 7966 5337 6396 3385 3475 3344 4994 2584
3044 1769 3495 1970 3417 2135 3071 7139 7322 1766 3046 3105 7263 5633 2013 5091 5173 1673 1950 6554 2233 4542 8286 5311 5260 4451 3890 2426 5354 2586
2195 3406 1935 2776 1890 5463 1746 6302 6881 2585 3320 2583 8846 4963 1856 5965 5209 2462 3440 5791 2583 4012 7547 4214 5405 4241 4999 2865 5939 1892
1946 2917 3670 1318 2166 5232 1556 7079 5463 3134 3957 3472 8958 5890 3330 6254 5373 1836 1565 7099 3341 4424 8592 4379 5241 3198 4534 2762 4153 2609
1102 2591 2783 2634 2408 5898 1806 7066 6407 2450 4127 2757 8655 6648 2371 5771 5527 2921 1386 7211 3043 5749 6366 4720 5009 3383 4454 3759 4066 2410
2583 3044 2652 1368 3414 5937 2816 7477 6438 1384 4011 3446 7928 5851 2311 5357 5785 2330 1329 6746 2198 5745 4430 3744 6249 4049 4932 4498 4476 1847
2444 2373 2076 2547 2749 4801 2127 6509 5959 2176 3531 3269 7225 4819 2518 5446 5643 1397 1647 5416 2287 4601 5859 4038 5464 3250 3777 4532 4619 2462
2569 6243 2478 2280 6448 5263 2972 7299 6739 2601 3580 2445 7173 4927 3579 5462 5901 2313 2012 7111 2776 5359 4595 5344 2947 3874 4364 2815 4916 2019
1962 6233 3352 1292 8089 6295 3297 7250 6037 1475 4602 3494 8863 6746 1861 6848 5101 1835 1500 5963 2860 4701 6246 5525 3802 2982 4088 3994 5628 1290
3037 7071 2290 3060 8031 5165 2838 6897 6940 2450 3024 3670 7180 6556 3047 5107 4612 1950 1464 6072 1775 5620 5627 4481 2810 4396 8035 3383 4403 1863
1226 6377 2103 1437 7780 5641 1730 6406 6719 2067 3680 2326 8395 8012 1914 5884 5707 2444 3101 5723 2755 4147 5562 4034 2562 4536 8327 3912 5829 2053
2165 7124 2167 1619 7166 6104 2823 6268 6233 2067 4638 3410 8363 7354 3245 5667 5729 2189 2130 8615 3388 5856 6124 4803 3022 8631 7461 3730 5186 2362
2728 6285 3413 2795 6787 5411 3104 6930 6857 3223 3666 2479 7524 6520 2521 6812 6124 1785 2665 8307 1762 5886 4751 4587 2690 8572 7885 3924 4875 2362
1537 6021 2897 1217 7756 4522 1546 4502 5801 1496 4750 1947 7854 8026 2522 6922 6088 1407 1631 7390 2544 5448 5474 4228 4052 7765 7893 3148 5805 3340
1422 6249 1854 2661 7986 6202 3130 5092 6982 1572 3858 2736 7017 7682 2855 5977 5437 2306 2988 7071 2092 5250 5429 4780 3985 7624 7941 4369 5725 3480
1291 6128 3730 1183 6367 5621 2841 4225 5807 2889 3683 3559 6856 6359 2731 7011 5321 2263 2447 7252 1869 4981 6226 4690 3468 7270 8458 4270 5512 2269
29 7 18 28 84633 0.9102156605913004
12 25 2 25 39710 1.0180229149556865
19 24 21 6 50161 1.0197241690271432
1 3 8 17 52427 0.9990827173167156
17 4 19 22 55512 0.9602004499087121
6 12 13 18 29995 0.9639123197640698
6 17 29 27 76423 1.0024494584806318
3 0 25 27 114983 0.9090524854789597
10 25 3 19 40938 1.0960775664900784
15 11 6 3 39958 1.0784102624342988
12 23 3 10 61015 1.0400674268558459
27 16 11 5 69797 0.9701790283461015
4 8 25 7 59593 0.9180900880595898
14 1 11 9 37903 0.9691911484657812
26 26 15 5 76764 0.9706491323560348
18 12 12 2 52744 0.9913223297505278
7 15 1 20 36332 0.9094293224248808
19 15 9 3 58796 0.9682921307473968
26 24 24 6 53466 0.9186418677538959
15 4 22 26 72175 1.0615451999946588
17 21 14 3 66519 0.973186985010201
22 28 18 4 69243 1.0880538770973789
9 23 21 4 81722 0.9270683578543377
0 5 27 16 94291 0.9072312435955582
20 6 1 3 52236 1.0085016780100502
8 6 12 13 34291 1.0510721882132879
16 12 18 0 48911 1.0315668139412728
16 10 3 22 67494 0.98469152601638
7 16 25 3 73108 0.9835242439324068
24 24 12 5 71522 1.0976555935925085
0 12 15 24 87205 0.9943828614653948
13 29 18 16 52792 0.9747429287577167
18 3 17 17 43260 0.9111627131546235
12 20 12 8 44411 1.0197267432029953
5 25 17 21 51899 1.0120538528080338
26 3 10 9 48946 0.9031164374803997
19 28 29 20 44699 0.9175134876765719
9 29 20 25 33683 0.9737037677646514
24 6 21 16 34731 0.9475070498261393
3 4 7 25 54848 0.9736303135176186
25 26 1 2 115959 0.9069824417372037
23 7 3 2 66650 1.0617179490134412
29 5 1 21 114801 1.0992020780173937
26 1 0 3 73561 0.927116848178778
27 22 12 29 57828 1.026062642282033
19 21 0 26 78905 1.079850905865503
12 1 0 16 59641 0.9397302306757832
26 18 0 1 95621 1.0947957659707068
14 12 29 1 72363 0.9025421748133876
22 19 0 5 83554 1.017304341221275
1 5 23 23 97118 1.0480965122595007
9 15 26 8 58517 0.9476255795902243
18 4 12 18 54142 0.9769344362482737
14 28 13 0 101872 1.0758262991582952
27 24 6 6 89750 1.0682062495499638
20 21 10 26 49874 0.9568676828008535
8 6 14 13 43377 1.0968789224735422
2 8 11 28 74393 1.055477106154989
28 0 22 19 62855 1.038303742106691
7 23 10 4 51779 0.9659122018711157
4 10 19 17 53068 0.920419498200734
27 9 5 6 56068 0.9939430893654075
1 10 18 22 81209 0.9170581623345874
23 2 22 25 69153 0.9799838499640394
24 22 17 17 26578 0.9505233219994935
21 22 13 5 60071 0.9901052171757898
19 15 1 7 75780 0.9758180857498459
23 23 4 23 68671 0.9155808085127871
18 18 23 7 40983 0.9615631563588967
10 27 25 12 83558 0.9249477249835981
20 4 18 23 51764 0.9388913893244744
19 25 8 18 47691 0.919183714691277
8 21 11 14 28442 1.083614147780717
28 20 7 17 51913 1.040498541054557
22 6 20 28 56442 1.0840938899728934
4 20 15 22 54978 0.9691151556195177
12 10 4 29 66004 1.0175003081329503
21 8 19 18 31021 0.9100847803401655
17 22 27 26 51637 0.9557287152443122
3 10 27 23 92358 0.9430645976688758
2 18 11 9 40313 0.9093265232026877
21 28 15 11 59862 0.9029995744914813
26 19 22 4 52987 0.9011136804514343
24 7 6 17 60334 1.0147705547314307
5 22 13 25 41774 0.9405054096098339
20 18 27 3 48565 1.069497204909108
4 25 20 29 48112 0.9611913373884117
23 27 28 14 41220 1.0426872055518603
25 26 3 29 56498 1.069801114811955
3 18 12 7 53153 0.9633716182623414
5 22 7 11 33681 1.0335654953677746
0 19 11 1 65592 0.9739337081661
5 6 26 10 60117 0.9511823394637096
16 2 3 18 68569 0.9089180034267317
9 11 1 13 35690 1.0676321817721428
8 6 22 11 43208 1.0023969133367805
16 29 24 7 67937 0.9262086901778813
25 14 14 24 64394 1.0419739395099614
8 19 16 16 28741 1.0423592834902764
13 5 13 28 86123 0.965123022656514
2 29 16 23 50926 1.0850075860304165
11 26 21 14 59522 1.0983358929127074
11 18 7 5 44415 1.0291213351047914
7 9 29 7 60131 0.9915789127677167
19 23 1 21 73674 0.9466808521820819
27 14 19 9 31292 1.0059347878921825
10 14 13 5 32004 1.0859210756996969
10 27 0 15 48146 0.9246622195862192
25 18 16 15 29344 0.9808724407232743
19 14 19 3 30203 1.0946560231186755
12 5 24 26 76821 1.026664230575674
1 20 20 22 65219 0.9449887629215208
0 5 20 26 95926 0.9484388241406607
6 26 27 19 67345 0.9921896625428432
8 18 10 27 30449 1.089916510938076
16 15 21 20 27101 1.017965586252917
9 25 23 4 99381 1.0695119877670456
28 18 16 15 35213 1.0317121131715574
27 23 6 21 70138 0.9867824819041692
20 21 3 20 52867 1.0582695667616133
9 20 16 9 45704 0.9247715504733383
20 19 7 20 36255 0.9330033210459783
9 26 24 2 99412 0.9044498856249725
1 24 1 5 71085 1.0290947399163748
6 4 16 21 67275 1.0006710978319593
4 29 17 15 66994 0.90607690818261
26 1 24 15 47670 0.9885167566641986
17 15 12 6 48161 1.0326920194448794
2 28 25 14 83172 0.913404675306306
18 0 24 13 46734 0.924160035462233
27 28 4 15 89075 0.9554536373148933
16 0 16 19 61884 0.9325769712733385
0 8 7 15 40535 1.0702662914830599
8 11 29 2 70254 1.0833387912617316
0 23 28 1 114235 0.9854706680080783
9 21 5 2 53889 1.0535093615538391
8 7 17 2 40560 1.0633445399874402
28 6 8 27 98180 1.054005184017349
21 23 27 18 29878 1.052743526369508
12 27 25 0 99044 1.09225942836139
15 22 3 15 58534 1.0732415959234691
3 11 2 29 59424 1.0083629183158014
20 29 25 24 23144 0.9227697609699684
27 10 14 23 77083 0.9398363705452618
4 10 21 3 57483 0.9403526401572482
12 13 8 3 44162 0.952244915191069
2 13 12 29 60931 0.9671311958767093
28 16 10 9 54385 1.0912369785859282
26 2 16 25 83425 0.9600685617056904
12 29 5 15 47246 0.9477430400668325
18 29 13 10 70646 0.972725183043107
17 1 27 7 41693 0.9506706687423432
16 20 25 18 26264 0.9968547602803576
22 10 27 4 35254 1.0576583548638259
19 28 2 14 75494 1.0652248003054965
27 27 1 10 107660 0.9513818492472621
4 10 10 23 49710 0.9433845459273366
12 6 26 17 55717 1.0537541354627995
27 25 15 6 73773 0.9124388387687479
25 10 16 24 64792 0.9210908231258986
14 8 0 22 75571 0.9189914249204804
13 11 12 27 62607 1.0661377515945614
23 12 18 4 37563 0.9117483457514517
8 19 16 5 58661 0.9825992583599581
0 16 29 19 77652 1.06040681262968
24 1 24 23 58643 1.098652498028996
2 29 4 17 42288 0.9050422628417301
1 1 15 28 98668 0.9190788644395848
10 7 21 5 33090 1.025108977063995
12 20 4 26 38468 0.9576808607019933
8 2 18 18 68550 1.0008485141184769
2 3 27 18 89809 0.9854484533229856
15 25 1 12 86344 1.0938592848842077
24 9 13 24 77069 0.9518052463747699
1 19 20 20 54676 1.0878214592190796
7 16 6 26 22753 0.956710416873753
26 3 27 15 46487 0.9398720091500475
11 16 27 26 71587 0.9070544083046529
9 1 14 26 88838 1.09936834078386
19 29 29 0 86811 1.049803692594707
10 25 17 11 72939 0.9005243020939939
0 25 14 26 52536 0.9796718599829575
4 19 0 2 60088 1.047108204936351
1 24 18 19 59445 1.025223395998044
14 24 1 18 60468 0.9876883219245836
12 27 25 22 53146 0.9587733374838869
0 20 27 23 89098 0.9608004878758173
13 20 2 17 37556 1.0326878398467962
8 17 22 3 65620 1.0884296917473835
17 16 11 2 63514 0.9221418354787757
25 12 10 13 51110 0.9740904161228326
9 25 8 11 48149 0.9145142275762047
13 1 16 12 50165 0.9160174169446815
4 4 21 29 92785 0.9900275364182178
14 7 17 28 81086 1.0133986866676448
18 22 12 2 76470 0.9856555303616887
3 19 2 2 60785 0.9143076671964215
8 0 2 4 24950 1.030143456840465
4 4 14 4 20549 1.0019103877169198
10 19 20 8 47989 0.9063616501834845
25 24 9 26 60076 1.0601120604464465
16 13 13 0 60554 1.070321880779432
15 11 7 15 34937 0.9344444980748179
25 15 24 26 34985 1.0520358103531577
16 7 10 20 55001 0.9015380755801313
25 18 17 7 47492 1.0705520892740885
2 9 0 24 65544 0.9544293646255617
29 18 20 15 25424 1.0246012796234272
7 20 21 15 45701 1.0562083272313338
14 6 7 20 51795 1.0738471952231405
28 13 17 28 61499 0.9804713376014299
17 20 21 7 45040 0.9619940042766705
15 11 28 3 49703 1.0755176853866393
0 8 3 26 73912 1.0168036887416563
22 2 7 13 65997 0.9211981793391392
8 9 17 1 47778 1.0350643228842726
29 23 12 9 67993 1.0103412959254785
0 25 14 4 82595 1.0347088878005744
7 22 10 5 49163 0.9583913261585542
14 29 1 5 85118 1.0354723353982467
3 11 24 21 72751 1.0603033452668782
17 9 22 17 28144 1.0458231592334823
26 13 14 24 74202 1.0684764166875635
7 0 2 20 67772 1.0238967037205229
17 8 23 17 35096 0.9811228151683289
26 12 1 11 79623 1.0842242299874936
25 4 8 23 91973 1.0900255012997195
5 10 3 18 28109 1.0756699234727258
7 17 9 0 48583 0.9689804164163074
13 23 25 21 54090 1.0988125522815206
0 23 10 12 48943 0.9661334659819284
29 25 11 15 70436 1.0387269960205092
8 4 10 20 50363 1.0116965863714664
16 12 11 23 55073 0.9761215745794147
4 16 9 23 32679 1.0357719954909435
22 20 13 27 44515 1.0861884103758286
27 25 23 15 44952 0.9705118245445103
17 8 24 16 38718 1.0429367039194182
20 10 17 18 21952 0.919400236269217
11 19 18 25 41356 1.0909947990343298
12 7 15 17 48445 1.0979960412890486
13 24 5 7 72216 1.0271388834990174
5 2 15 25 89732 1.0450563389271454
11 0 27 16 85868 0.9637082963356917
9 25 26 10 88872 1.0299578089539465
7 2 14 24 88159 1.0011163300152819
6 4 2 28 61597 0.9901991473573389
12 5 9 22 57571 0.9334287032112341
24 13 0 7 75215 0.9942285561696614
9 4 4 16 37353 0.906195452787799
17 15 29 13 42718 0.9236579310145379
7 28 10 4 60890 0.9072035897343043
16 11 29 23 59832 1.0146081489471612
3 2 28 14 85142 0.9101230366854091
24 11 5 15 56146 1.01791398564198
1 11 3 19 39300 0.9509063473960468
1 25 13 17 50189 1.0680314661757864
15 4 24 16 52219 1.0166818264788309
28 27 25 14 37375 0.9109273446041927
26 24 9 17 55188 1.0252799830779216
1 21 5 0 72248 0.9807713343333089
15 17 20 4 40818 1.0873109181607157
10 9 1 10 30036 0.9553197102482816
3 7 10 17 45453 1.069332716401178
18 7 23 23 53241 1.080013530009956
6 26 13 17 34337 0.9973708113355402
12 8 17 16 48357 0.9120997967332839
14 2 18 20 62313 0.9631979214123864
20 10 2 12 60507 0.9815273423720248
21 5 13 23 77674 0.9747339939414249
13 23 29 21 62391 1.0257181013887728
8 24 23 16 59455 1.0056457324744053
16 10 1 10 46554 1.0579245296541266
3 1 25 21 97289 1.0065969563209474
7 20 18 5 64262 0.9737348352371891
23 10 10 0 58373 0.9539998633559257
7 19 22 8 58987 1.0117595914988036
27 16 8 13 57832 0.9915439728597346
15 10 24 11 29524 1.0161855415515366
2 23 25 3 95780 1.0032442711095106
3 10 1 21 50075 0.9934816841002228
22 3 0 25 103316 1.096582098553839
15 27 23 9 64977 0.9209910118386476
16 23 0 17 65045 0.9932328056102239
20 25 4 14 62856 1.0800023342721414
3 18 2 6 44490 1.0904504285805594
15 23 7 20 42332 1.0124976388198885
26 1 12 11 67702 0.9614395528640569
13 18 25 9 44051 1.071960813402941
26 11 23 1 38549 1.0925334167317797
8 15 27 12 62991 1.0487028515631243
17 4 14 24 82745 0.9799604208542946
20 28 6 15 62538 0.9716665327635119
1 18 21 5 76578 1.0159074706686368
28 29 5 29 53059 0.9609976115576612
4 11 19 6 48076 0.9124798184949149
23 6 2 2 62625 1.0141870866432854
16 11 3 13 46727 0.9541014432606457
15 29 17 18 41258 0.9072428299256019
7 21 4 10 32445 0.9716169472142077
25 27 15 20 44109 0.9581672656623685
9 26 5 6 56681 1.006135905851467
6 19 7 28 20421 1.0143671022224252
26 23 19 19 33487 0.9551124946114744
16 0 18 21 64909 1.0831312414302532
10 1 16 11 44814 0.9593564948754899
26 7 6 12 63566 0.9643187484374197
14 16 21 29 48932 1.05427823896955
22 29 24 17 34197 0.9526167602009358
17 12 15 27 67068 1.001441720634902
23 26 26 5 68646 1.0454522181815948
9 3 21 7 42525 0.946275103643657
2 17 24 4 81610 1.046868642510818
1 24 13 8 68859 0.9968343545286285
19 19 6 7 60954 1.0053675193446947
23 23 9 19 50305 1.0358810257702358
28 0 16 6 38961 0.9448736211915778
18 12 10 20 49600 1.081225421653654
16 24 2 16 71055 1.0045668472206135
3 22 15 29 46565 1.0758651487474797
7 2 4 23 54750 0.9119216551587073
12 10 17 23 67156 0.9149557461794544
21 0 28 29 82799 1.0648787665035935
29 12 17 15 45628 1.0439453756120287
9 23 17 27 37482 0.9016990654555508
26 28 6 26 55930 1.0569635417128131
23 20 10 8 56811 1.0777740476255435
24 23 13 23 48984 1.0454692004495019
12 14 12 1 48721 1.0383721057525956
17 18 0 7 72090 0.9028168810346002
19 7 28 14 40173 1.0005181140473602
24 11 16 7 33256 0.9014476035598312
15 25 6 16 56540 0.9117722389796312
1 11 21 16 69593 1.0423700560586997
12 22 8 0 79715 0.9201511564455461
24 24 11 4 77002 1.0657244278840756
20 8 14 21 51129 0.9146934318351707
28 17 19 13 30937 1.0952106518584754
25 1 6 5 54749 1.0100319895221546
5 18 27 21 61253 0.9984916073236944
25 15 23 3 37727 0.9939289890810694
2 9 13 25 76207 0.9890376001884736
15 11 9 26 67438 1.0328349632580411
3 17 27 7 81852 0.9997202753017106
28 28 25 13 45307 1.0324070978484046
11 3 4 21 59087 0.9885741758461029
18 20 11 14 40882 1.094178232635182
23 16 13 26 61238 0.9935636472871684
25 18 19 28 38273 0.9041927689665435
19 23 28 2 70297 1.0260656757360975
20 29 9 29 26171 0.9000063636535077
1 17 4 24 32060 1.0177245983704017
4 10 12 12 36540 0.9020425731480956
16 22 29 14 53334 1.0621114085738805
28 26 4 10 90442 0.9846514165558654
19 4 5 14 53724 0.9413366265472886
13 24 2 29 42915 0.958011146767371
22 8 6 8 40387 0.9839287823152816
15 0 13 16 69922 1.0290031940979834
26 23 8 8 80327 1.0544051974607784
8 4 24 5 43295 0.9121884421914185
9 1 15 7 34164 0.9637511432815296
5 4 0 24 65664 1.0096120394588497
12 27 4 23 28795 1.0251757999064144
6 8 19 16 54081 0.9025583369659922
14 25 26 4 95325 0.9275132697094928
11 0 3 6 33930 0.9411945114310329
4 18 27 15 63250 0.910355139860228
6 5 6 19 30369 1.0238524507238547
5 19 17 29 53540 0.9468468683777614
5 12 27 12 69171 0.9913032057205577
3 11 10 26 56863 1.087567104827759
5 1 17 24 91043 1.0587130506134064
24 15 6 0 75713 1.0427725065503697
29 18 1 26 86019 0.9069686569122879
16 19 17 0 59938 1.085432239369988
8 18 7 5 37303 1.0313345135229115
25 17 15 13 35743 0.9117135541727946
10 1 12 17 49976 0.9383452226003064
21 10 26 26 56626 1.0660628132500072
5 9 28 24 84270 0.9504402650024768
23 14 13 26 65051 1.0642774693914216
12 17 10 25 35651 0.9320573367618975
6 22 24 20 52203 1.043714975790098
26 23 16 10 62266 1.0092608549444566
10 13 28 24 65123 0.9311196547989041
24 28 14 19 51119 1.0479640031325943
0 6 27 23 104434 1.068669763210177
14 16 1 16 49010 0.9265018194392874
28 5 29 15 43419 1.0963703472836797
28 11 11 15 54158 0.9344397124640711
21 3 17 24 63373 0.9818956786877213
8 26 4 10 47321 0.9586560935825404
16 19 20 2 48226 1.0222002556741414
13 5 20 2 25551 0.9021991274686644
3 7 9 15 36881 1.0286901953971739
14 6 9 28 73020 1.0404481500504876
7 19 17 16 33537 1.0180604487412026
5 12 25 5 64664 0.9355539043175869
16 0 18 24 74176 1.0861663865978313
17 0 3 2 39138 1.0488856577000354
27 5 19 17 49404 1.0571096561370812
29 6 13 25 94051 1.0960028830060589
20 14 25 26 42504 0.9601543526096803
26 2 16 7 37420 1.046638139316453
7 25 8 6 49119 1.026909723953523
22 24 29 0 77042 1.0640173701207272
7 1 0 21 71806 1.0911548203325316
20 19 3 16 49054 1.057014360956025
1 26 19 21 75496 0.972167952480823
3 29 15 8 72951 0.9769711378209218
12 18 28 18 33430 1.0053450798033665
26 28 1 26 71149 1.0132602725975501
1 11 20 10 55691 0.9430618119881533
15 7 26 6 31316 1.0050923659776378
12 16 10 29 49546 1.0199838264764165
28 28 11 20 62759 0.9290299557656447
4 0 19 27 102522 0.9022640476663016
24 16 5 18 47556 0.9739665257390029
16 1 0 17 73996 1.0363478610941508
16 15 5 22 49299 0.9748808271846169
20 3 24 23 54749 1.0071347380743954
3 28 29 10 96983 0.9393018721215741
11 0 0 15 57948 0.9906574484437232
28 1 19 21 70458 1.0895507513954565
0 4 29 19 96520 1.0883410360282453
28 14 17 20 37367 0.9377914260316701
2 27 5 4 60246 1.0384570383997662
15 2 24 18 57222 1.0392691228623812
24 18 12 14 36398 1.0336369486588461
19 24 4 14 65155 1.0818627803499041
18 7 11 25 74289 0.911599140401938
10 24 25 24 61939 0.9164144324046439
19 2 20 27 60744 1.0140899999166886
19 22 19 6 43754 1.0131468656984963
7 23 22 12 59442 0.9589703680904957
24 1 16 20 63766 1.095959301303495
18 10 14 21 52916 1.0026814263003798
17 25 8 27 29585 1.0589336041567678
2 17 18 4 67184 0.9323290182087658
10 23 1 4 67752 0.9789674669058395
17 27 27 26 40291 0.9995566216426806
26 15 24 26 36021 0.9395920793168003
0 2 4 16 52398 1.0264087915596896
27 5 3 2 72580 0.9832753631733983
23 22 13 5 66696 0.9632201788338068
14 25 20 11 56708 0.9391204070144985
5 4 10 26 64239 1.0124740866753488
27 8 5 24 88277 1.0927954852744084
6 25 14 1 69999 0.9589152221545281
21 21 17 5 52053 0.9136788145667715
19 15 28 9 35650 1.0048045639847523
6 29 20 4 86804 0.9687026490480928
1 19 7 24 33546 1.0455746641789698
23 27 6 6 89755 1.0990591823815121
4 22 18 9 62912 1.0170202390484413
22 6 16 21 54307 1.041126894773396
16 17 5 15 32938 0.9181871217674761
24 8 7 20 64047 1.0393978569753346
13 17 8 6 40559 1.087523735476742
6 20 17 15 41330 1.009860837437857
10 28 28 11 87204 1.0843631762878023
21 29 3 3 98564 0.9230635850745349
28 3 9 23 94460 1.0777992211131837
14 17 7 24 32746 1.0224546459931592
27 19 17 0 69770 1.0048561168558134
25 23 1 7 101922 0.9192366340137516
24 14 13 18 32252 0.9547952609055753
4 10 23 21 73121 0.9670211466753008
28 26 12 15 65230 1.0143218827946245
29 25 11 15 70436 1.0266405027850753
11 17 7 28 33593 0.9154829686250873
23 9 4 26 81055 1.0336931719570217
24 3 29 16 45277 0.9982948346876928
14 29 3 13 60918 0.9761176855438151
29 6 21 16 48175 1.0273585756840222
22 7 9 21 66505 0.9251403270513308
14 26 17 4 85086 0.9964337002533228
9 8 1 6 27638 0.9311327180879221
10 24 6 8 52156 1.030114196264439
29 28 11 25 57171 1.0204288262932872
14 23 12 7 73479 0.9249431432790278
6 8 29 8 59695 1.0501153664460152
13 29 3 1 84982 0.9229907980140221
25 7 26 24 56181 1.0357968404999451
11 27 29 27 54722 0.9423896022093965
23 4 25 21 59192 0.9112895628380263
2 10 15 26 80757 0.9811777102166181
21 2 29 13 51033 1.0534719597776867
13 28 17 15 68043 0.9867441886546299
28 26 0 1 116615 0.9037967032160222
29 12 15 13 50320 0.9859031147567439
8 0 2 14 47673 1.084543769303062
3 16 12 24 52518 0.9758980900046194
5 14 12 28 50317 1.0476322340759088
20 0 15 8 34140 0.9442685367496708
8 17 7 3 41774 0.9001907883228478
25 15 11 19 44957 1.0438664559633684
22 26 16 15 46645 0.9778471608471349
20 26 24 13 40579 0.9985717751164421
10 26 13 9 63774 1.0639399422129547
21 20 5 6 68807 0.935473845965974
26 16 14 11 49101 1.078398061831584
0 28 26 16 87587 1.017403204844805
0 25 18 17 65356 0.9826186392663087
10 29 21 7 81650 0.9540310076953766
14 1 10 13 44495 0.9233125924523781
15 13 29 24 60379 1.0569507631288062
29 3 9 29 104256 1.0803529009220223
20 15 24 9 21846 1.098050340218662
8 26 2 5 64419 1.0438672580523172
29 18 24 26 29735 0.9303996039072151
18 12 6 0 60560 0.9584157342948036
16 23 11 16 44719 1.0533326597008137
21 29 9 1 93258 1.0412980730331474
2 16 18 3 68363 0.9426706616927185
15 28 15 15 67024 1.0490751415336796
8 7 27 4 60823 0.9233275148472543
6 17 8 29 29891 1.0077794866157064
9 26 11 8 63564 0.930184253936326
28 12 17 16 39171 0.965968091312652
21 9 14 0 38488 0.9732309690544927
1 0 9 9 44415 0.9536802715396064
24 15 6 5 63837 0.9502790958893199
14 0 5 9 47642 1.0409853751285563
17 17 5 5 55971 0.9824250363460254
21 3 3 20 82111 0.9523549752464107
19 2 24 11 33251 0.9021775405588788
17 5 18 24 63326 1.060600021473353
9 3 5 15 35949 0.9542845272825541
12 2 14 18 59473 0.9449298487768965
28 9 25 29 54886 1.0771632842759
25 14 27 6 31011 1.0988979875520624
25 16 19 10 34402 1.0228547269619546
10 1 28 24 93807 0.9671901533399179
22 29 24 7 61014 1.0083072596152405
21 9 23 27 54471 0.9399351266986106
20 2 26 27 75199 1.0062050816424943
11 19 14 8 42980 0.9218676845491491
11 5 25 8 48002 0.9781985129962487
7 7 0 2 32821 0.9497052778311501
2 4 23 12 70394 0.9568863613608232
8 20 18 10 55821 1.0339118770702402
11 18 14 27 38203 0.9201182296203382
8 21 27 16 58983 1.0230918277300527
3 22 13 9 57627 0.9817986969232175
17 16 13 27 57148 0.9109550223045425
21 4 28 11 39789 0.957683090371381
5 0 2 18 54951 1.0067476171287613
11 25 19 3 80805 1.0481365617342384
0 16 3 29 54294 1.0233563384536468
12 7 20 23 61364 1.0474204462925047
17 20 0 6 75414 0.9685292261104207
26 26 29 6 69857 1.0317710910471558
5 17 23 4 78166 1.0637862292942795
1 21 11 14 48477 0.9655746933509266
26 5 10 16 67480 0.9238001043721671
22 0 12 11 56268 1.046950141418115
11 11 12 28 60336 0.985729314337469
27 8 13 24 89161 1.0052554025356524
14 26 0 10 83994 1.0521764540718372
18 24 11 15 54781 0.9697376599697084
23 12 1 20 83068 1.0060327521491363
25 28 1 21 80950 1.0156852771672376
11 15 24 24 54879 0.9169728355644706
16 3 11 19 61537 0.9651305224922591
21 2 9 25 91505 0.9569567333851838
2 11 25 17 70917 0.9634783135413799
4 9 16 7 38609 1.0634587614323383
23 1 22 19 59187 1.0958053869355613
16 3 12 17 58111 1.0672608642853951
19 9 14 17 32781 1.0605633998818988
26 3 18 19 54908 1.0027914927681734
25 16 4 14 60703 0.9304365180516188
0 5 23 18 81351 0.9096476780487198
19 5 24 17 40902 1.036537699556671
29 6 28 23 51683 0.9414381422348279
12 26 23 16 64641 0.927763477402361
5 1 5 11 29273 1.0780616552801348
20 5 11 25 73120 0.900719699520969
23 25 1 1 108208 0.9855786345039603
6 4 15 19 61393 1.046569607845776
17 1 16 18 53584 1.068641104238933
23 24 25 7 53031 0.9549322817438506
15 21 19 2 64544 0.9475359373005738
13 4 2 18 54520 1.0905849160225987
12 8 2 29 73193 1.0987511096321954
28 27 6 20 72392 0.9748884042990603
29 17 12 27 68009 0.9680542186905002
4 14 1 6 32809 1.0002264063247555
4 28 2 10 58556 1.0822062218476132
27 0 28 29 83004 0.9833423113670472
26 5 0 19 97026 1.03996276260444
18 3 19 14 31571 1.0307056701241124
22 27 2 23 65109 0.9905546275696164
18 6 0 14 61005 1.0742735180012835
26 28 29 8 62559 1.018890743064587
4 23 16 20 40177 1.0805700591255236
21 28 21 8 57737 0.9751071208230392
24 25 0 24 85514 0.9177643794735653
15 8 26 17 45914 0.9462441373497082
3 9 15 29 73286 0.9447755619811484
22 19 8 6 60579 1.0349551351582005
1 26 12 0 92557 1.0781498231608904
27 6 1 12 84682 1.090477646402408
10 27 25 7 90730 0.9380345433588128
24 3 19 21 54549 1.0561611375709639
2 12 12 22 63821 0.9657808538568953
5 22 25 4 93519 0.9076108862296833
25 11 5 11 55553 1.0117572584464865
28 27 1 23 81299 0.9699124884722492
16 11 19 18 30563 0.9482114244932296
15 9 29 25 69387 1.019321229932987
26 14 23 6 27789 1.0115415100682188
17 17 6 5 52594 1.0194021698292435
7 27 1 13 48510 0.9323348572554156
4 28 2 19 41817 1.0911432548062274
6 13 27 24 73484 0.99169325101461
5 3 0 29 75038 0.9652990194539185
10 0 18 18 70294 1.034542923452289
1 16 22 17 60361 0.9057166489234032
17 23 3 18 55399 0.9102889614329487
8 6 2 29 65592 0.9759104273856498
13 13 20 19 35827 1.0100592503475772
19 28 27 26 35375 1.0777084226857128
23 25 6 18 58319 1.059487059916458
19 7 28 11 32894 0.9858742748419378
22 10 1 9 56167 1.0567396486177805
15 26 29 1 105556 0.9885832742224847
10 7 0 20 60040 1.0349805751126036
17 22 3 8 78786 1.0142866704336466
29 21 7 6 80423 1.0352579305085414
15 5 28 9 38105 0.9008856946390398
0 22 28 19 82030 0.9721076791940102
4 28 16 8 72428 1.0025146222925405
12 10 3 1 47284 0.9751632501679537
4 23 16 17 41159 0.9358740727601345
25 3 12 20 71255 0.9580099592599265
14 26 23 15 60936 0.9570780190278602
21 12 11 19 42480 0.984689899129761
20 29 10 9 67582 0.9335531579094204
9 9 25 2 51235 0.9527386246316326
15 6 3 3 35617 0.9274995339530301
27 5 11 19 72120 0.9062242995021409
8 13 14 8 32312 0.9970841264138224
26 24 3 28 67166 0.9055566333022242
12 8 21 0 48475 0.9982285869278557
3 3 24 25 97300 0.9295772126777102
18 23 14 7 66016 0.9895627431438024
12 11 28 2 63327 0.9285812746341686
21 18 4 25 54202 1.0022733002393482
5 21 19 22 55247 1.047295346960796
29 29 18 25 35849 1.0570544985633092
13 14 7 24 40060 1.05175966337529
3 6 22 23 83473 0.9017856570900615
9 2 10 19 49424 1.0482215972099995
7 23 28 15 62731 0.9718392418796393
14 18 8 0 67236 0.9775596482044075
10 9 21 7 33922 0.9020725513750031
18 24 9 6 74662 1.0034073515997162
7 6 16 17 49594 0.9333166805598541
0 21 18 24 76767 1.096832610328879
25 10 18 15 33350 0.9933257081630785
4 22 12 17 32975 0.9189080726519594
16 12 26 3 48505 1.0340699928435209
6 11 14 20 41114 1.029499462101902
27 18 5 19 52991 1.0430959206570736
20 6 4 20 67607 1.0422378300846402
17 27 19 13 49546 1.072086468473136
4 13 23 28 78586 1.0777128857229918
12 22 3 12 56981 1.0964786830291207
16 25 10 8 70574 1.0628311020818817
23 27 5 18 65363 1.0759379788836825
28 20 20 5 49699 1.0833089850472786
1 24 6 2 63304 0.9414790392205622
25 29 29 5 83207 0.9244551580802468
28 12 0 3 82493 1.011327010034943
17 3 13 12 47586 1.0798196332371026
8 3 1 8 38758 1.0109198719079633
0 6 1 24 68575 0.9287898234404199
25 7 0 4 65853 0.9704289735226879
18 5 7 12 49595 1.0276049932887188
23 25 5 1 99555 1.0559207959678432
10 5 18 15 47373 1.0101641248813247
22 11 9 29 73758 1.041600144851984
16 28 8 2 91655 0.9869230711473183
17 28 7 25 34762 1.0136589651056862
17 7 5 20 66814 0.9365611959868255
25 8 0 2 79137 1.0747846692170089
3 7 21 6 45632 1.016966849400721
23 11 14 27 66304 1.068663152477701
14 9 23 0 43636 0.9677155783900466
15 7 9 2 31189 1.0552265356775408
14 14 15 0 57669 0.9314380864136302
27 12 4 0 85605 0.9557929463867896
13 7 22 6 27749 1.042872790128471
5 14 12 24 49075 0.9155184761635857
14 22 5 14 51621 0.9213688410587146
14 4 3 21 66185 0.9554978206968707
29 27 17 28 36744 0.9984165085068942
3 5 10 16 41754 1.0677791367153238
7 14 17 0 59287 1.0121986593788659
20 19 15 7 42070 1.0367472109403437
9 16 3 7 40428 1.0846072885090083
13 9 26 19 52422 0.991843452456468
23 29 11 17 53581 1.0227397270077292
16 22 3 15 54812 0.9491005579582772
26 26 25 8 61374 0.9183292224022194
24 12 1 13 69365 1.0759627670040877
11 4 3 19 51924 1.033193264376154
13 13 15 5 42001 1.065901409567782
21 4 1 4 49412 0.903617285460705
19 11 8 12 39367 0.9857704349564725
1 0 29 27 128812 1.054029918753721
12 23 0 13 62117 0.9672683952992426
1 15 0 29 56791 1.0897063997105094
2 10 24 8 59096 1.0655769939265218
20 22 11 28 40832 0.9085391901452372
2 21 24 19 63909 0.908973791012595
11 1 16 11 47056 0.9555024494564109
12 15 26 15 44109 0.981593597341855
25 27 26 15 42906 1.0430355389627028
12 16 24 11 47170 0.9396350659616275
10 2 17 19 66607 0.9036171887602574
19 24 9 11 63409 1.0181435717132388
14 14 22 16 25217 1.054558914998421
21 22 21 12 34172 0.9926203638559131
6 9 24 6 47017 1.0104583479848024
18 23 26 5 69213 0.9581021671305848
8 21 6 7 35770 0.9149519194290232
11 17 16 10 38065 0.9163693432560609
16 6 5 26 70519 1.0444872214295478
5 18 8 9 26978 1.0201784420000912
13 3 15 28 94703 0.9649581127112749
9 3 17 9 36565 1.099736451810353
6 10 28 21 70920 1.0291688761470639
9 11 23 28 75856 1.0311762365906505
12 29 27 25 53977 1.0792050031889935
20 18 0 13 59958 1.0029473206157427
10 4 29 1 56118 0.9582907158329244
20 20 23 28 27722 1.028521655463631
28 17 3 24 72144 1.0516368251733434
10 24 19 6 73642 1.0910098819880492
29 28 20 27 29006 1.0468284180353828
5 24 24 5 86310 0.9935731279723278
14 15 23 16 36354 1.05401566640723
1 27 29 26 81383 1.0545636799219902
21 29 12 20 44021 0.9557358631748365
17 29 12 3 85558 1.0268655786978922
4 27 22 21 65996 1.0438549931130265
18 19 21 6 37258 0.9728662570268923
15 24 29 3 89283 0.9180119272748449
25 3 2 9 68743 1.008410373286609
10 27 14 1 83496 0.9521275440984657
8 23 28 24 74044 0.9961615902398746
9 28 25 22 59052 0.9153736981028863
21 13 27 7 37652 0.91893555110446
10 3 11 28 76236 0.987168888081159
29 25 21 14 45123 1.0638237906359935
22 5 3 23 85400 1.0032926903465111
13 29 9 17 47947 0.9562746755646814
20 25 11 14 50213 0.9358222969462224
26 6 19 3 24720 1.0095904617179812
15 21 6 19 37435 0.9214641990102459
21 2 12 27 86971 0.9456302844028637
4 22 13 3 66700 1.0693069275895706
24 3 20 26 62485 1.0634469039891628
29 7 14 8 52928 1.0087755307165625
27 16 6 28 77491 0.9941375507902126
5 7 15 7 31189 0.9397331218478246
28 1 27 22 74599 0.9106207253730483
29 12 25 18 26876 1.061303772126623
6 11 29 17 64133 0.9126370497017953
3 24 29 8 99860 1.026589315478313
0 19 8 15 31381 0.9710852191280763
3 14 25 26 79421 0.9371036388057951
19 9 7 25 64752 0.912395120683608
19 18 5 18 32000 0.9408296161029446
17 16 27 19 35303 0.9738928512437557
26 29 11 14 69674 1.0411669610027374
21 9 28 20 38357 1.034794759270497
16 24 3 7 87923 0.9897835706262353
19 11 23 27 50957 0.9171352393072564
15 10 8 23 58143 1.0802142064335456
11 8 19 13 39430 1.0964188059243671
24 13 2 21 74738 1.0945137111803385
12 22 4 25 42590 1.0533755517258
26 24 21 1 73615 0.9794363153298971
9 18 1 6 46833 0.947916403713529
6 27 29 29 58987 1.0044394700947763
15 17 7 28 43317 1.090250401052806
2 25 11 23 39177 0.9482581742743151
4 29 8 10 54955 0.9914430956733435
1 11 27 19 85433 1.094712394208544
27 7 5 8 63105 0.9152740831039344
4 16 24 24 63994 1.0961768023932947
4 17 21 24 57537 0.95190580427706
6 1 18 28 91900 1.0527955744314548
13 21 2 21 48213 1.0772133178826935
20 12 29 19 35507 1.0415077623503068
13 24 8 8 64968 1.0378548277985884
9 26 24 28 47337 1.0997643870953238
6 6 2 14 27376 0.9264682989667502
3 23 27 29 69177 0.9186064602340781
29 0 15 29 95569 0.9305045659647493
21 20 17 10 37223 1.07971691744345
18 28 21 3 69687 1.0619292662901287
26 11 9 20 63685 1.0371049479253749
23 25 14 14 51574 0.9531061450117975
5 6 10 26 61196 0.9671169753488821
7 14 22 8 47328 1.011198697389976
26 7 8 15 66811 1.0183880603074194
0 13 26 26 95414 0.9373581209551904
19 19 14 8 48866 1.0338120869482288
25 2 28 25 64728 0.9604828782391049
19 24 23 8 55095 1.09899230107108
15 28 12 0 105909 0.9989446525768106
6 18 20 19 33788 0.987988062115201
4 1 19 9 52723 0.9514644992807577
19 5 0 11 69507 1.0242471659542165
7 6 16 13 44804 1.0339543896183838
19 0 0 23 95058 0.977830746541567
4 6 9 19 43801 0.9523071717907582
1 18 8 8 40769 0.9323874434960209
13 5 0 15 51567 1.069954941006475
17 28 10 18 49167 1.0089868110785178
7 27 27 8 89141 0.9417646345260603
24 18 21 28 35687 0.9851944194688487
9 9 4 28 52934 0.9416672422117365
20 20 5 2 74643 1.0842715135882002
22 24 29 9 50361 1.050997105722749
20 15 2 22 66507 1.0557337040870194
15 20 1 29 54766 1.062462659682445
20 14 19 4 25062 1.0426537177749629
9 0 12 26 84533 0.9810014991697075
21 4 7 18 67483 0.9590231933004705
7 9 18 25 73199 0.9945589121456438
4 2 27 6 64185 1.0123399858848932
24 6 15 0 33837 0.9672002601612192
18 12 20 23 34939 1.055713104670508
18 20 14 6 49521 0.9179863072141361
22 19 29 14 28304 1.0948779966656388
8 10 14 21 50229 0.9660963310407079
27 22 6 11 78133 0.956870973538923
6 29 28 20 69671 1.090121845337287
2 2 4 29 79143 1.090866676984128
23 26 5 17 66470 0.975801158261683
25 5 9 10 51318 0.9893295421106305
28 16 14 8 53012 1.0786018450966919
2 13 8 23 41361 1.0851106803441175
12 26 28 24 62150 0.9967854944633194
18 9 29 2 41453 0.9551730442468072
1 28 8 19 39054 1.0532762167173206
23 27 3 22 66945 0.9249252001917183
4 25 22 7 82413 1.0906836761313397
21 25 26 9 56075 1.0109361453065189
4 24 3 3 60420 1.0839193164697671
28 29 15 29 29989 0.9432754011486733
2 10 11 13 40660 1.0035501517246392
4 19 29 2 95757 1.051226522699404
4 13 17 27 64176 1.042115941508138
19 10 27 18 35624 0.9977679832514644
14 25 22 6 73731 1.0522551722668148
17 4 1 3 40369 0.9707835221806307
11 22 3 6 59975 1.0024181317861858
0 16 17 0 74488 1.0161234364887148
20 29 7 8 78841 1.030724055937273
26 28 29 10 54731 0.9135490608014687
0 16 11 3 54077 1.0152584695100502
14 27 5 21 38561 1.0846311269123359
27 27 15 7 80356 0.9185723504942421
0 2 21 23 99975 1.0631795476777366
16 8 14 26 78990 1.085131326269699
21 11 0 21 80998 1.0065406301794528
7 22 27 7 83350 0.9265980853327331
27 26 8 23 75997 1.0093118955590064
14 12 18 27 69483 1.0658238728594553
0 17 3 24 36308 0.9664919661387816
8 21 18 24 48178 1.0060174013938656
1 3 29 3 67919 0.9674668117052705
13 6 7 18 44534 0.9799527657463183
25 27 19 14 46376 0.9550752868412501
9 29 11 12 59495 1.020739175332558
0 19 20 19 51341 1.0472643681597855
20 28 29 2 81494 0.9092271047225391
24 6 15 3 26889 1.0849310076787855
29 1 2 23 116198 1.010252244554862
18 26 6 20 50879 0.9313406042241783
9 12 15 29 68862 0.9857202983814862
13 20 26 3 70983 1.018744215888773
1 4 19 27 98218 1.0010469360244085
0 9 13 15 51377 0.9788899192642155
5 7 26 23 89893 1.077673521595545
19 15 10 17 32465 1.0550994503486422
5 24 6 3 51007 0.959114601057495
3 5 28 23 95448 0.9726557685262155
29 27 9 0 109387 0.9235323999364324
28 16 19 12 36458 0.9230752192152009
15 10 13 19 50115 1.0978607197739136
3 28 28 27 64486 0.9179952597684412
11 22 18 6 64148 1.0051793406677367
24 20 16 24 36447 0.9909415747849439
24 13 16 26 56614 0.9999342379270002
12 11 0 10 44787 0.9625293755387319
27 18 1 6 84898 1.0236670381009265
15 20 5 28 46060 0.9355403504776078
18 5 6 1 36275 1.0571376701801738
25 14 25 1 42283 0.9979154932527395
6 17 11 2 45121 1.0928630676514446
21 2 29 14 49459 1.0116581610429642
21 19 12 12 47850 1.028704486753654
4 18 22 9 59146 1.0719004738513607
23 26 1 15 79368 0.9661505638446853
24 25 19 3 62318 0.9777039506514703
3 14 2 24 42354 0.9698109629246147
2 0 2 28 86110 0.9683034166134554
19 29 14 9 61787 0.935351973978879
27 19 7 12 69494 1.0573266155796113
7 28 9 7 57262 0.9413749632216323
21 25 12 9 59115 0.9101030901967366
10 7 20 23 60777 1.0636884007248242
15 24 5 27 45192 0.9176794965255107
10 15 7 24 28660 0.9079873409165339
13 13 21 21 45011 1.031946833065891
20 25 6 8 70652 1.0510350991682875
12 12 4 27 61805 1.0370755297491354
15 0 29 22 81264 1.0115613177159508
29 11 12 28 87018 1.0813779754176178
1 20 24 15 73522 0.9695230834670274
25 29 3 17 75614 1.008704286119923
16 25 4 11 74857 1.0564866088464888
9 26 8 8 55657 0.9941264639034599
3 18 5 8 34467 1.0558870612406954
24 0 11 11 59130 0.9355871746001309
22 27 19 1 70877 1.066960848687012
20 7 0 0 60782 1.0277408687638203
21 24 29 22 32484 0.9749182201860043
4 23 17 26 45092 0.9747843699759549
17 12 8 26 69278 0.9976873249254998
25 3 15 0 27279 1.0542669312739115
0 11 16 29 81663 0.9304887501304756
23 14 19 29 45239 1.0832709744412516
15 16 13 5 56896 1.0963093058467543
15 9 21 20 39847 0.9476030747302442
23 21 15 14 40073 0.968773367671525
3 21 28 15 72356 0.9167334040924787
22 15 0 17 61355 0.9118004102048943
9 27 23 9 80529 0.971846907941126
12 4 24 8 43102 1.0311410451842926
1 10 20 26 86008 1.0303998279652862
23 11 20 26 45132 1.0677413863274643
28 16 13 4 63269 1.0821497670679916
25 25 12 23 58322 1.0210904593474055
5 4 22 17 65866 1.0741955664765168
17 0 4 29 95518 1.000475981935893
20 15 20 27 28425 1.0911243168562943
21 4 4 29 97845 0.998021190523218
26 21 11 25 60367 1.0397315678554815
18 3 14 25 79516 0.9307423005598187
21 27 10 13 59570 1.093101614786442
24 24 20 9 42101 1.046239701863521
0 0 15 21 91286 1.0679788036246962
20 26 2 14 69507 1.076345847492928
25 20 5 29 66107 1.0682789572124067
10 0 9 12 41350 1.074204762128902
0 19 2 9 47159 1.0467865376581031
9 27 16 10 70087 0.9110906197048991
14 29 13 19 48165 1.0530746369716921
16 24 3 23 55538 0.9550965902272679
25 2 17 9 33824 1.0846112952977078
17 16 2 7 72227 1.0780403724826668
4 23 28 22 72693 1.0304377934630273
1 19 25 27 83619 0.9373717565916513
11 7 26 20 71876 0.9603649519407796
12 5 5 29 72300 0.9324586847510259
19 16 29 28 54958 0.9745689335066299
13 19 25 6 58360 0.9709095435438883
28 7 11 0 65979 0.9793068202289373
25 2 6 1 48565 1.0129653163946197
6 13 17 6 41047 0.9592276942913971
29 29 20 5 73665 0.9618684226000557
10 22 12 12 53468 0.9185132911259036
20 1 14 21 67955 1.0404115529057052
25 0 19 7 33179 1.0893510489925544
21 17 7 4 60944 0.933880981279939
18 17 14 3 49037 0.9507783453261066
10 22 17 25 42285 1.065129239749234
20 8 8 4 34873 1.0840580515162996
27 2 4 9 70135 1.0503422435210679
27 3 18 7 30472 0.9229711412542065
21 25 28 22 30685 1.090560289687831
13 2 27 21 82363 1.0138089077358305
28 27 4 2 109885 1.032829590476891
13 29 9 3 79557 1.0545107320753215
13 18 26 14 38018 1.0839565646869165
1 25 21 28 64077 1.0069104483281353
17 7 14 28 80550 1.0143074663209892
19 29 22 13 44904 1.0110939897269677
9 28 21 13 72915 1.0917197522260889
6 15 21 11 44446 0.9845386052108688
