5936 5772 5969 5995 5716 5782 5929 6024 5672 5723 5776 5845 6021 5775 5711 6029 5734 6012 5697 5976 5757 5819 5683 5916 5931 5825 5868 5698 5763
7462 7298 7322 7320 7349 7507 7296 7458 7567 7502 7379 7256 7384 7290 7250 7543 7349 7572 7477 7264 7562 7373 7411 7437 7263 7368 7397 7596 7514
1546 1492 1822 1766 1575 1743 1760 1624 1605 1755 1723 1643 1644 1837 1603 1841 1763 1689 1508 1678 1501 1725 1573 1498 1633 1746 1764 1733 1489
3568 3626 3521 3523 3658 3664 3417 3590 3667 3730 3615 3500 3496 3405 3462 3468 3489 3438 3660 3742 3477 3518 3760 3588 3541 3650 3532 3580 3748
2457 2590 2431 2493 2547 2362 2336 2396 2541 2510 2606 2523 2464 2483 2400 2634 2433 2502 2394 2476 2547 2278 2569 2473 2335 2292 2377 2510 2279
4611 4633 4718 4860 4750 4809 4621 4820 4611 4749 4718 4613 4603 4662 4942 4766 4836 4707 4828 4804 4630 4862 4897 4635 4730 4922 4677 4669 4924
2729 2416 2492 2531 2713 2660 2718 2720 2719 2539 2772 2524 2759 2416 2724 2471 2771 2583 2689 2539 2423 2625 2734 2419 2626 2688 2760 2712 2500
4518 4735 4433 4649 4695 4663 4394 4451 4434 4548 4597 4461 4538 4614 4604 4718 4453 4556 4481 4408 4531 4702 4664 4737 4410 4520 4650 4566 4553
6334 6331 6526 6476 6298 6612 6613 6475 6449 6488 6626 6605 6402 6322 6484 6390 6604 6598 6540 6600 6392 6608 6431 6551 6302 6459 6493 6551 6542
8502 8388 8404 8351 8356 8413 8397 8395 8533 8378 8335 8599 8366 8474 8464 8459 8475 8426 8648 8642 8571 8429 8615 8561 8393 8652 8543 8429 8396
5057 4843 4973 4901 4890 5086 5161 4968 4881 5165 4878 4988 5168 4972 4964 5124 5134 4848 5194 4976 5011 5006 4960 5076 4976 4901 5054 5164 5095
3897 3994 4141 3963 3987 3888 4023 4221 3874 4058 4182 3953 4007 4176 4144 4045 4182 4081 3950 4095 4076 3959 4046 3962 3961 4023 4002 3917 4038
3097 3144 3043 3237 3134 3185 2932 3010 3237 3150 3094 3186 3014 3198 2920 3070 3259 3037 3003 3132 3210 3040 3211 2976 2942 3178 3217 2971 3259
1938 1829 1821 1877 1909 1948 2025 1815 2020 2146 1869 1983 2143 2008 2129 1950 1796 1972 1993 1935 2034 1889 1925 2027 2116 1905 1865 2008 1839
6379 6248 6296 6465 6462 6287 6480 6229 6360 6189 6536 6229 6436 6451 6446 6474 6433 6255 6335 6508 6473 6363 6413 6342 6484 6267 6258 6205 6224
4603 4649 4671 4716 4499 4685 4639 4547 4742 4727 4461 4474 4554 4548 4528 4713 4469 4707 4549 4431 4492 4439 4520 4562 4477 4478 4600 4699 4634
4041 4237 4307 4227 4279 4270 4165 4016 4160 4315 3985 4243 4315 4096 4215 4097 4321 4199 3973 4040 4116 4134 4006 4209 4187 4129 4128 4300 4313
5852 5885 5790 6011 5954 6016 5910 5827 5886 6067 5926 6034 5873 5968 5920 5902 5738 6065 5893 5805 5812 6064 6011 5894 5748 5902 5806 5757 6047
8488 8440 8360 8553 8603 8482 8465 8523 8635 8397 8613 8495 8625 8614 8703 8707 8702 8716 8420 8565 8588 8368 8361 8438 8447 8434 8661 8602 8420
4965 5019 5109 5094 4997 5150 5003 5241 5007 5197 4927 5222 5247 4969 5108 5236 5269 4914 4994 5093 5221 5265 5097 5263 4995 4938 5239 5064 5248
8582 8534 8325 8606 8427 8301 8301 8566 8530 8545 8296 8549 8555 8440 8562 8626 8411 8301 8294 8535 8371 8575 8623 8315 8319 8653 8610 8446 8579
4283 4254 4024 4027 4236 4073 4165 4206 4133 4097 3985 4091 4119 4064 4047 3998 4035 3988 4170 4150 3978 4145 4327 4220 4295 4154 4166 4181 4170
3867 3627 3734 3804 3675 3574 3795 3630 3571 3652 3581 3686 3627 3673 3878 3751 3572 3523 3535 3542 3872 3781 3526 3875 3619 3675 3611 3703 3752
2434 2432 2605 2306 2339 2315 2388 2543 2278 2312 2452 2382 2559 2587 2609 2547 2481 2341 2542 2307 2512 2295 2295 2428 2503 2404 2265 2275 2501
7132 7083 7135 6846 6808 7121 7057 7064 6908 7158 7043 6835 7002 7025 6977 7039 7016 6872 7163 7114 6959 7096 6892 7145 6820 6825 7127 6808 6978
3851 3702 3824 3855 3876 3622 3614 3765 3712 3796 3722 3794 3720 3644 3757 3555 3576 3870 3720 3686 3645 3786 3650 3736 3797 3666 3861 3787 3755
5474 5667 5666 5695 5478 5770 5642 5514 5537 5560 5578 5633 5696 5773 5610 5710 5428 5727 5473 5630 5577 5630 5674 5642 5542 5553 5768 5572 5518
6415 6226 6332 6200 6308 6270 6349 6261 6266 6297 6501 6451 6197 6252 6346 6433 6462 6493 6531 6309 6224 6529 6429 6529 6217 6333 6227 6227 6380
3587 3510 3647 3563 3701 3541 3542 3545 3834 3714 3782 3509 3799 3552 3632 3786 3676 3708 3731 3749 3697 3566 3704 3794 3847 3726 3536 3633 3652
1299 1577 1287 1289 1460 1498 1388 1552 1242 1319 1378 1509 1359 1561 1352 1318 1266 1293 1554 1574 1282 1478 1292 1516 1395 1469 1533 1291 1548
2213 3885 7876 5041 4121 4431 4855 8736 1201 3300 6562 1321 5712 3351 7173 6925 2801 3632 8767 8604 5915 7434 1630 3223 6600 4029 7562 1629 2588 2557
2300 3689 7865 4918 4173 4437 4751 8453 1083 3096 6367 1660 5619 3470 7255 6969 2460 3570 8652 8662 5956 7198 1427 3459 6805 4123 7680 1452 2576 2409
2116 3813 7782 4898 4090 4169 4859 8708 1091 3223 6526 1529 5617 3505 7395 7169 2559 3760 8686 8626 5966 7288 1446 3383 6698 3865 7596 1443 2399 2609
2437 3857 7896 5039 4108 4360 4700 8520 1391 3302 6452 1646 5585 3241 7411 7080 2524 3753 8576 8735 5645 7453 1647 3365 6693 4127 7866 1615 2537 2312
2275 3646 7904 5052 3904 4398 4811 8539 1148 3335 6630 1642 5410 3395 7302 6951 2658 3819 8536 8820 5938 7483 1445 3224 6718 3996 7923 1486 2483 2538
2109 3558 7953 4948 4122 4357 4967 8443 1215 3115 6528 1398 5488 3211 7382 7056 2727 3818 8600 8487 5920 7185 1549 3289 6822 3929 7762 1703 2354 2383
2123 3908 7916 5175 4062 4245 4974 8581 1147 3152 6698 1343 5459 3572 7266 7037 2819 3500 8720 8746 5712 7186 1633 3414 6526 4214 7655 1649 2572 2450
2406 3590 7736 4863 4250 4201 4818 8381 1297 3100 6703 1566 5606 3249 7374 6842 2784 3833 8526 8631 5865 7268 1760 3308 6736 3973 7763 1708 2381 2400
2284 3852 7980 5183 4234 4237 4838 8659 1372 3359 6419 1370 5727 3550 7389 6890 2714 3833 8676 8608 5844 7471 1674 3309 6668 4042 7619 1482 2488 2307
2173 3579 8020 5040 4073 4180 4800 8650 1057 3189 6568 1354 5648 3434 7138 6855 2526 3805 8707 8594 5827 7445 1464 3210 6727 4171 7858 1474 2395 2425
2240 3581 7885 5151 3997 4166 4684 8611 1062 3114 6530 1407 5423 3363 7164 7023 2703 3726 8494 8659 5843 7313 1452 3568 6598 4168 7774 1697 2644 2660
2168 3660 7935 4981 4027 4386 4777 8525 1076 3229 6635 1361 5448 3366 7276 7067 2709 3809 8565 8561 5930 7192 1656 3453 6762 4080 7764 1799 2391 2591
2311 3765 8003 5182 4052 4356 5018 8704 1246 3133 6716 1494 5418 3437 7472 6990 2767 3703 8601 8696 5673 7336 1589 3337 6860 3934 7908 1533 2542 2554
2180 3657 7666 4989 4245 4238 4826 8488 1197 3264 6587 1460 5700 3572 7167 7135 2571 3708 8634 8479 5718 7435 1573 3410 6560 3985 7778 1525 2678 2554
2446 3687 7952 5054 4260 4444 4811 8586 1274 3090 6424 1569 5518 3268 7437 6929 2681 3770 8620 8477 5662 7255 1735 3375 6740 3861 7587 1535 2391 2399
2175 3558 7913 5073 4215 4451 4679 8551 1343 3144 6440 1330 5721 3251 7250 6971 2526 3599 8741 8791 5956 7324 1603 3342 6840 4099 7722 1768 2419 2663
2247 3655 7830 5101 4065 4215 4729 8445 1099 3190 6383 1339 5571 3350 7479 7066 2508 3659 8520 8662 5893 7255 1581 3288 6730 4138 7721 1719 2495 2350
2168 3659 7888 4906 3929 4256 4701 8466 1415 3256 6659 1339 5704 3219 7355 6916 2805 3704 8776 8487 5733 7451 1745 3368 6693 3880 7914 1532 2669 2571
2292 3770 7709 5176 4230 4231 4687 8417 1154 3173 6662 1601 5640 3260 7483 7129 2679 3778 8480 8579 5725 7249 1627 3559 6688 4213 7733 1767 2419 2665
2169 3561 7965 5068 4177 4416 4699 8736 1406 3093 6696 1338 5523 3275 7328 7076 2708 3707 8736 8797 5748 7445 1692 3346 6854 3955 7830 1678 2391 2666
2355 3677 7849 5165 3927 4407 4741 8409 1375 3186 6378 1391 5471 3297 7216 6993 2705 3759 8569 8798 5966 7369 1772 3332 6597 4069 7692 1770 2613 2446
2265 3786 7757 5136 3988 4429 4996 8651 1245 3208 6673 1442 5467 3507 7173 6933 2520 3785 8723 8721 5971 7176 1581 3238 6622 3935 7738 1722 2555 2395
2350 3846 7728 4905 4072 4156 4739 8566 1128 3083 6406 1613 5407 3286 7331 6996 2539 3590 8537 8701 5643 7179 1549 3401 6825 4095 7909 1613 2677 2653
2238 3619 7769 4844 4266 4214 4715 8539 1331 3236 6720 1325 5728 3363 7186 7096 2507 3538 8609 8736 5996 7249 1498 3369 6523 3981 7709 1678 2462 2643
2149 3583 7918 5073 4232 4198 4845 8382 1188 3072 6649 1392 5681 3222 7486 7042 2681 3477 8772 8517 5758 7331 1490 3219 6819 4154 7772 1724 2587 2435
2251 3868 7972 5001 4241 4257 4713 8599 1077 3063 6486 1547 5454 3311 7220 6830 2732 3679 8773 8556 5742 7302 1680 3396 6807 3939 7576 1686 2372 2515
2391 3669 7969 4877 4118 4394 4836 8417 1116 3389 6523 1341 5498 3261 7390 7070 2684 3683 8718 8623 5777 7242 1612 3464 6753 3978 7799 1506 2553 2641
2120 3592 7912 4956 4110 4166 4707 8431 1135 3355 6545 1510 5639 3453 7164 6996 2626 3591 8632 8747 5956 7299 1445 3356 6871 4062 7917 1717 2533 2572
2095 3707 7888 4954 4111 4423 4713 8560 1093 3291 6384 1382 5635 3281 7453 7062 2764 3595 8763 8616 5920 7349 1518 3213 6859 3987 7600 1792 2375 2458
26 6 0 14 61315 1.0224187335010693
2 27 14 21 33465 1.0210055942928011
24 29 8 14 71798 1.0934595670810738
21 9 6 25 60288 1.0573766451792357
4 7 16 0 34979 0.9933157901873368
20 5 2 1 51998 0.9360450317443004
8 17 19 16 35793 1.0518855365381847
16 3 27 27 66918 0.9228677754767668
0 24 19 11 57351 1.060290390110886
24 28 26 16 36801 0.9414623367907046
25 2 2 21 72603 0.9160359333719629
23 29 29 17 29265 1.0809923741537297
9 1 1 24 67836 0.9190485764809184
15 14 2 16 40192 0.9697831963346937
1 12 19 0 54117 0.9842904475215754
15 15 18 27 39501 1.071255070524706
10 22 29 24 33206 1.0908941590402972
15 22 12 15 20764 1.0699055615360544
7 9 13 18 31560 0.9621678722725338
29 9 14 7 25850 0.9140937131323561
19 16 29 19 30579 1.0224603721088548
1 29 23 3 74989 0.9617905880029908
23 7 10 1 39409 1.0760666138194694
9 23 0 12 46110 0.9388740371484208
7 24 15 3 66480 0.9471737029081129
27 26 1 6 77239 0.9107292568665157
15 4 8 11 29223 1.0612910695451183
27 27 26 3 52173 0.9711826462429899
3 22 16 29 37170 0.9820834807986962
10 23 19 12 45349 1.0387716615480742
12 18 20 2 67627 0.9050838381450647
2 25 0 1 47575 1.0878328056863527
26 21 2 13 59216 1.0538420312804533
25 12 25 23 35025 1.09615616159748
20 11 10 11 14238 0.9917931602836725
12 4 25 25 68248 1.0151194557465097
10 22 10 11 30791 0.966666273580399
14 27 12 1 56219 0.992792303695408
18 24 2 12 58115 1.0403857402845658
17 24 27 18 51974 0.9343705568387513
28 2 25 26 53040 0.988604835646067
26 17 28 9 25222 1.061120149308548
9 27 19 21 31470 1.0157554628365475
26 20 13 27 42171 0.98886378721956
18 28 28 13 47533 1.0791740515482076
3 2 14 9 35273 0.9153669026160322
29 24 2 19 50728 0.923037385360011
20 1 4 25 84283 1.035261528932236
12 4 6 27 60796 0.9281273363350986
26 9 20 20 53233 0.9490348838351851
2 27 10 14 49477 0.9456756667450218
7 27 19 15 52156 1.0158538624609312
8 2 5 10 40481 0.9184712963363705
2 15 26 14 56574 0.9859443465560257
19 26 9 11 52371 1.0298893265120532
0 12 26 28 79251 1.046625265977789
28 26 21 20 32412 0.9781258754901252
12 9 0 11 23157 1.0486803670220979
9 18 10 28 52669 1.0528304624912894
27 24 29 16 22837 1.0788773357800325
5 28 9 1 74225 0.9326206492277991
7 6 16 0 37918 1.0808207683447055
1 29 15 22 34468 1.035863143730169
1 15 28 14 62203 0.9703842250528655
11 5 28 27 62512 1.0805987400162211
9 16 23 4 49174 0.9411674583139702
27 3 18 14 57660 0.935748679330474
11 20 5 15 37347 1.0913860830634192
6 8 24 29 69983 0.9744827358562065
24 2 8 19 84310 0.9410648154520723
1 19 27 15 76852 1.0494354098987477
0 2 3 16 40606 1.0847472370896627
29 6 5 15 55925 1.0892115600211478
3 28 5 7 44311 1.099477517106782
24 7 7 12 40079 1.0166707888944724
24 3 0 8 44757 0.9619087996406838
18 28 24 18 44426 1.0278113935881634
4 1 19 4 54955 0.9825681256260412
26 26 9 10 70404 1.030753655577528
8 27 10 2 74763 1.0399603735980465
20 15 1 13 57548 0.9579467623641659
28 29 27 5 45014 1.0449861998277985
11 26 21 23 34827 0.9282617527221171
21 24 9 9 60387 1.0762397636460483
2 6 19 1 50121 0.9389085647469906
17 27 19 15 49010 1.0420823719350052
27 12 14 11 25018 0.959435746555756
20 28 9 4 78852 1.0434953138135046
19 29 0 2 92763 0.9511749047052601
0 29 28 9 75336 0.9355874948772351
27 6 9 17 63045 1.0872045709329687
14 13 9 7 26569 1.0171778113577514
13 10 9 26 48585 1.0684431369354426
28 7 7 1 52443 0.9613971352332221
20 22 17 4 63905 0.9417584558667333
1 2 17 21 71541 0.9862145745750555
0 17 24 24 60322 0.9697453135887507
20 3 15 25 77916 0.9212005967695374
2 8 3 24 32059 0.9283676946751188
7 13 24 5 47682 1.0289001106033053
14 22 15 7 36458 1.0088606343587743
17 29 1 2 81286 0.9547089079726816
13 17 8 24 30640 0.948318585296196
23 1 18 20 73121 0.9822001169315228
12 8 2 16 25507 0.929767753569158
19 3 21 14 52755 1.0436128823834057
3 27 0 15 30811 0.9432119776550937
16 13 3 11 27498 0.9027256586519832
9 20 26 17 59690 0.9963740986596343
17 13 6 20 47423 1.0578177701938007
19 6 20 20 62375 0.9490108185053124
27 14 15 29 65874 0.9096371813072829
0 7 18 21 65743 1.0681862722137372
21 14 10 22 45544 1.0323147644547803
3 20 11 17 38563 1.0500194376076215
12 4 7 22 49211 0.9545740125817817
1 23 13 12 41557 1.0570101507892233
8 23 15 18 35485 0.9928528358735519
0 8 18 21 59719 0.9540735349330697
28 14 14 14 45698 1.0017518401176768
20 2 22 26 82502 0.9670624383081787
15 18 23 5 50111 1.0259575756955743
8 19 0 21 37956 0.9032031472702516
17 8 17 25 54231 0.9249341357184713
28 26 9 16 59941 1.0446034736430365
11 16 2 0 48154 0.973787871014494
27 2 9 8 47446 1.0290437215951445
12 29 21 6 62740 1.078092376202956
17 19 9 1 71773 1.090982533424547
11 28 17 11 44263 1.0086478767542904
29 24 8 13 61266 0.9049205829290367
14 29 26 14 66415 0.961215714372924
27 11 4 9 38078 1.092638104441054
18 2 29 4 45010 1.0499105142343068
7 26 21 21 41654 0.9316904961590108
13 15 21 9 27712 0.9772062927978379
21 29 28 16 38343 1.0373214600937013
23 22 10 12 47540 1.0147095615743857
16 28 6 21 32819 1.0006160286090693
4 11 27 8 35625 1.030925766307544
23 7 16 20 55738 0.9480142993761014
16 18 23 27 39705 0.9487045189118144
6 0 22 28 85660 0.9920604346001234
13 29 6 4 60620 1.0611710327816515
5 15 4 28 36153 0.9765286614475581
17 18 7 6 54026 0.9862123376739149
23 0 25 24 57720 1.0315966292685843
11 5 29 19 49181 1.033151527901791
22 6 4 15 47080 1.023319912175059
0 15 15 17 50054 1.0990878975863718
6 9 26 18 59452 0.9009276282272961
23 0 0 8 47384 0.9034318817449875
7 12 8 1 39582 1.0167839367682487
18 14 14 8 35332 1.0287050303183314
13 27 1 6 57453 0.9707004146052672
3 3 16 10 38757 0.9846098531569109
8 6 28 23 62467 0.9803335880692944
16 27 4 22 28888 0.9906405236156913
0 6 27 17 65158 0.9554368038488649
13 14 25 16 35509 0.9315502778011538
10 4 19 9 32262 1.0169200205484872
11 20 22 12 46007 1.0178161444884433
13 29 15 1 62120 1.061456001429483
22 3 17 12 38596 1.0912976967340349
15 19 24 24 37758 0.9937773069125053
13 1 23 13 37843 1.0569227589698165
28 0 13 3 39384 0.9473284665072619
8 0 0 16 45706 1.0780288773850077
29 22 19 0 53218 0.9951249076796662
5 19 13 1 58172 0.9652369778963408
14 4 17 13 34244 0.9215747153856829
14 7 24 14 39424 0.935010225112066
4 23 19 10 52188 0.930663878724563
19 25 15 14 51331 0.953968481241412
7 3 22 3 56206 0.9448300499143953
28 18 0 3 70712 0.9202424786462088
5 11 7 24 40221 1.0286798726048
17 16 0 12 45435 0.9030756776500737
19 1 14 27 72865 1.0805560377259178
21 4 19 21 63708 1.0791793180734741
11 14 18 27 43201 1.0187623716119183
8 19 14 25 37488 0.9210501043090192
6 10 20 13 35049 1.076823990035087
12 15 5 2 50981 0.9087604204716265
7 24 15 29 32073 0.9242396282482359
20 18 18 4 70655 1.0585497150664331
21 28 19 13 54988 1.0496956328954106
9 0 24 25 79586 0.985171089181021
0 14 20 24 70802 1.0229194549304412
15 5 9 1 30703 0.9747357379094229
22 3 19 27 67312 0.9287901680793524
5 1 26 21 79331 1.001600205747251
14 4 22 11 30786 1.0222655241238754
27 13 28 2 29329 1.0418674663710805
28 10 11 26 61981 1.0470902512562588
21 15 25 28 42619 1.0860892088663172
13 26 4 1 63615 1.0369435486588217
3 24 25 13 67739 1.0437080122773628
11 10 19 1 43889 0.9458966219533798
8 1 12 13 45259 1.0649809692593886
10 17 29 17 53943 0.9237222594768781
8 13 29 0 56954 0.956752821732121
6 2 8 22 53674 1.0026898854528334
28 21 18 27 30942 1.0672156294486432
18 3 1 21 76741 0.959712578712076
16 14 26 23 51288 0.9144453031829192
26 0 10 9 45797 1.0365273069755159
13 26 11 5 50294 1.0986683837325208
0 6 29 29 75197 1.0876758203398205
16 24 2 2 64246 1.014862845548854
21 24 3 16 51613 1.0178355012034275
19 5 8 28 75003 1.048191459939173
16 1 1 26 74873 0.9397188494194142
14 0 7 20 62460 1.0453540801251517
6 24 28 7 66205 0.9036731338678579
21 8 4 2 35448 1.05113559049044
29 7 4 0 51360 0.955105202777857
6 7 24 11 31980 0.906713564211128
25 11 12 7 26651 0.9753718578166808
7 1 29 20 66716 1.0413305800712542
19 26 6 9 61961 0.9877588806383443
22 3 18 25 77162 0.904572090145316
25 21 2 28 50494 0.9965564437685531
8 29 14 14 49087 1.0975863708770566
8 9 28 4 41847 1.0967362538746015
6 3 8 27 59520 1.029296088534422
5 11 28 5 45765 1.051108124520772
28 23 5 5 64278 1.0742866526072568
25 28 6 17 57743 0.9007520512885616
10 25 24 22 36206 0.923837480889318
28 2 3 0 63419 0.9496983432548373
20 4 2 9 45577 1.0634920513998403
17 16 3 23 41534 0.9520264623423356
17 3 23 29 83389 0.9413450496648251
0 11 7 2 35859 0.9322083897781808
23 13 16 26 50045 0.9286130789683615
29 16 13 7 32429 0.9811539759377899
20 5 22 26 68181 0.9547294664535324
17 8 12 1 21902 0.90895856710613
12 9 8 26 53296 0.9509158235608264
9 16 21 28 49637 0.9747865117760675
23 28 3 3 81588 0.976013302516347
16 11 9 4 34240 0.9836503123214166
17 4 6 2 45100 0.9511239391275851
11 11 0 15 33113 1.0100073101393174
13 23 23 18 28039 0.9976659660602689
15 0 10 24 62388 0.9771582556559082
3 25 2 12 25358 1.0528907693877463
27 19 3 23 61429 0.9918639961922635
19 27 9 6 65864 1.0928445146998498
24 2 3 24 80062 0.9727123067182518
16 16 4 14 37219 0.9642991976229763
3 8 29 26 56744 0.9819139344215203
14 21 19 6 51139 0.9182050159996759
27 11 18 15 39064 1.026927654714763
6 22 6 11 28524 1.0550822561952866
0 0 5 11 27741 1.0030409145012704
10 3 10 25 70791 0.9545810635257077
6 11 14 29 47966 1.0114856015824263
5 28 14 5 62908 1.0343300313764712
1 5 21 25 76564 1.0662193467034489
5 23 5 8 36031 0.9544718588371814
27 15 25 0 43068 1.0116063428399178
18 27 11 8 48106 1.067594992542335
25 22 6 8 53573 0.9830341273053002
20 25 0 25 53229 1.0496944053305737
8 5 1 17 40373 0.9977992656597675
17 22 3 28 35908 0.9696656209399165
4 10 22 14 39336 0.975920373806003
20 26 0 20 60570 1.0530177475928022
26 6 1 13 52189 0.9851586040368019
29 1 8 16 59294 0.9779976005987394
11 29 28 20 50276 0.9737883458872794
12 19 1 4 51764 0.9400372066120732
25 11 15 12 18584 1.0633830707170773
11 25 25 15 53761 1.0266388184195916
23 9 8 10 32798 1.001665703735994
18 28 22 1 78773 1.0897898010915352
8 10 17 5 39230 1.070780548843864
22 14 22 0 40654 1.0782426039959272
10 4 27 27 69548 0.9282754397972947
3 9 4 29 41194 1.0465120463491884
18 10 3 2 51674 1.028032975586556
17 16 25 23 37072 1.0728155953777332
3 0 6 27 53420 0.9405485455500591
23 26 5 13 63768 0.975537384752157
22 22 7 19 38145 0.9786037049446922
7 5 15 26 65965 0.9598380291055478
17 25 1 3 75667 0.9820082166205985
4 24 9 29 22562 0.9963712813777786
19 9 29 12 22549 0.9579275886232016
9 3 2 29 68359 0.9562094332139843
2 26 26 19 61728 1.0577943160487493
2 23 17 19 43061 0.9290896739091219
24 29 11 15 55026 1.0922256418691325
6 17 27 4 65290 0.9578577109454426
27 26 14 0 73344 1.0984230148007037
8 28 29 2 76318 1.025060987324311
22 19 4 0 75723 0.934797614161677
23 0 29 21 42601 1.008861742664282
22 19 1 2 76748 1.0398282129541883
27 2 17 22 62123 1.0896628394472507
5 24 2 2 47326 0.9169660488610587
14 18 22 2 61173 1.0356040213486866
28 10 19 17 39322 1.0588623473091148
9 9 23 8 24090 0.9219970076478979
24 26 29 10 39681 0.9665043048716563
3 7 17 17 47607 0.9035592920335277
13 26 2 17 33389 1.0323770964270516
11 11 1 21 37160 0.9070608824115505
2 10 20 17 52792 1.0024451532038972
12 9 26 26 61532 0.9445142127604301
20 6 11 19 56012 0.9095522664478447
23 25 14 1 68432 1.0557485452889255
27 11 18 13 25118 0.9454074018467432
0 6 28 8 44575 0.9650551033483442
10 29 18 17 49753 0.9933216814257082
15 18 12 2 48028 1.0623899392940985
12 0 27 22 59497 0.9690017012213805
26 0 1 27 83815 1.0544882241781188
24 15 12 10 36243 0.9825124877739242
11 8 6 24 45535 1.030105983630945
9 15 7 7 43298 0.9687969698509794
3 1 5 20 50072 1.0561942636999584
2 0 2 12 20054 0.9658873153798562
26 10 19 22 41194 1.0165414773807369
25 17 5 29 64245 1.0262212687365875
22 1 13 7 35225 1.0617227845874047
14 4 16 18 44488 1.0445246280407352
3 3 19 23 69157 0.9955883576892389
5 3 17 18 64618 0.9881710927904008
11 13 10 4 36623 0.9404820618653736
13 29 23 12 52321 1.0087095080343271
16 15 1 9 43912 1.0420114076901859
24 15 16 2 58361 1.0885624617741092
4 24 3 14 27488 0.9469943193224399
14 6 5 8 18138 0.9588089995587843
5 12 21 8 32204 1.0705892612668921
24 14 29 2 35624 1.0094087739019235
26 16 0 15 70994 1.0762586321700522
8 17 26 29 67535 1.0413781570818368
20 14 10 19 56518 1.0940741431377425
14 28 0 24 39868 0.9251323056765058
8 12 24 14 42727 1.033229666282223
14 23 22 4 59384 0.9361235167707649
11 4 2 10 30259 1.0957564370572614
14 20 0 17 42259 0.9419381490823125
0 19 19 7 60150 1.0700897033498928
3 12 16 14 35094 1.0155285004660737
2 0 11 5 36240 0.9340073166132691
14 4 0 22 51616 1.05856358968015
23 16 10 5 50961 1.0967035335353637
14 8 7 5 21797 0.9367069239498118
5 18 22 0 74468 1.0652557847874506
11 19 24 8 47554 0.9777752571184178
24 27 6 20 44421 1.0886389009463728
2 15 14 13 30535 0.9497976495349685
4 6 28 1 48686 1.0928455977363614
9 19 25 19 58847 0.9170834563023325
19 21 1 3 69345 1.0522049426340694
8 4 22 23 73682 1.0994043510416154
17 21 20 3 76558 0.928222375961734
7 28 27 15 68466 1.021792662210967
16 18 17 6 49196 1.0614101003940306
11 0 20 13 48058 1.0487354006780172
21 8 19 29 61042 1.0745457273972512
1 20 16 4 59764 0.9283871533310758
26 4 23 29 59806 0.9856039969242509
2 4 0 19 41027 1.0061713639791907
19 27 0 14 62514 0.9204419066359332
14 3 22 24 64740 0.9161646758287479
2 3 19 29 76835 1.015248439424658
11 29 29 24 40121 1.0331053519508222
1 8 21 19 63799 0.9845776691337724
21 26 25 15 42617 0.9186067053667147
27 28 19 7 50224 0.9035356332818246
21 24 10 21 31578 0.9638214827723195
0 27 24 22 46566 0.9151930012464432
25 20 21 5 54583 0.986969972805653
17 28 4 15 52947 1.0277227415486452
3 29 19 26 36717 0.9123678769551647
3 19 18 28 50736 0.9340069866796815
15 25 24 28 27384 1.0162805431857855
29 1 9 21 69827 0.9974849855165864
10 3 25 21 73776 1.0736019569724518
5 13 16 13 31306 0.9027307762370634
9 3 20 12 54274 0.9245956617422417
15 2 1 25 69732 0.9443647944391751
24 0 25 17 47776 0.9442877939176291
20 7 7 21 59618 1.0281577777221678
0 11 11 28 47801 0.9564849487212547
9 14 10 0 54002 0.925506660108656
28 14 3 18 66036 0.9123656458533053
7 24 17 9 56677 1.0416154879369608
0 12 13 29 56908 0.9803053603209457
10 1 28 21 68375 0.9069172514644329
3 17 0 7 27482 0.9663134203566912
4 2 23 1 50217 0.9840526112541862
1 10 12 20 47782 1.0585747545118647
26 10 22 29 50094 1.0516925906045222
10 5 15 13 35600 0.9064949157867286
0 15 26 7 59789 1.0985495741057514
11 28 15 10 46055 1.0596949861015734
28 12 18 6 35855 0.9066660441656773
13 24 18 2 71699 0.9026490442830926
0 2 21 18 82942 1.051761346280034
28 2 8 21 75417 1.0715125585452936
23 4 27 29 51084 0.9043638099276247
27 15 15 18 47203 1.0022663980016713
2 9 8 29 46433 0.9963812510589442
3 0 23 22 72732 1.0660535660934243
13 25 2 9 45293 0.9320886133592347
24 4 13 23 56279 1.0322873660843548
17 5 22 18 54796 1.0226512700629242
8 2 21 2 50410 1.0427976672309784
20 2 1 18 81700 0.9840887001070584
8 13 24 1 59211 1.0900122112615036
23 7 4 25 62266 1.0987129122467125
16 21 26 0 62365 1.0210781436325955
12 13 17 7 24338 1.0709151643470567
27 26 6 8 64259 0.959681240416881
1 18 22 28 59586 0.9314881460710831
7 3 12 24 62417 0.956456636062172
9 11 27 6 41609 1.0414154027051563
2 10 25 13 42486 1.0855543176781797
8 1 2 25 58812 0.9334075139037127
24 8 20 25 53662 0.9985358668840773
12 17 26 4 56020 0.987073151655766
15 19 15 7 41796 0.9320526499837818
12 1 26 17 59738 0.9988601652520027
28 0 1 21 75111 1.0313409098469328
19 0 3 27 74944 1.0309635925868463
22 18 11 14 44463 1.0069418719852778
8 24 26 15 65383 0.9797564880466328
21 8 27 24 43188 0.9959050449087539
0 15 18 10 51618 0.9257044758231552
17 0 26 28 73635 0.9116610676251925
18 1 7 29 87929 1.0632912047360816
5 14 25 26 73023 1.0938125954465991
10 23 29 7 56395 1.0939572193662113
29 5 18 11 24259 0.9376874470520603
13 5 9 29 57570 0.9631756219581088
2 1 10 4 37270 0.9862907788372575
23 9 9 14 45272 1.0824582769131614
12 25 2 0 61698 0.9210932768102845
21 19 7 10 56738 1.068346306852512
14 1 1 25 62325 1.0034432965266988
8 21 1 28 28611 0.9925456497381923
12 6 7 22 44650 1.0083693756323988
3 25 1 6 40219 0.9235203752744262
28 19 9 20 55736 0.9065347653527012
8 25 13 15 40032 0.9912398958584383
16 28 24 7 65567 0.9601757911610799
13 25 4 13 42437 0.9859362757190013
9 20 27 2 89156 0.9345667869023675
19 22 8 8 43544 0.9580334832822333
29 29 9 2 85302 0.9808332892581941
25 4 13 16 46280 0.9657134686342645
10 22 24 13 46739 0.917246950124702
25 29 29 18 26118 1.0682432368324957
12 22 26 23 28081 1.0092457978333216
17 11 25 2 40841 0.9246467091738207
6 6 24 25 69227 1.0062745198283432
14 7 19 2 43108 0.9470328203639586
0 13 15 15 46260 1.0367869236566876
26 9 23 2 23629 1.0036086254717882
28 23 24 12 34058 1.002977725097916
21 12 14 28 51814 1.0710109126121246
5 25 0 17 29769 0.9043651554609743
20 3 29 5 38215 0.9255768143143954
6 2 20 10 48218 1.0597736233714332
25 11 11 26 56143 0.9642025899620357
15 16 28 2 56864 1.0082738255945967
13 5 25 19 54504 0.9190580603801849
21 29 9 22 37644 0.9090328035962202
1 27 6 4 48837 0.9892081824250897
15 1 0 7 41978 1.0349887542290097
24 29 17 7 62640 1.0079707941016423
4 23 8 9 41872 1.093661834513012
27 2 2 4 62809 1.0012981860421102
15 25 25 6 64315 1.0670224515619926
21 20 18 12 45911 0.9708301827692801
10 19 23 29 50933 0.9187152165332471
22 6 20 23 53546 1.06478686531849
10 29 0 4 67766 0.9630223042593555
17 8 3 12 28127 1.018863213230465
14 17 13 3 31326 1.0252375847891746
13 25 2 20 26609 1.0645830715502849
22 10 23 22 32356 0.9548661213766588
4 27 4 0 52668 1.019999620170814
16 6 16 20 52554 0.9690195956902391
2 1 13 29 64947 0.968309013995649
17 19 6 10 50596 1.0278567685677824
8 4 12 19 55167 0.9300526898244272
19 9 3 6 31507 0.9434311392951472
7 19 16 0 66095 1.0337055442871979
20 23 12 21 22936 0.9247641819286597
16 21 13 6 40752 0.990762486031177
12 2 6 21 59481 0.9751669615498241
12 4 22 18 53705 1.0729057351717393
10 0 26 5 52294 0.9448622194052769
5 29 25 20 55652 0.9668462985360765
29 25 1 7 64907 1.0334452019224045
14 20 9 5 52441 1.0017634439011245
0 10 4 24 35324 0.9272968043368186
28 5 10 4 48210 0.9582948884841904
24 2 29 24 51498 0.926303373908505
13 24 22 22 18861 1.0072047268049091
1 5 11 28 59467 0.958395352088943
22 24 0 4 78136 1.0775062653087584
25 12 5 16 46449 1.014693861282847
14 1 13 16 33129 0.9456732798666325
10 6 22 8 25021 0.9059158222243425
22 21 27 3 51155 1.039040974600532
25 17 12 4 52875 1.0491529156409667
15 17 4 12 34945 0.9570056168387661
11 21 1 5 51108 1.0457984142186645
7 9 24 16 46413 1.0784407838745111
29 0 12 12 41641 0.9689074927826514
10 17 3 22 32471 1.0170673782522481
3 5 15 5 36544 0.9188259922505126
12 26 27 12 61490 0.9010154319411627
21 1 22 23 63839 0.9934480913173522
18 8 25 11 16067 0.955337004905393
9 2 3 26 77546 1.0808570371881714
22 23 14 8 47499 1.0423732544213422
28 5 26 24 44237 1.020026440233775
21 15 20 29 47700 0.9504456595053007
17 3 12 10 37378 1.036501129590687
3 19 15 13 48265 1.0008658083443056
20 11 9 29 55723 0.944908835294094
22 4 10 1 47105 0.9305649241774652
17 27 6 4 63320 1.0687932467184713
0 18 8 5 50017 0.9187901709125791
14 25 2 19 32272 1.041692527146565
17 18 6 20 45970 0.9900720444528878
29 4 28 15 22680 1.0980932604219347
19 15 8 19 54167 0.9542265306585419
5 11 18 13 30779 0.9242629790026173
12 3 28 28 64688 1.0290818550404826
7 14 11 4 43553 1.0960588078401305
11 28 9 17 41599 0.9522152075558135
23 24 0 8 64295 1.0521068727433243
14 23 10 10 36307 1.0131334722959997
25 26 19 1 75950 0.9468655769164427
24 4 6 22 65582 0.9765992209713997
1 26 0 14 40995 1.0625595676922455
9 2 26 14 75190 1.0615402218077394
6 21 20 2 84563 0.9668095697991697
14 28 20 6 64816 1.035419570997378
10 21 17 2 71236 1.0121114173447823
8 15 1 24 42201 1.039194156347883
0 16 26 2 76568 0.9942968820757708
20 10 7 24 59100 1.035159172361382
26 11 29 25 23982 0.951753886423164
10 23 26 21 36413 1.0972299174700384
5 13 18 24 61691 1.0623961667872672
23 15 10 15 42092 0.9507954902104528
23 29 14 26 26138 0.9155137543216769
13 17 18 12 27541 1.027576188529857
15 24 23 6 57824 0.9194124229795136
19 29 27 18 53104 1.011354751719192
8 5 22 12 47331 0.9100351171773343
16 10 8 27 47999 1.051208692578596
28 26 0 26 55014 0.9791887750389859
1 26 16 20 44606 1.0135260555939434
13 6 3 22 41903 1.0408738930640027
28 29 8 11 57953 1.0688549330063717
0 1 9 21 62454 0.9788349449183702
2 14 7 4 29925 0.9752020708602214
22 21 21 3 60584 0.9549767017900116
25 6 27 18 37783 1.030451959350243
17 3 10 29 79102 0.9929550870340431
11 1 8 8 26462 0.9566605971087014
12 17 27 14 53189 0.9851917708933624
26 13 4 8 43840 0.9661249536683946
3 1 4 26 51872 0.9327189461630163
26 28 22 8 43510 0.9988144844661105
15 22 9 7 44011 1.0886267721706029
14 23 13 8 33202 1.0605813574046152
2 6 5 19 37905 0.9731158977310576
0 27 2 12 28084 0.9725713390697042
7 9 19 11 26217 0.9741992393196137
15 28 23 22 30163 1.030051444610017
12 22 16 5 45721 1.0001042239250912
7 13 8 4 36008 0.9599895141500321
12 12 22 25 50086 0.9991762157663219
0 18 7 4 48346 1.0511542008513581
28 7 2 20 55419 0.9719576023535524
27 29 19 26 27032 1.099393329545737
1 5 6 10 19667 1.0911876149907307
23 23 7 0 75364 0.9591014788683152
26 13 10 27 61639 1.0010901700167454
27 19 18 16 42301 0.9503046322479961
4 22 9 7 43664 1.0551950360346536
6 22 24 15 51710 1.0163679672280383
6 10 19 1 47150 0.9065267274822516
17 28 3 6 68346 1.073333527621826
7 28 6 6 53543 1.028916347630814
15 7 28 19 44990 1.0823577726526117
19 8 2 24 47170 0.9717099460770121
13 2 1 11 31240 1.036653223654298
17 11 5 21 45169 0.9410826085370227
9 17 16 28 43832 1.017307628530893
19 29 20 2 92214 0.9510771287535315
2 25 22 28 39818 1.0293062403394388
25 27 12 15 47325 1.09040802592584
0 0 14 4 40865 0.9722262526709333
16 15 12 5 37407 1.0426045601287965
5 20 7 7 43024 1.0331305515065057
24 29 5 4 84916 1.0406336707030328
18 26 2 8 66058 1.092971690262115
6 24 12 10 42801 1.0870081127176028
8 26 7 7 58269 0.9208306208336354
11 13 24 16 40428 1.0896006759026065
21 27 29 0 51478 0.9349453833054406
17 0 2 6 40696 1.0247288870232152
13 14 0 19 51486 0.9090647264762495
23 28 5 25 39623 1.0370237239046474
7 20 21 0 78312 1.07504462651343
16 21 24 16 32666 0.9185306475442846
22 11 2 5 37073 0.9726395978889664
23 6 15 1 37055 1.0228816119718407
21 9 4 23 56675 0.996490672141892
16 11 14 25 36244 1.0795340628822665
10 0 18 12 43448 1.0257726017974818
1 3 26 22 70124 0.9452231508267972
1 17 13 6 35926 0.9020800984835035
0 19 21 28 63887 1.0905191296773087
20 29 17 5 79900 1.085036216785468
17 3 10 26 77533 1.0956689231462924
19 17 10 9 44743 0.9515488921523747
20 18 12 1 66284 1.0262556606922413
9 19 12 3 62674 0.9784379857323964
9 16 20 29 53877 1.0948593693520465
4 22 20 11 46030 1.0483339930267543
3 21 0 8 30763 1.0677199319138984
8 13 29 6 48544 0.9138320638673592
1 19 17 4 64857 1.01437953908107
21 17 6 16 44240 0.9380246813805232
29 9 16 5 29455 1.0313721117303325
29 11 5 11 34212 0.9107113271386316
11 22 27 9 53835 1.0278460460351744
1 29 24 13 71113 1.0572025061726895
15 10 3 3 38408 0.9957257507629347
15 8 15 25 44252 0.9119454256702499
11 28 9 10 52516 1.020022856466213
11 3 26 5 50150 0.9590963877456332
10 2 11 26 74112 1.0272947162284054
20 0 0 4 55239 0.9092737430594214
28 23 29 14 15622 1.0657833219922979
1 7 10 17 48637 1.056684454291745
25 20 26 29 31401 0.9560098915644605
7 25 10 2 80161 1.0983099797173346
10 9 6 17 31341 1.092174208195743
11 12 16 22 33427 1.0679025789356444
2 27 21 4 71774 0.9170508574814544
20 29 16 0 81383 0.9750506463586829
17 1 26 14 65170 1.0278909445873015
12 0 27 20 65650 1.0116262216367766
0 12 11 17 44457 0.9561593965965314
1 6 8 28 53776 1.0416015993093077
20 28 11 7 61549 0.9754517438008554
24 12 14 16 35316 1.0949824343099581
19 29 10 28 24618 0.9463808157254964
12 29 19 8 51588 0.9108740709129913
5 1 28 2 62885 0.9514711817113078
17 7 27 28 53379 0.9571266917147868
28 23 15 7 45642 0.9870431490635236
9 6 8 25 70061 1.0936897776442756
25 2 8 24 86395 1.0168110141878453
15 17 21 0 58716 0.9813944080698522
18 25 16 7 61028 0.9805031148253293
11 7 14 26 50161 1.0557237149732652
10 12 14 27 42445 1.0959801465744892
9 24 5 13 47778 1.0157228018809683
21 6 1 14 49198 0.9601429791044644
13 24 9 2 68016 0.9787612577417308
4 26 15 5 63849 1.0707769573000818
5 2 22 16 66166 1.0747946810703128
18 10 24 25 54367 1.0291890118012796
13 21 6 4 45046 0.9061614355622162
11 6 7 20 51397 0.9380708293340227
19 10 26 3 41610 0.9143332700130741
26 15 5 24 66452 0.9897576924146121
23 1 17 21 67162 1.0860896971227423
3 29 23 21 50113 1.0003625546417694
20 28 28 0 60358 0.9860156950019725
10 9 6 23 46934 1.0386986660208595
24 29 0 21 58727 1.0875172240443005
28 24 22 11 33955 1.0416024992512978
3 13 8 5 33264 0.9137216750148198
4 3 27 0 57895 1.027960701636714
1 7 8 13 31943 0.9435505290119941
7 12 8 29 54640 0.9551942215513255
18 15 9 19 53468 1.0431411457506319
5 11 2 25 27953 1.037930084150001
4 3 14 13 36487 0.9589015862777447
25 25 0 4 84597 0.9537313146869983
26 18 18 14 46469 1.071214989700486
29 15 24 28 30045 0.9207771521154348
10 22 5 1 59231 1.0514014456817478
0 12 14 19 49389 1.0684310029228925
22 25 23 8 45525 1.0908676704028621
21 4 3 27 73217 1.0646402438091738
25 8 11 26 60194 0.9149747274397037
18 8 5 18 46448 0.9155851104714149
2 9 25 1 51473 0.9321027796190482
15 8 10 0 24352 0.9980612812779767
23 27 15 13 51013 1.035842650802899
26 18 14 19 57393 1.0279473275444388
1 22 16 21 27787 1.036179516564843
22 1 7 1 42264 1.087600514470354
19 19 17 2 80861 1.0387392783422937
28 2 18 1 36120 1.0278256157732952
15 27 22 18 41743 0.9126689459082109
23 18 25 5 38068 0.9639849784861725
20 5 11 28 71714 0.9359477727125352
22 29 27 3 61319 0.9123743947563205
17 1 8 21 70091 1.0900577946711465
15 13 10 21 34249 0.9512064449710286
12 2 18 27 63583 0.9036391720516722
16 0 16 12 36600 1.0965405556631815
1 1 19 23 71262 1.0840871405625636
22 23 11 3 66039 0.9800669177561997
8 12 27 17 52061 1.0558211485289952
2 28 0 17 25250 1.03439250782484
1 5 7 16 36502 1.0974809636227185
21 4 3 21 68524 1.0334831173003514
6 7 1 17 26549 0.9060721278804653
14 2 8 8 24874 1.0582408055393413
27 19 22 28 42189 1.0391182815942868
23 7 18 19 56497 0.9074012216459458
25 1 11 16 58490 0.9621360075471164
5 2 29 11 54780 0.9290328852510648
3 12 23 9 37267 0.9577893550979486
19 13 4 19 51875 1.0033509735838773
26 14 1 29 81336 0.9470734014460788
25 12 22 29 49857 0.9516631236544716
15 27 11 11 37585 1.0489254276303837
22 20 24 6 44686 0.9676216772719549
24 14 2 7 49118 0.9549120006316772
6 11 13 8 15930 0.9758390573937636
3 28 19 29 38627 1.0101234013318563
22 11 1 18 49591 1.0513890250859372
12 25 14 9 39113 1.0918084637206724
23 22 9 2 80522 1.0772044008941655
25 24 3 12 66293 0.9654688332233943
8 17 5 26 36822 1.001168935594613
15 7 7 27 54416 0.9663749683724043
21 10 15 4 34392 0.9315604997808589
8 27 9 8 49994 0.9452637643639586
0 15 21 13 55545 1.0411047402705744
16 16 24 21 37896 1.0515936865217725
10 9 21 27 58455 1.0544676696596336
13 19 19 12 29834 0.919248229690236
10 13 25 15 46232 1.0290625783130876
10 3 3 19 60996 0.949038897811395
12 13 27 22 43881 1.0992342945077542
11 14 28 8 39509 0.9488006726014262
0 6 15 12 39630 0.9774657723631156
26 17 13 2 54144 0.9030583987215214
16 19 22 2 69685 1.0733412570615315
28 4 16 8 25771 1.0801740093493266
0 0 25 4 60975 1.0185982907874598
0 23 9 3 65178 0.9977914294052181
5 25 5 8 41611 1.0477119203493095
21 16 24 1 45332 0.9216079117853787
17 20 24 25 33049 1.0100313253118398
13 12 24 8 21985 0.9154953048380868
3 8 19 26 64801 0.9887685864027512
3 4 22 5 46401 1.0601281229633392
3 9 20 11 31329 1.0755506657383034
24 10 8 25 71085 1.0894415999029077
20 28 21 10 56217 1.0360645156139636
15 3 13 25 53552 0.9714077449276493
28 10 12 3 40787 0.9036972089425981
21 14 1 0 58406 0.9749274639795045
22 26 8 14 66377 1.0899306643684001
17 28 7 22 31056 0.999004170804134
26 14 18 5 51136 0.9295224866881324
16 2 24 4 38167 1.0610704560416861
28 16 26 7 22660 0.9450065357558868
13 18 5 23 25102 0.9983997347543072
21 22 22 2 57864 0.9763184442282619
10 0 3 25 63335 1.0782106346366134
21 15 0 16 57627 1.028053700483761
18 13 22 0 48267 0.9187669108333434
14 2 2 28 65625 0.9443455643768938
24 22 14 15 38620 1.0129669186118637
4 0 2 15 29691 0.9485601486765203
28 15 24 5 35182 0.9723433724487178
8 23 1 15 34217 1.0446857193975474
23 7 2 22 51796 1.0436233399984154
4 10 10 4 32392 0.9991486349963873
5 27 11 12 48398 0.9613054439727202
17 29 20 2 94361 1.0858632625103233
20 12 12 22 41946 0.9822296109500539
16 6 27 6 34325 1.0820957786268741
17 3 26 20 76198 0.9504875136453628
4 12 21 15 43146 1.0378067740155728
6 22 20 14 56289 0.9629724204933453
26 14 26 25 44071 0.9429512862319607
5 7 14 28 56683 0.9670461085777576
19 20 0 21 46541 0.9644036397240591
21 5 2 12 42535 0.9509611784014922
13 21 14 4 37920 1.073302898209573
24 27 5 8 64163 1.0524813939908126
0 7 13 1 34634 0.9507118681195944
18 27 28 0 58788 0.9847988741140955
2 19 7 7 29054 0.9803374937717806
14 16 3 9 34137 0.9827403477564879
20 25 5 9 69327 1.0674364826689915
24 3 14 16 48190 0.9688996391838083
27 20 2 2 71569 0.9193120080918029
15 22 2 1 55920 1.0118780733717987
12 28 22 26 23131 0.9673594065518762
22 11 4 7 31860 0.9353731495846139
0 25 21 20 51622 0.9370282179895459
9 23 9 13 44173 1.0471538230846147
26 21 13 4 56963 0.9613962797171786
1 3 23 1 56052 1.0135472949722713
8 7 12 29 56394 0.9338527967300971
11 7 10 25 52660 0.9781003995660216
25 29 26 3 61689 1.0583763244271496
25 9 8 16 48289 0.9261534317884824
3 3 0 19 47691 1.0699299302033765
3 7 20 6 38026 1.0529207738998179
2 7 9 10 25536 0.9337582525573656
23 13 16 23 37774 0.9730975463164047
11 11 22 17 36032 0.9423770223595485
7 4 15 15 49207 0.9866394094331952
4 16 22 22 43761 1.0700708425903858
19 10 14 16 26349 1.026714490410768
23 17 27 10 27271 0.9229998505000755
22 11 8 13 32802 1.0724092092139468
10 6 16 10 25802 1.081087133031298
9 15 9 27 47124 1.0802640065075857
29 12 26 21 24242 0.9314817052161248
1 26 21 1 87943 0.9950138593672244
12 20 6 7 40594 1.0500785087176112
25 12 2 17 47374 1.0757249278568686
0 19 29 27 70830 1.0580562453770024
13 6 15 19 38618 1.039804213069481
2 21 14 24 29552 0.9348828708481016
15 19 0 3 66307 0.992624544192782
22 17 12 7 42689 1.023457428720504
4 16 20 6 53206 0.9500026886711562
29 22 0 27 54311 1.0480343773526424
5 9 21 23 57808 1.0271415135447175
8 13 24 21 59908 1.0167199552458035
16 29 15 3 68785 0.9690149972402093
4 12 23 7 35979 0.9574690397282821
27 6 14 20 59620 1.0414392427580224
28 26 25 1 55459 0.9482579386209424
7 3 4 27 58149 1.0266959361803698
13 6 21 29 63190 0.9958972073636623
24 17 27 2 52326 0.9344246157014497
24 25 19 7 55806 1.0757930662312667
27 2 21 24 63834 1.056597642946186
4 25 13 6 50927 1.0696926490477163
1 22 14 6 46710 0.9535970459701084
15 16 20 6 43925 1.0546590864795569
20 6 1 21 64515 1.0107042038105867
26 21 15 10 50102 1.026363956891497
20 16 19 3 58129 0.9210497132994794
1 10 21 8 33092 0.9219311363756727
13 24 12 7 36075 0.9178930626407147
15 1 15 23 56263 0.9311212435726174
4 23 28 17 53268 1.0720159887781815
26 7 10 22 54310 1.0452631374544594
15 22 11 7 37718 1.003740703101925
10 23 24 3 66895 1.0012538662639252
9 10 8 0 45926 1.0902585986129647
10 1 21 26 79395 1.038318050782838
5 10 15 2 43120 1.0641022428431002
27 0 27 15 38426 0.9524159817064954
24 9 28 25 38880 1.0763071303685066
19 10 15 27 48295 0.9186512879603235
3 29 1 4 48435 0.9982942073584945
29 5 5 4 47204 1.0237388804044254
24 16 18 2 65690 0.9126959427147531
9 14 18 2 72001 0.9557120001682031
27 14 1 6 60606 0.9258164360605111
21 0 0 15 71237 0.9541922237223003
26 26 4 6 72401 1.0250272795001414
19 19 25 12 43697 0.93047565383916
12 11 20 7 24983 1.0010666811987923
0 20 29 23 58941 0.9476464723620387
26 20 18 14 54081 0.9814769839739773
22 20 12 22 24151 1.082150815577047
23 21 10 16 38551 1.0677829844001068
16 13 10 9 26408 0.9734526381400386
19 9 3 4 36383 1.090531045229043
7 15 16 28 51506 0.9913175365481418
7 29 11 14 53906 1.062669662021402
23 22 23 9 31926 0.9221289512582267
13 13 18 8 16489 0.9437608560207452
0 8 18 15 53432 0.9309214193098867
0 5 20 8 35985 0.9992472550332256
15 6 27 21 55268 0.9288007733687543
29 23 6 27 43987 1.0364111304332673
10 17 19 27 40745 0.925104885752401
17 11 21 17 30023 1.0601502937210694
17 28 12 9 50441 1.0898894691791108
4 7 26 11 36958 0.9196218589390496
17 10 21 1 44236 0.9433828235790782
9 7 7 16 35954 1.0911650204827794
21 17 15 22 30451 0.9397776519774887
16 22 25 13 40353 1.0760719593120447
29 23 3 1 69050 0.9990945534596866
29 21 5 3 64130 0.915157006351457
10 20 9 11 40971 1.0551475759845728
10 6 1 16 35958 1.085227629646992
22 13 6 2 50248 1.0617512064711563
27 4 9 28 79475 0.9249511058561627
13 21 3 7 41579 0.9754867098135753
22 4 15 21 61796 0.9579530208900167
10 15 1 12 38979 1.05158134024551
6 19 21 13 50409 0.9385300347266956
13 10 24 29 57587 0.9885777935412089
0 2 9 15 65291 0.9132113451925844
25 10 28 29 37550 1.0784512515090097
17 1 23 28 83113 1.094340275574538
16 6 24 17 42748 1.0271775574222026
4 28 16 5 66664 1.0467027440818524
27 17 0 23 65638 0.956883165795943
15 19 22 13 43478 1.0976234662599518
7 24 18 6 68214 0.9040400715259986
21 13 0 0 56555 1.0156808517447433
3 24 17 11 48784 0.9184878906290923
8 7 13 12 20306 1.0569257202536937
23 8 14 28 55027 0.9705041444538246
17 15 26 10 42361 0.9280357899831668
12 4 1 29 61477 1.0220008846266826
13 1 7 19 57356 1.0271251571381204
27 26 19 14 60010 0.9319722148262183
8 16 25 13 48285 0.9841068556324393
4 29 24 23 48918 0.9556414681769649
15 20 8 5 60125 0.9294704778883988
24 6 4 20 62868 1.0937042295623993
21 22 15 27 26226 0.9443006308892917
4 15 4 25 24641 1.0721798253863
7 27 28 18 58114 1.0165577845841787
2 16 3 2 30538 1.0371299309769002
14 19 1 8 44673 0.9540994958225761
1 8 6 21 33310 0.9403506708207134
21 10 29 5 21981 1.0572616342139016
29 10 9 2 58334 1.0768892242828658
23 1 8 19 78973 0.9725936838500334
22 3 10 10 42862 0.9326147911221907
11 13 18 9 29920 1.0306477591192515
15 19 8 13 41767 1.0452014621307928
10 28 5 5 63427 1.0893695784093747
11 8 14 25 40242 1.0945507618223926
5 6 15 8 21133 0.9711846801660597
13 20 16 28 22889 0.9475227549391037
4 1 26 16 66463 1.0787162109643522
16 28 0 26 35666 1.0469738285049113
12 19 19 25 36190 0.9531957936701141
26 4 12 24 69916 0.997201046868254
21 10 3 6 37511 1.0806273507543418
10 0 4 19 57314 0.962147851486327
1 27 25 20 53858 0.9057078988263644
7 4 11 20 58677 1.0133927739872184
11 9 2 8 14654 0.9013066286615267
19 14 29 23 45829 1.0960529955153344
15 24 8 12 47813 0.9834102116735928
21 23 5 10 55498 1.076952279698618
6 15 26 5 56766 1.0964229241877352
13 1 19 6 30950 0.9885153431881838
25 27 20 7 52645 1.009029333959775
1 10 28 15 59187 1.0450203044152324
1 21 5 0 49144 1.025054703452432
28 9 23 18 31991 1.0640857074529895
14 5 0 15 48069 1.0485467963196955
7 1 19 13 55557 1.0793346192389601
21 2 9 15 70406 0.9446964850501878
13 13 2 22 35021 1.0693940493637255
8 8 18 25 59011 0.9899699666575787
5 10 22 1 52242 1.0261911355603983
5 26 17 10 61016 0.9456026876818158
10 27 13 14 30565 1.0247129739787193
19 1 25 24 71824 0.9718741689609389
22 13 14 26 57705 0.9132543600668891
13 8 19 28 52615 1.0597200438776238
17 9 14 20 39476 1.002007673395944
11 12 4 28 49422 0.9662211310203687
13 7 29 14 29759 1.0401547964517746
21 26 26 13 47482 1.0091659205209347
1 9 3 22 26452 0.9297903365851219
4 1 29 8 47351 0.9894007825506239
11 21 21 20 28655 0.9676463868472116
8 29 4 13 46414 1.0980700416649796
24 21 17 14 47210 1.0865476487286763
25 11 28 20 24486 0.9859055371394784
1 5 28 12 51072 0.9057835070962421
2 0 19 0 38150 1.038306597300762
28 27 19 3 66061 1.0848357028594475
20 14 5 19 68588 0.9388788091172763
