2080 1976 1865 1815 1925 2047 1997 1956 2158 1840 2137 1766 2133 2082 2129 2121 1941 2078 2034 2003 1820 1998 1849 2072 1954 1885 1855 2084 2112
5355 5222 5096 4973 5049 5064 4941 5233 5021 5012 5180 4948 4962 5338 4942 4935 5269 5301 5015 5017 5235 5304 5076 4975 5283 5274 4931 5360 5000
1420 1793 1815 1809 1461 1403 1792 1720 1485 1636 1557 1719 1580 1566 1818 1785 1777 1688 1411 1470 1531 1617 1437 1429 1533 1623 1520 1655 1656
6308 6212 5928 6221 6363 5993 5954 5919 5945 6171 6201 6184 6223 6176 6213 6334 6326 6179 6019 5961 5982 5991 6032 6192 6053 6147 6363 6298 6186
3829 4099 3820 3932 4051 4040 3830 4009 3964 3980 4061 4076 4046 3997 3962 4005 4121 3975 3700 3795 3772 3900 3786 4093 3896 4035 3968 3948 3956
7198 7378 7186 7421 7227 7441 7592 7496 7583 7249 7248 7355 7587 7527 7367 7576 7532 7345 7337 7452 7575 7290 7409 7309 7378 7370 7158 7192 7359
3037 3228 2967 3237 3272 3047 3268 3094 2907 3191 2925 3181 2846 3271 2877 3123 3208 3163 3198 2974 2984 3272 3237 2849 3113 3146 3024 2879 2915
6743 6753 6685 6644 6734 6595 6664 6704 6702 6626 6904 6752 6731 6714 6765 6513 6575 6816 6622 6753 6519 6647 6857 6788 6805 6828 6767 6806 6866
8240 7947 8084 8128 7978 8284 8021 8276 8106 7993 8217 8172 8058 8284 8185 8044 8130 8176 7958 8199 8019 8269 8153 7888 8210 7898 7900 8202 8157
4718 4775 4760 4841 4639 4787 4664 4769 4957 4540 4687 4683 4852 4761 4524 4765 4585 4823 4575 4627 4913 4600 4621 4783 4665 4656 4632 4909 4871
7811 7644 7516 7742 7515 7552 7769 7461 7807 7502 7818 7543 7804 7529 7783 7775 7433 7780 7776 7458 7772 7864 7535 7866 7871 7607 7548 7683 7715
5723 5843 5722 5886 5607 5996 5766 5808 6042 5879 6019 5710 5772 5693 5758 5680 5647 5658 5635 5611 5903 5617 5715 5816 5607 5858 6005 5613 5833
4187 4294 4184 4341 4385 4297 4243 4184 4580 4321 4578 4487 4559 4464 4217 4227 4436 4177 4329 4179 4200 4353 4382 4361 4592 4330 4378 4592 4545
5932 5921 6177 6147 6133 5774 5994 5835 6072 6024 6158 5872 6125 6128 6049 6028 6016 6149 6021 5930 5861 5948 5918 5812 5888 6160 6145 5890 5951
2816 3011 3094 3031 2920 2888 2913 2810 2994 2986 2935 2974 3042 3108 3020 3129 2980 3125 2898 2835 2942 2953 3023 2821 3076 3078 2767 2972 2810
6026 5844 5957 5642 5748 5718 5873 5618 5893 5702 5678 5850 5995 5688 5775 5651 6028 5990 6040 5815 5655 5705 5864 5615 6000 5643 6030 5795 5725
7891 7802 7955 7839 7896 7541 7820 7677 7926 7725 7898 7642 7645 7550 7800 7632 7598 7588 7641 7721 7699 7948 7917 7767 7683 7790 7857 7789 7857
2578 2748 2671 2472 2354 2645 2405 2455 2435 2624 2397 2740 2629 2594 2496 2511 2508 2790 2491 2675 2485 2387 2367 2536 2497 2584 2510 2522 2775
1557 1764 1543 1612 1570 1630 1765 1436 1393 1530 1644 1590 1582 1603 1812 1492 1680 1742 1622 1391 1537 1471 1543 1699 1622 1403 1452 1408 1683
7860 7834 8047 8054 7987 7887 8024 7690 7890 7829 8035 7892 7919 7873 7739 7864 7961 7915 8023 7996 7911 7867 7872 7900 7713 7689 8105 8026 8057
4894 4800 5053 4869 5102 4934 5125 4884 4799 5083 4882 5140 5084 5052 4791 4865 4881 4914 5050 4963 5030 5145 5151 4774 5150 4741 4891 4967 5057
1284 1601 1562 1533 1383 1478 1559 1239 1323 1385 1256 1569 1450 1271 1557 1637 1429 1401 1330 1304 1521 1495 1628 1259 1513 1558 1348 1295 1429
4031 3990 4302 3963 4082 4091 4169 4035 4212 3954 4215 3936 4320 4268 4050 4216 4192 4072 4052 4064 4198 4157 3941 4225 4011 4147 3878 4198 4077
4794 4984 4802 4937 5144 5237 5036 4804 4841 5125 5116 4989 4837 5134 4920 5047 4851 4852 4960 5199 5124 4875 4865 5210 5135 5209 4880 4866 4993
4445 4039 4385 4023 4102 4235 4139 4330 4186 4375 4360 4340 4214 4296 4174 4299 4019 4364 4044 4437 4260 4236 4078 4267 4411 4033 4303 4108 4331
2741 3027 2806 2997 2981 2714 2986 3067 2701 2739 2751 3008 2732 2977 2903 3047 3124 2725 2785 2717 2921 2884 2940 3092 2780 2786 2743 3117 2847
1376 1397 1717 1445 1613 1584 1550 1594 1600 1611 1587 1340 1329 1455 1464 1404 1568 1744 1447 1757 1679 1466 1558 1457 1635 1600 1473 1365 1547
4920 5240 5227 5103 5050 5164 5227 5003 5077 5021 4877 4985 5139 5149 5148 5065 5147 5235 4850 5045 4869 5145 4848 4959 5013 5244 5210 4864 5240
4834 5029 5000 4926 5073 4981 4700 4826 4676 4676 4735 4841 5057 5005 4788 4797 4663 5037 5007 5008 4760 4782 4858 4747 4901 5072 5099 5014 5071
5213 5036 5304 5350 5198 5222 5290 5243 5004 4985 5025 5387 5346 5039 5207 5258 5002 5233 5241 5261 5041 5284 5250 5332 5056 5209 5370 5149 5367
3816 2088 8525 7779 5198 1296 7920 5935 3614 6805 5799 4478 4931 3932 1308 8483 3203 6872 3874 5836 8384 5203 1527 6840 1661 4269 2481 7329 5707 8540
3673 2400 8702 7634 5342 1170 7966 6020 3435 6763 5923 4753 5095 3957 1137 8512 3127 6604 4159 5890 8521 5415 1781 6955 1657 3933 2757 7218 5445 8852
3636 2073 8353 7943 5207 1163 7873 5984 3272 6803 5990 4337 5067 3863 1301 8789 3382 6715 4070 5974 8187 5332 1602 7010 1799 4233 2472 7399 5523 8633
3619 2346 8680 7635 5341 1354 7957 6167 3402 6952 5914 4411 5040 4221 1244 8687 3506 6900 3863 6033 8171 5177 1493 7156 2019 3958 2416 7059 5680 8784
3630 2449 8505 7800 4955 1254 8144 5988 3312 6843 5773 4630 5187 3871 1431 8548 3202 6785 4006 6090 8575 5202 1464 6849 1873 4061 2797 7307 5408 8898
3661 2419 8657 7760 4947 1371 7925 5923 3438 7000 5961 4323 5165 4148 1248 8370 3472 6975 4088 5928 8422 5397 1845 7086 2045 4211 2448 7292 5667 8583
3929 2486 8629 7931 4947 1393 7746 6025 3366 6702 5687 4597 5056 3971 1377 8609 3486 6591 4173 5838 8303 5208 1891 6824 1887 4278 2829 7225 5612 8710
3710 2421 8391 7643 5247 1240 7860 6295 3643 6877 5638 4738 4896 4061 1287 8557 3304 6784 4230 6188 8520 5524 1878 6871 1943 4241 2576 7055 5482 8783
3777 2280 8499 7790 5096 1294 7993 5880 3410 6841 5882 4599 5137 4269 1369 8431 3392 6815 4096 5878 8584 5332 1747 7136 1791 4041 2680 7479 5415 8756
3900 2149 8550 7945 5292 1101 7740 5958 3468 6706 5806 4628 5013 4102 1244 8606 3366 6801 3890 6134 8335 5510 1545 6999 2041 4180 2571 7372 5371 8728
3583 2154 8425 7888 5209 1121 7943 6227 3560 6591 5908 4482 5066 4269 1252 8456 3184 6939 4297 5855 8204 5493 1530 6801 1910 4123 2631 7249 5601 8580
3580 2210 8391 7853 4975 1295 8107 5974 3276 6679 5812 4363 4981 4042 1248 8788 3538 6584 4076 5914 8523 5445 1584 6819 1957 4183 2543 7104 5440 8796
3825 2447 8653 8044 5064 1354 8062 6214 3292 6617 5695 4595 4872 4175 1287 8443 3504 6804 4202 6149 8428 5467 1708 7008 1785 3951 2491 7382 5472 8659
3517 2498 8752 7897 5162 1315 7904 6205 3562 7022 5662 4399 4884 4261 1040 8504 3292 6602 4251 5857 8569 5617 1603 6950 1869 4143 2487 7234 5698 8765
3664 2471 8744 7646 5180 1366 8164 6240 3421 6647 5988 4459 5110 4113 1386 8475 3541 6774 4015 5990 8171 5360 1874 7098 1758 3994 2562 7227 5475 8497
3902 2146 8532 7700 5179 1430 8086 6118 3320 6831 5993 4569 4984 4284 1350 8602 3548 6757 4152 5946 8354 5577 1593 7165 1781 4138 2716 7200 5556 8836
3837 2074 8748 7825 5312 1094 8117 6225 3303 6633 5692 4657 4765 4198 1357 8403 3419 6735 4185 6037 8287 5506 1502 7128 1726 4246 2645 7050 5561 8506
3531 2445 8413 7874 5184 1517 7839 5952 3252 6840 5623 4683 5063 4102 1241 8657 3137 6988 4010 6078 8169 5311 1597 7115 1997 4029 2681 7490 5397 8795
3628 2432 8495 7711 5296 1465 7745 6300 3654 6844 5738 4613 5083 4260 1394 8659 3270 6550 3886 5808 8164 5180 1600 7168 1896 3941 2822 7291 5729 8623
3597 2512 8711 7632 5209 1427 7982 6065 3462 6680 5767 4334 5163 3858 1265 8532 3539 6765 4061 6078 8357 5334 1648 6994 2018 4246 2844 7147 5379 8775
3702 2298 8573 8040 5109 1470 7958 6000 3628 6987 5944 4714 5070 4199 1234 8478 3335 6975 3930 5849 8471 5270 1644 6970 1796 4250 2753 7077 5727 8798
3862 2148 8399 7713 4994 1416 7788 6301 3275 7015 5742 4710 5061 3931 1094 8668 3329 6690 4203 5963 8490 5250 1536 7115 1888 4143 2586 7109 5655 8722
3820 2382 8389 7738 5247 1330 7852 6108 3649 6830 5567 4427 5057 3973 1131 8773 3167 6973 4262 6025 8173 5362 1495 6946 2024 4094 2698 7116 5568 8909
3510 2414 8410 7965 5231 1247 7933 5927 3649 6756 5807 4556 5143 4105 1122 8547 3205 6619 4012 5924 8563 5296 1512 7173 1821 4179 2643 7241 5546 8939
3916 2237 8533 7988 5322 1417 7754 5961 3553 6958 5603 4516 5169 3937 1391 8620 3199 6909 3886 5903 8333 5330 1730 6952 1794 4172 2434 7165 5395 8520
3522 2166 8480 7738 5327 1334 7971 6194 3547 7000 5584 4495 5125 3958 1368 8746 3170 6619 4234 6158 8324 5380 1465 6821 1970 3933 2644 7326 5372 8774
3808 2108 8334 7799 5195 1248 8024 6297 3605 6884 5871 4342 4748 3930 1452 8463 3408 6968 4000 5949 8234 5248 1664 7055 2075 4195 2584 7214 5696 8816
3814 2242 8469 8010 5245 1248 7904 5938 3359 6685 5740 4439 5109 4038 1381 8559 3381 6826 4167 6124 8504 5261 1730 6948 1875 4022 2526 7301 5354 8686
3553 2185 8585 8008 4952 1275 7912 5954 3370 6741 5812 4346 4847 4084 1428 8424 3137 6717 4276 5870 8378 5244 1527 7152 1705 4122 2587 7418 5433 8670
14 13 17 21 25029 0.9602521099331593
21 18 2 25 41397 0.9011607797023417
19 26 16 11 35697 0.9386293815845843
11 22 25 25 29547 0.9114298552539498
27 27 8 1 78934 0.9726127562918297
14 21 5 17 39005 1.004430299221505
10 4 19 25 53732 0.9944970963477691
21 22 0 14 38674 0.9111985503190431
20 0 28 13 37539 0.9093869187104491
22 4 28 22 38983 1.0635093650696987
20 2 26 28 53304 1.0962157056904924
12 24 24 23 26626 1.0476793126466961
10 3 5 22 57541 0.96780692013929
15 0 4 3 37912 1.0322583324335506
3 17 2 5 26553 1.0029162947802368
24 1 9 27 76132 0.9231083523890051
12 18 29 17 52513 0.9886275053114394
23 16 4 7 52597 0.9167075385127376
9 3 18 6 22703 0.9213101303234886
22 11 7 19 49738 1.0989843886450557
7 27 4 13 45390 1.0624244737825634
3 16 26 27 57898 1.0728091557816766
21 2 16 23 44590 0.9547173780366859
8 12 11 3 49207 0.920665469462094
15 17 14 29 42074 1.0163331216348261
14 23 25 7 47797 0.9770493259961739
19 13 20 26 29713 1.0213068435494783
14 6 9 0 31120 1.0688712987699782
11 24 22 27 28118 1.0316501669252138
28 12 4 24 63083 1.0414920853053329
11 10 13 29 78272 1.0641369408961083
4 8 21 15 42329 0.9941177161266675
1 16 9 5 30257 1.0776373071079435
0 29 13 19 50551 0.9173101083177883
6 24 2 13 25265 1.0411077974580236
25 15 29 6 26914 0.9948586676544712
7 20 23 8 61355 1.0039645552138274
9 10 16 22 46234 0.9330650201062392
23 13 3 7 49161 0.9846167801353938
15 11 27 25 49803 1.0272708416463705
14 14 26 23 29420 0.9621744334221771
4 5 2 22 30072 0.9483433304242496
3 19 13 24 34508 0.9724580115971444
8 6 7 24 56103 1.0914598963130595
13 23 5 5 55531 1.060359224771437
14 17 21 5 30886 1.0228037286896208
12 8 23 19 52727 1.0613951902047716
11 11 0 27 53903 1.0694019151478045
0 27 18 4 61380 1.0541097179976933
4 21 1 9 34913 1.084161050252684
2 15 8 10 30590 1.0283396073274915
19 9 6 15 33108 1.014321632686627
15 9 21 13 30274 1.043898475854762
14 11 27 25 45831 0.9651827961895724
12 23 28 16 43339 1.0468459773303895
4 11 24 26 59688 1.0333120053663793
20 28 10 28 49312 1.08731551620375
28 3 15 28 73432 0.9368072982684246
12 14 28 0 45998 0.9495043098099877
9 9 14 27 67100 1.0719468404402273
22 28 26 18 28343 0.945942361688819
28 3 12 25 67085 1.0931582828548616
21 26 2 27 43638 1.0705124151188965
18 17 9 29 51556 0.9627377020639601
22 2 4 13 50754 1.0262189845170704
23 1 3 12 52012 0.9373628261697516
13 14 2 25 31784 1.0237537563886343
8 9 0 7 36176 0.9019547689377293
29 9 0 16 61616 1.0369270683734229
17 17 19 8 21752 0.9844032706827751
5 8 4 29 55408 1.0601867655066715
17 0 5 12 52405 0.9268727066722143
19 16 12 24 26871 1.029434063490972
20 22 5 20 37978 0.9909854368868656
24 28 27 6 52330 1.0439668108814786
21 23 28 10 36730 1.0655452748871295
23 1 3 19 62147 1.022212942837324
22 6 11 22 46064 1.0740527190503482
4 11 18 21 41512 0.9754617106346524
26 4 12 26 59089 1.0005907590136498
29 17 4 20 67688 0.9876670456465354
24 11 5 22 54660 1.0503695392433308
23 10 4 8 52679 0.9663966183512105
22 21 9 24 30651 0.9210590839766197
28 16 21 26 30146 0.9276332719762646
6 14 5 29 49914 1.054088888434352
28 27 3 23 59975 1.0708540422753605
2 5 24 12 49411 0.967893331154221
29 10 19 19 46431 0.957075405535452
24 9 8 11 57206 1.0977074427249907
24 0 28 16 38293 0.980117275765999
1 26 22 29 57250 1.000295456429553
6 10 24 22 47771 1.0059656699118134
28 26 18 9 41837 0.9349941945040743
23 23 2 25 43643 1.0723476409737807
8 29 22 13 74262 0.9619710202775906
14 27 18 11 36947 1.034011263209199
22 24 4 12 46502 1.0996213810192574
8 25 19 2 68912 0.9462955693717465
22 10 14 27 47279 0.997686274193321
13 23 5 27 34991 1.0205976857887182
9 27 26 4 71466 1.098426825623661
28 25 19 14 33000 0.9693673694462239
3 2 22 26 71210 1.083745872543968
12 9 11 18 43542 0.9571386084509482
13 13 25 5 34335 0.9855491498008861
0 28 8 1 62589 1.0920653645435316
18 22 3 7 50656 0.9500747930448394
12 0 21 9 34718 1.0423119131136944
11 13 26 3 40827 0.9694958757919445
22 2 1 6 43475 0.9282047259213032
16 18 4 3 55222 1.0676202236974612
25 8 10 27 69499 0.9856372037853611
4 14 22 6 40047 0.9228649055679248
7 14 26 25 41239 0.9357314180633194
15 26 28 7 57693 0.9353031176937842
22 18 27 26 26425 1.0058284088936447
23 27 22 9 41742 0.9855204640389118
27 1 12 13 43572 1.0589206982813888
13 29 23 7 70520 1.059073817413867
17 6 5 19 54389 1.0191239282725804
13 28 24 8 63488 0.927996360718233
18 26 12 22 16144 0.9922368881176382
17 18 20 4 32903 1.0308201324875637
16 13 7 17 36189 0.9228687870641196
17 23 3 6 56376 0.9134336244269373
19 22 6 28 39449 0.9197714776726051
1 7 20 22 53940 1.0915233626709784
3 17 0 28 28394 0.9329403198256287
22 7 26 24 37214 1.064932515706727
0 0 23 25 73289 1.0025312728126137
29 27 6 27 63237 0.9767727396128998
27 5 28 18 29245 1.0177326921325782
24 4 23 28 52123 1.0992139942660792
9 13 3 6 34946 0.9724556188007288
23 23 1 3 68028 1.083227778577231
28 9 10 28 84632 1.0666614312541605
13 21 24 14 34030 0.9208603247268378
14 13 6 5 33655 0.9448205703411083
16 2 2 21 61328 1.0903856871704631
20 27 3 9 64692 0.9851631611163603
16 3 18 13 26738 1.0081737836640086
4 6 12 9 31413 1.0714307657695967
9 27 5 2 77551 1.077686232921689
11 14 1 2 39998 0.9237596754760603
19 18 14 11 25070 1.0236628981292082
2 3 12 2 28766 0.9777868750494382
25 24 16 25 21977 1.0027355882045932
20 26 10 0 69197 1.011823244527787
27 25 23 4 44166 1.0071025795856299
21 22 3 15 41141 1.0952819460380085
12 5 28 29 68812 0.9281376127037568
12 21 5 11 51163 0.9992720010026149
17 27 18 10 30624 1.0534638837276924
23 19 21 3 34788 1.0763100527098266
0 8 22 26 59334 1.0966620275032302
26 9 11 25 51716 1.0368073368063109
2 4 4 12 22880 0.9844879960663184
21 10 16 28 41653 0.9747839574753454
18 13 28 28 44269 0.9643274261409339
2 14 21 1 43164 1.0644488049976704
8 13 13 1 52731 1.083464937142294
20 10 7 24 51856 1.0857125807742949
2 3 24 29 79125 1.071196846230121
2 5 29 0 49688 0.9329500896726064
23 9 7 1 51113 1.0615969561506327
5 0 1 8 27106 0.9007276986240066
12 25 3 17 41155 1.03412762902532
6 25 15 0 74900 1.031454349991939
2 16 10 6 35783 0.9047718924789874
16 24 18 1 40374 0.9041933401871505
12 22 22 14 27537 0.938620097353705
28 17 7 28 75644 1.042789288287055
5 7 20 14 44590 0.9178820027028295
14 24 29 20 38380 0.9794832799052282
27 24 0 28 58138 0.9443376674269863
25 0 19 29 66343 1.0662376157551625
28 5 8 12 51818 0.910514450534187
12 26 25 16 47097 1.0292474356205996
13 7 0 13 44208 1.0262228345444226
12 5 6 15 35145 1.048065615969906
3 19 15 14 31167 0.9867218565985352
27 20 10 28 65407 1.0927696905788347
15 7 22 20 45876 1.0553306804038323
26 25 5 21 46001 0.9539045880964457
1 15 9 18 34033 1.0993954306020228
22 7 2 14 40119 0.9257233292490388
18 2 12 12 35582 0.9229857633822085
11 16 7 2 60896 0.9053322021576453
8 26 14 0 77422 0.9240437650751576
4 2 13 20 70662 0.9350902551951175
16 0 16 16 39189 0.9589503516520963
15 5 24 24 41227 1.0422254527557067
0 10 13 1 42273 0.9814787259666256
29 14 18 7 25038 0.9205587280789397
5 29 13 21 47577 1.0969660294239632
25 12 25 2 26109 1.0852216053048063
29 9 17 29 63687 0.9556830966168746
8 20 1 13 45081 1.0506680636930983
2 7 10 12 35146 1.0538797645762814
22 21 3 6 57813 0.9679443306067698
25 7 17 22 39805 1.0386454821702462
15 22 3 9 49722 1.0062955198409196
28 27 15 8 58204 0.9307761652880733
13 6 5 14 38148 1.032036454764369
5 23 28 11 64883 0.9491986927727214
28 7 9 24 63450 0.9429539364292124
14 23 19 6 42624 1.0030959971573972
2 16 13 2 50458 0.9211198412800894
3 16 19 1 50741 0.9627374123993109
10 4 2 11 27278 1.0333077000170738
9 2 22 19 56042 0.9766390332363729
5 10 28 28 76288 0.9090464591585977
9 29 24 2 89392 1.0043647023745863
25 28 11 24 37536 1.0653881727297532
20 27 4 14 47286 1.0043840269313946
1 10 12 25 52165 1.0665744913970174
29 19 5 28 76653 1.044310079839759
27 6 21 22 37360 0.9745935709427234
13 23 4 14 39847 0.9218265340568393
18 25 17 2 40798 0.9090626636723883
8 1 26 27 72613 1.0455017348836293
17 16 0 11 32854 0.9621455210900125
1 14 3 1 24546 0.9342675113843372
20 18 18 1 33335 1.024124411194864
28 16 16 10 36949 0.9815863657073017
26 9 18 18 24047 0.908588841630955
1 17 3 3 37655 1.0355543936949332
7 5 3 20 39129 1.0530219570780834
22 6 29 0 27339 0.9801202280199726
22 24 26 6 34621 0.9453806491495185
8 18 9 2 63765 0.936392984042604
4 18 8 7 52348 0.9928837436619853
22 23 6 4 52835 1.027885495189169
2 25 0 6 36010 0.9038127296127157
24 29 26 6 48665 1.0896829072543708
18 10 16 23 30182 0.9590073780004439
26 20 22 12 22984 0.9313181875969805
10 18 19 27 50030 0.9773292985634379
15 23 18 2 42201 1.0112443746581994
0 5 21 5 27490 0.9404035059298544
25 3 10 16 50638 0.9592660987635567
22 0 5 29 89668 1.0288990624132919
11 22 0 28 28957 1.0912968301302926
11 26 11 12 57300 1.0313393086479894
1 19 27 1 66478 0.9333786540002224
28 24 7 18 56248 0.9429372632845383
7 24 8 8 55562 1.0419110672676168
25 24 23 7 41989 0.9263734035641278
13 22 5 14 35360 1.0935242952456956
11 10 27 2 59728 1.0942109399346265
2 18 26 11 41853 0.9195033570990677
24 13 21 6 18695 1.0684771222767615
1 20 12 28 51692 1.0878734089165285
17 28 26 15 37675 0.9772847907642894
8 29 13 9 91801 0.9192159387697892
17 23 19 7 33789 1.0678354129647905
23 26 4 15 48888 1.0068044812421775
18 1 11 19 55091 0.9269733008910851
9 0 19 29 78154 0.9450891797811578
7 11 18 20 39072 1.0568926431164165
11 29 6 10 77437 0.9988832389811638
23 24 6 16 43804 1.030885023011122
1 6 15 3 34245 1.0020663300841657
25 27 28 3 50311 0.960568839956336
1 21 6 5 36495 1.0818969764503807
28 19 27 3 43861 1.0981481988875557
9 24 1 29 30133 0.972209596751612
25 21 8 26 46110 0.9607611760474839
2 8 8 19 42362 0.9106920677263076
14 6 15 20 49920 1.0003661265249328
5 16 25 13 36518 0.9021264118389379
18 11 12 3 26200 0.9588964197690399
17 14 11 7 36547 0.9846421328810537
3 7 11 14 29000 1.0444992728745854
15 25 26 3 53644 1.0802195104707795
26 0 5 16 55625 0.9141570953031858
9 27 2 22 28872 0.9317413480875404
1 11 16 8 44299 0.963655120478419
8 9 15 5 33288 0.9044312652695414
19 0 9 22 53130 1.0598614698533462
5 1 27 0 53105 1.0248178774401797
29 26 13 28 50992 0.9756806079897006
25 12 21 3 25651 1.0357476453686716
17 8 26 21 33656 0.9022040629756084
16 6 19 26 46161 1.061520085633867
10 7 26 0 44467 1.0987360248059774
12 13 1 10 29810 1.0541146553461374
5 26 24 14 54307 1.0092216307121815
19 12 8 16 32354 0.9579720217705263
8 25 18 12 44704 1.0955064111603432
29 2 13 27 78873 1.0287455746267562
22 22 8 29 58922 0.9013054172937168
2 22 11 13 30543 1.0855523912458218
3 10 0 2 22097 1.0738107868004427
27 10 19 0 35216 0.9386698077470823
29 8 25 21 35699 0.9556741659929611
17 10 26 11 25724 1.0887962438527767
24 10 23 19 39899 0.939075204110136
2 8 16 27 61460 1.0939100549335092
14 19 15 4 44448 0.9900012776810668
12 6 28 26 59260 0.9869436600941152
29 23 22 29 35930 1.0324592356014939
14 29 11 5 61498 1.061609258486457
16 1 23 18 42389 0.9100539631554546
11 9 10 20 67803 0.9629274218106305
4 9 11 15 35126 0.9069504485102012
25 13 7 28 67742 0.934874367515674
3 12 16 28 61163 1.014466250768895
17 24 24 9 44818 1.0706665196093963
23 11 23 26 36343 0.9633554310140452
26 13 4 13 33568 0.9958899398497769
13 6 10 25 65261 1.038475807936707
29 29 14 12 63845 0.9011252350557407
25 12 3 1 56710 1.074602332484962
6 21 26 7 56512 1.0768698585696952
8 5 25 7 28359 0.9762286768653827
12 4 21 6 18301 0.9262381851022683
11 7 11 21 65131 0.9654226203309163
22 5 25 16 24634 1.025432010108325
19 20 11 29 52802 1.0148403188347281
13 11 25 23 43637 0.9260995805639995
27 23 13 29 52971 0.9085570130344097
18 18 9 11 32427 0.9950532091008915
18 23 15 5 32504 1.0534171630447926
21 3 2 22 53098 0.9292131566756836
0 21 7 29 38989 0.9749884800108565
25 27 12 2 68150 0.9609994672709257
23 8 11 12 39445 0.9225939125844566
24 16 12 12 32397 1.0969979207273497
0 27 19 12 53905 0.9574778108962514
3 26 10 16 43503 1.0346668384547233
7 26 23 15 58348 1.005169630487127
19 10 5 28 68420 1.0700202758977848
1 2 26 4 47168 0.9655288317190709
24 29 29 21 34275 1.0533950634718945
29 26 4 26 60088 1.0110448524967117
26 16 4 8 49746 1.0815351246265297
13 21 6 2 66033 0.9997984298304101
25 4 22 25 41138 1.0134533479061503
21 7 18 29 36869 1.031910829736824
23 11 16 22 33092 0.9905826435804174
16 3 13 29 75060 0.9951531592624213
0 15 28 7 55947 1.0424137458216174
14 19 0 7 46997 0.9827584044477412
24 2 21 29 50737 1.0487337558280787
10 24 2 27 20074 1.0000993056633949
5 4 7 22 46848 1.088383818102805
27 25 22 6 44443 0.9961550487398981
16 11 4 5 36246 1.047523166159325
14 28 14 14 40478 0.9621825370940689
28 29 18 11 52512 1.0947592066033027
26 19 7 25 48137 0.9132725866467976
8 8 27 8 48662 0.9242589893797872
24 24 13 6 49682 1.0849336521560284
7 25 5 10 54498 1.0088908160460537
19 13 25 28 42423 1.0671222792499002
10 13 29 13 36989 1.0998243715433422
24 1 18 23 43662 1.0427374545871122
27 22 28 7 34905 0.9509828939547962
2 17 19 23 42884 0.9330640305024269
13 13 17 4 30546 1.049344538090497
26 13 17 9 25679 1.085665487382207
11 1 1 15 48192 0.9154948341626318
9 29 20 27 48296 1.0423894901342237
0 9 12 24 47631 0.9764163378933802
20 27 5 15 53222 0.9640340001941821
19 25 18 8 30894 0.9719942049925681
10 2 14 28 81895 1.035885107015592
21 0 12 27 62473 1.0372767816048998
29 16 3 1 65405 1.0601259338920141
24 23 29 8 39058 1.0491159386973576
4 27 25 11 65985 0.9899702879570536
24 28 22 15 38321 0.9745316704720857
9 11 18 12 28886 1.0184448992512825
18 3 6 3 25211 1.063567843447339
23 27 10 11 61705 0.9902578424618931
13 10 20 5 28552 0.9473032053018151
29 7 13 29 81143 1.0569373496819645
19 17 1 7 49479 1.0741841325613526
24 10 29 25 43153 1.0261669967084854
4 27 0 17 28119 1.0042394876997498
13 26 25 16 44606 0.9625294939296719
20 27 1 23 50137 1.0546902019402578
10 24 26 28 36063 0.9266548967802754
12 25 26 5 54590 0.9874246947471483
2 3 7 26 49809 1.0906331162713552
15 20 26 7 49240 0.9723992976059319
8 16 29 21 56819 1.066237900797076
12 14 29 13 26960 0.9666708451009876
28 18 21 22 22254 1.0670257467283433
17 6 10 25 56046 1.0740189710586745
4 28 29 16 75378 1.024883633934278
5 29 7 8 71023 0.9433211725690938
7 12 8 24 43926 0.9929876520681504
2 27 27 2 77577 1.0506846860166292
15 26 16 3 55397 1.0953054760642842
21 3 3 18 51139 1.011969199668141
12 28 13 6 70022 1.074707730133862
14 22 10 8 55611 0.9812340809668807
23 19 24 5 35865 1.0969347486790892
11 15 23 2 46683 1.0331665282559248
13 10 21 23 40250 0.9507630053030767
17 11 2 9 35442 0.9939342917293629
2 25 6 10 34943 1.01635922066593
16 15 2 24 41827 0.9673935024263224
15 4 28 12 41618 1.032450249633375
26 23 9 4 53317 0.9956286094765042
16 14 27 15 19197 1.0409221385390497
15 28 9 1 79100 0.9024778816662185
9 15 5 4 39237 1.0107301009596896
4 4 24 1 39581 0.9419347144071615
22 2 0 11 51842 1.053228895478039
21 26 2 26 42118 0.9594020841792888
22 27 13 4 53843 1.06906738904138
8 24 27 15 51129 0.9519488948399935
17 23 25 4 41451 0.9572700246531611
24 1 15 22 46811 0.9172329491163742
17 16 13 29 46552 0.9931492890140504
2 6 22 21 53039 0.9607334503161373
22 4 9 2 35693 0.9288827529118642
10 6 2 8 22637 0.9148193193154778
24 17 17 28 41072 1.0732266082904958
3 9 19 28 63126 1.0363291975945246
11 2 17 18 51495 1.0562834458926043
7 6 20 4 28716 1.0952935572113423
3 8 5 25 40553 1.0625011819353993
27 5 27 22 29091 1.0878161298201745
2 7 12 28 64383 1.0394624825392347
8 22 19 21 22934 1.0746216501731765
18 8 8 24 43946 0.9015516605850321
17 13 22 25 27945 1.007585524520485
24 7 16 4 25912 0.9783773233452421
12 10 0 24 50370 1.048513689347694
5 10 25 21 58346 0.9041586331969186
21 23 0 4 55247 1.0986349165952212
12 16 5 24 43099 0.9139063256620606
28 3 18 6 25231 0.9947461481438018
29 10 16 11 46136 1.0825877980747538
22 11 11 9 47430 0.9265761383503978
9 27 0 0 68554 1.0933964431258483
26 1 17 8 25361 1.0397356307733032
26 19 20 6 32667 0.9910504867679629
20 7 18 23 33602 0.9993893128408572
18 17 23 0 36452 0.9608866195141558
18 24 26 21 17338 1.0071543557911105
5 7 18 17 46915 1.0941035169950277
23 28 20 21 26589 1.0997370781678886
14 27 5 25 30932 1.0478444690748872
4 0 15 6 37465 0.9336496612302474
1 0 18 14 46806 1.0525773179936295
2 29 26 2 72554 0.9070976195375251
4 11 23 0 58410 0.9136864666744008
4 2 28 21 73651 1.0622111464343083
7 4 21 29 59457 1.041266319251006
27 22 10 21 35149 1.028994015791071
22 2 2 15 51120 0.9902024794002269
14 28 24 18 45416 0.9687227412769983
11 20 23 10 56402 1.0533234211983435
12 6 28 9 39847 1.0640609904945018
11 5 6 13 30608 0.9743506890762321
20 8 24 0 25372 1.0869921765548904
9 28 29 1 87469 1.0573038858955446
26 11 14 2 35084 1.0457843438756065
21 0 1 18 55675 1.0979451666481113
18 15 5 17 33433 0.9689995160996089
26 23 13 29 47394 1.0897098321383172
24 17 27 29 38284 1.0045422619115554
8 4 13 22 55954 1.036003284308859
0 14 29 12 47752 1.0169055669871827
21 27 12 14 30534 0.9782771819954004
7 5 1 26 42869 0.9451604903877302
13 26 28 15 49438 1.027405895679224
16 8 26 11 30020 0.9235647543597503
27 24 21 6 34777 0.9812216981118972
22 28 21 4 39843 1.052419560591612
22 0 14 15 36002 0.941677126236444
27 25 23 10 44079 0.9087299912791353
4 29 5 17 47504 1.0024870919403144
24 16 20 26 26892 1.0994599720390215
11 18 19 22 32323 1.0949483247625746
5 9 27 1 54222 1.0636094267256408
3 21 11 12 40030 1.0439195626093194
9 12 28 19 50371 0.917749598654484
5 0 6 11 37834 0.9465115390651352
0 23 5 2 53836 1.022606112917035
17 19 8 16 35641 1.0137809115612737
4 22 27 21 42705 0.9421611912991779
6 18 19 8 40805 0.9580911591475145
9 14 6 7 25448 1.048307880668997
16 10 14 25 43620 0.9903648671064287
5 21 24 24 42233 0.9203068364771932
9 9 2 0 36544 1.0466151724398245
6 23 18 3 53391 0.9629371301794197
22 0 12 11 47514 0.9311173910376495
28 9 6 3 49503 0.9310081221784016
4 26 29 29 75974 0.9416626234583578
16 27 10 14 41416 0.9809919265912331
16 15 5 2 58224 0.9118127737899209
29 24 6 12 52753 0.9441848076823232
29 24 5 7 71955 0.9991293439054829
27 11 19 2 38194 0.9764619266213453
28 13 13 22 38679 1.0159116194179079
15 3 7 9 41887 0.9373371502131967
7 5 13 12 34104 0.9419807439889103
1 29 21 8 65548 1.0600953192421239
23 15 12 16 27143 1.0094376354259664
24 1 12 8 38185 0.9481145022663611
1 17 14 17 36441 1.0178770601452425
25 20 10 14 36076 1.0174110209214298
9 19 20 20 42099 1.083891183879324
5 4 29 13 56037 1.0656450093094734
22 18 5 14 30806 1.0616424763429442
21 21 11 24 22502 0.9612304814632272
0 22 22 17 48397 1.0543787300119076
2 6 8 2 30422 1.0511236287923282
20 14 9 9 37587 1.0254174611372606
19 12 27 29 50247 1.09765194422351
0 22 4 1 42160 1.042782587354766
5 7 0 1 26422 0.9253412431292266
16 4 4 22 56597 1.0876169126334885
9 4 16 17 45896 0.9122626955116236
16 2 18 13 30332 1.005492622768674
5 10 16 23 57385 1.0889871639052553
0 11 5 3 32901 0.9896625194757808
20 19 1 14 38895 1.0169066391178876
2 23 11 21 22049 0.9140057741176705
9 29 19 11 65928 1.0137554903010773
15 21 29 7 57568 1.0524886631994208
24 16 8 28 67410 1.074682130153068
25 10 7 16 45023 1.0304142369069744
8 3 29 28 88856 0.9597493643169458
19 27 2 9 56477 0.9746700080827494
21 1 13 28 63270 1.000783622814991
6 29 29 2 94347 0.9186619579107901
2 19 23 23 43862 0.9907660446110833
8 8 5 27 63938 0.9143743469555061
21 3 4 6 29463 1.0602234181673997
19 16 5 28 56229 0.904792814504359
6 8 28 5 38531 0.9418002311915503
22 0 29 18 48484 0.9186984649286751
7 14 25 27 48226 0.9052703353417221
7 14 12 8 33389 0.919849290430271
15 27 21 22 25231 0.9963532893047308
1 27 3 5 42428 1.0917058749221966
19 29 27 7 58918 1.0058766125228682
0 18 15 8 47502 1.0514680791904758
1 19 11 0 62205 0.9823929746762975
2 28 2 14 22294 1.0933141494032454
16 9 24 27 54613 0.9951588787297398
1 5 12 8 26480 1.0886676458271118
7 21 3 0 54373 1.0135179169934805
18 1 24 5 14844 0.9316167798841329
28 24 19 18 28344 0.9640039218899175
25 3 12 13 39936 1.0204254022185104
29 25 16 28 42217 0.9240894951204667
2 19 9 6 36793 1.077101605968185
22 10 12 29 63005 0.9142038352239036
29 5 27 20 35039 1.030371182891279
10 12 15 5 41669 0.9695017462118353
2 21 18 12 35327 0.9623207671386246
24 10 5 8 56139 0.9631967448615886
25 29 14 24 34772 0.9913265455922856
15 27 0 25 42937 0.9686710015150765
29 4 6 3 42104 0.9711245175315355
12 29 29 26 58048 0.9541623252362437
2 5 17 21 51422 0.9870261305196633
4 15 23 27 53768 0.936450624872347
25 20 18 24 20212 0.9035662960673236
1 16 9 5 30257 0.9978022545166632
12 27 3 18 45530 0.9397622571925732
8 23 17 14 38424 0.9771903427642566
29 28 11 29 75046 0.9247941976582378
24 24 25 3 40270 1.060854913872124
14 3 28 27 63344 1.0248255233202939
23 9 0 25 65809 0.9471668184074997
4 29 24 1 85987 0.9866813263057914
24 18 17 26 31967 0.9478028729391044
14 29 14 13 46396 0.9331506757966753
14 5 6 29 67783 1.0620952212039336
17 29 5 25 40660 1.0994654649049205
5 20 29 22 52281 0.9098438941266461
28 10 19 5 29191 0.9241363811278162
5 11 25 13 40667 1.0355642327020862
0 24 27 23 51782 1.0527450776614518
24 22 4 0 68897 0.9981699284591002
16 0 24 11 41644 0.9542032420437354
23 20 0 15 53670 1.0141286565114511
6 14 16 2 47373 0.9198850429427572
21 16 16 5 22697 1.008319541657352
10 18 21 17 41607 0.9566878653533624
5 1 24 1 44386 1.058546032477697
5 3 6 16 43982 0.9937783310611119
26 16 7 16 37791 0.9451163422760814
4 7 9 23 49864 1.0056022733720038
1 26 0 8 36437 0.9046993217218982
2 29 18 20 40317 1.0324249627711666
25 5 11 6 25139 1.0031307619931142
1 10 15 22 47206 1.0560483310239808
2 19 20 10 44524 0.9557449633936783
28 18 2 5 58007 1.0186167800356614
0 24 29 18 64062 0.9430927092983492
15 3 10 26 69161 0.9706322292109669
27 23 1 14 50839 0.9402005684740874
5 12 24 6 51371 0.9536946220740249
26 4 17 3 19062 0.9748949468339965
13 5 17 20 36797 1.0408870407964161
23 17 13 20 43837 0.9267875696859779
17 13 8 9 43122 1.056549574062362
29 16 14 1 51417 0.9019383624877894
27 22 14 1 52816 0.9056203433251789
1 15 24 22 46851 0.9707566691491325
15 5 10 12 41669 0.9088731470041624
17 19 5 14 28241 0.9068561437383529
15 25 1 17 47125 1.0895609740506271
8 23 27 0 71632 1.0217749101178968
26 6 5 19 59000 1.0119760087457883
28 23 26 2 39206 0.9483111320170532
12 12 1 14 23161 1.0176560818894769
23 22 0 10 49823 0.965885291321288
8 20 22 6 67090 1.0796702827034474
24 23 16 8 40085 1.0707571064493402
5 8 22 25 61307 1.0786465633356044
2 13 6 28 36721 0.9218693402168943
0 21 9 20 26739 0.9868275169078415
26 10 24 20 28492 0.9875555582242141
25 8 10 0 50459 1.0989280965115227
24 19 13 5 46159 1.037517049133079
0 18 29 28 74715 1.0223395070375791
0 13 10 0 50470 0.9490616893601902
25 26 14 14 36756 0.9001152698663288
20 26 12 17 42757 1.0840533840498516
12 3 8 23 67193 0.9824081352336989
8 15 2 25 33569 1.0041147587459498
16 3 1 8 40146 0.9024662331565826
11 25 21 1 56897 1.014180566552394
29 29 20 27 44232 1.035479272807541
7 14 29 6 46221 0.9924055867122479
19 24 6 2 57054 0.978755271752194
4 11 17 15 31491 0.9758285913582998
10 14 19 27 37918 0.916277690371541
3 17 6 2 41171 0.9990321067347181
26 10 4 9 53033 0.9938139402087407
23 21 14 14 28807 0.9644418400002864
10 5 13 26 56557 1.0697069063666027
14 7 4 19 53395 1.0603244221173953
22 14 23 0 28669 0.9120934522876314
18 28 27 12 39331 1.0867677978195178
10 5 0 17 33264 0.9459094242148415
29 20 3 13 63311 0.9808557527980172
23 24 28 14 23962 1.0806311877209371
19 25 1 12 50455 0.9223938503170304
13 1 16 15 42694 1.0912975403559044
20 28 6 29 54198 0.9205208008214744
0 24 18 9 47892 1.0944866189620825
9 2 25 1 41792 1.001274094069153
5 9 22 19 55062 1.0372573700941636
26 24 13 5 45264 0.9655215485793565
13 16 10 28 57763 0.9315998572747596
0 1 0 27 49480 0.9037177105200774
3 28 9 4 55983 1.0537944544313373
10 29 22 16 65814 0.9636447880892175
1 5 18 23 50295 1.0684670531581122
19 18 1 0 57418 1.0389091782421485
8 20 19 2 72627 0.9039082894122958
3 16 26 26 56425 0.9986112900256541
16 10 2 25 52969 0.9885273838490916
17 3 6 16 41954 0.91446783361523
27 17 22 25 29696 1.0833537902871486
22 13 8 7 46476 1.0671570958753471
26 15 13 2 47666 0.9899307520629634
27 20 26 9 24940 1.0068041871833517
22 14 15 28 42757 0.9769823262722032
21 8 27 26 35723 0.9287690993099829
17 6 25 26 48583 0.9808264656578074
20 14 13 25 33129 1.0601074428893495
5 8 20 4 36361 0.9583613545397532
8 9 18 4 38899 1.062018417385224
18 27 13 13 32968 1.0532261979348192
22 16 7 11 39749 0.9964979665487352
24 22 4 27 50594 0.9299904405569476
13 9 4 13 38847 1.0128446913515905
16 3 13 12 41925 1.0458489351292728
0 28 15 7 68813 0.9277241316892706
13 12 21 10 25807 0.9282469907172894
23 6 6 20 58387 0.9822468520000008
24 10 4 0 63560 1.0448154047614833
28 25 28 7 45107 1.0832094764320903
9 11 29 27 67546 1.0652613878492176
27 23 6 25 47799 1.0400765913836014
16 1 8 27 77889 0.9847479187043723
5 26 18 23 32851 1.031581754163359
3 19 22 25 50483 1.0867339501180715
22 20 3 29 60725 0.9928322441472273
17 19 28 18 36290 1.0043010725212285
9 26 25 2 72671 1.0532856965707902
24 0 11 5 31201 0.9590402536175492
0 7 29 16 59972 0.9479004384521649
5 19 19 8 49931 1.0871835703677752
14 0 1 29 77324 0.91872616792947
5 17 27 10 53202 1.0827125615238031
20 21 18 3 35523 1.0592618037091721
1 2 7 28 69012 1.0665765159536333
5 5 7 14 24830 0.990518528832114
23 14 17 3 25460 1.0684814100474873
2 3 12 26 61878 0.9394220292933411
16 23 3 8 57186 0.9777862350236908
16 9 8 20 66092 1.0583456881602238
26 3 7 16 51149 0.9229615711417135
0 8 0 22 28240 0.9549420972692135
14 9 24 24 44566 0.9258756329188158
1 29 26 1 82740 1.080618104730359
19 1 13 6 21417 0.9838920966887924
6 11 4 29 50401 0.9107217675625735
21 21 15 12 29703 0.9543419413173284
27 11 5 5 41865 0.9939672887273934
10 25 23 11 55838 0.927551899388337
25 2 22 10 26920 0.927940904203568
27 0 10 14 44684 0.9106295442827244
20 19 10 22 28052 1.031165372089824
15 8 5 19 53061 1.0162798078933573
28 3 26 12 23361 0.9005280642221672
1 2 2 20 38194 1.07142337277676
20 17 26 12 20300 0.952162140120873
18 5 23 25 40500 1.049701327787652
11 9 24 13 48285 0.9425312280935108
7 1 17 13 47382 1.0231985290987926
29 9 10 9 66615 1.094326942465641
11 2 20 24 59835 1.0247451261285916
27 15 9 9 51527 1.01391572017759
2 7 11 14 23016 0.9611469659243672
18 18 29 13 26025 0.9829567719054039
3 18 9 9 43918 1.0664871156460962
1 5 1 23 35582 0.9709457803552839
16 7 1 2 44207 1.0393461826607782
8 8 1 29 62715 0.9186454186967663
29 8 16 24 48893 0.973016722145368
11 14 18 24 24898 1.0498112313937473
21 15 28 3 33326 1.0314477939085671
19 8 14 16 24479 0.9422748154270902
17 21 23 12 32676 1.001558295125238
2 12 25 2 50530 0.9319064533170566
27 9 7 3 51823 1.063984106176478
3 21 18 4 53217 0.9374241237473508
9 8 19 24 57681 0.9075102786209125
22 29 9 13 50066 1.027197092633404
2 28 25 10 63055 1.0470851002515884
12 23 5 18 31073 1.094137017514635
25 11 16 18 32269 0.9980487121200514
18 21 27 8 33802 1.043133891388426
15 16 0 22 41423 1.0186280715501153
2 20 8 15 26022 0.9584440110514143
10 23 22 20 35309 1.009252553361225
4 15 10 9 40903 0.9746425200598573
8 28 27 15 73609 1.001123605908605
7 19 25 16 51426 1.0378995276764
21 16 1 17 39733 0.9844532674607036
21 6 17 28 41598 1.0145121613980232
19 17 7 9 49088 1.0334928828490015
3 5 27 13 46730 0.9133125407709641
24 0 4 25 78230 0.9350208501951162
9 16 23 15 31732 1.0947280935874726
15 9 20 29 59505 0.9440182490694384
13 22 4 12 41972 1.080725816946002
21 26 27 22 15360 1.0196413280014303
16 2 4 27 77823 1.0641517016688435
2 9 26 7 41302 1.0413131009425736
17 22 24 18 24616 1.0952133820445047
11 17 25 27 59455 0.9402563820750005
5 28 3 7 54578 0.9231226871779112
7 14 16 27 45316 1.0365027256677883
8 24 25 22 33022 0.9305461386001256
4 26 29 20 65067 0.9275645434553694
21 17 29 10 33005 0.9398033323417261
19 27 23 7 51316 0.9774572708675
26 27 11 13 44853 1.0414237570623115
26 11 13 11 32980 1.0581366949752369
12 25 15 8 50714 1.054168668077713
18 14 2 28 42956 0.9296009624092725
28 13 11 15 32504 0.9149012848706678
22 3 11 7 34956 0.9294260695153018
19 17 24 7 38584 1.0543812125766232
28 21 16 0 59052 0.9029481588010181
3 3 0 23 43925 0.9025952420565168
19 24 20 2 43956 0.9439798886826182
27 15 24 28 37873 0.9712353572209489
15 20 4 9 59101 0.9048217888240372
29 2 2 12 60823 1.0216700905573108
13 18 8 6 57183 0.9592155267901087
12 2 10 28 89304 0.9940692210919093
20 25 5 9 62069 0.9213750277706411
7 25 23 11 60598 1.0711424415962405
11 29 19 8 67373 0.962761828851356
3 14 3 26 22892 1.0719530405524433
4 16 11 21 36994 1.0548422550581371
23 3 9 29 85716 0.954096760230494
5 13 5 3 42876 0.9758843132182392
25 10 12 26 54408 0.9549335120762925
8 14 5 24 29542 1.025100396611829
19 4 29 12 43198 1.0559377112196926
7 25 27 6 72857 0.9401044733305883
1 25 15 24 30143 1.0619078856406605
21 5 14 1 19987 0.964712823018453
12 17 18 24 34066 1.033578009500567
29 3 0 18 68862 1.0107999086678037
28 2 14 26 68049 0.9628320176900766
9 0 22 3 42994 0.9417226083072909
24 15 5 16 36324 1.031283439187369
10 0 20 19 62015 0.9971910057326979
27 13 13 10 38439 1.0083803380177152
21 9 8 10 47094 1.0594255934539814
13 5 28 2 33379 1.0953862354058046
8 24 28 20 47423 1.0569534464003
9 9 24 4 43227 1.0916698780351488
12 25 22 24 23106 1.0155513264028913
6 15 1 21 24996 0.9393702209390302
21 10 17 27 33570 1.0165042478848436
21 17 16 24 18908 0.9317539967087887
28 11 26 2 23082 1.0531024917584482
15 27 1 27 47221 0.9556176287317986
13 17 10 27 51053 0.9351248863883654
16 19 1 2 66499 0.9235222914412172
22 29 8 14 46674 1.0189514606745078
7 21 21 26 35658 1.0328416590594072
4 16 29 12 50729 1.058014735642173
1 11 6 18 27213 1.0644774827741894
6 16 22 24 41780 1.017448601939509
2 13 18 28 44102 1.0391546920630228
29 5 5 18 58835 0.9444082339536555
18 7 6 9 31231 1.077299882068239
22 29 2 1 74439 1.0048391764653664
0 5 23 8 38690 0.9573918565349099
15 16 22 10 28396 1.0856457321010775
0 4 21 21 52124 0.9288246263488674
11 9 22 2 46697 1.0620274775981136
8 2 16 14 51103 0.9095130653215401
24 12 7 1 59459 1.031838226131251
17 9 29 15 33692 1.0305968629769868
27 11 9 26 60519 1.0393522478537178
20 27 23 14 27501 1.0376622498225685
27 12 20 23 32107 1.0978195017285342
23 8 10 0 47482 0.9034102377708854
27 16 17 17 25031 0.9516131719993033
23 8 3 26 61324 0.9202016544315097
0 28 24 7 74771 1.078273379399228
16 0 3 2 42453 1.0373269020941707
3 5 14 20 48936 1.089918800609046
23 2 25 16 37661 1.0449146473304198
19 0 12 3 27744 1.0209403749530166
16 19 15 7 44099 1.0543390729638213
24 29 26 16 33731 0.952326256059592
3 27 25 4 73430 1.075529274872841
15 26 13 10 50111 1.0092139651199536
5 24 11 2 64618 1.076880889114367
23 28 10 7 74203 1.0977221653957987
21 13 14 7 26829 0.9970657641624279
7 24 13 11 54437 0.9410778631800747
6 28 18 7 61374 1.0215342118529012
26 7 1 10 48861 1.0225882291427948
20 26 8 16 48364 0.9058061034604138
17 29 11 1 66455 0.9943803954070412
29 0 3 8 57875 1.0932884694244966
5 25 25 16 58472 0.9759922172649157
12 9 22 23 51114 1.0058451490672975
18 2 24 12 33474 0.9623405287157508
14 12 6 28 56633 1.0816308738087979
22 28 7 7 70208 0.9498671255371052
13 26 13 3 65067 1.0830755770009501
29 15 16 0 47815 0.982330100883113
26 16 19 8 24318 0.9629375496001535
12 13 18 25 29736 1.010012919908148
10 17 13 28 59669 1.0277957007845187
5 28 10 9 76817 0.9923822130258231
5 13 8 25 45744 1.096395450901223
17 14 2 27 40060 1.06819891046849
3 23 3 3 46402 1.0590319239450157
12 13 25 28 49113 1.0640847493034693
20 4 25 13 26737 1.047338313784701
12 13 17 24 30111 1.0971324899721584
15 20 13 6 55468 1.0992457456560147
6 6 29 27 73411 0.9147667512917294
16 16 13 7 39573 0.9740224436355353
13 16 28 10 42096 1.0500056375677114
11 9 27 29 78728 1.0346313155009264
27 29 17 24 33640 0.9030305416538956
29 6 14 20 55481 0.9020561326142595
19 21 3 12 45331 0.9240350666411484
18 3 10 17 47615 1.0277643104650158
0 3 9 17 43795 1.0051762787313945
22 28 7 2 76447 0.9707471637813515
10 9 2 7 36838 0.9833741965705513
2 11 6 4 18007 1.0928046444824162
22 28 8 22 35431 1.0364759587028638
15 9 22 6 30468 1.0485079529328227
1 2 28 8 57247 0.9928963751552257
16 6 18 21 35601 1.0236876282720688
6 2 2 26 48195 0.9997010400693258
2 9 9 16 26604 1.0621027625057844
16 20 4 7 63405 0.9544821152087603
9 26 11 12 60555 1.0927024960404932
8 20 24 2 78086 0.9003029503858849
29 20 14 11 52232 0.9580546603263513
14 27 11 16 42832 0.9419523791061218
26 29 15 4 55951 0.9857279708954927
14 12 20 19 28580 0.9417420464773606
2 24 5 17 27588 1.071956976641989
28 21 11 1 66483 0.9825475647788806
26 15 5 16 36373 1.0456054720624386
10 3 27 19 62323 1.0602403585332263
7 0 19 11 49201 1.0766100088881483
16 12 13 29 57948 0.9656995010634063
24 4 14 10 32455 1.066637634757504
11 13 25 12 28942 0.9058088639141595
9 6 28 19 58732 1.0220029048076749
4 21 23 11 57254 0.9082320446654086
27 1 10 2 46786 1.066212419225827
5 17 13 5 49623 0.9170125539146824
29 1 22 11 32401 1.0288787081997328
10 19 13 2 77661 1.0438203894838511
13 7 23 11 39152 1.0200137147269812
6 25 15 6 63609 1.048562508636609
20 3 2 15 49516 0.9894938535606059
25 29 23 9 54348 1.0454513004057593
2 23 1 5 30162 1.0241302015450602
10 0 26 23 69005 0.9859072568230064
12 17 17 3 41057 1.0730121233917984
28 26 19 9 48681 0.9043292245043983
9 21 27 20 43145 1.03783044316232
27 12 6 7 48555 0.9721366710455133
8 0 15 3 33704 0.9439785080498428
23 22 10 4 49604 1.0641329142342044
11 28 17 21 37848 0.9321701980073402
11 17 7 11 37509 1.0748219490753044
21 26 2 20 40454 1.071438289924006
25 4 0 9 44039 1.068885750157261
9 0 29 3 57226 1.084631830013667
3 20 10 14 28637 0.9162218184894524
10 8 27 21 62638 1.0272377853733974
11 19 24 6 59080 1.0315772529290357
9 15 26 24 41472 1.0383640886175247
28 9 0 2 56207 1.0615488443014498
19 25 19 1 44646 0.9026219465005041
15 4 3 7 31548 1.0472829423827714
17 1 22 21 41255 1.0108111927795527
6 0 7 19 60291 1.097333345954772
28 20 14 23 35155 1.0864166322821018
10 23 27 27 47200 0.9823524099365165
12 27 11 11 64295 1.0624555172950636
10 13 4 20 39043 1.0265720720510318
14 22 22 18 21311 0.9648744017032649
22 18 14 21 24264 0.9136113853642854
2 4 19 11 36134 0.991104087988094
29 4 17 7 26642 1.0406793630708302
29 26 16 24 29862 0.9533152708994714
22 5 14 28 52909 0.9907395132614676
15 7 13 18 43583 0.9152174171667383
4 13 18 5 36287 0.9198921051934386
25 26 0 16 58779 1.0390058571856506
29 28 18 12 50179 1.030902840173043
13 1 19 11 32134 0.9207947265047076
20 16 21 4 20442 0.9142334953939156
18 9 0 24 47892 1.0836963559585757
25 18 20 2 42101 0.9258841634442561
1 9 1 19 29190 0.9647506304903098
20 16 7 9 47667 0.9835088854377365
0 21 21 20 39670 1.062495198010814
16 18 13 5 35816 0.9139188987907194
17 29 26 19 34287 0.9108718060947935
25 7 0 28 73256 1.0166595570056725
14 27 18 6 44715 1.059072084864546
23 2 3 0 52551 0.9292508303831963
11 6 3 10 31313 0.9013045452166709
21 25 20 3 39560 0.9607251895720649
23 20 24 7 47587 0.9189629263335503
26 12 24 3 21742 1.0792505612548577
14 18 6 0 61242 0.9914595330717257
28 26 9 4 63119 1.0915755864388315
28 29 0 10 78962 0.9047301733914853
13 1 25 19 54320 0.9531029235479208
28 5 11 13 40265 1.0786364177288221
9 14 3 20 27393 1.0986026111544183
26 6 9 12 43083 1.058477879212826
29 6 11 3 40963 0.9537854231535327
20 9 23 22 28623 0.9135345152001015
18 18 28 1 40415 1.050456535965927
8 13 12 6 44232 1.0394710654331356
3 20 16 15 44000 1.076506677515109
5 17 6 4 44097 1.0389713010628332
19 24 28 23 22008 0.9158766743814034
28 29 8 27 74120 1.0136648577296095
6 22 9 0 62029 1.0256740644390694
22 12 3 12 40550 0.966907096985447
25 29 19 12 48103 0.9243072898152344
24 28 10 4 68869 1.0454831702767249
22 27 2 26 48582 1.016218884493091
27 18 23 12 24032 1.0816427838291047
18 29 24 17 37902 0.9180236519770271
29 13 20 19 28609 1.0954839032858672
20 1 12 29 72624 0.9710888847121143
25 10 13 14 26473 1.0386923290051921
