7076 7261 8729 7587 5054 5915 5834 4986 5321 5699 6194 5717 4788 5002 6413 5445 5063 4502 4741 5422 6381 4885 4582 5748 5819 5603 5447 5826 4987
3502 3205 4001 4559 4415 3898 4362 3584 4168 4758 3817 4989 3518 3430 4247 4819 3522 4148 3182 3553 4252 3423 3712 4591 7826 7404 6871 6826 7221
7540 7734 7160 6867 6868 6675 8226 8158 7714 7060 7318 7166 8407 8030 7107 7761 7571 8342 1560 2879 2623 1517 2302 2522 2674 2733 1939 2381 3008
5876 5566 4956 3995 4982 2731 3372 2586 3127 3332 3358 2058 3085 3429 2010 2243 2401 2356 2697 2504 3806 3830 3405 3535 3688 3855 3265 1971 2355
5841 5107 5423 2446 2191 2119 3264 2761 3152 2591 2969 2341 3706 3385 2047 3161 2707 2578 3251 2999 2530 2201 3175 3371 2536 3725 2617 2376 2708
4503 3470 4499 4204 3916 3744 3789 3654 3243 4286 3579 4178 3482 4206 3240 3818 4103 3575 4011 3679 3154 4242 2782 4418 4142 3731 4099 3272 2598
6473 5824 6525 6098 5826 5407 5270 6330 5548 5034 6731 6312 4963 6357 6085 6627 5131 5638 3476 2767 3392 2401 3047 3733 2349 2324 3111 3504 3090
4374 3820 3340 3523 3134 4097 3501 4083 4343 4196 3258 3215 3421 3922 2931 4193 3155 3133 3064 4400 2710 3069 3730 3034 4208 2593 3287 2774 4331
3338 2959 4098 3042 3279 3761 3442 3256 3622 4092 3364 2928 3869 3360 3954 4209 3694 2850 2514 3652 4371 4356 3758 2482 6626 7830 7996 7444 7198
7047 6525 6890 7948 6888 6735 7949 6174 6652 6655 6750 7561 6840 7969 7966 6981 5749 4015 4252 5043 4691 5056 4543 5549 4624 4127 4629 3947 3924
6203 5880 5189 6179 5520 6260 5335 5358 5280 4878 5206 6159 4950 3843 4097 4441 4999 3578 3840 4653 3506 3484 3944 4095 3272 3990 3124 4371 3760
3183 3906 4567 4603 3932 3907 4209 4663 4571 4673 4543 3928 3269 2855 3181 4175 4408 4218 4049 2946 2898 3394 4948 5779 5415 6746 5701 6318 5969
3800 3929 3843 4371 4139 3614 4712 4734 3892 3823 3586 5446 5162 4000 3963 4102 4214 5170 5153 4697 5139 5202 3964 4433 5326 4854 3901 5270 4901
4242 3961 4571 4570 4520 4801 3896 4336 4126 3971 5066 4725 3526 5138 4650 3635 3559 4337 7204 6307 6378 6516 6356 6935 6072 5969 6251 7671 7693
7310 7352 7304 7708 7105 8270 6572 8074 7295 7041 7116 7771 6043 6834 6847 7442 6377 6392 7747 6897 6308 7293 5929 7819 6263 6710 6323 7491 7355
6444 7236 6952 6171 7274 7573 5893 7404 6904 6754 6370 6668 6827 6346 7289 6119 6078 7148 5855 6075 6292 7611 7254 6327 7605 6325 6489 8074 7149
7646 7431 8223 8027 7243 7228 8088 7908 6932 7594 8653 7960 8640 8395 8555 7624 8021 8011 7715 6699 6338 6002 5491 6931 5338 6425 6102 5777 6009
5368 5175 4595 5101 5270 5648 6209 6222 6437 6347 6379 5551 6256 5732 5848 6452 6204 6425 6671 6915 6785 5902 6453 5948 6278 5866 6483 5124 5856
6874 6128 6968 7128 5293 5970 5288 5221 6988 5614 5333 5503 3412 4171 3741 4520 4565 3143 4467 4024 3067 4390 3854 2966 4679 4033 4508 3777 4684
7722 6776 7332 6763 7515 7270 8207 6430 7783 8156 8214 7580 7599 7127 6588 7304 6873 6757 7256 7280 7671 6545 6587 7315 6643 8116 7990 7651 6553
6012 5336 5514 4448 5397 4809 6016 4750 5149 4573 5904 4458 4492 5177 6215 5040 4457 5283 4565 4766 4795 5893 5410 5783 6013 5407 5723 4500 4659
2255 1371 1374 2017 2157 2982 2504 2703 1366 2819 2524 7343 7730 6681 6861 7417 8522 8358 7476 6723 8111 7108 7053 7754 8036 8526 7654 8086 6963
2812 3275 3496 3866 2856 2659 3673 2549 2291 3409 4062 2307 2675 2435 3455 2456 4179 2999 3792 4169 3698 4063 3762 3309 3175 3062 6324 5956 6108
5735 5628 4966 5246 6635 6361 5828 6372 6664 5709 5406 5836 5430 6015 6292 6006 5894 5395 6832 5607 6450 6496 3993 3206 3438 3868 4718 3212 4197
5327 6003 5885 6440 6235 5472 4986 6377 5137 6112 6453 5711 6000 5326 4308 4321 5978 5789 5439 5574 4316 4983 5087 5740 5813 5190 4802 5464 4522
6902 8481 8431 6952 7363 8329 8507 6885 8590 8094 8525 6809 8609 8170 7938 8039 6926 7295 8223 8523 8139 6715 7395 3581 3727 4349 3058 3424 2702
5327 4349 4362 5948 4960 4384 5798 5513 5649 4730 5806 5282 5853 5025 6021 4470 4390 4622 5652 5821 5734 5872 5826 4464 7792 6877 7233 7639 7749
6827 5860 7203 5453 7041 6141 7192 7354 4576 4919 4809 5314 5683 4744 5186 4055 4949 4622 4533 5025 4276 4767 5484 4148 5128 5472 4025 4584 3806
2685 3495 3639 3575 3586 3856 2980 2080 2861 2689 2500 2324 3419 2659 3927 3961 3125 2852 3101 3484 2723 4420 3723 4400 3458 3338 4320 2631 3966
6822 8048 7326 7570 8138 8201 8421 8045 6698 8564 8214 7066 7659 8326 8491 7220 6836 7242 1891 1729 1274 2389 3087 2497 2377 2620 1554 2201 1625
2574 1344 1811 4159 3512 4456 5903 4717 7251 5234 7297 5035 8408 7404 2994 7330 6217 6675 6325 1911 2307 7170 6744 7741 6869 4741 7144 7412 7348 3196
2512 2204 3416 3856 3596 5432 4387 3421 7539 5302 6724 4065 7484 8016 4585 6979 5902 2083 7660 2034 1351 6612 7543 6942 6990 5451 6311 8597 8271 4029
1696 2336 3065 3870 3585 3549 4758 4807 7748 5876 6922 5270 7938 8218 4146 7306 6452 2137 6967 2101 1187 6544 6509 7418 6800 3820 7023 6952 8337 4312
4330 1331 2728 3477 4543 3434 5002 3718 7878 6322 6175 4271 8121 7446 4666 6840 5932 1854 7832 2802 3030 6694 6514 6669 7435 5725 7558 8697 8349 3171
3809 2763 2297 3321 3712 4615 4443 3745 6425 6538 5554 4116 8395 7033 3647 6076 7712 3342 5937 2566 2710 7120 7696 6497 8680 5597 7659 6815 8541 4514
4867 1507 3618 4293 3329 3255 5678 4509 6166 5437 5963 4243 7103 7468 4091 6994 7769 3134 6936 2126 2673 5985 7634 6314 6931 3820 6593 7579 8641 3015
3672 2397 2970 7576 3160 3116 4511 3829 2023 5291 6587 5151 7839 7488 4503 7195 6655 2936 6192 2768 2856 7184 7421 6239 7035 4634 7977 8656 8326 3388
3948 2620 2853 7877 3639 4301 5950 4912 2926 3983 5791 5762 7147 7427 2814 6830 6950 3207 6881 1871 1927 6987 6282 7420 6869 5429 7034 8695 7820 3202
3865 1129 3543 8028 3174 3158 5487 4691 2188 3333 7196 4540 8360 8233 2087 6762 6372 2175 7141 3001 2982 7053 7470 7449 7388 4315 5167 7644 8490 3464
4588 2747 3791 6732 3362 3516 4243 3372 2873 2494 7131 4439 6626 8161 1856 6779 7450 2063 6503 2930 2003 5634 6310 6309 7445 5295 6212 8563 8253 4839
5171 1553 3256 6628 4516 4251 5777 4031 2334 2570 6928 5189 7037 7522 2823 6564 7801 2966 6193 3630 2976 6395 7304 6479 7310 5185 5695 7031 8056 5628
4206 2068 2962 7753 3455 3163 4691 4693 1769 4241 6510 3991 7640 8064 1426 6059 6290 1587 6247 2480 2658 6676 7390 7053 4712 4709 5595 7524 7913 4891
5217 1940 3790 6996 3172 4037 5325 5141 2828 2982 5534 5332 5564 5386 3076 6412 6839 1933 6651 1906 2514 6879 6726 6625 3173 3919 6387 7472 7896 5846
4079 2674 2171 7307 4403 4635 5068 5048 1737 3757 5727 4812 6043 5091 3124 7325 6697 2275 6676 1853 3652 5936 6105 7032 3196 5344 6954 7098 7898 5217
3414 2497 3566 7643 4352 3303 5225 4986 2648 2951 6388 3945 6699 4546 1383 6952 5933 1921 3936 2464 2122 6489 6988 7002 3995 5300 5862 6821 8402 4349
5007 2973 3688 6806 3616 3963 6596 5242 2975 3711 7086 4158 5127 5341 2239 7392 7620 1884 4203 2631 3270 6323 6320 3155 4195 5635 6809 8069 7648 5447
3518 2338 3124 7136 4267 2972 5682 4995 2426 4334 6655 4713 4981 5749 2088 7561 6015 2403 2941 1955 3117 5871 5879 2992 3819 5655 6276 7589 6697 4855
4032 3240 2817 7382 3548 3101 5758 4456 2352 4290 6637 4392 5128 6176 2875 7821 6457 2288 4681 3007 1995 7356 6441 3534 3335 4938 6017 7183 8056 5984
3370 3223 2823 6705 3789 4310 5226 4135 2151 2916 6710 4419 6580 5873 2344 6121 6526 3415 4376 1221 3109 7895 7138 2695 4219 4789 6234 8710 8252 4840
3699 4483 3173 8169 2886 2898 5377 3313 1950 3066 5817 5219 6197 5105 2630 6346 7418 3108 4570 2016 2911 8130 7188 3534 3546 7065 6499 6870 7287 5522
4225 4930 2512 8224 3405 4231 5692 3769 2569 3676 5894 4623 5759 5094 2425 7494 7217 2066 3195 1868 3070 7055 6634 4290 3658 7663 6151 8555 7975 5148
4715 4537 2089 7045 3749 4731 6810 3998 2250 3238 5672 4366 5573 6035 2690 7232 7713 1696 3508 1682 3653 7730 5854 3975 3434 8038 5525 6807 6625 6001
3804 3823 2097 7956 3597 3635 5340 3311 3169 2495 6236 5562 6644 5703 1692 7572 3951 2594 3300 2838 2687 7412 5481 4455 3741 8004 5354 6946 7015 5177
5243 4726 3316 8300 3677 3848 6212 3639 2855 3119 4458 4957 5798 4942 2843 6630 3449 2283 3940 1373 1873 8343 4125 3291 3531 7082 5825 7888 8264 5752
4780 3209 2616 8333 2944 3122 4995 4228 2763 3822 5588 5028 6236 6031 2153 7439 5102 3230 3671 2295 1837 6707 4619 4116 4379 6528 6007 7727 7682 4530
4117 4496 3840 8284 2622 3099 5566 2081 2896 2459 3810 4937 5914 4744 2014 6248 4028 2912 3760 2599 2389 7464 5004 4220 3367 8408 7045 7219 7608 4726
4756 4390 2294 8216 3460 3139 5028 3178 2442 3477 5164 5519 5195 4564 1678 7626 5176 3271 4662 2788 3263 7697 4567 4440 3943 7926 5251 7773 8466 4397
4287 4677 2688 8351 2223 3271 6183 3041 1808 4082 4395 5829 4825 4893 3132 6894 3847 2382 3089 2408 2080 6815 3966 4288 4551 7084 5568 7147 6778 4872
3839 4421 2044 7012 2515 4620 6127 3295 1920 3348 4061 5111 6533 6077 1312 6176 3986 2348 4100 2411 3521 6462 4291 3730 4127 7049 6582 7602 7951 4406
1 14 12 0 72078 1.0198122017926425
28 12 7 2 83088 1.0389602531206574
19 25 1 11 95201 0.9620356363592993
17 0 22 10 40639 0.9821653985301735
27 25 3 19 84798 0.9765323784901264
5 9 24 0 76118 1.0702764934693523
29 27 6 18 74998 1.0094002907529194
9 14 12 29 71529 1.0416033494227968
1 16 22 6 87486 0.9753277749377046
8 20 25 21 52695 0.9188037220199188
23 17 1 3 97036 1.0052157035432288
13 13 23 0 65939 1.0405252990573433
4 2 22 2 50799 1.0703116823882965
8 14 26 13 46793 0.9392742783503453
14 26 16 4 117019 0.942103446220556
23 0 28 10 49450 1.0221470473124539
27 25 11 20 66050 1.0708080706858005
13 5 3 0 43553 0.9380128856499941
16 12 1 25 83652 0.9942083185469609
13 24 18 15 53536 0.9108795759366711
3 24 7 1 77921 1.0801985719900868
20 4 20 20 57440 1.0877998550696788
12 12 13 0 52271 0.9486625354032144
5 21 18 25 56855 0.9776753557364102
27 17 25 8 36993 1.004171682929131
12 24 17 6 94762 1.0979871162641035
10 20 1 4 70805 0.9073257593690746
12 4 17 16 67318 0.9078022514551587
21 0 1 17 96418 1.0773318730604244
12 18 29 5 81749 1.0276434700135884
16 20 4 25 46156 0.957275588917835
17 20 20 8 50748 0.9349520811179034
4 14 29 8 80005 1.0024499200477694
27 26 9 17 77896 0.9803752039989939
21 5 21 20 51384 0.9591927247018265
21 7 18 0 25954 0.9354727762595137
6 2 18 20 92391 0.9301648864694585
14 25 28 0 119436 0.9446640534846148
26 14 17 18 36901 1.0276852901782265
19 27 9 26 67358 0.9001138904876181
23 16 7 12 53085 0.9635351535549532
25 24 26 13 56176 1.0564915861970594
16 4 3 29 116893 0.9565705299936851
0 16 12 22 54844 0.9431915012672673
7 26 10 19 30854 0.9412469649919658
9 0 23 5 55968 0.9799871553972066
15 2 26 27 116252 1.006498754262725
4 13 7 6 33104 0.9859795097200332
28 2 10 10 68101 1.052954008643655
1 4 15 7 61593 1.0185554218724329
4 25 16 17 48311 1.0910003987036079
27 8 6 2 73876 0.9307674187109838
9 6 2 9 41231 1.0136716324574369
9 17 25 5 76360 1.0204518282077724
7 27 23 0 119638 1.0037944289952838
23 7 14 4 40815 0.931763659350777
4 4 22 3 62164 0.9713985524692582
19 25 2 22 69557 0.990219092847554
26 11 10 15 58082 1.0262596538973678
11 3 6 8 33658 1.0175985742566334
10 1 2 18 70998 0.9565653854429053
26 15 17 12 37523 1.0797159983085787
28 14 12 3 75210 0.9194004593113511
16 20 27 11 58925 0.9617947647478093
23 16 3 6 84758 0.9928142276060575
20 22 15 9 75004 0.9213866078571228
29 13 19 26 79163 0.966161199676772
13 3 6 29 106918 0.9563429821448146
26 10 18 0 49823 0.9988264069646763
25 23 28 1 83927 1.043901943748736
7 27 16 21 53073 0.9454417129566698
27 27 9 13 101304 0.9339368951390914
11 19 21 6 63663 0.9586576110674039
3 8 1 18 33411 0.9025909756932651
21 24 7 27 69275 0.9585876270549943
8 9 4 26 64702 1.0007570683790339
16 28 7 29 48892 1.020731695305217
2 7 28 25 117367 0.920999228222504
8 11 0 25 65032 0.9955929553639011
29 6 4 12 88763 1.0469130075816009
15 0 10 11 61891 1.0546271845721913
13 29 20 0 129582 1.0106081015771728
1 20 26 24 83743 1.0759761284174316
22 19 11 13 43307 1.0554862589031284
23 1 12 9 48452 0.919061552090869
24 24 0 13 99312 0.9601281184470114
27 15 5 27 94416 0.9131570437603407
29 8 11 19 71848 1.026458845268772
13 15 1 16 40133 0.9787008466031093
18 10 20 0 38226 1.0188290802336062
10 3 18 27 116431 0.989796781828554
12 23 17 13 57668 0.929470964558076
24 12 7 25 85410 1.0523476489438393
8 17 26 16 47189 1.0608763764919185
19 12 28 13 37152 0.9775151096971242
24 24 3 19 71050 0.9495925763023898
9 28 27 13 97309 1.0330074205372635
27 26 26 15 50344 1.0958621309972068
29 15 21 29 82286 1.0162722095315337
18 23 19 9 62720 0.9482087018318165
10 20 6 0 81066 0.9312914093801763
5 9 29 20 94502 0.9481580345784775
21 6 9 16 68810 1.012020115130753
14 29 22 3 117067 1.0893625483960752
24 0 2 16 111560 0.9682467448548814
6 16 19 28 83929 1.074286511449834
19 13 7 5 68290 1.0584632391903102
4 21 25 17 60111 0.9808559176471559
19 9 2 12 74553 0.9658738543996757
10 13 0 1 69360 1.0855835069777222
17 1 9 25 111772 0.9971415996793017
7 2 29 12 89621 0.9388337518831509
25 22 10 13 69765 1.0185791799356751
12 18 0 12 56603 1.0349071269390056
0 23 19 15 77395 0.9279532978514656
11 11 9 28 72304 1.0184687477618728
22 6 5 22 88110 0.9771012471122843
18 21 11 26 48698 0.9950679210111335
28 28 27 16 43015 1.0698171252144453
24 27 20 15 60725 0.991993680778538
20 23 0 17 74843 1.0599566683877892
16 13 11 26 70898 1.0214290045251087
21 7 11 25 86539 0.9362051621675542
26 27 9 6 125053 1.0551877213504033
3 14 28 28 100703 1.077868586809513
15 8 28 24 80907 1.011042521343591
8 26 19 14 73942 1.0494651993073367
1 23 9 17 36101 0.9290705627398339
11 28 27 6 124935 1.0350585903975187
9 27 3 7 80827 1.0911986877501225
26 11 15 3 65000 0.9872531946437317
7 2 6 22 71837 1.081710468561943
25 21 5 18 62125 1.0172135408802117
1 9 4 24 54958 1.054525925466275
16 29 2 12 109470 0.9134094033953314
25 19 21 2 55616 0.969146234988155
0 20 19 4 101845 0.940197128022133
7 11 13 27 81876 1.0273654552665317
23 2 3 9 75737 0.9377108678474647
3 10 6 28 57587 1.0773970383680562
5 20 0 10 48972 1.0930926128821268
26 16 17 9 50267 1.066743266003284
24 13 1 12 78327 0.9211639779681102
16 3 6 2 39828 1.087259057470101
16 10 15 21 69646 1.051865657523165
0 29 19 20 73705 0.9882496074498202
16 13 11 29 83868 0.9088668171111078
17 14 23 9 30347 1.034403985412585
7 20 3 5 51730 0.9506419821764012
7 26 6 1 86974 1.0192822982111382
4 29 23 11 97782 1.0973651830943636
4 25 14 13 64033 0.985550561230656
25 14 9 18 50398 0.91442717126122
15 20 28 26 57316 0.9773043852554816
21 6 5 13 65890 1.0460521502243383
19 27 7 11 93380 0.9300720109366517
19 14 2 9 66180 0.9361786706603306
20 25 26 1 99523 0.9247994448441946
9 21 0 25 43886 1.0744624739565665
14 27 1 29 69194 0.9776466150073766
17 27 7 25 63135 0.9340026290081931
0 12 4 23 46662 0.9117743188944556
17 3 6 17 87492 0.9053918979503749
5 3 19 10 70260 1.0577637467191179
6 2 20 19 91604 0.9553240649857896
12 4 26 23 104595 1.0874407604924723
3 14 20 16 53602 1.0382768381252163
23 12 14 23 67440 1.0976368399249368
9 2 18 7 53772 1.0889743063934403
29 0 10 7 73793 0.9157870406039169
5 24 24 26 91915 0.9719401170319434
5 17 21 27 83538 0.9101325553225258
19 28 15 9 100354 0.9799965515577156
16 15 8 0 74979 0.9554976493063723
2 8 20 5 75786 1.050279273826823
22 3 0 5 77493 1.0877924165367066
10 4 28 2 62789 1.0537354326518522
6 19 22 3 84655 0.9988777217268399
28 16 26 8 28590 1.020483202821485
7 13 21 13 43793 1.0949388902070156
16 9 24 27 92964 1.0153115015442271
14 8 4 13 46028 1.0396777114836444
22 7 8 7 38855 0.9297199045974979
22 7 17 1 31532 1.0720305592446104
11 11 5 3 49252 1.093138155184787
25 16 24 29 66719 0.9036370158047596
22 14 27 24 51774 1.0672422943895492
12 2 25 17 78090 0.9591036664519351
29 7 6 24 102552 1.012209005199224
13 4 7 25 90321 0.9929852208003835
14 29 15 8 112245 1.055587986189975
13 28 3 23 67578 1.068917128274558
5 15 3 7 31510 0.9814410087147651
9 21 0 29 50980 1.0663673589722822
7 5 3 25 71245 1.0265595497663258
13 14 8 1 56340 1.092842136346067
27 18 11 5 83678 1.0357486529618345
7 19 28 12 68695 0.9660829494973259
26 6 13 3 56529 1.0763572897199802
4 14 16 28 93544 0.9172364864283007
23 7 13 5 39951 0.9573839611720307
11 19 26 16 45283 1.0524242489869158
13 1 3 19 72898 1.0836025340342113
25 14 0 22 84670 0.9943705325219799
27 21 8 29 89349 0.9202587713466616
25 27 9 26 83997 0.9653189825741338
25 10 14 12 59312 1.0394331217283312
10 17 20 12 44682 0.9091560937754982
18 17 18 29 47592 1.084450883025886
4 28 2 11 53614 1.0914975472185857
1 27 6 11 61211 0.922361377462497
0 20 4 9 37163 1.020123005104643
25 27 25 9 81084 1.045792654791924
9 21 1 4 73493 1.0276663502577161
12 28 12 1 118410 1.0580474285800272
1 27 28 3 134006 1.0242081383797297
4 8 29 1 88933 0.9320830480862272
14 6 17 22 87999 1.0806172334006958
13 21 6 15 45774 1.0833702480324339
17 13 18 22 40524 1.071904268048873
9 16 18 23 48014 1.0218576595927997
2 21 12 2 81201 1.0156182210736768
2 20 18 20 41672 1.0488426082503877
17 10 25 5 43397 1.0021482005107092
16 23 24 18 38298 1.0774505169856239
5 11 15 5 55186 1.0698357805202674
4 1 21 29 144443 0.9202696227223032
16 19 1 13 56724 1.0637565620183567
29 25 22 2 80560 0.910459905662488
12 11 0 19 56209 0.9210532576362246
22 25 10 8 83288 1.084172042480924
13 8 4 16 52884 0.9865031441091018
0 4 8 9 44946 1.0871473206686488
10 12 3 2 61036 1.096316809929602
22 16 4 9 69024 1.0483292111650204
7 11 18 27 84670 1.0208533226634668
2 22 19 26 75035 1.0829492852682499
28 29 27 10 60433 0.9989934323925653
20 21 2 20 52487 0.9458976769362112
25 27 27 8 75735 0.9515066006967521
23 18 0 15 71956 1.0061850423452194
3 12 24 10 79648 0.9357767839338654
2 7 22 18 81688 1.0805384204779351
8 7 10 27 75764 0.9421367500572339
2 5 4 20 47868 1.0946625024745396
29 0 17 1 45459 0.9357310978927348
16 1 6 10 56949 1.0908876908974297
2 0 28 27 144856 1.0115080432031993
29 20 24 7 52166 0.9926845480821914
7 0 22 14 75642 0.9441234216075207
29 21 12 21 50154 1.0571172643193705
6 19 20 27 73705 0.9217515647052082
28 1 13 21 101401 0.9914640167090852
29 19 13 0 96342 1.0541104793972793
10 29 24 4 115622 0.9028489829473537
20 13 14 18 37865 0.9761747710638708
13 17 13 1 69051 1.0297703025931593
6 10 0 27 73922 0.9939402260032812
23 23 0 22 83444 1.033710278593256
24 18 12 27 67769 0.9642319455993094
7 14 16 4 65955 0.9772789254751109
24 12 2 22 83059 0.9407080874442577
23 26 14 3 108165 0.9517253489875858
13 10 16 19 48788 0.9889202118239717
15 5 21 24 87472 0.9106076038451989
22 9 7 19 63993 0.9723831756760075
9 1 29 21 103411 1.0124606478549492
2 4 21 3 65348 1.0699876141476836
18 26 29 10 79156 0.9469786102226814
14 18 18 5 73383 1.000958540338008
0 28 5 15 55772 0.9813295531946737
23 24 1 4 118295 0.9494420466160578
22 6 15 15 47981 0.9589609265748328
20 14 28 3 51156 0.9260045450921707
20 16 29 15 38153 0.9271016700841751
12 7 18 1 40270 1.0891151599834952
9 23 1 8 74459 0.9364094616411642
9 15 26 6 77730 0.9935905308427667
17 6 2 6 64571 1.0220112865751354
27 14 8 17 52250 0.9162413907064054
8 26 5 16 45765 1.0575389668718282
24 13 15 21 52227 0.9949417234771029
8 25 2 19 37347 0.9393278535058041
9 0 14 24 108874 1.0394701944141045
7 0 13 24 105469 0.9126376289243755
8 20 22 11 58288 1.0079149202241573
28 20 25 8 44048 0.9224476740090367
3 5 3 24 55865 1.082504540315619
13 7 20 13 43426 1.0598102975218877
13 21 2 27 50204 1.005240134586982
2 1 26 28 151301 1.0593111885744415
9 19 25 7 77430 0.997358621912297
4 13 13 23 60920 0.9470596729036028
3 14 15 7 62876 1.0316697565260802
3 16 28 3 103081 0.9130422763594247
12 5 14 27 108442 1.0133803321673909
21 1 0 23 116164 1.0798112192149574
25 7 26 29 81237 1.0627794734396439
21 6 4 8 53547 0.9620652105438829
4 15 29 14 64992 0.9820057803391589
22 21 2 24 65204 1.0399108923251088
26 11 4 12 80074 0.9484447321598282
12 2 24 7 49646 0.9219884244908435
10 5 3 8 33648 1.0528059933858267
21 11 4 16 65112 0.939882899884333
1 17 3 29 38245 0.9738272032399193
5 5 14 19 69778 0.9466754101370247
6 27 11 14 51750 1.0111750436775142
9 6 24 15 68010 1.0051555330521553
6 20 21 10 68947 1.0200251183175948
23 13 1 24 86719 0.9853425552946633
6 6 29 27 114729 1.0488009164015126
20 22 12 20 33378 1.0355452980026814
4 11 24 16 70717 1.0403106467217287
3 9 12 7 40912 0.9327183546231471
7 29 27 16 91650 1.0050816096101611
6 5 1 16 51669 1.0677144098568279
6 7 12 15 44228 1.033798590829221
20 27 15 18 56657 1.0641812327224982
1 11 16 5 75775 0.9788767399686051
8 8 10 22 54083 0.9796431537882927
15 9 26 27 105005 1.0163841332853125
1 6 14 1 47347 0.9606007860456244
21 20 11 28 69236 1.081633092534742
10 20 5 28 39612 1.0163533221614414
29 25 22 7 65970 0.9218327867371348
13 13 7 22 44428 0.9341224505320687
11 21 9 8 54921 0.9941005248118102
5 7 14 5 40965 1.036298081073425
11 2 21 18 79452 1.0724036324111714
16 11 4 26 84104 0.9947875045198423
27 24 16 10 92375 1.0020509248115252
3 28 15 0 112753 0.9455189283085692
28 12 14 3 71301 1.0480425559993964
23 21 3 14 69618 0.9285732020824866
19 19 19 29 46043 1.0973557596990762
1 21 23 21 67282 1.0045169365229225
28 3 27 26 79373 1.0405093640776284
20 10 15 21 62567 1.040478863420065
13 29 5 16 74791 1.0506681087586287
16 20 27 24 48579 1.012957991945595
25 9 22 20 45374 0.9357782812900817
7 1 19 0 35309 1.0888715168130798
23 5 11 0 47804 1.0211072547090618
17 23 1 28 83479 1.0903351406964585
15 10 16 28 102252 1.034507033366289
16 9 18 24 71394 0.9644076140018434
19 21 7 23 49505 0.9864407514880899
0 25 21 17 73102 0.9286803237044131
27 3 13 21 98368 0.9323015680857815
23 22 1 24 81738 0.9009063123674378
1 8 5 20 50559 0.9898711172445619
0 13 29 1 126791 1.0746099733126968
18 18 4 13 48557 0.9599370125885524
23 8 8 21 75590 0.9643409779613241
3 29 6 2 86787 1.0251528963647167
17 1 12 29 133900 0.9463244545515287
25 2 5 13 84538 0.934372720030211
13 5 5 14 57668 1.0448866888058341
7 8 15 5 35889 0.9328242185183224
19 14 11 6 51266 0.9399303950289315
1 29 17 26 87630 1.0415932952723812
15 22 16 13 60103 1.021645072655742
1 16 23 29 99575 0.9785206642019163
28 21 7 25 73176 1.0628814525099513
0 24 12 5 96999 1.0997575607620123
27 14 0 4 100996 1.03319637257289
18 18 2 11 59607 1.0004624749666098
15 12 9 1 65466 1.0159114643811011
15 13 6 29 73142 0.9421492252711479
21 21 27 16 41594 1.0748316532758015
17 12 8 6 53190 1.0168567482991968
12 29 6 11 86758 0.9330275655465874
25 2 8 17 84217 1.0724372474277486
8 17 19 6 72957 0.9388590120895495
26 22 16 3 96145 0.9820826780393923
2 3 17 16 84217 1.0637329361937056
26 12 13 3 73185 1.0818127603269325
8 21 12 29 52596 1.0771168146319383
24 6 23 18 48053 0.9479108771291174
3 11 15 18 51767 0.9191405759292032
18 20 25 15 40217 0.9722362131938113
13 14 28 8 51762 1.0231180310412955
25 14 3 7 78212 1.0447798232095324
5 14 29 26 89015 0.9071718582734752
8 24 20 2 100579 0.9746607799665764
12 4 1 21 80942 1.0214368754716712
24 18 17 25 44351 0.9778164771597726
0 13 12 20 53925 0.9120294527230967
15 28 3 14 94756 1.010009300923756
18 18 26 11 48380 0.9055644995529953
22 0 10 1 38889 0.9802595198293995
2 7 6 16 45897 1.0035061945818313
12 25 17 19 39570 1.0792505107579027
7 2 9 11 39349 0.9435166686818259
6 4 6 20 56723 0.958485088146551
6 9 18 4 56399 0.9371630041514307
3 25 29 21 83409 0.9573696114443794
13 21 16 14 42816 0.9576686366878266
16 18 14 29 72706 0.9852634050205891
2 8 26 14 87626 1.0209963270492963
27 20 24 1 75734 1.0201806089671968
0 29 21 26 108060 1.0955731500577328
20 17 6 8 65528 0.9168028790636857
21 13 19 27 72369 1.0442742489160697
26 15 9 28 91974 1.0146314987100136
11 21 4 17 28930 1.0263376885755964
24 10 19 28 89391 0.9114996843181941
3 28 16 20 60972 0.9238560728891624
22 13 22 27 50878 1.0765684700405982
22 18 15 3 69609 1.048672714880513
26 21 2 8 101138 1.0772634423140781
19 2 10 29 117346 1.05880719532255
26 10 4 6 73744 1.0492123489522038
3 6 14 0 46274 0.9694061017914515
2 3 11 29 106947 1.0489591112932712
28 21 8 1 105333 1.0533598606145698
26 12 29 19 35065 0.9629327877216428
8 15 5 7 39958 0.9495862762546936
20 29 11 16 76653 1.024849277329253
4 1 0 12 56381 1.014966188101982
7 28 17 29 52069 1.0948079215577022
24 20 2 20 57102 1.098163309351053
4 27 24 0 129171 1.0567173976667321
20 14 4 3 73931 1.0313727601335567
10 17 16 21 34548 0.9908996853955642
18 23 8 19 41192 1.0495132916617882
5 16 27 9 81792 0.9349254362756447
9 16 23 5 74806 1.029940834550038
7 6 20 29 122520 1.0049608026285832
0 19 24 2 105144 1.0803487423307332
4 4 5 23 58110 0.9926361685985002
6 5 29 25 113257 0.9887952013602406
5 8 26 1 73959 1.0700069441699633
5 4 6 25 68316 1.0540294331398294
18 4 6 11 65776 1.0624700420068895
17 29 21 1 103234 0.9478691257713223
5 12 13 27 85430 1.059953884431155
20 19 28 5 59311 1.076140487912299
10 5 23 11 57072 0.9833704739884538
20 19 28 21 24058 1.0162987130230645
3 0 13 26 117716 1.0900238381493477
26 25 11 21 70738 0.9986679598820581
7 11 24 12 62299 1.0651021331521797
12 5 3 16 63327 1.0287850965008671
14 19 5 14 41099 1.088669185351582
18 24 10 0 112944 0.9757911086464301
0 3 5 13 48631 0.9344341547430401
29 5 0 2 90462 1.0351523246882661
15 8 28 10 38156 1.0460845547153346
13 6 5 25 84828 0.9223660925201037
15 21 21 28 64691 1.0111166096801016
10 13 5 7 43790 1.0353310041891755
23 3 13 12 59526 0.9238257373510754
22 25 5 0 118732 1.0066989516541198
14 28 0 3 134786 1.0607839104352697
22 12 9 7 47851 1.0313355816507612
3 1 27 3 70492 1.086906051280969
11 13 23 24 66049 1.0351827704933534
11 16 16 22 42177 0.909045088037796
23 14 25 5 38357 0.9338204635894632
18 0 3 14 81369 0.9846007806057852
4 9 22 12 64874 1.0785296867446883
20 22 27 16 45001 1.0600226901193377
7 3 19 14 67456 0.9645083110778272
17 27 0 21 86391 0.9932696081207806
0 5 21 10 75753 0.9586991188310121
28 13 17 29 85805 1.0858324963162038
28 28 7 2 133591 1.057815541799724
22 18 4 10 67714 1.0024644874449151
0 20 14 1 82921 1.058442552101758
21 3 15 19 62116 1.0815371282180235
9 11 17 25 81259 0.9276150045296989
4 29 13 11 78890 1.0324558857431627
0 21 19 29 92509 1.0596539243805085
4 28 8 7 76573 0.9265729187468624
15 12 2 16 59374 1.0385979887802794
23 8 15 3 43447 0.9408564183329181
7 1 15 29 133027 0.9404326897943475
1 15 8 9 50312 1.0805472736976376
13 26 0 9 101321 1.040008894407173
2 20 24 16 63823 0.9629156116773596
18 19 21 10 37975 1.0748005876459135
17 15 21 25 59555 1.0239840030396676
7 6 2 24 63966 1.0684481833666069
5 6 16 18 73788 1.0551327228559961
0 24 8 26 49234 0.9142881539428565
7 3 21 17 81978 1.046223827899894
27 27 20 10 84582 0.9674301417790674
9 25 2 17 46579 1.0844617331669848
4 15 28 25 88945 0.9073978709492913
24 5 13 11 50585 0.9359655364698739
24 23 10 13 70233 1.0961816035078886
5 5 16 16 76262 0.9086096167557935
17 8 12 0 45756 1.0754560555813768
10 13 9 25 53047 0.976282301514607
1 20 12 27 57669 0.9827291201343656
22 1 3 13 85567 0.9253782248511998
10 6 20 17 68776 1.0904886198706456
3 7 26 5 77867 0.961687966079156
11 19 26 16 45283 1.0746397630385751
11 2 12 17 63071 1.0060367614029582
18 5 6 4 46177 1.0872440026959802
11 23 22 7 73878 0.96233742675581
9 1 6 24 83401 0.9792457491945366
3 26 18 13 78949 1.0980745130926979
6 4 23 18 86218 0.9707971577346652
26 1 9 16 95647 1.0562420068088856
21 23 18 0 83697 1.0536819796773778
2 6 26 6 85018 0.9724455319216112
16 18 25 21 37581 1.0315534330214753
2 5 21 13 83462 0.9253327259541341
25 18 27 1 69388 0.9045043807911155
8 2 9 13 46986 1.056356778169604
10 6 17 16 62502 0.9183556308469505
20 18 2 9 75566 0.9939218667309249
10 27 1 19 49579 1.063504505001839
11 9 29 3 68746 0.9239877362709003
2 16 12 12 47780 1.081486911996927
15 28 0 6 134151 0.9681691236856804
29 4 14 4 50650 0.919999655259328
12 17 9 9 37683 1.081452481013294
19 27 10 25 57936 0.9900084871730626
28 9 26 29 67996 1.0900831915714932
5 24 11 4 87237 0.9780029343621104
28 10 6 9 65030 1.0175107110789146
9 9 17 20 64016 1.0195924770445723
27 6 14 19 74932 1.02149515057493
28 27 14 16 71111 0.9708800163509448
26 9 29 27 58054 1.086196249480189
14 26 23 5 99981 0.9891502093711021
19 14 16 22 44256 1.0229558122047218
0 29 19 21 81376 1.0151224594981925
13 11 29 14 50011 0.9730305555278156
14 9 28 27 100088 1.0984340134599977
18 22 8 28 69898 1.044290965256791
2 13 10 27 68626 0.9132828244490123
28 9 22 0 42957 0.9437677851694808
24 24 7 9 93663 0.9586201857755733
9 28 13 2 116799 1.0152957403973684
7 17 25 21 57804 1.0137824500062351
5 10 16 3 68577 0.9432720282414865
27 22 8 11 82636 1.0013653557698237
23 20 4 14 62575 0.9499297701914418
16 28 25 5 109430 1.048097439228017
28 9 24 23 57996 0.9395410075401818
24 13 13 5 58543 0.9627449663507895
22 5 11 6 43408 0.9254254053635951
24 14 21 1 38135 0.9085319885807003
26 20 12 16 44270 1.0391335543017464
3 2 10 16 66612 0.9561547052623898
13 4 25 25 106113 0.9398887919667434
23 16 15 23 46724 1.0597871022730034
10 25 24 20 56035 1.0418730211483294
26 7 25 16 44080 0.9944878654114109
0 20 12 29 65621 1.0476024422811947
2 25 18 25 72266 1.0872811211641433
24 21 12 9 73946 0.9005871563671382
5 13 16 2 73806 1.047197505796578
29 10 16 9 46174 0.9013570594331066
18 7 28 6 35134 1.060131167603353
14 28 0 23 88782 0.9105605046852753
28 17 16 4 71258 0.9439076040771585
28 19 8 9 79132 1.0859748696472165
25 29 9 26 90123 0.9402143509892659
12 18 15 3 77978 1.027443694418095
14 28 9 14 82208 1.0231574128965752
10 22 28 26 74606 0.9886389016306216
3 8 27 4 85905 1.0093066813308442
22 10 11 14 37779 0.9482585036739593
23 19 12 4 77046 0.9118192010126692
19 18 29 27 46924 0.9328362159579727
7 9 7 20 38888 0.9518073020175996
25 24 11 12 77228 1.0838939813552548
17 20 20 8 50748 1.0012410577247741
28 11 20 27 81432 0.9611633284268524
10 16 27 28 87802 1.0437472866117874
4 29 13 11 78890 0.9855894428704808
6 8 22 7 40548 0.9586175611065468
10 6 5 25 80358 1.0500004844102775
3 6 24 23 103774 0.9426589212044199
29 15 15 23 65319 0.9696386847487413
4 17 23 12 66243 1.0449697271604848
19 11 5 16 58948 1.0930175049518298
1 20 18 18 47177 1.097552565971645
17 1 10 11 60758 0.9797340171705742
28 14 24 26 60424 1.064570041289924
2 27 12 21 46451 1.0955604569394648
26 3 6 11 82731 0.9370735543672316
20 9 9 16 64600 0.9472396035159436
2 12 7 17 32372 1.0627876198520234
27 26 24 15 57925 1.0012412848077243
20 5 21 21 63390 0.9626753052675385
0 23 1 8 65512 0.9457016539553735
25 17 8 28 84040 0.9744921385906812
10 22 2 2 80102 0.9603527784666516
5 0 23 4 58183 0.9569423882774282
1 14 14 18 49249 0.9931208548270207
19 23 11 5 88313 0.9786952605534602
19 1 20 18 62148 0.9486747700451619
22 20 9 14 49300 0.9672296486025129
20 15 1 4 89424 0.9013226417108879
7 3 26 16 89385 0.944946546468098
20 29 7 4 129387 1.0270070408954108
16 19 29 20 30190 0.9031023371639643
25 6 3 4 83161 1.084783602217939
24 23 19 11 61621 0.9218616733754051
22 14 16 23 45529 1.017410060925441
5 22 23 18 55934 0.9374808726934282
21 6 9 10 44902 0.9564140244360664
0 21 23 21 71718 0.9215275484271449
28 29 26 12 60824 0.9424950016668462
15 19 9 8 57780 0.9259930520379384
21 0 13 20 77703 1.0460409969112923
29 19 17 18 32647 1.0777695051211582
7 23 8 11 42466 0.9729418259781023
9 21 14 3 90239 0.9918570325023803
21 18 13 5 66930 1.06373101598555
18 25 20 2 81389 0.9700613109767809
11 14 5 25 50135 0.9343513899271845
21 26 1 4 126316 0.9005054516094152
10 5 21 28 119951 0.9779359457296671
8 14 3 29 57961 0.957761948074588
18 7 26 22 71825 1.0673271150380637
19 5 23 22 68102 0.9190818295076532
29 29 27 6 68425 1.0993009849451691
21 6 15 15 48279 1.0080692749780702
20 27 7 15 82869 1.085146391702821
4 5 23 4 69507 1.0314983118689824
10 21 9 4 67511 0.9143765615531166
13 8 25 22 76828 0.9554747839774967
2 22 9 7 65244 0.9812582368253076
18 24 4 5 93521 0.9585022174911816
17 14 6 26 61418 0.9607520051111859
20 23 13 20 31696 0.9939254592014605
9 15 26 11 63807 1.0404290595020322
25 2 27 28 98804 1.068019975790155
16 20 29 9 63255 1.0970054889697702
23 7 10 18 64249 1.0093268651505993
4 26 16 17 52036 1.0361657321781705
0 27 27 17 99577 0.9959171755599786
21 20 10 7 74292 1.0094828673291625
25 1 16 6 47002 0.9190019568026985
18 8 0 13 79528 0.9312488218295019
1 10 12 26 86337 1.0137567990338676
3 12 10 5 45146 0.9617997105354519
7 9 23 7 46179 1.0699742199245215
17 8 7 17 56106 1.0624046314377589
18 24 6 21 49741 1.04196997555335
24 28 19 6 97788 0.9058701004774867
18 15 16 29 67516 0.9573618520167273
24 27 7 15 87122 0.9506531125052216
13 28 19 1 129485 0.9464143939828809
24 11 12 26 89035 0.9609991603536805
7 29 27 13 97658 0.9253051352875603
15 5 18 16 65797 0.9773801905635343
4 27 23 25 90491 0.921033890299171
17 13 5 24 67173 1.0270907436380212
29 24 25 1 80348 0.9902216836299437
20 23 29 26 44210 1.0158057946816106
12 20 22 28 62762 1.0929259533581996
11 23 27 22 62530 1.0436928540849202
5 13 28 23 89187 1.0286003928110485
17 28 20 6 96413 0.9511371342850863
19 8 9 8 24093 0.9114538063841026
2 23 0 5 62355 1.0096533354812944
9 21 26 9 79363 1.0691526352214873
20 13 1 20 66967 1.0077110319831044
8 3 7 25 77566 1.0705272137794655
2 26 23 18 69836 0.9651888562156676
24 3 23 29 101686 1.0578257662821533
22 4 26 16 48109 0.9550480048569913
10 16 29 1 95257 0.9808765058787774
14 26 16 15 74564 1.0351898913089206
4 9 20 11 62824 1.0736975830667266
26 25 11 27 80856 0.9747913415093572
21 8 11 4 40116 0.9635616960830015
25 6 0 1 80867 0.9023670594222369
16 12 28 28 88349 1.0117035959013962
7 25 2 14 45498 1.050090510174718
7 5 20 14 63793 0.9049247659639201
0 2 13 26 116422 1.0230943677126683
6 9 18 0 63653 0.9192813994441368
15 19 3 11 50504 1.060730697938372
0 27 22 14 95377 1.032834799924244
4 28 11 19 43604 0.9291926712938277
21 1 24 15 42443 1.089943506841015
16 14 12 6 45177 1.0184595140989767
18 10 3 19 70193 0.9983074551468349
28 14 7 5 77411 1.0061623395473667
7 9 19 29 105425 1.0709149314866397
16 7 28 5 46455 0.9635012747015239
28 20 0 15 86847 0.9773380159807081
0 8 24 1 98182 0.9316163325657932
19 12 20 0 43575 1.030175472916318
25 15 8 23 75881 1.0566745557741593
25 13 7 23 77165 0.9977874644771649
2 5 20 26 117638 1.009655712139293
15 21 1 8 82386 1.0992026503601473
18 7 25 12 43951 0.9371276127854917
1 2 25 23 128507 0.9157010796740604
18 17 6 4 74593 0.9336088257260005
2 24 0 16 30085 0.9925796345469978
15 18 21 29 68940 0.9023234343450636
25 6 15 15 61239 1.077821438428463
4 6 22 12 65960 1.099725075897391
22 0 0 18 110559 1.0932692462285756
6 27 13 5 91244 0.9159706701071484
22 18 21 27 42161 1.0912085635926396
21 27 15 17 59341 0.9796516919120772
12 28 5 15 72388 0.9731463549553444
28 18 13 24 61030 1.0525868734168609
23 29 1 8 129095 1.085653615933048
13 7 3 20 69338 0.9809169531089844
22 26 25 13 56977 0.9092987065284776
15 27 7 18 68690 0.9919791707543961
0 19 16 16 48368 0.9336970304491552
27 8 14 4 52584 0.9704510227096319
28 9 22 2 36870 1.0560926061118594
21 21 13 28 72056 0.9463670423390497
11 8 4 27 78336 1.0618274161022747
19 24 12 0 111139 0.9316355611374689
20 16 24 25 47096 0.9534233611129559
25 11 7 23 85271 0.9276981338516096
27 14 0 14 74892 1.070103181658094
8 13 1 23 49143 0.9685746096357178
2 9 10 23 63636 1.0723131759926074
9 5 4 29 86715 1.0902138883187615
22 4 14 12 56726 1.040097300610999
29 24 21 22 40512 1.031140855972282
16 4 26 16 65926 1.0532272421089486
25 4 1 24 118146 0.9952621084421251
25 26 19 17 52389 0.9170133581572745
29 9 7 4 72569 0.9458805096573091
0 7 23 18 93126 0.9285421834631187
2 19 28 13 77639 1.0963602188960546
28 18 5 17 60581 1.0084490164616418
5 8 10 2 37742 1.0457386155523043
14 1 23 22 90829 1.0504148539205909
14 23 23 18 45897 1.0106690833593075
1 4 22 17 92148 1.0944672180322061
10 23 17 28 58246 1.0164917294481404
4 11 5 24 43481 1.0933292139698356
5 7 18 5 54304 0.908383214525783
11 24 23 4 92442 0.9898708637455519
19 8 28 3 38779 0.9006045898549118
15 20 27 24 51849 0.9760425375317052
25 6 21 14 39349 1.0906170589732336
3 18 27 24 82367 0.9964210837324435
25 9 10 26 92501 0.9270552685618817
10 20 28 24 60820 1.050865578413224
7 16 13 3 65278 1.0283066604282287
16 11 24 26 85034 0.915373026493154
26 21 9 3 109670 1.0001496891712114
18 18 12 1 83377 1.0742487195711834
7 8 13 25 81453 1.0061397079592507
1 20 17 12 65929 0.9159542747006914
12 29 19 1 128184 0.9133108571947409
18 4 3 4 56248 1.0063305281306316
19 22 28 21 40702 1.0126239845581937
2 23 13 13 55336 1.0123201090267635
18 19 20 8 44729 0.975093581345343
12 10 20 29 101131 1.053192284219226
19 12 12 27 85931 1.0009502324654171
28 15 4 15 67607 1.086867503461043
13 14 9 27 61905 0.9225867915181867
25 22 11 18 49779 0.9930671687616182
23 8 17 21 56820 1.0323409460947532
14 12 5 10 52320 1.064061834552691
11 16 8 24 35595 1.0316694974760425
23 1 6 13 82571 0.9832585722036014
23 14 28 0 54168 1.086808416257163
1 6 16 13 78604 0.9535129284277623
13 24 5 20 39986 0.903015475897644
17 26 9 14 71374 1.008491501318892
7 0 4 15 52440 1.0186270815848462
26 6 1 27 126750 0.9334337336533524
28 5 8 28 124903 1.0595558182799403
7 4 13 21 78680 0.9085440974023727
13 17 13 3 60519 0.970137267762087
12 3 3 0 31763 1.0913569370625849
18 13 26 10 44928 1.0900153517405717
12 17 6 24 34134 0.9593405949710838
6 25 22 0 109967 0.9871221597401084
4 20 4 9 31735 1.0206340694796956
1 9 23 8 74411 0.9045213189259375
14 4 12 15 54646 0.9911748491463253
18 29 19 0 107429 0.930428244855712
21 4 11 21 74646 0.9506815692648732
5 8 15 0 54419 1.096012697230192
19 10 0 14 79552 1.0340923414286056
14 10 20 25 86486 1.035824715155886
3 15 7 4 44101 0.9043938762888102
0 8 28 20 111092 1.0116869140338327
9 3 19 15 77952 1.029741112690747
18 0 21 23 83697 1.031027887237647
7 14 3 29 55345 1.0350032188351617
8 8 21 3 43163 0.9505566912984351
28 21 11 14 60960 1.0513204080060572
21 15 8 28 89177 0.9010820577503188
7 26 25 18 68582 1.0596781425995083
16 29 29 0 134188 0.9629560229311678
1 27 18 7 108455 0.9798216196036837
16 7 6 9 37757 0.9951704899014199
19 17 28 16 26667 1.0021856033071386
10 10 25 5 57160 1.0679168552036418
8 3 21 16 79696 1.040005364405934
4 9 7 24 51594 1.0346745055810356
6 22 17 12 61953 0.9022530580185663
11 8 23 5 38171 1.0009024753936224
19 25 21 8 69929 0.9165804370457465
20 27 8 8 104875 1.012754343232014
14 16 20 24 48549 0.9865121639815531
24 9 5 20 77815 1.01927873579527
4 26 6 9 61131 0.9683409454602324
5 13 11 26 65600 0.99021656577632
0 15 3 2 59149 1.012890401059488
4 9 15 1 48255 0.9932913893863637
29 27 21 15 54897 0.9139330102957772
0 24 2 6 67326 1.018748511920944
25 23 19 1 87125 1.0759583826946109
19 1 13 8 43329 0.9842800493570627
12 12 14 27 80626 1.0772536211686903
19 5 23 14 35502 1.0596520987362772
1 6 27 20 106022 1.0826354441554082
12 26 16 17 51951 0.9006755898572695
26 3 11 18 86588 1.0645939647849145
11 29 2 28 38541 1.0442835924388734
17 21 28 24 50918 1.0782554436616685
5 3 17 21 92311 1.0218762553361602
8 24 3 9 56808 0.9572057225027606
17 4 23 20 66203 1.0850303012157112
8 5 13 28 107668 1.0531179347945976
26 22 8 10 85300 0.9464033068918722
7 29 23 17 75038 1.0373390269497058
14 28 3 25 65976 1.0859608649976877
12 3 10 19 69062 1.0579010606526011
16 18 3 10 57872 1.0704027082903775
11 20 7 26 29232 0.9577191012616537
29 20 1 29 92542 1.0148340377675833
13 7 3 10 45786 1.0983347925085059
16 11 1 29 95788 1.0522818067251145
0 22 8 17 36112 0.9093651673241367
16 19 27 13 43754 0.9611785699017339
17 5 0 25 114916 0.9604417679160603
26 4 1 13 105992 0.9262576023121796
26 13 0 1 98877 1.013361184063768
22 14 15 26 66421 0.9870411007686076
20 20 21 2 57426 1.047785556333759
12 25 28 5 105125 1.0523388325354575
23 21 10 21 45817 0.9724754260772998
25 3 0 22 124068 0.9901207862620408
8 20 14 13 41542 0.9782050284113193
22 4 1 27 116881 0.9844717590778085
18 0 4 4 49479 1.048188674928904
22 2 23 15 42302 0.9970003019421586
8 16 20 11 50241 1.0781412344689343
4 2 6 23 66391 0.9839655019102213
21 21 28 5 71358 0.9198074637888733
1 0 25 4 72437 0.9932293435811971
5 23 24 26 87497 0.9632486543265275
4 21 7 4 57953 1.0289136783424295
6 1 2 7 31242 0.9439302538480877
16 10 7 16 56163 1.0047331898212875
1 27 25 20 83846 0.9327233277930458
25 22 18 10 68036 0.9404618444509137
8 6 12 29 97856 0.9068232692933691
9 25 29 28 89041 1.0498486383468006
25 24 26 5 78119 0.9477467832722211
6 22 19 3 102325 0.9545083019451823
1 1 22 15 87261 0.94124376062502
3 12 22 7 68180 1.0263797614581438
11 9 7 24 61353 1.0955956716602555
28 17 18 5 62645 0.9055770710713079
24 26 0 17 95939 1.0709915400615857
1 5 2 24 60421 1.0732499291073772
21 3 0 17 98093 0.9704292186219339
14 18 27 25 64192 0.9285883497811325
15 15 21 11 36363 1.047037060428967
19 7 1 10 75661 1.0457380468807773
5 16 25 15 66158 0.9012322841605666
13 9 6 27 76184 1.0761465578033766
1 18 9 2 69766 1.0157286649942745
23 4 18 12 44057 0.9283542090698441
9 7 16 14 46151 1.0607043808130903
26 8 18 29 92512 0.9896709344470003
1 3 9 10 53347 0.9068937359836412
17 13 26 26 81350 1.0985515407785251
9 0 2 29 96054 0.9086136577592273
3 13 22 15 59671 0.9791137471459808
12 0 8 25 98835 1.0474561950857693
2 27 14 29 56876 0.9309212481754642
11 26 7 16 47846 1.078494963376444
25 14 3 21 72365 1.0099359347665149
14 16 0 29 69488 1.0306107009281171
7 22 16 15 49171 0.957855738507551
18 18 1 26 66508 0.9353243972718348
25 22 11 19 45730 1.0503337436287676
18 17 13 1 79586 0.9120786549290244
6 17 6 5 48549 1.041618958722866
16 26 15 5 109042 1.026488938806858
5 13 9 6 42068 0.9047941206882838
7 25 18 9 86004 1.0864364933926218
1 12 22 15 71921 0.9810955189587827
6 3 23 18 92316 0.9098981095748611
0 18 17 23 67646 1.00295369856627
4 27 19 9 99075 1.0679830361479354
21 8 28 17 43017 1.094436757903736
22 13 20 21 32427 1.063795801218042
25 27 28 11 65877 1.0828408860131133
20 12 0 7 81767 1.026618783022584
29 3 18 8 47440 0.9084100117324314
10 18 15 23 42519 0.9625878727094304
7 24 18 19 41673 0.9787843034224699
18 14 2 4 74639 0.9817153949001327
4 12 12 5 48572 1.0262375359041858
6 5 26 19 93001 0.9052206688149176
23 1 19 25 92853 0.9528172089464078
15 7 24 15 49162 1.0356791490629358
8 8 28 1 66972 1.0710550314818088
6 26 13 3 97213 0.9166856597024724
15 27 18 1 119146 1.0895514200435743
4 8 23 3 71170 0.9525056750438515
26 17 18 3 67155 1.0083742469740276
14 26 14 15 69552 1.0911293634725732
20 11 23 23 53434 0.9890164094347941
28 9 13 13 54039 1.0435723207490255
15 27 23 5 102605 0.9333924209547435
8 4 27 24 114804 1.0118438523862552
28 20 21 16 34794 0.9019472246009641
18 14 26 29 78006 0.9278695936197656
25 19 12 17 33607 1.0809570612126955
27 26 23 5 88691 0.953590268022599
15 25 28 27 67612 0.9229210142699711
9 4 25 9 61689 0.9215672088943478
0 15 24 11 88861 0.9149782974723326
13 15 29 11 53473 1.01862134667663
12 26 23 13 78806 0.9285044218037111
17 28 21 4 95860 1.0930810493419219
13 6 25 8 38077 1.000421239447326
16 16 27 11 56943 1.0305984795961125
0 17 5 27 47245 1.0274544239177605
5 28 5 16 45208 0.9066017061792031
8 12 0 2 57642 0.9064313652911328
24 3 26 29 101048 1.0263615960131767
22 16 2 1 87513 1.0239950235973958
1 19 21 5 90183 1.0799608911136778
26 5 0 21 112861 1.053788837883043
24 2 14 7 46384 0.9700729213020022
8 2 22 7 54410 1.0866923871589484
4 2 15 13 73524 0.9451146141588203
14 3 21 14 63926 1.0421799454672211
6 17 5 1 56506 1.0527316393424473
6 2 5 28 89248 0.9724372015714615
16 18 28 11 53054 0.9185056469104305
20 26 9 1 121314 1.040036997780356
7 1 5 23 75650 1.0340841873009397
12 24 29 4 105900 0.9084198018077257
12 7 6 23 68600 1.0824318653855596
4 24 7 6 64509 1.0139468966734415
17 23 14 14 47890 1.0170975854371698
2 23 0 2 71143 0.979219142403841
3 14 21 2 83632 0.9278241539047524
26 16 21 24 44635 0.9002408869767107
13 8 0 25 88019 1.0204256693755873
24 28 13 8 100320 0.98334559035148
4 3 29 14 92650 0.9287497017811164
8 15 2 1 61980 1.0243673954107553
0 19 28 28 95214 1.0377849311584124
4 4 29 29 122263 0.9852325854892
17 17 29 13 44911 1.0380757362934832
2 18 10 13 40801 0.9633604059009214
23 7 16 14 38091 0.9029206620010168
22 5 20 26 79855 0.9257471266514515
21 9 5 19 71125 1.0116913829980827
5 15 6 1 50509 1.0569286066013004
4 27 15 24 61016 1.0803120390667105
29 18 21 0 67332 1.0516682343167654
10 4 13 18 64687 0.9891508859327636
25 4 9 1 52648 0.9479560758578401
29 26 13 3 108285 0.9953089169444981
28 24 19 11 69617 1.0436807980808558
19 8 24 14 27546 1.0799686189361624
15 15 12 2 66194 0.9272920309577247
4 18 4 28 28781 1.0980514792372342
16 24 0 27 89095 1.0403433330412315
29 14 27 28 55126 1.0718633260256196
29 18 10 3 100780 0.9457614370414498
17 21 9 0 105227 0.9042198297653313
4 4 18 15 70252 1.0837181454925033
25 13 13 20 56706 0.9749060628425195
2 6 29 29 123482 0.9434535035371678
29 27 5 6 118266 1.0326474936948207
25 26 16 28 63002 1.0718847418474549
2 9 7 14 38045 1.0938930904222384
3 14 23 20 63168 0.9566078722359227
24 24 14 10 87467 1.0459968199015628
9 13 16 16 40075 1.073547085486112
4 6 15 18 66771 0.90728946558309
25 12 9 25 91579 1.0738712915500865
