1930 1847 1512 1527 1362 1586 1345 1807 1416 1631 1461 1909 3070 2672 2917 2810 2969 2729 3122 2919 2742 2931 3057 3063 3102 2770 2779 3135 2588
1577 1899 1515 1352 1978 1500 1649 3881 4596 4434 4001 4323 4442 4308 4494 4067 4103 4331 3959 3911 4081 4462 4434 4188 4134 4461 4169 4360 4065
5670 5347 5736 5494 6506 6417 6147 5910 6093 6247 6093 6022 6357 6193 5804 5805 5971 5894 6393 5977 6164 5999 6026 5945 6438 6502 5845 6115 6061
6296 6261 6307 6289 6586 6592 6241 6709 6704 6327 6596 6610 6063 6019 6468 6047 6242 6426 6532 6256 6308 6204 6215 6258 2948 2773 2276 2751 2269
3895 3484 3366 3858 3525 3622 3883 3478 3599 3599 3399 3584 3491 3353 3529 3464 6604 6540 7156 6772 6995 6501 6879 7005 7149 6443 7064 6625 6906
6681 6608 6793 7191 7269 4723 4985 4994 4710 4662 4981 5145 4842 5125 4763 4877 4927 4480 4878 4574 4578 5120 4860 4736 5086 4958 4683 4664 4650
8252 8407 8346 8370 8872 8386 8294 8901 8665 8426 8937 8686 8280 8275 8699 8402 8351 8415 8889 8533 8639 8616 8782 8436 8880 8635 8544 8731 8610
3677 4112 3799 3842 3847 3732 4067 4130 3622 3818 4032 5581 5759 6042 5621 5656 5861 6126 5507 5566 5955 5924 5675 5721 5971 5695 5491 6064 5629
6175 6465 6002 6442 6074 6485 6133 5800 5370 5537 5388 5339 5398 5245 5082 5115 4935 4877 5040 4836 4846 5062 5127 5330 4937 5507 5142 4858 5153
8057 8239 8343 4447 4237 4236 4242 4549 4697 4409 4587 4219 4436 4431 4603 4154 4386 4553 4475 4354 4452 4589 4640 4441 4304 4184 4063 4515 4019
3537 3876 3979 3606 3567 3387 3579 3873 3428 3593 3461 3538 3596 3545 3740 3775 3410 3613 3420 3562 3465 3613 3673 2996 3223 2935 3535 3072 3023
7944 8390 7974 8397 8571 8289 7312 7003 6964 7290 7141 7406 7625 7348 7112 7646 7499 7340 7100 7437 7196 7421 7197 7462 7534 7657 7224 7431 7171
8559 8601 8629 8786 8561 8607 2242 2263 2417 2724 2589 2337 2584 2815 2776 2583 2343 2539 2673 2843 2460 2238 2376 2284 2776 2226 2464 2511 2516
2319 2224 2518 2147 1814 2004 2151 1958 2349 2283 2202 2373 2039 6794 6615 6442 7115 6487 6683 7006 6717 7139 6720 6850 7061 6990 7151 6761 6961
6961 7029 6858 2488 2308 2126 2283 2092 2308 2477 2489 2443 2643 2284 2122 2684 1991 2079 2602 1994 2103 2406 2410 2449 2116 1965 2385 2256 2451
2390 2597 2738 2469 2597 2709 2975 2440 2805 2868 3055 3009 3037 2443 2892 2979 2572 2826 2895 2504 2833 6420 6365 6008 6552 6488 6534 6749 6519
4017 3882 3638 3899 3558 3727 4009 3466 3803 3639 3410 3322 3462 3567 3447 3444 4021 3957 3580 3605 3987 3639 3489 8148 8444 8418 8643 8205 8389
6490 6584 6566 6248 6178 6470 6570 6289 6363 6449 6647 6714 6328 6797 6871 6615 6772 6236 6760 6692 6598 6262 6375 6248 6753 6825 6285 6832 6668
3084 3398 3395 3284 2920 2938 3404 3273 3368 3220 2878 3293 2852 3125 2746 3226 3361 3311 2852 6990 7284 6817 7287 7106 7311 6790 7304 6897 6827
1616 1850 1775 1882 1385 1707 1539 1904 1427 1466 1611 7616 7637 7486 7315 6971 7318 7356 7172 7177 7545 7661 7655 7212 7198 7680 7405 7632 7058
8691 8417 8729 8508 8887 8617 8708 8676 8541 8496 8300 8806 3832 3860 3602 3626 4135 3698 3952 4220 4273 3906 3866 3884 3886 3834 3895 4179 3944
3609 3840 4161 4013 3814 3716 3495 3583 4169 3780 4071 1956 2151 2323 2113 2334 2358 2541 2273 2360 2201 1947 1934 2441 1907 1983 2308 2287 1888
7282 7556 7810 7471 7597 7298 7756 7417 7852 7702 7654 7413 7627 7551 7694 7888 6444 6248 6302 6109 6366 5992 6427 6496 6007 6078 6115 6169 6666
6323 6469 5837 6405 6449 5988 5967 6356 5346 5583 5389 5374 5435 5788 5801 5451 5302 5107 5167 5227 5817 5508 5318 5746 5525 5155 5357 5598 5339
5561 5798 5728 5956 5699 5533 5301 4065 4207 3889 3947 4460 4188 4451 3770 3903 4019 4461 4365 4489 4021 4469 4235 3884 4410 4471 4236 4245 3924
3141 3023 2975 3325 3249 3298 3113 2982 3052 3113 3162 3169 6530 6084 5855 5896 6451 5901 5913 6367 6248 6398 6427 6350 6564 6404 6022 6206 6509
7869 7503 7315 7421 7881 7449 7896 7752 7411 7897 7734 7345 7402 7908 7380 7503 7554 7636 7624 7864 7642 7364 7569 7783 7874 4934 5423 5303 5275
1126 1637 1404 1770 1555 1203 1543 1668 1282 1320 1451 1089 1635 1286 1352 1208 1196 8040 7839 8048 8037 7973 8236 7782 8201 8128 8065 8126 8267
7727 7813 7571 7729 7659 7704 7865 8023 7638 7410 7733 7950 7563 7736 7800 8002 7506 7484 3887 4377 3859 4449 4037 4049 4124 4500 3866 4383 3840
7564 7815 7668 7664 7529 7602 7495 8195 7518 7949 7827 7588 7837 7798 7497 7585 7724 8165 7616 8217 7970 8149 8208 6986 6869 6570 6702 6883 6947
6371 3709 2202 6551 5821 6746 1803 7415 3593 1691 6646 2660 3228 3279 4053 5413 3592 3302 3191 2526 2630 3195 3120 3078 1820 5899 2661 4558 7249 5499
6339 3689 2328 6871 5881 6717 1229 7587 3725 1108 7280 2812 3612 3376 4255 5268 3529 2886 3148 2804 2526 3552 3349 3507 1603 5496 2287 4572 4614 5768
4600 3533 2402 7220 8096 6801 1093 7623 3515 1042 8321 5055 3806 2961 4302 5957 3540 1848 2753 2683 2397 3408 3388 3605 1671 5768 2597 4910 4620 5840
4495 3873 2495 6975 8562 6229 5077 7523 3843 1048 8796 4885 3357 3038 4061 5782 3523 1844 3219 2485 2206 3502 3041 4317 1973 5575 2703 4647 4074 4911
4949 3570 2453 7042 8302 6901 5477 7595 3608 1162 8601 5500 3203 3086 4127 5925 3498 2134 3279 2597 2287 3627 6117 4308 2112 5524 2285 4594 4529 5135
4721 3726 2790 7035 8046 6593 5181 7762 3371 1203 8672 5304 7649 3310 4557 5516 3662 2047 3283 2733 2602 2945 5707 4454 1662 6028 2295 4432 4551 5495
4509 3939 2867 7016 8436 6866 5363 7048 3441 1319 8284 5577 7353 3290 4430 5550 4163 1521 3092 2383 2833 2920 5765 4030 1853 5968 2609 4722 3959 4967
4459 3946 2623 6761 7953 6689 5021 7441 6632 1601 8813 5142 7449 3674 4242 5697 3637 1842 3151 2347 2509 3393 6281 4098 6127 5803 2613 4302 3959 5232
4726 3659 2841 6891 8221 6480 5316 7605 7125 1692 8292 5095 7271 3137 4149 5388 3587 1535 2373 2847 2274 3479 6096 3818 5952 5372 6972 4613 4447 5285
4543 3479 2813 7197 8031 6306 4783 7341 6484 1549 8241 5487 7249 3339 4565 5364 3477 2060 2626 2180 2619 2896 6174 3996 5611 5955 6743 4861 4394 5484
4317 4148 2500 6533 8447 6309 5418 5507 6690 1605 8663 5588 7080 3248 4714 5253 3455 1948 2140 2800 2824 3621 5999 4061 5627 5587 7054 4635 4368 5384
4782 3697 2186 6851 8036 6560 4987 5415 7025 1494 8316 5185 7159 2976 4042 5852 3511 2075 2085 1681 2828 3202 5687 3938 5582 5971 6970 4303 4448 5458
4855 3994 2815 6554 8190 6740 4870 5670 6425 1465 8634 5452 7357 2974 4529 2049 4044 1598 2060 1545 2314 2981 5779 4395 6191 5854 6847 4263 4311 5503
4591 3381 2844 6603 8218 2960 4842 5915 7013 1342 8162 5305 7562 3166 4664 2186 3662 1986 2712 1719 2809 5211 6157 4298 5801 5545 7123 4272 4332 4837
4733 3501 2300 6694 8359 2916 4767 5906 6750 1526 8654 5089 7134 3187 4423 2209 3578 1504 2226 2041 2397 4790 5915 3747 5546 5461 6665 4532 3905 5490
4610 3265 2550 6941 8456 2575 5391 5818 6601 1172 8609 5021 7044 3174 4195 2723 3601 1868 2334 1638 2554 4737 6004 4021 6137 5764 6748 4941 4627 4864
4487 3898 2729 6673 8455 2500 5076 5258 6514 1567 8749 5165 7604 2948 4182 2461 4035 2099 2723 1566 2338 4873 6239 4232 6066 5403 6623 4461 4116 5501
4629 3993 2715 7211 8554 2536 4831 5809 6854 1158 8531 5001 7595 3098 4248 2203 3656 1924 2433 1992 2870 4760 6047 3889 5565 5753 6887 4475 4114 4918
4855 3639 2564 6977 8465 2626 4813 5860 6657 1138 8384 5588 7163 3540 4033 2548 3465 1501 2077 1772 2680 4693 6202 3824 6239 5563 6389 4508 4351 5512
4778 3359 2667 6833 8041 2485 5051 5213 7053 1142 8833 5585 6978 3262 4401 2422 4072 1636 2475 1789 2214 4656 5677 3784 5802 5700 6522 4523 4039 5531
4602 3426 2327 7216 8370 3081 5080 5403 7036 1258 8381 5107 7227 3429 4460 2106 3930 1991 2663 1929 4190 4714 5863 4139 6074 5705 6905 4797 4609 5506
4655 3548 2624 6978 8211 3106 5321 5472 6433 1310 8287 5215 7602 3056 4352 2478 3469 1811 2056 1724 4230 4639 5740 3748 5799 5937 6755 4665 4205 4856
4406 3946 2717 6854 8421 2455 5304 5355 7131 1663 8444 5554 7574 3308 4446 2144 3436 1808 2368 1887 3834 5079 6045 3711 5585 6017 6994 1496 4488 4861
4834 3660 2642 1857 8323 2762 5001 5797 6887 1151 8312 5000 7577 3431 4714 2665 3754 1807 2624 1757 4022 5200 6110 4196 6055 6097 6618 1677 4229 5153
4367 3970 1111 2116 8119 2745 4870 5766 7050 1343 8536 5315 7519 2946 4205 2252 3512 1672 2471 1508 4279 5035 6348 4072 5770 5762 6441 1669 4411 5201
4433 3702 1552 2197 8536 2563 4920 5622 6442 1695 8734 5272 7390 1736 4662 2659 4111 1950 2589 2001 3744 5200 5817 3952 6068 5576 6477 1778 4023 4836
4746 3958 1712 1688 7981 2949 5071 5192 6747 4915 8599 5117 7021 1713 4193 2698 4162 1683 2748 1430 3974 4785 5728 3745 5660 5403 6999 1371 4590 5506
4303 3389 1158 1943 8007 2558 5471 5381 6606 4787 8225 5534 7312 1790 4743 2188 7469 1470 2100 1672 4094 4885 5969 4443 6116 1902 6422 1465 4617 5430
4789 3296 1750 1598 8420 3095 4899 5664 6969 4631 8179 5106 7263 1651 4718 2210 7494 2177 2316 1760 4110 4814 6174 3756 5754 1725 6432 1413 4625 5487
11 23 28 13 51886 1.0871805465469613
5 20 11 5 67041 1.0397059831556128
22 27 1 23 81010 0.9912360812037813
25 8 10 15 44030 0.9174897795521937
23 24 18 8 54453 0.926809188392187
3 7 14 13 38635 1.0575466784187089
1 12 21 6 47758 0.9256180978790937
19 19 7 2 64884 0.9313614918930218
14 17 27 19 27644 1.0698969089921613
17 5 23 17 38844 1.0829654574305168
19 19 7 13 44165 1.0045138036062977
5 28 0 21 33496 0.9959173212490013
13 20 19 7 38509 0.9956932603897037
14 10 9 1 33616 0.9432078484639503
16 3 20 16 46222 0.9316903457839222
18 26 23 5 77386 0.9693119601783741
26 10 13 29 73123 0.9475029427561941
11 16 20 17 19970 0.9472525068955822
5 14 13 6 41101 0.9978600424274245
17 5 9 22 62871 0.9829522471900863
6 29 13 6 88276 0.9070725951791948
27 18 9 21 47524 0.9847235535887705
0 3 19 1 48394 0.9156216361444194
6 15 26 9 62387 1.0268086361691684
9 22 0 27 39622 1.0569772311064567
25 4 29 13 23393 0.923921145978515
19 23 21 6 53512 0.996548176001244
13 7 19 12 22903 0.9475635897384511
23 16 23 4 46115 0.9767987543213901
22 9 3 17 49994 0.9995152376905095
12 22 28 11 52040 0.9498822178957353
25 15 27 25 47399 1.0065614052260534
12 25 18 0 68556 0.9680755543260038
6 24 11 0 93951 0.9609802690016039
0 10 9 14 35579 1.052774221829531
25 9 25 22 50605 0.9419393929860831
12 10 28 12 37741 0.9678727399086715
14 22 27 22 49863 0.9946733625203193
13 7 28 22 62750 0.9806690097225077
24 25 16 18 41019 0.9300443772545477
7 11 22 27 75205 1.0685798138193536
27 12 19 15 23697 0.9527308806332844
18 1 2 29 106943 1.0880901096162197
8 22 20 23 51416 0.9575885453813734
14 23 0 26 52891 0.9971292033392187
11 20 28 12 50859 0.907853008541493
8 6 24 24 85101 0.9103446882130433
7 11 1 20 47262 1.0497916110444148
3 10 3 28 66012 1.0369856680216323
26 10 6 28 96768 0.952121296528707
25 3 27 17 23443 1.08418100004906
16 24 10 2 70643 0.9891571763334399
2 5 20 16 64425 0.9814833550488895
28 21 26 29 38439 0.9441339539123175
24 12 11 9 29682 0.9924405185016553
13 19 28 22 39110 1.032555903424169
28 13 6 0 72682 0.9879127858040233
19 27 19 4 62663 0.9312366310680464
25 2 19 10 27173 0.9472888531871752
23 22 15 25 49226 0.9886679651872116
25 10 9 18 49648 1.0655169070480235
16 16 22 23 30176 0.9545220352329636
15 21 8 16 28042 1.0831445805598143
9 5 20 10 41378 0.9272296945971905
5 14 11 9 31684 1.0408109963322796
4 28 18 17 72173 1.03799380956025
8 23 25 4 81923 0.9022330788293704
28 24 4 20 71908 1.0601278527297784
12 2 9 17 46055 1.059906012361996
18 16 11 13 25624 0.9819081956819432
17 15 24 21 32610 1.0747676378881932
13 4 26 14 43630 1.0144445115438645
14 10 2 0 44329 1.0064253768262792
23 0 16 17 59473 0.914686750798911
5 11 11 28 72695 0.9433368034216538
10 4 27 14 51559 0.9465098693467693
20 20 18 12 29254 1.0439788359693165
29 22 6 17 62740 0.9615242260471568
28 29 22 22 38657 0.9457122357193871
4 10 4 28 68406 1.0975967399668987
24 5 22 23 52225 1.049030062072755
5 27 21 3 105144 1.0881316020897387
2 3 5 22 68025 0.9201231701458665
18 28 8 0 101126 0.9062313397972446
26 11 16 15 37115 1.0087081243807858
29 6 13 19 55054 0.9877126459863075
13 0 4 10 36173 0.9166746658471164
19 25 0 28 90347 1.0114686909881354
23 23 10 13 53563 1.024350542328311
12 10 18 14 26322 1.069213488038014
26 18 13 17 29158 0.9241348558694006
26 15 20 29 47409 1.0132568939047535
21 28 16 6 62809 0.9340998082095662
20 23 8 22 51416 1.0140030126966217
15 2 19 22 68525 1.0341516464376894
29 15 6 20 56279 1.0446592016501786
16 11 18 26 69224 1.0685255870965604
0 17 11 15 33457 0.9783212813006298
29 0 12 19 64016 0.9050785564815963
28 17 24 25 41109 0.9843896183223333
15 5 8 8 26242 1.0350263374109427
10 9 5 3 37533 0.9556126974670872
4 8 27 4 46320 1.0832127658001185
12 11 26 10 32140 0.9743680495433598
0 23 23 24 79294 1.0746238998918027
15 21 6 23 41368 0.9960617713966662
1 7 21 26 75741 1.0795671689308532
26 10 20 14 33800 1.0247388193788611
15 19 8 16 22859 1.0714601042528773
8 18 10 8 39041 1.0634882797275886
12 19 16 7 37045 1.0120724848880105
16 16 11 26 39511 1.0948687836791469
3 22 9 16 42268 0.9603643267087207
18 18 24 27 33261 0.9929788354104463
26 21 15 17 39946 1.0839638221112267
14 21 17 9 32176 1.0766258129164181
28 1 16 0 38285 0.9683314925431433
29 14 25 1 32954 0.9394971798992592
9 17 18 22 40602 0.9032697279737268
26 15 10 0 63066 1.060307830055045
9 29 19 15 63882 0.9503986779155225
12 21 26 16 41860 1.0394440637908646
8 7 24 5 47344 0.9967586711183035
16 13 15 0 38725 0.9838450498779223
1 27 19 14 82652 1.0945680582333646
29 23 22 6 70324 1.0956452037172864
18 27 1 18 70573 1.062685394515915
23 13 17 22 46824 1.0211002502964646
29 23 3 26 97318 1.0657080198286857
20 18 0 14 51552 0.9785666857960612
10 8 28 3 41336 0.9659951754990604
10 16 22 29 54466 1.0161294318480216
29 12 21 21 36426 1.0745013335402627
17 11 7 17 40386 1.078452890430562
6 16 17 6 61101 0.9376174542137992
2 6 24 23 81879 1.0727920665220456
14 25 27 17 41413 1.0578751276184577
11 1 2 6 39210 0.9683935512406696
17 13 2 21 60220 1.0172439525259174
12 22 6 11 54872 1.07782602745105
0 11 20 16 53500 0.963195538603411
25 1 5 2 54248 0.9328417461545351
16 14 6 23 54857 0.9567208986952838
21 17 14 5 38856 0.9329304384682714
9 6 0 8 26770 1.096485053004165
26 25 19 18 46134 1.0574018189417327
1 27 18 15 75873 0.9180864790341629
16 15 22 21 30393 0.9531392539886037
14 28 24 9 56983 1.0861029658547638
12 23 28 23 54609 0.9361003438419595
28 11 9 11 45794 1.0369641663575382
28 2 24 16 31228 0.943894077424788
13 6 25 26 75271 0.9790845789147445
1 21 15 20 39506 0.9971552246014957
8 20 18 3 61982 0.9493013697745754
10 23 22 4 74401 0.9463776832464943
25 5 23 24 58937 1.0772685098198846
13 9 23 20 45041 1.0127614054226983
28 3 15 17 43251 1.071163163979877
25 16 2 21 67359 0.9768901655789919
10 25 19 9 57774 1.0282083772370432
23 22 9 9 60609 1.0387500101833222
9 1 17 9 35404 0.945098258987661
9 13 21 13 38341 1.0402059965979036
27 23 7 20 63302 0.9840412436911117
12 0 4 2 32899 1.0438857225943186
14 23 22 0 67806 0.9371789947126985
20 5 6 8 33434 1.0401393602955633
29 17 17 17 21430 1.0548413263996297
23 10 3 2 54284 1.001346387738321
8 3 22 2 42477 0.9337594640172778
20 26 17 10 58723 1.0320667579940552
13 25 22 20 38340 1.0228955728310543
28 29 18 2 81908 0.9680590261714959
9 6 20 10 37142 0.9933702778777255
7 24 20 10 78826 1.051599700474229
5 4 23 25 99556 1.0343904870547111
4 7 27 26 94172 0.9964347582882724
23 11 25 3 32485 0.9995544320596423
22 14 3 25 77722 1.0544041594655789
19 6 29 3 29046 0.909724231491872
11 29 15 16 42173 0.9692515319433037
12 18 3 22 40558 0.9986087432201429
28 3 5 7 54976 1.020029179581576
20 0 5 26 101550 1.0804142453834256
25 9 0 12 38750 1.0061387259068426
27 28 2 14 95218 1.063827251332034
6 5 24 24 92007 0.9800045373763779
0 17 26 29 84907 0.9047338829760979
7 3 28 5 59918 1.089865714798816
8 17 20 12 40114 0.9779044665663599
13 9 23 26 64725 0.9950785494062508
8 14 1 9 34991 1.0749751270746037
27 21 11 13 59514 0.9550905299691411
2 7 0 24 53749 1.0386971385627577
26 13 9 13 50850 0.9756216952767205
28 25 8 15 75463 1.0673588335975506
19 26 20 2 70786 0.9989327295198236
13 10 10 22 40438 0.9571086782502269
6 8 23 3 52163 1.0369348259517936
15 14 1 13 46353 1.080334948958489
27 1 8 28 93633 1.0623179159641796
27 13 27 2 15920 1.0903825929045183
10 17 10 3 49313 1.058421968769372
6 10 25 19 62230 0.9359564198014982
21 8 20 24 46534 1.0443451597319715
8 27 20 10 81356 1.0492116341427498
25 14 23 5 31743 0.9773312320329558
14 5 24 18 48445 1.0494858560636295
22 5 14 14 34146 1.0783048402782505
22 7 13 15 38829 0.9812352258076432
21 29 8 29 62806 1.0201095189253628
8 19 0 23 32207 1.0343746662719286
2 7 24 2 59682 1.0091350676920698
21 6 2 5 53546 1.0237853578105915
6 3 23 17 74670 0.9511986316928432
23 10 22 21 43407 1.084635385760025
22 19 6 25 63997 0.9475996171311386
18 25 17 11 63304 1.0075911014298449
5 4 5 19 67604 0.9196419131948613
8 0 24 6 64349 1.0286105210263083
19 2 27 21 62595 1.0984191775395835
4 7 18 9 26932 1.0726524087217721
11 1 9 27 85750 1.0054283437696865
16 21 10 2 58530 0.9888592022733831
5 1 24 20 88556 0.9014579428735591
11 18 29 21 45778 1.0086252799044613
13 28 6 3 89234 0.9501844450519625
23 12 18 21 44068 1.0163469205546556
8 8 9 23 59585 1.0299906960193916
14 3 5 5 46287 0.9962636174674525
3 17 22 15 40283 0.9965196663580193
29 23 14 3 78499 1.0531448256979197
23 10 6 24 81997 1.0938349032427355
14 5 7 13 38224 1.0250197873053917
20 20 22 6 48617 1.0254978461012534
13 20 6 10 48806 1.0958566249422796
22 14 5 14 54859 0.9132509151163563
25 3 7 6 56014 1.0303932463090903
2 14 16 14 53072 1.0554080078689334
6 1 18 7 50137 0.9227832305437841
6 17 0 24 34624 0.9593079623974698
26 7 15 14 38970 0.9519510999097548
6 14 26 19 60826 1.0166792076523838
0 0 26 24 104333 0.9117987149676051
26 10 2 4 59071 0.9230962958289
17 15 18 1 38563 1.0077575072777194
14 25 6 16 41075 1.0377006282639651
21 23 3 26 73303 0.9736422143685188
9 25 7 1 92349 1.0210265979601976
1 12 0 27 46880 1.0541490272829814
7 15 21 3 67380 1.0737953866939334
4 6 24 25 88644 1.0891055208860503
19 26 29 0 76562 0.9166469416136844
9 3 17 11 48775 0.9102680633259653
17 25 21 18 37784 0.9770258523716051
14 4 1 17 53179 1.0279785086943287
12 18 28 26 53732 1.0878448858520977
15 14 2 15 43990 1.0409003887367119
18 27 27 7 59941 1.0746455937700983
2 19 14 22 34503 0.9707380469636062
10 10 15 27 55673 0.9425005317648524
26 17 16 29 59141 0.9840175330037159
2 1 18 22 87693 1.0963904425288202
14 5 21 20 46030 0.9379422986976369
9 24 29 23 74801 0.9220362984032286
7 10 16 5 28866 1.0920866162685672
22 18 9 8 46796 1.043503804511009
1 24 19 13 74402 1.014229993680419
14 23 24 2 62185 1.0481236587868672
14 25 20 5 52915 1.046177370337959
9 3 29 25 104899 0.9792537906266222
13 3 27 3 36976 0.9825571327484022
18 28 27 21 57467 1.0871945518585178
28 3 25 11 23849 1.0038472635266642
24 6 11 23 67591 1.0628409174334075
9 14 25 21 59060 0.9970335643872431
26 18 11 11 51379 0.9352399360767294
23 22 21 5 58736 1.0532393403087177
1 22 23 26 83352 0.9784521914559929
11 0 17 13 49824 1.0138915453827326
9 14 26 9 43158 0.9017802263498736
2 22 24 27 80843 1.0044644757538648
7 9 1 19 36389 0.9365007355409062
23 10 6 24 81997 0.9024379933507484
23 24 10 0 87705 0.9358005998307952
14 25 9 7 53993 1.0258676877449486
14 26 22 22 40418 1.0128961014906532
11 18 22 18 25078 1.0996666217457043
16 5 26 12 38940 0.9393946431715154
27 4 1 7 54396 0.9471463660782029
8 20 1 16 32978 1.0472648513056102
11 8 14 18 32477 1.0726536334073367
11 26 0 26 40819 0.9373502008621644
0 9 9 3 38274 0.9254436623462673
13 8 29 5 36078 1.061253405049628
27 28 28 11 66708 1.0933936926516277
11 1 23 27 84301 0.9539300534803359
29 16 0 16 66220 1.0189014812466737
18 29 24 10 71718 1.0309504865020727
18 16 27 8 31039 1.0576016960385368
5 25 25 18 71933 0.9308864914758597
3 17 22 25 56654 0.9716150488200748
18 1 8 16 58914 0.9521380511514929
21 17 0 28 73498 1.07038733287055
4 6 22 1 55755 1.0383536029265357
3 18 27 25 82688 1.071518874936445
15 24 28 13 51675 0.9866554455904515
24 24 11 19 41653 0.9405664405951712
6 13 17 7 47930 1.0390109195383048
10 2 3 22 80067 1.0712812567562704
1 11 0 22 33450 0.9573509044442683
20 13 15 21 33394 1.0846289691077617
8 23 7 3 82874 0.9153750437322735
23 27 17 9 53838 0.927270969877575
0 1 8 15 54166 0.9338645941215566
15 10 20 23 48401 0.9800466877655166
3 0 4 19 62919 0.9995961888274838
4 0 20 19 81253 1.0064132680956352
2 15 15 23 51555 0.944104952737997
17 23 20 11 47234 0.9470730307561607
19 22 11 3 79858 1.049569925856049
4 6 4 20 51738 0.9924133142808009
19 13 4 13 48147 1.0575089816970122
18 8 7 6 31358 1.095952384104718
10 8 6 22 65201 1.039310735607011
14 11 14 23 27761 1.0802197400349693
20 19 29 13 25957 0.937405129642815
7 5 11 18 48867 0.9467102545001908
13 4 28 29 85904 1.0198598912442272
22 2 11 19 54557 1.0875481853389675
19 9 6 1 46673 1.0556764405893193
11 4 25 2 50681 1.061856308297218
5 21 1 14 38143 0.9693428011119944
28 0 20 23 56154 0.9478790854027436
2 6 14 6 33604 1.0802612335639616
5 9 16 26 65940 0.952465158271017
26 19 4 22 60454 1.0483438446122486
27 6 11 17 43943 1.0730957339708764
2 20 27 15 61373 0.9238172073622712
20 4 9 14 49599 1.0787141825571334
23 27 29 15 45589 0.9898365528389395
18 13 5 21 53256 0.9219990827236667
14 1 16 23 62383 1.0602737571867815
13 27 22 17 41115 1.0049797381487677
29 9 4 25 99479 0.9993351488382073
3 9 12 19 38636 1.0386258539784827
13 8 8 13 26748 0.9385346207705207
25 0 23 23 61836 1.0920578593204753
16 25 5 2 86235 1.0440604357595746
21 18 8 7 52905 0.9381182843958583
24 19 2 10 62998 0.9120229298262686
12 2 20 6 30317 0.9741322737851061
28 29 9 6 95229 1.0914741485964286
14 3 1 12 41155 1.0083578916164986
4 11 12 8 21040 0.902201263192288
22 19 8 25 53177 1.0707324059455194
11 13 1 29 78971 1.0970085793860345
23 0 7 18 77116 0.9483997090303057
24 15 26 2 27879 1.062148384827422
17 2 22 29 71310 0.9471863970859373
8 6 27 8 48579 0.943565987127797
25 12 2 22 83544 0.9053086870705712
20 6 5 25 87710 0.9182601133970782
27 9 2 22 80710 0.9302580090754788
16 9 5 25 73926 1.0643904275080416
0 18 9 15 30228 1.019797313491576
10 18 13 28 33387 0.9473467795961346
20 11 1 22 71546 0.9115602138266338
22 28 17 16 40532 1.028021664612053
1 12 24 0 70066 0.9052317097650802
18 4 6 13 51389 0.9233805229173538
26 5 28 23 48745 0.9074107592011073
19 24 9 24 52054 0.9007246953498493
24 29 1 3 98471 0.9164207916852474
11 28 3 11 75597 0.9923479904291502
0 8 24 19 60966 1.0668756520830178
14 14 7 1 48509 1.069681479318927
13 26 12 6 56109 0.988290349216495
8 19 22 9 46857 0.936700483718446
25 16 18 4 44214 1.0072989375858297
2 12 12 23 57582 1.0806767261943093
17 18 16 6 42471 1.0146381605831987
26 10 9 16 55123 1.0112645909737288
12 28 18 11 56121 1.0058163352958223
1 23 14 28 60033 0.957057977016481
15 13 26 5 39879 1.0611192129788478
0 15 28 25 88616 0.971575669947051
9 13 11 21 33797 1.0583705116391542
27 2 6 1 56883 1.0502621503880545
29 8 13 5 45699 1.0275477039483434
16 20 1 24 53654 0.992683349675545
0 23 22 3 89769 1.0450804810618923
7 10 11 0 42345 1.0862534181533952
0 5 11 1 38239 0.9400953058725877
12 8 28 24 70411 1.0997096359993435
21 3 28 7 29375 0.9464016551584992
13 9 15 21 32380 0.9157942021305853
8 1 1 10 42234 1.023374356649431
23 16 28 27 44937 0.9558978201531038
1 0 9 17 54590 0.9360077763965745
19 13 0 22 66462 0.9179584248024858
1 3 12 20 56521 1.094974620236081
8 11 9 28 73060 1.0168816125180515
0 3 17 5 45164 1.0882165829914865
16 20 10 5 50932 1.0056370658890519
2 25 10 22 37015 0.9303494942726351
5 12 16 25 70530 1.014015922796405
26 6 13 27 70136 0.9856824197050659
5 11 18 23 71529 1.0946345364450651
3 10 20 7 36912 0.9142256385466702
5 19 24 24 56943 1.0652502257495604
21 10 17 25 57631 0.9039182786022617
11 6 14 20 40524 1.026993242512611
20 13 0 21 65218 0.964161359736973
16 28 13 0 73256 1.0949630623883122
15 1 26 13 46459 1.0761660997296287
24 15 8 21 50229 1.0436618820896308
12 11 26 14 40132 1.0166185149060964
20 20 0 12 62763 1.0458377139957546
0 5 28 3 57477 1.070856987091143
4 9 12 17 32376 0.996950838090404
13 21 17 7 48347 0.9738632788765136
17 12 2 26 84081 0.9506822507955092
7 17 0 27 44796 1.0189293098934622
28 29 1 8 96512 0.985486869405488
2 20 24 1 89641 1.0621008726103116
16 8 10 14 29311 1.0977623177598959
13 18 26 26 51830 0.9785036882544023
27 19 29 10 40134 1.036608417652066
1 2 3 16 39847 1.0027779119126534
8 29 15 25 43224 0.976810828873441
20 15 10 28 57232 0.9689320969471824
17 18 21 24 21658 0.9360712758372032
4 16 6 5 50520 1.0661321548947773
20 13 28 23 46072 0.9907216446188534
16 28 15 18 33444 1.09909159945971
5 13 19 1 51621 1.0726983267256816
9 14 22 19 41871 1.0532673393440388
11 7 9 22 55051 1.0467122161587255
25 25 3 19 72197 1.0878410528983955
14 19 24 8 41106 1.044814174993069
5 18 21 15 38307 0.9669591616499706
7 9 15 16 30394 0.9089630690283121
28 2 12 0 43610 1.052555124153204
3 12 5 26 61450 0.9432802232159364
0 8 8 0 38883 0.9570047685007593
25 21 28 7 46544 0.9853350213550817
8 24 13 29 40724 0.9917961448158339
6 7 10 16 44890 1.0619387784377263
27 5 6 21 71527 0.978087044714273
5 18 15 20 29078 0.9905900246103115
14 14 9 3 46199 0.9960218795543135
17 28 14 4 67663 0.9016583718068318
21 26 26 7 48997 1.0585739249137738
26 19 17 7 50765 0.9989027836020137
24 16 13 3 50310 1.078097191887192
3 26 10 23 30954 1.0031037080473693
7 3 25 18 75097 0.9063541034120985
19 27 29 12 58266 0.9867803571187528
4 8 19 0 39677 1.0313358440322868
11 15 19 9 31045 1.097382369788873
15 24 25 24 51206 1.0952500359553934
26 5 10 14 52246 0.9984153230939025
0 2 17 28 86422 0.9094366640338544
11 24 2 16 47820 1.0906815902701197
20 21 10 18 29453 0.9782955402996936
7 7 17 10 29214 1.0632208791900237
18 4 11 19 47443 0.9127811092549486
26 15 13 8 35560 1.0824433176572827
18 15 2 10 46306 1.0951529606816395
27 2 8 18 59563 0.9581491844221057
2 12 0 26 47713 0.967223136439281
22 11 4 10 40058 0.9508750127060573
28 22 5 25 84805 0.9273610214138513
20 14 12 20 32683 0.9747987726675086
13 2 23 29 82117 1.00650230285254
1 24 16 17 54381 1.0594061434830082
16 20 18 6 46227 1.0120437203648838
22 27 8 17 50285 1.0696516229882032
2 15 16 18 40853 0.9525369953308909
25 19 17 4 53093 1.0630950580082499
5 26 13 13 67005 0.9087866468764277
23 5 5 18 64490 0.985157341522765
3 7 7 18 56081 0.9444871776485132
15 11 16 28 51562 1.0994279003708178
15 23 21 1 63289 0.998608962667012
18 29 20 7 74649 0.9215061744065772
24 18 12 7 47123 1.0906238423355952
16 11 1 17 47501 0.9278589480974053
1 19 12 19 27540 1.005078531756955
26 9 0 24 75446 0.9499373120229304
29 1 7 14 75013 0.9678928753962622
23 15 8 0 70443 0.9068022654887552
9 17 2 23 43044 1.0041917320276936
15 0 3 27 96144 0.9999866388690639
5 17 19 26 62149 1.0634794039813322
29 23 14 2 82810 0.9560110230117369
28 4 1 27 108321 1.0001307779147777
10 6 21 12 35554 1.0759038803742795
18 10 11 7 21545 0.9849510657853765
0 16 27 17 54849 1.027791089811994
14 9 23 17 33666 1.0357664896810233
23 8 1 20 67440 0.9837062284466557
22 24 29 6 57627 0.9484729025837202
2 6 21 19 61782 0.9552705939259283
29 20 13 11 54462 1.025644093831593
5 24 5 5 73151 0.9559288279843275
19 18 28 8 36835 0.9590037015932219
20 21 10 26 48676 1.011112903546468
10 8 20 18 42697 0.9517555620172099
9 26 3 16 56468 0.9631010392681219
5 16 28 14 53292 1.0951665056303137
22 10 15 20 43597 0.9071330640443688
17 9 3 10 26072 1.0610937847954542
7 19 29 19 41585 0.9121391568661994
5 13 24 19 59009 1.0637086875073125
13 11 15 27 43700 1.0591968649188073
12 26 25 1 75651 1.037586103321313
25 15 0 10 55480 0.9369530631424839
22 23 29 12 44055 1.0469808262929086
21 2 6 24 87654 0.9577463706672933
1 28 21 10 89126 0.9018482947909573
3 28 27 19 80195 0.9495290963433914
0 9 9 24 64775 1.045363354482363
4 12 2 1 33775 1.0340258922974552
12 25 28 0 74204 1.076489303421788
11 8 5 27 82472 1.0943371682280676
20 9 28 26 62226 1.0309273346587928
3 12 11 2 46971 1.015746926231718
14 0 9 20 62165 1.0435504381894671
28 5 21 14 32262 1.0503490294501248
29 0 22 22 60610 0.9956794462999676
19 10 3 22 71087 1.064011136564491
25 4 27 28 78402 1.0540396494875073
26 26 8 10 83334 1.0472120626064974
20 23 26 5 47308 0.9349575739773089
22 19 6 2 71513 0.9090805293549599
14 0 27 24 96639 1.0265701480075422
29 24 2 6 97862 0.9608171119925195
4 8 1 17 31229 0.9876608112528615
1 5 11 22 63576 1.0173267199086808
21 22 2 8 63984 1.0735796115914829
1 14 0 25 36414 0.9139088027991062
4 27 16 17 67110 1.0108349993505996
16 24 0 19 56375 1.0344488683406508
18 28 19 17 40808 0.9777407107549666
0 8 5 18 37349 0.965046533195821
1 22 17 4 79301 0.9879774359202548
21 16 1 7 53796 1.0866967384338253
29 19 21 24 24622 1.0482245028263515
6 25 14 2 91495 1.0214295948385284
9 27 23 1 94853 0.9219938149272947
20 9 14 2 25619 0.9289615178700574
7 23 24 22 64166 0.9870183280633824
29 24 17 10 73125 1.0192297761432334
29 18 17 29 60905 1.0981621000883113
5 3 3 11 40890 1.0224518657580906
19 10 28 28 65351 0.9139481474119633
25 11 10 0 51900 1.0075279521353437
22 11 26 2 37280 1.028488802157418
22 0 23 21 70929 1.0465869002534867
2 0 11 15 60722 0.9426391208972784
0 15 26 25 90465 1.0802751104000272
18 5 12 13 28805 0.984016419390995
22 15 6 8 45644 0.9181334860801659
6 15 28 27 78650 0.95964065413536
5 19 24 17 42865 0.973657225627361
25 5 8 24 84004 0.9017256546741099
25 23 23 14 44098 1.0662685552931885
20 7 5 21 67641 0.9497556869175626
13 29 28 27 53457 1.055758909752869
28 10 7 17 53740 1.0082262521002434
12 13 4 8 25458 1.0803701868622346
26 26 7 20 65225 1.0647997025625466
20 21 4 5 72119 0.9981425714863675
20 21 27 11 32586 1.0673685315101766
3 12 9 25 68144 1.0168076539484763
11 6 4 27 86163 0.9180209505032487
3 4 18 11 52622 0.9848955535756688
10 23 21 27 50988 0.9658629368570848
9 10 19 16 42092 0.9355720185459308
5 9 10 21 47934 1.014114684963887
18 19 7 24 46050 1.0715227402573295
20 17 18 6 35160 0.9991327493031176
16 25 24 14 57656 0.9193371330248228
8 11 19 12 37326 0.9980874980210795
29 1 22 28 68402 1.066402633186655
8 1 7 17 65132 0.9567969278088684
14 8 0 29 76005 1.0792732571321049
11 2 28 8 50210 1.0598768617006034
9 20 7 1 72921 1.0505771516667002
12 1 28 27 88564 1.0293476055347424
23 25 3 24 83884 0.9441325232503655
27 5 25 25 61634 1.0700759109919935
3 21 11 27 47372 0.9045252486751376
20 17 29 22 37643 1.0977140016666667
1 20 9 26 44715 0.9745622377750698
3 4 10 19 68738 0.9834479583010003
17 14 3 28 79078 1.0523078802014556
26 23 8 11 82872 0.9954822540709961
27 21 20 26 46778 1.0879764349320493
0 27 14 19 56634 1.0717798219449752
29 0 6 21 88111 1.0789238705635442
8 6 0 27 74066 1.0973398608494394
17 3 25 6 35973 0.9133165566195116
2 9 4 0 30119 0.9462812481851296
8 11 6 21 57026 0.9994368324231607
25 25 17 10 71198 1.0942745674462753
24 11 19 25 56580 0.9101940278097443
10 14 24 4 55536 1.0094938325251723
23 25 12 23 50652 0.9741264625720051
0 15 7 3 45473 1.0334321108496285
18 7 12 24 51343 0.9205229731661435
11 26 0 21 52647 1.0181521608149864
12 15 25 17 28131 0.9532569690607581
2 6 5 25 61867 0.9241415426114964
19 10 6 13 40732 1.067199682850619
8 25 2 12 65599 0.9113261371773228
23 15 0 0 63630 1.0411586922198208
13 3 5 22 70429 0.975844246113855
23 6 2 2 63968 1.0067675860984402
16 25 4 15 57885 1.03582234878188
8 6 15 27 72433 1.0302851280798024
11 1 3 26 93652 0.9300955964985786
4 23 26 8 89511 1.0612248804189905
1 11 6 28 68566 0.968585028649329
24 29 8 24 80139 1.0979638777746197
12 28 23 25 56936 1.0690432119972233
21 12 1 11 43841 1.0657401390387946
28 7 14 19 46803 1.0133882404004357
16 16 7 21 36513 1.020369067201435
15 11 6 17 32830 1.0781564747479593
29 8 7 29 106016 0.9262536792775486
6 11 28 29 98461 1.0911172482930578
26 9 28 25 53188 0.9349145933026861
17 9 18 0 22236 1.0046939023127832
7 24 19 3 79032 1.0201219452815182
16 8 11 1 32699 0.9529188272632666
0 17 17 14 45862 1.040101407214111
9 28 17 11 70675 0.9581179423192621
11 23 28 3 66555 1.0170329069337036
6 19 27 3 64995 1.0626984993268251
14 5 3 14 44728 0.9193432418466952
17 14 5 28 77485 1.0774887481856381
26 13 20 2 32318 1.0502258707131735
22 28 10 26 57230 1.0463872689519658
14 15 17 7 29683 1.0961513304820991
15 1 3 21 80885 1.0303157252806927
8 19 18 20 24925 1.0827831364346259
4 6 23 1 59701 0.9261427227909024
5 11 24 21 71652 0.9021504053658214
29 23 16 18 45085 1.0700797502146162
11 7 28 5 42194 1.00758825156528
12 29 6 24 42262 1.0983988507486453
21 4 25 24 74008 1.026328222578821
16 0 2 6 53428 0.9828889096156432
3 13 29 29 100670 0.9237843362631961
2 10 5 19 46858 1.0563780427928837
13 1 2 13 49870 1.0479809317862459
11 29 8 7 73625 0.9133315952990639
25 18 16 28 52389 0.9980593695660085
4 7 10 22 59786 1.0013431289562182
10 22 27 28 68975 1.0494045914370411
21 11 28 3 30892 1.0756952215770004
16 22 7 18 32883 1.001664266494194
2 14 6 24 48408 0.9263312838490734
28 18 18 1 51076 1.0680789948844924
18 27 17 6 73723 0.984637244596049
12 12 4 16 34554 0.9972877111455687
11 22 3 18 40505 1.0095693485427855
25 29 6 22 86991 0.9707723425006867
11 2 16 7 27667 1.002066849519191
1 0 29 0 78831 1.0997042397989714
1 29 28 27 106840 1.0298999737896986
27 16 21 29 37997 1.087261087266692
8 25 21 4 85058 1.020101953948814
6 6 16 5 42230 1.005040075188709
26 12 19 6 29571 0.9111685737611407
6 0 20 5 51305 0.9412268386233382
2 8 23 17 56281 1.0480965382460123
9 6 26 11 46918 0.994294312290825
7 26 1 20 35130 1.0210567224964509
6 29 2 0 96185 1.0069783287162188
6 28 3 16 63189 1.0733143449294713
1 1 19 15 60021 1.0149965114839827
18 26 3 5 100786 0.9107607808897465
22 19 25 6 42238 1.057254713361055
7 29 16 24 56293 1.0067645013309912
14 21 15 1 50037 0.9990817178561594
2 16 22 2 68710 1.049766175941595
21 15 6 3 66359 0.9516478661092396
26 28 3 20 75033 1.0603923947607468
29 25 17 14 62122 0.9004058148319937
23 12 3 5 62886 0.9442468950587144
15 19 24 8 43147 0.989855423069656
12 0 22 15 53514 0.9028499737636666
16 12 25 18 38915 0.9240170068290721
1 26 26 3 99603 0.9954254198336501
26 13 21 28 41668 1.0226560273754706
9 4 17 13 48777 0.9660782261175551
5 19 19 28 60978 1.0207104572061256
1 21 21 0 83891 1.044611761464594
8 18 15 15 22231 0.905015136582181
3 18 10 1 71464 1.0367447603871625
28 29 7 23 85244 0.9832958464241908
17 5 27 19 50346 1.0741663886888868
14 28 24 5 70925 0.9569194499507716
26 1 10 9 42964 0.948328786740741
7 28 6 2 97448 0.9650037195462634
15 0 4 6 48390 1.0624148909134834
27 23 17 24 45308 1.0731312003221831
29 0 25 23 68234 0.9949362749980724
19 27 17 14 49924 0.9974883300255522
5 13 25 21 72554 1.0849914224642667
9 18 19 25 49710 0.9347321251476346
27 5 10 12 43232 1.0683630676041842
9 7 7 27 82238 0.9815069477582173
0 21 21 11 65896 1.0125360042296552
2 2 0 24 55046 1.008548028844115
28 10 10 23 66557 1.0173991140431382
3 3 26 15 74943 1.0635353856736742
28 14 13 25 55457 1.0388912694311647
21 17 12 9 32854 1.0274729199486994
6 14 19 10 47685 0.9241665539418721
14 17 2 26 59412 1.0160601262349922
27 21 27 4 43750 0.9901208722160635
26 28 21 9 59569 0.9647730099277655
29 0 0 28 114427 0.9118472862816589
8 20 0 22 25663 0.9531692147678203
17 13 9 27 59752 0.9380715608424102
13 0 9 16 49800 0.9445086100107662
27 9 12 0 46719 1.0862407423041918
22 13 15 26 51496 1.0678150734678151
6 28 13 13 66456 1.0770092314650754
5 9 16 14 33147 1.083468625527016
23 18 17 12 33977 1.0099058333418791
12 16 20 20 25626 0.9274513658556375
18 13 4 12 42680 0.9507250056400631
24 7 16 17 42633 1.0257002621982805
16 6 4 23 80800 0.9111894647595121
0 4 8 29 85991 1.051146952233149
6 22 28 13 70742 1.0802216094032855
17 3 29 9 46513 1.0267276369297056
2 18 11 15 33163 0.9932885614449716
20 27 20 3 66855 1.020292132556834
13 2 7 29 91792 0.9582027066074245
29 28 13 13 69082 0.9468887306122785
27 20 17 2 63224 1.0633355935988251
24 19 9 23 43271 1.0719956541844313
14 27 27 9 56300 1.002220639943072
1 16 14 15 34102 0.9535958641727971
5 16 21 10 51368 1.0918852585631884
23 13 3 22 73845 1.0013520436582657
16 20 25 10 47133 1.039199567411776
7 12 12 21 43165 1.0174088460962243
26 29 14 3 87410 1.0600332545502298
16 18 4 9 40204 0.9550730709445152
22 19 29 23 30733 0.9551546874517569
0 11 26 25 95997 1.0749884420701352
5 24 17 20 48633 1.0283863265329305
29 12 16 12 45484 0.9947170631562883
5 0 24 19 89309 0.9516449381586183
14 15 29 22 52850 1.0783179919669839
12 1 9 11 36268 1.0735536970955195
13 14 25 19 35674 0.9437439095338886
19 19 11 15 28052 1.020912127595139
29 17 11 16 36339 1.0443492028769041
8 19 3 14 34806 1.052264426288717
11 23 4 26 36732 1.0269081835742795
26 2 28 19 35515 0.9363021915336862
22 15 12 5 44377 0.9698620499396959
0 5 26 15 57344 0.9707024114845269
15 21 5 21 33420 1.0667154012725903
27 17 11 4 59419 1.0071096159687096
5 4 3 13 43520 1.0904585850445612
17 17 10 25 37551 0.9699609384599206
26 22 9 20 57165 0.9201768835236712
27 0 1 18 76634 1.0915367727625154
29 8 23 14 35912 1.085520241415919
7 7 18 22 68568 0.9411094502974549
20 14 11 0 58165 1.0869277277068652
26 2 1 12 60725 1.0454649435566168
29 1 7 13 69200 0.9429932074633829
8 26 0 7 66545 1.0614419702341045
19 6 13 12 19631 0.9259238804031622
29 29 7 21 82078 1.0817889036926018
28 16 27 27 53603 1.0972343094747208
4 27 17 8 87689 1.0089084566083402
29 15 17 20 36260 1.0558822062648068
19 5 1 18 57818 1.0474377774780916
17 11 28 1 42165 0.9813081372064705
18 21 27 8 45691 1.032065630826207
20 14 20 0 41004 0.9567614351192916
0 11 21 1 49228 1.063838636889688
10 27 14 6 62366 1.0536555154573113
0 21 21 5 68976 0.9212903628696669
28 23 4 19 64260 0.9621655377428059
13 11 29 16 46981 0.9809556740122817
1 29 15 19 69897 1.0861426742609614
18 10 2 9 25165 1.0838282103552157
9 13 3 1 51354 1.021605184324497
15 6 2 12 40908 0.9409216045464361
10 6 24 14 50806 1.0742192840455398
5 23 19 11 72154 1.0382678245127215
2 7 28 2 61146 0.9632709886543703
0 15 24 7 54338 0.9559619036372091
7 0 28 16 77698 1.0765934667365467
27 1 7 4 58110 0.9980054195520138
6 25 25 7 93822 0.9492663738999987
16 11 7 29 79545 0.9598423458612055
10 13 24 3 54828 1.0572671000149354
2 17 17 12 47107 0.9374352739705142
17 6 3 3 56423 0.9807712108827042
25 2 15 6 32076 0.9074386257210568
26 7 13 10 29709 1.004051185696168
15 17 29 0 54567 1.02560324259314
23 25 18 2 67227 0.9404827260108021
9 18 23 5 56372 0.955023865792935
11 12 6 0 59291 1.0444937803915522
6 20 27 2 70439 1.0370992582881866
21 28 13 22 44755 1.0792089435643752
2 10 13 9 21427 0.9480311612404971
16 27 16 10 57452 0.9141497392891589
10 6 5 20 60822 1.0500205027264415
1 20 20 19 44358 1.0276796190382103
23 6 10 11 42563 0.9522614005453954
22 19 26 6 37370 1.0674099205030365
29 22 17 25 65147 0.944023603091799
21 9 3 25 76326 0.9979739997924804
26 9 29 1 23662 1.075675720275514
11 9 27 15 33472 0.9949798898862077
12 26 23 4 74995 1.00155510887996
0 8 24 18 60373 0.9131277368854316
9 24 18 5 69195 1.060120722863097
10 2 3 5 33365 0.9525211944896654
19 19 11 13 30767 1.0134966984005267
15 2 0 10 39695 1.0120301909484049
7 12 0 22 53910 0.9520547906319359
3 10 9 18 48825 1.003898889992233
20 29 26 14 50256 1.0113940578217397
16 9 7 16 40736 0.9234135635933143
17 12 4 15 53170 0.9524738692515131
21 15 26 22 40018 1.0174698053052795
15 20 15 4 42527 0.9662233202283071
21 29 25 0 67191 0.9772579315985632
21 15 29 17 19070 0.9330575654539411
13 0 19 14 45650 1.0520447433046147
29 5 24 13 23239 0.9201426197077486
2 4 26 6 63546 1.0232532445309377
29 25 15 23 56740 1.0703874741972605
10 15 0 28 60553 0.9338439284988631
2 0 13 19 66553 0.974319809403029
19 0 25 20 56628 0.9309103109113908
25 12 1 5 51064 0.9224691858020609
18 3 4 9 36400 1.066209616640982
6 17 20 19 30044 0.9809655988707978
7 12 25 2 56447 0.9361608469070892
1 6 10 20 56891 0.9014306697477729
13 10 15 0 27355 0.9092341737860983
11 1 0 11 45927 0.9200542558212638
19 11 26 5 25952 0.9034285943974284
27 22 14 23 52273 0.9106245232430155
1 5 22 21 71253 1.055585835091151
5 24 18 19 49565 1.0892583134681784
24 13 20 21 33012 1.0501674229477174
13 6 9 16 36774 1.0058428464571008
11 14 15 7 26669 0.9936820751975631
4 23 25 20 68980 0.9276935074200264
2 9 8 20 50998 0.9764086921082096
8 5 14 29 78008 0.9878521398837568
7 23 2 16 47771 0.9368752434031826
28 9 8 13 51566 1.0061425640559953
23 20 28 4 46910 0.9558600402376435
13 22 24 28 54551 0.9691701323976565
11 26 14 17 32118 0.9684150610836723
16 10 12 2 25435 1.0690304496081782
22 25 11 0 84051 1.0879331105941452
19 15 15 6 32779 1.0086734024480934
23 2 7 20 71038 1.0605308784762397
15 3 1 15 55185 0.9063861461841091
19 5 12 1 26962 1.093144951332925
7 21 0 17 31259 0.9882081278308533
20 13 11 7 37250 0.9037555722312237
22 27 24 9 51770 1.0945586776100331
12 1 2 14 58189 0.9292071068301808
25 25 4 29 102535 0.9966218948751014
13 15 0 11 37480 0.9411257842989434
25 2 10 7 45475 0.9178648347805969
18 20 23 11 39861 1.02771689718468
19 9 14 17 25694 0.9860323213003359
28 12 6 25 91470 0.954783385808039
29 2 4 17 65870 1.0393628937104882
7 24 23 7 86263 1.0832057110452253
26 12 20 22 41614 1.0404056096814356
9 21 23 5 65747 0.9394770110412224
2 19 23 9 61875 1.0379138249513928
3 24 21 12 74896 1.0792677922100125
23 21 25 5 48677 1.0431524331154456
4 18 15 25 46905 1.0186419936102311
12 7 27 1 40587 0.9824898542452634
14 27 14 2 60769 1.0349795715555095
21 15 16 10 26296 1.0233012082452644
16 27 21 12 55784 1.081586449815912
20 12 13 26 56159 0.9312068082434007
14 2 13 13 26682 1.0000093887742183
1 13 28 1 67160 0.9990889703026181
1 29 0 12 54874 1.068761275773256
29 9 2 13 64503 0.9082471633328988
1 29 17 21 81135 0.940187384512111
18 24 18 9 56733 0.9423402498764536
22 21 14 17 26537 1.0472600062395836
17 12 27 10 33921 0.9654739637427605
14 18 12 7 28699 0.9212739794979488
28 28 6 21 75671 1.0662705932808856
15 25 3 27 56681 1.0230248186659283
4 15 17 23 54095 0.9585645035552721
12 5 25 3 44958 0.9856944727761627
6 1 21 17 70159 1.036735078615594
27 13 16 19 29635 1.0450149717454371
20 14 4 3 64099 0.9522350414650856
28 3 3 16 71587 1.021018812564651
6 1 5 28 95168 0.9141780311722331
24 15 3 19 54500 1.0109504638853568
27 13 7 7 45033 0.9801506859180997
1 25 4 11 57614 0.9780498961894721
9 6 23 27 79046 1.0703438859764751
23 16 24 27 38654 1.0847267978251534
13 28 28 27 50501 1.0654937729157734
23 6 28 12 33875 0.9543866262927413
22 7 17 26 80600 0.9633104979749993
23 16 8 15 42696 0.9078203127804321
5 2 9 14 56342 1.0513444605095486
9 9 13 29 58641 1.0666653836775195
7 0 18 11 51371 0.9064709264213909
6 22 9 12 57441 1.0077553733634985
2 20 15 23 41168 0.9359148005442266
28 10 27 23 51448 0.931810390602242
7 21 23 8 65533 0.9246342399437704
1 6 13 15 40759 1.01703682753023
17 3 1 9 46060 1.0971602683581991
18 3 3 29 99402 1.0055318751660804
9 1 0 15 53428 0.9736806073688413
1 19 29 2 80738 0.9056566575612889
15 3 14 17 35924 1.0051495377323714
7 22 17 19 35608 1.0820795326920103
27 2 0 14 61527 0.919832595771425
4 4 14 22 62856 1.0026650869074678
17 20 17 0 64227 0.9797314034723033
17 5 19 18 42904 1.0260986409707091
7 15 13 20 31346 0.9473372542820845
25 16 28 27 48973 0.9931339603497911
20 23 19 0 55966 0.9501367276197196
16 11 17 20 33961 0.9865109137055501
1 12 15 4 41872 0.9293515583888964
10 18 19 29 55182 0.9113774549954393
9 2 15 18 50035 0.9892132067393011
16 13 28 10 41718 0.968910391713091
28 3 15 4 36464 1.0373942025140843
25 10 15 21 48579 0.9356228941134205
14 9 18 24 55722 0.9824098470428051
15 6 8 21 54606 0.9283677919524689
22 13 8 20 45588 1.0143724602143815
2 17 10 1 65831 0.9549935960531275
14 15 21 18 19739 1.077616020069303
13 20 17 14 26720 1.057980552401676
10 6 3 12 33345 1.0226779723618231
1 29 1 12 58102 0.9597786042179207
27 12 24 29 55310 1.0842650263517664
16 9 21 28 51531 1.00602190006499
13 27 7 3 79902 1.077467207605019
11 12 1 16 46103 1.0761559975902795
10 7 29 16 54361 0.9925490457434343
16 16 9 10 34698 0.993955816431117
8 13 11 2 44341 1.0088430754365971
18 0 5 27 105114 1.0608265974342226
4 14 9 25 57943 1.017127651129492
7 19 26 27 56212 1.017900392050659
16 6 8 21 58836 1.0701071417986603
20 6 4 7 37991 0.9252080213818493
25 14 24 2 29828 1.0438747110188453
26 11 1 6 51667 1.0577906404373418
15 9 8 20 41540 1.0012298788678398
13 14 19 24 51065 0.9483579467573979
22 21 27 4 42533 0.9632050425747998
10 2 27 24 95087 0.947382524192156
10 26 3 2 86993 1.0635298739227457
25 12 6 1 63984 0.9925518791539655
21 10 14 29 57045 1.0178498803168086
23 15 24 6 37761 1.0410604013456402
25 27 3 0 107901 0.9309439715638227
9 18 12 1 52765 0.9266683011641955
2 20 23 15 57552 1.0131912258689821
12 28 23 9 61190 1.0451481467124335
0 13 7 0 43911 1.0115451312964903
6 2 24 14 68948 0.9415902772015796
5 15 8 29 69614 1.0034415302060626
0 10 2 24 41794 0.9189267086685878
25 18 21 2 42854 0.9089929256674794
4 23 14 5 75633 0.9927040159531175
