1826 3015 1919 1397 3579 2576 3668 3955 1581 2775 2343 4082 1726 3823 2026 3123 2251 3424 2164 3585 1515 4176 3495 3192 1734 5906 6749 6509 5897
5022 5520 6340 5113 5382 6070 5012 4587 4377 4527 5926 4445 6543 6095 4852 5804 5755 5605 4429 4748 5433 1448 3800 2485 2007 2207 3203 1384 2603
2669 2728 2647 2861 2199 1931 3627 3208 4547 3620 5891 5301 4941 4664 5134 4148 4452 4183 3566 5299 3487 4083 3896 5953 3859 3825 3680 3592 3728
2974 3446 1618 3144 1388 2806 2798 1517 2911 3480 1393 2995 3762 1447 2347 7533 6746 8222 7818 7269 6234 7826 6925 7718 5505 6575 7745 5691 7576
4519 5147 5560 5641 3772 4628 3877 4019 5306 4074 4697 5472 4610 4826 3400 5101 5110 4380 4227 5508 4675 4313 5895 4319 5149 3345 5295 3381 5229
4822 5864 4974 5912 4052 5880 6153 5042 5483 5963 3842 4524 3177 3298 4833 4827 5177 3793 3453 5199 4348 4442 3112 5193 3958 3498 5078 3458 4014
4032 4368 4744 5205 4340 4790 4803 5178 6385 5057 5594 4807 4449 6949 5923 7030 5027 4454 6049 6747 5336 5090 5094 5488 6769 6179 6075 6749 6113
3414 3062 4048 5060 6529 6647 5131 7036 5987 6858 6462 5133 5204 5653 5899 6996 7580 6106 7074 7279 5689 7412 6925 7576 5484 6359 7213 6035 5803
4495 5298 5951 6980 6282 5601 6608 6590 6907 7147 5143 6039 6540 4824 6618 4540 5916 4438 6909 5217 7129 4560 7057 6646 6807 6241 7493 7075 4937
5748 7228 5193 7136 5706 7496 5112 7508 6904 7559 6364 6211 7224 6199 7855 8330 7494 8189 5668 6076 7048 5893 5823 7178 6312 5660 6130 8154 5833
2108 1358 1424 3586 3217 1780 2922 1591 1718 2774 1355 2693 2162 2502 1778 2403 1846 1841 1919 3388 1529 5265 6145 5213 5185 6610 6282 5478 4653
3404 3234 2965 3924 3248 4544 5155 3162 2749 3164 2960 3063 5374 3861 3331 3323 3677 4208 3817 6419 6324 6499 7009 7092 7176 6218 8235 7883 6124
6471 8285 6093 7005 6227 5665 8047 7211 7996 7808 7617 7690 5899 7844 8099 8332 6795 7797 7967 6024 7854 6308 6566 7988 8298 7972 7118 6524 6449
6572 6685 5546 5348 5438 4385 6894 4606 4626 4806 6126 6223 6934 5690 5295 5260 6943 5475 4878 4504 6010 5896 4273 4374 5273 5618 4243 5839 3737
3275 3213 2324 3813 4546 2417 4040 4900 3182 3532 3586 4554 4285 2740 3124 4694 5456 5464 6248 6801 4721 5792 5812 7262 5076 5617 6525 6505 7232
1407 1231 1326 2540 3379 2497 1592 1866 1665 2212 2454 3832 1886 2271 1897 4114 4292 3069 3440 2953 3784 3591 1805 2351 4142 2047 3844 2286 4322
7295 5612 5595 6204 7654 7053 6986 7421 6620 6709 6261 6399 7181 6391 5675 2674 1701 2180 2385 2678 3274 1901 2880 4178 4377 2804 2314 3939 2427
4329 4406 2170 4360 4136 3203 2944 3127 3797 3905 4717 4701 4130 2970 4048 3203 4903 2917 4449 3843 3969 4648 4736 5429 3260 5460 4345 3686 4297
6262 4818 5621 5548 4519 6258 5190 4227 6873 5695 7270 6396 7369 6148 5667 5024 5631 6841 4919 7197 6951 6730 5959 5117 4733 5465 5744 6884 5163
5431 5909 7112 7340 5700 7278 5553 5046 6108 5069 5354 5311 4720 5340 6326 4797 5972 7171 5703 5294 5075 6965 7227 5025 7060 7121 5615 6773 5806
3507 4452 2006 1749 1804 2284 3314 3264 1952 1558 2834 2237 2611 2205 1411 2827 2987 2546 3505 3523 1274 2977 2166 2584 2877 1913 2784 1917 2401
8409 6357 6704 8328 7041 7339 7697 7086 5910 6304 5066 5011 5224 5444 7348 5849 4898 4870 6661 6876 5281 6898 6597 6865 6794 4997 6845 6459 6664
8259 7698 5993 8004 7563 6500 7328 8218 7858 7254 8423 7216 8321 7951 7835 7584 6683 6647 8110 6785 6405 6876 6205 6006 7044 7704 8696 7385 6715
7007 7644 6152 5584 5720 7678 7182 6289 6669 6081 5269 5037 4815 6913 7503 6382 5035 5000 6343 5112 5691 5227 7394 5844 5005 6849 6431 7196 5934
5103 4331 5928 4063 4988 4972 4138 4779 4462 4042 4303 3764 3566 4142 4077 5550 4368 5491 5551 5690 3896 5267 3840 4063 3258 5855 5250 5184 3291
6425 6788 6038 5742 6285 6981 6376 5872 7587 5828 6184 6728 7079 6361 8159 6726 7167 5643 5729 1714 2547 2894 1859 2176 2253 3667 3702 3564 3511
4130 5190 5174 6251 5791 5438 5266 6156 6616 4371 4912 5994 5130 4413 6127 5641 5405 5199 6015 5656 5504 5623 5599 6250 4633 5185 5351 4161 4413
3629 4052 4276 2273 3796 5819 5377 3529 5957 5929 3572 4457 4378 5913 5422 4016 4360 4879 4366 6125 4451 4627 5631 4740 5805 6037 5320 6000 6225
3200 3044 4206 4860 3695 3491 5747 3125 4164 5876 5415 5021 5980 4143 6416 4448 4006 5338 4075 6025 4853 6771 4485 4036 5914 5131 6497 6340 6624
3221 2173 3543 2227 3009 3401 3131 3063 1657 1769 4407 2889 6819 6812 5893 5821 5274 6929 4871 6147 5502 6759 4902 5700 6474 5480 6648 6280 7180
1453 7616 3919 7427 3816 3973 1843 8064 3611 6335 4200 3093 6677 5235 4506 3545 7748 6484 3996 7414 5509 4263 5729 2614 5821 1329 4674 5637 6478 3599
1032 4283 4917 6392 3568 5154 2457 8321 2997 6970 3447 2539 6430 5556 6028 2286 6676 6747 2195 7486 3620 2250 6909 2980 6096 3915 5598 5421 4773 3316
1602 3497 5716 6708 5328 3212 4208 8658 3790 6634 4062 3989 8278 5324 4539 3631 2640 5357 4342 7941 4848 2673 6638 3672 5316 2656 6006 6308 4742 5260
3284 4830 6383 6007 5747 5000 3117 8008 3568 6638 3806 2471 6680 5289 6121 1460 2814 6515 2683 7957 3594 2290 6065 2816 5711 3170 4736 4947 5227 3758
3188 4072 4432 5850 4441 3513 3059 7208 4049 5541 3636 4674 4932 6282 7624 3197 4340 5166 3620 6520 5262 3045 6667 2361 6489 2948 3779 5137 6006 3062
2490 2590 4107 6799 4526 4503 1724 6760 3474 5734 2246 4009 4381 7161 7612 3518 2822 6524 4659 6199 5941 2609 4611 2134 6042 1551 4712 5892 4488 3485
3436 3741 5519 5371 5237 4140 3485 8313 2901 5401 2071 4669 4179 5838 7835 1432 3739 6211 3666 6508 3442 3351 6605 3213 4595 2048 4950 7450 4250 3008
5073 2908 5129 7106 4920 2666 4259 8144 2942 5677 3502 3845 5162 7130 6329 2056 2719 6239 2452 5816 3805 2129 5234 2370 4618 4012 4760 4821 4530 1450
4105 2879 4662 5760 4008 3184 3744 6127 3395 4869 2042 4177 4671 5638 7568 2720 2670 6404 3108 8050 4524 2532 4908 3398 5291 3258 3884 5674 6204 1524
2986 4385 5929 3133 4792 3257 1904 8236 2628 4872 4525 2616 5095 5692 7055 3950 2908 7017 2092 6512 4609 2470 6887 2942 4702 2408 4145 7430 6865 3708
4561 4532 5937 3254 3005 4908 2037 8480 3173 5993 4366 4811 3562 7251 5777 3552 3851 7157 4199 6111 3778 3624 5369 4458 5991 3282 3929 7333 4711 2617
5337 4136 6312 3839 4879 3283 2983 6271 4011 5581 2197 4753 4569 6794 8345 4086 3956 5924 2466 6045 4407 2068 6489 4381 7039 3009 4136 5316 4275 2651
4578 2481 5476 3361 5289 5314 4263 7682 3857 6192 2440 4544 4005 5725 6217 3294 2859 4514 4535 7018 4018 3854 8306 2196 4521 2730 4713 5709 1987 1433
2909 2940 5175 4305 5190 2932 3458 3812 4051 4975 3562 3978 3230 5662 8050 3871 5137 6863 4242 5775 3434 2300 6274 4073 6033 1373 3923 6640 3497 2126
2658 4065 4452 5059 7354 3620 3344 2738 2933 5812 2429 3985 4621 5556 5733 2943 2462 4464 5116 8445 4112 2210 8422 4293 5455 1867 3977 4927 2376 3760
3009 4601 6300 3129 6054 4876 2209 4946 2695 5114 4046 3064 3299 7274 6937 2023 5233 5714 2937 6831 5929 2759 6033 3248 6691 2831 5572 6875 3303 2288
2973 4559 5291 5072 5726 2979 1681 4616 3915 5273 2745 2654 4498 5937 6124 3178 3377 7045 2881 8449 4929 2169 7148 4065 6949 3284 3458 6583 1819 2305
3543 2877 5446 5576 6969 6212 2299 3266 2877 7025 2476 2174 2894 7756 8077 1503 2533 6782 3733 8261 5697 3801 8136 3557 7441 3746 3822 7503 3868 1619
3254 3709 5842 5030 5480 6523 2092 3533 2679 5436 1866 2308 3282 7529 7548 2579 3493 6021 2959 6962 5661 3435 6375 2047 7100 2337 5404 5124 1263 3135
3310 3830 5326 5401 7015 4981 2974 3270 2867 6476 8637 4693 2980 5238 5703 3360 3749 4448 3020 5084 3582 1762 7492 2137 6131 1763 3603 7328 1935 2198
4926 3617 4235 3422 5578 4365 1852 4152 1557 6475 7931 3829 3953 5877 5819 3295 4084 4768 3668 4719 4686 2179 6608 3297 6865 3771 5803 7396 3729 1698
2645 3487 5363 3107 6010 4362 3525 3969 2885 7230 6150 5388 2738 7706 8039 2021 3988 4801 3835 3471 4960 3963 7494 3870 7306 4088 4388 7027 1595 1174
3424 4531 6124 4484 6379 4837 3418 3502 1548 5604 7028 6428 2778 6495 7785 2561 3564 5249 3366 4205 5425 3769 6471 3579 7258 2420 3481 5574 1995 3049
2598 4692 5456 3131 6310 5415 3747 4818 3623 6861 8148 6442 3582 5938 5700 2302 4877 6424 4781 2725 4228 4772 6672 3192 5593 2648 5136 7217 1374 2536
3169 2294 3296 4736 6764 5727 6281 3222 3283 6931 8301 6425 3319 2934 5876 3707 2478 7031 2970 3265 3848 6577 6872 2087 5624 3281 3366 6792 3880 2122
4607 4297 2197 4993 6910 5857 6669 3561 3103 6691 8223 4933 3389 4467 8287 3670 4757 5368 4292 4966 4659 5617 5670 4461 7235 3166 4452 6375 2781 3382
5057 4178 2174 4397 5838 6001 6126 4202 2215 6812 7274 5715 3011 4731 8153 3940 4975 2666 3581 5144 6049 6258 6618 2168 7188 3349 3373 7391 2992 1411
4985 4209 2914 5409 6074 6292 5430 3598 1827 8400 6185 6144 2793 4410 6335 3854 2774 3414 3976 4157 1905 4180 6901 2866 6913 2319 4734 5237 1155 1644
2885 3506 4522 3209 5159 5400 7443 2432 2290 6249 7341 6306 4647 3628 7037 3879 4477 1601 3224 4114 1823 4061 8011 2123 5855 4504 3941 3721 1894 3227
18 0 10 23 79060 1.0769505329635674
0 11 11 8 40507 1.0283790269258228
11 18 4 2 66415 1.086902438966371
7 21 0 7 58854 0.9625844360415371
13 8 25 19 66094 0.923321015248605
10 19 15 27 36753 1.0990766265876735
26 1 14 22 92872 0.9324507789244827
0 26 4 13 53110 1.0964258594200182
11 15 2 16 29664 1.0846993475549844
13 23 20 17 38410 1.0685739645542414
27 12 18 3 54197 1.0065758678366086
13 29 14 14 55291 1.0750472293763573
21 25 23 17 38546 0.9367458238783432
8 12 26 9 70333 0.9262829721177842
21 29 12 8 76457 0.997926453038241
28 23 24 0 98106 1.0848937129185583
13 27 22 21 43808 0.9721591965815377
24 1 23 22 81808 1.0047816741079905
5 6 18 7 41301 1.005036156260566
22 14 13 2 64457 0.982569708426339
19 2 3 10 68581 0.970102620134371
5 10 24 25 89315 0.9399817051770533
28 8 6 29 104606 1.0641439469089748
27 29 14 5 88509 0.908724778404967
19 4 1 17 89887 1.0944935718406554
14 9 3 26 80068 1.0808797927099714
20 5 28 29 76967 1.0304148060292575
1 3 1 16 50307 1.0643200365346746
21 5 3 25 99293 0.989284895099534
23 3 17 15 45678 0.9428220570526995
19 5 10 23 72714 0.9229083414551671
18 15 10 11 33585 0.9041418530645936
6 17 10 4 43958 1.011262412241417
19 15 22 6 30123 0.9415977734495892
17 16 3 26 66684 1.006911059339152
20 4 13 1 33321 0.9424020190968911
6 15 11 1 45550 1.0419735569048387
28 19 12 5 88030 1.0997609648811384
0 25 22 7 102853 1.064447774399793
14 28 21 0 90558 1.093762596884608
20 20 4 10 70694 0.9835960263505545
11 23 27 13 79014 1.0872554367268992
2 22 8 2 78201 1.0422388657092316
2 10 27 0 100731 1.032589644616903
15 8 7 16 40061 0.9952146630121781
21 26 5 9 90067 1.0443967154973919
24 25 1 17 92764 1.0865459056367077
28 22 8 23 70800 0.9964115786692431
10 12 28 8 57993 0.925444710949728
25 1 3 19 111178 1.0866278802209308
9 6 28 13 75946 1.0252530352177431
27 20 27 7 62903 0.9359516120210042
8 26 15 29 36667 0.9065956638214413
14 3 13 24 70834 1.0786217408675667
24 1 0 23 116833 0.9272612401492579
26 1 19 15 59959 1.0148376786227256
8 29 27 7 101850 0.9145003644503639
14 18 6 14 37613 0.9069303105798284
17 15 15 2 34618 0.9448145684905926
7 13 27 19 89784 0.9409329331229903
11 24 29 3 107546 0.999957545316897
26 14 11 10 58643 1.099361604074185
2 0 28 21 135988 1.0445095598783216
4 5 22 22 96224 0.9207516509963252
29 7 19 21 58626 0.9580072166813476
14 14 7 10 36508 1.0592521752962278
22 5 15 25 72431 0.901762157962356
10 14 8 29 64767 0.9334517368267528
2 14 28 24 100826 1.0330851614413126
15 24 12 5 60977 1.0134238208960347
15 0 13 20 57469 1.0204213647702245
15 10 5 10 29380 0.9285890096562281
10 6 5 26 65715 1.0056419703826243
2 10 16 11 46402 0.9113426801901564
7 10 21 29 82784 1.0321639319864868
19 25 0 7 100228 1.065075690212445
1 18 22 29 86119 1.041763446168657
28 17 21 5 60327 0.9188450367681089
7 17 27 20 81711 0.9140118468487466
18 27 19 12 51782 1.0260009620810888
28 10 2 13 99287 0.9592149146209177
6 22 17 0 79679 0.991857787278437
26 20 25 5 78453 0.9578270086125606
28 28 18 2 93778 1.0709257948569748
13 1 13 24 75337 1.074274084654533
1 26 6 12 62003 0.9209149987134302
14 3 26 13 63907 1.0038359767257619
11 18 29 16 69234 1.0301765832828194
17 9 9 22 57469 1.0559232791550515
29 26 19 20 48359 0.9746323914373125
28 24 0 25 84473 0.9042138749771861
25 3 3 6 73349 0.9249311329415614
20 26 25 14 49311 0.9872853985991239
10 7 18 15 40121 0.9716238191048557
29 11 21 4 46408 1.0558734250539512
18 12 0 0 79942 0.9185812551894791
22 20 9 3 83039 1.098236974236125
10 27 10 9 60890 1.0915472839058236
23 28 10 9 78709 1.0589251276798088
11 4 18 24 74648 1.069635833891217
1 0 23 28 124242 1.0781254607039295
24 17 5 9 80423 1.07516470720113
23 29 1 15 90698 0.9217366548609027
19 14 12 4 54704 0.9892017465728263
14 20 10 11 36169 1.0674162155349667
19 25 7 27 47709 0.9175947370184403
26 15 3 29 97618 1.027678449017707
18 17 25 6 54498 0.9385452669739034
14 19 26 5 78163 0.9175661972857657
3 0 8 18 64583 0.9349149215488614
11 25 9 11 49767 0.9460465731755178
17 23 15 4 51312 0.9056133747244214
27 18 8 20 73439 0.9243821106087616
25 15 4 25 82406 1.0142892733069853
29 11 3 6 85374 1.032307067595783
20 22 3 23 55855 0.9308945761785093
14 17 25 22 52108 0.9683580197412298
5 6 29 18 104341 0.9971527710012462
27 22 14 29 56871 1.016888825660135
16 11 3 1 62632 1.0559683815277159
24 17 0 28 103786 0.9235518824646648
18 19 11 29 54635 0.9888413210743581
0 5 24 26 122165 0.9212146746273238
29 22 14 20 58545 1.0559864025312096
21 0 3 16 89217 0.9333482644857038
17 5 10 27 83358 1.0114921090258269
18 9 8 24 76637 1.0260189642087292
16 12 28 22 71691 0.9256929066098565
11 27 16 12 64222 0.92836925596088
29 4 17 24 84718 1.0408330917708373
12 3 14 29 88512 0.9591669397577219
4 2 25 11 99394 0.905961040606963
0 16 14 16 49124 1.087851816939979
21 13 21 0 44375 1.078469739973576
18 6 16 25 56115 1.091348792241302
23 19 27 13 43114 0.90895127710258
14 5 3 24 80615 1.0848223157681263
1 1 7 19 75359 0.9916898981417793
20 14 15 7 30143 0.9548033389160853
0 7 17 29 104242 0.9583349292210916
4 14 12 10 37326 0.900185252896162
25 1 10 2 57709 0.9437154798086014
19 14 16 28 49879 0.9522478336801864
0 21 4 2 63513 0.9245551329936833
24 21 19 3 63969 1.0889108841354147
5 13 9 24 56058 0.9216712368166905
22 25 0 2 118137 0.9606143345894682
7 18 29 12 80568 1.0090671030770577
4 10 19 24 77728 0.9920221722002203
19 17 8 12 54006 0.9222904985013514
28 0 8 24 122999 1.018323860326382
29 17 1 15 88532 1.0697183138542252
11 1 20 26 84869 1.0458828366348158
0 19 10 26 51602 1.0967696676818777
10 19 13 28 44912 1.0909559052789468
6 13 21 21 66117 0.9035601732031285
22 9 6 2 75534 1.0281169241479828
24 17 12 17 54107 0.9274679720037126
4 14 23 9 77326 1.097108840557322
17 8 4 2 62677 0.9789341809312007
11 11 0 19 51824 0.94949156823079
0 2 22 3 78977 1.0476236542847492
14 2 21 28 82898 0.9000809227894545
4 26 26 15 89421 1.0943267013072793
2 18 18 1 88541 0.998915186252481
19 29 26 13 64278 0.9038459196412234
20 16 22 28 36377 1.0144832656477951
29 27 7 28 65809 1.031492320945984
10 21 28 21 65297 1.005138620928267
1 17 17 9 71989 0.9865182980128651
11 3 18 11 42143 0.9272086141294985
3 21 23 19 63600 1.0962199905623085
24 1 14 24 91355 1.0260084712200053
11 14 23 0 71273 1.0170340625384806
7 20 22 9 81029 0.9493612296787495
3 9 11 24 69297 0.9902944282379849
14 3 0 12 69271 0.9828121571509632
4 27 24 10 104505 0.9706942375373301
6 21 15 29 48926 0.9418547548746594
17 18 3 0 83887 1.09468465868764
19 8 15 26 59756 1.0249050669219522
11 26 10 1 75094 0.9624394591463434
12 17 11 3 47187 0.9154120397359794
7 19 21 4 74556 0.9059796686586176
17 18 20 26 30531 1.0900328903901984
27 23 6 29 69757 0.9574313086371802
29 11 22 29 78479 0.939034571084868
2 11 29 20 109662 1.0135312382175017
29 29 24 13 69878 1.0449189076509264
21 15 4 15 50557 0.9304237157135727
22 26 21 12 49550 1.0240817490468026
2 22 11 10 52964 0.9610905011191031
6 3 22 17 88358 1.0412881993692615
24 10 2 23 98750 1.0831839099513736
25 7 18 0 42268 0.9137004134315424
16 23 10 14 36300 1.0464199385203459
19 25 21 1 66327 0.9077592059753765
13 3 0 14 68353 0.9099763300583074
7 15 10 28 61830 1.0457154863366003
14 12 10 4 33416 1.0364668567319146
24 25 12 6 82353 1.0388568497605937
22 7 18 15 32132 0.9655082341936541
14 13 12 1 41522 1.0148955218140816
10 12 27 24 79887 0.9048830076540355
29 1 7 26 126018 0.959240583336257
4 19 13 27 62092 1.0184271944785726
9 17 24 13 60053 1.0416217396779828
10 28 3 6 93891 1.0102622663533263
1 13 25 22 96942 0.9584566605799386
26 28 5 21 73645 0.9875621334909623
19 2 10 17 61492 0.9621528754219422
10 25 22 14 65446 1.0623909055174647
3 21 25 3 100143 1.0097276882328408
16 23 5 2 87440 0.9627916794444611
6 11 2 2 36978 0.9339389361514676
12 28 5 9 85747 0.9053295340411605
1 26 16 12 75321 1.0362618202787852
24 4 6 19 90033 1.0716219028348692
27 9 22 3 43115 0.9430566421706607
9 7 2 13 47702 0.9495163155272597
4 1 11 24 86975 1.0555975696643614
25 25 26 11 61373 0.9121568584612889
14 23 19 2 72389 1.0770436012349904
2 7 5 18 43787 0.9555923819984399
27 6 19 18 53308 0.909132015305496
23 20 22 7 55565 0.9361547052402299
6 14 23 25 77872 1.0567932818012662
25 18 13 22 51254 1.0948282680780352
15 29 19 4 79969 1.0728982540604737
27 17 1 16 90315 0.9704974712464965
12 11 1 24 61828 0.9158128061117705
15 14 21 5 35682 1.0768178223309823
10 9 15 15 30108 1.015211640484076
4 1 14 26 96330 1.0048236020302639
27 11 7 13 84121 0.9190448570551347
23 7 3 19 92861 0.9940556705477399
15 19 5 1 77451 1.0746242205829348
13 1 8 27 96143 0.9716157065966804
21 1 11 29 94748 1.0554041495124142
6 1 11 25 82789 1.0211767302000527
1 9 1 25 52715 1.0065847104034549
15 3 11 21 57785 1.0907919196587044
5 25 11 21 33420 1.069937505651737
4 23 7 5 66314 0.9309722780820929
25 16 10 12 55038 0.9568103640416177
20 16 1 18 68123 1.0971455206721124
28 1 5 2 91402 0.9759086379374323
27 29 21 1 88951 0.9160347110302317
4 1 25 12 90809 1.085204185701425
25 5 4 6 68756 1.0721852649168082
5 25 18 18 55011 0.9953559215053653
15 25 28 28 39866 1.087080052061139
12 16 0 14 40031 0.9124592732298676
28 21 10 12 84665 0.9956740232360216
25 19 8 15 67309 1.0252222453932824
12 29 21 8 71164 0.9152753790669834
11 6 12 18 34287 1.0233744979273354
15 10 4 29 84502 0.9397809993193533
24 16 15 25 54913 0.9127509280028178
20 26 11 7 72642 1.0079404799664837
29 17 0 20 101203 1.067570050377684
15 6 20 1 23550 1.0829787530703505
4 13 17 9 57901 1.0961706630805255
6 4 17 10 49578 1.0615631112948531
16 14 28 8 51002 1.0192407632499374
23 11 3 19 87310 1.0063343656610502
6 8 27 26 104845 0.9161896025403823
13 12 15 4 27010 1.0105448546583697
22 21 1 14 76152 0.9721946885509681
13 22 13 3 66900 1.0565070068778095
22 10 0 9 83698 1.024323827407685
7 8 18 13 51587 1.0424152029508282
9 22 25 8 78394 1.022566328302368
28 21 14 25 57216 1.031504593819578
23 27 3 9 106398 1.0087419958430894
6 11 28 23 96013 0.9388517861163032
7 21 3 13 41208 1.0687370170626311
0 14 22 7 85330 0.9199335248329981
29 22 2 18 99121 0.9946949712493139
15 5 20 12 28911 1.0657503615057826
26 15 3 21 78309 0.9309633554993453
24 12 16 9 38358 0.9908970868767482
20 1 8 21 74297 1.073830551320673
22 25 2 6 104366 0.9766147153250393
24 17 5 21 70516 0.9546124358100385
28 3 19 7 46100 1.0815956148024326
11 18 13 26 45838 1.0165313279861445
2 29 17 24 58158 0.966852854063308
23 27 27 2 103357 1.0840532728184857
25 18 6 8 83315 0.9193683692832135
6 8 13 20 50448 0.9681403873480158
24 21 13 14 54874 1.056539137090932
1 4 14 14 68521 0.979409209805195
27 26 0 13 111641 0.9008515551415149
12 3 17 13 45479 0.9101180390139432
24 28 3 13 88946 0.9398152371920384
23 23 9 22 52234 0.9553678416658682
7 29 11 5 90515 1.0247003926031224
23 8 6 8 50914 1.010250111074765
14 23 26 29 47513 1.0886105730305966
7 3 0 18 68237 0.9351826578613127
3 15 12 14 33561 1.0226781055520497
3 2 23 19 102911 0.909772018623553
4 16 10 20 28192 0.9151947907288056
0 8 10 4 41002 1.039202801217588
20 8 6 18 61802 0.9951532339630283
5 28 26 2 130044 0.9328762260685068
26 19 13 17 56782 1.0205053542221694
24 26 22 9 72609 0.9508257187390137
19 23 3 28 65144 0.9137571768835634
25 14 17 17 35680 1.0258254271810283
7 28 21 28 42401 0.9119632438729856
10 22 25 10 83101 0.932442380090209
12 26 15 4 70559 0.9773180049156105
21 16 15 7 37637 1.0350673015398058
7 16 24 0 84169 1.0428028945951955
1 26 13 27 47055 1.0642130444051132
7 6 25 29 100508 0.9942435153694755
29 9 13 21 71577 0.9976032067262014
23 6 21 28 67790 1.0051667746891577
11 13 6 20 38521 0.9422614975210757
11 1 26 15 74469 0.9258278374058279
21 5 16 11 30757 0.9015570624071907
2 13 18 9 65258 1.0076296609725564
22 26 0 16 91157 0.9331730699628688
20 14 12 10 32831 1.0088730079963204
27 5 20 16 50574 0.9389694052169498
4 27 9 8 71650 0.9002672753632929
9 20 20 8 60400 0.9413156538601568
23 4 14 8 39214 1.0523818379216787
22 10 6 23 86502 0.9360488589536968
0 13 24 21 89235 1.0086271868755463
11 0 14 17 59569 1.0632376502319096
25 23 7 13 82354 1.037237999516434
6 1 13 8 40832 0.989237804589795
15 3 8 19 59434 0.9501108467236856
4 4 11 12 43190 0.9704883296167975
27 26 10 5 99272 1.050764359954758
3 29 20 5 103732 1.0374357269282104
20 4 29 20 71874 0.937995443365232
1 18 11 7 56224 1.0130957949353943
20 27 1 0 115006 0.9129034732162635
2 4 6 22 70020 0.9662458940865832
1 3 19 19 97804 0.9368949211827353
19 23 12 4 70460 0.978231633266016
1 20 27 24 88725 1.0966413081664428
12 28 11 11 67975 0.9187490418651287
18 13 3 21 66629 1.0974617842575982
6 7 21 17 72095 0.931449348186518
6 8 5 22 57307 0.9348422133771168
8 0 18 19 76435 1.0028964852451725
3 10 11 22 53326 1.0286134867927745
14 18 28 4 76135 1.0900278448986596
25 7 1 22 99546 0.9302986669637532
12 3 6 21 58579 0.9425916534328013
22 22 4 8 88297 1.0479257547707417
27 29 2 24 76309 1.0788953298081976
19 11 29 19 58850 0.9646606829618131
26 27 5 5 116666 0.9862790576980577
27 5 19 2 41671 1.0333644322390838
2 5 18 1 66405 1.082882691106405
9 6 0 20 63452 1.050738837868886
0 2 17 24 102782 1.0101821310072099
15 27 14 18 33073 0.9813898617933935
23 14 9 18 53951 0.941671817994836
28 13 23 23 54320 0.9130241478359679
15 11 17 23 35647 0.9526810223074011
21 17 3 3 87615 0.9019826679102825
26 16 15 26 64195 1.0211379285461368
1 8 25 12 85184 1.098318720873446
4 22 9 15 37325 0.9965769600361741
25 12 23 0 58326 1.0363040713282206
26 28 8 19 76433 1.024854803357468
1 9 3 1 27881 1.066204324189205
27 10 2 2 99035 1.0893141901097316
18 8 7 15 47574 0.9475839520923948
6 0 23 5 71575 1.043584837885637
26 18 20 27 44369 1.0489257950834192
26 16 13 9 58744 1.0954365122789473
0 27 17 4 101110 0.9123542781342083
0 18 24 25 86305 1.0560125718980846
26 19 16 4 77032 0.9493131507895907
4 2 8 21 74054 1.018917323387862
27 20 4 16 90838 0.9097620988256834
23 3 19 28 74051 0.9931317319456854
21 26 1 12 98050 0.9735058264199673
19 13 15 4 35896 1.0479290713522729
28 11 26 29 81058 0.9475411965032405
25 13 1 4 95127 0.9710425032046136
28 2 10 6 63830 1.0878363382310725
1 1 25 2 94673 1.0774887795497001
4 2 19 25 107195 1.0863000631902282
1 8 27 13 95962 0.9180699976496581
8 0 8 10 36136 0.9630271773296465
23 18 13 17 40795 0.9855912494033979
6 19 3 8 46171 0.9927786197268317
1 5 15 0 60929 1.0908098297766184
7 24 7 2 83585 0.9470863776890855
0 20 7 6 58044 1.0580010362978864
23 28 12 13 72813 1.0218516070723256
7 22 11 16 28917 0.9526352561459617
17 26 2 27 50910 0.9024025346288347
7 24 22 24 56287 0.9783339400883688
22 12 8 25 70879 1.0196637038786225
12 13 1 3 65273 0.9136892887751874
13 14 2 4 65231 1.038511507520536
8 21 29 21 74360 0.99945331702613
17 20 13 3 56025 0.9103709924299233
9 21 23 28 54989 0.9024198003094449
24 20 5 16 71942 1.0907721097453524
15 20 27 20 50845 0.9184259999398828
28 8 16 2 53144 0.9978101178320544
29 7 20 3 37809 1.0544479122221644
22 28 6 22 65365 0.9446646479100449
6 17 3 4 44177 1.0410210020735902
4 20 5 29 40473 1.0238456949151649
11 28 25 18 66317 1.0721742449335325
27 10 12 23 81129 0.9378365811397988
11 11 6 0 43558 0.9425237711680604
0 16 26 15 78863 1.087111629992958
18 8 10 20 50245 0.9468350728165456
23 29 9 16 66953 1.0716308231866407
23 23 27 16 36539 1.060444834688387
13 19 3 12 48057 1.007714188407723
28 20 10 18 69858 1.0480683882386226
1 14 16 17 53246 0.9648671433617825
15 29 24 15 57659 1.0274474528719533
17 15 1 3 79151 1.0679948185610206
20 23 6 25 43409 1.0443344494208822
21 24 28 21 40344 0.9779047562492383
8 21 5 8 48250 0.9851793600019512
15 12 24 10 38071 1.078804947102359
7 14 19 2 71868 1.0673696594213613
19 27 8 24 48517 0.9035645029811051
27 26 6 26 71827 0.9803550500802871
0 18 22 29 85055 1.0501723187230216
5 3 24 1 81398 0.900466861846106
8 16 0 28 62462 1.031011561220156
4 20 2 11 40326 0.9883069067109893
11 10 5 29 73626 1.0123679731739246
22 23 17 4 65062 0.9391079594171653
10 18 2 9 44049 0.9326219122795074
6 28 18 15 74386 0.9098253596555373
23 19 26 10 53084 0.954390837460117
19 3 26 27 86019 0.9603955066813701
8 27 11 12 64138 0.9045105346588835
22 13 11 4 61964 0.9648797897275325
25 24 26 15 37456 0.9794541918630257
3 25 5 6 74847 0.9338908278508319
19 7 19 21 39766 0.9435002229993095
0 19 13 5 71920 0.9405640365276979
24 21 7 6 84993 0.9400235423842347
10 19 8 11 23937 1.0802942436801104
28 5 14 22 83485 1.0036337900975836
21 15 6 20 61440 1.0292861063931227
15 12 22 5 35887 0.9000867175709437
15 22 28 13 66802 1.0603804860745043
26 22 14 22 48713 0.9849101779915862
7 17 2 23 43418 0.9083181430921121
21 28 19 5 66260 1.0696144256629858
9 9 19 8 36781 0.9348365425519501
6 0 23 12 80355 1.0342543825712829
9 21 0 11 52861 1.0958182275637254
3 15 16 10 47863 1.0017454364535656
17 5 29 21 83856 0.94610740266803
23 10 29 17 49387 1.061576846140004
15 1 29 4 60457 0.9164631728317102
18 21 29 12 58296 0.981809401116188
5 22 17 14 56466 1.0693534743771533
11 27 5 22 43275 0.9739610176186654
20 20 13 0 65653 1.024807550855437
24 10 15 29 74825 1.0185597365151766
5 17 11 13 33182 0.9881216270656183
23 29 7 25 50626 0.9173981249172778
2 10 23 18 83957 0.9213096016657818
3 6 16 27 87607 1.0938512026087663
1 12 8 8 35691 1.0328080688139842
9 26 3 17 60749 1.0573270273308353
0 13 26 4 107123 1.0941340168036584
1 6 23 11 83864 0.9646998449356103
3 13 10 24 51676 1.0136048058267408
17 20 5 15 49555 0.9943873626505095
10 27 16 4 88195 1.0944160893724273
18 3 5 24 92748 0.9432306894479501
13 26 6 13 70759 0.9915322979220931
8 18 9 29 60575 0.9952586111744476
12 15 26 1 76251 0.9745731839470471
28 17 19 14 39406 0.934134512122497
3 4 29 13 99276 1.0919414945081782
11 23 5 12 53778 1.000572928093116
28 8 6 9 71142 1.0189416367900497
7 10 15 6 32398 1.0891103560280246
15 21 29 14 63393 0.9505791460481556
26 6 1 12 93270 1.0507027586622073
2 7 13 0 57076 1.0655286375462925
1 8 12 26 91557 1.047975333202642
13 26 11 5 73805 0.9982426621497704
9 1 11 26 79479 1.0815185316479792
1 18 23 13 85807 0.9359897939173832
21 19 12 20 37825 0.9438807258740819
10 0 12 9 29489 1.0540041738669823
28 9 7 17 86879 1.0495820819947432
28 10 16 7 46247 0.9208671007039053
23 20 22 5 61769 0.9161759363368176
20 7 9 19 61238 0.9660476080193325
19 10 22 1 38124 0.9682500777491142
24 17 11 22 60300 1.0749865179861346
20 5 9 12 45011 1.0615400255160936
9 3 22 23 84429 1.051737073709326
25 3 27 23 90562 0.9071359747245038
15 19 12 9 43494 1.0219439914296782
26 26 6 1 119397 1.0095219086845928
28 24 7 7 106590 0.9464573951467637
28 18 20 5 61300 0.9198130296852597
22 3 9 17 67706 1.0891047967466148
0 17 15 14 52812 1.0508113247418667
11 22 29 12 81639 1.0301053162837286
12 3 26 5 61494 1.0146577474007168
16 24 3 27 49281 0.9209365458674171
28 8 16 5 40166 0.9304873348482559
27 7 13 27 89686 1.0997252212376727
18 18 24 3 55706 1.073375277628992
24 2 13 19 81643 1.0591325238857583
25 27 8 11 89802 1.0449257060094934
9 15 27 29 79849 1.0137708429541226
20 3 29 1 37203 1.0918196562041502
28 11 16 12 44238 0.976515852503096
18 2 7 29 105487 0.9321054998212431
21 8 4 13 67672 1.0928678949086181
1 0 13 25 100908 1.0589019061955574
12 21 16 14 31690 1.001827324214324
21 29 7 10 82784 1.0939963228593508
12 22 16 8 53258 0.9882678986527486
20 22 5 10 68761 1.003754511125789
9 7 6 14 40890 1.0214532334438116
9 4 15 17 53955 1.0867829440216146
29 26 13 17 80340 1.0621576752813102
3 15 1 28 46244 1.0540308207855382
20 18 17 9 34621 0.9029235471010718
8 7 4 1 39484 0.9081903718015146
0 14 13 25 67001 1.0444962146390318
11 11 2 19 49345 1.0631503970534915
12 12 0 4 57139 0.9220501952764667
3 7 26 1 86643 1.0039043630259077
9 7 23 26 91906 0.9863635002057458
28 27 8 8 104972 0.9599014473014436
26 8 11 20 73283 0.9851079090527444
24 6 21 19 49922 1.0280685651956993
7 11 24 20 79260 1.0995309711060557
6 8 29 1 86759 0.9527002103005455
12 27 18 15 52905 1.0084721378648287
22 7 27 21 72579 1.0644684807899336
2 3 13 17 71877 0.9887751030412975
2 27 11 15 60398 0.94613240448847
20 7 19 28 53887 1.0379447205635728
22 16 23 4 53853 1.090490806150289
16 16 0 1 82743 1.0717068581390716
16 12 8 25 58717 0.915637174177161
23 20 2 21 64683 0.9470485247078522
8 14 17 9 48054 0.9282023472262393
13 3 18 24 71890 0.9753948298904374
17 10 6 11 38447 1.0851502194810945
27 0 14 18 87871 0.909216955361826
24 4 23 23 75849 0.9291575908934013
17 2 2 21 84603 0.9681263784484497
11 28 22 8 77453 0.9602307541407623
22 27 13 11 75655 0.9074735955969463
25 24 15 19 44007 1.0922468259841667
10 2 9 20 45508 0.902265478174071
24 4 0 5 82218 0.9899358096851865
23 7 22 29 66240 1.0401017190239314
11 7 23 25 81008 1.0343064933438635
27 14 3 29 106980 1.0734630581078468
10 26 28 28 58497 0.9894960422715213
18 24 3 19 66009 0.9293672312211391
22 23 10 13 57498 0.9577712076730003
6 17 1 2 58625 0.9233091105636199
24 10 1 23 98269 1.0145856218566243
3 27 27 8 115129 1.0641259455547534
14 20 8 13 42644 1.091116401315279
12 6 4 20 58252 0.914058115766202
21 10 24 20 50034 1.0332503192096651
28 22 21 11 64103 1.0966262564869493
1 21 22 12 78594 0.9296349151871512
22 2 22 14 51274 1.005889732648474
24 14 18 28 51334 0.9959048759011095
29 12 12 13 64918 1.0642055473760672
28 1 21 11 56285 1.0627439137767625
14 6 23 2 37601 0.9451030267426306
7 15 1 9 33587 0.9132460890218193
0 2 1 22 57223 0.9818977573842584
28 28 8 27 62394 0.9888715579371148
1 18 9 28 64443 1.0148514112080362
13 17 0 27 67647 0.903069307739705
15 17 14 6 31425 0.9618953748805583
19 23 14 12 42040 1.0428009702669832
12 0 19 8 38042 1.0300272906305594
9 16 19 26 57533 1.0890081168520853
1 19 12 27 66641 0.9133699417459343
10 14 2 6 43217 1.0495158729529748
21 29 6 21 59781 1.0858408814706368
3 7 25 28 108884 1.0640906286520717
12 10 22 5 38032 0.9469646900063148
18 29 11 25 26810 1.0487883798900872
4 7 26 5 78490 1.0628666658514616
8 6 26 6 58480 0.9774302585695309
12 5 13 21 51831 0.9927424420381102
21 1 5 26 106206 1.0148360230609996
22 12 23 0 48647 1.020998189482906
28 24 25 1 103663 1.0912927874487142
23 12 27 26 64410 0.9657426433243707
1 2 21 28 121284 1.029196020241561
25 17 16 24 52395 1.0648754033261862
16 12 15 3 25336 0.9434651641486544
8 25 27 19 71649 0.9659881550019165
20 28 5 1 105489 0.9536350316613533
12 0 11 21 59416 1.0780632325833808
17 4 8 9 43286 1.0281114471767778
20 2 28 20 73806 0.9393774723949696
18 6 2 27 95854 0.9477288663721858
23 24 8 9 85646 1.0939649944729932
13 20 26 14 57734 1.0284066099100473
9 9 14 17 41798 1.0667948225404227
1 25 26 7 111399 0.9023347737852835
14 16 4 17 40111 1.0223233271521306
20 1 2 25 106299 0.9176632513787683
14 3 25 15 59679 1.0840628146057607
23 10 0 26 108299 1.087040704838779
11 24 21 5 83611 0.9471075927278034
8 17 22 8 62733 1.076736636998152
2 22 23 9 94976 1.0377850591153919
29 26 14 12 82260 0.9289312244251609
22 20 1 6 99280 0.9567291231312804
4 15 19 29 76710 0.9159144757380119
0 15 7 9 40023 0.9039332594802321
9 22 11 4 48786 1.020733175454355
19 2 7 15 65969 1.095841462765087
12 27 18 0 91827 1.0755173971299992
29 7 3 5 83410 1.0140645922286962
8 4 1 22 71015 1.061684708838544
22 28 21 4 70256 0.9701626925290633
7 7 25 5 65619 0.9686990069151459
29 14 26 22 51265 1.0890198232676136
23 24 12 2 94335 1.0899445300099235
20 6 19 16 27962 1.0342151823029655
2 23 13 28 55878 0.9416284788678608
13 21 27 13 63311 1.0475978104972559
12 7 6 23 61180 1.0041407376689482
18 24 24 3 72473 0.9691042972269925
3 19 28 11 103388 1.0869461734077528
25 10 29 23 72756 1.012871310865704
13 25 28 5 90486 1.0201659411678647
20 29 20 2 65510 0.9012621105491441
25 9 8 10 60954 0.9657874461215392
29 14 8 29 100421 1.01087762451143
24 25 6 11 88881 1.0446167752442266
3 7 24 18 92584 0.9710250771352911
28 11 4 9 87258 0.9912744425178134
3 14 5 23 41355 1.0376511453376958
27 6 26 15 47502 1.0462913936253644
9 22 22 4 81039 0.9606900575521373
18 21 19 5 50510 0.9450825926102694
24 7 16 24 63671 1.0995872253156127
11 26 3 13 66361 1.0466779012221699
23 7 27 24 76286 0.924436310107552
7 4 22 11 66895 1.0728469623564698
21 9 9 27 85824 0.9365801859143468
14 29 0 22 56545 0.9969863409892351
9 18 12 8 30348 1.020772846448289
16 19 10 4 51720 0.9317754998108964
2 1 12 20 76268 0.9301227157250043
9 15 26 5 77122 0.9429582988992828
19 4 17 18 50561 1.09995971068049
25 24 9 15 68202 0.9725559313185811
8 28 20 27 38273 1.038486698923618
26 12 2 12 86848 1.0025598902730974
2 1 4 20 64335 0.9818735770412277
0 15 21 26 87023 0.9484875792565364
28 25 4 20 83224 0.9210185055789687
0 18 8 9 52612 1.0684842161771615
29 2 18 6 46078 0.9476772660059898
9 13 17 27 62281 0.9798612433738156
21 23 21 13 34595 1.0781052859529028
20 9 2 1 73061 1.0818691060306989
8 4 10 12 26850 0.9493491767567206
10 18 0 1 67871 1.0442739662169667
13 6 12 28 73951 0.9484750180413841
2 25 25 9 109637 1.035775490551989
24 21 17 13 45805 0.9470102016554389
9 4 21 24 84784 0.959270041503855
8 1 8 11 35782 1.0301885870324672
7 19 11 2 55113 0.9790407251399149
7 19 15 28 54221 1.0180768483530884
7 5 1 0 32360 1.055198745387437
20 24 26 6 65638 1.0994121510602672
27 10 3 2 94266 0.9170392130995996
25 17 19 8 43049 0.9741401260319926
19 15 7 29 67844 1.06135717228636
15 0 5 26 91419 1.0151823236007254
23 3 10 6 44190 0.9657261239350629
20 7 12 24 68874 1.0745461839532031
21 7 12 13 49759 0.9336061015309273
7 4 19 28 94212 1.0459407170147441
8 2 9 22 61382 1.0206878088846867
21 9 14 2 39494 1.0204824927743077
23 8 3 24 96161 1.094548486243974
23 9 1 21 93143 1.0154296780985197
28 12 2 3 100432 0.9930138726385036
2 24 13 28 50631 1.0886952344238883
24 28 27 20 37250 1.0011131380483174
29 14 15 12 53819 0.9423136804222998
10 20 19 28 45904 1.0962916301962433
2 10 6 17 33339 0.9372049522407215
6 15 1 29 57022 0.9924965994074657
23 16 2 23 82531 1.0955243389075362
1 10 15 3 60082 1.0124635405474725
10 23 26 6 93902 0.9908205189367951
21 1 23 24 75693 1.0426119111714554
2 24 10 11 57092 0.9323631598723124
26 17 20 25 44871 0.9202082508793521
23 9 11 27 90933 0.9244431267014572
20 16 10 29 57240 1.0546817889647375
26 20 19 1 74134 1.0226034337562282
11 4 26 12 66711 1.0263686884000933
26 17 13 4 74818 1.0408997838757617
26 6 6 9 75596 1.086114405162748
28 20 26 0 92190 0.9286287840805181
23 22 1 24 74202 0.9483304752949808
14 29 10 12 61572 1.0608817943774869
4 12 24 7 75980 1.0874537118676997
25 9 27 17 49068 0.9026920944232752
16 10 20 2 30479 1.0298181839132527
27 19 12 26 67293 0.9762678302467165
1 4 24 7 77097 1.0306525713569032
20 13 15 8 26072 0.9259640013451295
26 16 14 5 61043 0.9000889093555441
27 1 23 10 54096 1.029813041496906
27 8 19 15 36382 0.9295306494623116
5 17 24 19 74483 0.9478992033383586
1 28 13 25 41781 0.9237827022049846
0 18 8 12 47905 0.9001287253485787
16 4 10 25 75303 0.9911305849531888
9 1 26 10 76654 1.0134172349741197
21 9 19 19 36280 1.051303910342524
20 18 23 0 56543 0.9914324299457701
12 10 16 1 31340 0.907500797487882
4 11 9 25 68497 1.05967047342883
22 11 26 3 51849 0.9436254101540632
21 17 11 28 57157 0.923689786134705
0 3 9 5 37198 1.060741428838875
4 28 6 17 53517 0.9632255724511322
9 17 7 28 66262 0.9148621908320855
2 18 5 8 42366 1.0759767584116353
27 12 4 28 109538 1.012108530997896
18 22 2 17 67149 1.0639863120577733
28 8 2 18 97147 0.936271360911268
17 19 17 6 39473 0.9586850018229541
23 27 16 9 79481 1.055668535836486
0 5 29 25 131714 0.9993291589037842
24 26 27 9 76409 0.9806656436167241
18 9 7 20 64781 0.9037165825881457
29 17 2 1 119487 0.9074647162584485
5 29 16 25 39534 1.028399762098022
8 26 24 8 88623 1.0306430626127474
4 24 24 28 62693 0.9263534577708864
5 0 0 24 77775 1.0792128054474799
2 6 6 21 60921 1.015909078401763
10 26 0 10 76564 0.9738027588523545
24 22 29 2 92125 0.911743614632983
22 17 29 23 42978 1.0906134357255817
1 14 21 11 71784 0.9583876480763291
13 27 8 14 65260 0.9191927108319713
14 7 4 6 34956 1.0456121096235234
3 2 27 16 104163 0.9924563350960743
7 7 14 0 43767 0.935226529546519
28 27 5 22 84007 1.0773836040904152
12 21 24 13 55033 0.9078366006981875
18 22 2 7 86107 0.9519409087665985
26 26 19 17 49012 0.9677049315529416
24 17 18 4 57326 0.9666850833134015
9 4 26 21 97069 0.9360134368066586
15 4 10 18 44785 1.0799072595344759
7 23 10 5 53190 1.023974729820517
2 1 5 15 43206 0.9208131922398198
29 29 20 16 53697 0.9522801344521997
11 4 18 13 51009 1.0196624321197056
3 26 24 11 99643 1.0472138549415906
25 6 10 2 56170 1.0804042693870521
2 11 28 20 107839 1.0759038203540432
0 1 4 11 35564 0.9316521186142244
9 24 6 14 50332 1.0932901163058284
16 16 6 0 68844 1.019684395903645
8 7 12 15 35233 1.0056416836653996
27 0 7 21 105388 1.0747316671751619
8 5 15 15 43981 1.0208434244145352
22 19 9 0 84917 0.9947885882267881
17 21 7 19 39083 1.065863308124793
27 1 29 17 69603 1.0418339951712225
6 6 23 24 95528 0.9765851727611119
18 5 26 9 40517 0.9570881969237237
27 15 21 6 44734 0.9339963492587839
4 14 14 2 65434 0.9485614857704128
29 4 17 3 55122 0.9606333370066269
25 24 14 11 65297 1.046926672217904
24 1 17 22 80316 0.9035458914659925
1 19 14 19 54936 1.0468973887142177
14 17 6 1 68435 1.0041297124179915
17 0 27 17 77167 1.0441420097080687
24 6 18 16 43407 1.0720758798334544
28 25 10 24 56449 1.0153129334435667
26 9 14 24 78770 0.9208277829856731
24 22 1 23 76529 1.0331616794382463
5 13 24 2 85422 0.966045471107414
2 2 2 24 74071 0.960307782086258
18 10 26 6 40454 0.9775160457372294
25 18 15 5 61795 1.005721086818617
15 12 2 22 61908 0.9757891365014202
2 0 12 27 113253 1.0919385555603807
21 29 29 26 34142 0.9487835654784371
11 19 22 9 66849 1.0606618282136986
21 16 29 6 50244 0.9377208205111951
3 9 18 25 82489 0.9122273423101961
2 19 18 4 86063 0.9158678561196618
16 13 5 19 54708 1.0458599658624677
25 24 15 14 53323 0.9810398931937364
17 16 24 7 39845 1.064639730823527
9 21 29 22 68140 0.9493213304157342
20 19 21 3 42510 1.0157307400439977
4 11 22 22 85281 0.9994037070263349
12 23 8 7 59087 1.0870725337427218
25 19 14 12 53568 0.9057418760635049
11 8 14 22 48719 1.0847494126663861
29 12 26 24 67840 1.0923314859033988
11 17 26 24 73587 1.0499742881529428
1 8 25 3 84451 0.9283927376979939
8 9 21 16 59403 1.098057461650378
11 7 14 26 66212 0.9943245374499458
1 3 23 19 110853 1.0222170087170381
4 16 22 26 80411 0.9855785696579789
22 14 13 8 48995 0.9544296180834296
4 3 21 3 68815 0.9470057768958039
29 19 4 20 90356 1.0083721312005989
16 17 1 29 69818 1.0757955516967057
10 10 18 28 66528 0.9199634738123674
4 8 15 25 73242 1.0681717312537933
10 12 18 25 55174 1.0921508164987013
16 20 25 21 35701 1.0378591204259464
28 2 14 27 108728 1.0252692614848367
17 11 16 28 54912 0.945703823187174
4 19 3 28 43445 0.9816122386831165
2 1 9 9 47447 1.097850837922658
5 21 24 20 59652 0.9589492235389199
27 3 20 14 52405 1.0838317175412728
27 23 11 16 70153 0.9246609095801775
1 27 19 28 56810 1.0095361552770818
23 1 21 22 71055 0.9871253205641098
19 5 1 16 78432 1.0636368082790277
22 11 20 23 39486 1.056007802705886
16 3 15 27 68548 0.9529529107313521
9 1 13 24 72260 1.0521212654115368
5 20 4 6 52873 0.9783644706711344
24 2 3 27 128970 1.098396376160556
7 7 11 29 91357 1.0267606163343572
8 12 0 29 75219 1.0546178970114966
13 9 27 13 57529 0.9667340423133525
14 15 20 10 26884 1.0646794847004557
2 22 10 25 35173 0.9432879779541903
23 17 10 28 70423 0.9563313812888736
25 12 18 8 30497 0.997938632674678
15 6 7 24 72310 0.9680944916276077
8 8 12 21 39623 1.0077274962058136
15 23 29 21 54358 0.9171377978312947
20 21 2 9 78867 0.9587367037752896
2 5 26 11 93126 1.0005208474258098
25 8 22 22 57384 1.0455119700751034
22 6 18 26 63594 0.9687616800982352
28 2 7 11 82067 0.9369181567900495
0 14 10 0 62789 0.9050363222732642
0 15 21 16 65095 0.9180727439854619
14 10 3 11 35786 1.0732148146456986
19 9 1 29 97098 0.9508983115946625
14 13 9 5 37741 1.034142919965085
16 8 1 1 63712 1.071940300398003
15 20 10 12 37208 0.9371783940163694
14 25 7 5 71120 0.9956968653562386
2 13 15 21 54433 0.9421717990071435
5 11 29 24 107845 1.070544623114257
17 15 11 26 47789 0.9997163442161873
21 18 21 7 34252 0.9045162562072923
19 1 28 24 88872 1.0644992632790156
18 9 12 17 48669 1.0661163322685159
28 24 20 11 59825 1.0001404985673192
19 1 12 17 67761 0.9213220043576358
20 6 8 23 73619 1.0690351753280094
4 7 26 24 109877 1.0096180426792123
15 27 26 12 71911 0.9189088699559295
8 10 21 22 67042 1.0309771334685045
6 13 13 17 43042 0.903624653179145
18 12 10 17 38740 1.0695432299178713
19 0 29 22 94848 0.9096917903777872
6 10 24 24 86682 0.931040404205136
14 15 2 11 47676 0.9555160622652878
15 13 0 15 49709 1.0506222589888976
2 9 28 24 113566 1.0592050248446514
12 19 27 19 67625 1.041779289678137
24 0 19 11 47010 1.0705378369275171
19 12 0 28 97060 0.9178544964366824
6 2 16 10 56782 0.977116746786088
23 20 20 7 47444 0.932340316675595
17 21 26 19 37146 1.08785333207724
28 21 4 3 129934 1.0735278313072687
23 0 11 7 57255 0.9715240470014407
4 18 21 28 75362 1.0796582265862535
23 28 0 25 67240 0.9525508308401811
18 8 9 12 37501 1.0976972896833106
21 25 0 20 71400 1.003268863742885
27 6 25 18 64242 0.9903442465542887
8 24 24 21 63982 1.027807094690011
0 21 20 22 58571 0.9788187895031909
0 19 12 8 60923 0.9101507107281648
27 22 11 15 75704 0.97846618387409
19 18 13 3 55606 0.9787064459598563
3 27 24 15 92286 0.9747776812853152
3 7 15 7 41767 0.9121156484492845
26 18 17 26 52978 1.0267431544535708
21 24 24 3 72621 1.0222344416575093
19 18 12 26 46003 1.0603478241244004
29 1 13 11 71623 0.9997428944041076
18 20 10 24 43803 1.0428964344243523
6 11 13 21 46914 0.9512948326306352
28 19 7 24 85302 0.9893094762112908
24 2 14 6 40508 1.0998755261246398
26 8 8 17 74290 1.04615880452419
9 21 17 16 34880 1.0205645220044828
20 9 1 8 64754 0.939979582549477
29 2 10 16 87489 1.047902860034664
18 14 17 25 41860 1.0588075586724832
13 12 13 2 40503 1.05487927338028
11 11 29 3 69660 1.0263636829619913
29 29 10 26 60788 1.0867717881181114
15 6 17 25 53210 0.9637994300074119
6 6 16 14 54192 0.9857047797929079
6 21 16 0 71616 1.0498432294302806
16 8 11 23 58799 1.079072707554548
13 6 0 6 39083 1.0750150735027977
14 3 23 22 76370 0.923916993153249
23 19 16 5 59193 1.075126941716426
22 0 23 12 48001 0.9873660949354479
29 23 17 3 89898 1.078172387570603
22 18 14 12 39181 1.0372920354268294
0 27 16 28 55497 1.0752814074936348
17 1 14 22 67484 1.0357190256726303
10 12 22 9 50252 0.9432032172998226
20 28 28 5 81092 0.9949521492311243
1 27 20 10 92124 1.0348457187133753
27 21 27 6 72731 0.991070376750492
11 7 19 2 43627 0.9738134604120665
25 14 4 5 91214 1.027261035072229
15 27 6 14 60843 0.9492023541536208
6 12 8 25 65949 0.9938583773317289
7 27 11 14 64867 1.0927289522553514
23 20 1 23 72181 1.0496198910162773
3 3 12 7 41697 1.073469739082758
20 3 24 16 42952 1.0891914781963004
1 11 17 22 71970 1.038062655942672
6 18 29 20 82999 0.9507215275535499
13 0 26 6 54694 1.0082743720560579
27 4 21 16 58454 1.052204320658167
29 0 10 1 69946 1.0556091420356228
24 6 9 14 61893 1.0925146628812261
22 14 2 26 91322 1.0877574472829057
14 12 9 0 44878 0.9774620685616309
21 26 9 24 42658 0.9842408621532907
29 2 6 11 91258 1.0035087565145704
15 22 5 12 55557 1.005128855886064
19 27 1 11 98055 1.0048052751272283
4 28 29 9 119337 1.087595677862657
0 28 27 6 130616 0.9829069721453083
19 18 7 19 47794 0.9977781754375014
19 26 26 12 58768 0.9537817426335691
3 21 1 5 57776 0.9142586051631862
11 23 2 29 47549 1.0647259898613926
7 7 13 19 53151 0.9939673826130698
8 10 27 10 70571 1.0791191644286353
12 1 2 27 96374 1.0286592966228427
13 21 26 18 49650 1.0668639487906606
9 13 3 0 57575 1.017309739522244
29 17 17 16 44538 1.0291714612661518
24 23 15 28 38201 1.0829994010282875
1 17 29 27 114126 1.0737857230554742
3 2 6 27 93570 1.007235349195344
20 2 4 19 81831 0.9527293945142353
9 18 20 9 51427 0.9285737492436659
1 1 1 16 54238 1.0153094933507698
2 17 26 19 93749 1.085198343639419
0 3 16 1 59586 1.0349510011389955
27 19 24 11 44487 0.9963510704433644
6 8 16 5 39837 1.0035012231468043
22 4 24 12 43886 1.0941560667741186
9 0 13 17 55966 1.0892150142706152
