4475 4631 5546 5342 3003 4906 4101 5353 5402 5470 5234 3840 3921 5217 4608 3578 4443 3707 3383 3730 4924 4097 4253 3202 4501 3868 5115 3823 4403
6014 4161 5869 3835 6100 5560 4001 4195 5429 5257 5720 5268 4771 3800 3781 3780 3982 3770 5571 4556 5471 3895 5389 5800 5946 5717 4019 4648 4066
2659 2769 2204 2016 1933 3113 2371 2317 2515 2677 3614 2139 3692 2214 3789 2458 3649 2186 3076 1914 1890 2583 3449 4393 4423 4093 4412 2032 4187
5037 4360 4582 5582 5025 5689 4753 6107 3865 6221 5939 4104 3622 3824 3778 3836 4271 4043 5114 5423 6204 6187 5951 5962 3829 5289 5666 6068 6168
2195 1768 2360 3332 3570 2290 2263 3772 3110 3229 1504 3797 2708 3716 2797 2998 2648 1416 1551 1412 2621 2747 1917 3340 3101 1754 3156 2183 2739
5728 5336 5976 4724 5428 5625 6291 6661 5752 6924 6378 6071 7241 5600 5230 6467 4910 6720 5063 5467 5674 5853 6282 7066 6799 5472 5502 6219 6110
7152 5566 7761 6286 5567 7499 7481 6946 7044 6916 6502 5914 7385 7678 6333 6505 5587 6233 5382 6140 5398 5864 7444 7133 7661 6232 6977 5652 5739
3633 4347 3608 3924 2650 2886 4627 2802 4524 4966 4570 2848 4401 4123 2622 4079 4598 4491 4106 2658 3273 3958 3175 4530 3484 4146 3449 4520 4298
6936 6250 6615 8529 6326 7846 7641 8008 7240 6333 6377 8500 7693 8000 6259 6823 6999 8164 8337 7731 8117 6363 6195 8554 8267 8405 6347 8468 6563
5808 5855 6766 6427 4253 5342 4823 6198 4647 6292 4854 4524 6160 5335 5327 4386 6308 6622 5249 5185 5340 4551 4544 5455 6294 6613 6050 4402 4980
3026 3065 5361 5455 3260 2967 4081 3204 3190 5189 5564 5015 3869 4062 4064 4707 3341 3060 4548 5217 3378 3367 3472 4101 4715 3714 5086 3271 3912
4535 4348 4606 4650 4360 5576 4600 6095 4882 5588 5982 4895 6019 6411 4219 4719 4088 4574 6022 5084 3817 4515 6066 6108 6321 5684 3897 5663 4839
5118 4839 4246 5415 5160 3093 5673 3369 3655 3187 3382 3287 3091 3184 4865 3353 5668 4133 3385 3728 4853 4130 4026 3635 5225 4563 4227 4159 3622
6398 6274 6576 6385 5873 6706 6005 5924 5882 5675 5128 5302 6319 6096 6137 5401 6253 6510 6669 4828 6417 6435 5493 6146 5288 4340 6071 5286 5497
4780 4670 5024 5673 5794 4876 5635 3590 3571 5735 4700 5770 4606 4355 5263 5232 4527 4590 5716 4201 3418 3643 4517 3785 3821 4642 5976 4257 5742
5669 5928 6632 4993 6170 6367 6928 5111 6729 5293 6309 5888 6141 5915 6389 6539 6825 6067 5646 5522 6279 6630 6950 5636 5290 5244 5833 6239 6783
4361 5775 5222 4266 5125 5233 5952 4279 4311 5721 4414 5151 4987 4071 4575 6085 4221 5895 3976 5342 6465 4324 4954 5722 5252 4650 4367 4223 4697
6122 4603 4359 5589 6119 5427 4209 4751 6032 5133 4428 5183 4467 5002 3973 4692 6169 6431 5069 3921 4501 4277 6395 5506 5332 4868 4368 4421 5573
6053 7267 8021 7289 6193 8297 5924 6312 7786 6118 8314 7810 7168 8332 8599 6153 7988 7912 6930 6783 7009 7534 6946 6307 7014 6037 6067 7103 7288
3566 2409 4998 4651 4170 4708 4921 3103 4871 4437 3936 3495 4281 3116 3925 4171 4156 3164 2685 2979 2534 2572 4900 3684 4045 4994 3098 2654 2836
7189 5572 6449 7647 7231 7710 6868 7803 7780 7088 6211 6463 7772 6843 7433 5982 8148 6701 6302 7097 6080 6609 6486 7988 7824 6889 7369 6996 6150
6737 6542 6276 7452 8045 8402 8376 7408 8403 8367 6512 8132 6648 7539 7899 6358 8481 8677 6767 6509 8707 8258 6953 8053 6812 6920 8861 7227 6670
3736 2775 1411 3802 2774 2424 3613 3954 1298 1864 2379 2842 1407 3427 1579 1749 2446 3338 2434 1861 2794 2127 2549 3102 1236 1341 2656 3593 3487
6485 6379 4009 5792 4209 4334 4768 5987 4224 6152 6414 5086 4956 4133 5936 5869 4513 6291 5773 4817 4905 5071 4780 5591 4169 4164 4755 5700 5264
7171 5932 7328 6064 7701 8372 6641 8450 8034 6209 5820 7238 8123 5786 6607 7955 8408 8346 6855 7401 6361 8283 7332 8353 6450 8294 7425 6097 6186
5755 6569 6488 6702 4872 5049 5979 5673 6000 5039 7011 6413 6630 4508 5414 6041 4637 7003 4825 7084 6137 6330 5467 6334 6166 7175 6680 6399 6356
6174 7113 6534 7997 5968 7966 6871 7040 7822 8069 6329 5915 7329 7698 8106 7823 6454 8316 7422 6441 6762 7145 7066 6326 7018 7096 6940 7132 6013
4948 2838 4508 4454 5208 3787 4894 4264 3285 2542 2874 3826 3495 2584 3043 4171 3305 3955 4907 3549 4977 3775 5157 2775 3016 2958 4171 3235 3687
8023 7700 6882 8172 7585 7014 7764 7236 6520 6179 6333 8262 6425 6692 8333 5949 8065 6119 7500 6674 7943 6667 7896 7713 6286 6284 7404 7175 6652
6827 6286 6550 4838 5302 6270 5162 5394 5833 5267 5278 7014 6951 6348 5080 6015 5637 6459 5331 4410 5159 5336 4469 5318 7086 5487 4945 6756 4511
3144 6678 8332 3931 3194 3967 1284 6740 4418 3265 6442 7536 4118 3905 2739 3244 4837 4092 6999 6061 8436 7129 7326 7506 5154 7713 7534 3168 4911 6899
1314 6161 8260 2915 3890 4994 3522 6154 5367 2604 6617 8100 3811 1612 2903 4634 4794 3478 7118 5771 8115 4958 7863 7163 6511 7137 8559 2755 6280 6800
2962 5616 7144 2384 4046 2389 2245 5459 3805 1734 7428 6100 6008 3949 4424 3049 6336 4801 5477 7500 5917 7220 8338 8403 5755 8656 6516 1809 5417 5926
3696 7510 6969 3540 3609 2741 2216 5754 5226 3711 7305 6663 4009 1522 2652 3024 6916 4729 6029 6889 8312 6005 7056 6857 6613 6107 7582 2710 5035 7209
1328 6546 7791 3243 3661 3480 3575 6759 3884 2556 8840 6689 4961 3259 2378 3989 5844 2176 7542 7306 8352 7231 7099 8335 5193 6499 8231 2228 5495 6598
2493 6878 6237 3536 3815 4249 2075 4569 5364 3340 6860 7668 3837 2358 4394 3356 4999 4718 5788 5824 6848 5108 6248 7536 6459 7151 6583 3128 4951 5897
2807 5595 7359 2467 2588 3588 3079 4394 4974 2948 8154 7210 5057 1752 4090 4202 7187 4108 5689 7716 8046 5308 6966 7147 4625 8364 7333 2672 5109 6526
2146 7562 6576 4137 3111 4028 2875 6329 4910 1865 8413 7045 3827 2788 3279 3530 7010 3415 6966 6433 6265 6915 8000 8423 6950 7161 7462 3477 5318 7452
2890 7017 6975 2050 3275 4265 2591 4540 4387 1414 8475 6453 6376 1517 2902 4198 5252 4349 7619 7631 7401 7128 7954 8195 5410 7155 6508 1913 4403 6310
3548 7029 7828 3781 2375 3606 2470 6059 4141 1481 6329 8251 5117 3772 4517 3333 5861 3616 5669 5409 7166 6398 6543 6833 4917 7762 7439 2528 6484 5420
1618 6826 5928 3835 4256 3367 2688 4417 5594 2860 8955 6722 5811 2303 3371 3994 5234 3725 7597 6620 7537 6302 7971 7354 5242 6634 6734 3707 4697 7369
2208 7994 6434 4000 4298 4440 2050 6692 6042 2968 8616 6430 3686 3548 4722 2689 4757 2285 6849 7312 7878 6133 6409 8857 6405 7873 7303 2760 6061 6167
1850 7890 6426 2879 3283 4043 1462 5771 4917 3919 6644 6962 5605 3367 2269 2872 6949 3074 5009 7919 6771 5861 7052 6647 6688 7274 7442 3741 4540 7166
2411 6014 8256 4637 4419 4922 2915 5731 5971 3451 7603 6615 4483 3566 2072 4406 5459 3845 5758 7625 8235 6329 6613 8606 7115 8089 6610 3161 4757 7346
2722 8154 5948 4008 2170 2895 3090 6142 3917 3117 7766 8365 5406 1489 3633 3679 5891 3067 6638 6596 6613 5405 7531 7702 6878 6245 8387 2397 3874 5555
1459 5885 8005 4636 3135 4711 2870 6934 3714 3103 7186 7332 6053 3733 3023 2857 7292 4243 4988 5991 6107 5019 7285 8563 6186 6801 8223 1795 5341 6705
2784 8307 8122 4421 4378 4078 1490 5689 4727 2097 6309 8365 4312 3495 4448 3962 6532 3573 4995 5335 6216 6528 8194 8748 6634 8198 8566 3831 3969 7767
2799 6495 7831 2346 4663 4760 1385 4997 4732 2424 6973 8306 4584 3715 3573 3119 6985 4797 6214 5504 7760 7240 8356 8783 5217 8594 7493 1931 5734 7319
3129 6689 6952 2836 2130 4424 3116 5688 4921 1467 8747 8149 3731 3390 3389 2063 7064 3425 7557 7794 5977 5241 6852 6970 5178 6190 7217 3506 6420 5877
2323 8036 6700 3740 3510 4644 1238 4296 5755 1935 7231 6693 4748 3274 4299 3693 7235 2826 6499 7456 7139 6497 8394 8842 5059 6777 8310 3452 4222 6753
2203 5955 6295 3508 4290 3094 2776 6389 5425 2158 7285 7158 4437 2539 2461 4273 6836 3025 5648 6584 7985 5953 7447 8832 5596 8772 7245 3838 5599 6817
3112 7510 7157 2610 2042 4259 2611 6496 4635 3913 7121 6637 5723 2798 3955 4381 6272 4491 6792 7938 8323 5246 8848 8702 6534 8674 7903 3286 5834 6438
1862 6884 8054 3982 3174 3339 1390 6839 6015 1841 8433 6929 3995 2562 4052 4245 4878 4214 5433 7224 7476 7329 7562 6981 4694 7039 6487 2209 4050 5946
1714 6067 7521 3138 4583 4596 1680 6580 4965 3511 6911 8080 3801 2710 2584 2624 5938 4140 6308 6776 5881 5683 8358 7836 4782 6195 8252 2646 3979 6023
2044 8046 6725 3177 2698 2643 2845 5785 3920 3428 6794 5848 4709 3097 3140 4109 4888 4704 6905 7357 7353 6222 6810 6469 6828 6920 6461 4237 6478 5470
3108 6535 7746 3612 3487 4653 2229 4617 5837 2555 6311 7775 5828 1515 3220 4418 4976 4382 7103 6442 8468 7347 6180 6444 6505 8789 6929 4113 5803 7278
3640 8154 8002 2766 3331 3356 3710 5761 5819 1812 8169 5819 4029 2330 4376 3305 7013 2963 6375 5757 7900 5966 7816 8560 6054 7548 6553 3169 6556 7125
1749 7157 6888 3156 3672 2919 2076 5607 5416 2787 6700 7985 4845 1525 3974 4443 6179 2339 5235 6255 6256 6598 6568 7899 6918 7099 8676 2203 6081 7405
1505 6001 5959 3197 2388 3374 1246 6496 6134 1793 8189 5857 3784 1527 3354 1917 5669 3424 5783 6566 8089 6344 7592 7159 5808 7322 7322 2890 4718 5136
25 27 4 18 84042 1.0375155611725566
2 13 12 11 33146 1.0012377628276952
5 9 9 21 64643 1.0428741461446085
12 29 26 20 83702 1.0742999671958906
18 25 21 13 53934 1.0560693827707341
27 27 17 21 59562 0.9755827993235532
13 8 6 2 45753 1.0045257998983668
16 4 2 15 71544 1.0116952855265335
7 10 28 3 76351 1.0942047460127557
4 3 9 15 51417 1.0498103537792687
24 8 11 28 91522 1.0270069865554259
0 29 28 28 97709 0.997236588437208
6 10 29 10 71030 0.9094492573421349
11 0 1 11 56923 0.9542348184229287
3 15 26 26 105181 0.9048160947016994
15 4 8 11 48035 0.9886339830145245
23 5 26 19 63017 1.0119786028914368
17 19 9 21 56397 1.094607498124602
19 8 26 1 46473 0.9819874212372629
18 24 7 17 71110 1.0386791224784542
27 14 7 15 66837 0.9205789477644127
24 2 6 21 117954 0.9595744433900446
2 5 29 18 106672 1.0204678984344375
13 4 28 2 60164 0.9381390014164815
8 23 22 2 115628 1.0028174111993502
29 0 11 8 68242 1.0524190766586836
27 15 15 18 55343 1.006446847378402
16 5 28 1 56911 1.0679771859755571
0 23 26 11 122870 1.093526548134702
19 27 5 9 91743 1.0356186881685105
25 27 18 20 48310 1.0816888753564862
10 13 12 26 59862 1.0481683567129765
12 14 2 8 43523 0.916671489436732
21 25 3 7 105460 0.9679808828184724
10 17 26 13 61461 1.0111595311786272
6 14 20 9 56601 1.006987993552613
7 7 24 19 82963 1.0992239737098404
14 18 29 19 71993 1.0595157970412785
19 6 0 22 98872 1.0902659661308234
6 17 18 16 52085 1.064973976146629
9 23 5 15 53901 0.9374925290621191
26 21 2 14 106557 1.024929278867968
25 6 25 27 65003 1.084320667632957
12 0 23 26 95541 1.0117398041771806
4 10 16 20 73581 1.0265194029455509
1 8 27 12 82732 0.9446953602102112
5 24 10 16 45920 1.0431658153384264
12 2 3 12 59270 1.0691012528770745
24 27 2 17 90751 0.9580537761104315
1 20 20 2 112636 0.9640472514895628
25 6 25 17 45531 1.0137553232863477
19 18 27 5 55705 0.998241861975956
27 5 0 17 103463 1.0901086588938202
13 14 11 4 42990 1.056686014413705
28 3 24 29 95593 0.9335710925836342
8 24 24 25 78478 1.0952098402419728
7 15 12 2 61417 0.933355317173831
5 6 24 0 61279 0.969496781688158
10 0 11 22 95751 1.0646244483739358
28 12 7 23 102541 1.0874455591503724
19 4 29 15 56598 1.0009639746844519
16 17 7 20 42874 1.0639123709750655
12 7 4 22 59600 1.0558797616468456
4 23 4 2 55758 1.078948859036357
21 20 6 27 72123 0.935077453604026
5 12 2 19 30512 1.0119160848592086
23 4 16 15 50525 1.0835678061691236
26 8 28 22 62675 1.0541527734143141
3 23 5 10 47529 0.976501737936116
14 7 2 17 62782 1.0233462403949907
11 24 2 10 78921 0.9534607365467941
1 5 20 27 113394 1.0951605759485696
13 19 23 10 70726 1.0368438753343496
17 4 13 23 96989 0.9309494667763253
24 10 20 22 57489 1.015474306268886
0 27 20 0 120029 1.047894404035818
21 27 21 5 59965 1.0216016891054738
17 3 3 21 94181 0.9700800593648118
8 8 29 9 61274 1.0175715036445374
15 10 1 17 67509 0.9070536489157759
14 0 7 26 105848 0.9425968527624831
10 28 27 21 78902 1.0199020755318249
8 7 24 17 74436 1.0251188051111342
26 12 10 27 87257 0.9839374135477182
0 26 22 8 110283 0.9875394496259584
26 3 7 24 124233 0.9667209301312721
26 25 15 24 65247 1.0320505241782536
27 18 21 1 67325 0.9964865409968726
2 0 25 24 124424 1.026223391875429
2 28 4 0 77623 1.077226537197066
29 27 2 6 120280 0.9820851868784162
29 21 19 25 69836 0.9965608277476984
0 29 26 14 114227 1.0380821470396642
18 1 14 10 58107 1.012684698007798
12 6 20 18 63728 1.0974517102092722
26 19 26 1 81851 1.0542815632036973
6 22 27 8 109939 1.0931518213926685
25 13 20 25 54457 1.0469684056725703
13 22 22 17 57628 0.9967795132120629
21 12 2 25 98008 1.083228099804403
15 25 14 15 49695 1.0058867413379708
24 8 16 27 72005 0.9219751361845122
0 5 27 6 70383 0.9074398295344092
19 17 3 9 72201 0.933174354523692
12 28 11 14 61375 0.9761469389190394
9 6 4 25 64842 1.0715301647571769
16 22 8 27 46947 0.965974354039727
2 12 2 23 30900 1.0386246014534313
25 2 3 6 72357 0.9146229917866974
26 14 18 4 50166 0.948283880623046
29 22 22 7 71519 1.073156697670772
29 5 17 0 51934 0.9467446423589202
5 21 11 14 47605 0.973410243447829
28 22 17 18 73129 1.0906299459389979
6 16 9 27 48518 0.9689007891409042
14 29 21 22 53767 1.00083272214534
23 15 13 9 41408 1.0042491468216719
26 9 23 19 42024 0.9418813131708287
15 7 3 29 97944 0.9711513662533405
4 28 16 8 85928 0.9743972674341091
29 8 22 20 48886 0.9531405777053191
20 25 3 0 127012 0.9771864094646983
26 17 21 8 41066 0.9696584466005425
24 21 14 28 54316 0.9301960282099292
28 25 14 0 118051 1.0066297958235506
28 1 19 19 81811 0.9764311705469505
13 24 26 3 115801 1.0865389446129414
3 23 19 29 66473 1.0855447037236943
26 6 8 29 113441 1.0021317381623156
4 29 3 7 63970 1.0416292206025142
26 20 2 24 115781 1.0157172130064593
11 3 27 2 60643 1.0284877768732013
4 17 17 26 64721 1.0446744974324782
3 0 12 16 72137 1.0106945989826417
5 25 11 3 87213 0.9451031215506741
14 6 19 24 77994 0.9125248721724745
2 3 14 2 44996 1.0728164182403255
28 15 2 14 82632 1.0717006419689947
21 21 9 17 59462 1.0135817456862644
20 28 11 15 75505 0.9952286530571811
20 23 9 14 73213 1.0131954677706398
3 3 24 5 67408 1.0520733027565747
26 8 7 8 61853 0.939838699941781
23 15 5 3 77698 0.9067016259068726
13 4 19 0 34566 1.023247487963839
3 4 24 0 60670 0.9764750720818552
2 6 4 23 47709 0.9272671519705215
15 26 22 15 55105 0.9098445277319461
13 9 9 16 38562 1.0679220101527145
3 13 9 20 49133 0.9112011420679004
23 0 2 27 121283 1.0812780300062241
16 29 4 6 97984 1.0377075354779008
20 16 18 26 49748 1.0908476402295848
2 14 13 6 48865 0.9899991238134617
0 10 10 15 47555 0.9255606018776695
8 23 14 29 55318 1.0786345480150061
24 9 16 15 38640 1.0017032043197374
12 20 20 12 58679 0.9509468422508541
27 4 16 26 95056 1.01358507426372
14 17 26 9 58475 1.059101507144935
9 24 11 2 98085 1.075889118753465
9 2 6 29 103446 1.0426153109796716
29 17 12 4 79643 1.0139726048445514
12 10 29 4 65585 0.9942380611276722
25 13 25 29 62855 0.947949848392969
4 18 18 0 82536 1.0237202302903923
20 8 27 27 68863 1.0509284093120146
21 26 14 21 55995 0.942487035691975
26 26 0 6 123764 0.9348832225935437
25 27 11 18 75755 0.9327217491716531
5 18 17 6 72937 1.0461849277349433
25 22 22 5 64266 0.9978091681984577
11 8 19 29 92631 0.9858589485517617
19 26 11 23 48230 0.905528673368595
8 17 4 1 59909 0.9818159721939922
26 25 9 21 95499 0.9618351810452737
21 14 1 17 74707 0.9096742541331232
17 2 22 16 52511 1.0030630467915158
29 22 20 13 63112 0.9159262153824151
24 14 12 14 39758 1.051508372473607
5 1 24 8 79512 0.9170658052058951
24 5 25 24 71387 1.0208279041321866
12 28 23 12 73138 0.9409181708467969
10 7 21 20 73455 0.9550679378314595
17 28 16 7 84149 1.087375320859685
23 22 10 15 66299 1.0567012884602096
6 11 29 22 117528 0.9708281053594789
9 22 3 14 54336 0.9300978850776211
18 20 6 22 83671 1.0445029273614415
7 20 23 25 82374 1.0847583398664424
5 7 7 17 47670 0.9418085064131914
5 10 24 12 66265 0.9201758870695623
22 24 20 2 66330 0.9909639003712135
27 15 3 18 90108 0.9800831143128506
5 23 6 6 58191 0.9785853776677693
11 26 26 23 71910 1.036076931260077
12 11 3 15 36799 1.031668711419534
17 0 29 28 108707 1.0530127284194644
1 2 28 17 109522 0.9831130498515959
17 25 5 1 121997 0.9820170601627527
0 5 12 24 99118 0.9980484677232513
21 1 0 6 71570 0.9604610086545797
28 7 8 5 60223 1.0238507875187923
9 26 3 2 92339 0.9241536166500941
21 20 29 18 48581 1.0255212162185208
2 3 7 18 58230 1.04396443329248
27 29 16 23 63131 0.9351474535696687
28 13 6 24 105217 1.0819213107406715
21 7 16 21 70154 1.082385459315161
13 28 29 6 97655 0.984090281451995
20 25 15 1 103845 0.9687990338927681
19 25 28 9 70532 1.0635029037424155
16 11 29 25 93887 1.060473100529665
5 26 9 11 62607 0.9491284888775262
27 22 5 16 109058 1.0532041218238182
26 13 3 10 75324 1.0247801004965975
13 26 24 12 75110 0.9057485378767954
25 11 2 16 86920 0.9273891105300921
8 17 26 15 69932 0.9029185313600695
7 26 16 13 75326 1.072693755165954
15 12 6 13 30243 1.0131254778570733
6 12 16 3 62032 1.09830805121245
15 8 9 1 49394 0.932822417708165
15 23 3 12 82775 0.9075554144906353
16 25 11 1 120425 0.9570168060392106
26 21 4 10 104946 1.0511789618984442
3 16 10 28 51232 0.9432920922898039
22 14 4 24 83253 1.032996708380512
13 15 18 1 80518 1.0955281741836589
27 28 4 4 119821 0.9567292398006184
11 27 22 26 36354 1.094720289725921
25 29 13 7 96084 1.0853139673506702
0 0 2 13 38477 1.043853174802533
18 12 29 12 38840 0.9712738260722704
4 18 29 20 108540 1.0068873275959336
13 7 0 27 89081 1.0978880211820712
12 19 18 29 65634 1.0650491375373434
1 4 22 4 62797 1.0933235219406732
0 8 13 8 44720 0.9091001097592857
6 2 16 1 40007 1.075013159814894
20 6 0 5 53142 0.9046013077821894
22 9 2 10 55138 0.9772174646277552
22 10 6 0 67660 1.0581995257890933
17 20 19 4 74505 1.0376424870481264
21 9 24 0 33276 0.9810206199237661
9 22 14 0 103620 0.9534129602866421
19 3 18 17 59183 0.9036024723735072
1 10 20 4 69644 1.0524792811671617
23 10 15 5 38711 0.9167594120544128
11 27 29 15 86392 0.9840109368530464
12 14 27 10 55538 0.9571253428076535
27 8 18 27 71645 0.9014552326123182
7 12 14 4 47404 0.9330233422802686
4 19 26 22 109189 1.0341439956929062
0 15 14 2 83075 1.0126670030595608
22 6 25 28 65487 0.9100446761304805
20 5 5 28 108183 0.9070532091666182
4 2 0 26 82666 1.0073622937390054
25 4 4 6 60009 0.9848943539557835
21 1 4 24 110516 0.9163548641984799
17 21 16 8 65377 1.016200313061761
22 3 12 23 96179 0.9738209859194681
28 29 1 27 91326 0.9635160612598234
26 13 15 23 77639 0.9645681089200002
24 20 3 21 98753 0.9233109512492363
0 27 20 0 120029 1.0395698441845873
2 4 29 28 131928 0.9900422923421134
5 3 6 24 71633 0.9563927479844936
20 1 23 8 38796 0.9733491011297462
10 4 15 24 94772 1.0024069434003366
18 15 12 27 65407 1.0478262494153903
0 9 5 22 51557 0.9873320557241752
1 1 21 28 126282 0.9212839896087539
24 13 25 29 59758 0.9702748463809172
18 9 4 7 44425 0.9501625939746168
18 7 3 19 81206 1.0792944246260399
17 29 5 3 115264 0.9072002769156057
4 25 17 21 72994 0.9758848095415937
24 29 1 27 77763 1.0113857041406786
24 14 18 25 55505 0.9501077863054083
28 1 17 2 46431 0.9321529223483491
24 21 0 11 104052 1.0659795851814624
9 27 18 8 98323 1.043297471119264
24 8 7 10 54168 0.9947716564317093
20 5 21 15 36521 1.0433699615723986
26 22 1 3 126662 0.9855768364779564
19 22 15 9 54542 1.017715296461579
11 11 1 24 72246 1.0897392896632414
20 26 27 22 48944 0.9251899231734788
17 0 6 8 57087 0.9932607552097539
11 0 4 4 26485 0.9808865094325641
10 7 16 23 85187 0.9557759504019661
8 23 27 29 92651 0.9190907474713539
11 29 1 23 57509 0.9898980724051627
8 28 11 3 103490 0.9784062602263686
15 16 1 21 68757 1.0779089050172705
10 0 21 9 58318 0.9205425955858777
21 11 14 29 77560 0.9538421125466892
26 18 1 18 107292 0.959627821935738
25 11 15 6 45181 1.0863592649024967
21 14 8 3 69509 1.0313578669477939
21 20 7 5 81027 0.9978045593957326
6 23 6 3 76048 1.048132324812453
20 20 27 23 56695 0.904430745023786
17 9 28 3 49221 0.9630966278710933
10 22 22 22 69377 1.0040859727458618
18 24 29 3 96182 0.9492038268501916
11 2 15 26 114520 1.063583727776555
18 0 10 4 34758 1.0712146507184328
2 2 11 11 49948 0.9497562022649182
4 10 25 8 65025 0.9121136921549077
20 27 10 5 87778 1.077726814786285
20 4 5 16 84126 0.9138964147953386
8 3 25 22 106612 1.0715356193523304
4 21 13 19 50829 0.9200332192768554
17 26 26 4 89517 0.9591596091745714
28 8 17 13 46056 0.9395707607612059
10 0 7 19 79173 0.9885762371153091
11 5 25 23 93433 0.9424745505052278
25 7 4 21 94061 0.945293117835246
5 28 25 21 89587 1.0739508657788306
25 18 1 12 93779 1.0644538201007485
12 10 11 25 67446 0.9089436368635426
13 1 27 20 101347 1.022479194379271
29 9 2 11 76479 0.9554148882346866
25 15 28 22 42930 1.0856607287085025
1 23 0 3 67604 1.038554165433577
25 15 24 4 46296 0.9237296567522517
2 5 11 16 58816 0.937835058718443
18 27 15 10 77603 0.9798295782041876
9 27 0 8 76546 0.9070390620733996
1 13 3 23 37223 1.042770020333771
28 24 4 13 113993 1.067449716123908
22 12 18 27 48128 1.0206734956756556
12 9 4 17 42829 1.0869563232324535
8 18 27 10 90115 0.9993384392074487
6 7 11 26 88172 0.9947332962372989
20 5 3 5 51710 0.9426871430765243
6 11 29 3 90878 1.0289293899970928
13 9 6 20 65517 0.9198673581019682
29 7 4 9 72108 1.0831948255492962
0 4 24 26 122872 0.9425456723994875
1 6 11 19 73256 0.9659255448617428
0 20 6 1 80107 0.9442850370755148
7 0 12 5 35340 0.9821101943416426
22 9 12 13 39858 1.0141448585883126
2 27 18 14 83192 0.911674794024801
28 20 24 14 39922 1.0987133093095958
9 28 6 2 97109 0.9332127052706811
19 13 15 20 47811 0.9655331524478284
8 6 17 17 66946 1.061972163218954
6 17 29 21 105389 0.9068620575558128
16 21 10 0 103124 1.0989491366941957
21 6 6 15 68047 1.0291405009823644
14 11 1 5 57992 1.040372849193545
4 25 19 0 102354 1.073067669773982
25 13 3 26 100632 1.00510736346068
16 22 7 28 54944 0.9515057935133129
14 24 3 19 70691 0.9271955048330812
17 7 1 11 62684 1.028179919347853
18 4 22 25 63169 1.035239191125484
18 20 3 11 81461 1.0152473648381366
29 13 1 16 86078 0.9244031223575572
27 12 14 1 73487 0.9881646516002135
17 12 27 13 32397 1.029441094272784
27 13 3 28 105422 1.076148879250841
10 17 14 1 78083 0.9833537741845113
22 29 14 7 75586 1.0893884219495493
12 28 26 21 74689 0.9390560174152065
4 7 12 19 63268 1.0918719614768335
29 15 5 9 77153 1.0767378976645359
28 3 21 20 70973 0.9606640937423686
7 11 16 19 60110 0.9430280444094383
21 23 12 1 96069 0.9553944739409078
4 5 10 18 57353 1.0542060561561852
12 2 21 7 46632 1.0763822710872315
9 3 28 23 119613 0.9554195224132112
27 9 3 24 105177 0.9152058488386704
24 24 28 14 54801 1.0015212574014907
9 4 29 9 62885 0.9909237804305168
23 11 11 14 48339 1.0499286005798227
7 1 25 28 118529 1.0832521819138314
0 18 27 3 116832 1.009378485197975
18 4 13 17 73124 0.958142618407253
9 29 0 3 95768 1.0803464914287708
9 9 1 12 29809 0.90498507203304
11 1 7 13 56107 1.0180371593046336
10 29 8 7 92040 0.9808958480223855
0 19 23 28 104502 0.9454086544287943
17 22 29 24 81074 0.9667887015006476
25 6 14 5 29367 0.9184929920676325
8 17 28 6 90829 1.0547689695270193
7 21 3 3 69921 0.97704827132786
6 7 26 11 74274 1.0931317602448514
14 28 2 8 87944 1.0515907706678367
7 29 29 9 112999 1.091220433977999
5 16 1 5 47348 1.0523875832264924
24 3 1 7 72460 1.0043974533500781
13 18 17 2 85177 1.0980497853654694
29 11 8 4 76705 0.9782562324954858
21 12 5 15 63447 0.9602818655052225
27 15 22 5 37622 1.057704889656527
10 17 21 17 37885 1.0201297122854238
16 23 20 13 58291 0.9464930141914321
14 10 28 2 70155 1.083319378588322
24 10 29 21 66966 0.9679865208068326
12 19 8 3 70917 1.0137518025644678
14 18 19 9 53219 1.0599422018041849
14 14 6 5 49487 0.9812362480452177
2 13 15 18 58449 1.0637078687988926
12 2 19 9 47137 1.0762470938275635
2 0 2 10 24574 0.9278031775302776
8 16 11 2 68857 1.070677157227181
29 5 6 3 69000 0.9337963430126578
11 16 26 20 79550 0.9535679921401343
8 6 17 13 49961 1.0023415087215726
29 24 1 23 121092 0.9005203564649212
26 11 13 8 53929 1.054828487784175
0 10 21 3 78969 1.043404650631506
15 21 26 16 68403 0.9535043425787038
18 19 2 20 79904 1.0850432274457111
9 3 6 12 45041 1.020654786367781
21 22 18 12 47226 1.0221214549227513
5 28 14 3 103627 1.0929740642297041
2 18 6 3 53386 1.0387426391625176
18 19 1 4 103602 0.9801841532509117
10 2 18 5 43290 1.0986767598366625
0 14 16 21 84810 1.0380426182370557
22 0 20 27 74042 0.9472779092493291
9 2 24 25 108719 1.0463455256934318
18 2 4 0 46383 1.045834649350482
13 22 23 15 66068 1.0750414079152948
1 3 23 11 78677 1.0991373103693631
1 23 5 9 53636 0.9473002476441217
29 3 20 28 95702 1.0919621764089422
23 18 6 12 72403 1.0605956682964188
21 3 7 20 97998 0.9021061565151817
2 8 8 13 29355 1.090410069819075
10 3 14 22 85047 0.9336863127858228
17 23 26 9 73885 1.0654810531545402
8 8 10 29 87490 0.9793888907218535
5 9 27 10 60149 0.9396959009146552
11 7 2 23 68332 0.9626557629996824
25 14 7 5 68289 0.9772417400444472
2 8 15 13 48761 1.0001908129596144
24 29 15 8 80288 0.9451608897356326
6 29 25 19 98409 1.0043134199701378
5 26 8 16 49506 0.9714554885258527
24 18 13 20 66371 1.0395075039765636
18 15 0 14 60345 0.941433407832128
7 8 14 19 60912 1.0017071520493694
28 26 10 29 70569 0.9189062765821837
9 0 22 10 59817 1.0248319797071228
21 21 6 4 85982 1.0871673112659932
25 4 7 22 109272 1.059309385761522
15 4 14 24 95278 1.0209570236030068
28 7 14 22 95011 0.9282316671253966
24 2 18 6 33189 0.9873222235910526
25 23 29 13 56781 1.090812396413956
29 19 25 0 82769 0.9364469726233265
25 24 29 15 55490 1.0996083617712884
27 28 12 6 92558 1.0269087384474642
26 14 21 24 43509 0.9717273816561041
18 6 19 18 49805 0.9781819203777079
21 10 4 21 81867 0.9708601450852365
4 14 18 7 62907 1.0356336059495013
21 8 21 23 47431 1.0169970472251868
18 8 0 4 63288 0.9501806287461917
17 27 20 12 60219 0.9470945822452652
17 16 2 13 54062 0.9372537640511917
21 12 1 2 86182 0.9493934806180753
1 5 16 27 100674 0.9447663003053174
15 25 3 9 92912 1.0609783964123969
0 17 21 26 99041 0.9977515766651044
9 14 1 18 39268 0.9124140860665461
5 2 26 26 127207 0.9430849661358477
17 13 23 3 46055 1.04782764174741
22 24 15 17 44585 1.086872733541368
1 26 3 12 51611 0.9524661015333737
21 4 9 24 108234 1.0537001656487994
23 28 1 1 124498 0.9080866091720966
25 28 4 3 119035 1.072199619515056
20 3 11 24 110606 0.9005640924913952
28 25 12 5 106644 1.0137569486118037
4 20 28 2 114887 1.0630214321707214
12 3 23 4 42597 0.9285824810211687
19 22 27 14 47422 1.031107635252599
4 5 18 21 96528 0.9700957129671143
11 28 23 9 82333 1.0059569171755485
27 4 4 26 115875 0.9145343090415858
23 12 5 29 101493 1.0957331260864116
26 23 2 18 119307 0.9201806385301159
26 19 2 19 110878 1.0617420719222133
18 29 17 11 78145 0.9777507812462033
19 18 29 11 51938 0.9527979143748571
14 22 20 0 99810 1.0134238927877257
17 4 24 26 83912 1.0044519425974459
0 13 21 26 101537 1.0499719285316302
24 15 0 20 100509 1.0790618977409343
26 10 17 12 46045 1.0079166321780801
28 10 15 9 39210 0.9288313696600352
19 0 26 4 33304 0.9614606290497895
12 6 2 26 84160 0.9572176811571129
3 15 13 17 40136 1.0091628964102586
10 24 26 23 85235 0.9033809607324204
20 12 28 4 50631 0.9961444854426031
14 19 19 24 47889 1.025254165514047
25 21 5 25 94342 1.0853422583845125
15 25 19 19 45174 1.0030786441401394
3 8 26 20 108712 0.9847433341405252
1 23 29 7 122851 1.042225053485256
6 15 20 20 69198 0.9186182853054797
5 4 26 24 115138 0.9018665279591881
5 9 19 8 41325 1.0451931365268776
11 15 11 28 60668 1.0368165619672731
19 26 25 17 50170 0.9454730751088616
5 15 9 23 53901 1.0842933447984964
21 19 6 1 98905 1.0472613405306004
0 22 26 3 128406 0.964134957466733
13 14 0 14 40077 1.0736677273369308
16 19 1 5 92067 0.9008291027775773
23 29 0 11 116958 1.0124749815755043
20 16 6 2 92314 0.9300695884449215
1 9 9 0 40780 0.9118177439381085
28 6 29 28 91448 1.0727428009868982
28 17 6 19 92060 0.953001349234823
26 6 6 5 50245 1.0823242600204503
22 15 28 8 35346 1.0138544859774044
10 13 1 11 32568 0.9668572001828097
2 19 21 24 96794 0.9855039727793566
27 26 0 16 118454 1.0776345285498312
26 23 2 21 115538 0.9826221868309324
9 23 25 26 77064 0.9277107986401796
16 23 0 16 94481 1.079402993587224
27 6 27 16 34978 1.0541722572922847
7 25 5 1 87173 1.0761550822742845
27 29 12 5 99338 1.0252782756095637
23 7 28 29 83884 0.9032745403901639
24 7 0 9 71600 0.9890576428372723
8 24 4 14 46674 0.9804851196932898
6 21 10 2 83858 1.0733441890772257
28 27 13 11 90040 1.093036092766947
2 25 13 2 104336 0.9102640518609905
12 7 1 28 84790 1.0190128603938935
22 25 14 11 63451 1.0681593090528965
4 7 23 6 48009 0.9355469641251721
11 18 3 2 77616 1.0522279087418909
15 3 7 9 42183 1.0644745993459046
15 19 24 23 67326 0.9166494106264862
21 26 12 15 68185 0.9149906539657914
27 26 19 10 73507 1.0135021788181748
22 17 12 7 52301 1.0801977927099045
14 11 29 20 82089 1.0406417753280028
4 18 13 24 63452 0.9587557060057097
4 16 4 5 32184 0.9836481115429757
28 15 8 23 107785 1.0740586931862612
8 29 23 29 68208 1.0949654880462518
21 8 16 14 37562 1.0991862172760503
29 7 4 3 73886 1.0856030175178284
29 19 22 11 47119 1.0135295259027537
10 26 8 17 43537 1.0642555108434328
2 22 9 18 46567 1.0030963121638583
14 17 10 7 47716 1.0702782335267123
25 1 10 8 63273 1.0995319391896068
16 25 11 2 116077 0.9350817859681291
23 29 13 8 83585 0.9199450713842311
16 22 17 9 67324 1.0036239196982575
2 12 22 11 65134 1.0088656133374478
10 2 4 12 49652 1.0244142888564163
5 11 2 22 42424 1.0223627230224668
13 17 23 22 53408 0.9446712377737215
11 1 19 3 34870 0.9412136014122934
16 16 28 10 59990 1.0932231409431659
4 16 26 21 104414 0.9795245499116658
21 8 4 9 51506 0.946909421240457
28 0 16 10 59619 0.9871999291830182
6 18 9 0 72848 0.947854559051399
8 22 25 28 87598 0.9870602163355544
18 15 27 7 46903 1.0311327159567516
5 21 9 27 36664 1.0065720748626403
27 3 15 14 68820 0.9812526735337297
3 10 11 5 40345 0.9603615722064057
13 26 22 22 44152 0.9469755909959452
28 19 1 5 114561 1.0890750533275686
1 11 22 15 74791 1.078733268513547
7 2 25 16 88077 0.9580856348410541
11 3 20 19 86348 1.030845175938547
23 26 9 9 79855 1.061073124167766
7 0 16 6 44059 0.9453285398154648
21 2 4 25 110840 1.0044299695730143
17 3 16 26 98247 1.091042870306974
4 27 6 17 29909 0.9683335347855818
17 18 20 11 43984 0.914678790360878
25 21 28 0 87258 1.090692037293987
4 21 11 8 51743 1.0968790134068855
4 17 25 7 87061 0.9386154954358995
7 21 4 14 33090 1.010438857766229
27 20 0 17 114672 1.0032970625472248
13 26 4 5 90072 1.0104625509046585
2 3 3 25 67319 0.914859305948084
20 12 26 24 61782 1.062145785098391
23 8 7 8 48761 0.9810418066588902
1 26 8 20 51601 0.9168157824986487
2 3 7 17 53739 1.0882365355457044
24 8 29 1 54079 1.054029723038501
11 4 28 9 59645 1.036513708829883
27 18 23 9 39605 1.0345400700406406
21 23 4 9 88514 0.9331546277209833
28 14 12 3 72750 1.0350773034989271
4 8 28 12 77360 0.9764933285884903
7 4 3 19 56663 0.9683615789526738
1 21 28 22 127200 1.0187703055043063
24 23 14 3 90430 0.9826647962232465
28 12 16 25 81664 0.9668958136160652
6 23 14 19 63423 1.091675299752319
8 25 28 23 93791 0.9541427421147818
23 9 2 21 86742 0.9620964049190402
8 27 2 8 65877 0.9125896280357527
0 23 21 17 99295 0.9637435932315717
10 15 19 16 33812 1.0805011132887403
28 25 8 14 108448 1.0807658795087367
5 19 19 6 78815 0.9805693413897019
18 11 4 25 84072 0.9406365043759146
26 27 25 10 68155 1.0889292695977593
6 15 24 13 61513 0.9642433947533774
13 3 20 7 40070 1.0105501320523547
7 7 9 17 47297 1.0922188035829457
10 0 12 9 39437 1.016873833319228
21 8 19 29 63130 1.0027724847724582
25 16 17 7 53197 0.9677769690641113
21 10 5 2 74916 0.9031450035622474
10 13 17 5 48749 0.9086088241757335
19 4 2 10 60950 0.9669380951005057
29 21 9 12 98642 1.0446843874207679
8 1 26 0 50720 1.0061961065529612
1 10 24 19 97787 0.9017822435070374
16 4 24 21 72971 0.9123961095044376
20 12 11 19 60314 0.9760965884344419
28 0 14 25 115689 1.0495075979084612
10 16 16 0 78347 1.061673646970372
15 20 9 14 49860 0.9620745410413717
0 28 26 16 113725 0.9301892990386208
9 22 24 26 77316 1.0406097338866145
0 0 5 8 33378 0.9587113818049988
0 6 27 12 84877 0.9769265595590223
11 9 19 17 52026 0.9248787126931933
23 17 7 25 80570 1.0320577844334897
1 24 16 6 93638 1.03576195845217
0 21 10 0 87109 0.9990021271568775
25 2 5 22 117798 0.9791389939289383
0 27 18 16 92436 1.0702036078780632
11 13 20 6 46758 1.0192971249612721
17 25 24 19 56915 1.0550587014568005
21 1 4 28 120710 0.968805412699484
8 19 22 9 80717 1.0088063505965847
25 23 27 9 66466 0.9153073963280435
27 10 24 24 59291 1.0267424947030952
12 21 17 16 40070 1.0156656133808488
20 17 26 28 51291 1.0115557776425432
15 24 0 10 104575 0.929115178966541
8 8 22 27 84678 1.020078514696723
3 5 25 11 79082 1.0386722237206636
0 5 28 24 137216 0.9884867634222777
12 6 0 2 45164 0.9226817743673102
29 17 19 24 59026 1.0854899500068536
24 26 0 21 101109 1.0862303450505493
26 2 16 28 103506 1.0434188752771587
27 5 18 9 33979 1.0979525637055862
28 22 12 23 89607 1.0739296206007274
2 29 21 6 106309 0.9581452608073118
26 8 27 22 56107 0.9699580578129803
3 21 25 13 86196 1.0988911430015642
20 13 3 24 81102 0.9134324204913172
3 29 7 17 46148 1.0331261606069935
25 18 26 27 50571 1.0037273647318652
5 11 11 17 45398 0.9894484126187167
23 0 28 26 94761 0.9959146749890239
27 26 10 7 101482 0.956499981127244
29 11 12 24 102688 0.904413182937615
3 3 20 6 51701 0.9598305659660765
27 20 9 11 88455 0.9992644506597775
15 6 6 17 63755 0.9483425385895525
6 16 22 20 71084 1.0935528547260702
3 23 12 0 85616 0.9398655873374506
3 13 0 20 34449 0.9877399625025743
3 13 29 24 121323 1.0483151750269653
13 1 6 18 88470 0.97541003763956
24 3 12 8 48115 1.0966877334240572
28 0 7 4 66831 0.9105907332298714
13 8 7 23 72530 1.0524746934127371
27 11 1 3 86068 1.0022027230855706
19 4 6 28 111443 1.071439148090253
14 14 2 1 64587 0.9793389989222505
27 17 5 7 88270 1.0827410389858172
18 6 15 18 66952 1.0269865280194992
3 2 1 21 59487 1.0112833124288771
5 19 20 3 96084 0.9787737803869644
26 7 19 1 41280 1.0824418492724759
0 20 6 9 53105 0.9749622937085003
17 12 7 14 38168 1.08927215372381
0 13 11 23 73004 0.9961550776442534
15 29 5 24 57433 1.0322370791427238
21 4 8 26 105429 0.988403168678641
9 7 1 17 55265 1.0678531222957561
12 28 26 0 110743 0.9635084137110237
13 11 23 6 44723 1.0245129154765023
23 8 13 27 74393 1.014440407045778
1 18 19 11 76657 0.9506891373910118
10 6 2 23 67659 1.070430970061766
21 20 16 10 53364 1.082941972362998
8 18 27 11 87241 0.9197883783941324
0 23 10 21 67529 0.9751597206359663
23 10 3 11 66405 0.9270595930658574
23 7 1 25 117461 0.9912511116757405
9 16 21 1 90449 1.004740441664252
5 18 10 23 48794 1.0615799747939554
3 25 18 6 89638 0.9650091798406889
11 21 26 22 96489 1.049705036204491
9 15 22 0 82289 0.9840975607970939
18 12 22 24 44029 0.9644929797505377
25 17 2 2 97545 0.9162354137565095
28 1 0 20 135104 1.0093955406200992
20 3 2 1 60222 1.0304142060700021
10 23 3 26 41938 1.0255796875772496
12 29 17 10 95063 1.0145860641994995
2 21 20 20 88979 1.0125517009165814
9 9 26 22 94050 0.9576651157921344
26 3 24 20 70457 0.9129985175234457
6 2 14 13 62109 1.0512545674914167
8 5 23 28 96168 0.9128795807832996
29 13 8 27 89751 1.0498584789150343
10 17 24 6 72004 0.9162095362101109
28 19 3 21 113283 0.9273088318393007
27 10 15 29 89709 1.0816722962784044
29 4 12 22 109901 1.0799631547604651
8 23 2 9 69045 0.9831904548014728
6 29 22 11 96274 1.009684415094586
4 20 4 10 24547 1.0335266474889426
23 21 1 18 99292 1.0286570526250856
21 14 2 15 65122 0.9357552396811553
22 11 29 2 51244 1.0989978480710825
0 23 21 7 115515 0.9583884249184412
0 10 0 22 50682 0.9851435343174759
9 14 15 24 66306 1.0979630749203466
0 15 11 27 62265 0.9926383850663703
23 0 23 21 63098 0.981831759662133
9 21 21 8 88603 1.0566545589107657
14 10 1 24 86889 0.9743139114414179
7 13 26 6 67855 1.0594651107189794
26 15 2 18 92832 0.929549023231174
5 28 13 11 77489 0.9999850531237269
4 28 29 0 132707 0.9547106744820968
6 22 14 12 66341 0.9436078178266715
16 2 11 20 90519 0.9061693004322845
9 13 11 27 64311 0.9042920909824772
14 21 26 18 73128 1.0179713127078625
1 12 24 16 82088 0.9128938016651036
8 13 2 7 31672 1.0125918809121484
10 11 15 3 48176 1.0151875393797185
29 16 3 27 111302 0.9900455806514781
17 21 9 14 60363 0.9165229604810536
10 16 24 28 80107 1.0306162363124063
22 23 1 9 87861 0.9060878277228551
26 2 22 24 74206 0.9831969003020863
18 10 12 29 95441 1.017401905812479
6 2 28 23 132208 0.9164172157086787
21 0 29 2 31847 0.9770468492248302
27 28 9 27 59542 1.0075151586799618
22 18 10 28 60776 0.9781076041746445
5 22 13 27 46521 1.0088342708726974
26 29 29 14 71134 1.0319138113545554
14 13 6 16 38313 0.9531010934453192
28 27 22 0 85495 1.0917371166373229
24 9 17 0 44705 0.9693270590500196
12 19 12 0 78103 1.0405511479363743
15 2 23 6 39124 0.91329550294297
4 26 22 9 90272 0.9390089176058507
15 24 7 1 112198 1.0087705240304725
21 1 15 26 98164 1.0691742958163928
28 2 8 26 133530 0.9305490696303769
19 5 7 7 38337 1.0845620584740565
29 14 29 24 53214 1.0221944373368705
3 18 28 25 111581 0.9618772162854851
6 16 23 15 68001 0.9563632615610516
28 13 25 3 46532 1.0246207686629942
22 2 21 29 73925 1.0570981158243846
12 1 21 18 82394 1.0170059336289
22 27 5 3 101086 1.0879385667920851
27 26 16 15 69669 0.9671539141337945
16 29 21 10 75152 1.0040130348159204
4 25 28 12 103091 1.0670927678994848
7 5 22 3 47513 0.9450695163448609
5 4 14 8 38215 1.0446729721909516
29 14 16 26 78123 0.9766973568689588
2 23 22 22 86075 1.0543823614741263
21 9 17 21 55791 1.0024074793901632
5 18 9 28 46961 0.9808980266523092
16 21 28 7 84709 1.026675632501272
1 0 11 2 33685 0.9608619656103736
6 13 2 3 36565 0.9879178044540141
29 19 27 5 59623 1.0695111766636876
12 4 22 23 72867 1.0705342580733899
29 28 17 7 92034 0.9670239764095513
14 5 7 17 61433 1.0221903951180424
24 29 26 20 58382 1.056804692204945
4 22 12 0 76842 0.9569585417610408
26 5 17 4 34640 0.9330379943556742
9 27 22 0 106851 1.0563290234424039
27 15 6 11 77594 1.0035509092657555
19 19 18 1 75703 1.0248337319786247
6 6 28 20 100047 0.9874676681613974
14 16 28 11 64084 0.9596669451192993
16 29 22 18 48864 1.018545055597744
10 27 2 1 87041 0.9592049436930626
0 26 25 25 91855 0.9743382382083875
17 28 1 29 57687 1.026318196721067
25 5 7 27 106283 1.0140150539658346
25 4 7 13 75364 1.036552968866834
24 26 11 15 77710 1.0944503489373698
27 18 14 9 57978 1.0236771996669096
25 16 29 2 70853 1.0032137509812566
28 20 18 3 83035 0.9436866072757135
13 13 20 10 38331 0.9145695504074532
13 21 5 17 48176 0.9497515346472553
0 3 23 4 70943 1.0505947529928186
9 4 8 20 73564 0.9995598104620786
13 17 18 11 48800 0.9200436777548093
25 17 6 1 98253 0.9861525592874287
22 29 16 24 41193 1.0315681017776648
1 25 6 4 80283 0.9268483704749305
19 17 16 27 43923 0.945762072888292
2 7 14 7 38247 1.0862647324937087
17 1 4 16 81795 1.0988884589670898
13 3 26 26 108730 0.9603166602695872
24 6 0 4 63863 1.046086848228585
29 4 28 28 101733 0.9123390044701276
25 19 15 3 82546 1.0340625917005042
22 11 27 19 38428 0.9159092909045723
29 22 24 0 95630 1.0510791568537559
15 13 3 26 69319 1.039214297294663
5 0 21 26 114667 0.9863242671699993
10 0 22 11 58648 0.9425036332562113
3 1 29 18 120082 0.9003184126887372
7 1 13 14 58356 1.015793579702302
23 14 29 8 36935 1.0043288772131067
20 29 17 22 44149 0.962280958403915
11 22 2 23 65859 1.0339973043036297
18 8 2 22 85797 0.9908713778593495
1 28 16 23 65420 0.9800190274208777
26 11 0 14 89118 1.0151749340307084
24 2 12 4 51182 1.0963213931171338
8 22 0 5 82362 1.0393655273401823
0 29 23 14 105283 0.948138691931993
26 4 24 12 42886 1.0164126014003703
29 5 20 19 68298 0.9964741258921681
26 16 7 3 89445 1.026493074086055
3 21 12 0 80100 0.9359951057858359
18 1 6 15 88872 1.0835587118875316
9 9 25 23 88975 0.931530391600228
3 19 19 20 73100 0.9121035924654709
20 13 5 29 94020 1.0579268924800938
7 9 1 17 41141 1.0636053563912442
8 18 1 9 53535 1.065341630228565
13 11 15 29 92991 1.0078851175498542
10 5 19 1 44713 1.011237970154316
1 2 26 13 91750 1.0730263559122277
26 9 27 22 48815 0.9976548446075395
2 17 9 7 51787 1.0712276796900755
26 29 22 5 78770 0.9799528397330728
26 23 2 19 119342 1.060248954357892
12 17 1 3 71493 1.098989711587665
1 17 7 2 60753 1.0595541412214844
9 4 27 8 57305 1.0336356333233072
21 21 26 6 50375 1.0974187665584336
3 14 14 16 44663 1.0239689630786282
6 15 24 29 102022 1.0741786388284782
17 29 19 3 94861 1.0279204476697488
9 27 17 21 54666 0.9511203567659674
27 24 7 0 125893 0.9111016765497926
7 8 18 21 80773 1.0708587668795593
19 1 3 28 118048 0.9961285476493721
6 9 29 25 114150 1.0033217853434604
18 24 24 7 74307 1.0401293977610844
0 25 29 6 131085 1.044263109177912
23 29 2 13 103680 1.06154506566846
12 28 10 17 51284 1.013097996943554
29 0 3 18 114954 1.0135873369683643
22 28 8 21 78573 1.0317708604365006
11 9 6 20 59128 0.9691131283026538
1 3 0 28 83302 1.041763801205649
29 28 28 0 109258 1.0095516299873482
19 4 7 19 85983 0.9624044373515226
21 9 29 13 27671 1.0808921505613611
6 20 20 10 90199 1.0953088081050653
5 23 3 15 28669 1.0158967133841807
13 14 15 5 43245 0.9626240193065222
14 15 5 16 39047 0.9762546945578112
4 21 17 3 88176 0.920569878635582
15 16 8 19 43469 0.902166199895107
7 18 29 21 105772 1.0583526373476115
14 12 6 2 62173 0.9897218550402251
0 23 21 0 120960 1.0955969393539058
1 13 8 4 42774 0.9226218707875589
7 24 29 23 100705 1.0845348258140752
23 3 10 0 40522 1.0090486225822293
27 4 10 5 51507 1.02684195323083
5 10 25 4 71791 1.077498476742033
11 22 9 12 52180 0.9252707500131513
26 25 8 0 126568 1.0010563015407394
1 17 7 29 52869 1.0753823951469688
1 25 11 25 46244 1.0421411414155408
15 2 9 29 126871 1.0891761240791094
21 22 3 26 81459 0.9831786663583124
1 25 11 15 69833 1.0012378620223426
1 26 4 18 32892 0.9733165154166168
2 8 28 4 78026 1.044303716599007
20 13 28 5 41254 1.0431070080086497
26 27 4 6 107557 0.9445853267733844
24 20 11 13 65105 0.9346892851998005
28 10 19 1 57243 1.0841533878937692
17 24 14 1 112046 0.9202921079808967
27 13 7 24 99121 1.0352372247505026
20 25 27 14 60033 0.9036774446503829
3 16 24 8 82244 1.0415529660455596
9 5 12 26 90571 1.0223575256632713
24 28 13 7 85189 0.9001799875313826
6 27 12 2 98499 1.013650534409302
15 7 21 13 38420 0.9235260269678539
14 11 12 22 53187 1.0932309655986998
14 18 5 4 74564 0.9383611622751973
9 4 27 5 51934 0.9620290057042176
4 24 17 14 67089 0.9846915482189789
7 10 18 22 82644 1.0695752524533422
20 12 7 17 61134 0.9890868270191246
23 24 19 2 73313 0.9121054940223806
8 9 8 20 51592 1.0802192928521965
16 4 21 29 86488 1.070984264150008
16 18 25 3 73887 0.9782192003844832
28 21 0 16 123157 0.935270454642693
13 20 10 28 47168 0.9470593821430101
4 0 3 28 78290 1.0397485358974843
17 21 22 3 69743 1.03366508246974
2 11 12 27 68889 0.9904442866461765
27 20 5 12 94373 0.9288999732292992
29 21 13 9 84596 1.0976780737888112
23 12 19 20 33773 0.9090477950447661
28 23 2 16 126131 0.9593020532093952
18 19 24 2 73991 1.0327959548785235
4 5 16 27 91354 0.9926583794641086
16 22 5 20 75904 1.0567688077320287
16 11 25 19 63436 0.9655480210560788
10 26 16 13 69086 1.0901268145726237
17 0 17 15 68679 1.0425558060720066
25 2 7 22 119404 1.0480402332127647
21 28 11 26 39494 1.0063507612409541
4 12 16 28 75612 1.0173251153789198
29 5 0 8 84523 1.0871273402622974
22 4 22 16 29310 0.929282748688104
9 19 24 15 66457 0.9553422504280479
26 0 1 15 100090 1.013102090638298
18 4 22 25 63169 0.9155920927059452
19 23 27 12 54086 0.9856032858841547
23 4 8 21 104948 1.0103101309982383
27 0 3 1 64931 1.0786605048529245
26 3 24 13 45538 1.0396121377693306
7 17 7 0 65208 1.0819051396296844
3 1 28 6 79116 0.921024841142845
19 12 5 27 85735 0.9762829342818783
14 4 19 20 74007 0.9377511236774925
28 3 4 8 78850 1.0349147338765161
27 7 1 10 80629 1.0278719738676823
23 9 15 5 32559 1.0526139964875656
0 13 19 15 60069 1.094845447636723
14 24 6 15 66110 1.0700534455964876
5 29 16 14 82172 1.0686439335918665
24 9 14 7 32727 0.9461860168355585
5 4 11 22 88544 0.9860315478923445
17 24 18 0 97502 1.0284163258686032
19 23 5 14 78583 1.0113651714900476
17 26 20 11 71050 0.9508875897029145
11 9 19 28 84913 0.9645811906807813
20 20 4 20 74762 0.9551064042420196
11 20 6 14 45133 1.0240443259559275
10 22 10 0 88990 1.0563954377174072
26 18 11 13 69871 0.9404568054562324
29 12 16 15 47013 0.963431340569644
14 13 27 15 42274 1.0955199672701792
8 8 13 3 37098 0.9525910057271052
16 24 29 19 87845 0.9797488833505132
20 6 13 22 87561 1.0428756115769833
21 4 24 16 42168 0.9200991578884361
28 16 22 27 53325 1.068484290119513
26 14 10 21 77349 1.08736914969414
14 26 29 11 91882 0.910263265778123
3 6 10 17 54219 0.9348147862645755
0 25 8 9 75185 1.0849532246223847
3 20 17 11 71447 0.9015080228583194
26 17 12 28 75975 1.094216846496243
6 20 19 3 101338 1.052424878686281
13 10 17 29 96478 0.9138166258347415
