2734 2867 2570 2406 2562 2608 2539 3560 3208 2652 2428 2809 3473 2877 2920 2801 2449 3179 3117 2686 2391 6628 6555 5778 6120 6543 6263 6068 5715
7149 6955 6960 6794 6959 6859 7273 6785 7246 6990 7040 7321 7064 6571 6511 7420 6687 7131 7179 7189 6843 6713 6899 7432 6683 6529 7488 6832 7876
6221 6024 5831 6029 5423 5215 5798 5522 5183 5791 6232 5953 6334 6459 6284 6935 6901 6893 6888 5883 6780 6011 6332 6090 6277 6820 6460 6938 6518
3935 3720 3958 4478 4006 4049 4347 4152 3643 3657 4051 1379 1338 1375 1155 1083 2213 1988 1837 2139 1364 1977 1794 1450 1166 1571 1270 1861 1607
7042 6808 6688 6415 7143 6545 8427 7930 8386 8384 8559 7819 8207 7849 8442 8324 7890 8093 8855 8068 8004 7768 7817 8835 8007 7881 8651 7794 8243
4565 3625 4596 3583 4276 4172 3949 3658 3958 3617 4648 7237 8053 8298 7193 7346 8140 7874 8107 8066 7401 7689 8001 7772 7810 7653 7840 7169 7795
6890 7439 6908 6776 7669 7371 7585 7452 7348 7530 7848 7673 6801 6971 4964 5540 5446 5914 5171 5661 5416 5603 5667 5639 5426 5743 4991 4884 5615
3410 4096 3163 3246 4227 4044 4270 3895 4243 3548 3129 3377 3728 4237 4101 4102 3761 3417 3727 4219 3861 4036 4068 4164 3284 1514 1276 2068 1715
4750 4718 5363 5583 5273 4987 5615 5052 4542 5361 4849 4797 5254 5318 5335 4754 5225 3281 2956 3096 3535 2654 2625 3032 2488 3141 2731 3072 2914
7557 6005 6455 5820 6587 6469 5858 5801 5842 6641 6775 5990 6082 6766 6419 6459 6343 6552 5939 6256 5680 6466 6666 6590 6709 6108 5852 5702 5721
2871 3550 3184 3581 7776 8226 8153 8126 8254 7534 7801 8085 7181 7392 7893 7407 7411 7448 7853 7430 8010 7593 7631 7229 7813 7331 8273 7726 7593
6543 6303 6302 5820 6019 6256 6611 6091 6410 5929 6251 6257 5946 6021 5762 6242 6810 6379 6810 6042 6562 6690 6557 6125 6389 6282 6413 6283 6293
2420 1654 1712 2006 2169 2562 1442 2347 2085 7243 7626 7229 7736 8046 8150 7569 8084 7814 7853 7095 7302 7239 7735 7600 7727 7953 7305 8121 7027
7041 6445 6687 6657 6820 6341 7410 7439 6302 7210 6882 7309 6468 6294 4503 4358 4264 4558 4613 4473 3766 4409 4795 4422 4653 4077 3666 4130 4107
2766 2316 3279 3139 2670 3219 4487 5253 4732 5320 5446 4469 4795 4337 5190 4951 5046 4475 5199 4897 4933 4641 4309 5364 4600 5261 4984 4778 4394
6233 5951 5875 5819 6314 6364 6431 6157 6410 6050 6241 5455 6274 5894 6286 5346 5604 6084 5343 5494 3368 4278 3260 4119 3330 3271 3450 4007 3720
2711 2373 2619 3280 2227 2647 2180 3053 2418 2952 2828 3029 3040 2932 2400 2191 2724 3060 2977 3313 2793 3005 6710 7128 6764 6687 6467 6412 7212
6432 5863 6339 6051 6587 6148 6121 5727 6511 6126 6352 6017 5851 5747 6180 5819 6817 6438 6746 6546 6141 6790 6684 6386 6171 5998 6557 6426 3469
3664 3842 4601 4490 4764 3979 4517 4531 3862 4068 4785 4650 3882 3951 4641 4592 4441 4837 4052 3870 4336 4133 4312 4243 3987 4085 3797 4786 7924
6588 7053 6913 7055 7024 7204 6790 7518 7103 7298 7345 6770 7617 6635 7499 6985 6741 7061 7044 6521 6705 7229 6931 7176 7430 6603 7402 7595 7411
6647 6631 6758 6354 7427 7016 7303 7208 6805 6479 6554 6540 7120 6771 7394 2040 2661 2402 1938 2326 2175 2199 1877 2252 2231 2035 2465 2285 2079
6423 6848 5801 5700 6102 5749 6808 6390 6425 6853 6655 5756 6159 6845 5710 6388 6638 6506 6363 5816 6588 6705 3371 3037 3330 3814 3882 3685 3872
8067 7884 7259 7041 3973 3948 4216 4171 4617 4790 4059 4050 3879 3699 4578 3780 4162 4024 4533 3791 4736 4687 4709 3734 4375 3751 4462 4728 4126
7722 7620 7014 6847 6032 5616 5430 6040 5918 5571 5819 5999 5383 6191 5738 6065 5635 5930 5973 5911 5479 5404 5347 5848 6197 5643 5289 5953 5894
8064 8562 8119 8512 8032 8328 8489 8453 7615 8240 8614 8114 8340 7760 7905 7987 8039 7892 8256 8234 7780 7909 1967 1860 2295 2458 2950 2237 2228
7578 7616 6603 7318 7015 7044 7129 7201 7509 6804 7399 7249 6875 7230 6684 7102 7556 7047 7030 7632 7083 7181 6518 7083 7592 2465 1829 2215 1982
4089 4852 4905 4784 4661 4520 3835 3974 3854 4248 4630 4904 4415 4351 4197 4310 4885 4209 3918 4614 4391 4510 5277 4924 5058 4659 5071 4506 4528
1621 2026 1708 1475 1719 1769 2149 1739 2185 1553 1283 1744 1468 1351 1922 1224 1579 1313 2240 2137 6450 6122 5859 5929 5905 6763 5858 6134 5861
2918 3022 3100 3443 3021 2809 2975 3488 3689 3589 3430 3825 3444 3686 2976 3785 3602 3457 3383 3422 3168 3561 3465 2942 3126 2514 3465 3042 3323
7943 7442 7111 8051 7331 7672 8074 7152 7647 7192 7306 7015 7692 7689 6798 7395 6750 7594 7061 6696 7623 7205 7186 7658 7491 7711 7188 6694 6965
3205 5559 6763 3511 5577 4830 1794 4564 7404 3963 1072 6495 4072 2934 5492 6791 7686 6874 3803 7481 5217 8131 3971 3132 4893 2050 1611 2921 2074 7007
3145 6317 6536 3196 5690 4797 1898 3600 8464 3717 1795 5654 4475 2954 4900 6598 7268 6492 3003 7524 4879 8026 4331 3438 5023 2210 2258 2669 2226 6924
2558 5656 7050 3968 5628 5329 2520 4259 8215 3900 1973 6285 4290 2522 4926 6414 7502 7135 4066 7789 4414 7936 4671 2502 5581 1604 2031 2114 1420 7282
2301 6468 3962 3155 5157 4367 2477 4548 7957 3969 1070 5482 4540 2684 4520 6753 7639 6920 3957 7857 4368 7885 4348 2529 4504 1566 1967 2596 1274 6819
2664 5786 3453 3715 5421 5161 1977 3774 8490 4362 1488 5544 4147 2339 4650 7493 7857 6931 2977 7911 5108 7981 4743 3381 4974 2607 1698 2382 1455 3302
3393 5678 3158 3949 6140 4534 1669 3735 8065 4587 2007 6295 3999 2763 5309 6819 7171 6499 3685 8113 4348 8378 5172 2913 5037 1456 4406 2428 1333 2659
2595 5605 3774 3861 6046 5143 1669 4072 8410 4524 1673 5795 4089 2241 5381 6521 7362 6711 3324 7617 4900 8482 5250 3162 4574 2568 4587 2969 2251 2890
2282 6169 3928 3424 5936 5318 1811 4576 8127 4238 6667 5674 4569 2419 5199 7226 7587 7330 3716 7425 4373 8442 5376 2868 5344 2197 4021 2514 2238 2872
3030 6038 4042 3259 5235 4424 1855 3788 7453 4373 6709 5855 4100 2852 4858 7241 7664 6308 2959 7783 4918 7654 5304 2751 4537 1825 4507 2965 1819 2913
2353 5935 3630 3643 5555 4794 2358 3751 8377 4448 6535 5859 4601 2522 4641 7172 7685 6752 3260 7469 4995 7791 5631 3252 5095 3309 4338 2238 1394 2836
2416 6237 3957 3339 5720 4531 2460 3562 7924 3884 6608 6256 4685 1893 4525 6520 6860 7025 3217 7621 4358 8356 5747 2443 5086 2887 3840 2404 2014 3236
3124 5865 3316 3296 5622 4695 2396 4157 7841 3866 6661 5507 4368 2593 5616 6914 7804 6329 3138 4357 5570 8026 6004 3261 5414 3468 3909 2752 2124 3376
3198 5676 4127 3564 5808 4478 2456 3498 7382 3884 6773 5930 4982 2801 5057 7035 7530 6672 3783 4376 5097 7952 5332 7817 4647 2821 4203 1990 2053 2544
3211 5807 3715 3479 5517 4551 2227 3575 7456 4263 7316 6485 4402 1953 5638 7446 8012 7126 3074 3846 5845 7638 5096 8430 4496 2835 4046 2119 1368 2614
2707 5413 3855 3347 5027 4242 2135 3971 7327 3777 7329 6424 4438 2130 5082 7084 7727 6746 2952 3661 5139 8257 5254 7540 4622 3101 4532 2784 1303 2542
2769 5901 3583 8138 5100 4782 1558 4104 7992 4310 6801 5714 4091 2408 5411 6845 6855 6507 3371 3285 5139 8469 5487 8460 5334 2808 4914 1972 1632 3055
3151 6349 3909 7598 5448 5354 1615 3642 7818 4586 7087 5627 4002 2846 4565 7536 7122 6423 3983 4191 5485 8645 5820 8426 5350 3362 4428 2883 1161 2949
3219 5955 3559 7994 5835 5327 1646 4329 7584 4354 7499 6062 4584 2809 4834 6410 7776 7206 3249 4364 5604 7844 6043 8144 4811 3090 4441 2028 1852 3329
2289 2119 3491 7790 5862 5842 2435 3871 7675 4745 7391 5931 4488 2587 5559 4815 7344 7194 3047 4406 5253 8334 5995 8170 4426 3692 4211 2086 1223 3154
2273 1923 3782 7440 2671 5811 2270 3846 8247 4475 6418 6260 3745 2210 5510 5299 7141 3266 3202 3371 5789 8138 6005 8603 5015 3408 4225 2381 1935 3524
2364 2332 4058 7923 2532 5759 2345 5336 7599 4969 7027 6474 3792 2527 7437 5072 7873 3498 3738 3398 5918 7851 5516 7770 4980 3517 4220 7177 2011 2769
3242 1857 3292 8209 3230 5133 1878 4933 7474 4867 6788 5663 3744 2746 6667 5647 7232 2690 3300 3857 4928 8007 5139 8603 7977 3655 4381 7030 4689 2699
2313 2437 4076 8359 3270 4919 1992 5020 7438 4409 7024 5517 4459 2985 7114 5203 7478 2839 3617 3359 5912 5110 5423 8326 8385 3556 3890 6552 4713 2935
2819 2888 3117 8005 2359 5655 2452 5193 4532 4768 6907 6389 4315 2371 6855 5407 7973 3338 3139 3595 5699 4919 5777 7599 8222 3286 4424 7433 4751 3089
2700 2633 3552 8459 3022 5053 2394 4291 4450 5024 6448 5690 4227 2326 6446 4953 2175 2791 3647 3695 5219 4808 5590 8634 8266 3293 4332 6607 4685 3030
3182 2883 4178 7748 2529 5175 2537 4957 3823 4499 7350 6075 4518 2526 6717 5835 2531 3072 3757 4374 5331 5304 5191 8190 8206 3697 4712 7080 4737 3255
7124 1959 3179 8088 2660 5411 2330 5030 3575 4749 6988 5370 3827 1873 6957 5127 2222 3200 3706 4119 5683 4839 5229 8659 8404 3271 4230 6344 4024 3108
6666 2610 3408 8158 2436 4932 2084 4546 3748 5380 7265 6044 4638 2430 7098 5454 2482 3243 3655 3238 5526 5305 5054 8120 8339 2764 4680 6881 4461 2604
7355 2450 3703 7484 2951 5265 3624 4850 3896 4813 7011 6266 4648 2767 6508 5279 2331 3375 3437 4296 5070 4462 5089 8019 7357 2638 4046 6454 4769 3239
17 19 14 7 45870 1.0183443170737152
5 20 0 15 32753 0.9358344408629591
29 4 14 27 84534 0.9326811140420463
22 28 27 13 58389 0.9898000342844
10 29 8 17 41058 1.0710461742616
15 26 7 9 68880 1.049592800448023
29 9 20 15 47318 1.0897483008494986
7 25 19 7 86489 1.046632221944979
25 26 0 20 78019 0.9137308989083819
15 10 26 28 86037 0.9067245683977362
27 26 7 11 96227 1.028430747840098
16 5 28 5 31434 1.0674114330985498
26 6 0 22 96770 1.0145716110943432
9 23 15 9 72837 0.9933686602159127
14 23 23 12 64508 1.0324260616197536
7 19 14 14 44715 1.0347186537831659
5 6 22 3 49745 1.0857619655615616
27 10 26 21 26335 0.955851096396269
1 7 12 20 76958 1.0459326760424155
26 8 5 0 69465 1.045215629479875
8 22 14 8 75530 0.9040850895545735
29 27 21 25 35955 0.9094932884966505
22 9 23 28 74783 1.0396983413305516
20 3 0 23 99990 0.9201476127987346
6 13 15 19 43381 1.0107880760278876
9 23 19 3 100462 0.9045117525405043
21 24 19 12 48842 1.0462438365973838
6 8 19 20 80939 1.0440737410961294
26 15 12 14 51819 1.0219832720982793
25 21 17 8 73392 0.967133081746881
8 21 3 6 57627 1.0759595027679714
24 17 10 6 64386 1.0568534506498304
20 9 29 26 77806 1.0931538280626987
27 21 5 25 78049 1.0129950473944238
1 4 12 26 82461 0.9957477009397997
29 10 29 24 55553 0.9669483482276914
1 7 28 3 72000 1.015000509756128
29 14 3 25 91569 1.0696159839694594
17 6 4 17 61463 1.0022830374131049
16 3 24 22 81300 0.9447932801783263
5 0 27 24 112233 0.9495078222329977
17 10 3 17 53408 1.013800334563956
7 20 9 7 57848 0.9964193990622346
4 8 12 3 36608 1.051466205343915
23 22 9 7 92292 1.0442794179339727
20 4 24 29 88337 0.9919448459703254
3 16 22 7 67120 1.037820791017427
0 19 19 7 80554 0.9683208714968417
25 7 3 24 91633 0.915374247186947
12 5 28 9 46157 1.0647877198577498
4 8 6 28 50330 0.924588317258073
24 18 18 11 45601 1.0741127774058299
9 2 26 1 55968 1.0902407722743226
29 0 18 28 88548 1.0041391033833547
10 9 28 27 96545 0.9265790568519291
15 10 28 21 62961 1.0018915176685934
25 15 28 26 42423 0.9964258267405812
18 18 16 2 50812 0.9077146026383207
27 26 15 24 48404 1.0215565959942134
4 5 16 24 89828 1.0962187252388236
17 1 8 7 42555 1.0506952174112207
12 28 18 1 98626 1.0056179166174535
5 22 22 28 53332 0.9141220531685584
12 12 8 24 59392 0.9220051112995353
27 13 27 23 30197 0.9559593775122361
1 5 22 23 105743 0.9873477093319583
21 12 27 24 55830 0.9051495236537861
22 23 14 26 38899 1.0338506692825609
13 5 5 28 72738 1.0549733536613506
10 12 15 26 65821 0.9479222404734651
24 28 2 18 64723 0.9983339133635176
9 24 13 11 72786 0.9509395246169652
16 5 4 13 51061 1.0248623635560554
16 14 21 23 41381 0.9315650819569145
7 15 10 5 48778 0.997363416181928
0 18 7 24 34080 0.9710984021727688
10 3 21 14 61072 1.0068621768590476
20 0 28 14 49602 1.0644148352917921
17 28 29 8 72576 1.0890745983345824
1 10 13 25 54781 1.02975828136617
25 12 12 27 77107 1.0714425564249057
3 11 15 10 49877 0.9810397836229137
10 28 28 22 60022 1.073706928155373
6 16 14 20 47783 0.9127431848572927
6 7 1 20 45377 1.0899821753432115
26 13 13 20 57482 0.9095142198809698
24 27 24 6 68043 1.015203666105172
15 10 19 1 41606 0.9371291363641732
19 23 6 0 102105 1.0101549601567652
4 17 16 24 59939 1.0984899528463838
7 24 17 18 51635 0.9952397324867354
22 14 19 7 43380 1.0068700143978122
12 4 3 16 47070 1.0854011110895647
5 14 5 29 42562 0.9922688605290015
11 5 14 24 78016 0.9702292463451088
4 24 16 10 63374 0.9679808263969369
6 3 8 24 72911 0.9382287376890462
28 17 19 8 53946 1.001719791699222
21 21 11 1 84922 0.9026228245155086
7 10 15 26 65332 0.9673907713742791
4 5 27 24 103257 1.029969630373448
22 22 29 18 41688 0.9234101460255236
2 2 4 24 66560 0.9752840365391041
25 10 8 28 90400 1.0682278435823638
18 25 15 15 50399 0.9315063756640857
14 18 23 17 31233 0.998396701294407
20 5 9 26 99667 0.9366381070214262
4 10 22 12 56577 1.090244315791736
25 3 27 14 29467 1.0065347000044211
12 1 5 15 65605 1.0022592415958842
20 17 14 29 37685 0.9862142225337214
24 3 6 15 89498 1.0979502451375571
18 23 23 29 32597 0.9259703620557412
5 2 6 16 65439 0.9413583469179516
21 13 26 21 36667 1.0619404221840878
21 3 8 23 101289 1.0660401743013401
14 28 10 12 68567 0.958105532968739
17 1 6 12 65302 1.0191201545040292
23 14 1 12 66602 1.0762153923711004
10 9 9 27 65620 0.9262570042361639
4 16 22 2 91218 1.0428084126430284
25 4 3 1 76020 1.002225916557641
3 21 16 18 48753 0.9208282156882471
1 10 7 25 38274 0.9165986721630273
24 17 11 4 69883 0.9838976865974173
19 20 2 3 96763 1.051825155392002
2 24 21 6 81369 1.017908434340626
12 20 22 18 43858 1.061637135900273
5 25 10 0 80503 1.0640485948605043
14 3 1 3 45848 0.9779997676994436
18 7 20 18 51587 1.0489489636778038
7 11 25 29 85408 1.004341070832291
16 13 29 2 53709 0.923166863176064
3 9 10 19 49970 0.994470352965408
26 19 21 13 28575 1.028259108512072
4 23 18 16 69454 1.0104674330028613
7 28 19 12 74994 1.0420987119022174
14 18 11 27 46690 0.958850134628993
6 27 1 14 38239 1.0545344519821045
22 24 0 15 82491 0.9621464461450487
29 13 23 23 51894 1.000721715053228
2 17 15 11 53880 0.9524686484776435
21 27 10 25 37219 1.0634480525007697
5 20 12 11 58522 1.009328189188028
18 18 5 19 51818 0.9548608177618765
10 3 24 25 97048 1.0642074843226597
24 0 21 28 86448 1.0245494503559902
21 21 15 0 79204 0.9377256951961159
29 9 4 8 78279 1.017758697989167
7 27 19 27 27898 1.0597426065618265
26 22 1 16 101531 1.059880962794907
22 18 10 2 77424 0.9187375092177202
21 23 6 2 101523 1.0461656116182685
13 8 9 29 84886 1.050153047407788
14 3 20 25 74007 1.0589810294871416
20 14 20 4 55509 1.0070303181841491
3 16 28 3 83976 1.0701418819461082
2 25 18 17 67604 0.9755923001953307
7 9 6 0 37189 1.0231422960802299
14 7 4 13 49925 0.9809747656237414
10 21 28 21 90492 1.0195337325241112
0 11 29 23 107619 0.9497262180543885
22 5 19 29 85066 0.9703980886713381
10 5 0 8 34353 0.9186941827069443
22 20 13 4 74371 1.0733903000809883
3 11 17 27 56448 1.0463686809555348
1 26 22 17 66222 1.0011906928556507
20 23 3 22 48809 1.0949636292118712
0 27 6 4 69182 1.0229257218306929
4 7 23 28 86853 0.986245656689034
5 19 25 14 85090 1.0436166119570225
12 12 28 8 56815 0.9654292294012634
14 26 16 9 61243 0.9826016764394776
13 19 0 27 60901 1.037253525646462
20 12 27 15 26769 1.0566161889748744
1 2 3 13 40476 0.9656130200469955
5 6 15 0 35857 0.9823440159430203
3 24 13 26 29947 0.9035832854029937
7 8 10 29 61689 0.9931751526866089
28 0 15 2 41452 1.046445131986713
14 19 6 28 53980 1.005155131049798
5 4 18 19 75133 0.958796979994314
18 15 2 27 70341 0.967290694559896
17 8 2 10 53856 1.0357177858376079
13 19 1 3 81097 1.0110689093668963
26 1 6 11 78686 0.9880227822821903
10 28 22 0 106234 0.9074869331983598
16 27 12 14 66651 1.0651856185804958
22 24 24 14 55952 1.0863488955836094
14 0 1 18 72541 0.9363025550841528
6 2 15 29 92882 1.0391259635434427
26 27 19 10 88889 1.075424503487339
13 13 4 6 46153 0.9053410328465662
4 0 29 28 125112 0.9615753321555132
19 20 15 2 67570 1.0989868040615414
1 24 24 8 106264 0.9601407111026496
21 8 26 25 77488 0.9640256238770459
5 20 24 18 72702 1.0019301729172019
20 22 7 20 58298 0.9526722416955751
19 11 10 0 57394 0.9311228189537955
1 12 15 9 56668 0.9719999341532968
19 28 24 19 35989 0.9438268342225016
4 4 12 24 84930 0.9898352976982839
6 10 20 5 51867 1.0896807575555165
20 11 3 0 82272 1.0228682422748376
25 14 1 3 91991 1.036926167298336
11 21 6 6 78078 0.9757985058177396
20 22 21 6 64248 1.0375346824129643
22 11 17 19 44129 0.911832236265349
20 16 1 17 76157 0.9438799489599087
12 12 18 19 41619 0.9420515268779724
6 14 9 26 50687 1.0728004430318252
9 23 1 26 24525 1.0823347107362011
15 13 29 25 65403 0.9133314477912926
4 17 6 6 38923 0.9574553657843914
4 4 16 25 88768 0.9300239498626375
12 9 25 12 57142 0.9930572656577239
5 6 29 3 63339 1.0380770858538497
25 0 5 17 107006 0.9742573456413298
10 17 19 20 47390 1.085001082186373
10 6 26 19 62995 0.913231084501826
4 2 12 10 47415 1.098088017359583
22 8 9 28 86046 1.0749129753443734
25 13 20 4 39610 0.9875173428543914
6 2 4 25 65400 1.0101263718325075
21 1 0 10 73631 0.9975087317626923
1 20 19 16 78728 1.0702312404226828
14 25 26 21 54888 0.937491087023214
5 9 14 11 43828 1.0301572419685827
8 15 8 29 45288 0.9810885878435365
3 28 28 22 71786 1.0593503428071036
9 20 10 9 61145 0.9346447953059407
26 8 9 21 93591 1.0590276459263774
25 26 16 24 40088 1.0464660292931012
28 22 8 19 82724 0.9377597096730108
7 14 22 22 71889 0.9261848354357166
20 28 8 23 34342 0.9295264403431287
29 5 5 10 71828 1.0274013135073572
22 8 2 14 73979 1.0767223046697696
23 16 19 27 38943 0.9520256756776427
24 14 1 28 88186 1.0615446586973754
5 10 16 25 62315 0.993603581531571
20 27 24 18 33292 0.9834227189675786
16 0 3 26 84071 0.931881772415942
25 7 22 16 44097 1.088610369902185
0 16 29 12 86934 1.0488233673556577
6 14 17 14 38280 0.9987657186963683
1 14 24 15 77411 1.0100022808457376
14 4 1 25 72653 1.034457998772031
13 13 4 12 30630 1.0435573044973836
13 28 11 8 82105 0.9267000710974059
6 4 3 28 63339 0.9036357847254227
25 26 9 15 90400 1.072835033567972
20 17 14 24 41461 1.0063167995382731
14 3 2 9 48425 1.0050732157988587
21 3 7 26 104216 1.04890792737757
12 7 18 13 34973 0.9193621159019932
0 11 2 23 33463 0.9853539335903473
14 1 10 25 92402 1.0894368063186766
1 14 14 22 69644 0.9484842912050488
10 17 5 8 56041 1.010716421933188
28 13 20 26 49369 0.9472242515085264
17 4 22 15 53824 1.0136292048107773
4 16 13 19 50469 1.0106213424760737
9 1 22 27 109967 0.9978044637802308
23 20 4 18 71400 0.9043332720379403
3 17 15 22 55064 1.0058260142141149
21 0 6 6 50078 0.925578348057262
25 2 1 11 89064 1.0243510662313158
24 9 5 9 68529 0.9141460545248189
10 4 19 17 74423 0.9848734015659415
1 2 13 28 82674 1.0053091872448217
26 18 6 22 83300 1.0319909171162909
8 9 28 4 60639 1.0485529238852414
23 27 11 6 91873 0.9827318646605893
28 9 15 6 36777 0.9411819983556962
17 15 18 28 48568 0.9877894413399839
26 29 27 15 47334 1.0702129730533125
12 6 25 2 46298 0.9791715180338614
18 21 8 15 58504 0.9932147832011584
0 24 29 13 96126 0.9372150433817492
21 16 24 26 44008 1.0517617498553378
18 1 26 3 28829 1.0358725273078182
10 6 19 5 26132 1.044037682855656
22 0 29 10 47661 0.9665837093570782
13 9 20 16 50600 1.0054368604242194
5 11 23 9 72026 0.9577647548671864
11 5 14 21 68193 0.9918315857181679
1 8 26 8 74897 1.0886478887332058
8 15 19 27 65739 1.0323270677994612
26 19 16 21 44716 1.034937510310929
28 28 4 6 102158 0.9325453047053598
2 3 4 13 40534 0.9874744781802645
5 28 20 7 89343 1.0515849279786191
15 11 1 8 64669 1.0735421906413658
22 8 2 6 50144 1.0405772865006664
6 3 23 5 54431 1.0536516644442426
15 12 3 11 38181 0.931656944678095
29 27 9 1 114582 0.9656635746170066
21 23 7 24 46927 0.940760300816844
11 13 2 16 30828 0.9832740172320649
2 6 12 16 70306 0.9228137704028374
24 13 8 14 45551 1.0300784243977974
28 22 21 26 36869 0.9692425865990903
0 16 8 0 67157 0.9294531713442192
5 8 28 24 95641 1.0466050068190473
0 27 22 5 93325 1.0831603085601351
12 18 6 28 42266 1.01942045020943
12 3 16 28 88564 0.9444573990918872
19 19 17 2 63179 0.9555172236476982
18 15 2 9 59847 1.0379157569779962
21 23 19 14 37426 0.9916165219811233
12 18 21 23 44186 1.0739303090074026
24 4 16 6 25739 1.0947725289581973
18 2 24 7 39377 0.9777511475643681
15 18 22 10 44391 1.0786498886966305
4 26 18 28 30369 0.9252442499379743
25 7 19 21 64442 1.0404195553809807
19 25 15 11 56977 1.04638736145313
7 7 18 19 67617 1.0027153818715675
21 13 5 11 53112 1.0376852842848112
28 6 18 29 74651 1.0455373214792658
8 6 13 20 68494 0.9833530333430941
27 1 25 10 30661 1.0287094041093334
25 20 21 7 55292 0.9923780218201078
15 9 26 9 45188 1.0381142690364822
22 16 18 24 34960 1.0492607628261794
26 4 23 16 37667 1.0666065243403071
18 6 0 7 39060 1.0564801545694928
24 5 9 19 86502 1.0066322791534303
0 7 5 19 43883 0.9675323529877977
22 0 11 9 50511 1.0604182669592872
19 25 13 7 74164 1.057459341664145
21 28 11 27 21357 0.9193723766337242
1 24 8 1 80151 1.088070077887946
21 18 11 3 68435 1.0020033998503228
1 19 12 20 57800 0.9419944473356239
13 4 8 13 50028 1.0690423976945373
11 1 20 14 61067 0.9250566256442371
19 12 23 20 49146 1.0776769967481399
22 2 4 14 85861 1.0818780589659704
23 8 3 11 70036 1.0513671083017142
20 12 19 29 55774 1.0888938964950923
18 29 9 7 87516 1.0565372744793118
14 14 10 25 63043 0.9781595656679043
28 2 5 29 103269 1.0933048482814725
15 11 17 1 38640 0.9691638459843155
9 11 23 23 85223 1.0491065322000857
26 7 17 9 37636 0.9325373622222316
1 2 13 20 91392 1.0452332455772406
21 26 9 8 92649 0.9460852771642054
23 7 9 0 48403 1.010654105187808
26 9 26 20 28246 1.0536758033489317
7 29 19 17 51282 0.9422834254909959
21 28 8 8 80017 1.0974029380581698
19 16 3 18 65459 0.9937096428868765
19 9 8 11 54737 0.9027387552833435
1 27 3 15 24635 1.084459598400977
0 11 24 23 91662 0.9423690146130833
5 21 28 24 91271 1.0934067041763116
11 5 24 4 41372 0.9007372008619405
3 7 17 10 49085 1.0523026523166121
17 3 23 26 91564 0.9821814712554366
11 3 24 22 91555 1.0277002907179145
17 9 11 27 74392 0.9156937834204992
9 4 17 29 95699 1.00063504480858
9 29 27 4 91078 0.9537771820503443
1 4 23 13 82217 1.044075579707032
12 8 22 12 49772 0.9227658429454967
8 14 25 1 77936 1.0115342213300749
15 15 25 9 55279 0.9115350686692104
4 16 27 17 76732 0.924821588497149
15 16 28 29 73471 0.9871139130226376
16 20 4 28 52074 0.9325297539279749
12 5 27 17 53029 0.9270864245518787
24 2 13 19 84583 0.9871442814204758
23 0 11 16 84118 0.9274391169769768
4 23 10 1 75877 1.0313713399782425
17 6 29 26 73511 0.9628254600759336
2 24 16 11 61623 1.0201757013228288
24 8 26 20 37530 0.9095107413098383
21 11 11 8 59711 1.0403838232168636
10 1 27 14 65014 1.0665871496843973
3 3 26 4 69623 1.0871842906662401
17 18 14 11 31092 1.030821567753526
4 15 29 1 94036 0.935949566785589
17 15 21 23 41152 0.9075525407218492
9 13 24 20 67250 0.949288898426295
1 3 26 27 115152 1.0579742808719157
4 21 19 14 67514 0.9029766095649207
29 27 18 8 86786 0.9057601529978051
24 27 3 26 49596 0.9480496733235126
3 22 3 5 41747 1.0601364713838008
27 15 22 4 32722 1.0285602211561904
18 4 25 10 50012 1.094508044092351
26 13 20 3 43438 0.9099814327865644
2 29 14 11 68505 0.9452508776387004
5 22 26 10 95109 1.0617863499740574
9 5 23 1 54810 1.045297408582895
15 7 27 9 36251 0.9827895658111696
24 3 9 16 89695 1.0453048472419344
3 19 25 4 85514 0.9867687799488187
14 12 2 19 49295 0.9554078162356002
25 1 10 28 94014 1.0122429506049913
16 4 24 11 50822 1.0553106627950164
13 16 21 27 56835 0.9688553024923501
22 10 5 21 87978 0.9057518764100141
28 7 3 21 87076 1.0230088272949565
8 4 23 11 67264 1.0406450420983395
14 3 8 16 66780 0.9618032850653204
20 7 8 4 42974 0.9102432448360301
17 7 27 1 37097 1.004395356662795
2 1 9 19 82805 0.9552408916075472
24 14 8 14 53311 1.0788526950274717
17 28 5 25 25988 1.0451286104952295
7 22 3 7 51198 0.9651981766735798
19 16 24 2 67007 1.0906630697242572
19 2 6 19 90916 1.0572134396972797
24 24 7 0 111077 1.0985626679859737
18 5 0 15 66921 0.9331085200957746
12 16 2 25 59462 0.9710760353676717
28 8 20 4 30726 0.9688091485287526
28 28 26 0 68438 1.0741335549617892
10 10 20 24 76400 0.9519337612031558
15 18 3 3 75759 1.0997759299200527
12 18 2 20 38623 1.0754594635964778
18 15 28 16 37722 0.9060455078622353
23 18 17 27 36648 0.9200978720763942
6 19 3 26 28807 0.9846535496597725
3 22 8 5 49775 0.912441871084514
15 12 0 26 62476 1.0397304983663438
13 1 21 20 80593 0.9255153642860886
14 14 16 29 66655 0.9750079544010389
28 27 12 4 87652 1.0973444485405768
5 23 23 2 106877 0.9801011282048131
26 11 28 24 38007 0.969802540329521
8 15 24 0 86832 1.005527985720411
12 24 16 17 41779 1.0205343222426144
12 15 23 8 67153 0.9808668012632336
4 19 19 5 77510 0.9719119853740096
25 12 8 23 84209 1.045678902950038
18 21 28 23 55600 0.9790372381633397
12 5 19 17 60912 0.9742574799770699
22 21 23 1 68479 1.0003682335197162
25 23 15 18 57946 0.9191259405252151
17 28 21 17 32693 0.9660818655495477
19 21 29 3 73455 1.0091806875724922
29 16 8 8 73437 1.0443670063898323
20 23 27 13 40421 0.9788866301427408
8 2 0 16 61834 1.0491690220115473
2 28 26 5 98849 0.9811064237281625
12 16 28 12 62856 1.053886577853332
10 29 9 8 71899 1.0146070217473562
29 20 4 22 97045 1.056290919984149
7 2 24 17 85090 1.0897066601958592
10 2 29 1 59357 0.9449674477862395
10 0 22 12 64531 0.9997616952879278
19 12 22 19 39876 0.9907958780595515
25 24 10 14 87531 1.0717670613115853
17 22 27 16 52090 0.9203175085651739
16 8 24 24 72362 1.091795304890063
29 19 17 9 61053 0.9395031493847257
6 22 13 15 52404 0.9722326470669951
14 7 28 27 82725 1.0654908262894744
9 19 17 27 53192 0.9391373734068922
17 17 7 25 57820 0.9619052452073398
1 18 14 24 50935 0.9948977347554371
19 12 29 17 39875 0.9112044915048347
21 6 15 14 38113 0.94448224440137
23 2 3 16 87655 1.0508693166170866
21 0 10 24 111179 0.9569954232228955
12 20 15 13 39054 0.9381861611115001
13 11 28 17 57393 0.9003869796568914
0 2 8 15 56489 0.943512059453433
19 27 18 14 43737 1.0891759375769972
25 13 8 10 57459 0.929485985553264
2 28 20 21 45193 0.9589981233009764
14 23 7 9 73598 0.900365053330414
19 21 20 12 42965 0.9914942352804599
15 29 18 2 93780 0.9766825784062679
14 15 2 4 71989 1.0873522384822139
11 5 3 7 26879 1.0340677471156254
13 23 18 12 54056 1.0473908387871727
28 4 0 3 70654 1.0287802031357296
24 14 18 9 40571 1.0474425245341035
3 10 12 25 48192 1.0224580293928283
4 22 15 28 34086 1.0880421188694245
24 7 15 19 63873 0.9400205671522665
22 24 13 12 65471 0.9652557739020691
12 10 3 12 43268 0.9646790580282666
10 3 26 10 59223 1.0144700655316266
14 6 10 16 59663 1.0482151714626171
29 22 0 14 98798 0.9173266564994883
2 21 13 13 46197 0.9648828546337915
21 11 24 26 67180 1.0587318147314009
29 0 7 6 64730 1.0147767377074302
16 22 13 2 64610 0.9908215859243179
21 27 12 16 64365 0.9905119719567292
26 21 27 6 33961 1.057601565643838
26 18 16 4 51984 0.9024797924227602
14 10 1 9 54820 0.9208061995993001
18 20 28 9 54919 0.9263824820774084
1 23 6 9 40395 1.0083639802220148
10 12 28 0 75111 1.0003069227284151
2 28 12 19 53792 0.9324416623165495
21 25 2 23 48551 1.037531731161623
7 1 27 19 83158 0.9681124035276543
18 20 4 26 62088 0.9153381062181268
27 3 21 8 31744 0.9595642763082327
14 9 19 24 64506 1.0865399480591964
12 16 24 19 55377 1.0903470296901325
7 29 17 6 80988 1.08264063693943
4 9 19 4 56387 1.0089137749677075
2 29 17 25 45462 0.9910445976296538
10 29 24 18 59314 0.9408278926505225
24 25 0 11 87507 1.071550327981883
0 26 19 20 60768 0.9250802463874871
9 6 29 12 59423 1.0524995243175126
21 12 17 3 52823 0.9423666505263814
27 4 4 5 58498 0.9056748063945077
19 8 28 21 64084 0.9846929199652894
14 11 28 1 60770 0.9169220982913701
21 12 15 8 39830 1.0203048813307705
11 19 20 25 48917 1.0866784983188427
2 23 22 29 45796 0.9206267765005698
27 20 9 5 69840 0.9195149921756259
23 13 15 29 61100 1.0961135947004477
25 29 10 17 78848 0.9506281498665766
6 20 7 3 64977 0.9031326956442046
27 2 25 11 27025 1.0583039160421692
24 4 4 22 92320 1.0354013248837164
9 12 0 27 51466 0.9607799577372088
2 1 28 26 123995 0.9175028269069038
27 8 4 26 90716 1.0087252403262768
0 14 23 5 76558 0.9261473021109428
5 26 22 13 72100 0.9087817982736185
22 12 22 2 48124 1.058474226349414
6 18 12 24 41213 1.058981768159115
13 8 10 18 63343 0.9219996127065501
23 3 10 6 43459 0.9605736009118965
15 24 6 23 35126 1.026665526193885
20 9 8 17 69793 0.9839367364666339
4 4 21 8 59972 0.9899924288234341
7 14 4 21 35303 0.9298027466718748
24 24 6 11 92566 1.0894859075656371
16 13 21 7 36619 0.9725575806595361
0 20 6 11 43670 0.9802379254101012
8 27 19 26 31925 1.0331324149126748
7 23 19 3 100296 0.9906370086003984
22 1 15 23 83956 1.0241218733241158
21 1 18 10 45028 1.033895154870825
14 29 21 17 41183 1.0969486784723392
13 24 19 12 61404 0.9716008799392561
19 4 15 28 89685 0.9225933479729033
29 16 10 9 67325 1.081237516531092
10 3 26 3 56574 0.9956380396493206
19 18 22 10 39999 0.9195130182701033
8 14 20 17 53532 1.0339011170934251
8 8 12 29 72506 0.9414169612130129
17 11 5 8 49259 0.9534043803001295
25 7 17 5 30689 1.0209769717413604
19 1 1 5 62527 0.9754751345729602
28 9 17 16 53879 0.9541158351692682
18 3 19 29 90168 1.0486604152927925
4 21 15 7 72251 0.9751404535088445
18 4 28 20 57786 0.9170313485303775
19 26 21 8 74137 1.090588165747758
14 26 7 15 57788 0.9778246550659082
11 8 10 18 65224 1.013771360326235
12 12 2 8 47807 1.0446640669998983
22 23 22 7 68265 1.0087107729412939
3 14 22 0 80872 1.0477671735413434
17 4 7 20 78957 1.040537883969025
25 8 1 16 93418 1.0639675474745676
3 11 12 29 49889 1.0559549480753334
16 28 24 18 41748 0.9038902895211409
14 10 26 13 45181 0.95866780837964
3 20 6 4 50886 0.9056458794033614
4 1 14 16 86645 1.022945778483927
11 15 2 6 56260 1.0660266306969859
20 19 26 4 50113 1.031188769877554
4 8 23 23 104255 0.9147172626302492
9 12 11 1 53431 1.0977384882711978
16 12 22 23 53830 1.047137056345183
25 25 16 2 89071 0.9691811020323208
5 17 14 18 38030 0.9406618600147656
22 18 29 8 41132 1.093159756068493
23 15 10 24 76018 1.073004349502685
6 16 21 15 66821 1.0469839695208467
21 29 13 1 97042 1.04285526766474
15 20 15 7 46160 0.9148327225699969
8 20 21 14 63172 1.0124632223780374
15 9 28 10 50746 1.00027336769171
14 28 20 18 30889 1.0458439526636596
0 24 3 6 54092 1.0560905707443342
9 25 16 21 37622 0.9720096579664925
20 10 27 17 42666 1.0561224461864924
1 4 16 4 48881 0.9684561672449785
9 7 24 5 46249 0.9407129432092625
21 24 21 12 47701 1.0400538967745705
6 26 9 16 44538 1.0208580458689411
28 7 10 3 50701 0.9683710257802651
13 27 20 12 64139 1.009364084199178
11 19 29 19 69788 0.9676255801326986
21 16 6 28 58688 0.9567824377793153
1 0 20 16 96661 0.9967887109964927
24 10 11 25 94311 0.9506508669628435
14 15 28 0 68217 0.9770474979214135
15 29 10 1 103187 1.001861681108279
8 8 6 24 55930 0.9264559165372824
12 10 21 16 63805 1.0103990500024882
8 18 5 6 49981 0.9606192045593982
14 10 2 26 64913 0.949560317659301
13 15 24 27 70478 1.0543632803506018
4 4 14 11 52874 0.9585330093708708
29 29 18 10 83602 0.9596655834989233
18 9 27 26 79281 1.0578577905112396
0 17 19 13 59297 0.9910470184022082
16 0 7 23 91869 0.9142996300394142
20 9 25 20 61475 0.9509789884082371
27 14 22 0 39231 1.0820103610420584
7 28 28 10 85565 1.037511177752367
14 2 16 14 38432 0.9482986043722202
12 21 14 3 75488 0.9406509511007243
29 27 16 12 75830 1.0919268805122972
21 11 7 7 63231 0.9402702689872348
25 25 7 29 47923 1.066357468973886
22 10 4 5 61099 1.0055176820210388
2 26 24 2 110302 1.0271190759963826
3 1 21 19 98883 1.0176010269979097
9 1 25 10 78113 0.9449780561270911
13 26 27 0 91762 1.074087894131515
8 7 22 18 76386 0.9467251013198857
2 19 12 22 49358 1.0425989180601287
28 29 8 22 62535 0.936651491794071
22 17 5 15 74010 0.9955465506054751
25 18 13 5 62330 0.9884124894722519
26 18 9 3 72501 1.0813459592612518
8 18 1 3 60127 1.0665540232974684
1 27 8 8 52499 1.0543659479071485
3 1 21 7 64378 1.0573621124306227
13 2 25 12 62607 0.9758068790242911
11 16 10 29 60402 0.903066142424352
27 17 1 24 89241 1.0929250955571146
24 2 22 27 88009 1.040512185380047
11 20 3 12 47134 1.044894301148648
29 27 29 4 65980 1.09592696239583
27 27 22 4 74860 0.9023953496467086
8 10 19 29 77287 1.098062716083722
27 27 24 17 48398 0.919978729992506
23 14 5 28 74956 0.9701845184120279
29 27 1 0 131759 0.9566348168886948
8 16 26 6 75623 0.9828491433667751
12 6 1 9 38154 0.9079391614964948
22 27 27 12 59776 0.9848290244096582
11 3 2 15 57703 1.045208760796798
0 5 13 23 77477 0.9268745727730217
17 17 3 24 63457 1.055809264945163
9 26 23 12 84134 0.996303695598854
25 16 11 3 63674 0.927262179066818
16 16 1 10 49334 0.9840892705485615
23 1 1 5 71076 1.0293866971135839
28 29 3 19 68589 0.945939260192546
9 25 13 3 80787 1.0297056045547106
6 25 1 15 35652 0.9046244332164463
19 17 6 16 61350 1.068592532597449
17 15 10 8 56955 1.0209677012908709
20 4 14 9 36275 0.945827178851232
11 20 3 11 48513 0.9853776323522804
23 7 11 2 39752 1.0612660728478314
8 12 22 10 52119 0.957674305821533
17 0 27 23 78929 1.0552814415751184
25 15 17 1 62039 0.9434176939496955
29 1 12 4 50758 0.9009056400212501
6 28 15 24 30622 0.9085713725964085
28 4 26 26 61290 0.9295246167213056
9 0 27 24 100933 0.975563558932042
26 3 4 12 85130 0.9994610533986695
20 24 1 3 96342 1.0485581202387455
2 12 17 9 53661 1.0647362250369772
10 13 28 28 83156 1.0938465526297834
14 6 5 27 70769 1.011211386294313
7 12 22 1 72032 1.0348584803824565
17 14 29 16 40017 1.0505605264273574
1 7 22 6 50928 1.0074255677824873
10 6 26 13 51120 0.968624902742492
15 26 3 20 40536 1.037824800602694
6 2 25 27 117763 1.0906024405790977
14 14 3 2 70132 0.9172123904653384
27 24 13 13 70423 0.950043244487408
11 27 16 10 66854 0.9250710336883265
28 18 21 11 36504 1.0460226608848184
5 20 10 28 33693 1.080543935213886
21 6 19 21 70187 1.094016748644979
20 26 15 12 50952 0.9629914982976098
6 13 18 14 33418 0.9506335458989039
16 1 12 20 69292 1.0279125402818243
3 16 25 19 80937 0.9138084911507008
13 23 18 9 65308 1.073576161913175
0 24 22 21 73602 0.94586353709371
16 19 20 4 56321 1.0908239433329063
6 10 15 24 64844 1.0612781932412954
14 10 27 29 90783 0.9897937445139358
1 21 21 4 97190 1.0009778240815068
1 10 29 20 90976 1.0513189067842537
10 17 22 16 53216 0.9688333169394563
1 20 6 28 25808 0.9355266295474798
19 7 20 17 53056 1.0135168829256833
28 21 7 21 89444 1.0688830720207871
9 9 29 4 59217 1.029052378163269
1 25 19 12 68978 1.0524139492233577
24 28 5 9 81414 0.9480854875514858
14 1 3 8 45778 0.9093070613468516
23 19 10 8 83427 0.9480349247505527
0 14 3 6 29758 0.9599712283257382
8 26 23 26 42922 0.986976126941282
12 9 12 22 73139 1.0086340770392828
26 3 8 6 52271 1.0182446016467055
16 15 22 2 57696 1.0849086406291677
29 15 10 21 91348 1.0451867877007412
20 19 1 1 100058 1.0858832057942627
25 16 6 16 78343 0.9124628991720084
28 25 15 16 68157 1.0521383297725377
5 3 24 17 85779 1.013844250453992
26 23 15 17 65944 1.017053265843475
1 16 8 13 30829 1.0505471074718784
28 13 8 23 84163 0.9420216202287953
20 6 10 13 41244 0.9433344013780882
20 28 13 12 61530 0.9848675179778936
3 21 19 14 59629 0.9400164545280092
3 1 12 19 88678 0.9765082227790346
27 8 12 26 81759 0.9743840264038628
3 25 18 14 60745 1.001194572790508
3 0 13 19 91633 1.0430029098132014
7 7 28 6 49504 1.071072116539378
5 21 4 3 66922 1.0055937018037882
6 19 21 6 79495 0.9268047130850741
28 29 13 14 85486 0.9512465345936861
8 2 26 0 58456 0.9357824720151312
20 10 12 27 79223 0.9341354206783539
24 17 29 11 30661 0.9130562494952207
9 2 18 6 30989 1.0226533582006962
12 26 17 11 67503 0.9325624369730968
24 8 5 9 64342 1.0861050527585356
6 29 2 21 28702 1.027373882759149
8 0 14 28 95880 1.0867251920675063
8 8 2 16 36449 1.087605554230362
13 12 9 25 63335 1.0062752247946654
25 13 16 12 26447 1.0908905419630563
19 28 9 0 98798 0.9346025914101803
13 8 23 9 48796 0.9664168444541017
10 26 0 26 29851 1.0340832036388843
15 18 0 15 59343 0.9633278766010681
26 25 16 8 77057 0.9413252359986333
6 2 27 12 72257 0.9675418197141866
11 23 4 3 78479 0.9044978688694486
11 21 19 10 74776 1.0026179418958114
29 2 14 2 48916 0.9450441118991377
1 16 12 8 57831 0.9687235409566328
29 20 12 18 65535 0.921449613782879
29 21 11 18 71233 0.9651435044361081
17 8 4 6 36120 0.9202029758222738
14 3 22 6 24910 1.0104284213964938
18 5 16 16 34263 1.0494805668478127
22 14 23 26 50634 0.9555067925724914
23 23 9 3 101742 0.9776847991056317
17 15 4 22 63945 0.921318548197697
26 4 8 13 65227 0.9910196449154369
22 21 28 8 49279 1.069640849067182
18 18 27 12 37623 0.9009581311075278
18 13 22 22 45102 1.0685812916917254
3 1 27 10 78779 1.0810453235408557
4 3 18 1 56191 1.0727651522924253
17 3 4 26 85933 0.9267950260329322
5 15 16 13 42066 1.0411714149654074
6 24 18 27 36460 0.9908538963371365
26 10 3 9 76665 0.9689839274835204
29 17 6 14 71283 0.9364740803575561
0 20 9 19 43232 1.0316288390464952
3 12 3 2 37720 1.033551040149404
18 28 26 4 73116 1.0335544852126335
25 5 29 18 38513 0.9151437954805123
19 15 3 5 69659 1.0928296662666455
27 8 6 15 71786 0.9280910454605698
13 4 25 14 62743 0.9767509092657245
0 7 6 18 39461 1.014908380641348
22 18 5 8 76886 0.9201146181022434
25 22 12 13 68639 0.9918462286742487
21 5 10 3 37808 0.9074922058267194
13 4 11 14 50683 1.075334245456424
24 9 1 25 96633 1.0384473877673646
10 2 10 24 94928 0.9184179597823865
24 6 12 18 62620 0.9084660487651448
1 4 27 16 84519 0.9623033706892593
1 0 26 29 115047 1.0021993623661098
27 13 29 29 48134 0.9968376434508089
17 25 17 11 59457 1.0414607954862316
5 0 19 1 43231 1.0114869291947535
29 14 21 10 43481 1.0132901343331677
3 6 28 8 58578 1.044873299426557
27 15 1 14 73878 1.0065409033637718
12 6 3 3 31205 1.0985703652551928
28 20 4 19 93201 1.0244639778690772
27 7 1 12 79479 0.9577029207904346
17 22 23 5 70512 1.0393961830298197
2 2 14 27 91191 0.9351211027928161
13 27 26 29 34460 1.0618149565351092
17 3 4 12 66056 1.0262917788997128
21 25 19 6 70499 1.0772809822046074
12 1 13 27 91194 0.9754903198863908
18 18 24 12 43711 1.0232692138298238
0 13 24 28 76881 0.958873304942539
4 26 28 7 97001 1.0448710632746638
2 2 24 6 66013 0.9689935093658255
23 27 17 20 47195 1.0934827167852763
14 15 19 9 39599 1.0912499127570348
9 5 25 12 64951 0.9678280143567348
22 5 6 10 53022 0.9870023926496385
1 14 22 17 74743 1.0623617090483464
27 3 5 14 79763 0.9368627416762885
24 29 21 4 85805 1.0723591043814409
17 11 3 18 51108 0.9224652501778655
2 9 23 2 80030 1.091717983688508
2 20 22 0 95701 0.9054323305251551
12 14 24 3 71089 1.0781385937518433
6 13 25 14 54449 1.011814775981162
19 3 14 17 67284 0.9104338244895815
11 1 26 24 96910 1.0825911723995583
16 4 13 24 71753 0.9922607531562359
9 21 24 14 82818 1.0748352002181845
22 5 3 1 63396 0.9345599716948393
27 17 28 0 32422 0.9712456422085527
15 15 7 11 38448 0.9806934477484415
9 6 0 14 41171 0.9412385569414673
0 9 21 10 77084 1.0844721313476486
27 28 8 9 100808 1.0104145821207284
5 21 28 27 86254 0.979493176567766
9 8 29 6 56691 0.9797753122403033
21 2 7 18 90261 1.04967459165219
24 12 27 3 28188 1.0595247171976003
19 5 8 20 77513 0.9814918078106755
20 1 0 11 73727 0.9820225715398077
15 21 24 9 69784 0.9048556763079835
20 14 28 11 33381 0.9225431044441539
16 3 22 28 82925 0.9948881941958362
16 0 6 25 88129 1.0385734026199676
24 8 17 16 62007 1.0443892309408955
1 22 27 26 78112 0.9501910681965653
21 17 14 24 44959 1.029118877655006
27 17 6 22 85932 0.9405450812630735
2 17 9 5 50942 0.9759466833434549
18 10 12 26 74779 0.9822435018980502
11 8 22 22 84090 0.9103149642535587
21 26 27 2 69951 0.9712822518876858
18 7 28 26 72336 0.9834462504353239
18 6 3 0 48318 1.051908272677884
20 3 20 19 73409 1.0119568424233292
14 26 20 10 80060 1.012646121332867
26 12 1 18 76829 0.9127909587295533
21 29 29 20 51308 1.0977372532668452
2 25 21 15 68693 0.9031186855996184
0 4 22 1 68744 0.9163095373320309
20 17 18 28 27343 1.0949450261258455
4 21 20 18 69186 1.0377747386320015
21 27 5 21 60017 1.0705350261098712
21 12 9 18 55240 0.9589933669011986
19 4 10 21 91585 1.0276917516945248
1 17 18 23 74057 1.0596176297072417
28 28 0 2 115276 0.9599164993193622
4 19 24 1 100249 1.0303709539020791
22 29 1 23 49234 1.0018681850203945
5 9 15 12 42968 1.0343632167764176
23 29 12 25 35650 1.0426175355368015
23 4 6 27 100270 1.0534271588254314
26 17 2 11 77682 1.0764835635745482
7 24 12 13 53328 0.9466323774464378
13 22 20 16 44961 1.0899176542011495
27 19 22 11 29639 0.9310515747662425
24 6 5 13 62708 0.9035789349736598
28 8 4 26 94464 0.9771905556773723
20 6 6 10 44851 0.9943364373090688
25 18 7 14 68466 1.0400075682435577
18 11 7 10 45992 0.9948814450100087
26 15 11 8 64421 0.9088014530092655
27 14 12 13 38449 0.9997874851457937
11 7 13 21 68790 1.0887580964281733
0 16 9 25 40446 0.9491409676536385
19 9 17 17 42204 0.9204817216897007
3 14 21 20 69943 1.0723012196526687
0 0 28 8 80537 1.0061622543022914
10 5 1 29 77861 0.9493157362970676
4 11 27 19 77232 0.9045198347907828
12 25 20 7 83356 0.9193028087376758
0 9 21 16 77457 0.9315767808473399
16 1 25 22 80702 0.9043072545070359
6 14 17 7 51745 1.05087937333699
0 14 24 10 84529 1.0725310400903612
9 29 22 25 37737 1.0363923040916692
21 1 15 5 30592 0.9752780000913769
27 7 2 5 60826 0.9663339971766377
0 23 21 21 68014 0.918567431253585
16 4 28 6 30852 0.9909789933818366
9 13 22 16 44082 0.9882528296869594
9 19 21 11 66935 1.0862908507187738
7 3 14 22 86409 1.022269988573158
20 5 3 22 77215 0.9060776391215162
10 17 5 29 48372 0.900435749617679
22 21 29 29 45999 1.067310277293571
6 24 3 17 24770 0.9725216123084928
29 6 18 28 72676 0.9780005707309531
26 25 10 8 100264 1.0018905329835937
17 5 2 19 72305 1.0816408807239952
3 5 28 9 66316 0.994590841803692
22 13 20 27 44307 1.0148855756527018
26 15 11 12 52312 0.9308659367383354
2 12 27 24 95265 1.009210490549459
11 14 7 4 50168 0.9839994290938066
7 19 29 9 88963 0.9974031498566339
20 11 24 2 59737 0.9775674043301654
7 14 26 20 71063 1.0476440119295185
5 4 16 7 33222 1.00685217871123
0 2 9 5 34285 0.9885220317563879
4 2 18 27 97320 1.030043765832071
5 27 16 15 64290 0.9087368447284655
4 17 18 10 63316 1.0830361282761773
0 13 4 25 29517 0.9441406091990993
3 22 17 15 59597 1.0327166830483179
1 22 9 0 79477 1.0608277371906674
24 29 25 2 79275 1.0503060214569733
0 29 12 5 76966 0.9914773199573029
15 13 2 16 40305 1.0300666430267191
6 17 18 15 58730 1.0408263539076663
13 9 29 21 75924 0.9890306174390799
9 5 24 27 102767 1.0734057181723449
18 14 7 26 69101 0.9845331702629907
17 26 24 21 42957 0.9156130111751472
25 9 17 24 72221 1.0394643855105854
28 12 8 29 80355 0.9218279720015441
0 22 29 5 109258 0.9640352156195429
24 3 18 12 57403 0.9573241697426419
7 16 1 4 56458 1.0465508747064702
0 20 1 6 42492 1.0005942267653978
5 12 8 21 44737 0.9112315218139538
16 1 3 29 86098 0.9915715463878936
22 1 25 10 43461 0.9996252322555648
8 9 23 6 45002 0.9356902399930651
6 4 9 22 78803 1.0945201435533425
21 29 18 13 52440 1.0508465207869158
29 28 15 16 81563 0.9557264470822493
27 11 12 18 57505 1.0999152257857057
5 2 19 19 87718 0.9942683894459651
18 9 10 16 57259 0.9530558548123331
16 20 17 1 58592 1.0220091754639347
16 22 29 8 69078 0.9447882295128658
8 1 5 16 70281 1.0554257511543907
2 3 15 0 48855 1.0138086238340318
21 23 12 2 80638 0.9438894334504726
27 19 4 19 86541 1.0093747224111358
17 9 28 2 46210 1.090292272535042
9 29 2 5 68358 0.9661989878603879
2 15 3 0 55657 1.0349335088151315
14 2 4 5 39031 0.9945375165336179
27 28 1 26 63193 0.9188344714677528
0 25 12 22 41220 1.0332348488270031
20 14 28 16 31104 0.9984632344580388
0 27 0 2 63799 1.0175358852273155
3 1 3 13 42778 1.0387721738201725
12 26 28 21 68755 0.9936713892781504
28 22 0 7 94832 0.9719670631693192
1 10 25 25 87300 1.0302467247060347
10 26 21 25 39265 1.025065571627494
1 19 4 2 65082 0.9880595634505553
12 25 18 12 59885 1.0499812008218332
21 5 8 5 38492 1.0975472414174616
13 28 15 1 93537 0.9054920122817902
27 24 5 23 77462 1.0865971713660212
9 18 10 8 61388 0.952790858480032
3 8 13 23 65370 1.0060183397717979
20 13 25 26 56038 1.090132726993114
17 6 8 20 66228 0.9809340230011456
21 29 2 0 103184 1.027367824772942
16 29 6 21 47826 1.0042543387897978
24 29 19 0 98885 1.0240985298885632
1 4 27 4 71389 1.0578710143825187
27 23 14 16 77019 1.0037920464363503
15 22 23 25 37797 1.0479702939245352
14 12 17 2 39671 1.0410813221147197
10 6 8 21 65135 0.9722627592647539
21 1 18 18 68496 0.9197385330340527
0 16 17 21 77641 0.9693941742921314
24 9 18 25 72324 1.024692598396498
15 16 16 29 58383 1.0971360466650495
5 18 29 15 86915 1.0014418277489132
3 19 9 0 64995 1.0015868423633199
15 16 12 26 55096 0.9668022368007357
29 26 14 19 69937 0.9929488331706378
11 6 26 12 49146 1.084553455713542
21 18 17 2 64708 1.031058668063051
1 1 3 27 64521 1.019445724037144
17 13 5 25 58158 1.0224107346423046
