3781 4761 4766 3051 3403 4610 3017 3345 3320 4471 3891 4457 3846 4178 2566 3604 3417 3085 2915 4258 3779 3811 3636 2907 2829 2538 3506 4512 2549
5401 5443 5403 5637 6859 5406 5332 6810 6829 6476 6835 5814 6198 6765 6698 6679 6332 7098 6799 7107 6415 7011 6646 6730 5505 6300 5022 5265 5284
8155 6306 7066 8034 8396 6497 6328 7551 6285 6979 6836 6515 8405 8306 8039 8361 8538 7717 7107 8179 7288 7994 6367 7144 7402 7808 6716 7286 7288
6850 5977 6319 5710 5803 5320 5670 6651 6987 6280 5574 6679 5982 5426 6832 6074 5810 6950 6523 6272 6614 7046 5295 5508 6723 6583 6099 6291 6372
4813 4496 4706 4398 4191 3089 3358 3433 3570 3091 3398 3789 2676 3903 3647 4722 3608 3953 3353 4612 4654 3096 4573 4863 4613 4555 4824 3145 4770
8760 6740 8318 7545 7892 7068 7070 7639 7402 7444 7766 8800 7226 6715 8874 8310 8797 7350 8550 8457 7286 6959 8687 8841 8279 6991 7800 7603 8764
4327 4813 5587 6467 4899 5864 5047 4426 5508 5395 4343 4491 6200 6091 5390 5365 5066 4653 4370 6024 6108 6021 5099 5248 5135 4488 5434 5413 6303
7535 8066 7225 7996 7747 6511 7380 6891 7802 8003 6658 8188 6440 7304 6586 6408 7611 7052 7868 8275 7765 8040 6835 6257 8431 6368 8153 6307 7768
5526 5052 5269 6030 5325 6629 6067 4992 5180 6427 6802 6154 4909 6504 6897 4912 6545 6986 5044 5413 6797 4963 5559 6644 6347 5811 7017 6997 6805
2750 2964 3073 4296 2439 4488 3116 2758 4293 2499 3509 2597 4446 3183 3455 3184 2515 4062 3458 2485 3518 2964 3426 3720 3261 4162 2837 4099 2411
3949 2554 2128 3413 2659 2705 1964 3536 2019 3178 3905 2802 4001 3296 3696 2863 3945 3945 1953 2845 4085 2891 2846 3750 3213 2629 3430 2746 2811
3540 3621 3704 2422 2277 1812 2730 1936 3763 1965 1779 3549 2673 2897 1756 2025 3171 2670 2970 1733 3158 2123 2708 3398 1539 2233 2951 3134 2124
5144 3682 4255 5848 3580 4859 4570 4469 5513 4696 5247 4318 4762 5440 5425 4658 4904 4270 3969 5766 4614 3921 5361 5559 4423 5394 3673 5662 5750
6363 8038 6862 7712 6968 6100 7288 7472 7705 7786 6738 7824 7338 6911 7185 7124 6990 7818 7846 7077 7614 8217 6611 6765 7295 8306 6798 6134 7075
5523 4618 5132 5909 5362 6129 4889 6672 6455 5640 6069 6194 5729 6282 6181 5803 5530 5399 4842 5793 4516 6654 5128 6431 6435 6360 6597 5497 5121
6148 6168 5188 5337 4330 5397 4992 4665 5498 4641 4988 3972 4754 5917 5500 5839 5021 5614 4507 5934 4604 3998 4171 4411 5450 5043 4698 5037 5217
3392 4851 3308 3427 4984 4978 3309 4723 4561 3337 3025 4574 4073 4845 4543 3883 4993 3015 4717 4576 4451 3905 5108 3507 4644 3158 3810 4645 3106
5450 6464 6256 6701 6566 6797 5706 5726 5679 6219 6925 5910 5687 6365 6823 5301 7142 5926 5900 7062 5980 6500 5766 5449 6183 6478 7079 5783 6678
3429 2774 2943 2502 3522 1709 3175 3178 2446 2788 3166 1730 3880 3480 3375 1738 2691 1808 3710 2848 3509 2532 3255 2868 2809 2125 1938 1736 2563
4486 5519 5733 6427 4545 4902 5903 6254 6349 5321 4724 6154 5079 4419 5601 5393 5422 6203 6549 4963 6544 5165 4502 5293 5793 6197 6489 4583 6388
1562 2077 2936 3515 2526 2521 1980 3399 2163 2243 3192 1672 3509 1523 3108 2789 3046 1915 1725 2160 3010 1930 3754 1757 2430 3044 1676 3745 3476
1760 2609 3042 2703 3481 2304 3418 2981 2923 3664 3635 3623 1740 2073 2281 2746 3714 3146 3396 2259 2165 1546 2393 1873 2076 3519 1492 1872 2865
6987 7213 8671 8279 8446 7197 8663 6554 8613 7790 6727 8220 7859 7503 7062 6986 8460 7368 6777 6433 8315 7061 8064 7034 7671 7756 6673 7451 8677
2355 2219 3040 3290 3599 1934 2623 3511 2624 3784 3533 2940 3038 1913 2731 3754 2040 3070 2517 3469 2528 2372 2569 3127 3778 2511 3546 3826 1964
6049 5752 4825 6324 5168 6999 5396 5041 6920 6696 5499 5675 5349 5403 4931 5040 6595 5086 6716 6917 6251 6883 5478 4845 5115 6312 4822 6363 5560
3576 3662 4106 4116 4300 3357 3576 2613 2947 4293 2351 2730 4481 4342 2480 2702 2436 2298 2482 3571 3122 2904 2419 2674 2805 2565 3804 3311 2783
7327 8453 8291 7081 6933 7565 7419 6813 8489 7362 7688 7320 8266 8831 8153 7208 8001 8388 7907 8822 8810 8577 7590 8233 7199 8075 7183 8844 7914
4753 2750 4633 4450 4433 3418 3057 3256 4252 4154 3096 3934 3702 2932 4117 3814 4907 3026 4016 3392 2803 3764 4617 3933 3769 4675 4393 3247 4585
4505 4827 3675 3171 3858 3136 4634 3761 5235 4168 4437 4701 4757 3829 3197 3360 3164 4252 5137 3932 4560 3802 4618 4535 5039 4291 3142 3981 3643
8389 7715 7686 7472 7946 8980 7700 8504 7539 8799 7902 6873 8572 8640 8718 6918 6774 7292 7739 8942 6951 7028 8088 6867 7565 6950 8447 6923 7767
6695 4724 5845 3308 8259 7332 3024 2894 6763 6528 4473 4666 4216 5665 4711 5475 6834 6475 1390 2604 5580 3687 7744 4150 6245 3063 5254 5634 6190 7059
7296 5365 6628 4294 7543 7848 1618 2044 7643 7172 2962 5654 4055 5712 6541 6713 8352 6757 1703 2018 6395 4341 7564 3475 5895 2112 5106 4481 6447 5205
7936 4498 7306 2933 7810 8256 3085 1648 6369 8569 2500 5907 4097 5478 4863 6081 8257 7428 2265 3547 4985 4210 6639 4037 6695 3088 5834 4601 7776 4950
8497 4773 5749 2408 8046 8115 1786 2655 6791 8062 3842 6357 5408 5181 6729 6652 6893 8481 1158 2626 5303 4185 6075 3520 5195 2669 4523 6107 6822 6435
7865 4438 6591 2879 7362 8010 1881 2028 7165 7371 4253 5452 5109 4341 5725 6707 7526 7466 2994 1738 4593 4488 5804 5079 5185 2151 4559 6058 7216 6093
6932 4438 6714 3534 7318 7039 1810 1759 7499 6782 3977 5122 5443 5275 4526 5903 6670 8274 2171 1490 5693 4825 6543 3634 5504 2614 5955 3881 6392 6651
8205 6304 6237 3280 7736 7322 3385 3519 6390 8440 4544 5137 4599 4204 6020 5939 7347 8257 2265 3253 4322 5035 5953 5063 5312 2191 6325 5415 6852 5763
7657 5960 5346 3740 6845 8362 1822 3372 6875 7023 4435 5278 5737 4171 4653 7410 6852 7372 2307 2397 5370 3777 5558 4021 5017 1313 5754 5640 7831 6034
6598 4746 6386 4098 7205 8748 2091 2797 6313 7753 2814 4635 4745 4163 5378 5873 6994 8573 1182 1639 6383 4859 6125 3835 6022 2904 5557 5792 7308 6542
6627 4933 6408 4410 8280 7486 3665 2527 7444 8553 4281 5728 5796 3799 4702 6819 6614 6915 2606 2366 5719 5494 6541 3640 6631 2334 6341 4974 7266 6231
8654 6021 6552 3166 8475 7470 1989 2257 6393 6689 4725 5450 5007 3593 5061 5416 6628 7546 2718 1551 5167 3797 6059 3256 6469 2470 6553 5134 6774 6722
8393 6591 6063 2763 6597 6708 1513 2868 7277 8580 3006 4834 5640 4567 6316 5697 6818 7459 3172 3439 5310 3768 7088 4806 6346 2942 5212 4025 6774 6556
8270 5966 6633 4359 6954 8290 3105 2599 6521 8546 3551 6050 4675 4141 6726 7624 6930 6725 2014 2087 5958 4948 5856 3776 5325 3005 4964 4993 6021 4926
6628 5041 6554 2505 6981 8066 1854 2531 6659 7380 4393 6735 5130 4687 6575 7073 8649 8452 2052 2884 5743 5318 6085 4220 6077 2822 5990 4111 6888 5618
6692 6050 5726 2932 6558 7458 3392 2072 6920 8218 3404 5787 5210 4893 6665 7367 6971 7683 2936 3190 4651 4628 6870 4856 6200 3082 4664 5089 6698 6599
8151 4341 6744 3682 6434 7538 3481 3543 7700 8652 4069 5290 4051 4432 6550 5835 6597 6859 1838 1754 5922 3989 7119 3194 6820 2775 5213 4670 6086 5117
6862 5810 5832 3645 7376 7746 2730 3837 6303 6895 4716 5146 5572 5715 4634 5365 6893 8401 2752 3742 5921 5054 6732 3087 6733 2297 6668 5393 6033 6271
6865 5106 5165 2631 7912 8459 3066 3479 7059 8466 3383 5967 5723 4801 5395 5625 7979 7891 2221 1887 4943 5623 6314 3852 6046 3311 5553 4851 7502 5452
7774 5331 6186 3684 7315 6758 3106 2865 7671 7070 2494 5555 4937 4414 5508 5474 8718 6850 2712 2817 5576 4247 6696 4186 6367 2105 6478 4985 7666 4886
8390 4366 6476 3991 7779 8183 1985 2917 6380 6561 3340 6691 4074 4947 4631 5626 6445 8298 2056 1582 5075 4956 7745 3074 5062 1361 5216 4927 7321 4923
6738 5112 6027 2749 7286 8357 2899 3069 5852 7351 4460 4629 5516 4281 5024 6757 6645 8184 2895 3069 5126 4725 6489 3989 6778 1828 5311 5913 7161 5962
8035 6377 5823 4119 6540 7319 2346 1706 7476 8637 3057 6224 5294 5323 6358 5809 8142 7864 2699 3063 5636 3832 7805 3772 6214 3373 5728 5454 7229 5193
6674 5033 6271 4273 6435 6963 3514 2907 7002 8206 4182 6173 4962 3630 5734 5874 6583 8333 1892 1581 4938 4905 6817 3139 7131 1521 4601 4541 7308 5325
8066 6007 7239 3159 7634 7773 2818 2578 6824 7493 3974 4668 5095 5347 5890 6479 7813 8556 1558 3387 5863 5131 5559 3070 5041 1951 5527 5800 7119 5004
8106 4737 6747 3861 8671 8927 3113 3512 5971 8683 3939 6089 5909 5801 4622 6078 7084 8253 1274 2820 4514 5202 6097 4592 5811 3325 6406 4640 7825 5725
6560 5792 6310 3327 7422 7621 3667 1942 6510 7382 3533 6026 4878 4465 5456 5514 7349 7872 1447 2750 5741 4993 5668 2968 5168 1403 5397 4529 6038 4849
7817 5267 5769 3225 7135 8241 2162 3777 7250 7970 3318 5498 5589 5399 6503 5457 6617 8476 1788 2165 4656 4694 7830 3830 6804 3336 6545 3936 6935 6022
7984 5979 5407 4204 8446 8716 3382 1921 6194 8694 2650 4791 5877 5096 6600 6371 6836 6756 2084 3103 5761 5641 6269 4181 6556 1446 6037 5904 6354 5382
7426 6396 6512 2663 8387 8310 2616 2841 7083 8123 3096 5797 4815 5495 6602 7209 7425 8171 1151 3398 6281 5356 5665 4473 6628 1867 5601 5805 7477 5900
9 3 19 6 36334 1.0311362237150712
0 20 12 14 45870 1.0474008136725645
17 19 27 22 35080 1.0818664458044471
19 28 13 7 80738 1.0878056445371702
28 6 14 21 81012 0.9265382510005142
3 26 9 5 83242 1.0322103855460094
18 15 5 4 76081 1.0585533617016925
28 3 16 21 84951 0.9519055396192742
22 18 17 28 37002 0.9060412556148241
12 12 4 8 40287 0.9973355379253059
10 25 11 2 61228 0.944567492336726
2 15 15 3 79265 0.9841505223690291
17 27 0 27 59940 0.9468215237993176
25 20 14 27 51723 1.022151734693944
29 23 4 11 104562 0.9147385159849442
11 21 12 0 61130 0.9787947540521043
15 1 1 22 105749 0.9576691668534529
0 7 9 9 29767 1.0051834094438252
3 24 12 3 83186 0.9699477305267944
4 21 22 22 63926 0.9293065800030725
2 14 25 28 102474 0.968236366050787
28 15 2 6 100096 1.0372873605536939
1 23 5 11 60815 0.98882353346728
12 19 2 25 39832 0.9813300789751271
6 3 24 1 71293 0.9612654661093853
20 16 8 17 40206 1.071067034924227
4 1 2 14 59665 0.9104813794764511
12 15 1 13 56267 0.971458797023117
12 15 26 12 66348 0.9454099162287016
20 7 26 19 44109 0.9907908259989643
5 16 9 4 61029 0.9409820653404909
1 3 14 0 59642 0.9871341333833729
29 24 6 23 72910 1.0960776420063216
23 12 3 17 70136 1.0313889163550474
8 13 27 10 78375 1.0558780039823392
10 11 9 2 30862 0.957065014844323
11 9 15 2 32687 0.9074274969057655
19 10 26 2 47709 0.9056758749377517
9 9 1 6 27645 1.0748349168168736
25 6 6 11 71088 1.0559732943580897
21 20 13 14 51056 0.9314796777002837
9 2 18 16 65257 0.9638890173473751
15 28 2 18 61740 0.97657608005635
12 5 8 25 62623 0.9619736409505755
29 17 27 3 64569 1.0388518708836225
19 26 1 23 64617 1.0025418312689494
2 25 27 22 74326 0.9699108854564127
24 11 25 26 49528 0.9055101877118243
13 29 2 20 64900 0.915688424247087
5 19 22 10 65690 0.9761257461745039
0 23 7 3 89434 0.9432318597080425
26 23 17 13 50445 1.00356436883624
13 26 9 9 62063 0.9503312500716345
25 13 4 9 85160 0.9258705246657846
12 10 26 27 83453 0.9766181115047636
2 4 9 11 46928 0.9577383958158417
3 19 22 2 92498 1.0825107791828235
22 27 19 11 51824 0.9517267128902085
12 1 10 20 55491 1.055836851494901
5 22 15 12 71131 0.9957030806776009
6 2 20 16 80602 0.9014921277622163
22 1 28 11 51619 1.0773296876627119
22 24 1 2 116772 1.0053809178089528
7 20 19 3 80670 0.968981585876078
5 17 16 27 57638 1.0315197838396637
25 5 29 24 76200 1.048326836156996
1 5 29 29 135125 0.9098257024260625
27 6 5 10 76551 0.9100361059677914
8 11 0 4 49325 1.0129077789569283
22 17 13 23 50439 1.0091057261349827
3 0 24 17 115445 0.9930871185312158
22 23 5 22 66486 0.990309819699199
18 25 24 17 31411 0.9476783224211343
20 14 10 4 51266 1.0236431574793696
28 20 1 3 114729 0.9055363626452391
27 23 0 15 86232 0.9142475161520615
18 20 4 8 73419 0.9975064660446549
8 3 19 15 70018 1.078331323136648
3 14 28 25 94116 0.9727713126126976
15 8 19 19 50702 0.9772837139118673
17 13 3 4 73857 0.9730577675491212
22 25 26 7 60328 0.9919605247095966
18 15 8 20 37161 0.9459916205793655
6 4 12 14 50825 0.9119327013495114
29 11 5 10 96479 0.9062243620064053
9 27 29 25 55553 0.9570654065304256
19 20 27 17 24849 0.9519123005200121
13 29 24 11 86340 1.0354939231423177
17 22 1 18 55173 1.0690922554476026
15 25 16 6 69165 0.9562461220874396
15 11 5 8 50876 0.9971080568454456
23 15 15 27 50877 1.0914179571297027
17 5 5 8 48438 1.039723426224435
3 26 16 16 62704 1.026982927869612
27 26 22 16 43916 1.0014452540056196
7 9 24 7 61747 0.9532455254812536
10 17 20 24 42752 0.9669141467734865
12 5 29 10 65780 0.9469609925204756
18 15 0 28 78316 0.9507836607911055
5 6 27 1 77531 0.9579212422648433
12 2 9 23 63723 1.0324953383557731
18 8 6 24 78063 0.981495047935558
4 8 8 23 66455 1.000316190854678
29 9 29 23 70114 1.017614575688694
13 3 0 27 95129 1.032693740728989
3 15 20 27 78417 1.0010608165980754
28 25 7 28 71425 1.0556122525201073
8 25 11 2 66466 0.9245826201605051
29 29 24 17 53479 1.0569574330295186
25 11 13 4 60638 1.0462915811433855
19 22 19 6 49094 1.0603921687632722
17 24 19 1 75662 0.9194138747322093
29 12 7 12 99449 1.058650640500969
23 24 13 5 79448 0.9904347418897647
26 25 22 17 33472 1.0621566092226369
0 24 13 4 91885 0.9361887270706504
28 21 22 28 46646 1.04669164919225
12 0 18 23 86108 0.9105628747985913
29 1 27 13 53896 1.0114163979046265
8 14 0 23 54428 1.0536187955766845
1 24 10 12 67093 1.038171836772904
20 18 21 1 47501 0.9319482104672052
11 5 2 22 75206 0.987258429994737
3 19 8 29 52568 0.9752625939682369
4 18 17 27 58675 0.999954431265444
11 29 17 9 76526 0.9341490729955024
17 27 28 23 40137 1.013367873038376
7 8 23 19 77219 1.0666169548111812
19 23 19 0 68619 0.9334553463774924
24 12 18 28 52207 1.0857528745129514
25 12 8 10 68869 1.0480931755318676
1 9 29 16 113950 0.9657486379908741
3 22 20 24 60398 0.9208821734069425
15 11 23 13 43321 1.0794087027877748
24 18 24 6 39937 0.921177498920826
23 16 8 26 63630 0.9696668293028002
26 17 1 20 74608 0.9683644932024591
25 9 13 15 76635 1.082705214049262
14 15 26 22 59312 0.9678013217075404
7 18 11 11 27554 1.014206174227208
26 19 18 21 27426 0.946785007380848
12 3 4 17 60384 1.0137325703012365
21 5 11 7 32165 0.9917080976665884
11 20 2 2 75847 0.9283536184866727
2 27 18 14 79981 1.0084327124761905
17 2 12 7 35691 1.0810794205839607
8 18 24 5 76830 1.07006266947652
17 1 20 18 54186 0.9231027050676912
18 2 21 21 55524 0.9384727354037157
29 5 23 25 80469 1.0611212185740846
28 11 15 27 77424 1.0016857833704707
26 4 10 11 70592 0.9032935493429793
17 9 21 1 38814 1.0310274876195866
27 8 26 21 52839 0.9935009742921914
26 21 8 4 96354 0.9946802120034195
9 23 2 16 45941 0.9773208554038366
1 1 5 11 54461 0.9510718658570582
18 4 2 0 76754 1.0882338971870635
12 0 10 29 84984 1.0685975374111434
3 4 24 13 88223 0.9360025786444719
29 29 9 1 126377 1.0035404352299002
29 25 5 22 76987 0.9976650239729632
20 29 5 9 103200 1.0601366369310705
18 23 7 9 77617 1.007428671815234
24 13 13 24 65204 0.9790171991471471
20 2 2 21 98855 1.0896996081101054
9 26 22 11 75749 0.9197085080458673
5 10 16 3 54552 1.0311420337667123
11 2 3 18 58530 0.9550011679440445
5 5 13 16 60153 0.9586447715280746
23 29 28 18 40358 1.0258036306433949
27 28 23 6 75424 0.9215646471987057
14 14 27 22 64956 1.0665968393117082
17 9 27 17 52769 1.0485374391727404
2 18 25 16 56471 0.9627472948861706
11 13 16 4 41702 0.9152643698300739
7 2 22 8 66341 1.046171465706382
20 21 1 10 83891 1.0139775652676886
1 6 12 9 38214 1.0316885586422224
14 21 6 2 83395 1.0243115172996065
4 10 3 29 83189 1.0448647945019816
29 2 1 9 108426 0.9292754104888468
23 28 12 6 85141 1.0524650475655102
26 6 8 0 71229 0.9698102776156734
17 11 17 0 44464 0.9467385426421071
28 19 1 25 80555 1.0535250335203465
23 23 7 19 49678 0.9360206587434432
21 6 2 6 48645 0.9963232791358035
28 9 8 5 70994 1.0884350062517227
7 11 27 20 79581 1.0367346144601575
11 25 16 18 29641 0.9852836386638948
12 17 21 20 29904 1.0958156131093624
9 18 11 2 46453 1.0063501158256156
5 20 10 27 44341 1.003192659004333
8 24 20 17 52690 1.0082104549091826
26 28 29 17 49457 0.9272164692351206
10 1 26 29 111614 1.0889975892379447
17 5 4 22 83552 0.953862176927563
16 8 3 14 67159 0.9754704439155687
20 19 7 25 47062 0.9659778842951476
4 4 26 7 65849 1.0297736331941543
19 11 24 17 38383 0.9685296827544225
10 29 7 17 45396 0.969822694187549
20 9 15 17 40190 0.9508760896823333
20 10 10 17 49170 0.9388179364323728
24 4 25 27 77906 1.0403896244049178
23 1 18 7 30169 1.0621401308009406
27 0 5 26 133594 0.9357555115955234
22 0 28 18 66823 1.0107610914937903
6 12 12 1 53868 1.017859427961589
14 11 11 2 37628 0.9600778647312274
29 7 13 5 51947 0.9529855348407966
4 25 12 11 57181 1.0431783630919114
2 15 18 23 73172 0.9817851927773326
2 24 13 21 47620 1.0785098935193913
15 22 12 6 61533 0.9070711772944142
6 18 12 6 43505 0.9177946267365403
11 7 7 25 54834 0.9855238274646135
27 11 28 22 45845 0.9403865983999256
17 27 28 1 101011 0.9209652004036352
22 10 11 29 77693 0.9177934920138636
13 27 17 4 92183 1.0554560313986
17 28 16 14 54473 1.015267017282139
7 25 17 4 87002 1.0798858427360511
8 27 24 19 63466 0.9192816789598481
6 8 28 2 82567 0.9980143802278028
25 29 18 19 42413 1.0191642449109537
7 28 2 13 86665 1.006839122488009
11 21 6 0 78707 1.0902783380633507
8 9 19 4 51136 0.9543684631694491
5 4 13 13 56327 0.9688866669657628
13 3 24 12 59368 0.9138403810972046
27 19 16 3 67208 0.9409988909253688
6 27 22 9 96175 0.9606087491693541
0 6 17 9 57243 0.9331459154209734
21 19 28 15 26088 0.9762437033678314
28 3 23 25 79188 0.9394560918056474
3 5 4 22 65969 1.0377408643712782
3 3 17 19 81211 1.0582055976511593
2 17 25 26 78977 1.0919083096100388
28 23 17 21 48211 0.9426371605195447
1 0 8 7 51596 0.9572844112385319
24 5 1 8 75810 0.9383317136703555
28 13 8 8 85588 0.9425034458114941
11 8 28 18 63638 0.9301014188515466
22 23 27 1 81559 0.9590173078651076
27 21 25 12 32185 0.9763439814912377
5 15 19 17 57708 1.0938373080473653
5 6 13 17 56692 1.033072517342135
29 13 14 2 84625 0.9390835463818359
5 16 17 12 67147 0.9220599490689236
26 24 2 6 106341 0.9916867119713271
23 2 7 0 74159 0.9058979698409808
1 16 11 4 69802 1.0268223698632963
16 16 6 16 40817 1.013835262253315
24 11 22 29 58568 1.066068190813393
26 0 2 9 104832 0.9376540168184452
10 14 13 4 42190 0.9993454073230457
19 7 4 13 62010 1.0608854215301438
19 22 16 2 69517 0.9042976917025374
24 9 17 13 41780 1.0679705479049424
14 15 1 28 82032 0.9145266974891361
4 15 22 1 95033 1.0821677172293773
9 3 20 27 88240 0.917602814437972
29 29 25 14 57035 1.069349374617562
1 24 24 29 76624 0.9963097632007663
7 13 19 1 72043 1.0972933685065982
3 25 17 0 108354 1.0747609476097941
16 5 3 6 36752 1.051752098047141
5 18 22 23 51931 0.9056324158186303
13 7 15 29 83126 0.9030417886292657
1 0 23 12 104489 1.0011431756328741
17 14 8 12 48663 0.9298079684023093
0 1 15 26 111686 1.0957152936693488
6 17 23 15 53834 1.0366520625047333
26 22 22 11 46238 0.9959237641479988
18 19 6 0 91541 1.0961507366213368
21 9 7 9 60460 1.0273189604153083
25 8 3 4 72149 1.0525377390655029
21 22 4 4 86856 1.0131126308180296
18 17 5 16 46260 1.0362723930234983
22 10 5 26 88068 1.0845668780291946
16 27 14 7 75405 0.9826125408212704
28 10 12 14 77832 0.9504453173796955
29 3 0 18 111346 1.0141586060904935
17 27 19 5 66572 1.009946142885599
22 11 12 14 59338 1.0589298227469501
2 3 16 12 69580 1.0633410567820143
26 1 12 24 110214 1.0646972159194097
19 9 29 6 40186 1.028699388183003
1 16 21 11 78577 1.0163492189436245
18 3 8 3 34191 0.9326651650898292
9 6 22 11 53716 0.9502539245715438
22 18 25 5 45330 0.9194038236960222
14 14 16 3 56598 1.076239388339408
3 6 14 3 34567 1.0260688707898957
5 4 0 23 82705 0.9430472232369029
1 24 12 16 59326 1.0083789891592327
11 1 0 23 85908 1.0608670690036899
0 28 11 29 47907 1.017151141371269
7 16 4 6 55206 1.0340133269628984
25 6 28 23 62726 0.946976811732646
17 24 2 24 52242 1.0011211321623823
19 27 29 7 77934 0.9443983383175591
26 27 14 1 104177 0.9644364661035092
12 4 21 3 36026 1.047320473892308
12 13 4 1 59987 1.0753483728602222
24 26 15 21 42205 0.9819612645988157
27 1 3 8 92030 1.0335258869951358
5 14 19 20 63627 0.9612963875484617
14 18 29 20 45400 0.9615234923654951
2 13 11 26 64413 1.0066733223175737
27 29 15 24 50936 1.0013688403170304
27 18 28 28 39154 0.973597604886346
27 27 19 15 54459 0.9802992707964211
17 1 11 8 41387 0.999906494101054
24 20 20 29 37961 1.0602848290535707
10 9 13 23 49697 0.9390784473327779
28 12 28 25 52383 1.0757859068228752
24 9 14 26 76281 0.9774014460771552
22 16 14 29 67805 1.0651823885596965
27 23 9 1 103573 0.9821287172558716
29 9 1 18 98656 1.051959883740902
4 2 16 14 77863 0.9693572326064704
22 20 12 5 70806 1.0156349175511268
11 2 4 26 79290 0.9205299247675752
20 13 26 27 50555 0.9043288701563769
16 27 24 21 38802 1.0578807137888804
2 13 11 18 46735 0.9443514476282737
26 0 11 28 120311 1.0746096433697245
10 18 13 3 47265 1.0995251850543433
24 22 11 9 67604 1.0682441640176872
29 2 23 28 99258 1.0468520752017976
28 23 12 12 78380 1.0651015476165193
14 5 1 1 61403 1.010022952824535
4 28 1 2 110563 0.9249438525800439
6 27 19 11 80005 1.045316087353196
19 12 10 14 48942 1.030232114305288
15 29 20 9 68431 0.9744045291364365
16 23 21 28 24793 1.0109457422759194
24 22 15 5 73670 1.0242090644941064
24 3 28 10 38564 1.076424010450546
11 28 1 29 54035 1.055812246107306
18 18 20 28 29999 0.9545369928460046
12 6 25 20 69629 0.9724499650109258
25 10 11 12 57296 1.063627201314554
2 29 29 27 99777 1.095446697489076
19 28 28 23 41987 1.0419212379224077
1 10 13 21 69636 0.9159875449718542
20 1 22 14 43911 0.9211992878425034
17 14 13 25 50825 0.991937598589459
6 22 25 11 85869 0.9426723449001081
4 27 10 8 73427 0.9611394727256122
6 13 25 18 64520 0.9872745852051968
17 10 18 26 48907 0.9010737145011468
10 17 28 9 76223 1.0458658119750481
2 3 8 22 86057 0.9346150266935649
2 11 17 8 64707 0.9444135542423882
16 10 10 28 67847 0.9120785683747424
26 11 8 14 83484 0.9287917272264478
12 21 7 11 48124 0.9634927390245605
23 26 28 11 58282 1.0595051777286968
25 2 21 19 62671 1.0008373758982756
7 25 18 22 38187 0.9116642160198765
27 29 25 16 46350 1.0122538140153199
27 28 26 1 99613 1.0320253625197586
24 24 11 6 80650 0.956037372868969
12 27 25 24 44628 1.0608665777348207
22 2 2 29 134753 0.9386823490395011
2 9 13 0 67634 0.9235937486155362
1 22 25 20 82533 0.9968069566333344
23 7 7 26 91012 0.9559403600070782
22 0 6 26 112378 1.031001494766508
24 17 24 7 41002 1.0788893373392552
6 17 22 2 88199 1.0611308574646925
4 28 11 12 61322 1.0734274883745987
1 23 28 8 120103 0.9860180028624963
5 6 5 18 48023 0.9031719908854929
7 14 29 14 86536 0.9204889668968551
8 5 19 22 81070 0.9612931717443246
10 25 27 3 103111 1.0159222108519899
19 11 19 29 57733 1.0582800160261536
9 14 3 7 39415 0.9251230893633556
23 16 17 26 37555 0.9772810972851873
8 3 20 27 92338 0.9436767506502609
21 8 0 18 75524 1.0242147969961775
4 6 20 8 46254 1.0186359072851028
4 5 2 23 74082 0.9606008647608051
4 28 3 15 61223 1.0102290367234448
8 19 3 29 55915 0.9641634433467103
16 29 5 10 92270 0.9086227238685581
20 27 29 22 42760 0.9171427891716183
22 20 4 25 57194 1.0515292711778774
20 14 19 26 35182 1.0542919254550285
20 11 24 29 56413 1.0822218452637002
29 15 13 17 58007 1.0961052280460775
14 19 11 12 26572 0.91536362797653
7 12 22 9 73257 1.0704743977097475
29 26 16 21 52095 1.0469543674060846
0 21 12 25 43034 1.0968507578528575
12 9 0 23 69380 0.942122997865255
6 21 7 5 72297 1.0775763593494057
2 7 1 22 66768 0.9708749491046432
3 2 5 27 108754 1.093328599734895
17 19 27 10 49000 1.044066554380307
1 12 14 27 81429 0.9041223071810341
26 22 23 12 37125 0.9370753421152861
0 23 17 28 64917 0.9170955737774301
11 6 23 11 47346 0.911447157930015
4 21 18 28 59155 0.9940871714711845
5 16 28 24 87720 0.9582498506394381
18 10 1 0 84931 0.968462437428621
22 21 19 28 27778 1.0295909833412717
20 1 5 26 104313 1.0182760855257196
18 18 18 3 41188 0.9145249554457707
25 3 26 19 54254 1.018481603879168
18 17 12 10 42319 1.0203777348685796
0 13 21 2 91088 0.9240130916356888
16 15 10 25 44002 1.0182652990175334
12 1 18 6 35424 1.0116023444582933
9 19 17 26 41977 0.9374757185429798
0 9 17 25 88642 0.9520083023304997
18 29 27 5 81828 0.9816565782480865
17 9 28 14 61556 1.0063181057336197
22 12 4 0 92027 0.9474126502922673
22 14 1 25 83327 1.0779773566571151
11 13 25 26 64113 1.0825945361884468
10 12 7 24 52571 0.9299031067564043
16 11 26 15 57851 0.9284818855536598
19 7 0 4 59350 0.9251087337743453
7 10 29 6 74028 1.0052896357646997
15 18 2 12 58431 0.9091386688779766
2 24 8 13 65550 0.9280663805094231
14 11 10 19 40881 0.9544020864100409
28 22 13 1 104010 1.0697739709033989
25 29 15 18 51318 1.0428042651806382
7 0 21 9 71482 0.9822661892573522
17 5 28 13 63238 1.0168494024013928
5 7 25 25 93444 1.0006156283010657
10 14 0 8 51325 1.0281026733632677
6 25 25 0 116645 1.0223780575779613
8 29 25 24 63358 0.9465427591328884
1 5 16 23 92498 1.06202003521366
20 27 6 0 114085 0.9613388067495575
8 16 26 1 104997 0.9146885856640198
1 18 20 26 62932 1.0507876027385241
3 6 8 22 70824 0.9396775795209291
6 14 17 22 65356 0.9004532883827884
2 26 27 9 112200 0.9990758978571141
3 27 17 1 116418 0.9935513764380433
0 28 11 15 62960 0.9831624964634875
2 25 25 28 67112 0.9599635241551948
21 2 5 7 56512 0.9735891173019913
9 29 22 25 47214 1.0322644876261255
7 28 22 1 122802 1.0979512464598242
24 7 13 20 65477 0.97054037191995
23 23 26 14 31659 1.0677468977460463
10 5 8 23 58225 0.9948759829855532
14 5 15 19 58085 1.0966492816567388
18 26 21 8 52672 0.9402046019050759
3 26 13 7 76335 1.0631204819196218
21 0 4 10 73003 1.0473656894330425
2 4 19 15 88240 1.0036785487462854
7 25 1 5 85604 1.0326437124616912
29 26 9 13 83942 1.0951926132383323
16 29 19 19 40174 1.0296001145855393
7 27 12 6 73291 1.040725264167548
17 20 13 12 52328 1.0576058209722037
18 24 23 3 68823 1.0431493279488797
5 18 12 9 41471 1.0084123928889959
20 3 12 0 40510 1.03862434502369
13 2 22 18 71214 0.9190097906787643
20 3 4 18 77097 0.9739832483605015
23 16 1 22 78758 1.0732694279944666
1 18 11 5 54095 1.0185982428886824
13 1 2 3 47114 1.0720874329696224
17 17 7 12 55375 0.9591411005421331
2 29 2 9 92962 1.0226886387489764
11 12 17 4 45160 1.0825384195849337
3 2 22 20 101906 1.0597623857359992
9 10 27 1 78799 0.9176911664460968
2 4 6 17 72730 0.9741122660914234
17 22 5 13 73340 1.0232752084445726
18 12 28 26 59492 0.9544856602371989
1 1 28 17 120860 0.9198297188356194
14 17 29 6 76536 1.0939866341114286
24 23 9 12 69248 0.9418194709759118
19 11 5 26 79688 1.0579936752283785
18 18 5 13 54709 0.9434938682887509
8 25 8 14 44330 0.9282550688954152
14 12 29 10 63002 1.0406713673334096
12 6 2 7 25771 1.0553960332936017
7 9 14 5 39073 0.9766638637974249
11 5 6 25 61567 0.9559484584430804
7 7 14 21 60826 0.9534163325990658
11 8 5 12 40804 1.07024337046249
17 20 5 19 36547 1.0455291712725658
5 5 15 20 72750 0.9244789390838112
5 17 21 27 64469 0.9790876662786174
15 18 23 10 42084 1.0498901261048725
23 19 6 19 42301 1.0779154736787249
17 28 6 13 81978 1.0027077391925432
8 1 10 25 75051 1.0017042629589628
10 16 28 20 56965 1.0914254703466333
16 21 14 29 43599 1.0749590414920083
19 19 22 6 39091 0.9801342938810822
18 0 29 22 91140 1.08214131244249
22 18 0 5 88529 0.965561813961221
14 18 28 5 71657 0.9497275717232138
21 17 2 28 87423 0.9549228766689013
25 16 11 28 60885 1.0795172546838174
9 25 25 11 74106 0.9417708145906356
6 4 24 4 69873 0.9915485621277549
0 9 4 18 40031 1.0610656855881984
17 3 13 13 53500 0.9551707144967665
23 29 14 28 49867 1.043528620495178
13 11 13 0 52597 0.9231302101025329
14 16 23 9 59733 0.9088592910444039
1 23 29 9 122595 0.9127483846710609
14 8 7 4 40727 1.0786620647494063
17 3 9 15 58822 1.0414111103276964
16 28 9 6 79938 0.9737376475381937
19 12 26 29 64552 0.9873758085693729
24 17 28 25 32522 0.957619019500722
8 12 29 29 105154 0.920319348474866
20 26 29 2 93360 1.034899683851282
10 26 27 17 59193 1.0206701447354773
1 16 12 6 67226 0.951618102910878
26 29 13 10 91141 1.0070695893950083
14 0 26 15 88490 1.0903124530292707
8 10 26 4 72845 1.0582758071097418
25 14 26 5 38311 1.0056331074822413
17 29 9 1 101883 0.9869664378650612
22 16 13 21 50221 1.0824622417223275
25 0 18 10 51131 1.0884761642576188
13 4 21 22 73985 1.0655369522242848
10 3 10 28 69495 1.0970889718796146
5 2 26 2 89315 1.015177600873606
11 20 29 2 100814 0.9742312855348413
19 16 14 25 43103 0.9450064474499784
8 3 28 17 90741 1.0518020719779564
8 8 28 10 72410 1.0063284588566692
7 4 1 22 92648 1.0871849495646875
1 16 27 28 100882 1.0476312450318295
5 20 12 15 37686 0.9152953356083595
11 4 1 2 42567 1.0788259540050686
8 10 2 6 31340 0.9679499121852755
16 6 22 0 37644 1.0675194678906836
6 7 13 25 66232 1.015916848015316
23 3 19 21 59538 0.920905406447384
14 0 23 2 50019 0.9176735863901285
20 18 22 2 50715 0.9193059184695027
21 22 21 7 41892 0.908086281424813
24 29 27 16 49333 0.9953345834345497
8 15 11 24 34864 1.0095656474068253
26 14 21 1 57473 1.039053920114097
5 16 2 8 49267 1.0222263555850652
27 3 22 28 91167 0.9320315773724374
1 9 25 3 88775 0.9440939006453931
2 1 25 7 86778 0.9012983369662516
22 10 24 0 41227 1.003090166736097
3 17 5 27 53309 0.9451771339706648
17 9 29 26 78468 1.0860727663773617
10 25 20 29 38111 1.0502518134709202
5 0 12 5 51760 1.0675694279203338
1 6 20 26 95111 1.0880432215911795
9 23 1 18 31389 0.9315534599833044
5 15 16 28 73749 0.9252340222768923
6 28 25 19 75238 0.9188112439341122
12 5 24 26 88155 0.910647438443954
17 29 12 2 96120 1.004267601439736
0 24 8 16 51090 1.0846225829515634
26 24 27 6 64789 1.0845379393913754
4 22 12 16 42112 1.0319968519561682
16 3 17 20 58965 0.904191209031283
21 17 3 12 71954 0.9208557115531847
9 15 24 8 71707 0.9137900809779612
1 12 11 9 51741 1.0549465745434348
20 4 20 28 60817 0.9511546117526076
10 5 8 29 77594 1.0983655590975263
28 20 15 15 52071 0.9129970243370089
22 22 8 8 81079 0.9421507581244424
25 2 26 15 51206 1.0921756044350013
12 28 26 25 48888 0.9996028060598938
2 24 23 17 77207 1.0163618314642588
26 0 26 26 94865 0.9159761563577161
16 12 3 6 54347 0.9227094526715108
1 9 6 24 79725 1.0596138194457025
17 15 3 13 70104 1.0057613400126202
27 8 0 19 96822 0.9338911009944815
9 24 7 16 37723 1.0646773136845336
19 29 11 0 99401 0.9744965017234579
5 7 19 1 55849 1.0547466526322749
18 9 5 23 77474 1.069636765136625
28 5 22 14 47978 0.9136273702769193
21 5 10 8 36924 1.0465986183250682
18 2 18 22 56730 1.0593069101421566
15 25 6 20 43740 1.089392123933042
3 29 21 25 65234 1.012800439059521
2 0 25 13 114348 1.0156332708500109
19 17 29 1 85452 1.089146381222531
11 18 8 8 40757 0.9728235597520392
6 6 15 13 49137 0.9593856808046212
19 0 9 19 80209 1.014813759166561
5 4 22 14 84290 1.0494928143765963
27 29 16 28 54324 0.9060615037808702
21 1 10 17 75917 1.069840196039872
23 16 27 26 37333 1.0554486680110526
29 2 18 29 102144 0.9822653237060955
0 8 7 26 85226 0.9471460568815087
26 24 3 17 78762 0.9595027693255733
16 4 23 12 46903 1.032025584977282
11 8 29 20 78886 0.9281165332884761
8 13 18 3 56824 1.0494035566222157
13 22 24 7 78564 1.0133148734024253
9 23 22 22 51460 1.0797162741207273
13 10 23 15 51516 0.9239787687071565
28 28 23 5 77903 1.05263593095946
22 8 12 26 80709 1.0768998855845506
29 17 19 8 55620 1.072147258342088
29 2 26 11 47047 1.0207437348134245
21 8 5 29 109758 1.060657205482114
10 16 6 3 55565 1.015898601289669
16 20 7 1 81812 1.03923693732322
7 3 27 17 91171 0.9271634288386472
12 25 26 20 52421 1.0931643634135004
22 23 2 22 72626 1.006310494926364
5 3 12 0 38072 0.9400795802909911
11 11 27 7 55645 0.9613908089587576
20 14 3 15 67789 0.9396914555932563
23 10 15 8 38907 0.9235234391645782
11 27 21 26 34231 0.9317730698634359
13 3 9 25 66980 1.0502533428004974
11 23 2 20 38039 1.0388889212418664
22 25 24 12 43522 1.058483729093354
7 7 0 13 39877 1.0855363833000917
24 26 19 11 54291 1.0924654047663775
20 24 6 10 77408 1.0647863990054165
9 17 27 2 97031 0.9420186242400982
6 13 27 1 101094 0.979760697274377
27 6 5 21 103510 0.9296375761400404
12 9 3 3 45811 0.9976684588538762
0 4 17 6 50244 0.9509556551977629
20 6 1 24 99272 0.9525233658348196
0 7 9 8 25474 0.9097907805729633
3 26 19 14 74789 1.0122932717430053
27 28 14 28 60350 0.9651920123423706
8 25 16 19 35721 0.9103122908953454
19 28 25 3 85703 1.0205559189583577
22 8 10 0 55849 0.9810734924715492
17 5 23 25 67493 0.9215680553062995
1 14 12 8 67056 1.012708222257821
16 18 17 0 62172 1.0855625745072044
20 12 25 20 32261 1.095184617496857
20 6 10 26 75020 1.048164357142738
4 7 13 6 24573 0.9124843471864409
21 0 15 6 33090 1.0362728149764566
3 27 9 5 89341 1.0347047049728069
8 20 28 17 55581 0.9257817959160709
25 9 22 1 33388 0.9828338062064078
24 0 11 17 85738 0.9306364859578247
2 22 22 13 86218 0.9477547227183657
14 22 9 17 34693 1.055189726362742
18 6 15 24 63853 0.9870544437308713
5 15 8 27 62364 1.0157128622602387
9 14 6 29 64094 1.0962993672728432
2 15 21 17 69053 1.032108817875181
22 18 21 4 44428 0.9651967878848441
1 1 0 28 103106 0.9371994851630295
6 26 25 24 54203 1.0440288573315457
9 26 15 16 47404 0.9593790979834088
22 1 4 29 126531 1.0442023680660144
7 25 22 14 68502 0.945962533671821
7 3 26 24 107250 0.9171794588062511
1 3 26 24 122783 1.0010592258336741
2 1 16 25 109465 0.9571142065071623
12 8 24 15 66547 0.9036036849396956
11 3 22 0 48387 1.0564909958157318
1 27 17 8 103943 0.9341383534657974
26 22 15 21 51505 0.9749934304307897
26 22 27 8 56824 0.994190095866345
9 17 29 26 73417 1.017466703022446
15 12 7 3 55633 1.0588833436185134
24 1 29 18 64952 1.0220335602516732
7 1 7 24 94305 1.0341160889631824
4 9 24 12 81142 1.0808579116740733
4 19 8 1 72356 1.036793513369779
25 8 7 12 74018 0.9344695461413495
18 9 19 20 36146 1.0228356352634433
18 14 16 4 39601 0.9978866859632017
13 11 12 21 41254 1.0127388904480439
4 3 17 21 89142 0.9486109195978885
0 7 16 3 51925 1.0691286282742356
19 21 21 7 43479 0.9719854637406354
2 12 29 9 110287 0.9634931230520907
17 21 3 23 62324 0.9401193013649136
24 26 10 1 97064 1.0357983838170095
14 14 1 7 59948 0.9170139082102025
9 29 19 17 61585 1.0336535589402434
2 0 23 5 89874 1.007316898463702
22 15 0 9 90964 1.034944392661992
15 18 6 20 30374 0.9981514931902298
0 3 23 22 107196 1.0982754170562226
19 8 4 6 48078 0.9466913850362157
9 21 22 14 55783 0.9029102865221422
14 6 20 29 77006 1.0023433987313224
2 29 0 9 83019 1.0571119604278172
28 11 4 14 96823 0.901348895863747
23 23 0 1 118984 0.907645198749939
7 12 19 4 64305 0.9596490722967008
16 19 1 2 90099 1.0579884114691602
23 2 21 13 37665 1.042078771980043
12 16 3 11 55864 0.9601584965056261
21 23 26 1 80488 0.9301515079815934
28 18 17 29 46732 1.0375335565058406
10 20 25 0 95170 0.9649178528123181
4 9 28 24 109283 1.0809739345477782
25 18 15 21 34363 0.9665264617056597
1 3 19 22 104652 1.099526725801955
5 0 8 10 59480 0.9496056141585005
22 11 12 29 83781 0.9094538571001134
19 25 14 12 59837 1.0038841218055323
4 26 17 3 95472 1.014863724908342
7 4 28 15 102407 0.9487470162786187
27 2 25 20 65436 0.9623728795707182
11 11 22 0 63162 1.0867047655239002
13 27 20 1 90792 1.0817766022461845
5 15 8 29 69624 1.0431922624415086
17 20 8 5 71611 0.9792051935525666
11 17 23 28 56306 0.9908766810131422
11 17 3 15 37848 0.9481846968395129
7 7 5 20 59654 0.969658306462832
4 16 9 3 57799 0.9371382069607139
20 27 3 10 93020 0.906463017906044
9 17 27 4 89614 1.0025774119888153
23 9 4 0 82365 1.0066589350453106
7 16 20 14 56087 0.9718910029412948
26 21 4 28 79994 0.9790447837875902
7 0 21 12 80694 0.9632719428533834
12 8 28 16 78331 1.0593143630697934
25 27 0 1 132561 1.0725484269802006
10 27 23 7 84152 0.9595690730993417
16 15 7 16 47379 0.926728310910045
12 3 26 23 89725 1.0860055970692946
6 1 4 20 79604 0.9829129318758207
4 21 14 12 57307 0.9524955525831696
3 8 12 1 46472 0.9955870252369166
2 21 11 10 55585 0.925826263709082
15 27 23 15 50877 0.9241016422785532
17 6 13 0 43887 1.0258326815748275
10 28 14 15 52874 1.0438709639468582
24 7 15 26 72477 0.9294406470665573
10 5 3 9 35736 1.056683832997763
12 9 4 28 74352 0.9230359514968545
4 26 12 5 75447 1.057448305482854
3 29 0 15 64560 1.023429263379544
18 1 4 26 101666 1.086929816423885
26 10 1 4 88767 1.0682118130696536
24 12 6 6 68333 1.0864108292921264
24 19 15 8 61720 1.040991986282841
22 24 8 23 49438 1.033661283371054
19 6 16 17 44549 1.0877256591029216
17 29 29 24 44895 1.0994087182122727
26 8 4 2 81766 0.9723751142134995
13 7 1 29 96997 1.0026024763854815
12 13 21 2 61547 0.9518656051944415
29 8 8 20 95817 0.984627056213452
4 22 12 3 69954 0.9612542999526263
26 3 2 10 88552 1.0886008925432147
0 5 3 14 47432 0.996390063042015
17 13 0 6 70461 0.9947032638172015
15 11 6 7 41478 1.0449532480107169
7 23 19 1 95972 0.9693758278064535
7 27 4 6 87923 0.9999831958763741
2 14 20 14 76376 1.0621957367868897
11 17 5 5 49576 1.0078429746277477
0 28 3 7 81457 1.0625027916511558
7 15 27 12 86172 0.9141078687694729
16 11 10 18 44656 0.9864850933254636
17 28 2 20 75248 0.9859250130770525
23 12 4 10 79138 1.0543734838388947
18 29 13 4 90939 1.0264149477003062
25 15 15 8 61315 0.9645204063631883
15 25 5 28 44469 0.9282223234585669
16 22 13 12 54763 0.9309663873576475
17 24 0 10 90354 1.0545847116879206
9 25 3 4 82401 0.9818382140599192
23 12 5 21 76918 1.032670870956787
6 1 14 4 44630 0.9514094513309648
3 14 14 25 63116 0.9918497936551153
25 4 27 24 70135 0.9931093364750684
13 5 3 13 55811 0.9087507375034602
28 12 10 26 80810 0.9821935041633421
10 20 9 9 36854 1.09019098394627
8 8 18 5 35119 1.0778446988241304
19 13 7 2 72718 1.007307210930442
9 13 29 29 96082 1.0271903403525597
7 27 20 4 98203 1.0813576282897646
1 10 12 14 55547 1.095886610495713
23 24 24 4 65310 0.9487010625469372
19 10 4 18 57590 1.0281145870864632
26 7 24 15 34257 1.0772816583501394
24 29 12 5 96968 1.0376580020308144
7 13 1 24 67720 0.9130335361385868
21 2 11 27 89458 0.9517059712528013
12 17 7 29 55960 0.9906667954698569
27 4 4 18 96471 1.0847825669499742
24 9 29 4 41782 1.0487081651526187
11 19 18 15 26192 1.072536669897485
29 15 27 4 52633 1.069128596552539
8 16 18 16 40379 0.9540754726497934
7 2 15 6 38664 0.9985447155922154
27 15 29 3 48710 0.9700404993708428
22 9 29 26 72802 0.9037517320563165
28 23 17 1 89981 1.0609601332415104
13 27 16 7 73628 1.0453786435920953
21 22 10 10 57762 1.0118447324712065
2 5 8 20 72160 1.0218926124548318
3 22 15 15 62489 1.08701153181324
14 22 2 21 56616 1.0134630344937854
16 18 7 20 31210 1.0658071776107896
26 12 1 17 84155 1.0326110185823936
24 17 9 7 68851 0.9611337309307024
20 15 7 29 78021 1.0734811203180188
13 1 2 8 54986 1.0280985237189424
13 29 18 11 75240 1.0515661467555384
4 0 19 2 70768 0.9433293515508594
10 4 0 25 82307 0.9244413152105629
17 22 6 5 85130 0.9758168821411051
25 17 21 24 22527 0.9709623701316554
10 16 17 10 44072 1.0078080441370816
25 0 21 24 80145 1.037220854192583
17 18 20 6 37528 1.0252852344456291
13 1 10 21 65542 0.9230816148800092
17 19 7 19 25049 0.902471455498845
20 17 7 7 62805 1.0524926294332912
28 28 25 5 78182 0.9039404493035297
1 10 5 20 51558 0.9040391913375185
17 17 18 3 47271 0.9309389665664791
11 26 14 18 27100 0.9819322441240574
8 3 26 28 113846 0.9850273481592388
15 21 24 12 53172 0.9312358747072479
18 4 5 8 49938 0.9160818821773108
18 0 2 29 129219 0.9365388416825833
17 22 3 25 50276 0.9922319176948768
28 29 9 1 120477 1.0862553570579867
26 13 25 4 35113 1.0107075541506838
10 24 1 28 41176 1.0550050090567675
16 16 1 18 41389 1.0676945793690198
13 27 23 7 82919 1.0723327135031382
25 1 13 6 51984 0.9301604119191477
6 22 21 22 58564 1.0536889793029602
23 20 1 6 88208 1.0600986134802346
10 9 27 22 77704 1.0631170332510147
19 14 10 8 52743 1.0397687348700688
12 29 23 2 107107 0.91752451595634
3 6 27 4 71031 1.0845699428221467
29 0 20 9 61607 0.9466100669459973
17 13 11 0 61681 0.9542544887892659
29 0 13 15 115100 0.9037916311966129
18 6 3 5 42890 0.9996137531970871
17 26 26 4 87605 0.9648806663526814
10 10 4 28 71375 1.0996446412290715
15 6 10 18 43496 0.9322909918484727
10 11 14 4 34554 1.0458633295802848
26 19 0 5 98485 0.9432767824524343
22 15 1 26 86797 0.992626229147183
17 5 28 18 61130 1.0102685456172118
24 15 28 28 51090 1.033621399278588
3 17 12 25 42738 1.0295357022068132
15 17 11 23 28480 0.9905752482921716
20 2 25 15 53487 0.9032623637573615
19 5 16 23 62633 0.9253659972566676
29 7 1 11 95456 0.9152294263271343
4 13 25 12 86886 1.0874740348578071
11 20 27 20 47342 0.9805839760293106
18 8 9 17 53473 0.9503277042629116
21 10 8 13 56372 0.9963420474669195
10 3 27 20 83305 1.0959770611839763
0 27 23 8 107381 0.9972736911114651
3 14 12 9 55856 0.9932308654344548
16 8 1 25 87995 0.9515056200280708
28 29 8 2 124639 1.0629204508736614
26 25 0 28 74566 1.0620707703910492
27 6 21 0 33519 0.9516473551026541
0 18 10 13 37633 0.9153707536905085
22 11 25 29 60931 0.9546071036912163
2 1 17 20 104031 1.0802974333123694
9 9 3 22 61239 0.979800020845235
28 13 20 6 48284 1.0430503105918765
4 27 2 13 69635 1.0736684171564277
7 25 20 27 37441 0.9126390040628136
25 27 6 2 117104 1.0042390641109713
19 23 24 6 57335 1.0228009156005533
10 23 14 2 68132 0.9162314397222652
18 10 24 15 38030 1.0576855900837923
7 0 20 7 62509 1.0628758778952596
0 1 27 13 114167 0.9480534831014291
5 12 16 8 58740 1.0451018639843934
9 6 0 1 41093 1.0060656436927333
14 19 1 6 64928 1.094023225011826
12 23 19 13 51989 0.952608483475123
7 13 18 19 48940 0.9354488317690361
21 6 7 18 64004 0.9749884779742397
7 1 11 19 63882 0.9499914611210867
12 25 28 19 53767 0.9535948108060206
1 7 29 22 113174 1.0712515011312118
8 17 3 24 45119 1.0641574950415917
9 25 6 0 93279 0.9785435851542614
23 9 7 23 83178 1.001112627687277
24 28 5 14 96833 0.9957126978811073
16 24 25 1 91189 1.0639757486096355
0 15 20 27 76104 1.014953579475668
29 9 7 26 108438 1.0754664155897156
13 3 5 13 57233 0.9866579589505149
24 13 10 13 64206 0.9707499401410509
21 10 7 29 95083 0.9777858169701941
8 10 23 7 51541 1.011948011455619
16 14 18 27 45235 1.0359353225672148
7 27 17 16 67777 0.9347197665395893
15 7 24 21 65766 0.9496289910270195
0 7 13 14 58784 0.9730889151283126
0 3 9 24 90636 0.9738009196394846
15 19 2 20 39917 0.9473564130618034
0 13 20 18 61362 1.0940453849042524
12 27 3 15 59832 1.0297047546592908
20 10 29 23 61022 1.0656178155431097
7 24 16 11 75331 1.0110347930520736
27 15 24 2 58520 1.0421891896316269
26 0 22 10 50471 1.09564804669424
16 24 10 8 67341 0.9993085480757182
14 22 26 25 42661 0.989962981923787
19 16 5 3 84994 0.96467351617434
21 4 8 29 103460 0.9832991144152475
8 25 28 14 74833 1.072082950061701
8 8 11 26 60619 1.0185216635562524
1 2 14 18 81013 0.9906582203063868
21 11 25 2 40388 0.9734383444135953
13 5 5 24 81112 0.9574316417099238
22 3 15 12 50798 1.0857043072766308
14 11 1 17 64827 0.9771540296227567
15 3 2 3 43007 1.0064868545487524
4 9 27 2 86977 0.980431306581156
22 23 7 14 67253 1.0234643664679153
3 1 21 4 74726 0.9554917939575419
17 2 15 21 70927 0.9711654044324067
28 25 0 4 119799 0.9035653466227495
18 11 3 27 84470 1.078242525816941
9 3 3 24 87999 0.9323625049861473
1 7 25 23 99359 1.0280220453329905
16 1 13 20 77398 1.0802244707705935
1 15 10 3 71510 0.9932239697417079
15 7 6 21 64562 0.9368756554534302
11 21 19 13 42352 0.9643906340495746
12 17 27 12 58902 0.9797034830519367
21 17 3 5 80700 0.9952011669374348
5 16 19 28 76611 0.939557143092573
21 18 5 24 63087 1.0431882671460413
24 8 5 1 81556 1.0960371801272655
9 1 21 25 89065 1.0223477314659768
16 2 29 1 61074 0.9676142243894827
18 25 8 18 42185 0.9673053170951068
28 27 6 12 101296 0.9006927982466467
18 19 5 13 58419 1.0482263739368864
25 1 9 14 85572 0.9701711916971936
20 21 5 18 41897 0.9417131238853053
4 0 28 12 110812 0.9877226506264909
24 5 17 16 58999 0.9854087738338908
6 3 25 28 114828 0.9514589439081924
2 24 7 12 72649 0.9132013044693649
6 28 0 13 72017 1.0391520918481916
15 10 16 26 64333 0.937287829562171
9 0 22 15 78342 1.058633379031052
15 6 10 27 66936 0.9141097413263076
29 7 22 15 46519 1.0109361944251336
25 11 14 19 48484 1.0077951092312136
6 17 23 26 61995 0.9213089494336939
28 19 7 1 103337 1.031119645995203
1 9 12 11 51422 1.0014228624531147
12 7 19 15 47578 1.0059615143685123
14 8 18 15 43298 1.0352711884728507
24 15 8 13 68656 1.087275150313643
9 19 21 13 45302 1.0877858325864151
12 24 5 18 33501 0.9388049029343709
15 20 2 10 70601 0.9077134069769598
13 23 18 28 30685 0.9838354913787524
23 25 26 5 71419 0.9658396305058985
5 27 6 9 87182 0.9046510618213116
29 4 13 10 74432 1.0374635257259737
4 22 21 9 80397 1.0201288812623028
18 24 11 29 33485 1.0986802263861717
7 17 29 15 71240 0.9977095257157103
19 16 21 8 32496 1.0351720029171356
29 3 21 18 66082 0.908688027807574
6 15 23 28 79798 1.0999104782502378
14 1 20 17 64088 1.0247739094465895
29 18 5 1 109498 1.015532320369313
27 26 10 13 74555 1.012591072206115
22 13 9 1 70752 0.9853954401965783
26 12 3 21 86543 0.9072004047174315
