6714 6051 5318 5428 8121 5300 6363 5327 5274 5998 6001 7424 5978 6478 8030 6221 4846 5771 5230 6439 7644 8105 6303 6848 6415 5801 5904 4847 5937
5168 3271 3859 4732 3994 5810 5573 3813 3304 5028 5400 4713 3726 4304 2720 4411 3999 2885 4468 4814 4308 3229 4470 3228 3962 3140 5439 4816 3475
6150 6393 5493 6615 6265 7074 7678 5963 8661 6314 6950 6618 6367 5165 4596 5308 5467 5689 5491 4344 6349 4007 5761 5470 6528 5453 7170 7280 4279
4122 5089 3950 5137 4308 3014 3624 4390 6016 4967 3882 3471 6229 4625 5430 3277 2904 3540 3880 4039 4285 7048 5648 6621 7842 5788 7394 5950 8831
4764 6820 5356 6933 4026 6903 7880 6652 7737 7767 5137 7621 7316 6189 6331 7594 6215 7222 6109 7986 7868 6820 5892 6796 8228 7604 7016 5067 6477
6921 7362 5917 5207 5775 6940 5609 6998 5448 5818 4611 7470 5193 5045 7469 4659 6974 7767 5179 6088 5521 5121 5354 7851 7365 5310 5886 4793 4528
2642 4925 5022 3525 5010 4535 3630 4327 3548 3752 4251 4296 3304 2034 3326 3561 3749 3594 2111 2626 4172 2870 1690 3993 2397 3861 3898 2594 1976
6176 5323 5521 6747 7108 5356 6995 5768 5959 6324 4691 5843 6830 5873 4763 5267 6424 6677 7073 4204 6511 3302 3147 2535 3187 3932 1880 2926 2155
7548 6954 7562 7017 5560 7506 7532 8227 6163 6445 5980 6148 7338 7473 7794 8458 7406 7777 6295 6453 7387 3316 3464 3766 3411 2996 4120 2543 5016
5799 6288 5387 6070 4698 4853 5785 7461 4940 4354 4461 5430 6393 5737 4973 6640 6798 6641 4821 4665 6561 4302 3693 3503 3632 3857 5368 3525 4963
4766 4489 4346 3955 2621 2715 4704 2480 2771 3730 2846 2737 4330 4559 3347 4069 2417 2854 2669 3347 2210 4112 2784 2597 4554 1749 3822 6285 4195
8175 7144 8194 5441 8054 7111 7956 6285 7938 6193 6475 7967 5880 5257 8121 7670 6787 7276 5581 6367 7219 7411 6923 7162 7108 5055 6029 5305 6151
6472 4215 4168 4792 3873 6654 6662 3689 5713 5611 4664 4155 6332 4885 6808 5550 3942 6204 5152 3978 6122 5125 6955 5978 5206 7220 6123 5170 5406
4827 4013 3844 4426 2487 4165 3219 3286 4429 1622 3436 3325 2858 4157 2540 1818 3162 3703 2538 4160 1947 3792 1773 4356 4807 2849 4545 1911 3722
5502 5715 5955 6913 7915 5703 6001 7478 6277 6408 7637 4872 5620 5397 5461 5818 5471 6529 6615 4846 5478 5708 4568 5001 3392 4593 4081 4340 5577
3260 2005 1475 1810 1670 3954 2123 1614 3627 2324 3589 3413 4129 3365 2009 3797 1478 4821 3089 2230 2989 4045 4171 1498 2964 3482 2117 1508 8533
6011 3076 4320 5004 3171 5687 3441 3071 5299 3727 6106 4998 3221 5542 4389 3326 5305 4520 3492 3283 4933 5483 5460 5896 7011 4626 4249 5797 4369
4856 4376 3167 4516 4797 3867 3922 6284 5743 6211 5558 4380 5898 4085 3747 3346 3728 3172 3095 3729 3833 6095 3764 5902 4774 4884 5619 5877 5733
3362 3058 2285 4242 2838 3847 4931 4373 2639 5259 3450 4037 3960 2496 4533 3071 2965 4853 5116 4833 5141 2918 4993 5471 4437 3219 3158 3184 3754
7340 6300 6974 6437 5269 7695 6463 7544 6058 7227 5282 7772 6231 7225 4604 7506 7134 5257 7544 7706 4940 7019 6479 7621 5123 4002 3006 5257 5550
7858 5448 7762 8325 5543 5769 6486 6984 8118 7227 8388 5620 8743 5534 4560 4365 2401 2528 2601 5095 3448 3660 2761 3670 3265 4169 3779 3213 4558
3892 4197 2843 3811 5684 3949 2694 5764 5360 5429 4328 2510 5314 3352 4271 5614 5548 4642 4687 3336 5087 4733 4919 5179 4525 3080 4942 3873 2695
5801 4310 5240 5381 6962 5519 5158 5942 5435 5967 6542 4316 5531 6368 4067 5369 6341 7074 5396 6306 6631 6666 6606 6513 5806 4391 7190 4574 6465
4626 6978 6491 6277 5630 4746 5483 6051 6294 7985 7346 7147 7853 6644 7899 6144 5364 5425 5091 6916 6351 5737 5421 5185 6121 5600 5189 6906 7588
3979 2744 3877 7720 4865 5969 7774 5907 6543 5081 4841 5336 7461 6022 6962 6361 7087 7870 6648 5678 7229 5318 5820 6193 4619 6781 5298 5332 6831
3076 5772 5215 2758 3954 4782 2635 5582 5017 5176 5685 3961 2428 2599 5684 2955 3941 4858 5622 5613 5169 2879 5731 3314 4746 5747 5421 2271 3979
4046 6284 3866 5425 4190 6158 5938 5831 4834 6119 5125 4187 3723 5773 6068 5135 6372 7043 6661 4499 5812 4000 5214 5270 4396 6200 3806 4655 4548
7972 6092 7048 7360 5299 5491 5641 7289 7702 7664 5475 5978 7883 7801 6111 6032 7276 8150 5122 5720 8295 6776 8159 5701 5106 5247 6858 7407 5780
6865 7370 5888 8517 6191 5674 5752 3421 3996 3445 4765 6579 6221 5762 5827 4383 3965 5645 3789 4044 5453 4722 6204 4062 6239 5174 3454 5289 4435
3605 4931 4006 3939 4391 5660 3238 2761 2410 4407 4001 4378 4612 4813 2441 2617 5405 4309 3949 5696 2749 3441 1892 2500 4209 1874 4234 2973 4698
6677 6978 5076 3455 4753 3550 6562 5976 3418 7522 5954 7505 5787 4024 3288 3286 7035 6682 4932 3681 3586 6350 6102 4564 8216 5426 2713 2307 2909 5621
5918 4366 4413 3038 7198 4680 6547 5981 3616 5442 5824 8548 5576 3533 2074 2919 5262 7833 5746 4266 2296 6773 4494 2421 6199 3832 4371 2087 4586 4313
5335 6509 5116 1955 3887 6387 6902 6387 4784 7762 4013 6666 5149 4949 2847 2838 6987 5888 5108 1761 5110 6110 3270 3227 7946 3833 2854 3723 3380 3552
5755 5204 6565 4717 4700 4613 5589 6891 2552 7974 6383 7793 4305 4121 3596 3681 5403 5941 4164 4545 4265 8016 3505 3935 7422 5037 3971 2592 3019 6595
7653 6422 4833 4491 6016 6244 6340 7986 2406 6350 3464 5850 4485 4178 1800 2262 7406 6990 5468 3942 2396 7853 3385 3973 3646 3736 2539 3666 3810 5757
6693 6738 7140 4365 6950 5425 5229 4998 6212 6611 5417 6862 5475 3768 2633 3813 6890 8417 3622 3360 4489 6500 3247 3963 2964 3386 2481 3439 3992 4175
6710 7562 6755 2642 6530 4886 5667 7168 5698 5809 5144 8688 5594 5845 2296 1999 4578 6971 4782 4124 3809 7727 3587 3092 4621 3869 5454 3284 4873 2191
5574 7655 5747 3832 5334 5306 4683 6576 5275 7716 5898 6426 3396 4294 3000 4229 5925 5570 5960 4187 3984 5100 2069 3228 1297 2911 5453 4511 4385 3601
7782 7217 7710 4045 4313 4837 5417 5452 4950 4966 4785 5871 3313 6339 3366 3566 5936 6544 5846 3323 4759 5400 4025 2710 4229 5709 5276 2416 2952 2810
5303 5615 4690 2177 5976 6788 7494 5534 4996 6413 4638 8252 6012 5601 1968 1679 6723 6558 3724 3699 4155 5588 2915 4535 3971 5873 2462 3721 5338 4023
6773 6333 6429 4307 4437 5518 5328 6484 6860 5896 5809 7126 5513 5805 2627 3080 6187 5731 6372 2600 1853 7237 3193 2874 3191 3516 5351 3369 6100 2842
7059 5215 5811 5412 3984 4308 6025 6833 6990 7362 5340 8602 4135 4294 3168 3654 5473 6858 6011 3697 2683 5916 4069 3374 3909 3435 3598 3547 7144 2229
6774 4941 7051 5669 4788 4547 6096 7699 6573 5853 4739 7305 3667 4102 3082 2790 7089 7072 7521 3606 4648 8166 3951 5408 2068 2831 4711 4596 6781 4387
8375 7259 6724 5794 4039 3996 5201 5365 5245 8048 3261 8252 3269 6540 1820 4405 7581 7772 5986 3283 5584 5055 3756 4572 4383 4025 3682 2380 6607 4310
7104 5888 5844 6065 4463 5929 5555 7330 5912 7691 4695 8511 4253 5543 3676 1396 4920 5518 6478 4902 7561 7447 3452 5664 4025 4233 5462 1867 6560 4779
6087 5425 6745 4145 5901 6860 7577 7837 5617 5522 3438 8634 5077 5827 2679 1486 7182 6866 6386 2801 7897 6893 3930 4626 3649 5155 2369 1299 7582 4821
7953 3717 5261 5030 5638 3228 5233 7621 5440 7045 4376 8807 4208 3757 3354 2041 5251 8494 7702 4874 6362 6391 2661 5365 3138 4385 2770 4461 7151 2154
5808 4956 5670 5427 5285 2684 7487 5734 5951 7591 6007 6019 4614 6839 3225 3751 6592 7354 7584 2299 5084 5617 2303 4426 2002 4082 2692 1524 5623 4922
5256 5256 7734 3264 3228 3882 6994 5046 4674 5489 5744 5606 3227 5444 3522 3907 5338 8800 5628 2748 5715 8223 2617 4702 3950 5805 4894 1902 4645 4995
5867 3309 7549 4189 6433 2046 5392 5039 6354 7051 5243 6563 6128 6291 1533 3184 6428 5776 6911 4944 7871 8157 4617 4725 2307 4327 3577 2141 4535 2418
8386 3918 5196 5656 3753 3519 5275 5425 6070 5505 6214 8176 4749 4331 3379 3895 6551 7708 6290 3089 5900 5526 2860 2533 2604 5217 3285 3210 6447 3825
5236 5257 5183 5693 5826 2691 5812 7133 5986 6135 6456 6395 4008 5549 1754 3381 6646 7979 5739 3013 5655 4354 4556 4732 3589 5228 3656 1772 7276 3783
7796 5164 6410 5443 3553 3549 4806 7165 7563 6694 6333 6520 5493 4929 1861 3905 4995 5581 6983 2685 5116 4298 2535 5660 3971 4288 2324 1660 4787 4156
8036 3741 7777 6041 5970 1407 6227 7161 6101 6477 4341 7946 5127 3645 1498 1227 5238 6784 6287 7428 7351 5177 3554 4437 4485 3200 4569 3523 7286 2169
8031 3646 5524 3658 4719 3824 5052 5129 5626 6038 6970 8008 5012 6747 3374 5889 6546 5569 4778 8500 7758 6485 3422 5587 3635 2911 4669 3911 6056 4350
8009 4991 6961 5298 3702 2832 4990 7221 6894 6098 6685 6709 3010 4402 5566 5747 7100 7478 5070 8001 6276 5014 3553 3287 4613 3756 6104 2933 5258 3054
8116 4014 5757 4313 4761 2581 4301 5414 6034 6830 5690 5742 3610 6849 2287 6096 4740 4528 5690 8469 5976 5480 2465 2836 4579 3004 4936 6260 4696 5300
8543 2905 4899 3679 5241 1824 5959 4995 5845 6901 6621 7418 5107 5351 5506 6666 4973 6622 4684 7332 6693 4963 1870 3211 3855 5675 7623 4355 5703 3863
8251 3966 7893 4123 3339 4402 6276 4298 6655 6504 4663 6078 6166 4460 4040 7777 3938 6457 7263 6837 6616 4238 3524 3393 2158 5090 6403 4903 4644 2358
29 0 2 10 143429 0.970928522706543
10 11 2 14 33132 1.094256856117954
7 3 8 17 67440 0.9791307394687712
29 10 16 22 84021 0.9626337380446159
10 23 20 5 87095 1.0075164503861598
10 17 10 2 51627 0.9821032253126072
16 10 26 5 50887 1.0701767495907633
3 11 14 28 90571 0.9006116147666147
28 2 3 20 142838 1.0260860433990295
5 3 24 14 91687 0.9957930978400116
3 18 13 25 55822 1.0277134539870276
4 5 28 3 111476 1.0734958834695105
20 8 9 20 76665 0.9081405638584548
29 2 12 14 94381 1.0587049263750234
29 28 7 3 147392 1.0764260952780893
7 8 7 28 72134 0.9730919913113476
3 17 9 6 64172 1.045290890639377
0 13 27 3 124432 1.089793802296386
24 5 17 2 32129 1.0875411949627702
11 28 5 24 34068 0.9001483454580669
1 12 21 0 111554 0.9245159059036975
6 13 12 6 52174 0.9057990166926895
24 13 5 6 88201 1.0754552154720556
14 10 17 17 31801 1.0441680844723575
23 0 18 19 95483 0.9867852406859029
6 4 18 16 76048 1.0068954715303493
18 23 1 27 68021 1.002072368357667
4 16 16 26 76623 0.9735790254245767
26 18 15 4 78495 0.9387152082149924
8 0 23 27 135166 0.9571520088805863
29 11 0 6 133013 0.9013589619194603
7 15 16 14 29487 1.0470514743139816
18 11 15 4 32583 1.0650328205285682
6 13 4 28 54278 1.0093410136368675
13 0 13 23 75527 0.9611641994693708
23 0 14 18 95309 0.919488435910402
22 9 3 8 102118 1.0038509662741368
23 1 6 21 120242 1.0075127385342306
0 9 16 9 86691 0.9803589951181484
16 6 12 23 67872 1.0828297787030088
26 1 13 11 80884 0.9755337890219549
25 12 0 20 94589 0.9188514267238593
17 2 13 25 83826 0.9733526202117936
13 8 4 21 73054 0.9018010184040824
1 21 21 8 108090 1.0734422417402454
23 14 12 23 56650 1.0114749854353644
8 10 6 22 50936 1.0432453461988649
26 18 18 29 69905 1.0389280243569246
18 9 13 26 70407 1.0160459984729637
14 18 3 15 45422 0.972804220292601
29 28 23 24 36615 1.0231894675476143
16 25 3 22 52646 1.0404243914165776
3 24 22 12 99382 0.9591098511840631
19 23 23 29 37325 1.0098989560243987
1 17 29 10 106561 1.0513764235197758
26 19 21 25 46331 1.0389506295529938
14 0 23 28 109027 0.9320632945120472
14 9 12 21 50912 0.9134554968381281
11 26 1 0 122809 0.9477099681909272
12 29 25 26 45091 1.0712509870368216
6 22 11 8 64472 0.9727619584022444
5 3 12 22 86796 1.0449198541682752
6 16 16 25 61631 1.0084976729392174
8 4 3 26 96370 1.0922540995642034
12 0 6 10 65597 1.0200777545739432
25 6 8 29 123355 0.9106619966707971
0 3 11 24 105503 0.9480919185479985
27 6 7 4 83598 0.9160616430888553
13 6 0 17 75862 0.9190744870972333
16 10 0 27 99885 0.9164235346557245
22 5 9 8 64103 0.9345605117767137
19 7 18 20 56631 0.9870595911155333
29 24 6 2 142746 0.9155270959431812
20 15 3 0 107370 1.0258597923143433
27 27 8 19 81328 0.9378914961201574
10 26 8 15 38607 1.0709671640060086
16 10 25 3 54767 1.0256964295690536
23 0 1 1 110747 1.0750482069121043
20 23 28 9 74828 0.9486703636124038
1 18 28 26 115452 1.0751463674747046
25 23 22 8 83218 0.9832438316125928
25 29 9 14 86684 0.9853559172590844
22 4 19 18 72497 0.9523771854459538
7 27 6 10 56210 1.0585653825920152
27 12 3 23 100688 1.0957421149196904
28 8 21 24 85098 1.0887241526073381
0 12 23 6 113113 0.9945453715140228
27 10 5 11 90717 0.9804607741833723
3 28 13 23 48719 1.0986200039182092
13 13 28 14 49191 1.0346863387438738
26 27 12 17 72988 1.0677432607561772
18 19 9 23 43209 0.9585782371084608
7 10 29 8 108327 0.9455677156766185
3 22 28 15 104803 0.9349091749260472
3 11 16 19 65352 1.0499862309185326
14 22 4 5 92269 1.0768832385202158
17 19 8 28 55610 0.903813797032727
26 9 3 17 93623 1.0842252043170968
12 24 2 22 37321 1.0292361055077996
12 2 17 10 45376 0.9356862720978811
22 15 21 27 52228 1.0255221464666504
25 3 1 29 156475 0.96702288690052
27 7 29 18 51447 0.9678206348829791
3 5 18 4 78007 1.0983264676094857
4 23 22 22 64187 1.0319423163178678
3 13 16 29 87812 0.9860968716039596
25 9 26 23 65337 1.0428496565810088
18 1 23 8 44390 0.9848097381328931
27 2 25 15 65182 0.9047932425768616
28 1 1 9 139613 0.9921919321908136
18 2 3 0 83564 1.0492645458378618
13 17 18 26 43294 0.9424391112868507
18 15 27 27 72102 1.0344872917357064
17 23 11 2 92682 1.00718995507465
29 19 22 14 42853 0.9893465570600855
12 6 28 29 120484 1.0016940420357925
20 17 28 22 42147 0.9749588714091943
13 25 17 6 76860 0.9341191539311415
20 18 29 14 43119 1.0531337193507406
26 28 12 17 77584 0.9454577532940588
4 4 19 19 98299 1.0610259765742054
29 28 20 9 100613 0.9767657614055607
24 26 16 24 32155 1.047227543750922
1 8 3 18 44673 0.9455345090817332
22 0 0 25 152701 0.9711519303692546
2 14 16 4 71588 0.9928478326752278
5 29 11 20 43002 0.9510231307379216
14 20 1 6 90208 0.9884622094518883
27 22 19 18 44660 0.9506474910209025
2 9 18 10 83721 1.0706950091872487
27 5 5 24 125957 0.956913291864725
20 14 25 27 60378 1.098729070502196
25 6 15 24 88621 1.0091003217820513
17 8 12 15 42104 1.0913007283269924
10 18 24 2 101140 0.9136326189121697
10 12 4 20 45371 0.9223047579785898
14 18 17 26 36085 0.9467689046797196
21 2 20 25 92771 0.9631702054765165
0 24 1 6 82577 0.9508797358312874
27 0 27 21 104757 1.0687327208055846
2 2 29 16 133915 1.023408940479634
8 13 15 4 56988 1.0876840177973703
21 19 15 5 59500 1.0554661733008417
9 21 5 14 39764 0.9132940361571326
29 27 13 8 107867 0.9914647741380047
26 1 23 19 93612 0.9213031291308496
5 26 5 1 99328 1.0505367262177177
7 11 15 3 60978 1.0865664206897792
28 16 24 9 48866 0.9045466914268959
8 22 19 17 59090 0.9245442738652796
8 11 11 25 62035 1.0416316491458673
20 16 16 9 42033 0.933182385516062
23 26 25 16 53584 0.9978409416137664
0 0 17 10 99029 0.9456772060417274
6 21 3 5 66522 1.0568195677537584
11 27 18 15 56349 1.0973239151930765
22 12 2 1 120101 1.0159036654928295
27 25 10 13 93044 1.0322602587454712
17 15 2 22 64994 0.9274005191344663
22 13 10 12 49076 1.0452374893023315
26 19 13 17 64808 0.9290041255946675
5 15 8 22 32152 1.0568615831075703
10 22 23 4 99700 1.003202994951404
1 29 1 2 113620 0.9090439299094283
23 27 9 18 64072 0.9057099862763369
19 17 1 23 83955 0.9626170749497724
1 13 21 26 97639 0.9603563425952666
28 20 10 22 69539 1.0246758879337654
15 22 6 25 39020 0.9214818478584957
25 8 9 0 92929 1.0325915568103423
1 24 12 27 48064 0.9690529544442649
7 19 21 19 50052 0.9487214689660995
15 8 7 4 46695 1.0849615317730856
6 3 12 16 65775 1.0118200683920944
27 19 17 14 53466 1.063131267777725
21 1 1 20 121766 0.9903265788287249
12 8 0 25 103024 0.9994887457192791
13 5 28 28 118014 0.9285115851548812
19 1 28 10 64758 0.9771029085984357
21 9 6 14 63628 0.9516755349271968
21 6 1 18 104411 0.9942216280460835
21 25 29 27 37339 0.9444213601146879
13 26 11 18 36568 1.090942289831697
19 10 0 21 99400 1.0114601719210583
19 0 27 18 101152 0.9375399815009915
9 10 1 20 62616 0.9225164568344496
12 14 25 17 47337 1.002491759450747
22 15 13 7 52122 1.0001415392919972
26 2 3 28 155256 0.9677594208834581
8 23 29 17 92350 1.0870112400318823
26 5 13 21 89798 1.0070731584591257
8 21 19 19 46225 0.9542541484730758
13 24 29 29 62676 1.0651699458366777
13 27 27 19 75206 1.0012515760521554
0 12 7 6 57426 0.9921020979641151
18 16 15 23 36343 1.0961109069190844
27 13 0 19 100146 1.0242617597259174
26 22 9 27 68931 1.0131494085041535
5 28 26 14 101700 1.0798376809425583
2 16 12 26 70172 1.0112389048687187
4 17 29 10 105401 0.9621716120317709
12 18 24 20 56502 1.0313048681459465
4 20 13 14 45359 1.067171933821513
5 24 28 28 84484 0.9104655664495035
26 19 17 25 54255 0.9870781222868226
19 8 9 20 70311 1.065060614134939
17 27 22 14 57002 0.9284558942767815
9 24 26 12 80273 0.9537729892619145
2 28 17 8 112436 0.9265827223542399
9 29 8 15 54638 1.0246816960860308
18 11 21 27 65060 0.9706246496587898
5 24 19 22 51098 0.9573148468343864
27 18 23 2 88087 1.030405100526771
10 21 4 6 72254 1.0842712801699075
6 17 28 15 80714 0.9119947037924353
29 25 24 6 94742 1.080439953935861
6 17 6 7 36148 1.018007326920421
12 13 26 12 47679 0.9785707511957933
15 14 21 27 53227 0.9136726084955784
0 0 14 9 92080 0.984931101561036
3 3 8 10 49985 1.0271779159587267
11 22 25 13 64960 0.9595505704557337
0 22 23 2 147491 0.9432462404234223
9 12 2 17 42792 1.0976538992502842
27 28 9 29 60989 0.9816871987012519
20 10 13 6 45252 1.001750610962697
27 24 2 11 126672 0.9944986011102808
11 10 1 2 63906 1.06333143278448
4 3 29 2 106553 1.097171346548911
16 4 5 20 84168 0.9478660798884251
9 23 0 10 73776 0.9018328058147594
23 3 0 9 123744 1.0008476545642564
11 27 21 6 102755 0.9265625770403798
18 25 3 19 69131 1.0983487794774551
13 14 0 5 77507 0.9001650728718975
13 24 9 11 58194 1.0155554139723506
21 9 9 4 69343 1.0685401718950707
9 16 23 11 66087 1.051857965987814
4 0 18 7 87378 1.0209049622292037
22 5 9 25 103505 1.0404163597667704
14 23 16 0 76923 1.0691503517265069
5 21 2 29 45281 0.989156621078282
14 19 1 21 53075 0.9502206302259185
10 27 19 23 43284 0.9217855710257128
9 20 13 14 30036 0.912894943862976
21 5 9 3 51732 1.0285216666816483
18 26 29 15 76849 0.9223829597498594
16 29 14 8 76514 1.0364382450870724
22 18 27 0 101595 1.0967900600531915
7 28 26 2 141483 0.9250611584455699
19 18 7 18 56553 0.9005441168945072
19 28 6 3 117650 1.0326182602888128
16 8 5 29 98364 0.9584451175580919
8 25 12 9 69949 1.0916923303468105
0 13 13 5 71282 0.9824627168122857
15 21 0 19 60195 1.018045409856743
3 18 12 3 80139 1.0643019507231448
20 29 22 19 43720 1.0478537012179872
8 18 6 3 67184 1.0342964479118768
26 0 27 23 107581 0.9843559812341862
7 8 2 23 69680 1.080615998080019
22 9 1 15 85433 1.098015946830873
24 7 3 17 105732 0.9094984036977944
2 1 18 21 122822 1.0900946872378876
4 12 21 5 90658 0.9294483334632317
4 17 21 7 97672 0.9434399528216673
29 12 11 12 69412 0.9682247017478549
17 25 20 16 39197 0.962017320490169
23 19 1 1 127014 1.0805380201665384
13 18 21 12 42083 1.066476301193019
4 21 9 6 78629 1.033584534860339
22 16 14 25 60523 1.0636723291332817
0 0 5 15 83792 1.093402802065231
25 6 15 28 98692 1.075459758414282
7 0 25 2 100027 0.9299992626728759
18 11 14 21 46843 0.978083335223632
23 9 12 6 71110 1.0937888127753292
15 14 10 2 56167 0.9175888304184552
2 29 18 11 104194 0.9942130230805122
0 14 17 8 72745 0.9990728208184344
25 12 13 22 59368 0.9405713566344487
10 1 4 6 46170 1.0930782986663876
23 14 2 15 61782 1.0732202629315761
27 9 3 23 119339 0.9046309425674984
14 25 6 20 40799 0.963307425997125
16 28 15 12 53280 0.9310622522434602
29 15 4 7 107477 0.9002918001137908
21 27 3 12 97113 0.9121379890783032
15 20 14 2 56361 1.041421231842615
11 13 10 23 35693 1.0324420614231973
1 16 2 25 39195 1.0838769742108874
20 6 5 22 104591 0.9061323799589834
16 2 20 10 50150 1.0038012768081557
9 8 26 22 101298 1.0323400591888852
8 11 2 4 53954 1.0481121586184339
26 6 16 6 41507 1.0556680361430966
23 18 5 7 97664 0.96144067025156
9 19 14 9 50808 1.0970753237783228
24 8 14 11 70567 0.9508955035935989
18 27 2 1 137646 0.9605793777430834
24 16 9 24 77954 0.9569885980430777
12 17 15 10 34358 0.9517683729864862
0 25 19 28 72762 0.9265550616656529
13 0 22 8 65546 1.0740879858676546
12 21 4 13 49971 1.053167580161742
16 12 17 2 41543 0.9448318270293221
5 26 28 7 128862 0.9841904907823169
3 9 22 9 100966 0.9836454109317659
11 15 7 7 47442 0.9683492202711415
6 2 5 22 76490 1.0286451626701543
22 4 0 6 108046 1.0130196824417346
22 17 27 24 58439 1.0324133809881417
16 25 0 11 96447 1.0532272171945336
12 9 3 8 48118 1.080363197649319
10 20 24 14 53188 1.0041969099880492
24 10 21 22 63600 1.0262464524404218
12 9 2 12 60072 1.0398576737137457
18 1 22 28 108328 1.0582229263237053
27 11 17 22 67686 1.0573845107874722
11 29 5 23 36946 0.9990069992457749
15 21 20 15 32773 0.9139148866395391
25 8 12 25 92610 0.9604952099404765
0 16 29 6 120474 0.9649352366034207
25 16 10 12 58080 0.9210906172995204
28 29 1 7 150801 1.079716274211587
5 12 29 15 81835 0.9487804454467235
3 12 20 13 63733 0.9179327235607008
6 1 14 12 67786 1.0886341633702572
7 11 6 20 35742 1.058016539035196
29 21 22 1 100981 1.0998846660082249
3 14 15 0 71390 1.0666749819418342
15 6 15 17 31468 0.9381525344404718
8 17 27 26 95413 0.9866233737357968
0 20 16 16 66954 1.0055854717200818
14 27 15 1 75655 0.9548877793177714
5 14 20 18 53308 0.9495696715754368
12 16 16 23 42396 1.0345200319432797
7 16 23 8 88841 0.924941603506166
19 8 29 25 97168 1.0070614085272738
1 0 3 14 66954 0.9643605098603032
15 28 28 26 43913 1.0390389432673668
7 8 8 25 64917 0.9784829454902181
6 27 22 3 129159 0.9301215201060713
26 12 21 21 47870 0.9656645118948761
6 24 0 12 58459 1.0952787795458672
29 1 14 26 132651 0.9563004036280726
20 17 27 20 47032 0.9677828187663511
22 3 12 4 48504 1.0185336783679673
21 3 14 14 63005 1.0759909768718598
9 12 13 4 43825 0.9989397136494225
1 6 17 4 83003 0.9151355092065171
21 6 16 21 76588 1.042672366775077
22 10 29 25 86097 0.9994929440647629
2 10 29 0 143429 0.9249798207727992
0 13 26 14 78026 1.0149280153589177
15 1 4 25 100369 0.9780904283594782
14 0 4 11 89293 1.0534394842370436
12 21 20 5 79575 0.9080469379891656
9 20 21 2 97478 1.0740810855441183
2 7 21 28 125205 1.0696250632103024
11 15 2 23 54024 0.9152719278044296
22 8 9 9 77639 0.9681528312362209
22 1 29 20 98232 1.0877780835295363
21 11 3 11 76225 1.0649398415898546
22 8 23 27 88602 0.9466559349909073
26 17 2 9 107803 0.9390001986186487
12 8 28 25 111683 1.005522400854343
5 1 22 4 88589 0.9371634986264583
18 26 0 16 93926 1.0665509414077374
26 18 9 8 89029 0.9909809680492201
3 25 15 6 94492 0.9023513812903182
8 9 28 29 125363 0.9526017095379392
8 5 23 17 95796 0.9301324129717903
3 25 8 11 66724 1.0250237631580716
27 7 6 8 105351 1.0721228381788137
15 1 19 22 71067 1.0435690671834135
14 21 9 8 59769 0.9195873871053589
13 6 15 26 68401 0.9241371015554557
22 27 10 11 80998 1.0433116254279629
16 23 26 22 38138 1.0278080037869635
13 12 27 13 52540 0.9636617581966891
6 12 8 20 32098 1.066294851736021
18 1 10 8 53619 0.927160579824541
17 4 20 14 47528 0.9684126414394185
23 6 14 4 39338 1.039888455691581
4 15 19 6 81095 1.0127123967101093
8 9 15 4 48381 0.9335142616288251
14 21 1 5 98880 1.002239038358159
5 15 21 17 59454 0.9664179073713804
9 8 11 24 59566 0.9192275175219801
11 3 1 11 71332 1.0952720466277706
5 26 28 3 146321 0.9285825987084287
27 16 12 4 89273 0.9377439346573138
26 2 14 23 110182 1.0277136830625995
15 6 26 12 58400 0.9055984564358538
0 13 12 28 84525 0.9156698818497386
26 7 23 17 57204 1.0546079533067787
1 26 25 24 87498 1.007334043494611
28 6 13 3 61199 1.0000153544295969
8 24 6 6 63765 1.045468865175647
29 12 2 2 133237 0.9330591245284664
25 8 18 20 65712 0.954334224650609
24 23 27 7 85510 1.000375334061278
10 27 14 1 93965 1.0538606950454326
11 14 26 6 75998 1.0875223169772488
9 12 3 25 63889 0.9891863448451755
13 18 17 26 36899 0.9030501689002661
29 13 22 19 56635 1.0808996161713509
6 17 19 9 69298 0.9578133111089286
9 27 14 0 102162 0.950510189830886
11 0 21 12 87085 1.0323260269348726
4 5 21 1 89618 0.9553550266037454
14 1 0 17 96012 0.9579720229805178
5 25 23 6 122878 1.024239209110745
28 23 2 25 96061 1.085279872874518
27 3 22 13 66910 0.9036490676798407
24 13 19 4 58981 0.9810507591034248
3 12 2 22 46346 0.9544787201564541
27 21 14 20 60444 0.9428485216583765
22 23 10 4 98368 1.0312622144760457
21 26 19 16 42801 0.9478155359238325
18 21 12 7 66735 0.998762450933657
0 22 7 8 75606 1.087438008302425
20 11 29 15 47362 0.9199550046202281
22 12 16 27 69587 0.9807864208770166
9 15 3 24 52192 0.9116127409079887
17 5 9 25 88683 1.0321076108323812
1 28 17 22 70837 1.0086795338056116
4 7 28 23 132953 0.928976593614733
6 7 5 26 65943 1.0306993900483519
24 24 7 10 103854 0.9426010564946389
7 15 3 0 71314 1.0809443485907038
0 2 10 2 44381 0.9957560454602615
2 5 13 4 58268 1.0470471842752254
11 18 3 2 86467 1.0811146618532654
22 25 3 27 65826 1.054181175039398
28 7 26 20 70788 1.011119965237767
22 5 16 14 53709 0.9645533562890908
10 17 21 6 75495 0.9104650969366824
0 12 15 20 69194 0.9287434073232776
25 14 17 5 54597 0.9297228462351951
28 29 17 5 120786 0.9174834349253292
10 15 27 23 82145 0.9501709242429319
17 18 27 6 76513 0.9297090873474013
10 2 27 26 131935 0.9615713644351571
4 16 17 28 86092 0.9058723943851463
21 27 28 2 125133 1.0569255311364147
22 11 20 24 55458 0.9281781072259185
24 7 8 10 90518 0.958464874039092
10 5 23 7 62986 1.0323511804327064
1 27 16 5 114642 0.9010624153598475
9 2 17 19 78262 0.9205126221314022
12 6 16 16 44745 0.9490481750479096
14 10 3 12 55427 0.9123327945918935
8 25 18 14 62458 1.0040017926704465
2 0 21 23 142097 0.9248741230466243
27 14 16 6 64518 0.993933664492884
24 8 0 23 129745 1.0697013646402072
24 3 20 22 88759 0.967384923969978
20 9 14 14 44676 1.0341590834125993
2 20 13 21 44098 0.9827133887087085
9 24 1 11 64545 1.031275933049616
3 4 28 2 118322 0.9866974958644362
26 19 8 15 76721 1.0721296639781857
23 13 5 22 80499 0.9710582941140926
14 7 19 28 82524 0.9388154032182525
7 23 19 8 84634 1.0522811892011383
22 20 9 3 94351 0.9954043643000726
2 27 3 6 94499 0.9143900120396236
18 26 27 19 62332 0.9366515935010999
10 17 5 25 39254 0.9260349407390449
12 6 4 28 101595 1.063431914426895
10 28 8 13 59623 1.0830351442894506
10 2 15 16 61973 0.9806374844752288
22 22 1 22 72462 0.9577723244062233
4 8 11 28 89638 0.9746751304727516
12 18 24 26 66887 1.0610635736216585
16 19 10 11 43994 0.9293097769730652
16 26 6 13 65979 0.9509248050198001
13 8 19 16 43019 0.981891719919612
27 17 9 19 81037 0.9737864375805917
15 6 24 29 94087 0.9234198294513373
9 21 26 5 103609 1.05354894932916
10 8 3 27 82359 0.9189181952968963
1 0 15 28 135320 1.0252639116946909
22 14 2 9 81012 1.0123110237674566
11 19 19 26 49250 0.9469126263027298
7 21 4 29 35187 1.010965798665688
17 0 20 19 77369 1.064624815133747
16 16 1 1 96775 1.0817542415358656
18 12 6 16 47314 0.9226025167632487
9 1 1 27 118496 1.0667140127535295
3 26 1 1 110386 0.9845859599767119
11 3 17 21 78962 0.9248449449336248
0 12 11 25 75873 0.9317760027794816
1 9 20 16 81867 1.044053456444883
13 22 8 1 90723 0.9320721439504672
23 27 4 21 72458 1.023575105475642
18 18 25 3 76920 1.0050762504839739
8 11 11 22 51777 0.9381215406126218
5 18 15 26 56237 0.9669584045269464
18 6 29 2 48740 1.014478844190466
14 9 1 0 85403 1.0875124865655625
24 1 13 4 54535 1.0282918582894487
14 14 21 3 63005 1.077810693683336
21 0 27 29 137488 0.9471604619706716
20 13 16 19 35776 1.0148688851754746
17 14 26 16 35885 1.026030738262218
17 26 23 17 54542 0.9706402108211333
15 8 9 25 70904 0.9377969160565516
23 14 3 16 62379 1.0858466692806426
18 21 3 7 92898 0.9531028509142031
10 8 26 12 69562 0.9120018146304402
16 12 5 15 43584 0.9803696836590713
6 23 23 5 108356 0.9759501150789935
27 14 5 28 103987 0.9490915586882899
14 8 5 23 75524 0.9355712756948766
18 0 23 28 115682 0.9616146928481211
14 21 14 0 73322 1.0964033120092234
4 9 16 18 72182 0.9506246421452514
17 1 12 23 80351 0.9108079668525108
24 25 16 0 108886 0.9721470173502963
24 10 28 18 53098 0.907754631588568
12 13 22 24 64829 1.0655150559022626
21 22 17 7 68521 1.0036432437383018
24 8 16 20 75883 1.0522257955017618
8 10 6 22 50936 1.0927479146311807
9 20 23 1 107406 0.9849327283435519
0 28 17 23 72404 1.0881077180774839
0 20 19 10 92328 1.0057039293194083
5 19 4 8 49504 0.938513171865009
7 22 17 18 46406 0.9721792705193625
8 28 2 11 76713 0.9384002622811556
8 2 19 8 70493 1.0288646215846053
19 21 0 3 122849 0.9046750569935548
11 8 22 15 62399 1.0748312397814133
9 24 17 21 39162 1.0952720476883828
18 16 7 4 75847 1.0486559151957777
2 2 15 24 115406 1.0916708306533178
26 29 25 9 90833 1.0999074377264344
24 14 22 4 53466 1.036845036386772
0 20 2 4 79431 1.0120071155367336
7 3 10 11 35876 1.0750954815686813
8 7 26 13 81992 1.0647371197183322
18 28 9 17 62259 1.0660603479668616
0 23 1 5 81539 1.0202332160486784
0 18 18 18 75296 1.0404708608636746
7 1 15 15 74728 1.0795607862720693
0 19 25 12 91323 1.0393423146819072
7 28 3 14 53280 1.0085024206307343
29 1 12 22 123615 0.9670444517436491
5 12 21 29 95611 0.9022513864434507
22 12 5 9 79617 1.027393009937293
17 19 8 28 55610 0.9247816668910146
6 21 29 29 90135 0.9942634357009825
9 2 12 25 86923 0.9526960116905807
22 22 23 2 102084 1.0900362564539188
6 4 12 16 64948 0.9527172292549654
11 1 10 29 103627 0.9606677899911997
15 6 28 1 66723 1.0607232714833719
4 21 8 27 32593 0.9469033227189181
8 15 1 4 67998 1.0776150587628284
24 18 13 23 56076 0.9660700238545191
14 2 22 26 97975 1.058849924966942
11 11 5 29 78604 1.0106909532769262
10 1 27 6 80765 1.080266736580548
24 10 21 23 66034 0.9696210051097348
11 3 20 18 78195 0.9738472793577209
2 21 20 5 110978 0.937004082405408
26 6 5 10 106048 0.9579145088545074
11 25 15 16 41809 1.0357029653295236
9 14 14 28 59555 1.041841892897689
17 26 27 20 59304 1.0249445975033158
9 3 7 14 47959 1.0420367851470047
20 25 26 11 62444 0.9873577876571672
14 3 2 29 122894 0.9613158362422196
27 5 27 16 56475 0.9883320455673599
16 1 6 15 68852 1.0971429446425436
27 18 3 6 119749 0.9077561348038222
6 7 20 16 71258 1.0904941618566566
16 19 28 13 61229 1.028471918422768
18 16 8 14 32065 0.9738191574983586
24 25 27 2 112921 1.0768193088069633
25 13 18 0 70297 1.057434394760636
23 3 19 24 97622 0.9278031563120902
10 4 0 28 107843 0.9731643100678111
13 3 26 22 103692 1.0964282174046387
5 4 20 22 110356 1.065197083030502
23 12 18 7 43363 1.037265807604434
13 13 27 6 75618 0.9687300487083104
24 9 1 14 89429 1.033644163410307
29 7 20 11 65859 1.060794230879572
21 6 9 22 92063 0.9260479090888166
10 22 27 11 80509 1.0191908872201623
17 18 22 27 47915 0.9186569382727897
20 20 15 28 37587 0.9823387589514032
23 8 15 17 64050 1.0804951968285792
10 15 1 29 72140 1.0787421584661328
9 15 1 18 36602 1.0760151479593087
7 28 15 6 87963 0.9339054576465547
2 13 2 27 60399 0.9367497450642582
19 16 28 8 61048 1.0137241278856568
9 6 5 15 52048 1.0424704289647477
12 9 17 14 32780 0.9425784893004384
25 18 0 8 111463 1.0150442117651477
21 28 19 10 78127 0.9736805079855115
18 12 27 21 67713 1.075785143116814
2 9 17 19 80443 0.9794507032476989
5 3 29 8 101385 1.0946375214741346
29 17 15 9 70861 0.9696925802133118
12 21 2 7 83093 1.0546629356050783
3 21 2 11 47509 1.0996506971949533
0 16 28 1 141087 1.0735837455796307
0 15 10 16 34341 1.067876297101741
27 10 24 22 63182 0.9541367792207414
8 19 27 12 73014 1.0181306683204212
13 24 2 12 71704 1.0043642113279487
5 29 25 23 79067 1.0444110640769575
15 22 16 6 56219 0.9753827753446722
7 3 12 19 69155 0.9645392097539353
9 13 28 0 119850 1.0913289747839048
3 7 13 5 59110 0.9898750002484809
11 20 19 2 85537 0.934358926092113
2 17 22 9 94624 1.0477363351605637
3 3 27 9 118239 1.095982472268832
15 11 17 3 29886 0.9480065099162663
18 23 23 7 89611 1.07858953400692
6 0 20 19 105379 0.9539734048846791
14 26 19 6 88130 0.987217486333637
28 3 22 26 115646 0.9137501253633731
6 14 26 6 89255 0.9854098570889536
26 6 4 15 98366 0.9951869877738608
21 8 26 21 73636 1.001735054843447
24 20 21 9 62660 1.0330203306636445
14 16 6 22 48022 1.0082232209627306
0 2 16 22 119985 0.925346367929473
18 18 15 8 40623 1.0195301976717848
0 20 7 17 36510 0.9694800519487378
8 8 22 28 104865 1.0251676825044247
27 1 7 18 130206 1.0434158004162202
5 25 18 4 105283 0.930655495867943
17 16 26 4 72126 0.9020631341379346
5 20 22 18 69700 0.9507606013632163
22 3 1 5 100639 1.032658977995193
19 1 1 4 86075 0.9226163039629077
21 25 26 2 107825 1.0719133697612642
23 19 21 11 39797 1.0244051602999293
26 2 7 17 116203 0.9502302867114852
3 9 22 18 93907 0.9057797226195352
29 19 9 14 78640 1.0763247950065145
14 4 26 20 94118 0.922795423022467
25 4 8 1 85718 1.0322418289404793
0 26 11 1 120125 0.9596814300260383
0 12 21 28 108870 1.0722278774885519
11 4 2 21 87697 0.9309677699850473
29 4 14 4 55853 1.0338170435305662
17 4 2 11 95370 0.9264149020686788
12 19 21 2 84809 0.9325585626578168
4 16 27 19 100769 1.001316784981919
12 29 7 14 64416 0.9436720025027284
17 6 3 10 82071 0.9740611835136053
6 20 23 12 79484 1.094813683790858
28 22 12 26 65074 0.927090349471855
0 6 11 8 62457 0.9051121117414689
27 24 8 17 92294 0.9089420192495209
4 23 17 17 62791 0.9565410077316223
24 5 18 14 52086 1.0854641939673293
8 5 21 18 88832 1.0610110847991499
17 4 0 0 87442 0.9724633746858405
9 23 10 2 73427 0.9509515982698383
7 29 17 19 60943 1.0304191883188767
19 6 7 8 73031 1.0384677943385197
23 25 14 2 100395 0.9259902031026194
0 6 25 17 118295 0.9427456864950873
6 6 25 14 80324 1.0075967441382807
28 9 7 22 103436 1.0085197977453575
27 3 27 16 66381 1.0712354008872689
16 12 7 2 68632 0.9792078645774471
3 16 14 5 70359 0.9621021866340826
9 7 13 16 42222 1.0195187186078876
4 3 22 13 99187 0.9248545869683796
12 23 3 17 50076 0.9747376936723904
4 13 22 19 69358 0.9183706535147574
24 20 9 25 72288 0.9940431741505968
6 18 15 7 61294 1.0812353195692805
24 8 16 5 42656 1.0540081315297112
6 8 21 5 77335 1.0851707281721452
3 5 5 17 62155 1.0941829382779342
18 21 11 1 89551 1.0012480584597254
18 19 24 8 66505 1.0517746913741022
26 7 10 9 85296 0.990434282014302
25 25 9 9 105189 0.9271542193612391
8 27 13 11 64186 1.0712337345858747
16 25 6 11 72883 1.0349747631788653
5 21 25 21 75319 1.0704454519150661
0 23 12 6 99922 0.9408799991504737
10 8 0 25 89437 1.0166765605041639
29 27 21 0 125133 0.95804982358545
7 3 21 13 82919 1.030426854971667
10 24 16 15 42331 0.928175156767828
16 28 0 16 94062 0.9675558353685526
19 10 8 12 56729 0.9326114985545036
14 15 0 10 63499 1.0964201810682728
13 2 16 22 74049 0.9868513859893305
8 11 4 25 61687 1.032392242872717
27 24 11 14 84395 0.9096930568741787
15 15 23 19 35051 0.9773538968979153
9 6 21 29 108940 0.915608590439661
14 25 23 15 60865 0.9540885576173226
5 18 9 7 57469 0.9270707718690839
14 16 11 23 37438 0.9315342316595168
29 15 6 29 113376 0.9190646997433808
15 29 23 21 54700 1.041653911076327
28 6 2 1 114047 1.0237774998164106
22 0 6 1 89079 0.9597907141462051
20 26 0 18 92596 0.9199099336923644
22 3 12 22 97903 0.9229612867799276
22 23 15 4 80310 0.9849286532336519
19 25 29 2 116225 1.0618131301111318
22 21 1 1 134093 1.0176466421968948
11 22 0 14 55086 0.9431834858201149
4 8 8 28 77496 0.9681410664782862
18 7 12 18 58718 1.007039610890789
17 5 1 23 107504 0.9817332191575667
23 22 1 6 124241 0.973575560750007
18 17 7 20 53146 1.0291801762006159
27 4 9 12 91895 0.9344745051945792
24 3 17 26 111795 1.0293952274780807
15 28 26 27 29844 1.0265920225398806
6 22 15 6 74253 1.0528552686170252
22 17 24 7 58087 1.0074062202691503
23 0 9 3 74532 0.9926671575317848
16 7 3 9 78373 0.9279293895257938
20 14 27 17 36452 1.0131779897188173
1 6 6 21 71950 1.0339860686045894
28 3 22 9 50836 0.9840057544015471
8 25 7 14 40330 0.936082340020576
25 28 17 19 56185 1.0954767271683534
12 9 15 20 44171 0.936498669099063
16 11 2 13 57484 1.087800471990868
3 3 17 1 66138 1.0783384175885877
28 21 22 17 50801 1.0988845567233554
29 23 25 10 64571 1.0102806898778383
10 22 27 6 105258 0.9605335822721504
0 27 10 5 100375 0.9568403156569151
12 23 12 2 77573 1.0338582130760285
17 17 0 23 76938 1.0907296986609931
6 18 14 20 35476 0.948068330595091
10 5 7 20 61641 1.0773223548097217
18 18 3 24 74028 0.9747445934343166
12 17 24 10 65489 1.0900595029083993
10 3 25 13 80599 1.0273047950353738
3 6 11 11 56576 1.0891038913184616
28 9 20 23 74828 0.9195792113019813
20 6 14 19 71371 0.9799526017590126
26 19 10 18 71139 0.9525541790103642
27 24 19 26 36419 0.9020077456358313
25 22 8 19 65555 1.0004164188738998
3 12 27 20 109105 1.0532164308588055
20 6 16 20 71255 1.0452546829766383
28 11 0 19 109629 0.98970797508616
14 7 28 0 83041 1.044741144255845
12 3 20 20 81258 1.0784629375366555
15 5 24 1 47703 0.999047231680698
11 22 1 29 53655 0.9910794676694297
27 20 15 26 64191 0.9526531322984307
12 25 28 9 99287 0.9169778324463257
11 26 20 2 112258 0.9146216269584725
10 26 25 28 47255 0.9666955029704674
17 12 14 5 35858 1.0418945091420873
15 23 28 17 68767 0.9478682290718529
23 29 3 29 77534 1.0731245566771286
15 26 10 5 81818 0.9900131349217977
6 7 1 18 52477 1.0498607500322619
23 0 11 10 80265 1.0739128126189137
20 3 20 27 100882 0.9282466355557529
28 20 11 18 81109 0.9450071205748971
6 6 27 6 94868 1.0920307758352463
18 1 29 9 59049 1.0780939959449747
10 16 18 26 53364 0.9546782221450694
10 23 19 17 54934 0.9977648571849114
14 11 6 0 72555 0.934529873405419
16 16 24 19 41452 0.9719891051059739
6 14 17 3 65796 1.0143718554386525
9 6 14 12 42467 0.9510221292167734
23 27 5 14 84295 0.9358096645123253
25 18 6 3 108134 1.0761170596560699
11 9 8 29 78325 0.9719055735831219
6 29 23 7 130435 0.944008135181339
26 5 16 28 110446 0.9159591366960645
0 25 20 21 82630 1.0301594481019916
14 23 4 3 97882 1.0668972140066901
14 4 20 8 41860 1.0284434212086684
14 2 25 21 98958 1.0661208018297952
25 27 16 12 75535 0.9160028206304598
13 12 15 1 35126 0.9892520906373307
8 15 15 19 33755 0.9944257067637634
10 24 20 27 36943 0.9107455572251952
13 11 16 27 55825 1.0175348111789668
25 16 13 26 76327 1.0769616745521742
16 24 23 3 102280 0.9359662370967946
13 12 24 6 64001 1.0178585210469515
9 21 0 16 58000 0.9705657744197889
28 17 19 10 62982 1.0318717294638216
29 28 4 5 155866 1.0841046995844303
23 19 5 0 120859 1.0133083953732076
12 16 21 12 41740 0.9619514460317529
7 4 14 24 92165 0.9013002136087666
19 0 20 16 70013 1.0454724600051901
10 6 17 18 58312 1.0820709265449973
16 11 2 13 57484 0.957124809001829
19 5 23 15 53991 0.9113971986355333
22 3 12 12 68717 0.9154520652055873
8 18 5 2 77466 0.954878802161381
22 6 27 25 106322 0.9152996250909781
29 2 11 4 76609 1.0498209793974909
15 14 29 4 77858 0.9544211683717454
15 15 21 4 58050 1.052352747044146
3 16 19 24 78606 1.0093143413311823
14 7 24 12 64528 0.9380403911599227
15 20 22 23 33188 1.0716867770910732
1 7 19 15 81435 1.07768636146357
14 26 12 14 44209 0.9312639140958243
2 21 12 10 75388 0.9509548159403436
6 1 21 13 95508 0.9158753443197486
24 15 0 3 114924 0.9267064639715662
24 20 8 20 68778 1.0190651667403456
4 3 11 12 55624 1.0788580281503672
26 20 13 28 65421 1.079199204201112
21 11 3 13 66525 0.933931524898739
3 10 24 6 109050 1.0224188365839206
14 9 13 22 47105 0.9692061616373484
15 12 5 5 70062 0.9096452286639715
23 13 12 11 48284 1.092449623231851
2 23 23 3 135361 1.0244742253743486
18 1 29 24 113859 0.9023392487389321
15 21 4 21 48514 0.982181393152038
0 29 17 4 134082 0.9655070073849243
24 27 0 13 106463 0.9660157365476424
21 4 23 25 99137 0.9952725028687001
23 16 22 4 64223 1.0314724905971004
8 18 17 12 51492 0.9442548019096925
1 7 22 20 108594 0.9762283180579499
26 18 4 25 102104 1.061210957495076
22 3 7 10 89691 1.0671342248105213
28 1 27 13 62511 0.9095344651522316
4 0 1 25 115208 0.936298645795445
28 4 15 16 81062 1.0254773116523797
6 14 15 12 32497 1.022305432521753
0 20 14 7 86655 1.0760509181281042
13 4 19 28 91443 1.0554452941535748
8 18 15 23 41888 0.9769413805822744
11 4 4 18 71880 1.0323179315138524
14 17 2 17 55574 0.9939792911994462
7 11 23 17 79949 0.9741438418532421
14 16 25 3 77763 1.0359822429670156
1 20 22 8 109768 0.9816323256589993
11 23 4 7 77768 1.0985318081647528
9 14 27 2 99802 1.0180148095262065
18 25 10 10 72198 1.0268435517169772
23 9 29 26 90255 0.9189500471681494
29 10 14 22 84620 1.054646611126584
5 6 19 1 80181 0.9663155390518088
26 4 5 8 102040 1.0333648324016207
6 27 11 5 88079 1.0623505119918972
14 22 26 23 45274 0.9845942246062207
29 1 18 27 128982 1.0364807620880707
28 17 3 14 86745 0.9615167131873822
3 0 20 27 141009 1.0412076073066945
7 12 27 29 113877 1.0799610206628996
26 14 20 5 56272 0.9342938233641509
5 19 20 5 91542 0.9135716982604315
2 12 19 10 76356 0.9832342678009811
4 12 0 23 59162 0.9103294055116966
8 6 23 10 93372 0.9355352575127128
7 18 27 19 94778 1.0474432365854924
27 24 14 4 106920 0.9645230298775354
2 17 28 14 89402 0.9950895017687745
8 27 27 22 73812 1.0363380037774872
7 13 4 6 44522 1.0149659308935828
28 9 9 1 100958 1.0678165162038522
10 10 28 18 87906 1.0668761456175635
25 5 5 1 90407 1.0282543004590126
24 1 17 10 63356 1.0577189885376477
21 9 12 13 52088 1.0776161423007802
22 23 14 11 67121 0.9052878574060111
18 18 2 0 116503 1.0678887853745187
12 4 5 9 52019 0.9891916700449497
0 9 16 0 98049 0.9453575565828075
20 24 13 29 32420 1.095840969570298
22 12 8 7 78398 0.9455332177906991
25 15 22 27 63388 1.0305579439113102
1 25 15 2 109561 1.068313406524982
20 28 6 9 95870 1.089969676906374
21 8 10 23 83474 0.9989851081884933
9 11 7 25 59584 1.0439436172603032
27 19 17 27 65199 1.050025227636651
4 16 23 21 86895 1.0365599906046974
29 23 29 4 73170 1.085936231084163
23 22 17 13 50974 0.9688414761425389
19 26 20 8 81842 1.0447316212176117
12 13 17 7 43744 1.0638966068374311
3 7 9 2 45562 0.9106571229789046
18 19 2 18 62494 1.015800880562617
7 22 22 15 66118 0.9527162266437194
28 0 25 21 107651 1.0474814736044535
4 24 20 20 66469 0.9702586679149998
23 3 24 21 94603 1.0798199768105734
6 17 13 27 52163 1.0661683463392744
3 28 17 26 50362 0.977401588744121
14 14 18 20 29685 1.0444624678422696
13 16 25 29 72395 1.0512860409155367
29 13 0 19 108508 0.9058209981365003
0 7 23 29 140907 1.0397427362323681
3 15 16 17 46671 0.9044630997286035
3 0 24 28 156506 1.0884840887942804
9 26 1 22 38198 0.9504188501020666
10 25 23 6 108751 1.0887582404122456
2 29 8 7 102149 0.9578006542372525
4 29 28 17 119334 1.0327672479727616
15 0 22 24 89724 0.9978415598806857
3 13 18 25 81010 0.9713911979644734
7 5 14 20 78570 0.9191170768755618
13 14 1 18 46472 0.9218337257865878
20 8 5 24 100075 0.9287738755437976
14 19 28 29 72268 1.0756003428896688
9 20 19 26 51126 1.0590846597315675
29 18 10 13 77282 0.9650946490975807
13 6 4 0 62308 0.9750532900570659
8 15 23 5 79176 0.9089357938673148
0 14 23 24 96578 0.9636551097399607
5 1 20 19 109475 0.9984639753017468
10 9 28 26 113670 1.0350979032981942
7 8 1 27 84238 0.9045881378232283
12 29 14 11 67166 0.9046352051112473
28 29 17 7 115848 0.9875871269999708
8 5 14 0 51611 0.9320007107856685
7 27 11 9 72503 0.9576465204173461
23 11 16 27 80423 0.9728706372490168
27 25 13 18 69299 1.0522584970931068
15 1 27 2 59486 0.9193676920010904
29 0 22 18 99960 1.0415233557026669
18 26 4 28 50035 1.0392948529904398
0 24 10 26 49179 0.9652090761882312
3 11 27 4 119897 0.9626230452167899
4 1 10 25 106136 1.0678473163580828
20 29 3 29 67009 1.0144628063962469
26 0 27 25 114596 0.9367769662282994
24 0 2 10 128910 1.0104206899877712
4 17 25 1 127700 1.0387388729350744
14 18 26 2 96287 0.9640408113426779
22 6 11 24 98523 0.985026181858982
26 1 26 23 105513 1.0282637815698825
8 7 20 18 74484 0.9420339912850972
23 4 17 8 38074 1.0830723449810267
17 18 10 15 29098 1.0524426994058669
24 24 17 20 40545 1.0539855706977028
24 13 10 28 87323 1.0200390658390406
16 20 9 10 54761 0.9400441515594805
28 17 5 24 104183 0.9984633559405031
24 22 29 7 72823 1.0080142430683967
25 14 9 22 65799 0.9920128152899715
17 25 1 18 77961 0.9491453767466892
15 7 25 6 44549 1.0244166230960952
12 17 29 16 67730 0.9957883217070793
19 24 7 13 71446 0.9882536960904175
29 2 5 8 118993 1.0757173027813076
25 28 10 17 72907 0.9138727857709047
1 8 27 7 124921 1.0459234669045263
15 25 5 3 101973 0.9899690945992912
14 26 5 25 38061 1.0538441670989314
26 23 21 14 53975 0.9531712920726161
2 25 20 17 86090 0.9574983790599643
10 5 9 26 70043 0.9112296748853462
20 14 12 12 30491 1.0799893373610208
8 5 25 22 114273 0.9115489194681495
25 5 3 29 146480 1.0991642748377548
23 7 0 13 109359 0.9542812404533062
27 13 7 24 91115 0.9662059484981115
7 18 20 5 89042 0.9218304373691513
29 17 12 15 63873 0.9345165959803755
24 27 22 15 59183 0.9207349833998023
18 6 0 19 100520 1.079826613810418
24 17 5 24 91623 0.9854383204124681
15 3 6 8 56960 1.0644944275141386
6 5 9 13 47035 0.9429188812454085
27 21 1 0 165319 1.0113547381480767
9 19 2 4 79553 1.0951380181847885
13 3 1 16 76998 0.9580582104005194
18 17 18 28 47323 0.9154702729182802
18 9 15 18 39797 0.9225960878201014
11 0 24 13 95403 1.090023815665508
7 19 28 14 78913 1.0310619510033556
25 25 13 1 115597 0.918714363276574
12 21 13 0 77561 0.9739143232278656
18 24 5 2 113715 0.9532462891600955
7 25 27 17 103445 1.0038371243722746
20 20 16 7 62503 0.9135315950922873
16 7 14 25 66459 0.9876197806290926
10 9 18 6 53587 0.9782945498601654
