7065 7605 6806 7657 7160 7678 6886 7047 7575 7749 6881 7492 6720 7256 7738 7343 6862 7587 7139 7115 7809 7544 7661 7783 7363 7329 6914 7051 6754
4893 5088 5065 5006 5190 4698 5456 5457 5836 4858 5364 5503 5432 5723 5602 4712 5544 5619 5745 5520 4936 5318 4871 5743 5343 4747 5228 4937 4680
3326 4203 3545 3298 3299 3698 4299 4264 3360 3186 3328 3472 3202 3458 3441 3995 3853 3394 4092 3428 4065 3940 3964 3935 3405 3697 3949 3490 4341
4292 4009 4541 4545 4641 4481 4302 3788 4265 3645 4081 4358 4711 4098 4070 4727 4380 4165 4132 4687 3839 4628 4293 4115 4756 4258 4092 4679 4110
8285 7708 7664 7886 8051 7797 7431 8210 8259 8037 7289 8209 7600 8446 7502 7917 7724 7632 8278 7880 8236 7841 7320 8112 8046 8062 8115 8125 7918
6290 5331 6088 5464 5730 5639 5558 5739 5246 6114 6186 5612 6284 6142 6250 5467 6220 5196 5974 5441 5709 5497 5849 5952 5813 5708 5479 5693 5860
1988 2796 2814 2088 2948 1911 2801 2065 1989 2949 2081 2525 2493 2288 2403 2670 2748 2296 2797 2396 2201 2392 2498 2610 2725 2724 1906 2781 2800
5346 6278 5928 5974 6257 5949 5540 5664 6121 6208 5975 5417 5953 6047 6227 6163 5179 5227 5620 5623 5920 5756 5872 5461 5368 6019 6088 6187 6032
6160 5619 5835 5386 5484 6004 5938 6517 6073 6537 5849 5380 6217 5354 5547 5460 6202 6028 5416 5992 6162 6285 5941 5476 5670 5742 5502 5576 6373
8221 8564 7890 7475 8136 7466 8386 7894 8529 8160 7629 8592 8550 7478 8117 8567 7495 7845 7667 7903 8320 7432 7930 8041 7992 8196 7469 8562 7934
4318 5102 4760 4996 4425 4728 4488 4362 4431 4356 4147 3947 4580 4001 4889 4081 4618 4143 4029 3977 4527 4296 4989 4632 4329 4268 4406 4232 4071
5378 4749 4836 5368 4710 5135 5315 4237 4583 5063 4479 5202 4986 4501 4877 5324 5136 4898 5276 5081 5431 5455 4239 5286 5423 4380 4614 5190 5217
7958 8098 7463 7622 8318 7848 8340 8123 7737 7371 7722 8167 7385 7408 8357 7289 8059 7716 7228 7724 7709 7611 7838 7901 8156 8317 8356 7526 7964
2334 2722 2409 2827 2870 2227 2502 2846 3010 2768 2435 3418 3154 2441 2577 2389 3117 3015 2281 2863 2867 3021 2627 3219 3223 2743 2600 3307 3252
4205 3552 4222 4135 3355 3972 3843 3414 3671 4448 3339 3745 3814 3555 4164 3809 3557 4280 3890 4344 3471 3374 3261 3673 3325 3411 4132 3384 4081
4319 4765 4344 4790 4944 5217 4558 4744 5105 4718 4192 4524 4178 4426 4392 5270 5135 5291 5146 5074 5254 5146 4882 4848 4593 4569 5192 5111 4780
7527 7235 7306 7142 7748 7961 7968 7705 7102 7864 7287 7734 7538 7021 6832 7296 7165 6816 7211 7311 7252 7858 7127 7556 7584 7141 7418 7900 7464
5055 6054 5952 5017 5953 5020 5965 6041 5130 5365 5081 5475 6040 5260 5667 5961 6002 5446 5309 5739 5857 5884 5634 6089 5897 5410 6091 5111 5446
7697 7258 7482 7654 7196 6996 7986 7923 7784 7860 7139 7713 7598 8153 7222 7775 7531 7725 6948 7974 7497 7901 7141 7326 8151 7123 7045 8029 7067
4483 4148 4140 4993 4126 5206 4792 4285 4345 4773 5218 4761 4785 4959 4607 4538 5165 4970 4723 4559 4576 4592 4843 4615 4648 4750 4193 4378 4434
4410 4282 3371 4449 3925 3684 3323 3419 4462 3942 3310 3730 4234 3453 3601 3598 4195 4438 4072 3315 3718 3378 4089 3763 3676 3779 4014 4405 3732
7569 7451 7733 7084 7956 8004 7523 8046 7857 7539 7177 7066 6862 7735 7883 7864 7723 7582 7078 7663 7122 7807 6851 7434 7951 7094 7452 7349 7142
3806 4090 3135 3677 3463 3715 4035 3456 3695 3197 3366 3297 4004 3585 3460 3606 3567 3612 3108 3882 3440 3362 3804 4161 3643 3336 3132 3133 3958
2867 2781 3254 3619 3478 3126 3408 2641 2705 3196 2848 3199 3039 2803 3176 2676 3472 3416 3562 3485 2975 3160 3260 3408 3654 3125 3664 3403 2961
2198 1351 2343 1176 2078 2001 1535 2171 1551 2272 2349 2399 1238 1701 1297 1806 1254 1330 2273 2320 2175 1932 1406 2319 2068 2026 1960 1987 1250
2212 2012 1993 2719 2843 2007 2039 2708 2583 2672 2246 1923 2214 2076 1917 2618 3006 2744 2855 2228 2595 2061 2001 2525 3006 2701 2928 1810 1799
3301 2225 2850 2241 2742 3087 3219 2726 2787 2438 2871 2209 2225 3277 3103 2215 3411 3146 2454 2909 2472 3119 2208 3102 2453 2536 2757 2969 2622
6689 7105 6928 7384 7201 6502 6566 6493 6655 7116 7231 7451 6315 7004 7398 6633 6878 6715 7044 6911 7006 7104 7350 6745 7460 7343 7478 6444 7499
4279 4534 4027 4387 4663 4743 4428 4417 4265 4599 4231 4427 4275 3812 4849 3794 3757 4526 4680 4262 4472 4764 4950 4709 4508 4533 3947 4197 4805
3608 2660 3743 3412 3248 3110 2933 3678 3371 2734 3040 2968 3151 2853 3724 3369 2885 3802 3132 2675 3483 3259 3552 3356 3808 3398 3619 3181 3111
7809 2005 5078 2465 6390 7322 5397 3971 3172 4183 6434 4492 7752 4048 1800 7654 6607 6529 3845 2941 4451 4793 3556 2969 1967 2591 6552 4109 6757 4645
7666 2187 5355 1511 6225 8080 5601 4217 3208 4180 6768 4200 7312 4608 1799 7347 6479 6544 3899 3512 4472 4284 4209 1899 1818 3385 7100 3862 7051 4693
7947 2538 5303 1864 7161 7035 6262 4212 3097 3276 6182 3484 7111 3862 1282 6885 6259 7357 4816 3236 4570 4230 3498 2076 1996 3490 6938 4110 7351 4662
7228 2137 5413 1991 6561 7728 5199 3223 2465 3553 6211 4526 7600 3940 1862 7554 6433 7360 4836 2725 4457 4250 4325 2635 2274 2871 7382 4746 7756 4860
6991 3096 5206 2519 6120 7459 5309 4075 2511 3308 6903 4345 7244 4251 2038 7172 6358 6949 3742 2958 4241 4745 3416 2055 1637 3112 7350 4164 7345 5069
7585 3127 4418 1733 7251 7433 5440 3567 3049 3387 6821 4065 7228 4084 1261 6740 6003 6969 4496 2418 4794 4187 3630 1906 2138 2744 6931 3877 7664 5443
7448 2324 4991 1536 6342 7526 5509 3788 2594 3802 5809 4032 7375 4562 1235 6983 6690 6827 4814 3173 4608 3677 4201 2925 1645 3264 7256 4364 6925 5443
8085 2745 5115 2073 6610 7310 5094 3390 2406 3861 6176 4577 7406 4463 1980 7398 6694 7619 3768 2496 3937 4108 3594 2256 2382 3767 6602 4438 7061 4790
7118 2514 4621 2629 6352 7202 5927 3485 3012 3636 5722 4235 7576 4308 1641 6975 6980 6512 4327 2330 3594 4255 3200 2205 2033 3438 6526 4560 7032 4880
7622 2069 5355 2314 6656 7771 6081 4168 2291 4038 6844 4344 7159 4264 2094 7140 6088 6686 4619 3422 4783 4252 3364 2666 1489 3472 7287 4719 7199 5595
7956 2472 5511 2316 7005 7292 5388 3391 2918 3091 6917 4569 7986 4516 1534 6629 6448 6697 4725 2535 4426 4217 3686 2317 2156 3504 6878 4967 7430 5057
7337 2074 5237 1783 7123 7678 5501 3817 3003 4100 5733 3860 7009 4020 1200 7471 6223 6749 4148 2836 3781 3782 3940 1944 1970 3334 6623 4064 6860 5703
7035 2612 5493 1637 6394 7681 5119 3088 2767 3932 5870 4417 6873 3824 1131 7041 6204 7026 4064 2764 4492 3940 3725 2227 1991 2576 6506 4807 7320 5597
7691 2265 4310 1784 6123 8099 5990 4127 2946 3994 6286 4372 7300 4368 1899 7174 6626 7475 4286 3339 4298 4796 3490 2415 1376 3143 6931 3817 7822 4808
6902 2358 4607 2111 6312 7563 6269 3150 2965 4245 6740 4053 7423 4451 1155 6861 5871 7083 4811 3050 3690 3876 3212 2840 2238 2982 7228 4197 7568 4719
7842 2199 5501 2482 7141 7968 5266 3986 3316 4053 5863 3624 6867 3843 2297 7156 6976 6462 3873 3006 4785 4715 4076 2659 1348 3325 7343 4801 7159 5689
7416 2935 4595 2622 6204 7508 5512 3239 2492 3177 5785 4168 7345 4315 1812 7001 6563 6499 4784 2567 3614 4694 4177 1959 2316 3663 7145 4391 6925 5519
7798 2272 5421 1926 7004 7287 6060 3886 2235 3090 5938 3485 7358 4188 2325 7176 5985 6699 4701 3124 3815 4815 3566 2700 2200 3001 7157 4324 7327 5239
6956 2284 4326 2163 6793 7276 6234 3115 2722 3077 5882 4239 7307 4471 2362 7096 5883 7295 4164 3335 4646 4603 3405 2895 2409 3721 6643 4061 6783 4737
7575 2087 5277 2609 6362 7961 5695 3712 2910 3689 6744 4214 6948 4190 1875 7676 5972 7287 4788 3225 3998 4422 3260 2250 1996 3635 6481 4192 7513 5291
7831 2522 5200 2427 6633 7926 5592 3863 2727 3773 6174 3798 7467 3594 2154 6606 6184 6735 4852 3460 3862 4806 3648 2435 2227 3757 6982 4218 6899 4714
7147 2390 4379 2640 7105 7484 5811 3529 2577 4106 6861 4326 7347 3982 1192 6673 6123 7061 4520 2626 4503 4236 3584 2195 1239 3084 7393 4063 7084 5417
6981 2637 5342 1580 6052 7481 5847 3652 2760 3632 6609 3461 7759 4345 1779 7372 6766 6624 4073 3051 4356 4599 3825 2341 1612 3324 7061 4969 7132 5740
7697 3114 4604 1721 6239 7193 5736 3810 2263 4234 6201 4001 7351 3958 2260 6596 6051 7342 4582 3507 4441 4191 3962 1793 1863 3799 6659 4717 7679 5307
8093 3067 5500 1757 6452 7722 5260 3515 2272 3319 6892 3856 7400 3687 1585 7181 6475 6572 4681 2561 3943 4374 3598 2917 2011 3805 6244 4865 7731 5582
7287 2652 4846 2042 6285 8081 5369 3332 2690 3928 6519 3425 7016 4275 2050 7091 6684 7603 4730 2921 4162 3682 4360 2305 1609 3691 7196 4774 7457 5495
8009 2952 4800 1711 6983 7373 5838 3595 2998 3597 5852 3403 7457 3584 1385 7588 6025 7432 3993 2767 3702 4738 3330 2581 1323 2719 6759 4854 7234 4951
7145 2512 4717 2542 6164 8197 5473 3554 2346 4158 6452 3964 7633 4478 1293 7209 6221 6728 4196 2636 3832 3624 3553 2915 2399 3208 6387 3991 7298 4871
7283 2032 5386 2251 6592 7292 5782 4231 2672 4215 6188 4145 7895 4040 1351 7161 6566 7252 4404 2957 3805 3963 4082 2636 1725 2996 6875 4127 7456 5396
23 27 23 6 48705 1.0713733516060908
14 26 11 7 63065 0.9977597736562621
25 22 16 29 53372 0.9919516677082294
29 17 17 1 59113 1.0902639071144153
17 8 16 21 61441 1.0571092487604936
8 29 13 7 79067 1.0432656028595197
6 19 26 1 73724 1.0036667537551176
10 15 13 4 36425 1.081383459289597
26 3 21 25 52584 1.0872119346860016
25 2 28 16 39177 0.9926296839433705
25 0 1 6 70330 1.0184985771772619
6 2 8 15 37714 1.0281688539221152
28 4 28 16 47672 1.0246038054997506
23 10 19 3 28102 0.9359023847033445
18 28 15 11 80797 1.011017387538662
13 12 16 26 51720 1.0264188195612733
26 27 22 18 31184 1.000240552775408
28 3 23 21 45169 1.0240436561870867
7 2 3 14 38763 0.9421812596668835
8 15 27 16 49235 0.9209142534422589
8 15 19 20 49506 1.055631694659461
23 6 21 23 41944 1.068385231576439
3 14 9 27 50889 0.9353053657440382
9 22 15 29 42488 0.9098041129597804
13 8 23 13 38879 1.091404497664859
17 29 24 8 70938 0.9746529570633844
16 28 28 11 79651 1.0464931907453567
22 26 15 15 51014 0.9295090722588807
11 3 13 24 61894 1.0639222023620551
0 18 24 26 73854 0.9063308709261161
7 15 17 17 40600 1.0456639130815946
1 15 9 6 49277 1.0391678078655053
11 18 25 23 50450 0.9209002602475974
21 11 12 25 61861 1.0218430666738494
12 5 24 10 48992 1.0815939388402962
28 8 8 4 59397 0.9440321462235258
24 20 1 19 69268 0.9940170115522631
21 24 1 13 68716 1.05897690257282
20 26 27 7 55301 1.096153360016629
19 22 7 10 70067 0.9386920456418835
4 9 16 25 68716 1.0265320438784986
12 0 0 2 44851 0.9510214270522113
20 23 1 25 46147 0.9845526389668345
14 2 29 16 61731 0.9966642125795011
15 26 17 17 48377 1.0531857613649875
21 12 1 13 52414 1.0976165189343494
12 7 20 5 35310 0.9499266858345623
23 0 17 21 71623 0.9241614354052768
21 20 15 10 55072 0.9036141078319112
27 1 9 1 44961 0.9967681833500489
11 13 14 27 47052 1.0427819554571065
26 12 3 10 63471 1.0380436555123396
5 27 1 9 63512 1.069356902422654
23 4 7 19 73546 0.9316799395989365
27 3 4 4 56001 1.060445005217257
3 21 25 15 64968 1.0148198342087642
29 20 23 24 24580 0.9202501617523295
12 5 5 29 86687 0.940101622142016
11 0 25 16 65851 0.9682194220391926
3 4 23 18 79120 0.914353710217497
13 23 29 27 43935 1.031885471990672
20 27 3 12 77999 0.9627423771483208
18 8 25 23 46179 0.9199483863193104
13 12 1 14 24652 1.0335808151587884
16 15 10 1 54970 1.0655183690619852
22 26 16 12 58884 0.9776755096045546
1 28 27 28 83954 1.0416519951372911
20 8 22 24 43424 0.9809558987045334
24 24 10 20 44343 0.9997023940115873
3 17 28 20 73370 0.9054906932395691
25 25 18 19 34373 0.9811732368739187
11 14 12 25 36106 0.9899992711814564
2 27 28 27 73797 1.0404986489582857
24 4 28 16 34251 0.9031345920037044
27 18 29 3 49865 1.0249937033595917
21 20 7 9 67759 1.002702259564868
23 29 9 11 74557 0.9749568262462158
22 29 29 14 46114 1.0841219497092867
16 19 12 27 37365 1.0882309605547165
26 22 29 9 41604 0.939397934642672
23 22 24 4 37644 1.0505196640423557
8 7 22 23 75420 0.9841047730292921
27 12 8 20 70962 1.0504004634340247
20 3 1 9 60460 1.0681095720329197
8 24 21 21 39558 1.0687729402984334
29 23 0 9 92524 1.092189003046842
4 23 13 3 66788 0.9395285660715285
29 28 12 21 56704 0.9889427941648729
26 3 13 23 66425 1.0122744455339747
5 17 7 29 42538 0.9115775154845009
2 18 12 15 39167 1.0171359271438236
27 7 15 4 42192 0.9564645924652047
12 2 14 18 53784 1.0760688042603201
9 21 20 10 62722 1.0046310359015584
13 14 19 21 40935 0.9423919842947404
6 23 13 17 33214 0.9130839857329035
13 20 21 14 32121 0.966070317869592
23 21 15 10 52022 1.0125180445859951
22 12 1 16 54031 0.9807657417614654
7 29 3 13 52649 0.9890614346816519
17 27 25 8 62807 0.9074346860898163
20 13 11 11 34198 0.9421236118048748
17 11 27 14 35742 1.0742346570566148
2 25 26 5 89556 1.0583291802978103
0 18 11 2 70712 1.0158580955869687
28 6 25 19 41182 1.0645535188288933
7 22 15 15 42365 1.0483407824442734
3 11 25 24 70376 0.9144483972632719
5 28 19 1 101806 0.9857050011020023
29 16 29 26 33350 0.9709532178346246
5 7 3 22 51231 1.0365302734964938
24 17 14 27 44071 0.9219610647830561
5 0 23 6 61882 1.0469905308701173
20 4 11 20 74704 0.9637956474398279
11 17 28 16 53734 0.913702191444247
9 27 22 2 89682 1.001271400255033
22 12 8 12 43831 1.074892448508594
20 29 5 5 100701 0.9106074050933809
25 20 9 9 62793 1.0217774585761312
8 2 7 12 37725 0.96807232997827
26 12 9 16 49170 0.9832555798301693
29 27 18 6 77998 1.081536006289343
21 21 14 16 41873 0.9595753018642557
5 3 5 27 64114 0.9420653978706586
0 25 2 2 80227 1.0274446315453893
4 7 16 21 67343 1.0158227787888308
16 16 29 17 47529 0.9813065101988645
2 9 11 19 49959 0.9263436988891912
10 24 23 15 50352 0.9662898936730994
3 16 18 15 41483 0.9906642090523117
16 21 5 15 50822 0.9896270983285061
2 9 24 5 67902 1.0197659146989158
6 15 27 15 46746 1.0290902683484124
1 27 8 19 40724 1.0739621890757869
2 4 28 24 94922 1.0045501347084729
26 19 7 26 59866 0.9174028609452466
9 3 29 5 49078 0.9471027478215924
12 6 6 28 73655 1.045370814527474
5 13 7 29 49762 1.0986408082393162
3 14 10 9 32834 1.0476956211571993
4 17 21 17 64408 0.9596591661969731
17 9 6 24 65511 0.9536854167130862
1 11 28 27 91023 0.9988344863924241
7 17 9 4 54499 1.0504654232578983
17 3 28 13 45662 1.0040974529531643
21 23 7 3 79410 0.9305446232135329
27 11 13 20 51978 1.0683580779433912
7 13 16 9 42135 0.9177336186785513
1 4 24 5 56231 1.084606523130452
23 25 3 13 64813 0.9288773640317675
5 15 0 27 56415 0.9572474644839655
19 26 6 18 49845 1.0766076988056248
21 7 13 25 65677 1.0412270834500448
23 27 10 2 83915 0.9516335020488892
20 2 6 21 77005 0.9407452996308756
3 14 25 23 55796 0.9744305705049611
25 19 2 21 66389 1.081256680251636
19 13 0 23 63565 0.9107560083232676
1 8 28 21 87765 0.9865440596964669
9 24 11 6 67874 1.0570578304893783
4 22 13 21 31732 0.9474099641528845
8 5 2 15 45394 0.9077524115399321
9 21 2 18 32066 1.0196238860136733
18 26 0 1 108161 1.032736693193913
12 21 2 12 46967 1.070714557110524
14 28 5 13 60677 1.0979256154425563
0 17 9 26 64188 1.011182292895171
28 24 5 6 82010 0.9901712576489982
17 28 13 15 55186 0.9312491558788736
27 26 18 2 73394 0.9631750420534012
13 8 1 6 44050 1.0992164181967576
10 19 0 5 75739 1.0694982470344083
14 8 19 27 73626 1.0395808451041302
27 0 1 13 84416 1.0642973451997144
3 19 8 2 56597 1.0795346123225384
27 3 15 3 25680 0.9094124528830102
3 0 10 4 31810 1.0359608309656425
8 27 24 7 79170 1.0003930823755454
22 22 9 4 82235 0.9602598162278171
27 2 17 29 91348 1.019885396694782
27 18 5 4 82317 0.9987989968386486
29 11 9 27 79411 1.0594867296220252
25 12 15 6 45000 1.0716966537560824
14 27 24 16 45325 0.9346397630786947
19 5 27 22 64061 0.9017786834601563
7 13 16 3 49077 0.9773007675790213
9 21 4 0 75807 0.92154473086213
29 11 17 10 50812 0.9083239151334445
21 9 16 18 56711 0.9716916164798113
21 9 7 19 63069 0.9630092016002275
13 26 27 28 48359 0.9238644030165579
9 24 22 22 32920 1.067764037793201
26 10 22 28 48925 1.019647972831197
29 7 8 23 81680 1.031666875943167
22 16 13 14 24137 0.93631468330341
9 1 8 17 59755 1.0522767864016478
9 6 28 9 68103 1.0092777022093742
24 14 14 11 30325 0.9576652470829078
21 29 7 22 60909 1.0577541457775812
13 20 4 3 57447 0.9685562409901084
27 17 3 27 82311 1.0770392497860777
29 6 12 18 67371 0.91471765117365
27 7 2 8 71309 1.0017352057072664
26 15 11 18 47158 0.9923781475618698
22 21 0 18 77612 0.9147571892117058
5 28 5 11 53307 0.9552369277686519
23 19 28 28 38067 1.0464098227277387
8 21 27 5 90098 0.9942706704610532
19 10 23 24 48209 1.01514628566018
27 16 3 8 69253 0.9521249497790468
3 6 25 18 72733 1.0213350415954734
28 14 4 25 67496 1.0091004776454138
6 28 13 7 66034 0.9764302665112805
25 20 9 29 65035 1.027157858534178
23 0 25 20 42895 0.9973166203520814
22 0 2 9 70832 0.9762107796195112
26 15 17 8 36442 0.9447038388376082
11 8 6 23 49947 1.0107641568982946
15 20 9 8 52435 0.9639739045997016
6 10 14 12 29470 0.9731678983265809
4 14 12 19 30257 0.992270597550868
24 29 4 0 105584 0.9685889734652474
26 2 28 24 52574 0.961127436016398
4 6 8 13 36677 0.9483359298455883
3 27 25 24 55656 1.027449596062329
1 11 25 27 81458 0.9358622146739164
3 15 16 15 32229 1.0103526779783942
17 11 0 22 76152 0.907518082539411
23 16 9 23 54257 0.9348521613753978
25 8 1 7 70779 0.9356282234400872
4 19 23 2 75661 0.9139093927506632
18 14 1 24 55177 1.064503035087605
3 4 7 10 33348 1.0189017429872584
7 22 3 4 61030 1.0066857704026237
7 22 3 3 56485 0.9886228947351111
15 10 0 22 72588 0.9649811368447807
9 0 4 14 50851 0.952249419202029
2 7 23 14 59376 1.000391116618953
28 9 0 14 66254 1.087816465292898
5 17 18 21 59991 1.0866686676778814
17 12 5 21 50976 1.0013327951832858
16 6 4 3 42652 0.9130312442063856
28 27 1 5 114330 1.0879407581356129
20 24 29 6 56152 0.9858044109231051
10 9 27 16 60984 1.0673303714210673
25 9 17 14 26663 1.066372024989168
26 19 10 9 59448 0.9829840161213313
16 11 27 26 68288 0.9838762263834631
2 27 25 12 77573 0.9503170451336678
0 22 20 0 107766 1.0740061003864776
25 10 17 2 37506 0.9990565273765636
24 3 5 14 53657 0.9393241845993349
4 3 22 15 61736 1.031084364940635
17 22 3 21 47564 1.0539446070197962
15 23 4 23 25756 1.0247313113018544
18 13 2 17 45158 1.0249046471106527
12 6 2 7 43660 1.0708723357230427
21 22 27 13 36254 1.0416598777633823
6 26 26 6 80468 0.9821120292817591
1 13 26 26 72611 0.9441524586890132
13 28 17 20 39117 0.9711621220447098
14 29 4 2 96440 1.0869318971061628
15 2 5 26 84853 0.9185281076017023
1 3 18 20 81466 1.0875232972061246
19 5 10 13 56051 1.0226020022535318
24 7 19 26 50128 1.0652682506100684
19 23 8 23 26827 1.0190533763913463
22 13 7 25 62471 1.0239816249303377
24 18 25 28 24881 1.040278267986496
5 4 28 4 57989 0.9410747772419256
10 25 26 5 74886 1.0154205486497911
24 22 10 15 44251 1.079940223451022
17 19 23 1 57567 0.976294618886193
11 6 0 6 53229 0.9980478349566649
14 7 29 3 47889 1.0458120843275813
26 12 14 26 53433 0.9199652450924629
16 0 4 20 84251 0.9856174852852647
4 4 29 28 110531 1.0351840527923022
7 1 9 26 80414 1.0554783740250462
23 21 11 3 64602 0.9923397416842773
25 14 12 20 43429 0.9341602776183524
20 19 29 25 35671 1.0633053171275644
10 25 3 16 44753 0.931696552975204
23 28 17 7 68031 1.0482868982490008
0 27 26 25 67630 0.9355353727106459
1 20 22 8 80609 1.0330951527076164
11 19 9 10 46363 1.000473548956995
28 26 21 6 64330 0.9412157374049677
29 12 8 3 68796 1.09282048391423
27 24 1 6 94364 0.9225510834909595
26 17 14 8 50841 0.9820811261270221
29 29 3 18 85004 1.0826060601909615
2 3 23 16 69762 0.9442982618876629
16 7 13 26 64664 1.08465976786761
25 8 9 9 49342 1.0254898404400117
17 16 28 9 49862 0.9532109487800882
7 6 7 20 44618 0.9980273079887283
26 8 2 25 80524 1.0075287323671565
27 23 8 26 51178 0.971477671799235
16 15 12 26 52631 1.0202615531477914
23 6 14 2 35005 1.0840377724051908
14 26 10 11 52481 0.9352430657843039
10 14 26 3 49245 0.9889407810804555
28 27 23 7 54737 1.049538166979079
1 23 1 5 74712 0.9117370678899128
8 25 12 18 36251 1.0122437468094307
25 29 1 7 98220 1.0277492361123504
24 20 6 20 52023 1.0778546658872246
28 25 18 5 76204 1.0375771309729416
15 1 2 21 81924 0.9762515050943268
15 26 23 6 64306 0.9122790663779049
1 22 12 0 91747 0.984545964703183
8 20 20 2 82824 0.9359792922221175
28 16 18 22 50011 1.0999460419471343
9 11 26 10 55941 0.9219605392315998
29 22 0 25 67891 1.0565802953617964
17 9 6 8 35840 0.943885834400029
24 7 18 28 65482 1.0930158557106195
2 0 12 26 96461 1.0282560234456917
2 5 20 29 109874 0.9108847079343642
11 28 26 14 65198 0.9768844107357599
28 26 17 5 81002 1.04612501942866
28 9 6 23 78613 0.9882909205973364
13 7 5 0 39741 1.0509239239663255
18 21 20 3 65501 1.0758881230919808
7 17 13 29 52808 0.9817078906712985
15 24 12 0 76588 0.9835567422898146
29 14 3 20 65291 1.0154468338108793
0 20 6 10 45989 1.0438678276186306
7 6 10 19 49035 1.0271836194354382
21 11 12 10 40258 1.0298594853166763
20 27 16 6 83474 1.0892889725617387
17 28 23 23 37569 1.0396524920812076
2 22 1 3 70528 1.0110768560930994
20 11 21 24 41628 0.9939938464287035
20 9 25 15 29206 0.9645437843958398
19 21 4 0 98006 1.0035376162454142
3 29 23 9 94739 1.0186984153224112
19 18 5 23 52968 0.9630451916610907
18 10 7 15 50369 1.0258731370222076
9 4 18 23 83353 1.0610845321043205
0 12 25 22 73348 1.0245026982347554
19 1 21 15 50029 1.0239068421325048
19 8 22 0 35449 0.900330946560943
6 5 12 16 43087 0.9987400761133661
6 20 12 28 42560 1.0793465392402624
0 3 15 13 56516 1.0800875156206822
2 2 21 22 95473 0.9014878982855793
14 28 0 17 72151 1.03934863685749
4 18 12 5 61652 1.080124191265132
26 13 8 20 61280 1.0057345381202107
2 16 12 24 46448 1.0067455364290852
18 11 23 24 47230 0.9580629686895576
18 16 13 27 57867 1.081708339223651
16 22 1 7 77651 1.0883416615179136
9 25 18 24 23396 1.0871437757675655
14 14 26 20 35562 1.0795711955849834
27 3 18 22 61036 1.0303197592215285
14 22 7 11 47773 1.0057763325404037
0 19 12 11 54949 1.0226055668409915
28 4 9 19 78956 0.9685608141859006
29 1 29 21 63971 0.9013968762028529
28 26 29 3 65269 1.0382257555362235
8 12 17 18 48023 0.9629638806184482
2 24 8 18 31227 0.9001289599218026
9 3 28 24 78040 1.0318122009900326
27 29 12 7 84290 1.0546724885491499
15 24 7 0 81709 0.9843347051029381
15 0 5 19 69831 1.0379003907187725
1 5 0 25 86129 1.0777968426085311
28 24 8 0 93022 1.0518011752354999
3 9 12 28 80454 0.9743888610973859
10 9 27 15 58424 0.9008956225743239
4 5 17 20 77889 1.06790822982983
22 13 0 6 76252 0.9764551780276426
12 22 27 8 66435 0.9374262653022676
16 3 17 23 70561 1.0007658763354066
29 22 22 10 47385 1.0778099061431128
2 23 16 6 78448 1.0609606859625933
1 7 10 5 43341 0.9240591485346973
18 11 10 18 49019 1.04328616315659
14 12 2 20 47762 0.9863325412569991
5 25 21 2 89357 1.0773465625856145
14 18 25 16 41141 1.066309334644165
13 3 17 21 67435 0.9081673507021824
1 14 19 24 58806 1.0318733732658565
24 8 23 26 38264 1.0137577349903004
0 23 8 29 39319 0.9756592381953899
3 15 14 25 52609 1.04048166979788
23 4 8 22 84989 0.9990469387240898
8 3 25 6 44070 0.9192200463327799
22 28 2 4 104299 1.0767193227677279
4 28 11 21 47713 0.9625811207210739
16 12 0 5 80744 0.9379591806419382
5 13 6 24 31383 0.9419321437074575
15 26 28 22 42185 0.9041173908430181
9 12 0 10 53032 1.0074066288116512
2 20 21 27 66487 0.9208106408551323
2 16 23 26 72558 1.0412430016497418
7 21 24 5 70330 0.999316202560478
14 2 24 2 28846 1.0805556746270277
18 20 23 26 35449 1.0650433170397533
21 3 0 16 83460 0.9967926514253792
7 17 9 1 53979 1.0422603140886475
14 17 0 22 57763 1.055923023960462
19 25 3 22 43700 0.9016022099168165
4 0 0 28 105385 1.0255091955505127
2 8 20 20 73206 1.0763141657761235
22 28 7 20 58568 0.9937474743535657
28 7 18 1 39514 1.0923868391354314
24 9 16 18 50025 0.9548016344788106
22 27 14 18 48097 0.9662019306917109
9 5 5 15 50223 0.9258302957083987
11 1 5 19 59204 0.9472712473097193
24 2 12 20 64658 0.9724944998166745
13 25 18 3 72622 0.9419722816719281
0 6 12 28 102651 0.9766987844364429
21 13 22 2 37491 1.0374432203595938
2 22 21 20 61605 1.0067788654433243
0 22 24 10 81011 1.0974324153650254
6 1 22 8 57947 1.0336261689498296
21 5 1 27 110783 0.9312963703874151
10 2 23 0 39076 0.9574898118623274
0 29 9 19 56361 1.061606508029886
2 16 7 23 35088 0.945032264063699
14 9 21 3 38013 1.0247609489578626
13 6 4 4 34350 1.0160132721187085
9 27 21 18 64909 0.9584169695623478
15 15 4 21 44704 1.0108819955201929
17 17 7 7 55786 0.9837497664330374
23 8 17 24 45431 1.029908101632873
26 18 18 24 29434 0.9621825341009508
29 22 0 24 62295 1.0052501599105672
20 2 26 23 53225 1.0820237316923442
24 23 3 2 84640 0.9557339700531138
9 28 29 28 74448 1.0780712284640515
4 13 27 19 58757 1.0718249117972478
15 5 25 15 53533 0.9175242317399622
21 8 2 24 79757 1.0727072083120601
14 13 22 17 29360 0.9473298878787443
13 16 2 24 44721 1.0729332844130774
3 9 12 8 28461 0.9758766236803165
26 27 10 16 63423 1.0595563785431668
22 15 13 2 53438 1.0049132167131167
13 18 15 27 33319 1.0369015243745634
5 24 7 10 42345 1.0363696510643365
10 1 15 18 62982 1.0464819126373381
6 24 16 6 72386 0.9862455583093718
19 10 12 13 37838 1.0327863240418602
19 5 15 24 74288 0.9420593510072683
4 27 22 16 75347 0.9409814793733461
11 20 5 12 43960 1.0536801723847407
29 16 10 6 70631 0.975814049280342
10 22 26 26 44129 0.9081052845279799
5 18 26 4 73049 1.0115424968722162
14 28 10 8 69518 1.0707115555532105
29 21 10 9 73966 0.96518994063992
7 1 2 22 68844 0.900043088489808
23 15 13 11 31039 1.070081174375147
9 10 12 19 43527 0.9744678623869661
11 26 24 1 76614 0.9433258808945286
28 21 26 6 49602 0.9831801427211824
20 1 19 18 62833 1.057920151321954
28 18 25 10 30113 1.0536955828816414
29 25 24 9 40946 1.0953321261753415
5 9 18 10 52166 1.069443009880771
23 1 9 21 82659 1.090968101063661
16 2 25 20 58214 1.0117318132361204
4 9 14 3 36569 0.9241413821781775
29 21 9 15 63146 0.9573581897239603
3 24 17 21 43740 0.9162405663096499
27 11 14 26 58922 1.0166312122624972
28 29 20 14 52276 1.0050257703467398
9 24 17 5 80528 1.0232010884032938
18 1 22 9 36289 0.935614851379523
26 17 9 25 55976 1.0470721850685916
9 3 17 23 73178 1.040490753892559
3 27 19 5 103166 1.0726382068471323
23 3 10 5 37501 1.084448969381837
16 7 29 21 66944 0.9327653714781918
0 5 1 14 47762 0.9471749818665172
29 26 1 26 70345 1.0067875970598728
4 8 21 16 57808 1.0260710303344802
28 9 25 27 53045 0.9569522967597462
2 4 20 29 109709 1.0299929411145197
23 29 0 18 84358 0.9899541821743859
18 8 0 14 52037 1.0457444922146137
14 9 7 26 66044 0.9424306500258444
14 27 0 13 68219 1.0185169406446155
15 22 9 8 57037 1.0713216952154454
1 13 17 5 69726 1.050539436095121
14 20 0 6 76136 1.029947209677936
8 4 11 15 48494 1.0384960669889036
26 21 19 7 47791 0.9885655445509064
25 7 7 11 59753 1.030718578673892
15 15 6 14 18261 0.9394086205084275
10 20 24 4 65896 0.9272548520653098
22 16 25 6 29634 0.9566858238851408
11 24 19 12 53531 0.9206848317788077
8 28 20 23 49775 0.9234835861299024
24 8 23 20 26231 1.0155200834326952
22 12 4 5 71469 0.9702095412469052
5 8 0 15 35154 0.9774603954466617
5 26 25 25 50684 0.9684763930910372
10 11 19 28 74225 1.0685638175731476
14 18 2 8 51646 0.9247592317520091
12 10 4 0 59326 0.9822383978246949
7 18 0 25 37134 1.0422207093092357
29 29 7 11 87559 0.9374033589717494
1 20 10 10 55776 0.9139265331381362
11 13 26 28 60389 1.0466149997709686
12 25 22 21 34475 0.9026623405631701
22 29 5 11 81746 0.9102026197064701
18 20 29 3 63337 1.0391817094767783
14 7 0 11 55039 1.095854364404257
2 21 24 11 69007 0.9069282024447191
14 1 29 7 51498 1.0068726746508927
21 9 4 28 95514 0.936321945212488
26 28 4 15 75173 1.074971926039904
1 24 19 4 93381 1.0353584273009695
9 15 14 6 41505 1.057555005736125
19 8 14 29 80640 0.9879161898085292
23 0 28 12 43488 1.038057841493207
23 8 16 18 53839 1.0810277074068915
16 27 18 5 99658 0.9678636795075561
27 27 22 2 61239 0.9698555567895736
1 23 22 8 81430 0.9509135288753683
21 8 5 26 82889 1.049207379625649
16 1 19 27 85046 0.9152257253651905
5 29 15 8 77342 1.067596364121528
0 15 21 24 72531 1.0540772399953997
8 6 17 23 74951 0.9602634538429037
8 21 8 11 41211 1.0475707294438497
28 16 0 24 79388 1.083989102410541
4 18 6 2 47307 0.9394597479961919
27 9 26 22 39446 0.9394217616126899
20 8 9 17 60951 1.0108931965869021
27 7 9 2 57148 0.9941746685526354
8 3 19 25 84959 0.9275414162776773
1 21 19 20 65650 0.9778027541075643
25 29 14 19 51826 1.0631324840848808
19 10 28 5 46249 1.092424092703372
9 24 2 2 68861 0.9016097417236718
20 10 24 25 42292 0.984002314091925
14 25 8 5 78888 1.0552963675985354
22 2 26 9 23146 1.0735408971059581
21 14 29 1 41612 1.0182736998827315
13 4 18 26 78946 0.9552352717711553
16 6 15 21 64341 1.0527790869003932
14 7 18 28 88201 1.081472831385581
3 24 14 0 83087 0.9736840183021706
14 7 14 25 56263 1.0812217379975362
2 13 9 2 50104 1.0239505212980218
4 1 23 4 52084 1.0649246974290558
6 26 11 14 38944 0.9279201320960437
20 13 8 12 36349 0.9486990595716353
25 13 22 23 23588 1.0186940541346419
27 10 2 8 76065 0.9638580087624316
8 16 18 24 55608 0.9763562377101609
21 6 6 3 47635 1.0820103270462524
11 25 20 12 58521 1.098420296776918
16 15 19 25 54288 0.9880318275179781
7 24 8 11 42571 1.0050115177057064
23 23 21 8 36696 0.9542726454542003
3 3 19 6 47944 1.095520765794018
7 13 20 24 57486 0.9083409335900108
22 0 3 0 54580 1.0271362159836273
16 18 25 7 56556 0.9200962775585239
24 17 13 6 48041 1.035635341177196
5 16 27 7 65794 1.0156950434483085
24 2 18 24 52272 0.9424468388144184
9 13 21 29 77107 1.0670364944986386
17 29 27 20 59539 1.0393454830283257
4 16 2 2 55224 0.9617243755412017
1 25 4 18 37967 1.0367652742235192
18 2 22 25 65144 1.017780678165489
17 22 4 4 85321 1.0732497129449525
2 14 5 6 31074 1.0749940993192995
7 23 14 10 52493 1.060781626941365
9 15 18 24 51530 0.9646940326753193
24 9 0 22 83283 0.9789982845089271
2 20 29 20 80458 0.9643225111844624
3 13 25 19 51705 1.0881845908881822
17 26 5 17 56410 1.097799233990065
22 0 4 2 54348 0.9811896874976123
18 4 20 18 64482 0.9600340296613346
16 18 5 0 76048 1.0173145293358363
8 28 5 18 41123 1.0724776654793375
11 4 15 27 83703 0.909485249525296
12 3 19 8 31585 0.923755573062616
12 12 13 23 37225 1.0196593112053254
2 0 19 6 60882 1.0617985098783396
11 20 21 2 76456 1.071740325822954
29 20 13 1 74144 1.0905066768088822
26 12 3 29 89683 1.0851048428825645
3 27 2 9 67255 0.9039368115670451
0 17 3 6 55379 0.9992094791556639
7 14 27 10 50636 1.069407230751938
6 8 20 15 42466 0.9947833762998687
1 25 0 15 56234 0.9976670065868161
5 5 14 1 34153 1.0617457435381499
10 9 27 25 72910 0.9187325620166952
20 19 18 0 67500 0.970483019214269
16 12 25 17 39444 1.0588004631860064
26 5 11 2 41103 1.0883157347562196
21 0 14 19 77703 0.9676550146561613
13 9 0 18 53901 1.0165320310757164
4 20 3 5 59266 0.944891205520612
6 9 29 5 69118 0.9766883938249444
6 18 19 21 49909 1.0743770954634213
23 29 21 6 62545 1.0058132991990858
23 0 20 9 33425 0.9714946835382187
17 7 18 20 68308 1.0925996389733514
17 14 9 20 37437 1.0698166684346229
10 0 26 20 77494 1.0909709234663376
2 3 28 28 108690 0.9463774945935621
26 28 19 12 51451 0.9415964458968791
11 15 22 12 31868 1.0494540700990023
24 29 5 1 94203 1.0120466140953406
2 21 17 6 82485 1.004881827905323
23 16 1 5 79599 1.0672927756274007
12 15 26 23 51613 1.0300476075414426
27 10 1 24 82411 0.9697257719827025
27 4 12 22 80330 1.065193849043848
8 13 14 1 50848 1.0190648276319505
17 27 2 21 57528 0.966204402852974
0 19 26 8 79101 1.0889767575995033
20 25 0 12 80254 0.9924047738599189
7 2 0 5 34364 0.9707024982565106
19 24 7 24 23908 0.9278001417248999
13 27 22 23 30076 0.9201038100234317
18 20 2 0 91029 0.9805240628776295
6 29 13 11 57775 1.0789598048713867
9 21 23 6 75202 1.0109322904646016
13 6 4 21 59832 0.9377410182396592
7 24 12 29 32743 0.9784769765775442
13 29 9 4 89124 0.9173517996753756
7 27 20 13 64723 1.0005770293630076
9 28 14 20 45706 1.0770575310657453
20 11 6 8 50282 1.034433882425831
22 28 14 12 61411 1.0797546959295035
24 17 5 18 50895 1.0639417943420606
2 24 4 13 43679 0.9568955865548425
1 5 5 19 59414 1.009722410736342
8 29 21 6 105606 0.9493626503971212
2 7 11 21 66767 0.9043799647673959
10 2 3 11 45080 0.9194076732897838
16 25 4 2 87739 0.9294190998482432
20 6 18 28 80380 0.9919346768545729
14 20 5 1 66230 1.0642624553105433
23 18 12 15 40867 0.9313249736213833
19 16 7 13 36622 1.0447949832995145
26 12 19 3 35205 0.9209180760490157
1 14 29 13 50684 0.9193231819275243
4 22 28 10 81695 0.9675488556948644
6 25 26 18 55303 0.9213358202223735
11 13 20 28 64565 0.9592522626668216
0 15 10 7 46770 1.0786214226642514
16 21 28 1 80520 1.068095257821502
27 14 12 6 53823 1.0646257589549257
2 28 2 6 81217 1.0061045207416939
22 27 9 14 58767 0.9040742867842876
19 16 28 23 44916 1.0301302630056899
29 23 20 9 54851 1.0803542709834988
29 21 7 17 74533 1.0196114286355438
14 11 6 4 41301 1.0184057342551105
18 16 6 6 54491 0.9829601595178104
14 14 14 0 43998 1.0099634542041755
15 3 13 18 45491 1.0252280637059303
8 7 29 1 68350 0.9390912723779807
18 6 23 12 38169 0.9990623127013519
5 10 14 8 33427 0.920715007982455
18 6 27 1 42902 1.0332694997369396
17 9 27 21 58395 1.0974641436710821
13 7 12 24 50039 0.933263623222062
19 3 6 8 39189 0.9696339968153808
21 13 8 17 45581 0.9476752759193237
10 15 26 3 54134 0.9216880353074676
16 25 17 13 51407 1.0647546664165335
4 10 10 22 57267 1.0974545973158614
9 24 13 3 66080 1.024815387776473
18 26 3 28 60799 1.0983133117202248
19 20 25 16 31123 1.0996468227836769
21 11 10 0 64977 0.9727465700156757
7 25 1 0 80073 1.0662104163094102
28 19 4 13 61393 1.0455238914679534
19 21 27 7 54852 1.02363719586165
12 4 28 24 79211 1.047727468065987
4 9 19 9 48696 0.9675818538994229
13 7 20 13 37250 0.933538496199556
16 2 5 29 97499 1.0892820523724505
8 15 24 18 39944 0.9666258699368352
0 15 4 23 44142 0.9608879751463276
16 4 11 13 49420 0.9145704764808104
17 8 29 24 56883 1.0480622865896927
25 18 3 10 64702 1.0662399173823403
0 13 23 29 81933 0.9489764174774518
2 24 22 5 88386 1.0826423000301384
19 19 23 6 43651 1.046249107441177
8 21 3 10 47705 1.0478560005905453
24 5 6 0 49205 0.9207381634690116
16 25 21 17 49673 1.00564656175857
4 22 24 4 78169 1.0859102325822
18 1 6 4 33536 0.9965268574984218
7 14 28 5 66094 0.9790950804162472
18 23 8 4 83278 1.0129141673469177
19 24 3 22 39052 0.984144461834084
21 3 14 25 67297 1.0826850752604575
23 19 2 26 63296 1.061322015200622
8 13 23 20 48785 0.912989123649849
29 7 19 27 68806 0.939219330108271
16 11 25 6 44883 1.0651583154583586
1 14 27 13 50663 0.9690183793666924
1 1 5 16 55256 0.9777926762321136
23 7 19 15 30281 1.0905016885256467
28 8 25 23 40526 1.0195681296848238
3 25 0 0 89066 1.004285280979738
9 17 15 7 50875 1.0163751188398198
11 18 19 15 35767 0.9436005512776777
0 1 26 27 107588 0.9384886315226267
15 8 3 26 74026 0.9752105864931049
5 19 12 24 26190 0.938220176919298
18 28 9 3 103163 1.0715744445288105
19 3 24 9 21489 0.9890368841237049
13 25 21 11 59285 1.0864142038765967
28 9 7 28 93950 1.0312432451945115
11 14 24 4 42736 0.9008711467789202
7 17 24 8 58083 0.9893126090117919
2 7 23 1 65368 0.9330976337291537
5 10 14 5 44656 0.9554961570602016
7 13 0 24 43691 1.0507243140153282
18 9 4 16 61024 1.0510180243818876
15 2 12 25 72512 1.0997973577501734
12 19 3 1 67066 0.9294813803417272
13 16 26 16 35029 1.0659085718945291
28 15 15 4 56593 1.0439797831056918
25 6 10 25 67911 0.9721045986654242
23 11 21 1 30969 0.9429535802353094
17 0 1 18 85394 0.9194239601148196
28 22 22 9 46473 0.9140423766378878
27 4 22 12 38786 0.9123457551376363
2 18 24 3 73522 0.9260874339757038
12 18 21 15 38924 0.9251077119479805
13 11 0 21 60649 0.9249899182504845
26 1 11 8 51521 0.9413734895694331
7 23 18 18 46965 1.0936814093025087
21 16 16 0 69161 1.073990316548401
15 25 24 10 47602 0.9417299536156869
12 2 27 28 92119 0.9086121505652418
5 9 11 20 47674 0.9648369988121507
6 5 17 15 44747 1.0898011790989501
28 15 14 26 55458 0.9616259375171994
20 27 12 16 54566 0.9884070476791109
1 25 18 27 57501 0.9294360076781519
26 24 16 19 38667 0.9792018603704747
19 17 9 1 71016 0.9816288667979229
19 27 17 8 70344 1.0062387782405835
21 22 13 0 77759 1.0411851285871785
26 17 21 6 42199 1.0980655249798106
5 2 20 13 61363 1.0691549024305873
27 22 3 18 71080 0.9381344992476199
4 9 9 14 23887 1.0960058812055706
26 17 8 9 64288 0.9532919302732943
1 28 21 26 69881 0.9828576973726172
23 29 23 3 54902 1.049899683612022
16 13 19 29 72232 1.094218411030871
14 5 12 13 32784 1.0478834259147174
2 0 28 19 96089 0.9948832817533727
26 5 13 0 40312 1.0770368015870566
20 25 11 4 82053 1.0341074650152164
15 24 3 4 79217 0.9875784131626089
19 5 24 17 43323 0.9885484525322973
18 4 24 15 42562 1.0148161912526672
3 2 18 23 85067 0.9400778590620225
26 4 7 3 42857 1.0332235146092814
22 19 1 27 72622 0.9556337351668718
24 28 11 12 59081 1.0115170808420308
6 16 10 26 36084 0.9428717552348796
12 3 3 0 30913 0.9117090144241489
9 13 22 6 57264 0.9081570533232264
28 16 17 11 45678 0.9043595957235633
11 24 13 7 52009 0.9669204321224656
5 26 28 5 99183 0.9560413216994149
25 19 23 2 35967 0.9887628481444306
1 15 1 26 53399 0.9647824218769381
26 18 2 25 64028 0.9219968089331206
8 24 10 8 53666 0.9652824991714497
26 3 2 28 99458 0.9063944075667588
6 2 0 9 37472 1.0365172082070488
6 29 6 17 30126 1.0766925845252486
5 13 19 10 48760 0.9716627790774263
8 24 0 18 39297 1.0394870444002255
22 8 6 0 59935 0.9500215603999767
11 24 27 3 68878 1.0938106657980688
17 6 23 29 74420 0.9434856271485474
24 0 11 25 74432 1.0546139946421107
22 11 10 5 57414 0.9196842905424787
9 20 18 10 64836 1.035966853632084
1 14 23 18 50436 0.9112466719197158
2 2 17 16 67396 1.00991354093626
10 25 5 16 37819 0.9177131960818518
22 1 4 1 44345 0.9976227061504325
6 12 27 9 56835 0.9753654355288104
20 11 1 11 56732 0.9136721873327301
13 29 9 22 33185 0.9065126541616588
1 27 16 11 78590 1.075196192050942
25 12 0 1 79057 0.9764946286187046
13 5 22 7 35921 1.051487866668465
17 28 26 20 50545 1.018175559351815
1 22 17 11 72596 0.9397508159433202
6 27 10 10 55991 1.047233356311255
6 26 26 5 83555 1.0587892275391488
11 12 21 1 59017 1.047618770334053
13 5 1 19 63379 0.9102458469519072
17 29 22 20 52608 0.9584105951466835
23 9 4 10 66067 0.9191255064536735
0 22 1 4 79764 0.9565611273515062
26 24 28 11 40322 0.9645193169705146
2 1 19 8 60091 0.9136778848609923
6 12 23 14 34446 1.0385777579940376
21 16 6 20 53233 0.9894759812086666
17 4 6 24 79453 1.038119861251738
10 25 14 5 69823 1.0601856547182575
27 6 20 10 35476 1.0625332172497544
22 5 12 12 54600 1.0964373853087235
3 22 27 18 70070 1.0723423623491868
23 3 26 21 41015 1.0631899185396059
22 0 9 17 78971 1.0143999685491223
2 9 12 15 41130 0.9971335982675142
12 4 0 8 49588 1.0771898600151335
21 8 27 16 34088 0.9891435379086579
24 4 26 13 25277 1.0820841796822471
7 20 17 17 44723 1.09348632116235
9 23 28 11 69899 0.9229404805024443
25 13 10 28 65949 0.9001489035537966
9 16 19 9 54775 0.9003222400164698
9 3 19 28 96380 0.9951133207442305
13 15 10 25 35845 0.93706735082681
3 12 3 22 43437 0.9736475471979963
26 0 16 16 62073 1.033852565333365
9 4 0 25 82288 0.9848265867314328
13 21 9 1 63965 0.9906749098118333
28 19 9 10 67339 0.9214243713094848
5 8 14 26 64163 1.0931999327824062
22 14 7 7 48064 1.0164461942965355
28 6 20 15 41647 1.07690148748829
29 14 21 0 47539 0.9670123256884079
26 26 12 15 57319 1.017267074686542
15 2 7 12 50808 1.097352581734541
27 18 18 3 52702 1.0335077524025098
1 27 5 10 64177 0.9245781371942925
7 19 27 12 64606 0.9142242529553719
11 27 24 10 64060 1.086635443549202
29 28 1 19 84509 0.9519659351715946
29 7 16 21 74337 0.9009042720493508
28 10 10 7 62133 0.9753288146399803
7 23 9 8 47663 0.9924524596056736
29 23 11 16 62789 1.0409123864026504
22 25 20 12 40302 1.0814937336229262
0 29 5 13 67648 1.0013068821601465
7 12 11 20 44107 0.9732732244866232
13 13 1 14 21498 1.0187707286125385
27 19 28 28 37365 0.9013846147705163
6 16 2 27 39034 0.9612389365227134
28 9 19 17 47857 0.9736863580867801
7 4 20 20 78151 1.0161853728899901
12 27 13 13 43790 1.074925952959608
25 2 14 19 62049 1.0859392987720042
3 27 27 23 62948 0.972449427621508
26 7 15 12 45858 1.0697402102457798
20 17 8 0 78649 1.0445521326880263
3 28 4 18 46966 0.9951444067666928
8 4 22 5 43969 0.9587299296370249
6 0 25 24 85784 1.0148222524330826
1 24 13 19 38126 0.9688946259969287
5 5 23 10 66752 1.0193686714465295
1 0 6 28 84220 1.0506419413344013
10 28 19 9 87180 0.9553477549974316
20 8 7 2 51538 1.0857138172923302
6 19 12 13 29919 1.0475250170025951
18 20 6 0 79446 0.9143512261544356
13 9 5 2 37802 1.047794818657831
23 24 27 13 30471 1.0534860567223223
9 25 4 13 48769 1.0435110581415081
14 15 2 7 46589 0.9084105259002345
26 29 12 26 50253 0.9558677710697661
17 18 19 0 76995 1.0445693459313001
27 26 9 13 66720 1.0092341020441467
1 3 21 10 71342 1.0074702939058042
7 15 19 18 46937 0.903138613536509
27 21 11 8 67667 0.9406646946837206
13 0 7 18 62822 1.0108987079277136
2 15 17 29 83794 0.948883832320637
23 27 14 1 77846 0.9899688596540718
6 25 11 5 69969 0.977585133550252
11 16 18 13 29143 0.9705101641964935
25 23 3 10 73044 1.082258944908355
13 20 9 13 28372 0.9792394960325674
27 18 7 20 68225 0.9692288294908082
16 1 11 6 30497 0.9107013484235592
22 13 1 25 71317 0.9654683549795927
1 25 21 25 49817 0.924465635050497
6 7 17 20 58285 0.9030796313800588
13 6 24 20 53964 1.0528995100716665
26 24 14 21 33376 1.0757200138294678
2 17 24 18 55344 1.0199275325565305
5 1 0 21 75696 0.9238099475638274
0 26 29 27 79137 1.037213231360504
1 10 14 24 66192 1.036617439158247
2 2 14 29 96176 0.9807875733972122
18 27 8 22 49519 0.9106885232835008
25 15 20 0 42740 0.9480707993519535
6 12 21 27 72467 0.9311053015497888
9 28 21 8 88597 1.0467243315886916
29 25 20 3 59826 0.9850961051210699
13 2 23 29 79655 0.9385400407137868
17 18 23 9 49695 1.0590668033997832
2 25 17 2 91838 0.9535491198379804
18 1 27 11 44150 0.9327811979787891
22 20 12 28 51309 0.9194442524044362
25 3 13 14 43338 0.9157238667837834
25 28 8 20 65176 1.0963584596433749
1 19 16 20 50041 0.9235602448878849
25 1 23 15 31669 1.0864108034845765
22 29 8 22 55070 1.0237147777334497
2 3 19 12 66654 0.9320411210264735
15 11 14 24 45534 1.0726503260714855
19 9 13 18 46950 0.9891447067269465
29 23 29 13 32734 0.9423289275494217
0 29 24 28 78796 1.07011016707639
14 24 18 8 60532 0.9269734273433056
1 5 14 29 102468 1.050667396674333
11 16 14 28 50752 1.0131305664494463
3 6 12 17 56364 1.0198098991738918
3 4 14 16 57613 0.980118271343571
10 0 20 18 76662 0.9152440116455266
2 6 1 18 47151 0.9477276898703944
2 24 14 10 60223 0.9869166474150834
2 13 3 27 54067 1.0031854278796055
16 22 20 16 37524 1.0605756522067527
29 15 24 22 25775 0.9727223162396532
27 10 3 19 72886 0.989869519519518
6 14 11 26 44519 0.9561871134081094
10 7 24 26 73592 1.0095457531385472
10 14 10 1 46652 0.9703797790101886
9 2 4 28 88735 0.9626029029826991
19 26 27 4 69812 1.0610149992451403
13 21 26 25 35764 0.922444942204565
11 18 8 9 48718 0.9135055937196733
29 23 5 16 72148 0.9775708616390537
8 0 6 12 38196 0.9793480497076602
15 6 5 2 40366 1.0093700928976392
1 2 27 4 65930 0.9896061474596285
0 6 29 26 111091 1.0006715007662532
13 7 22 22 63356 1.0322849422418
21 8 1 16 68910 0.9022844052690734
16 9 28 9 41072 1.052682934184454
19 29 26 3 73722 0.9626050668165401
14 7 25 12 42077 1.0926953503699057
5 18 29 18 67982 0.9873895796448431
16 1 20 22 73052 1.0094731068655616
13 14 13 27 36542 0.9711429363273612
5 28 1 20 44648 0.9900404399096829
19 26 21 15 49561 0.9380009384859643
16 21 0 7 81210 0.9998898922887514
9 8 20 16 49129 1.05898025826714
13 28 4 11 66266 1.0503614891708926
7 1 25 28 94721 1.0953878481082433
6 23 23 13 54869 0.9791038917384303
8 18 20 9 61908 0.970077953680585
9 27 1 0 94801 1.005212249292697
15 0 22 29 89374 1.0916819374403228
26 6 8 1 52806 1.090073902081524
0 12 14 29 82404 1.0944975535719155
18 12 16 21 56705 1.0760852027829988
27 26 10 24 42309 1.0606276362308136
26 24 15 7 61988 1.0794036685258452
1 15 9 17 40780 0.9993934396928006
11 8 0 27 79624 1.0270375581601332
12 10 20 29 78783 1.0134583386115734
14 20 26 22 41603 1.0156224256495794
13 4 27 8 43813 0.9653978374390785
26 27 14 6 75212 1.0254800858045499
22 11 6 14 38772 1.0624709170163937
27 17 19 28 55572 1.0153288065290353
8 5 0 19 66214 1.070307965529196
18 4 23 19 52732 1.0346787268838786
15 4 22 16 56536 1.0489072314681565
8 5 7 23 60836 0.951785147018195
9 16 13 22 35764 0.9218580538520235
11 7 3 16 45741 1.09485989664239
25 1 4 22 85107 1.0968682068428293
1 28 23 27 70965 0.9859869668382877
21 27 21 5 70984 0.9275121170745404
8 28 27 15 83483 1.07886052472411
20 4 5 18 75185 1.0315884425025708
22 24 0 9 84964 1.0544001604568507
26 22 9 4 81826 1.047478355080187
25 26 7 1 89983 0.9866006325527508
15 19 22 27 47097 0.9398289765869638
