5108 5390 4124 3443 3092 3195 6049 3847 4532 5521 4210 4548 3900 4451 5642 5898 3598 3928 1310 1528 3973 2129 3743 2251 3982 1887 2661 1809 1857
3242 2389 4087 2083 4614 6716 5818 4993 5771 4645 5530 5536 4993 7201 5884 7108 4239 5841 4806 5458 4252 4250 6771 6420 5277 4510 4921 6778 6571
3283 2993 3112 4899 5979 6636 7363 4400 5184 6135 4585 6721 5726 5368 7490 4525 6512 5236 4509 5623 5178 6808 4746 4399 7255 5462 4576 7470 6843
3080 3571 3843 4072 4800 4751 3041 3792 5084 3049 4957 4559 3938 3049 3958 3332 6375 5984 6089 5803 5977 5675 6976 5525 4620 7170 5107 4931 5432
6373 6803 7251 5073 6624 6833 7158 7446 5747 6715 5725 5100 7096 5999 5082 4456 4191 3806 4703 4410 5455 4784 5454 3471 4117 5538 4936 4911 3041
5379 4805 5839 4757 5474 3277 5608 5030 5758 5176 4824 4444 5916 5609 5867 4711 4779 3360 5659 3010 3221 3488 5182 4768 3890 3255 4053 4714 5855
7584 8335 7121 8305 8134 8313 6650 7301 6858 6156 6501 7413 7022 7491 8940 5946 7628 6559 7852 8805 7325 7056 7791 8490 6773 4510 5487 7114 6324
4283 3903 5913 3512 5980 3774 4570 3713 4583 5982 6328 4968 5187 6281 5603 5048 5293 6153 4136 3656 3518 3623 3304 2309 1722 3248 3693 3973 3216
6242 5738 6402 6120 6073 4876 6612 6639 6810 5155 6881 4795 5753 4626 5968 5582 4744 4718 6001 5190 5927 6322 6717 6255 7558 7884 7137 7022 8547
2162 3476 4979 3943 5182 2466 3160 4551 3848 2232 2678 3864 2236 3741 2930 2967 2788 3904 3602 4020 2685 4845 3860 4100 3390 3530 5232 5069 5062
5688 5103 7452 6076 6642 7320 6541 5306 7674 3068 4395 4919 5070 4900 5334 3870 2327 5276 2416 5324 2997 5022 3008 4298 4144 4220 2929 3954 4043
5737 5457 7060 5331 6996 5216 7370 4845 6819 7500 7441 5927 5109 6857 7364 6511 8181 5560 6288 6590 7806 8442 7295 7107 6889 6287 5890 8395 6485
3480 6376 3711 4038 6055 4788 4945 6344 6185 4145 5360 3631 4128 3990 5506 4064 5207 5847 5867 6452 3765 4497 5065 5285 4844 6153 6114 5304 5536
5973 4942 7289 7018 5471 3276 3655 2326 4206 4851 3609 3445 2972 2285 2143 3121 3076 3725 3775 3043 3206 2394 3380 3251 2751 4765 4149 4554 4429
4163 6521 4218 5745 4407 6117 4056 5609 4787 3899 5328 6584 5410 4369 6636 6362 4645 4215 5359 4507 5839 6146 4218 5477 4831 6099 6711 3803 6649
7678 5995 5676 5632 7921 6689 7929 5984 7516 6757 5869 7115 5617 5684 7752 7561 8475 6159 7461 6733 5607 5504 5497 8202 6737 5580 8445 8134 8160
7710 7916 7430 7900 6189 5482 7543 5848 6886 6588 6928 6434 4731 3746 3337 3303 4591 2815 2941 3088 2222 2201 3824 4516 4107 4526 4114 2313 2355
7516 6296 5281 6642 6418 5099 6386 6615 5153 5599 4158 6879 5401 4525 5126 5648 6629 4547 4468 5651 5390 5445 6891 6822 6393 4212 6018 4459 5345
3975 5614 2930 5603 3651 5422 3405 1632 3243 1796 1518 1938 2836 2668 2302 2595 1973 2626 2777 1719 1353 3222 2131 1841 1793 3035 3548 2703 2769
5454 5628 6943 7095 7288 6164 5096 5813 4675 5505 5699 6274 5093 4571 6215 4721 5275 5892 5592 4397 5328 5930 6218 4633 4291 6466 5075 5982 5625
4756 6051 6553 4961 5471 4996 6941 5372 7733 5831 6659 6714 7971 5715 5097 6116 8046 7735 8076 7825 7364 7130 6598 7309 5137 6214 7803 7498 7183
4320 5494 3635 3132 5655 4825 3988 3601 3409 5064 4405 4033 4088 5244 6676 5785 5500 6973 7136 7357 5831 6897 5482 7277 6683 6672 6966 6660 5171
3178 2558 3972 4665 3173 2753 4854 2054 3232 4449 4737 2572 2063 2441 2339 7200 7615 8131 8118 6833 8606 6195 7456 7295 7311 7058 8157 8750 6889
2566 2745 1251 1655 2539 1579 3322 1788 3070 2757 2389 2405 2349 2781 2665 3247 1307 7141 7200 7092 5757 5952 5682 6964 5964 5949 5904 4809 7254
4291 2458 2697 2907 2514 4121 4229 3184 1504 3147 2000 3818 1526 3238 2634 2316 4175 3242 4076 2167 2779 2516 3189 4036 1267 1374 1293 3213 1822
6371 6820 5891 5809 5911 6375 5852 6502 5137 5169 6750 5612 5943 4882 4866 4683 6535 4963 5869 7532 6407 5230 5745 6521 6031 1885 3476 2941 3499
4827 5155 5853 5318 4473 3832 4065 5335 4348 5308 3385 6275 6283 4878 4957 4038 7071 7048 6051 5093 5781 4265 6489 6630 6522 5209 6702 6660 4583
5489 7242 6105 7371 7583 7855 8466 7200 6922 7931 6884 6146 5805 6372 5994 8507 8155 8321 8418 8179 8727 6164 5719 8749 7108 8343 7804 7462 7877
3531 2535 6227 6747 6450 6500 5229 5461 5273 5182 6542 6226 5017 6651 6264 7616 5486 5251 6413 6011 5258 5849 6052 5843 7760 5155 7195 8005 6564
4291 3740 3596 4401 4187 5021 3563 4559 3101 4100 4625 4331 4959 4396 3855 4711 3534 4204 6669 4528 5153 5325 6276 4524 4078 6406 5865 5762 5869
4957 1790 2891 5285 3045 8134 4596 3621 7608 4071 4643 4508 3986 8462 3418 6056 3017 7147 5464 4399 5471 2444 5890 6206 4288 6123 4209 5979 7123 5266
4652 3939 4002 5165 2268 7388 3726 3625 5704 5716 4034 3504 6875 7570 5564 6044 2740 7042 5434 2445 3632 5087 3729 4974 4638 7374 5509 6645 6455 4020
3423 2121 5307 7538 4559 6767 5648 4203 7484 5540 4155 5483 4518 7237 4220 7812 1246 5888 3963 4990 5528 4524 3854 4014 4312 6573 6637 6446 8185 4518
3729 2911 4715 5014 4850 6235 5443 3669 6265 3952 6595 5102 3779 8395 3218 5333 3072 8304 4987 4929 4494 4911 4007 6460 3444 8639 6303 4884 6872 3776
3426 2561 4579 4864 4217 5916 3932 5919 6822 5676 6650 5051 3304 6032 4014 5162 3700 8652 4364 2525 5589 4607 5277 6268 3856 8038 6957 6969 8293 3315
3053 1797 4200 6105 3979 7262 4172 5515 5193 4723 5693 2616 3934 6700 5503 4890 1538 6143 3420 3445 4989 3737 5992 6140 2769 6415 7105 7709 6611 3453
2569 1943 5767 5566 3305 5728 5319 3282 7600 4111 6523 3095 4141 7159 3501 6987 3467 7181 4033 5073 4599 5117 4558 5553 4508 7240 7319 6099 5906 4507
2824 4261 5137 6374 2795 5342 4503 5401 7720 5494 6490 4650 5463 6849 5108 5478 1648 8386 5349 4251 4730 3797 3538 4145 3053 8103 6377 6961 7518 3698
2507 3335 5143 4326 4831 7454 4392 3836 6426 6324 5169 4094 4828 7678 4595 7386 3306 8366 5509 3806 4518 4434 4830 6162 2889 6759 7761 6128 8418 4259
4814 4365 5444 4075 3319 7091 5367 5721 6107 4938 4405 5194 5101 8033 5179 5295 3094 7322 5348 2434 5545 3576 5944 5969 4808 8462 5764 7912 7776 4388
3465 2445 4060 5738 3666 5853 4289 3754 5863 5277 4857 5823 3927 6095 3705 5543 2116 7477 5021 4934 4637 2565 4230 4725 2547 6434 4894 6342 8561 3929
2193 2990 5845 7066 5032 6079 5511 4418 6666 3781 4352 6040 3639 5747 4318 7946 2022 8483 4914 4768 3798 5113 4223 3308 3741 7115 7152 5280 8579 4034
4880 1643 4140 7019 4926 6429 4987 5765 6245 3661 6484 3872 4747 7331 4945 5624 3512 7559 2857 5312 2716 2825 3928 4271 5237 7456 6969 5986 7080 5679
3140 3847 4791 4842 2410 5046 5772 3145 5726 4006 5063 3258 3880 7123 2890 7748 2190 7886 2547 2612 3670 3762 4594 3759 4744 7110 7029 7212 8408 5703
4870 2138 5027 4104 2328 7521 6055 5781 6605 5163 5217 4263 4981 6943 4814 6293 1350 6276 2939 3833 4546 3230 3241 5173 3303 7208 7670 6592 6794 3663
4750 2780 6772 6928 2137 5559 4782 5927 5006 4978 5852 5200 3090 6230 3710 6021 3613 7850 2851 2497 3393 3644 3441 4572 6806 6952 4950 6796 6692 4665
3283 4189 7956 6983 3234 7355 3448 3063 4890 4050 4387 5407 4271 6739 3770 6667 3258 7122 3444 7521 3319 5402 5351 5588 8908 8944 7815 6648 8643 4412
4530 2770 7038 5887 3431 6812 4069 5481 5372 3795 6130 4712 2857 6746 4996 5635 1283 6036 4108 7534 5377 4604 5626 4169 6289 6212 5398 5135 5954 4610
3707 2130 5974 5878 3697 5781 3380 4065 6528 5576 7428 3669 2895 5733 4850 6952 2559 8210 4463 7005 3883 4305 3296 3523 8654 6749 5324 6020 6344 5038
4075 3552 7418 7058 4470 6979 4736 5240 5734 5126 7993 3834 5402 7793 3126 6095 1318 7335 4408 5327 3127 3015 7221 5411 8663 5533 7551 6262 7280 4827
6240 2263 6150 6692 3898 5720 5996 5359 6094 6121 7648 4576 3980 6364 3743 6883 3583 7568 4871 6083 4771 3091 4988 4191 8378 2761 6002 4872 8378 5172
3671 2676 6544 5964 2335 5015 3315 4867 5487 3572 6036 5578 4112 6763 4031 4990 3023 6868 5978 4781 3689 5500 5354 6158 6594 5255 7282 4906 5866 5065
4082 3805 8621 4641 3396 6256 3140 4027 4299 4236 5379 4942 2988 8103 5441 5542 1721 7301 6188 6964 4888 7038 4907 5973 8089 5651 5934 5424 4971 4041
3504 1657 8161 4421 3898 5095 5826 3233 4147 4305 6903 4706 4521 4441 3877 3160 4458 8458 5587 7579 5357 6599 5132 4151 6651 5396 6569 6534 4717 4000
5574 2604 6754 5360 4645 7320 4764 2861 3880 8172 7365 3364 3939 3591 4369 4626 3967 5884 5166 6289 3941 7878 7764 3410 8104 4284 6740 7160 5445 2655
4674 2576 6585 7034 7656 6558 4454 3231 3588 7820 5652 5260 4590 5740 5388 5055 5074 5934 6842 4789 3487 7021 5707 4927 6858 2936 6195 5540 4183 4897
5130 5659 8628 4792 6557 5313 5609 3335 5998 7120 6427 4375 4674 5460 5862 2629 4330 3993 5850 5919 5043 5854 5121 3639 6202 4916 4830 5914 6065 3034
4754 3452 6507 7007 7526 7243 4264 5175 4641 5611 7046 4472 4273 4629 5322 5270 3365 4395 3980 7333 4433 6816 5446 3719 5892 2624 7708 5170 5648 2681
6151 4768 8336 5282 7657 6333 6384 4311 3683 8107 7972 5928 3468 4249 4999 3009 2157 3967 4717 7438 3067 5417 7074 3581 8026 4451 6888 5629 4530 4006
29 1 13 25 109757 1.028904011883051
23 1 6 14 90285 0.9502975013013271
22 18 19 6 51632 1.0148497022496727
13 2 26 19 96434 1.0771237400521378
27 26 6 23 108553 1.0286029290386476
2 26 12 6 109155 0.9093657587460982
28 21 10 23 87214 0.9304109380476795
15 10 1 0 87017 1.0615447168538361
21 26 21 4 86221 1.098214266256878
24 10 18 20 40922 0.9343523031707983
29 21 5 3 137406 1.0489975153218296
12 16 1 26 63504 1.0576434558314476
5 25 17 13 77530 0.9024763296759764
22 14 0 9 99889 0.9779951913332082
7 9 17 29 91004 1.0351250438107749
20 17 13 9 46043 0.9044035756525478
18 11 12 25 59964 1.024747256370805
11 10 24 17 60081 1.008501841548371
26 16 3 5 108382 1.064985192314258
21 8 1 21 98838 0.9474070616282302
2 23 19 8 99222 0.9107348432312313
9 27 28 2 130688 1.061990856966992
17 10 25 23 62203 1.0126622896005548
20 6 11 12 49113 0.9480879337999366
15 10 27 24 89757 0.954661413589257
2 16 18 27 66433 0.9735672419222253
25 2 2 13 114669 1.037413927355371
26 8 4 23 110591 1.0593314651937071
4 15 27 6 95207 0.9537698362613116
7 19 20 16 43731 0.9049899057984099
0 20 4 13 33874 1.078698252843053
15 0 25 13 65576 0.9678236003097854
12 12 11 1 56938 0.9347850946972932
17 11 11 15 40790 1.0769256363832953
5 28 8 7 90538 0.9931799456463929
2 28 18 26 84472 0.9388020431951745
24 18 26 7 36876 1.096985627356673
14 12 12 22 37548 1.0966218667299643
14 16 8 0 69856 1.0108914678940961
20 0 8 23 110960 0.9497521306497133
24 25 15 28 53914 1.0780994505491697
2 2 24 25 129733 1.0690715789248864
24 25 14 12 69709 0.9092057500884537
9 8 6 22 57907 1.0409856646292788
4 24 26 19 102223 1.082412672858722
4 20 5 2 85701 1.0719343785770492
8 25 16 0 120124 0.9706805239971935
0 7 12 4 58202 0.9132195222196626
18 0 9 26 109355 0.9213440566575396
20 13 27 24 69715 0.9414895197971711
13 9 6 6 43430 1.0005329441376996
16 14 8 25 63555 1.0556864385677698
27 28 1 2 154641 1.050044577707094
11 8 12 27 80188 0.9446430290470796
15 11 4 9 58581 0.906475549348252
18 25 0 25 84218 0.9247321355950467
17 9 25 13 38062 1.0476763110237797
16 16 29 24 67147 0.9785704906600806
24 9 6 13 84004 0.9585538765127687
27 18 18 28 69442 0.9101289427128033
27 3 1 13 129705 0.9401804892476018
23 14 4 18 62210 1.029615525873579
7 17 12 4 62119 0.9033005642535883
29 29 26 16 61463 0.9186649651836036
5 16 11 5 57038 0.9345917041714584
3 18 26 3 110646 0.9088553170188071
27 27 22 9 73604 1.002565955264596
9 10 26 1 82206 1.0791580871665125
11 0 7 14 66500 0.9480855179468668
19 19 11 17 39002 1.0907557633290774
27 2 15 2 49898 1.0373822602196305
10 1 15 18 78133 1.0863288174835164
10 16 22 10 51179 0.9088731983524224
21 0 6 29 135393 1.0395773360372371
20 6 5 10 80234 0.9816254019604793
8 14 21 10 61753 0.9822622468243921
25 25 9 4 110686 1.025340108169521
28 1 22 11 43985 1.0974752427094072
25 24 25 7 58303 0.9091807909128943
0 11 25 13 98685 0.9227816218222402
20 9 28 23 72590 1.099346337505293
8 14 24 24 75772 1.0859322716824764
26 17 25 27 44735 1.001779273894502
5 0 14 1 28405 0.9922546460862407
1 18 27 23 104017 1.0111717108524225
20 2 22 15 48328 1.0709168231076907
28 3 20 6 46838 1.0357552029961787
17 15 15 26 47564 1.0674263958614083
29 24 12 9 100387 1.0202921598259125
9 27 29 11 114743 0.9575622065994948
19 20 2 26 87969 0.9787207421755617
17 25 12 16 40853 0.9501532389021686
29 7 0 8 127485 1.0166076885766056
19 0 29 19 89646 0.9449993895601247
28 24 3 3 148268 1.0464269052971744
8 7 29 14 98376 1.0783379800742428
11 14 3 10 48290 1.0464219449700332
18 21 7 25 53664 0.9011823911384949
6 10 29 6 114205 1.0260984131384827
3 4 18 27 112288 1.0109367978214536
22 0 10 25 108607 1.0307889214875257
26 29 28 17 58732 1.0379317670777781
28 4 17 23 91403 1.08080258024723
1 11 19 11 79559 0.9007841545000133
26 20 7 0 108945 0.9636515077700103
21 18 29 8 63281 1.0348251881565322
29 23 11 26 96832 0.9259575876401293
4 27 29 23 122914 1.0267046144337428
7 5 22 14 87336 0.9658657085585576
19 17 7 11 54754 0.9020698453992382
15 11 13 20 35106 1.0517677527380993
16 29 8 23 57745 0.9401440828357535
15 14 1 18 54509 1.0322372168063612
0 19 24 16 71670 0.9145830838021655
27 5 11 20 90017 0.9588189272874036
1 4 23 8 87899 1.068168836600942
18 28 4 26 75972 0.9303782461457608
10 1 3 21 96124 0.9461995158916591
26 8 1 16 87101 0.9330455586116896
29 18 21 4 65482 0.9642533720377706
5 24 18 22 58195 1.0340755883567982
11 4 19 16 59063 1.0638250048463331
29 8 12 5 76462 0.9805483301016953
6 11 20 21 67783 1.0760501898682495
1 29 8 19 60102 0.9274835143336612
8 29 13 14 69089 0.922166316301015
10 24 15 6 79589 0.9176218673988868
25 1 9 24 104314 0.9962713609323683
19 14 2 13 65794 1.0016155585834858
22 25 23 11 54170 1.0135637181832475
17 0 19 18 64720 0.9159518361211109
16 3 0 21 104950 1.0662571704922468
19 16 17 25 28206 0.9688742812709585
28 25 14 5 107273 1.0548080163820859
18 21 15 11 38106 0.9010401003435327
20 26 8 23 67240 1.0849184840299302
22 6 0 0 84268 0.9457794507696936
1 28 3 8 78851 0.9426936966669064
23 28 25 4 76920 1.060768351660257
12 0 3 21 104393 0.9695571100196425
12 17 6 28 63346 0.9946900019880331
2 26 0 0 110997 0.9093130874884073
21 23 22 9 63484 0.906726718637401
22 2 13 12 64601 0.978650847484532
5 27 0 13 70187 1.0254809103481248
26 7 3 8 104913 0.9812169179214849
6 1 29 15 108176 1.0573391242287427
22 5 23 21 57933 0.9768781979900747
6 20 14 13 48938 1.0229958190820545
4 1 13 14 76947 1.0714129280496323
17 11 4 15 57604 1.0257103562738799
21 17 14 2 67059 0.9195296058179396
3 24 20 9 96901 1.0452314445106188
9 16 24 15 41049 0.9270250932144039
22 23 7 25 69792 0.9193966108769337
7 27 4 16 48209 1.0590984885485533
28 11 26 21 57872 1.0902765037876443
29 10 0 5 126154 0.9314219761798045
13 16 17 0 67352 1.093281628005937
14 27 1 25 69956 0.9235827341036469
8 8 9 24 60726 1.094112422721779
23 4 14 2 38475 0.9117506055906752
24 24 10 12 77370 0.9618694046830967
27 9 22 17 50668 1.0885116414031577
13 10 21 20 50145 1.078272599900446
28 6 7 3 88452 0.9298431482489944
25 23 26 7 55013 0.9511943701450664
4 14 20 8 76793 0.9851037794768904
22 0 1 3 70310 0.902748401257197
6 16 15 2 76571 0.9557136994863442
17 24 3 19 73884 1.0287677767065149
4 12 29 11 107266 1.0275147171715366
22 9 28 18 52531 0.9287218734936813
12 25 10 16 41800 1.0804263124182714
29 10 19 2 64921 1.0999163450803078
28 13 18 17 45876 0.9315332841433109
17 26 4 4 109288 0.9568782089697956
10 11 21 13 52676 1.0666495711022868
4 10 12 23 77607 0.9163268789814001
6 29 5 11 83044 1.0625860593488092
15 21 17 7 49666 0.9772653237372921
4 11 20 25 89399 0.9061980411014637
25 3 22 29 85688 0.9838437472438326
7 24 18 21 51942 0.9996907679708792
20 21 16 4 57439 1.0444073552060444
20 29 23 2 87356 0.9680445278015345
18 27 7 11 72938 0.9899767065674856
23 7 10 19 65018 0.911541961776997
14 16 20 21 27272 1.0705252263564085
18 5 20 19 49063 0.9489742147843316
7 3 27 20 116224 1.0229357226164906
21 12 3 13 72186 0.9347638772518363
4 0 15 0 37741 1.0871728126381914
4 2 28 13 112734 0.971711836693925
2 1 20 26 128594 0.9284802488191815
0 0 5 29 128501 0.9293235201920119
5 14 19 5 76452 1.0562162852026837
11 29 3 0 128263 1.0768101609276424
23 2 3 21 107945 1.0768065655298202
9 13 23 27 85386 0.964038723377036
27 20 6 19 87720 0.9921274969807536
22 14 6 14 61561 1.0867599998408455
22 23 6 2 120195 1.0370906380807967
15 19 26 23 56817 1.007060722518452
15 16 2 9 63397 1.0218305241240913
15 25 0 10 103761 0.9936363266036412
23 5 6 4 61749 1.0783653713616943
12 23 3 13 63708 1.0848956419871736
24 10 23 1 23677 0.9064277064323808
12 1 21 3 34441 1.0263081432618675
17 2 1 17 95754 0.9772379170299077
14 15 17 24 39797 0.9708622712202316
9 13 23 27 85386 0.9082899394240591
11 2 15 27 109663 1.0937948700080182
1 1 2 25 105130 1.0906252334927955
2 14 18 8 69575 1.0880061153387326
28 5 26 26 89509 0.9819710778482311
18 17 23 0 53285 1.054345581769411
15 2 5 25 112848 0.9808157261523205
2 13 11 0 82868 1.0613883950190197
1 9 13 0 76628 1.067770877671408
28 8 5 10 110480 1.0770631200091632
17 6 20 28 70347 1.0163629370386413
22 12 6 20 72635 0.9565975691783517
29 2 16 3 60212 0.9202753486953942
1 15 24 18 74342 0.992697424877895
7 26 14 2 102978 1.0791355861911816
7 13 24 18 68398 0.9827456054349455
22 15 13 0 68937 1.0504074042008398
22 18 10 11 63766 1.0271282367252983
18 15 8 1 75060 1.0034131478779427
0 3 20 18 113055 0.9585453515011096
0 18 1 6 59514 0.9897293274360777
6 19 16 21 44550 1.027471390929917
19 15 15 6 40589 0.9514889339537059
22 17 18 25 37533 1.0255130688276202
0 11 29 24 133217 1.0509196656129827
21 27 28 4 102890 1.0390172358131102
11 28 25 21 93982 0.9355575420869139
2 26 0 16 38047 0.9282363312679447
4 8 17 11 74935 0.9027809387573792
28 2 16 27 105030 1.0198920355963397
7 7 7 17 48531 0.9768039586712829
6 24 13 27 38448 1.0340666881213412
11 24 15 2 92234 0.9511605134020354
21 29 13 6 90834 0.9443924240327475
3 26 1 5 103388 1.0471248502348949
17 5 7 18 71939 0.9544738419587189
14 3 0 16 83993 0.986797990259274
5 13 2 6 43129 1.069213811342772
18 13 11 17 32974 1.0158683507807544
27 2 8 21 111420 0.9374793451667083
22 13 9 1 72144 0.9888909806000411
6 29 9 0 109240 1.0542440204477235
1 8 28 8 127913 0.9835719539705728
28 6 15 28 105525 0.9004475337819368
15 4 11 24 80926 0.9430368108018224
14 14 11 24 42982 1.0046172171814023
14 21 12 11 38425 0.9240915850530579
7 15 7 27 45703 0.9887587367880726
17 23 25 27 48524 1.035881752611322
10 5 11 16 46974 0.9253157209486442
3 26 3 5 95197 1.0621918514029671
5 18 27 20 83329 1.0405862326302335
23 11 18 25 45086 0.9125791803638251
27 28 7 19 105536 1.0028301940808422
12 10 18 17 36865 0.9334587765808178
29 19 15 25 82252 1.0210825936989394
8 21 26 29 94422 1.0492673603438152
26 16 20 6 50494 0.9018565151222867
16 2 0 18 105569 0.944523464371144
3 23 19 5 105651 1.0063430068377892
27 17 18 3 75257 0.9436323564981715
3 8 29 22 131866 0.9609661610081679
7 3 19 28 108496 0.9984683155440566
10 26 12 17 47211 0.9785198158581354
3 1 22 3 61126 0.9673325835900836
29 19 19 0 89646 1.0352402336945086
3 21 25 14 87558 0.9533487126506339
2 6 1 16 48393 1.0296116013987633
16 13 3 8 75658 0.9093264124357407
3 1 16 16 86958 0.9142156272942575
28 26 2 5 153470 1.0088558145010447
1 17 25 17 74115 1.035442334678204
27 29 12 10 97289 1.0609587552243025
25 27 0 13 115917 1.0596469692814545
15 2 18 16 53116 0.9230263775622262
0 12 26 8 110009 0.9614079937408921
19 11 6 20 64117 1.0369379109823513
12 12 3 13 42054 0.9814441658828235
0 13 25 29 116629 1.045766514445186
20 25 22 7 71399 0.9416311496560031
28 0 6 22 123139 0.944145938504032
19 14 29 5 61531 0.9626443756794523
11 5 21 14 70116 0.9951162442854056
13 5 6 27 94926 1.0035188711442018
13 1 20 4 38038 1.0098955608605764
12 10 2 25 92266 0.9415607828253318
9 21 23 9 69299 1.0241541313001312
7 6 3 27 105896 1.034705885540448
4 3 24 4 76377 0.9986794208026581
7 28 7 3 98095 1.0215398432623595
19 22 21 3 65169 1.0140901858832976
28 19 10 20 80086 1.0309397536476168
6 13 11 6 51000 1.0968131891504282
7 29 16 26 48800 1.0465088532671707
10 7 18 22 68259 1.041181329537512
4 1 1 10 47103 1.0484198895765866
11 22 27 27 88344 0.9770281240667142
15 6 12 26 82549 1.0679055801282589
29 29 21 20 52696 0.9912303645086142
25 11 7 3 82807 0.9253488596018694
16 4 5 17 73717 0.9224760209999894
29 16 25 27 55985 1.0121545677749268
1 16 18 11 55494 1.076959339130879
18 13 23 8 32834 1.0321169609975236
4 26 20 11 96599 0.9740043590376756
18 13 7 15 40005 0.9542371415826535
13 0 19 17 74167 0.9410019894959131
22 8 6 18 81037 1.03513238693586
26 15 23 23 38292 0.9417178843749463
17 28 3 11 92680 1.072096918782096
27 5 16 6 52273 1.0408069872142987
19 25 2 24 78059 1.059138263766497
11 10 29 25 102564 1.0089534220490104
10 12 26 2 87252 0.9197812308804303
29 27 1 6 162893 0.9768451496814604
1 22 21 6 105248 1.0401072168847458
27 1 2 24 136100 1.071267552341844
26 12 12 28 95037 1.0113742718310015
7 12 23 14 62719 1.0382995876393233
5 18 12 25 49881 0.9728896140317141
17 3 5 13 82626 1.0187471146161138
2 7 29 27 154681 0.9788457209424588
29 4 17 1 49649 1.0617325095906778
17 28 16 0 93616 1.036944528491882
18 9 27 20 58446 0.906486767239981
6 8 17 14 69416 0.9033956520503555
4 22 9 1 91006 0.9202478009325387
5 22 12 2 93097 0.9955836569023798
6 14 11 9 38170 1.0259369492189712
20 11 28 8 44158 0.9326685919221822
20 4 13 9 40641 0.97508499870589
13 26 0 27 66136 0.9452996995843864
9 29 11 2 110368 0.9397209493859132
1 19 13 12 56868 1.0120935559176731
25 1 0 24 121639 1.0580528469564987
26 22 10 5 111998 0.9310007123625205
19 28 15 7 70064 0.9387724124104898
23 5 29 1 28906 1.0862694907529147
28 22 17 8 82601 0.953959596695272
8 28 29 11 127407 0.9598047265180902
11 18 23 7 61921 1.0420613553216898
29 24 7 9 117510 0.9903943955058632
10 16 18 3 57953 1.0769134810968832
25 20 6 28 101052 1.0947184590799972
26 2 9 16 83176 1.0168033195911814
7 1 14 4 38735 1.0004409332992923
14 25 17 18 35104 1.0031835399844837
11 8 12 25 72618 0.9508120265692656
28 6 16 7 55166 1.0271498305547526
27 18 3 15 84438 0.9046100582062343
14 26 1 23 65082 0.9555299999170497
6 8 16 7 54331 1.084503479091998
22 12 0 19 79534 0.9887311018674814
5 3 4 24 100988 0.9330593431898285
19 14 16 29 50259 1.0611861058280607
2 27 13 9 99527 1.0811986125536421
22 15 3 18 66764 0.9524041410351317
8 29 22 24 85006 0.9785054941186834
8 9 22 17 67508 1.0909013542578319
0 20 12 4 85970 0.9704770308680307
4 12 26 22 103778 1.0763378806807382
2 14 5 2 62449 1.081601959102781
4 0 25 16 100872 1.0899766594989664
27 16 21 2 58989 0.9112281467464214
21 0 2 5 75344 1.0397255623859285
15 17 27 15 47550 1.047861418480121
27 4 22 24 87949 0.9044195721467464
16 21 21 1 75111 1.0279880061005233
24 9 11 12 58698 1.091002189901169
9 8 2 11 38849 1.0677210114579576
7 28 23 27 85212 1.0127085688661344
9 11 7 22 44591 1.0972291822742328
19 19 19 5 47858 1.0789705042632824
6 27 27 9 124995 0.972332844190636
28 2 3 7 100962 1.0636517679332507
3 24 17 14 76415 1.0104311929727465
13 5 24 27 94359 0.9507676621097563
2 23 14 0 123066 1.0314409554133466
1 6 8 10 49745 1.0457196957119752
5 26 18 24 65050 0.9207157120402533
20 16 10 3 70123 0.9199180450004897
26 5 29 27 96285 0.9615212345887993
21 0 6 17 97552 1.0764397108160368
29 10 23 23 65909 0.9887864422412986
22 11 5 14 70073 1.0319123919030084
1 9 9 2 62734 1.01028109566145
9 28 10 15 53054 0.901985831916524
24 13 1 28 110577 0.9265274588059755
26 29 20 22 44127 1.0351977883157606
13 20 20 15 35306 1.082236492122737
16 10 9 20 57331 0.9871801233546077
28 22 16 3 105904 0.9882025715392287
26 0 22 24 89998 1.0838019711305011
27 13 15 17 55903 1.0727983508751848
29 6 23 28 83887 1.0242108096504576
13 11 23 5 56580 0.9343278503984315
26 26 18 23 47074 0.9528972051140665
27 2 4 17 108772 0.9028346778383911
13 3 7 23 90344 1.033534663105781
15 4 10 23 80118 0.9312208267665558
24 28 6 3 128986 1.010103879387421
26 8 21 27 74629 1.0166433531291459
13 3 12 15 50881 0.9221699754099486
24 29 11 20 74023 0.9302949209663971
18 16 26 12 34538 0.9148102044601022
4 26 20 8 107915 0.9818644096004243
4 9 29 12 115260 0.9022208307599066
29 13 17 19 60626 0.901612489197137
21 23 2 6 112502 0.9404454734106054
27 24 10 1 118868 1.0533322297795398
21 24 6 0 120585 1.0751462229906388
5 9 23 21 96028 1.0647788268036686
21 11 17 1 49663 0.9946211598001302
8 7 26 18 91408 1.0036998679291398
11 3 8 25 92124 1.0881386742615504
5 10 27 24 116986 1.0875944312291348
26 26 13 15 71288 1.0146678267807552
7 27 25 16 85261 0.9227720032307386
18 14 2 22 73949 0.9585956477647415
18 10 25 14 36209 1.0206156938818034
1 10 0 22 49758 1.0913717166151378
24 3 26 14 41945 0.9148520613590903
25 22 5 12 96059 0.9961721248228974
20 29 10 7 95944 1.096778673348724
10 25 5 14 57584 1.006836660871646
26 5 9 12 85501 0.9832960939358467
23 27 0 8 137709 0.9788432768278772
20 25 15 0 95408 0.9743969893720389
28 3 26 13 60089 1.0759931305894097
14 18 8 12 36794 0.9086951185349242
13 14 28 22 75291 0.9112311184981773
16 7 26 4 52833 0.9127331381007294
19 5 10 6 46506 1.0525640341250297
27 4 6 0 80062 1.0678222347418402
1 19 29 24 120647 1.0055795494648425
9 18 2 10 51371 0.9583075153898146
14 13 0 8 81570 0.980840751385524
13 22 20 17 42836 1.092653478677397
6 11 28 8 103040 1.0682095142728942
28 16 15 26 74031 0.9296549550288191
2 6 7 17 61477 1.0315483169124562
4 11 25 17 84403 1.0947007904920163
28 8 13 0 69993 0.9844259499078483
17 14 29 2 78194 1.0637065768521652
3 14 20 12 65157 1.0474891257496888
23 16 1 10 83355 1.015847423685568
1 14 17 24 80078 0.9353647117403949
27 19 13 8 83478 0.9626174793940783
3 6 28 26 141952 1.0397146896011749
28 23 8 7 109822 0.9093261372300505
12 1 8 17 70103 1.0880570614071134
20 0 2 19 114263 0.9412480706012659
0 1 15 17 99670 1.0324473036131185
8 7 23 1 68574 1.0501214981176656
28 10 4 10 116089 0.9389633107689112
10 5 10 23 70369 0.9698373356088108
7 13 13 26 65991 0.9102691717425618
5 7 14 15 66377 0.9040790101698298
3 17 25 7 87293 0.9225641539475975
12 20 0 8 88448 1.0934297900876646
23 15 12 4 63906 1.0116012679037771
8 17 1 20 41007 0.9402332526360502
7 13 3 28 83386 0.9908041706918181
2 22 2 9 64145 0.9949125163288903
7 17 18 13 40250 1.0433196860583396
7 21 11 2 83511 1.0765521246454317
23 25 7 21 77838 1.0462488178358553
4 14 1 5 50777 0.9163605363123123
14 13 29 15 63274 0.9809323598937364
27 12 26 27 65549 0.9161591812931212
5 3 27 7 88046 1.0468244823431836
1 1 16 3 58422 1.0652211835155585
17 1 16 20 67714 0.978440765394195
4 21 10 11 55527 1.0788043100678826
3 22 22 18 88829 1.0290356038964417
12 7 1 0 63209 1.0849667460261707
19 20 11 29 59044 0.9772978810110358
20 17 2 0 108455 1.0270742436506115
6 1 25 3 63304 1.0296893209242208
4 26 1 3 106221 1.063703003288446
16 5 11 25 90343 0.9530109813429981
15 17 7 25 54691 1.023817101610644
25 13 15 19 45459 1.0865522438311574
23 2 15 27 90598 1.0697170918628627
15 26 12 4 92105 1.0905626383605744
6 5 22 5 67121 0.9137350040790633
25 19 26 2 68545 0.9083995358718179
14 18 19 2 65250 1.0135949601730736
28 12 11 15 67224 0.9528745638730517
27 28 12 10 100574 0.9225213534403409
5 14 10 23 49142 1.0863692224851218
22 29 14 20 59132 0.9534349514301392
21 6 22 21 64404 1.0648048565783914
10 8 19 9 47692 1.0165279563386271
27 13 8 7 94595 0.9207228193527047
15 5 26 20 80241 0.9304902947854368
17 14 6 22 60783 0.9788815508081535
7 29 18 1 118974 0.9793209860792429
13 20 6 0 86678 0.9670479121399559
3 21 15 8 88074 0.9605522061214974
5 28 0 7 101045 0.9718454961860655
4 22 20 16 65068 1.070619054284589
22 18 7 17 57004 0.9149914563537848
11 9 12 21 49518 0.9151326267878387
16 14 6 0 84526 0.9230943291044382
27 7 22 29 75984 0.9116480725086624
19 20 3 3 103320 0.9834102704491301
22 29 29 5 94054 1.00708605717066
8 20 11 2 77113 1.0733070327017145
14 2 9 9 47904 0.9577830127691797
27 1 3 23 133416 0.9144388409160508
21 19 0 16 71649 0.9646813774102719
10 27 9 7 73243 0.9652193521584909
0 13 25 29 116629 0.9200831054947886
10 9 3 4 48122 0.9939619303269378
5 24 28 6 121965 1.0339692285047395
13 8 2 14 63962 0.9571078698771883
0 1 28 21 140844 0.9866419448018557
6 24 12 5 91101 1.068565352510164
9 22 28 1 108041 1.0519433624835521
20 0 3 24 128137 0.9033343720063716
29 21 19 9 76675 1.0987615473052113
0 23 10 24 40816 1.0877859203681233
12 11 6 21 57963 1.092518748476754
21 1 24 27 75366 0.9045569660727986
1 7 24 11 112210 1.0655715667857129
16 28 0 6 128615 0.9525192803001342
17 16 6 17 37204 1.0615226838760186
19 20 4 22 65366 0.9519869516687358
13 1 3 1 28251 0.9044601632757019
23 21 16 27 50302 1.0372728572920338
19 26 18 3 66403 1.0325683331069972
5 19 16 8 75353 1.0112470045086959
28 13 26 5 46084 1.04038936704816
13 12 11 22 37891 0.985752919893739
0 10 2 18 46154 1.0071383115008923
10 1 6 27 105846 0.9021845489589494
17 24 3 5 106610 0.99980927740331
11 8 6 15 50833 1.061040419881376
29 25 0 8 147719 0.9473184383133794
1 26 22 24 108679 1.069061043934694
21 8 9 15 61290 0.9689487303407615
26 1 6 17 94070 1.0505163466609695
3 29 18 26 73111 0.9536009501824252
8 2 13 14 64717 0.9668048388127846
16 20 26 21 47620 0.9962368095687558
20 19 6 11 69723 1.090557109564212
26 27 24 11 56164 1.0886157616904075
6 20 0 10 61948 1.0933336131795302
13 21 0 26 64984 0.9174210330745011
11 15 19 0 78476 1.042754850000635
20 17 12 14 33826 1.0406984403580375
2 28 12 8 110940 0.9625638105697586
8 13 3 21 52376 0.9793146735130929
13 3 14 20 65667 1.007960247061442
3 5 15 7 63998 1.096642361713818
18 20 1 7 91810 1.0059394995792514
2 10 1 22 55982 0.9177015248874781
7 11 2 29 82460 0.9323247762770885
3 14 22 7 86141 0.9271955006313329
0 8 10 22 87558 1.0626664434001545
0 21 26 22 108305 1.0130261273556365
11 2 9 11 42543 0.9585230321891196
26 19 7 7 99955 1.0723879103010119
25 12 17 7 43445 1.0858035018737047
22 26 8 11 89061 1.0461120641045403
22 13 15 23 52593 1.0425907261085925
20 7 24 21 56372 1.0477238187510625
2 12 8 3 62886 1.0944168670551784
26 11 6 13 87481 0.978647541104289
8 4 15 23 86961 1.0101644182694547
5 24 19 21 63524 0.9453999211307718
12 28 3 3 127453 1.0507993567723586
20 17 5 11 64554 0.9024473996897989
21 19 0 16 71649 1.089879396095654
12 5 21 25 88490 1.0326440787357885
26 5 16 7 49324 1.035257395481067
17 9 13 17 34218 0.923992066934523
25 10 7 2 84134 1.0574768536515935
23 5 9 1 49783 0.9675830368017235
5 3 12 12 60315 0.921484824130157
2 21 28 7 119958 0.979940165375143
29 22 4 17 101059 0.9837997179425687
2 8 1 24 71317 1.083193678366142
21 24 9 23 61936 0.910777517991667
21 22 0 1 126734 1.0983001137506063
6 28 10 13 68984 1.0803655761837754
8 22 26 10 90013 1.0614265080071381
20 2 1 26 131397 0.9594542080209455
14 18 3 12 51100 1.002518470346924
19 24 29 2 97159 1.0086065395627353
28 8 10 24 103654 0.9542439939482237
4 19 0 1 81258 1.071041636773996
19 7 9 16 47031 1.0679355947817206
0 1 3 18 77845 0.9164328240114006
16 8 11 17 54567 0.9335545776729357
22 18 12 6 73613 1.0354187551839575
4 0 3 13 56266 0.9676453789285893
0 4 6 22 92190 0.9575282392729584
23 13 3 17 66441 1.0042916534361368
24 14 5 21 73671 1.0184975904119966
16 16 27 22 57458 0.9515730688704719
25 3 15 15 68396 1.0819483587015608
14 22 23 1 77642 1.0622234035235214
24 0 23 22 68806 1.0761182801208844
25 20 20 10 53240 0.9080781929979431
27 12 26 27 65549 1.055847343436006
19 5 25 1 31299 0.9801376770029906
16 10 11 3 53197 0.9061441839008495
0 16 2 1 68920 1.031874152474586
28 2 2 20 129524 1.0601839085715798
20 5 9 28 105573 1.0800214574997036
22 0 3 27 141691 0.9847590545334195
13 21 8 27 43638 0.9841519805643044
1 15 8 3 75949 0.9200269554088555
7 6 3 24 90145 1.0636057962038767
18 15 24 6 45415 0.9270214034992322
19 21 17 9 34201 1.0742763833052993
14 3 25 25 98274 0.9677447307532623
7 21 11 29 41362 1.024779429757945
3 7 10 15 58997 1.0489057116965612
27 4 3 7 107112 1.0194494572194694
25 1 17 23 72977 1.051186152932884
1 14 7 29 75448 1.0367163605303589
21 3 3 2 64620 0.9085316245042162
4 29 18 12 93497 1.0356151896778876
28 29 0 12 131141 0.9998987573325158
5 18 28 13 84439 0.957652050147749
12 26 13 2 96002 1.032462450459664
9 20 1 25 48956 1.036252646244042
3 18 23 24 97102 1.0065995835497497
5 28 10 8 88258 1.052905654812737
2 9 28 0 115745 0.9341196857042187
5 3 0 18 76171 1.021513184573072
13 9 18 17 36093 0.9326632490050851
18 13 7 29 79386 1.0678816951267016
6 27 7 14 57405 1.0603229820920381
18 28 19 6 56034 0.9482117153072409
17 16 6 12 47461 1.0825259139666705
8 22 25 20 74964 0.9620024943446697
19 18 10 21 40650 0.95148720746696
11 16 4 0 74004 1.056621489766565
2 0 18 25 115967 0.9056142192938219
1 1 28 16 119968 1.083270160142561
1 22 21 22 89469 0.994940348213328
29 5 20 19 84345 1.0762540955320996
21 19 27 3 78506 1.0245524745167882
20 24 2 8 108779 1.0337354562654522
0 28 10 12 73508 0.9329945229103087
1 15 17 18 56572 0.9855007092971952
22 24 29 16 58456 1.0944606658073384
10 27 0 23 51621 1.0066798871606804
21 14 27 20 43519 1.0036852102810547
0 19 3 10 39632 1.0097850053699964
14 27 11 18 45697 1.0662612841270145
14 2 25 27 107853 0.9791534250551792
12 6 7 13 50535 0.9062967871477559
21 9 13 13 44126 1.0969656992414396
12 12 7 2 57699 0.9303977390773848
7 23 18 9 69313 0.9042958811550411
11 19 10 6 55236 1.0275201679593737
10 1 21 18 88296 0.9252260928603556
25 28 6 15 92239 0.9841242729609165
14 15 1 29 82952 0.9369285633584583
7 23 18 6 77593 1.0439991493504692
27 17 5 21 89074 1.0003661611729733
20 14 10 25 66086 0.9724940076505547
5 24 1 4 93103 0.9737159149395324
17 13 18 26 36781 0.9832290606133501
3 9 2 24 65231 0.9593411424622035
1 28 20 1 138929 1.0620204640864224
23 23 15 1 89231 0.9465658347337097
26 21 15 10 73757 1.0456785083760503
14 0 4 29 133299 1.0741295443576435
12 12 27 8 70029 0.992746971916773
24 20 27 9 51629 1.0409884798459896
5 10 28 15 93646 1.0512948132005782
26 3 3 4 87732 0.9789532475853621
15 29 21 18 54320 1.0901004589159229
29 7 11 24 104323 0.9645693067613087
11 24 9 3 79248 0.9054324695571339
0 26 28 1 139195 1.082380908782254
28 27 28 1 108435 1.059331994535553
24 5 13 6 46495 0.955446487444541
9 27 26 2 124197 0.9864781895035888
29 27 28 2 116183 1.0724383235401238
26 1 1 7 97005 0.9163272777017359
20 8 25 2 39783 0.9609181483796261
10 16 28 20 66570 0.9098907587150722
4 14 27 14 82499 1.01376262055379
0 2 14 7 72355 0.9008197610594698
11 13 5 25 67271 1.0393702531743994
20 18 22 8 48050 1.026116047157093
27 3 29 13 55136 0.9293391105031555
27 2 29 27 116973 0.9248528938169434
29 25 26 6 80182 0.9960965905695622
25 2 6 21 110472 1.073969757359494
21 15 10 28 77561 1.010556969203902
16 28 0 10 111538 0.9612154609682101
6 17 27 20 81280 0.9852280036858909
12 11 27 25 85777 1.025414935810233
22 16 0 19 65491 1.0526135483707755
11 29 16 15 66667 0.9716928713995809
20 28 24 3 91516 0.9473361908380196
23 16 1 21 75157 0.9763816193483802
2 19 4 6 61705 1.0057537583394878
11 20 10 11 43621 0.9703278811527032
4 2 21 26 133528 0.9571540244000193
11 18 13 28 43039 1.0273616224440947
8 6 24 23 97843 0.9580028231426454
23 11 18 18 30250 0.9226766524359661
29 22 9 20 93165 0.9939854816370366
3 2 19 17 102019 1.0248925279442416
1 6 21 19 112779 0.9360292857818044
20 25 0 12 97780 1.0159127836313735
25 2 29 27 105518 1.0691427034286696
23 23 4 17 81345 0.9778092504479795
6 15 24 4 83798 0.9627784810812052
11 23 19 6 69185 1.0896674720995119
22 22 1 21 93041 0.9506149589582988
20 3 25 24 79785 1.041407536414125
17 25 21 9 58123 1.026468741410172
22 9 26 21 51927 1.058593461421932
5 13 1 27 64103 0.9324077876836134
28 14 16 15 50030 0.9732572168814684
1 0 16 18 103666 0.9501177966029153
15 26 20 8 71791 1.059724723382043
5 27 13 24 40750 1.0968837484896985
1 14 25 0 115525 1.0256786790431178
17 4 12 26 88466 0.9982102875836625
22 19 26 25 37717 0.9483244034141018
10 20 21 11 59105 1.0233229905904464
20 28 19 16 44904 0.9405628680960926
15 10 22 19 60484 1.0655418662837923
19 1 1 21 112236 1.05376187471535
21 22 7 17 60441 1.040979058110773
24 23 28 14 48035 1.0422140259557657
25 11 13 13 51903 1.0555435944681084
21 13 1 4 100257 0.9805165818541175
1 27 9 18 66009 0.9860049179146695
13 15 4 6 67465 1.0379579879745298
28 1 10 20 99381 1.0278706416237622
15 27 27 9 98861 0.9798619985585474
9 20 23 23 67965 0.9882808812137656
20 13 6 14 60127 1.0716440201703312
15 9 23 4 45788 0.9061982867557209
21 19 23 9 42946 0.9488388957008121
6 4 17 17 78570 0.9744991211438991
22 17 18 26 40568 0.925347804975124
14 14 18 26 42175 1.0194442136242206
0 23 3 6 65971 1.0959562512313852
7 3 14 22 85550 1.044704885371205
27 27 12 2 124429 0.9908349491763168
13 20 26 19 58541 1.0969057404400293
5 14 2 26 59572 0.9829705748898762
3 20 16 25 69752 0.9713017926554955
28 23 26 5 75195 0.9365906274317355
29 27 7 5 142905 0.9421194208296239
26 7 11 7 66463 0.9545451716135108
10 6 2 10 51726 0.9024773143235075
17 10 6 17 58474 0.9507186211325193
16 3 4 18 88535 1.079130692135247
21 5 3 17 88309 0.9434554485910688
8 19 22 8 73769 1.0550378426428344
16 6 27 1 50349 1.0110607103365823
23 26 12 26 71924 1.0531711681769562
25 8 12 9 59973 0.907423565758354
21 13 2 17 68787 1.0207693886143996
11 29 26 4 121606 0.936680822173483
14 26 21 9 80779 1.089976516270618
3 1 9 26 105785 1.0268053285909824
22 23 15 4 76892 0.9936280955074923
13 10 15 20 39410 0.9269742517603834
23 25 11 24 65073 1.0492745832291113
22 15 24 4 33578 0.9874700892298744
7 24 11 12 55368 1.0344093298600687
10 2 1 11 72078 1.0208780239702302
12 6 15 29 93031 1.0337610904591066
15 20 24 12 47193 0.9972318636524118
29 13 19 2 72614 1.0398541685641405
28 0 23 25 91093 1.0374578161217414
22 11 11 18 53364 0.9440790340165712
21 12 2 23 96476 0.9703836543858219
17 2 4 5 64726 1.0624912797522512
21 13 10 18 48807 0.9865565711867349
2 22 14 18 59621 1.0426256336226172
15 9 13 28 73664 1.060021417456736
7 0 26 27 130489 0.9676930485135052
28 19 18 8 69444 1.056761296112602
22 12 17 1 45684 0.9179081470527982
4 1 10 5 36256 1.001825263716862
20 12 25 5 40805 0.9542090312481265
11 20 2 27 64485 1.0096718595883603
2 12 25 13 86038 0.9240612174022832
26 17 22 6 48135 0.9063920616115909
7 18 18 27 64856 0.9951295416839712
5 20 14 10 60063 0.9879569329059609
24 6 7 10 88213 1.01448478153155
29 23 3 8 129177 1.054505121034004
22 6 8 20 81695 0.92678785916886
19 17 10 29 73941 1.0292155337960862
9 3 9 18 50490 0.9759556096385835
0 9 17 19 90644 1.0663132864835831
15 0 12 26 109622 1.0417504221890808
12 10 27 2 83465 0.9382899903102498
14 28 20 24 51584 1.0224600961534942
14 1 18 21 69478 1.024144993055789
5 25 11 15 56419 1.0629608199605614
9 22 15 9 63248 1.031213987400259
9 3 16 19 72042 1.0499833781857775
29 0 15 22 99408 1.0909882120543826
26 6 7 2 77905 1.004776954501548
13 14 26 7 61938 1.0923059299323399
8 11 4 25 69548 1.087036596744967
1 16 12 1 82770 0.9880913016198383
5 5 14 3 45482 1.0705960399655918
21 21 1 23 88563 1.0016011440000598
20 14 28 27 74847 0.9625125588311317
25 28 10 27 78989 0.9067097145084446
1 3 16 19 100986 1.0916927094826017
19 18 23 29 55497 0.9758968382173341
11 3 3 7 48393 1.057938058031092
23 10 1 14 84187 0.9650032470022966
25 21 22 0 69427 1.0252343741861276
17 23 29 5 86355 1.0472200488567693
22 4 16 24 76565 0.9293755867667493
23 10 3 11 86045 1.0116961281664636
2 6 20 27 121876 0.9265759345556275
9 9 29 21 98532 0.9989502093103695
21 18 21 6 50445 0.9585934787575939
11 21 18 10 50314 0.9315234086328361
22 16 3 6 88411 1.0136449136725567
26 20 19 23 41796 1.0556611620671659
15 21 1 8 93690 0.9890875786408907
29 11 19 23 70608 1.045732086576713
22 6 11 27 101835 1.0574737053018666
1 23 9 11 65887 1.0680395789546724
4 16 20 11 55939 1.0363625707555273
29 10 25 3 49303 1.0486839469691207
16 21 18 2 61552 1.0781284052552018
27 26 22 7 74348 0.9371908480428335
13 7 22 28 96350 1.0534927535167287
10 11 26 11 71423 0.9857278073981853
6 6 21 1 69372 0.9318592803378397
8 26 20 5 103033 1.0421518428162595
5 21 28 13 96329 0.9307415262412422
28 24 21 13 66243 0.9036082430550333
9 7 25 15 74722 0.9240241845864497
9 24 29 6 112671 0.9112297477230731
14 17 28 24 74493 1.0332189979364208
15 14 23 19 42743 0.9469178430026314
26 4 5 5 84862 1.023622148953575
29 4 29 15 46697 1.0057973757658119
14 22 3 29 64403 0.978480088306479
19 3 28 29 102730 0.9553617658227558
13 26 20 20 45105 0.9971479801165573
3 5 9 1 33094 0.9652013995383931
0 16 29 11 97456 1.0556691487787935
24 26 12 29 63203 1.0483622427171855
13 0 24 21 88816 0.9056937745887009
13 3 28 28 124894 0.9566672389959248
18 22 28 8 68255 0.9444769966558662
10 5 27 1 69749 0.912320089232996
27 28 7 18 104520 0.9248189721971943
5 1 19 27 117694 1.0083136219420235
24 27 19 21 38918 1.019389969960328
17 12 8 17 43746 0.9980300106731973
26 26 20 10 75450 0.9123012408528086
0 1 27 21 137745 1.059131954261851
16 4 7 20 80051 1.0185655843501022
16 7 13 15 40690 1.0148713001475413
18 23 6 14 57340 1.0046303040430655
28 1 11 2 56188 1.0956780681555265
20 2 15 22 78342 1.094684359035952
0 17 11 24 59974 1.049131268695548
29 21 25 9 65635 1.0130644295827484
2 2 23 4 69166 1.0368538080748921
21 17 12 16 28166 1.0364978789327142
7 2 16 24 101001 0.9274291581537649
9 19 24 2 83665 0.9265964568876651
12 22 13 11 37113 0.9042259268465581
26 8 2 19 100618 0.9105288061665885
23 18 29 5 62629 0.9160464673998426
27 11 24 4 33698 1.0102128314861667
12 8 1 3 63932 1.0539507651041373
8 11 5 23 58490 1.0843734424734788
2 9 14 18 69205 0.9646983125213308
1 24 20 11 92762 1.005064435225281
5 26 12 3 104798 0.9612119483326036
4 3 21 14 94511 0.9653559807932238
23 8 16 22 56081 0.9451720680316189
29 10 13 1 77147 0.9146385571099885
18 19 24 25 41221 1.0387576816070045
13 21 5 6 78162 0.969034284052348
3 23 4 4 93683 1.0675445847185916
29 10 0 10 130730 0.9117928049664131
26 13 29 27 76448 1.0034766336103813
0 27 28 0 145387 0.9346411300838643
10 24 22 15 66752 1.017486947918583
13 26 8 2 98030 0.9236942210542679
23 7 13 27 84864 0.9417780535520734
5 21 21 21 62217 0.979066526451099
12 16 19 13 28504 0.990833422813859
22 23 17 10 55071 1.0584428835037634
1 18 22 28 108933 0.9991875967817667
16 16 12 7 41876 1.0759242911573645
10 12 18 8 39887 0.9028008345815117
9 17 16 0 82959 1.0402655161212782
18 16 14 10 34246 0.9181261725647973
28 22 16 7 87405 1.0354873854584175
24 17 18 21 31285 0.9217756883073763
13 23 4 11 68587 1.037726011107596
16 0 14 29 107781 0.9234500178552328
20 14 15 26 53506 0.926900376963003
19 18 9 19 37994 1.0205549003470007
1 24 9 16 50482 1.0051647384619542
10 6 3 13 51756 1.0490637795826856
17 23 1 7 102685 1.0253483224805033
5 16 26 12 66935 0.9763460338427293
3 22 15 24 54387 0.9730719849401676
11 25 11 11 65595 1.0070800918524976
19 2 28 20 87259 1.0692433843894897
22 10 6 14 73374 0.9871850597299956
23 1 3 5 74687 0.9201621084136726
26 15 5 8 96681 0.9109484297974154
9 8 9 21 41495 0.986912616432422
22 2 26 27 86020 0.9678316177739432
7 16 4 6 55979 0.9017081736906493
15 7 6 17 64677 0.9758641519920594
5 24 13 15 54673 0.9183312787401045
29 9 8 20 100344 1.014660091024832
29 25 16 14 74501 1.0882600114521017
14 4 27 15 72040 0.9203207250281871
29 16 28 2 67318 1.0425295992086385
20 24 1 18 85279 0.9863484194098978
22 12 2 28 117075 0.994243661747937
2 28 10 7 104879 1.0422624683412902
14 19 8 24 37108 1.059136349934715
8 10 11 25 65924 0.9801721329977299
9 3 22 3 52773 1.0749290695336289
7 18 17 17 44184 1.065165676837378
12 17 22 5 64526 1.0657661018749425
16 21 27 6 74667 1.0393651742558685
19 4 18 17 38676 0.9316129080693086
5 6 17 14 76574 0.9397398880251756
21 7 3 25 110358 1.0032535220193843
24 2 18 17 53841 0.9868346361397657
5 27 19 10 95729 1.0160141679617796
2 14 18 3 89288 1.0536595454919861
8 11 17 9 44858 1.0150019670672763
5 18 29 8 98804 0.9253561214146417
22 26 20 3 89034 0.9582878510415521
8 6 22 6 62849 1.0511743482483076
18 12 2 11 70448 1.0587544146891468
4 7 10 13 51297 0.9382469272333733
7 26 5 17 36329 0.90656201729339
2 11 6 23 63657 1.0831150903031737
14 18 3 17 43198 0.9802748473135916
27 17 24 10 35518 1.058211186240986
8 2 29 9 93109 1.057141719218734
7 6 26 19 102773 1.0796596209622924
12 6 22 22 81848 0.9443463431383605
0 9 16 20 88761 1.0399971897312459
6 16 19 12 44155 1.0517963076761918
20 27 26 12 70093 1.0730363985075377
9 11 21 13 56722 0.9415452547278144
23 13 0 9 100764 1.0112925951214875
15 19 0 29 84005 0.961181161747121
8 19 15 23 39296 1.0945805389846572
10 25 7 10 67122 0.9777187282767111
14 19 19 13 34516 1.0323351858158856
8 10 17 16 44740 0.9225572278202911
3 18 13 20 47699 1.021341210123262
13 6 7 11 41498 1.020004443997547
20 22 12 6 73481 0.9744153866117148
18 17 9 15 27378 1.0866902704218928
7 4 10 17 52902 0.9382397638054515
10 14 8 24 43769 1.0378578463368278
3 17 14 15 42402 0.9711071882390285
29 23 22 2 84808 1.0153570698508945
11 14 21 18 44562 1.0828215421001095
11 16 1 8 64339 1.048769313276824
23 10 0 9 107907 0.9400991869149252
8 11 22 22 74824 0.9064843186922711
8 4 0 21 82757 1.0039873696952664
26 28 16 1 103111 1.0119703862850218
10 18 27 0 92487 1.0342019209755944
8 14 22 22 65484 1.0033789153835444
