4963 4652 5332 3942 4593 5261 3641 4926 4227 4149 4945 5341 4154 5383 4880 3635 4239 5227 4659 3932 4408 4559 3778 3558 3729 3659 5323 4823 4584
5001 5302 5834 6073 6016 5421 6739 6405 6125 5303 5825 6349 5814 6870 6195 5679 5891 6021 5849 5641 6729 6288 5629 5130 4975 5859 5223 6301 5238
3274 3695 3979 3548 2481 3587 2277 4099 2359 3776 2869 2902 2658 2590 4063 3067 3751 3151 3875 3642 2822 3592 2466 3339 2502 2927 3164 3158 3519
4635 4999 5747 5347 4515 5886 6258 4936 5150 5121 5871 4383 5388 5096 5177 5511 5105 4894 4604 5077 4451 5033 6121 5058 4358 5595 6070 5557 6141
2873 1654 2336 2156 1018 2326 2747 2983 1425 2926 2507 1736 2847 2480 1952 1180 1082 1406 1120 1019 1516 2688 2774 2671 2628 1346 2132 1751 2693
3879 3564 3565 3521 3529 3724 4284 4407 3109 4637 3956 3097 4024 3971 3957 3314 3993 3432 3034 3180 3950 3671 3262 3492 3726 4066 3075 3810 4752
3448 2988 3100 3818 4336 3468 4188 3178 4788 3106 4499 4885 3632 3674 4653 3446 3284 3345 3424 4748 3812 3799 4573 3588 3714 3290 4790 4921 4622
4594 4491 5400 5667 4810 5688 6041 5811 5084 5790 4437 4916 5737 4892 5261 4628 4635 4439 4693 6200 4465 5225 5731 5754 5521 5284 4593 5939 5850
2429 3415 1938 3593 3312 2374 2038 3115 1918 2246 3164 2735 3538 2755 1698 2182 2050 3438 2272 2206 1704 3300 2849 1728 1846 2728 2457 1719 1934
7956 7635 7294 7417 8002 8320 7909 6861 8423 7272 7531 7292 8445 7417 8436 7643 6582 7473 6723 7727 8375 8244 7600 8187 6726 6754 8390 7677 6537
4711 4930 4054 3585 4664 5263 3560 3885 3418 3512 4752 4372 3559 3419 5177 4474 5089 3772 5198 3774 3670 4119 3870 4860 4731 4374 3971 3803 4519
6165 5847 5452 5862 6244 5639 6241 5552 5473 5277 6356 6827 5231 6933 6686 6556 6984 6198 5167 5884 6081 6261 6916 6427 6327 6929 5592 5384 5381
5832 6015 6147 7607 7064 6117 7704 6593 6860 6375 6409 6094 7711 7392 6176 6272 7004 5877 7743 6508 6681 7753 7095 6612 6286 7412 6407 7608 6982
4418 3600 4837 5130 3963 4951 4767 3255 4987 5139 4396 4606 4136 4026 4012 4420 4229 4712 3433 4447 4254 4012 4264 3525 4497 3437 4544 3276 5114
3691 3556 3474 3588 2205 3229 3773 3475 3138 3437 2212 3250 3767 3425 3890 2865 2721 2921 3811 3343 3106 3408 2277 2685 2101 2761 3170 2253 2135
4499 4503 4852 3866 5170 3895 4029 4603 4930 4047 4074 4140 4396 5045 5674 5371 4582 4456 4535 4885 4349 4436 4974 5614 5449 3786 5538 5101 5080
4516 5210 5312 5644 5677 5646 5079 5730 4743 4792 5714 4827 5153 5500 5058 5635 4423 4179 4121 4575 5429 5730 5435 4921 4875 4673 5881 5035 4407
5560 6003 5211 5349 5167 5193 6251 5377 5120 5115 5944 6798 5195 6661 6737 6035 5711 5351 6758 6271 5146 6408 6503 5715 6616 6261 5592 6387 6674
4263 5443 5775 4409 4609 4784 4593 5238 5032 4436 6065 5533 5663 5259 4252 5385 5926 5039 5415 6008 4670 4329 4352 4626 4215 5609 4972 5464 5038
5816 5797 5662 7163 6589 5328 5710 6826 5358 7045 6596 6925 7076 6005 7003 5421 6035 6332 6478 5875 6479 6286 7143 7085 5630 5744 5712 7158 6155
4430 5474 4583 5021 6017 5399 6232 5450 6230 5687 5122 6174 5529 5453 4882 5324 5169 4602 5317 5016 5342 5436 6301 6092 4369 5078 5293 4878 5464
6747 7128 7238 6083 6571 6553 6236 6861 5725 6631 6292 5684 5713 5638 6453 6781 5588 5665 6481 5894 6426 7053 5829 5759 6313 5972 5922 5612 6501
5820 5664 6454 4647 6448 5400 6207 4601 5983 4972 4625 5750 4854 5266 5679 4884 6479 5377 6508 5252 4639 6166 5727 5017 6515 5059 5945 5699 5950
8672 8763 8941 7298 8968 8518 8599 7017 8385 8461 7256 8715 8733 7412 8388 7552 7686 8506 8575 8164 8273 8521 8520 8381 7905 8975 8690 8105 8711
3775 3739 3550 2730 2787 4036 2702 2427 3284 2425 3208 3598 2881 3213 3893 2400 2441 2462 2777 2456 2243 4073 2673 3168 2636 2619 3495 2679 2594
4027 2854 3995 3032 2791 4444 3954 4676 3655 3619 3486 3745 3871 4110 3948 4076 3865 3809 3934 3055 2798 3896 3713 2749 4023 2788 3699 4414 3981
4401 3723 5036 4754 3413 4744 4727 3410 4387 3998 3712 4569 3481 4926 4246 3379 4941 4855 3556 3998 4314 3498 3312 3449 4733 3417 4201 3580 4190
7262 7434 6499 7892 6459 7145 8070 7465 8099 7433 6471 8244 7436 6786 7560 7560 6992 6545 7528 8027 7714 7248 7439 7646 8293 8160 6576 6502 7121
6880 7243 7848 6524 7732 7841 7195 8057 7228 6426 6502 6569 7850 7943 7585 6145 7733 6309 7519 6657 6408 6122 6668 7788 6372 6513 7815 7286 6321
2634 2453 3765 3028 4080 3197 3704 3590 2874 3417 3595 3695 3843 3582 3115 3963 3341 2462 2992 3886 3096 2662 3943 4006 4069 4249 4022 3144 3317
2542 1254 4884 7659 7575 3183 2942 3396 1801 5054 4916 2301 7568 5818 2680 6999 2869 2228 1998 7003 4333 5934 6732 3649 3254 4190 6321 5231 3342 2692
3177 3013 3587 7050 7910 3944 2518 3404 3546 5113 3638 1887 7230 4283 3796 6993 2303 1602 2913 6562 3515 5385 5461 3961 2344 3626 5855 4974 2389 3110
1743 2092 3509 7191 7719 3620 2797 2679 2142 4606 4238 2319 7258 4364 3540 6979 3248 3415 2502 5624 3400 5311 6944 5108 3136 4139 6437 4477 3003 3564
3477 2696 4411 6491 7341 2828 2309 3814 3290 3833 4283 2477 6479 4340 2940 5535 3581 3161 1923 5824 4292 5649 6255 5101 3766 3948 6383 5955 4139 3035
2575 1511 3485 7087 7393 2882 3363 4038 2060 3913 4264 1919 7694 5077 4095 7083 2634 1628 2736 6423 4161 6892 6170 4521 2882 3238 6807 4952 3022 2220
1913 1801 3890 7540 6859 3146 2805 4266 2564 3805 4007 2529 7244 5523 3731 7321 3561 2712 3560 6365 4375 6480 6593 5525 3332 3655 6321 4508 3467 3009
1704 2616 4416 7786 7864 3022 1967 4197 3457 3777 4878 2267 7971 5274 4519 5614 3320 3356 2356 5840 4866 6187 5756 5022 2710 3844 7383 5698 3412 3227
2623 3114 4416 7225 6768 4592 2238 2738 2055 4466 4506 1566 7225 4910 4155 5362 2419 3075 2828 5944 3530 6359 5271 5502 3641 2936 6361 4438 3095 2043
3410 1830 4128 5898 6928 4694 2707 3826 2280 3869 4627 2774 7731 5173 4114 6405 3548 1860 3403 6396 4397 5049 5365 4274 3105 4221 5721 5338 3444 2502
2180 1403 3339 6011 7278 3338 2003 3021 2414 4719 3696 2824 6413 5561 3370 6371 2454 2896 2651 7202 3598 5929 6422 4046 2302 4123 6703 5025 4110 2948
2867 2062 3170 7078 7281 3708 3201 3091 2979 5154 3538 2592 7082 5336 2958 5717 2795 3309 3079 5757 3343 6201 6007 4954 3024 4641 5732 4691 2745 3546
1711 1697 4680 5959 7431 3475 2508 3318 3739 4042 5037 2443 8298 5262 3979 5494 2732 2880 2579 5444 3585 5759 5713 4379 2365 3554 5686 5657 2401 3236
1917 1977 3351 6281 7766 3792 2196 4449 3536 4537 4256 2847 7308 3890 3236 6731 3570 2456 1946 6203 4436 6422 5266 4892 4069 4676 5950 5772 4094 3403
3391 2710 4744 6492 7730 4614 3655 3368 3088 5334 4895 2397 7581 5563 4288 6384 2120 2960 1745 6916 4505 6852 6773 3656 2603 3570 5660 5424 4035 3174
3202 2955 3495 7112 6965 3447 3004 2729 1841 5222 4344 2712 7208 4583 3546 6797 3191 2782 2849 6965 3247 5264 6741 4973 3638 3956 6850 4166 3597 3202
2688 2311 3852 6656 6852 3769 2054 2663 2268 4179 4640 2268 8342 5336 3223 6636 3410 3259 3144 5795 3781 6192 6570 4320 4168 3945 6624 5077 3856 2432
2370 3064 3369 7677 7001 3150 3571 3179 2748 4111 4589 2268 7201 5134 4250 6656 3359 3325 3468 5721 4077 6055 5867 4283 3615 4751 6674 4808 3169 2818
2454 2788 4685 7715 8269 3566 1942 2962 1976 3763 3504 1244 6566 4759 3296 6688 2667 1727 2319 6083 4147 6221 5471 4571 3590 4675 7495 5026 3449 3083
2438 2606 3175 7254 7264 4457 2578 4307 3261 4139 5044 1860 6506 3875 4428 5791 2165 2894 3326 5544 4646 5391 5867 4556 3356 4725 6367 4614 2899 3581
2168 1940 4433 6297 7621 4139 3352 3695 3150 4071 3564 2801 7250 5109 4146 5558 2413 2932 2823 7137 3311 6247 6120 3840 4196 3983 6602 5262 2924 2179
3508 2479 3803 7356 7111 4274 1947 3282 3389 4452 4382 2080 7527 3908 3590 5650 1950 2252 3219 5747 4337 5319 5499 4225 3648 4646 6661 4044 2961 3521
3384 2846 3817 7423 7459 3247 2573 4473 2574 5187 5078 1801 7737 4513 4058 6801 2391 3261 3191 6586 3493 5179 5416 4845 2445 3202 5786 4437 3906 2005
2908 2398 3891 6727 7238 4400 3071 2910 2969 3443 3760 2586 8088 5457 3731 6229 3063 3004 2743 5410 3546 5299 6606 4653 4065 3499 5828 5466 2725 3275
2380 1440 4155 5935 7908 4078 2101 3449 2681 3764 4524 2805 7750 5388 3817 5726 2469 2153 1831 5524 4587 5544 5577 5041 2569 3200 5756 5647 4098 2323
3458 1624 4492 6797 7712 3633 2328 4355 3427 5195 4207 1590 7720 4064 3333 5841 3045 1899 2075 5772 3403 6748 6926 3893 3606 3303 7418 5936 3824 2761
3270 2732 3809 7129 7600 2981 3711 3948 2794 3800 3507 1652 8202 4797 3475 6126 2145 2732 1863 5761 3234 6759 5743 4423 2653 4129 7429 4737 2652 2847
2122 2869 3224 6226 7256 4002 2086 2785 2994 4741 3655 1363 6802 4293 4559 5972 2688 3103 2395 5516 3233 6482 5457 3996 2845 2853 6740 5893 2965 3874
1993 2811 4308 6883 8293 2869 2477 2796 2782 5122 3440 2641 7266 4655 2890 6323 2096 1570 3296 6831 4844 6244 6086 5206 3311 3296 5937 5918 2509 2589
2359 1799 4134 6829 7094 3329 1790 3904 2150 3395 4302 1590 6956 5130 3348 6371 2239 3449 3301 6756 3799 5067 5535 4925 2565 3641 5651 4705 2524 3375
15 12 6 24 60614 0.9152684518749005
14 1 2 23 74193 0.9684524086608145
13 10 28 18 59735 0.917997513621952
12 22 28 6 93069 1.026352794773929
5 19 19 12 59888 0.9474455601356877
22 4 0 10 83583 0.9492537771103022
6 1 0 29 72812 0.9789188679489284
13 25 9 8 61425 1.0714271967870146
17 26 7 10 76940 0.9414154838078664
29 2 7 17 95940 0.9423776671160468
6 1 25 5 56532 1.0907739207053602
3 5 20 11 55053 0.9165310829582705
13 4 6 24 72816 1.089186672251961
9 14 5 28 44888 1.0381971050638805
11 5 15 15 49695 1.0629111654971797
6 8 10 29 61429 1.074045046333676
27 26 20 1 98554 1.0653844786572448
11 14 23 18 50491 1.0775813523195426
21 7 1 15 79858 1.0967975927804026
29 24 20 11 62398 1.0228426907889994
13 21 4 26 43205 1.0179837594690526
20 1 6 3 39161 1.0425289503029536
6 12 28 29 109390 1.0325835078019645
18 27 29 18 65395 1.0423789625922255
17 4 0 5 61225 1.088317561989252
2 23 12 17 41833 1.0555562600627684
14 13 19 2 54124 0.9532622532147973
25 13 2 3 83099 0.9480214029972065
0 29 27 26 93719 0.9122495119503813
1 4 1 24 64958 1.0756256814075784
5 26 13 22 39001 0.9396598792548372
5 22 12 6 56377 0.9914309986002156
28 11 0 28 99030 0.9327373564695747
28 13 2 7 83157 0.9420119488733271
20 9 24 18 40969 1.0603631752284586
10 4 22 23 104751 0.9017393003179475
15 15 16 3 57463 1.0161813804189983
27 20 27 4 69873 0.9960161910525864
14 2 25 12 56291 0.9965073945795153
24 12 3 6 65078 0.9684462395861406
1 13 15 27 72992 1.090923004634014
7 16 28 11 60875 0.9263055515321545
6 2 10 22 70066 0.9409565007778026
23 7 3 28 97843 0.9984925661055839
7 25 24 3 99138 1.0085268908206717
28 8 7 10 65177 1.0591257033487194
21 16 7 29 66986 0.9010348197510356
0 16 21 2 89936 0.9909677814770277
7 13 17 15 44759 1.038037223507641
27 3 5 17 97680 0.9358177379513044
26 2 19 20 79840 0.9753335572326847
28 12 0 23 99402 1.0849624930372508
21 27 29 25 38886 1.0764640898964404
22 22 22 6 63838 0.9207609751483622
27 4 8 9 69748 1.0285121380216589
1 17 19 8 64494 0.9735943976909518
5 5 23 5 57825 0.9383561650440319
20 15 5 7 70879 0.919338696945245
6 7 12 22 66396 1.0271603565565588
21 18 6 29 66564 0.9483637251382244
29 20 15 26 68777 1.0696748329761872
25 26 10 10 84461 1.0602792419782614
13 20 14 7 44726 1.056254917300409
6 4 21 15 79088 1.0564314165204212
27 15 0 0 108878 1.0441867049983116
10 11 24 27 79732 1.091584438176836
17 22 8 1 89761 0.9634655096171164
27 15 11 5 78894 0.9424909110178197
27 22 26 13 43170 1.0691944862884217
28 17 20 3 67905 1.001071247661101
24 18 1 17 64974 0.9745204698381995
0 14 21 12 64497 1.099892204847238
29 27 7 6 118487 0.9508150871101884
4 16 11 10 32364 0.9338142772963247
4 15 14 1 51814 1.0068485066350892
19 27 19 2 118061 1.0159201052439202
8 1 3 15 45670 0.9348639863773793
19 7 25 20 58677 1.081038191382955
20 26 25 12 61908 0.9026569201030502
10 19 24 21 50936 0.9599653111564542
0 18 6 1 47409 1.0620047113207411
12 20 10 0 72854 1.0266013805606646
8 4 21 16 67449 0.9021243327605504
26 21 9 11 72222 0.926890847541135
27 1 19 8 43959 0.9334590742922746
25 14 12 4 70184 1.0574116000870692
0 25 29 18 96743 1.0400208557438013
28 6 6 6 57270 0.9594714892102951
3 0 6 10 33650 0.9976325707950473
5 22 2 7 41530 0.9538551552137324
0 18 4 11 22019 0.9587100766446586
14 3 6 0 25465 1.0182551841154128
2 11 22 24 87956 1.002800555978924
4 12 3 26 33092 1.0069428333111832
22 1 8 4 41614 0.912828743296034
3 29 21 7 94977 1.0525247959161814
29 14 9 25 87540 1.046675767162168
25 8 17 0 45824 0.9257293306101202
22 24 16 19 44421 1.0224376876482113
21 23 0 6 109416 0.9882596773855947
11 21 21 29 59821 1.0426130408881678
26 22 9 28 74982 0.9037163442155931
18 7 15 24 67965 1.0796373292013826
3 11 21 6 57957 1.0171487472324976
11 28 1 6 75835 0.9274205577805787
25 19 11 16 46412 1.0439131719494787
24 25 3 2 112332 1.0041607303384366
13 2 10 14 54904 1.089886646227131
25 8 9 7 50506 0.9107780419661213
23 19 4 19 63660 0.9619286668849637
9 20 16 11 48128 1.0984252976599311
7 5 1 1 24015 1.065125078590961
23 12 10 21 73165 1.051474923474196
22 15 21 2 61931 1.0678483777160286
4 24 2 14 23888 1.0597704585488392
0 13 18 18 62605 0.9576009274114692
16 3 12 27 98498 1.0173799891610977
1 16 5 9 28673 0.9885305353613337
29 4 17 5 42426 0.9485805118334774
8 29 15 16 48979 1.017873079752049
2 2 10 6 30839 1.0389045761280098
20 22 17 10 68740 0.9818020293319759
0 9 21 6 65013 0.9670234686705004
25 28 14 29 34837 0.9203573652071935
10 18 20 15 37520 0.959657919515726
3 4 23 1 57595 1.0947104561165195
12 10 12 26 67576 1.029831472945002
24 29 14 13 73574 1.0260281100048536
20 26 1 28 73421 0.9520079687877592
10 28 24 4 107930 1.0837479401569696
17 1 26 9 49076 1.0317247921753254
10 19 13 29 46713 1.0906876462111519
22 9 24 1 32462 0.9277885916320168
24 21 16 28 47474 0.9434978754708923
18 13 16 4 51845 1.007587502633013
17 29 6 17 60533 0.9306608747455228
21 1 0 13 79421 0.9586593703820588
11 9 22 15 57903 1.016962119470619
13 11 27 4 59082 0.9609097157817744
14 3 28 27 114734 0.9906691816891422
14 26 5 9 68712 1.0145646774715398
6 14 23 7 69119 1.0405009204581956
11 13 4 22 40689 0.9115919706008783
13 26 4 4 75767 1.0945836425571587
18 15 14 8 37796 0.9949121550808577
1 29 22 9 95519 1.087383436609953
10 3 1 4 44831 0.9375210148720159
10 0 2 20 61269 0.9542649642381738
24 2 28 27 94401 0.9973101768868086
2 26 6 12 44871 1.0889840207807868
28 24 4 3 115232 0.968488284173642
8 14 10 2 40193 1.0058600269200495
6 2 9 23 66409 0.950016397993203
15 18 23 6 63099 1.0378544720032312
18 12 23 28 72830 0.9005823947358237
11 5 5 18 49731 1.094902898764254
29 17 5 5 91892 0.9887685953969874
13 10 7 5 36574 1.0599093364252947
20 3 9 26 104439 1.0949268462550998
26 0 9 7 65759 1.082870151232744
18 3 5 25 91742 1.0410864944038027
25 29 18 3 98532 1.0984909531882792
4 3 22 27 115337 0.9065314496360569
23 11 15 9 25029 0.9212292780433318
15 25 7 12 60354 0.9775417405071587
1 3 7 23 71228 1.0394919964914286
21 11 6 0 64979 0.9019113980049079
5 15 19 23 71189 0.925522558700879
19 7 17 21 73409 0.979284330928022
6 0 13 14 60117 0.9010750512117741
6 9 1 22 46442 1.0268629503246764
16 14 23 1 65253 1.0113900774493085
10 12 25 1 69588 1.084146682513119
17 14 12 29 61043 1.0836012420508117
27 29 19 8 85463 1.0108203150147925
1 8 13 28 77954 0.9866669878864128
28 9 3 6 79499 1.0600748975716314
21 10 0 21 80453 0.9052184206253657
4 1 14 16 60486 0.9663818198074796
10 13 22 8 48204 1.0583850328452917
9 20 0 15 38462 1.0788038778220665
6 6 22 15 71146 1.0445112093591384
8 3 12 15 51385 1.0727798723656818
13 6 0 28 78578 0.9275122483989278
10 15 26 24 71189 1.040114663484026
24 29 4 1 114826 0.9171621955668531
6 2 16 21 83854 0.9379867044322694
20 21 4 29 78421 1.001200721306863
27 4 5 20 99826 0.9057621314453056
3 28 29 23 96305 1.0579815137209847
5 4 20 28 106008 1.011068867603409
6 1 11 16 54548 0.9072330366889869
1 20 11 8 49311 0.9556822826621933
4 4 27 1 58919 1.0075006550143615
11 11 3 4 38728 1.058011261186239
29 12 7 7 64014 0.9780810283332014
20 4 23 14 48663 0.9709631112022663
3 18 11 2 56868 1.0201834548097493
2 26 20 5 95734 1.026455773691958
0 2 22 11 76977 0.9289029146887186
25 17 12 12 54088 0.9940306447311587
0 5 19 5 60940 1.0485047018633438
28 8 16 22 84535 1.0706375181062113
22 1 18 7 39484 1.0487706096857772
22 14 29 3 53561 1.0646046387560748
18 24 28 23 39189 1.0051329772063176
19 24 3 29 60053 0.9732946854956188
23 19 4 25 76956 0.9751929625969805
9 23 5 12 44460 0.9686443459766847
17 0 1 4 56244 1.02828070608704
4 23 17 13 64534 1.0103498808583855
10 11 21 16 46631 1.0072616811259478
3 3 15 24 82721 1.0250080152219923
16 6 5 6 28338 1.0032443160144586
7 4 6 22 59743 0.9741660927505791
27 28 7 0 129615 1.0451480484219902
19 18 16 28 51474 1.0091063936711266
18 26 23 15 60522 0.942031687524037
29 6 24 25 66930 0.9672519942010893
23 3 26 10 34040 0.9405990117671852
10 6 1 19 51342 1.0823376744969953
0 17 2 0 51823 1.0836835972271233
0 17 22 3 96231 0.9981292061752814
12 18 3 11 38335 0.9797334154271224
19 29 24 7 76948 0.9676046634065505
27 16 14 1 78375 1.0714331619523652
26 21 23 13 35603 0.9736491364001273
14 2 2 29 87975 0.979471153725423
29 14 2 8 78829 1.0999229042828849
25 22 0 23 91449 1.0766779472933918
9 10 27 20 76765 1.045340168268642
16 1 8 24 76513 0.949720938795314
14 24 15 5 64180 1.0830907647260797
2 6 26 20 96657 0.9339229805232908
3 14 27 21 86625 1.0530984472443632
28 9 4 29 100847 1.0949721497015623
23 22 16 7 75409 1.0186624369783472
29 11 10 20 72421 0.979755948801078
15 11 9 15 35720 1.0456385964404615
18 21 12 16 38408 1.0273043607650298
29 6 14 26 94772 0.909638229193288
26 1 13 12 64672 1.0241842930508682
11 6 26 11 50061 0.9065207173922849
23 29 12 16 68478 1.0074667899409073
12 22 18 15 46811 1.0085534140652275
16 20 5 6 66508 1.0007757222201488
29 17 28 28 41055 0.9019142412505708
14 23 24 22 43816 0.9972278268926829
13 10 20 21 63236 1.001727325531835
28 26 18 22 51987 0.9908876744857553
18 27 17 16 56673 1.0392229257494425
4 17 21 4 79881 1.0737566236083376
13 2 25 12 61035 0.9320884135326687
17 21 7 20 43645 0.9672461289118552
0 8 7 24 51032 0.9186481990127751
4 28 9 0 68903 1.0064260554429731
18 20 7 8 64624 0.9373549763758258
20 23 20 9 73955 1.0055036356171903
4 10 11 21 48550 0.9426998736046249
13 25 9 7 66086 1.042559141799935
11 28 2 5 76904 0.9752883280090325
25 28 16 27 34990 1.0495225568984947
28 6 29 28 79040 0.9440673582594938
6 1 17 14 70181 0.9615665798432781
0 19 26 7 91809 1.0977267195866225
0 29 22 29 64530 0.9039942309684826
28 23 18 14 60731 1.0767314059584252
18 27 25 22 45143 1.0995871874378298
6 22 24 18 64801 1.0244184820497042
0 6 25 4 72965 0.9554822491383779
12 21 5 15 44184 1.0587978344262412
27 28 12 5 109243 1.0311751844091916
3 20 16 23 55952 0.9545290207304141
13 3 2 23 78815 0.9541399084799671
27 24 4 13 90239 0.906617247336055
13 8 24 21 62664 1.0876756484385695
29 12 12 17 60290 0.9310925698396699
26 19 6 13 72184 0.918463746325006
8 19 21 29 62096 0.9902359524689647
16 13 1 23 72955 0.9361114765357456
2 20 0 10 36443 0.9908714438882014
8 25 20 13 69814 0.98321526387248
12 29 24 15 72747 1.0781131614825505
1 5 10 0 34233 1.084537168827596
6 22 8 7 49324 0.9909326485225574
25 14 0 8 77245 1.057294629806285
19 14 13 19 36318 0.9300638851228175
17 5 19 21 84936 1.0135204054806035
9 8 1 1 35097 0.9861796052992721
6 29 4 15 31235 0.9746476955826704
27 0 12 21 107332 0.9790853284391914
18 4 29 18 71898 0.9410239852175271
2 19 19 15 59772 0.9948804615098291
23 25 5 28 73723 0.951755751046676
19 19 10 16 38443 0.9189721137117229
29 20 21 9 57742 1.098676599265073
16 10 18 1 48062 1.0971878447412582
9 3 21 29 110422 1.0143180364122888
16 3 13 16 57118 0.9694161624021685
18 13 8 23 59705 0.9392138778495187
21 13 11 28 81726 0.9317763022781499
7 26 15 14 55471 0.9473848447719824
28 6 12 28 106956 1.0671524266310364
11 1 6 8 30592 1.082885448061285
18 12 7 9 39778 0.9811391798744884
16 15 26 6 58068 1.0008011675214066
6 14 20 8 55932 0.9297912213371227
15 7 24 1 44060 0.9148684583552507
26 5 25 22 60017 0.9891911913357203
19 9 21 0 54539 1.0161418359627656
23 11 7 10 41500 0.9983588785988857
10 26 29 15 88692 1.0211947642025498
18 1 21 21 88669 0.9004039063745218
3 5 2 18 34850 1.0669671357353958
23 3 9 13 75730 1.0238602949022315
15 7 12 16 37878 0.9970154249300786
22 14 15 24 60019 0.9527995786266351
11 15 25 14 51682 1.0475155210629488
27 5 12 20 87126 1.0920489258061221
13 10 20 25 75194 0.9571849059105332
22 0 28 19 77987 0.9857266189517433
20 28 1 18 79338 0.9652226837968523
1 23 10 29 40701 1.048627020168712
9 7 12 0 33018 0.9547599511405472
21 28 3 25 65857 1.0983864156009775
7 29 6 2 71276 1.0396453914640236
2 3 10 5 34151 0.9344119859718845
12 9 23 21 71853 0.9118345458816167
23 16 5 16 51128 0.9897380585653055
18 15 2 23 67982 1.0007908971751427
20 1 11 16 73370 0.9718705583270073
20 7 15 15 49143 0.9001596105868315
8 8 29 27 111096 1.0758729189724554
2 10 9 24 47806 1.0322781285980513
2 9 25 8 66247 1.001887253561789
13 12 5 18 41786 0.9692182393244425
10 8 18 1 46175 1.0985780054332797
16 28 28 27 45367 0.9070565556090358
15 28 5 13 68880 0.9847435023419218
13 16 0 13 48504 1.0347693037313719
16 8 10 27 78622 1.0632912946937574
26 6 4 21 83006 1.0641336852819565
5 14 15 25 57593 1.018924164410171
22 16 14 2 67274 0.967640474809078
8 3 4 22 49067 0.9872821512899372
28 19 16 24 61012 1.05826177735025
2 22 8 16 30472 0.9724005921636429
11 15 21 25 70828 0.9449163753852674
19 13 5 18 59993 1.0918511619629216
21 12 7 18 58018 1.0834854142918182
22 5 12 8 40274 1.0133343427064285
20 3 17 19 87273 1.0765019269439555
14 28 22 22 49685 0.9588869370167284
15 25 3 25 42666 0.9602193051330088
3 11 1 23 37832 0.9228316118684318
15 25 16 12 54506 1.0973644558592284
15 28 17 10 68543 1.0772729466874003
28 22 17 4 92978 0.9331464873937082
4 16 28 2 93432 1.0793883398506179
23 14 3 27 90948 1.0798760225737833
5 17 25 15 62424 1.0307454247853283
28 20 19 17 35633 1.0816609390439802
10 6 21 7 36244 0.9800544188293179
3 27 26 1 108514 0.925207173259735
14 19 6 23 42069 0.9142889868613685
26 7 13 21 77691 1.0774391164760206
29 19 5 10 84449 0.977951448928114
1 17 28 18 74603 0.9472376633434371
18 18 28 9 57264 0.9324249737070319
1 19 6 5 46812 0.9355091649126006
1 2 26 11 81756 0.9508587944429088
11 2 23 8 56695 1.09017902344884
22 5 26 29 82527 1.097298881299312
2 26 18 25 61590 1.0027908155335599
13 21 20 28 44583 1.0441548680165391
14 7 14 20 42255 1.0917137864199273
19 4 3 9 61883 1.005507821546033
29 16 12 13 57759 1.0743650231950337
29 7 22 10 31730 1.0715389147261611
2 19 19 29 75062 0.9997723246386929
3 25 18 25 55835 0.9655821090828892
2 2 25 14 87952 0.9864277898286317
7 9 19 3 59434 0.913674592087083
18 22 4 12 69218 0.9536083596897587
22 17 6 29 70769 0.9283972037289635
15 8 11 15 39259 0.9086596358184639
4 13 4 1 26661 0.9982042553054362
4 0 5 24 52304 0.9692186946984235
4 0 27 25 122733 1.090629781882965
12 7 20 5 33471 0.9604444353386353
28 27 24 10 70460 1.0190110798893683
5 12 20 22 81334 1.0196152381209662
1 10 11 20 51265 1.013956979172751
9 27 17 20 52418 1.0289885249099824
6 11 15 4 44430 1.0080591467978777
12 8 19 24 75247 0.9497653694744943
27 5 28 23 72080 0.9380444364558832
24 2 26 15 47613 1.018604480452117
7 3 2 18 51549 1.0694560317075115
20 15 17 7 49499 0.9978510049769751
12 5 2 27 77264 1.0485746547105066
3 29 20 3 106576 1.0108095156543184
7 12 18 22 68614 0.9159275911594356
13 0 10 22 79158 0.9982006462032966
4 22 19 25 59429 1.041030190435356
23 15 23 29 46765 0.9354699996366062
13 11 29 26 86266 0.9307037502219911
15 12 28 5 54523 1.043756166063273
17 5 28 25 91298 0.9325670091699462
3 9 18 10 47981 0.9895261915410519
10 0 24 20 93790 1.0751068139161772
8 24 24 20 63608 1.0922545149295848
17 29 20 11 75494 0.9112297765878318
7 25 0 3 74779 0.958024267732164
19 21 6 19 56478 1.0806924065880164
16 2 13 11 38275 1.0387617185292295
17 13 4 9 48832 1.0242555720383324
0 8 7 29 61114 1.0699647277226243
9 0 3 13 45498 0.9254011817444769
29 6 4 16 82794 1.0782810919458625
20 19 5 13 63289 1.0195472052316086
29 4 17 25 100740 1.0118059465305818
24 24 1 11 91544 1.085498368986721
7 15 20 15 46795 1.0215536537944523
14 17 7 0 63484 1.0006199887812561
12 0 29 18 96348 0.9519367989514284
16 13 0 2 74903 1.090275217903556
7 12 20 14 52668 0.9362368716792954
2 8 12 21 62518 0.9671584547044009
0 0 29 26 143886 1.0708107813540297
27 13 22 7 33288 0.971021978652312
1 0 8 16 54506 1.0050518315874764
9 3 13 23 78503 1.013134064709669
27 20 15 25 58331 1.030783208454279
27 18 27 2 64890 1.0932422882316197
28 17 20 6 51468 1.061924545468759
11 13 2 26 58465 0.9576693083838562
8 12 26 23 81173 0.9696255163420783
23 18 1 2 98562 0.9836999401749867
10 12 21 21 72268 0.9023172794521183
5 11 4 29 36940 1.0509093301470172
13 4 11 17 56055 0.9736428478657951
29 0 5 25 112432 1.0319457237459315
19 26 26 14 61931 1.019653433264691
19 12 13 18 41861 0.9793612012495476
12 13 2 16 44144 0.9619244342425272
8 1 20 8 50223 0.9175672343418526
5 27 18 4 92525 0.9260340618320827
17 0 6 10 56682 0.9160245480382905
1 18 26 14 78490 0.9989323486974252
21 21 13 18 40668 1.078949625405665
13 7 2 5 36448 0.9217108613017287
9 9 28 6 63937 0.9199658708447628
14 13 4 26 57201 0.9681844661847993
12 6 24 8 37173 0.9311751621701365
7 12 8 29 47513 1.0082176938875926
3 11 15 15 46297 0.9842534436442197
16 1 14 24 78822 0.9641127640964147
10 10 4 14 25694 0.9503966757920181
25 6 26 23 59800 1.007189622290397
24 12 7 23 78129 0.967122417103244
11 12 4 27 53875 0.9926898950255445
22 9 13 24 70703 1.0040648773901295
8 22 8 3 49638 0.9036788637587713
25 7 1 9 74715 0.9355391654321769
17 17 19 4 70366 1.054925418164659
20 24 6 0 105905 1.0278563148868836
29 28 5 2 133725 0.9242750379272517
4 14 9 4 40439 0.9563477232166787
21 4 3 6 60524 0.9040454789230363
13 13 10 23 49634 0.9122210168608275
0 16 26 15 76801 1.0772076835605275
8 20 25 15 59722 1.006880801304185
25 27 14 12 75744 1.0047700452816943
3 27 14 29 39707 0.9587534447378153
14 16 20 20 33904 0.9700544678294166
8 4 19 29 95231 1.0753779330681286
24 8 17 21 67432 0.9929967065154401
18 16 21 25 49281 1.0651430597647322
11 11 7 3 37175 0.912204796670646
20 4 9 24 92228 0.9669180446942068
9 12 0 2 54132 0.9875810275665797
6 2 13 6 31542 0.9135512445510175
21 1 0 14 80364 0.9474533425926722
6 22 27 3 115375 0.9123397219126995
0 14 18 0 76626 0.9694081305959954
13 1 5 15 55204 0.9453070252621856
19 22 17 13 56848 0.9843843925455197
17 27 26 10 85333 1.0037273381025054
9 10 1 23 51427 1.0217856997924488
27 3 27 26 96695 0.9730024160403812
2 22 29 2 110842 0.9254977371313775
4 27 2 4 54339 1.0714787767561234
27 27 28 7 84929 0.971255680442705
18 16 21 4 64872 0.9752134926096241
2 3 2 18 44418 0.9491710426058055
3 19 12 15 38555 0.9941321382643323
10 17 1 5 52029 0.9665485554661005
8 0 19 12 62696 1.0675014795357165
2 29 17 15 76191 0.9779011246084767
29 25 16 0 110879 1.0621873186068531
23 10 5 27 85106 0.9495435346394722
1 11 7 27 52418 0.9652891509067588
12 29 10 11 60969 1.009325437406853
15 28 2 3 95696 0.9361563762442291
1 28 20 17 74633 1.021988988889912
11 13 29 4 75463 1.0255270647516834
9 28 19 12 77803 0.9105400982804607
5 15 13 0 59622 0.9963668270720867
8 8 0 26 59968 0.9349973303246986
1 10 12 4 54094 1.0007627731519164
3 7 17 29 86436 1.0711116721931848
27 9 13 18 62702 1.0085065308724972
28 13 1 2 98754 0.9404214379489628
13 21 19 7 63883 0.9293524999485161
11 19 25 25 63679 1.0629364823726182
5 2 16 11 53047 0.9812427955116634
17 16 6 27 61770 0.9735608608614261
11 18 9 8 36173 0.9564965965778869
10 13 11 0 51453 0.980996958516279
10 26 1 23 41279 0.9501196355864159
14 12 29 2 65761 1.0272369984191712
29 20 27 8 45697 1.0743531449173438
19 5 3 0 57612 0.9278857474013916
23 26 16 7 86684 1.081915093192255
19 12 3 1 66209 1.0436739990222754
4 22 7 8 33965 1.060236200111559
10 18 26 29 74426 0.9970384565375647
16 25 3 21 53817 0.9469831900960963
22 18 0 17 62628 0.9652021631868031
17 22 28 5 94584 0.9635656599597033
8 28 22 5 96377 1.0750470971565358
22 14 3 12 63922 1.0937372477054088
29 27 8 28 69374 0.9275679498924078
29 19 0 4 115413 0.9421179911301456
15 9 13 17 33481 0.9058789252265281
12 0 5 29 80574 0.9328882641822224
17 16 0 22 67865 0.9396901969643968
26 7 5 3 70477 1.03236334137516
24 29 3 23 76049 1.0147985744723758
25 29 6 6 109814 1.075222012515571
15 5 0 7 47502 1.032876640524569
27 17 7 1 94689 0.9587319792728534
22 13 5 29 89037 1.0661438447606868
2 19 22 21 75914 0.9682675811200968
10 28 18 8 82256 1.0685132314681027
25 16 7 22 65921 1.0218897171270434
16 12 23 19 51461 0.978254894391402
0 14 10 6 44894 0.9654108517112189
29 4 3 18 94482 1.0543249999314703
14 5 6 24 70786 0.9155721600270506
17 26 10 18 48993 0.9174164752593494
25 28 18 22 44510 1.0227969599407682
22 21 28 6 63541 0.9470473967314816
13 4 21 17 66930 0.9873489463693367
16 0 3 18 66986 1.0808716846327973
29 24 6 2 122836 0.938596790716261
12 3 23 9 59676 0.9170952781280928
0 18 20 22 75259 0.9534314409942106
0 17 22 14 72368 1.0483999876058518
18 3 17 13 52403 0.9299877715709798
0 22 28 17 92077 1.0071259347257036
15 14 24 1 64182 1.0948773968433052
20 21 28 2 89403 0.9310564271640518
7 22 0 0 72584 1.0046072052809882
24 22 1 14 83222 0.9869328612358659
2 23 5 14 28426 0.9821849569785186
15 7 7 24 66964 1.0210631400279477
4 27 21 19 72406 1.0071573651949268
28 5 13 21 89813 0.9837988231900521
16 24 29 16 61990 0.9835205735874076
17 17 29 5 65862 0.9888578150731149
25 3 29 11 35477 1.031755373065797
11 29 8 20 29261 0.9142056037721061
8 28 2 1 72190 0.9434410406747865
8 2 29 8 72956 0.9596373477686528
3 18 23 0 86216 0.9451827443484415
1 18 11 4 60577 1.0835253811356764
22 21 14 11 61318 1.0287779989973342
24 8 6 21 82301 0.9678321466818327
25 23 14 10 63640 1.0615091788526678
2 2 27 20 110540 1.0471040864227543
10 28 3 11 55355 1.0138023760303532
26 21 8 19 62394 0.9528770688026164
7 25 27 19 76167 0.9323503929745036
2 1 29 14 93405 1.017011275079932
17 16 9 19 34325 0.965372671735285
28 10 2 1 87197 0.9656955834886906
7 27 7 15 38063 0.9973168836190587
2 10 21 22 91753 0.975892876889817
16 26 14 0 91922 0.9252635830864783
3 22 16 24 49539 0.9176507678790093
27 26 9 2 124631 1.0992738767215466
3 29 23 23 80012 0.9863515845161879
12 23 13 10 54125 0.9707843817724213
19 15 27 2 71361 1.0009165114789211
29 13 1 4 94198 0.9390033010066374
28 11 11 10 43714 0.901799233727421
26 25 9 4 111743 0.9252873987905554
21 9 19 22 76187 1.0007889012572522
7 1 1 24 61723 1.0882926385092384
23 20 4 29 84712 1.0898208451232203
12 16 27 15 47309 1.0718988161982892
3 11 22 25 91761 1.0344083157950472
14 5 16 14 36475 1.0876479125341358
15 27 22 17 56181 0.9218696011059807
14 6 6 22 67632 1.0054306752522644
4 27 1 5 55802 0.9591185798609952
16 28 7 29 30440 0.9229490658169428
10 23 20 19 53226 1.0402955354303847
16 13 29 22 66962 0.9948653485110142
1 13 27 22 99511 1.0750144139405784
4 25 12 13 54024 1.005766442178295
18 5 24 20 60573 1.064673003210331
6 20 21 4 91593 1.0354481232233106
16 4 4 4 46109 0.9059823454400221
14 21 5 24 35521 0.9852250762760149
26 11 3 11 52302 0.9083012376014296
14 15 12 7 33911 0.9337999000959205
7 28 16 8 73073 1.0496656964878313
5 3 26 18 93393 0.9961291361022047
24 23 10 18 52484 0.9004662507556674
17 1 26 22 87577 0.9176920358436513
7 13 18 23 65564 0.9336475841651461
17 12 29 20 61690 0.904817895671592
22 8 28 1 37657 1.0173540402151056
17 20 6 8 63934 1.0651204433564097
10 13 9 4 38624 0.9648976840763546
22 29 29 2 97985 0.9152488139246584
18 4 11 10 47956 1.0064957854350514
1 25 28 21 106591 0.9827651704052404
19 26 11 8 90314 1.0261892422295955
14 20 29 21 58971 0.9921662682533475
2 7 27 27 124251 1.0666334193625697
17 25 26 3 99413 1.0122573802172188
13 18 18 12 38609 1.035952429832841
15 19 28 15 51621 0.9615750559230971
17 23 3 17 60954 0.930773882819412
0 18 12 22 52798 1.0477049965021754
21 24 13 14 61035 0.9672515729887442
20 3 9 16 78145 0.9306239330264885
3 9 7 18 30584 0.9504037276777731
16 16 12 22 35400 1.021142548096658
13 11 19 24 62233 1.0341206540365961
23 28 4 1 116353 0.9434903763322289
7 19 5 9 35357 1.0183700685122932
7 8 9 28 54032 0.9779451299923249
8 24 27 18 64708 0.971894306877394
15 17 0 19 45315 0.9479137585754893
22 28 10 21 61956 1.002055646918952
3 9 20 10 51699 0.9970620317240839
23 8 8 25 83141 1.0418006860031936
7 12 21 25 85875 1.084808388651408
25 25 29 9 60065 1.096704977505601
14 28 9 13 59108 1.0001678132704699
24 20 3 12 78436 0.9794511001327184
15 29 12 13 58362 0.9537775468022909
29 7 13 20 77201 1.0818169863663512
5 9 14 6 32608 0.9283150910241399
1 22 27 1 109240 1.0775503364016308
14 10 20 3 46742 0.9906700477074195
2 3 26 16 95068 0.9830992006347798
3 26 20 22 74724 1.0974729550987454
1 0 21 28 120961 0.9593544030166682
6 1 19 12 65997 0.9381835194695302
2 8 16 16 57299 0.9920415764134608
22 17 10 28 67543 1.031306306515846
14 1 21 15 70808 0.976869215826672
27 6 0 29 116176 0.9176756787323462
14 16 12 5 44867 0.9376404467878692
12 1 19 15 71574 1.0290598680769327
6 5 23 5 54764 1.0276829511873027
28 22 8 19 77435 1.0561097393710166
23 5 17 9 37177 1.0816879399822825
1 23 2 11 40151 1.0217971924980906
29 24 1 12 112593 0.9281474450875316
25 20 15 4 75824 0.9412564276237623
11 29 29 14 92874 1.0046499294590514
26 29 25 16 44969 0.9046395878925304
8 13 21 3 72679 0.9876323266568054
16 15 29 10 50414 0.9791191005799688
8 20 0 5 57032 1.0453654633565328
28 2 19 8 47823 1.0340548882598783
21 15 9 18 43578 0.9045024796147235
23 5 4 4 60808 0.9420289729459494
19 7 29 4 38423 0.9629858126597686
13 3 23 24 94821 0.983029681005499
25 2 2 27 112070 1.063510570083019
25 6 2 26 99759 1.0923316708878268
6 10 22 1 65720 0.9762896417403131
17 9 6 13 46534 0.9673742823553516
29 3 18 12 55787 1.0083704950610992
20 28 0 26 76738 0.9270849185157349
17 13 0 6 66553 1.0457138139792617
29 6 15 27 102108 1.0213806654443935
17 7 10 29 85299 1.048379994176881
20 20 24 12 38486 1.0005442779579032
15 17 25 26 53386 1.0345638856064636
19 10 3 1 65880 1.0757983487122618
11 6 15 19 54617 1.0848959413499404
25 22 8 15 65974 1.0417728936481518
20 16 19 7 53546 0.9547348854370346
25 25 15 10 68004 0.9912868064481324
29 20 9 13 79901 0.9360620711532543
13 4 5 7 32823 0.9895056411583176
29 29 25 0 104037 0.9478345191424608
6 5 24 11 58456 1.0683399887382374
21 0 22 20 77589 0.9111518567099969
21 20 15 1 90480 0.9848987458795307
6 6 14 26 71471 0.9980475186774727
3 4 17 16 70625 1.0105685639571322
19 0 13 19 76947 1.0298028347318233
6 14 3 27 37295 0.9760659296972837
23 5 23 28 75965 1.0588131966944212
28 7 7 2 73907 0.9988305208537593
5 12 2 23 35912 1.0036270153087954
4 8 10 3 33511 0.9793608995781055
25 5 22 19 52788 1.013081357589582
22 28 8 25 54494 1.0787436348585067
4 8 10 21 47147 0.9565982894693503
22 9 7 9 51610 0.9077307457823045
20 24 0 6 100221 1.0203937967841572
8 8 1 26 58266 0.9241135784531381
22 29 11 17 65088 1.0334995889292502
7 2 26 20 98796 1.0858324772004464
4 6 17 12 50792 0.9897937214073698
23 1 8 4 44012 1.011840703822835
12 12 11 0 54135 0.927680556845342
22 28 27 7 77863 1.0150940764265555
29 12 10 10 49987 1.0670096448400765
16 10 2 25 68727 1.0297794861022034
22 6 29 27 84684 1.0961771226967028
2 3 21 27 120566 0.9889614625562331
6 6 19 14 61748 0.9065678909590776
20 2 6 20 87295 1.0708094019634185
20 17 12 1 73611 1.0923382116004579
24 12 8 26 78929 0.9408560173135387
11 0 0 27 91304 0.9741531280746083
29 4 5 28 115226 0.9222098990363149
10 29 1 23 40701 0.9057398652511717
21 16 8 29 64943 1.0960257952050856
25 25 4 13 87206 0.995066363718999
16 9 14 0 35843 1.0097031265350283
10 20 20 21 44420 0.9549449891095231
19 7 22 17 52736 1.0795529964766466
19 24 20 9 75282 1.0426818549922316
29 23 0 11 104983 0.9394319833715126
20 15 20 27 63339 1.0357837448347427
29 28 14 18 72206 1.0016789507838573
12 29 15 0 99446 1.0484958232687909
9 24 20 6 80812 1.095544924042481
21 6 3 8 53297 0.9269557627519552
13 11 27 10 35431 0.98822287314155
19 15 4 25 65888 1.0776223018588549
26 6 13 18 67094 1.099437669078037
11 7 2 26 64081 1.008131844130928
17 27 5 13 77081 0.9952623109827676
27 1 3 18 89457 1.0453444730744506
0 11 14 4 51450 0.9825594147728282
10 21 22 10 66489 1.0919598994823203
1 6 19 0 54678 0.902604616978693
8 7 17 16 50530 0.9790003871197133
7 17 24 15 51635 0.9702918833559616
10 11 4 1 35957 1.043064352325787
18 12 20 28 82422 1.0355601882579
28 24 19 23 35074 0.9253493735931777
2 5 6 12 30614 0.9426010858682574
7 5 17 7 35580 1.0954848397098733
5 28 18 3 96755 1.0486364094029608
11 9 16 2 42927 0.9811646689869515
0 21 11 25 51718 1.0306198445062307
29 9 20 8 28634 1.0597078755554938
23 11 3 5 61520 1.0693954122919027
9 27 13 19 43519 0.9368190524640612
29 2 7 11 79473 0.9007805174312784
29 29 26 20 41819 0.9950390502172741
9 2 10 19 56510 1.0832526050831617
23 29 7 21 69825 1.0740210302623363
28 15 10 11 62146 0.9710350118053235
5 22 7 8 40135 1.0701060240318432
8 29 22 10 80675 0.9107893027099795
5 14 27 23 91281 0.9748060042232944
9 10 16 4 45753 0.9890773752735201
27 12 18 15 47489 0.9062236346551418
15 28 3 4 90643 1.0138951296739818
10 6 19 16 59584 0.9586627666560821
22 19 5 16 60074 0.9606478342002946
0 19 12 24 49144 1.0318684861452045
1 13 3 23 33191 1.0715037531479248
8 17 4 9 27481 0.985408852208288
28 24 6 17 82516 1.041394146831298
3 0 23 18 95059 1.0526021380155022
2 6 3 19 36904 0.9355029358430609
22 3 10 15 80338 0.9905751645916371
2 21 6 9 37389 0.9817525533478484
19 6 7 24 77996 1.040724441627504
24 15 11 1 74481 1.0232094383700843
18 29 21 17 59177 0.9479825377541408
12 18 29 8 67677 1.0359577363563277
28 26 1 26 106239 1.0565412343857303
29 9 8 19 74818 0.9486437901483687
3 23 7 12 38532 1.0397908060224785
11 17 18 14 32087 1.048778496581284
15 11 4 12 28606 0.969473584587054
29 13 10 24 86284 0.9833109360542993
19 29 21 13 73156 0.9291871671674773
3 14 10 19 31275 0.9914472301280326
17 17 2 3 75085 0.91373353906666
0 16 15 0 71888 0.9582935633448751
19 28 25 11 67911 0.9226275545640367
19 24 0 21 72795 0.9823413070451306
19 23 8 27 48692 1.0415280714927346
17 6 26 8 28914 0.9374479597754183
13 5 19 25 89298 0.9876674572157782
21 9 12 15 52298 1.0704165983516754
16 6 2 18 59198 1.0114895332397338
28 18 23 3 60051 0.9218607524022682
23 14 1 20 80445 1.0336682566562265
26 5 17 10 44920 1.053329981559453
23 4 13 8 49805 0.9130904646341947
6 12 21 28 90015 1.0745572927963367
9 28 21 7 93289 1.0227706740204605
6 0 0 6 26816 1.033702077975677
14 25 4 21 40267 1.0029978246175897
24 0 29 8 39427 1.044740597448619
7 18 23 16 48482 1.001894553187543
28 5 8 12 71707 0.9382156516674196
9 26 22 4 104370 0.91437037128326
4 4 25 10 67591 1.0055699841046861
29 6 0 23 111603 1.0731896621406782
26 6 23 24 60932 1.0924961967084372
17 29 3 18 62021 1.022155760546935
15 25 5 28 42249 0.956883170492623
8 13 27 14 65352 0.9020464410820893
28 3 5 25 120070 1.0058787586576212
19 25 20 1 99408 1.0527414110026556
24 6 12 4 44892 1.0575870027666614
24 13 21 24 40878 1.0250347692294426
4 10 24 11 49090 1.0551067053224505
12 29 4 10 60259 0.9340459670442645
1 3 14 12 61768 0.9017711449241806
0 1 7 24 64528 0.98931444995643
8 4 18 19 68197 1.0071995006654948
9 29 10 5 68095 1.0634041684636983
28 9 14 22 78175 1.001150171673418
8 18 3 5 41888 0.9199627321932807
28 13 6 23 97667 0.9330970882298447
13 28 26 20 67406 0.9831914743402189
10 19 3 9 44664 1.0541223855507669
29 29 26 14 59837 0.9122954281376167
29 17 29 7 35015 1.0097667642798047
22 16 28 6 46165 0.9865668955874639
12 24 0 19 49144 0.9796520525272427
28 22 22 5 75626 1.093115951852568
27 23 23 5 69582 1.0195127047818033
2 2 13 28 90462 1.0679522816487568
11 27 26 7 107327 1.0450812102876896
19 1 3 28 92990 1.0134854817721155
9 1 2 6 25468 0.9158584972943615
2 21 13 0 69843 1.059802071223914
5 24 13 3 74774 0.9188510454264713
17 28 12 3 100206 0.9649259776022179
5 15 13 4 55421 0.9047071635234667
27 14 19 29 66993 1.0768528850783488
13 17 14 1 54965 0.9848402361769297
1 22 4 14 27326 0.9115588272002638
1 3 29 27 146409 1.0714994482664506
5 17 28 11 66734 1.0561464498769766
2 21 14 19 43347 1.05721227540392
15 24 25 20 47212 1.0103008950498327
18 0 0 18 79223 0.9962701507737056
1 29 17 22 71124 0.9112449117402063
16 10 17 27 74246 1.0799542024932023
22 12 11 25 78154 0.9494042744485506
4 20 22 19 59869 0.9782072491618695
16 22 19 9 71312 0.9451372906641641
3 4 28 11 76086 0.9140890531496568
18 16 1 8 66871 1.0503205553592923
12 17 0 7 55556 0.9626128925161523
16 10 8 26 63600 0.990664009823215
18 3 3 2 49122 1.0243746416945345
4 13 10 4 39982 0.9238141687595661
4 5 4 28 47242 1.0343534535620942
6 15 19 6 62577 1.0541325061872324
19 27 6 19 71858 1.081614298537337
29 12 29 25 44960 1.0842164264185823
13 5 17 15 52076 1.0821370644806738
4 14 27 22 86158 1.0452255627596883
8 3 8 24 54215 0.9013542593414685
2 0 17 8 57971 1.0681851276283933
13 22 28 19 63952 1.0342995033855649
5 21 24 7 80860 1.0956179766587797
21 17 4 14 50517 0.9405717448983995
10 1 0 5 33014 0.9957221599395938
14 10 7 4 41540 0.9480769198506586
1 11 20 0 68493 1.0482865816427858
5 20 18 27 66929 0.987171441924984
21 10 5 12 46861 0.9711928768420803
3 28 18 17 63415 0.9210236672995376
6 16 26 4 84161 1.0772489602730115
4 28 13 29 28827 0.9808253860161902
29 1 2 15 96470 0.9425916024714158
3 27 18 6 84135 1.0014148974964951
15 23 28 14 73902 0.982935374951925
19 27 28 19 66063 1.0037793092280873
12 27 19 4 101779 0.9599963769673943
10 17 4 9 32237 1.0292755023339333
15 12 0 5 59418 1.0696785682436356
22 8 2 0 72321 1.0996372448799905
25 21 9 6 84345 1.0790005405998129
8 27 11 0 77410 1.0858767916987406
13 2 27 0 42016 0.9168782142315145
9 8 22 1 54733 1.031628042453528
18 15 20 0 79121 0.9836156823712429
24 24 12 29 49019 1.0073451112039884
10 8 7 1 27593 0.9043207660318656
9 8 1 23 53244 0.9686421917559348
11 12 26 21 73633 0.9983710664060637
19 28 28 13 77025 1.0292214148672731
0 9 0 27 67760 1.01963272130773
16 4 5 8 45621 0.9855386775098354
5 21 14 24 37576 0.9313445517858678
20 20 1 11 74494 1.0407415043558228
0 4 27 14 100361 0.9694573418826817
10 4 5 10 35612 0.9299228885505962
20 6 14 16 49714 1.0028586590770865
6 11 0 19 31126 1.0680437598697496
1 5 10 10 39787 0.9009417605409494
2 16 29 19 80839 0.9792729251329714
17 5 19 20 79521 1.0558175355261898
27 5 20 2 35349 0.9865822968989598
3 1 18 18 76103 1.044521835049447
12 10 11 24 57928 0.969925326588367
17 10 6 28 76167 1.0177538476328718
11 24 5 16 37278 1.095655505346861
25 12 26 3 37301 1.0265916573545242
19 19 7 5 73866 1.019302328864451
24 7 12 18 60299 0.9173738810304742
22 26 29 0 97845 0.9206803457874194
6 6 22 20 85613 1.0706146451498515
12 17 22 16 29683 0.9459485258785623
4 21 13 28 45780 0.9281595708431951
26 22 3 27 90404 0.9859976342107212
29 0 18 8 54464 0.9456332909021475
2 13 23 21 83487 0.9939096526502217
11 7 26 5 50546 0.9497202631765511
2 7 1 20 42363 0.9636190423105712
18 22 27 19 49070 0.9602097224368228
9 22 18 26 52048 1.0809435286834503
25 18 18 4 62024 0.995255643071241
23 26 0 13 108137 0.9003348018019597
5 24 17 29 47628 1.0955401395446818
14 16 6 9 41565 0.9062913706946345
1 25 14 7 73921 1.0666408568074455
17 13 26 8 42308 1.0260618673502393
25 20 10 27 75987 1.0971298982972237
27 12 29 27 66266 0.9107493143663398
13 15 3 11 41018 0.9840561229663032
19 28 24 11 66321 1.0950349522247838
5 6 17 7 35624 1.0493114004341049
24 8 5 27 91029 0.9971347774150906
8 4 9 14 31309 1.0949817905969208
28 28 25 5 82475 1.0268206918964184
3 24 28 26 91819 1.0077328572970337
11 15 8 25 36746 1.0501220716032225
28 24 16 21 55985 0.9331560471198233
10 14 14 7 33891 1.059479954569229
6 18 0 27 43295 0.9501062633960236
15 25 22 14 62438 1.0017593813912378
28 14 3 24 94155 0.9472017412667403
22 13 14 5 46902 1.0046748968211079
3 5 6 20 41100 0.9590950294483678
17 17 12 3 67114 0.9632964924117291
4 14 14 15 35150 0.9071790776079323
24 26 18 12 62558 1.026241846201995
29 19 9 22 75085 0.9322125141595226
14 16 3 29 56632 1.084868232776374
19 25 5 9 87801 1.0525153733499906
7 6 24 15 66606 1.0638353500906839
19 7 3 0 61311 0.900495776738401
4 9 19 19 66566 0.9731711701314814
26 21 4 22 77945 0.9987041174482623
7 26 25 15 79369 0.9091933261027051
8 2 9 23 58699 1.011784064777389
1 25 17 21 68944 1.0875780589441
27 24 27 8 65280 1.070289487936385
20 3 6 14 77713 0.9912315374404399
18 22 3 20 64719 1.0701246158270108
5 4 15 25 81886 0.9423398722889436
3 21 1 13 28277 1.0017396568379175
20 0 11 6 43422 0.9204342986720856
0 14 23 26 102754 1.0394611953385744
28 14 5 12 71065 0.9166524450986987
21 21 12 15 56527 0.9444600309795455
0 0 1 27 80799 1.0919872699616822
27 19 0 22 95452 0.9703079239277663
7 6 29 4 64370 0.9454922861382554
23 26 17 21 50184 1.0621020854879974
29 6 11 11 56128 0.9514955566569357
11 29 24 2 113276 1.0181447067046667
