7552 7771 7497 7414 7346 7404 7539 7346 7764 7681 7486 7847 7914 7308 7520 7845 7328 7748 7719 7813 7464 7704 4140 3797 3725 3921 3659 3851 3702
6906 5671 5332 5128 5342 5506 5624 5303 5266 5135 5447 5473 5581 5715 5579 5156 5330 5576 5467 5585 5367 5629 5720 5233 5201 5253 5318 5630 5487
3847 3924 3815 3680 3848 4045 4174 4187 3700 3791 4139 3815 3776 3966 3725 3637 3938 7317 7285 7172 7037 7064 7345 7205 7450 7396 7402 7238 7225
2957 3240 3137 3113 3240 3199 2931 2738 3259 2983 3289 2951 2697 2769 3040 2748 3102 2895 2848 2892 2897 2895 2817 2963 3179 3081 4638 4905 5056
6388 6419 3952 3834 3913 3805 4190 4105 3848 4065 4217 4205 4160 3871 3808 4293 4213 3956 3843 4175 4116 3941 4116 3800 3945 3771 4044 4302 3975
4241 4526 3943 4197 3724 3399 3413 3832 3695 3631 3256 3691 3591 3456 3794 3820 3821 3525 3612 3551 3633 3490 3806 3257 3447 3768 3482 3760 3659
8574 8441 8463 8360 8474 8478 8456 8363 8583 8350 8623 8583 8385 8307 8555 8586 8197 8144 8582 8472 8428 8431 8308 8631 8383 8526 1768 1749 1720
4621 4709 4629 4579 4619 4437 4817 4599 4554 8034 8041 7921 8073 7808 7732 8181 8116 8117 7723 8206 7890 7835 8185 7920 8262 8262 7764 8113 8099
7560 8129 7576 7895 7859 7671 7555 7582 8099 7772 8050 7660 7621 8131 7652 7674 7986 5381 5588 5187 5523 5019 5358 5279 5134 5204 5226 5484 5322
1470 1363 1674 4581 4984 4781 4522 4929 4443 4589 4656 4628 4560 5029 4585 4692 4521 4798 4448 4819 4529 4678 4710 5008 4794 4750 4993 4838 4613
5577 5652 2452 2406 2720 2883 2402 2316 2523 2479 2397 2460 2401 2385 2644 2589 2632 2533 2698 2556 2426 2392 2775 2382 2346 2279 2417 2281 2648
4112 4396 4615 4487 4533 4059 4135 4092 4244 4419 4498 4453 4568 4478 4161 4354 4424 4088 4537 4603 4532 2981 2570 2444 2696 2693 2437 2416 2806
3875 3892 4264 3957 3796 4316 4136 3864 4351 4142 3896 6971 6659 6981 6918 6732 6846 6673 6728 6738 6766 6675 6544 6955 6667 6828 6606 6861 6718
6232 5870 6004 7016 7488 7462 7537 7129 7251 7133 7306 6976 7327 6982 7137 7048 6989 7282 7003 7251 7210 7178 7280 7194 7337 7422 7533 7241 7062
6946 7012 6854 7321 6802 6848 7237 6864 2913 2950 3359 3188 2858 3342 2986 2856 3206 3118 3056 3272 3205 3002 3305 3034 2890 3284 2874 3112 3303
7683 7107 7601 7127 7412 7179 7677 7698 7506 7585 7244 7452 7177 7599 7423 5827 6011 5823 6151 6206 6219 6157 5718 5734 6229 5893 6161 6155 6085
3447 3350 3220 3048 3221 3355 3428 3550 3005 3037 3426 3277 3104 3532 3425 3496 3248 3344 3325 3355 3093 3026 6494 6458 6480 6763 6500 6781 6344
6097 6099 6105 5894 5756 5793 6102 5972 5631 5878 5681 5829 6033 5099 4809 5252 5269 5026 4768 5034 4976 5265 4958 5136 5319 4755 5354 4887 4916
3731 3354 3193 3724 3644 6740 6231 6545 6426 6733 6642 6678 6709 6743 6422 6405 6559 6680 6471 6723 6533 6281 6741 6255 6648 6559 6336 6456 6361
5822 6361 6125 5885 6132 6194 6095 6087 6100 6239 6182 6224 5756 5944 5908 6172 5790 6067 6159 6170 6196 5806 6005 6102 6158 6075 5919 6746 6749
3843 3864 3771 3832 3614 3453 3471 3896 3658 3679 3423 3852 3825 3796 3748 3610 3690 3532 3710 3952 3750 3736 3769 3769 3782 3875 3547 3543 4254
3979 4372 4180 4143 2763 2895 2898 2750 2721 3083 3021 2977 3030 3162 3064 3046 2908 3056 3227 3235 3080 2850 3240 3208 3208 2990 2692 3077 2653
3215 2715 3244 3054 3052 2956 3197 3125 2716 2938 2735 2712 2739 2944 2801 2717 3029 2890 3044 3153 3152 2903 3124 2883 2774 3270 3456 3747 3690
8447 8748 8707 8354 8622 8840 8337 8549 8667 8806 7814 8188 7704 7999 8117 8091 7800 8146 7662 8134 8199 7769 7870 7661 7918 7981 7858 8136 7890
2561 2458 2756 2882 3003 2913 2712 2886 2938 2719 2841 2729 2845 2700 2873 2611 2895 2993 1305 1647 1305 1588 1356 1732 1387 1435 1562 1836 1376
2219 2301 2292 1941 1987 2078 1945 2111 1910 2405 1996 2222 1943 2090 2165 2086 1972 2040 2062 2288 2360 8280 8583 8217 8210 8526 8036 8455 8107
7610 7412 7480 7414 7044 7084 7072 7074 7448 7149 6275 6254 6184 6175 6206 6147 5842 5750 6267 5838 6125 6023 6143 6305 5772 6284 5926 5908 6046
4603 5102 4766 4942 5014 5058 4800 4950 4909 5078 4683 5391 5413 5385 5334 5075 5469 5241 5445 5197 5395 5168 5479 4915 5273 5181 5292 5049 5416
7394 7428 6925 7167 6890 7174 7191 7320 8183 7985 8213 8354 8300 8119 8164 7997 7981 8383 8231 8012 8357 8338 8271 8348 8189 8236 8548 8537 8242
5641 5315 5482 5291 5308 5575 5229 5278 5676 5486 5620 5245 5505 5589 5683 5618 5163 5554 5208 5426 5549 5430 5349 5177 5498 5249 5491 5797 5483
3390 6377 4767 4446 1244 7919 4714 3743 5217 5042 5730 7750 1963 7716 6854 3646 7337 3954 3656 2964 8325 1647 8796 7869 3087 5474 2479 1377 7548 3805
3839 6756 4331 4263 1682 8026 5194 3659 5470 4769 5953 7724 2428 8250 7103 3779 7218 4295 3676 1787 8593 1936 8257 8086 3416 5617 3023 1399 5810 4196
3444 6753 4369 4247 1334 8184 5217 4116 5127 4619 6001 7765 2492 8141 6841 3590 2191 3766 3847 2084 8358 1846 8820 8064 3395 5797 2551 1815 5830 3841
3666 3530 4329 8035 1488 7926 5083 3994 5283 4549 5760 7941 2492 7931 6733 3675 1809 4048 3431 2200 8528 1949 8526 7829 3182 5820 2776 1636 5567 3627
3467 3313 4798 8179 1438 8230 5192 4115 5431 4983 6291 7466 2248 7772 7026 3902 1917 4168 3595 1830 8570 1868 8321 8333 3222 5948 3011 1667 5729 4111
3494 3205 4713 8300 1290 8404 5083 3658 5113 5100 5991 7783 2222 7696 6704 3729 2082 3934 3389 2163 8562 2168 8356 1507 3060 5840 2898 1229 5377 4039
3299 3263 4484 8070 1303 8264 4995 4223 5025 4561 5867 7893 2179 7788 6729 3390 1936 4129 3399 2020 8778 2270 8319 1504 3463 5687 2484 1296 5444 4177
3438 3369 4530 8161 1283 8212 4837 3940 5410 5013 5937 7400 2014 7717 6972 3782 2216 3944 3868 1943 8686 1991 8793 1651 3488 1873 2485 1243 5272 3658
3619 3639 4290 8249 1817 7810 5306 3871 5109 4829 5724 7521 2448 8013 6879 3551 2266 3824 3884 2262 8304 1868 8556 1318 3123 2079 2524 1518 5516 3675
3835 3649 4824 8060 1466 8377 3840 3958 5217 5012 5736 7646 2199 7703 6820 3861 2159 4285 3873 2262 8416 2000 8681 1301 3490 1813 2778 1763 5354 3816
3582 3399 4358 8078 1810 8400 3631 3680 5091 4556 5941 7762 2507 8226 6680 3366 1902 4066 3631 1784 6722 1843 8765 1107 3114 2004 2507 1613 5607 4107
3550 3654 4686 8288 1507 8228 3894 4058 5453 4905 6184 7911 2440 8170 6930 3504 1849 4109 3482 1840 6871 2091 8485 1578 3472 1811 2792 1297 5619 3730
3347 3256 4417 7953 1253 8245 3678 4129 5016 4679 6262 7487 1925 7952 6825 3879 2132 4036 6932 2336 6869 1823 8601 1325 3236 2305 5954 1766 5380 3744
3312 3141 4414 8443 1312 8355 3609 4424 5106 4084 6157 7604 2005 7825 7040 3805 1915 3843 7142 1834 6490 2094 8528 1659 3499 1894 5969 1508 5828 4674
3348 3128 4634 8134 1599 8001 3392 4601 5242 3974 5830 7796 2380 7859 6758 3697 1957 4176 6921 2129 6888 1888 3903 1636 3417 1830 6217 1406 5484 4680
3455 3611 4975 7971 1478 7867 3375 4392 5414 3736 5987 7456 2120 7718 7223 3814 2085 4031 6795 2143 6903 2151 4098 1416 3519 1926 6166 1409 5266 4322
3717 3131 4852 7961 1770 8191 3871 4313 4966 4029 5973 7954 2373 7915 6939 3686 1683 4253 6844 1905 6925 2295 4339 1272 3559 2020 5808 1401 5855 4493
3756 3353 4617 8352 1689 7809 3766 4533 5102 4240 6288 7480 8608 8194 6655 3391 2036 4201 7093 2329 6679 2158 4140 1486 3342 2096 5839 4602 5485 4365
3502 3515 4738 8064 1487 8298 3497 4569 5107 3809 6290 7800 8815 8080 6783 3464 1906 4299 6649 2118 6855 2196 4161 1563 7256 2384 6236 5164 5714 4341
3268 3258 4396 8270 1300 8069 3657 4254 5251 4102 6858 7833 8551 7819 6771 3506 1749 3923 7077 1898 6671 2146 3818 1374 7514 2246 6083 5047 5763 4194
3401 3338 4740 8454 1498 8323 3757 4183 5317 3936 7393 7694 8556 8118 6809 3852 1838 3745 6621 2034 6797 1889 4169 1255 7578 1839 6118 4807 5710 4725
3466 3555 4645 8400 2532 7933 3675 4515 5220 4007 6988 8063 8359 4108 6823 3722 1897 3548 7066 2366 6586 1987 4070 1385 7333 1864 6012 4853 5781 4221
3398 3242 4550 8219 2413 8121 3531 4166 5493 4084 7396 8007 8556 4656 2590 3828 1952 3674 6715 2295 6667 2285 3857 1501 7262 1871 6096 4998 5599 4478
3536 3304 4408 8209 2355 8388 3898 4425 5235 3962 6821 7779 8346 4141 2326 3902 1963 3263 7154 1992 6415 1995 4162 1442 7324 2035 6157 4957 5862 4334
3537 3187 4980 8245 1977 8144 3775 4691 5084 3837 6969 7866 8642 4532 2708 3817 1895 3650 7198 1884 6448 1968 4204 1297 7112 1914 5837 5027 5290 4435
4310 3354 4909 8025 2079 4515 3796 4676 7570 3701 7242 8045 8532 4485 2701 3783 1675 3500 6710 2343 6791 1749 3913 1658 7598 2205 6216 5180 5503 4605
3981 3683 4394 8201 2368 4004 3756 4289 7163 3819 7337 8188 8577 4222 2773 3074 2038 3383 6834 2296 6522 1847 4339 1330 7207 2204 5988 5037 5411 4568
4252 3229 4775 8215 2553 4306 3719 4304 7212 4241 7188 7772 8437 4379 2832 3009 1958 3248 6612 1862 6814 2021 3792 1119 7150 2323 5781 4879 5522 4226
3993 3478 4598 7883 2164 4046 3838 4508 7495 3743 6886 8002 8799 4591 2332 3440 1857 3706 6689 2001 6400 2177 4067 1458 7339 2398 6199 4895 5656 4548
14 10 2 24 63792 1.0344358089034213
10 1 26 13 59572 1.0845470345847052
16 17 6 2 63545 0.9328808042534348
29 3 11 4 38625 1.0523319469658878
16 8 23 13 42908 0.9091953340052236
25 9 19 29 57981 1.045179575136455
2 0 14 0 42053 0.9745414013288757
13 10 12 20 45034 1.048985095161146
5 2 9 24 69382 0.9933625723139554
14 21 5 16 31355 1.0289467029342874
6 20 28 16 59252 1.0334573167238867
8 20 10 3 50179 1.0180936953756348
7 25 24 12 54610 0.9300725339796075
19 12 13 18 46913 1.0501222096464922
26 0 1 27 94844 0.9181988096782885
8 2 13 22 67990 1.052863616789703
20 23 18 15 34749 0.9539858573651401
0 19 9 24 34725 0.9743178544610029
9 9 24 25 63497 1.0649784357395444
21 5 25 20 45340 0.9421898452862963
25 8 23 25 35825 1.0656622940083411
28 24 5 12 72844 1.0579058469457536
20 20 13 24 26535 1.0649590749794002
26 27 7 22 48777 0.9731363792662729
21 23 4 8 73347 1.091352639127162
13 10 24 3 51302 0.9751673163607045
22 0 13 7 44523 1.0425407030569493
15 20 25 14 37495 0.9016312552298902
4 17 10 8 36667 1.0582346985472073
12 11 25 8 59285 1.0674672994352947
10 0 21 14 60392 1.0974887456077722
22 1 17 10 44858 1.0261799235766065
29 16 15 26 48675 1.0242531040927423
0 28 28 13 81498 0.9397342092942446
22 3 16 22 65624 0.9362749941160651
18 21 29 21 22260 1.0344757515828957
1 3 11 17 54754 1.0971088884756324
16 4 3 16 53543 0.9029212664596405
17 7 22 0 36821 1.0611102968302455
4 3 18 13 62588 0.9166211535694677
19 4 2 22 79973 0.9289003742421609
24 10 2 27 71278 1.061010945541048
2 25 29 13 80249 1.069222437205624
23 5 21 15 40706 1.0514999706893065
21 9 19 22 46332 0.951059923309899
22 10 2 8 64539 0.9856318583521331
16 3 23 12 45311 0.9117891270810067
9 0 25 4 36534 0.9045756734386233
23 26 22 13 36177 1.0625582933682725
17 21 19 7 59186 1.0593950386266118
2 24 10 29 29574 1.0136746458959633
10 25 22 20 30963 0.9903325086325833
27 23 24 0 55359 1.0155810129473897
9 9 22 0 49319 1.023338011252173
28 20 22 16 26397 1.0074136897452544
0 14 5 19 33648 1.0326880685390805
27 21 5 5 76119 0.9515899568919608
22 9 28 28 66268 1.0511468508779327
1 27 5 7 71520 0.9362532956621032
22 4 24 15 33013 0.9007771855693806
1 14 20 4 66096 0.9005165305476476
6 28 8 14 52658 1.064380021473307
23 22 2 2 86492 1.040154465499875
15 25 8 8 61639 1.0243096202604198
0 29 28 16 71444 1.049758553642242
8 14 2 22 48830 0.9278338347052881
12 3 24 6 30559 1.0296832917920333
7 27 10 0 76548 0.9741037067336147
19 15 4 21 48647 1.0142696320072215
4 28 26 26 55874 1.0527338620347737
19 11 2 8 70203 1.006724142863958
14 14 19 2 52113 1.0073202054399517
27 6 17 14 53722 0.9152893043626534
28 25 12 17 52923 1.0796940703051476
27 27 14 0 95596 1.0548547797509409
28 6 3 15 78036 1.090498817177272
23 7 0 4 46951 0.9096473355079987
27 26 17 8 74004 0.9375539716985969
8 9 1 1 51601 0.9325694581920521
26 17 24 8 27154 0.9259182693020629
16 27 1 6 90583 1.051816788859204
9 17 27 13 50487 1.0529265665896872
21 29 26 18 36691 0.9838167363129585
6 7 19 12 61340 0.9943679265952452
6 5 3 21 63168 0.9042095454801993
10 23 25 16 33853 1.088492214239564
10 24 25 6 57108 1.0118530456319101
23 12 19 18 37098 0.9732072545091336
25 9 2 17 64180 0.958644424034685
28 22 12 14 61193 1.0802117338444934
13 7 28 19 69276 1.0755621651852019
18 9 10 3 36193 1.0644683919999254
25 24 19 4 59711 0.9736258798627524
1 22 24 1 96317 0.912778166514019
26 15 4 17 51417 0.9626512647925802
19 27 14 22 29369 0.9785449392901645
28 20 22 16 26397 1.0703972644708624
23 10 3 14 67166 0.9093879627647627
27 1 9 21 79529 0.9284254785343224
6 27 1 8 73005 0.9518671777347604
27 17 2 17 58128 1.0279406568022527
5 15 19 9 57098 1.0269640304956413
20 12 1 23 76283 1.092393347859595
21 20 4 19 38065 0.9856103915504693
14 18 27 11 53137 1.0043435640653264
17 28 0 10 89932 0.9404371777688757
23 9 9 27 67555 0.9172593960266333
8 10 18 2 46118 1.0234202938877701
8 28 28 18 60700 1.0027615138831396
17 26 29 21 34915 0.9625796581306137
28 17 6 4 68890 1.0092516385919692
8 29 23 14 62742 1.0212681527647387
19 11 14 18 44404 0.9151825987147763
9 26 2 12 55928 1.0995639124398795
9 26 23 19 37672 1.0223812153116845
19 26 3 15 63069 1.025124219916594
28 5 18 4 27329 1.072690313269029
0 24 23 11 81465 0.9123868124162839
26 0 21 13 48426 0.940294285799771
22 19 25 10 24747 0.9648178584550652
3 3 5 15 43284 0.957474355705668
7 21 22 11 55566 0.9106031486260827
23 27 3 5 89170 0.9276368197742489
14 20 9 11 35775 0.9680707177381795
22 4 6 9 49557 0.9698353541111969
25 6 9 22 60737 1.0986366738914088
2 0 18 0 52396 0.9209199308219007
17 26 20 15 46558 0.9261004493019728
29 21 11 19 39933 0.9354869120660582
1 23 15 8 78638 0.9508065252807995
20 26 13 16 44252 1.0569123290400388
2 3 20 27 92699 0.9199335806848304
24 11 5 24 57384 1.0861151623629064
2 8 0 18 45972 0.961288077791272
17 10 15 22 49722 1.0174917221784041
27 10 18 4 36191 1.0637785914519025
6 23 23 0 80383 0.9371263098085222
27 13 16 17 35215 0.9427990880714905
27 11 7 13 79364 1.0881594123948584
13 6 5 20 57863 1.063196533903572
8 8 14 22 53902 0.9438603705254048
8 7 28 21 74617 1.0566451760052549
8 20 8 9 44770 1.0643347236826328
16 2 10 25 68166 1.0485484782997974
23 2 7 26 85608 0.997414311530527
3 7 23 23 77428 1.0917554048071607
6 11 21 19 57655 1.0748981908559452
15 1 12 26 82131 0.9384883361160468
14 2 23 24 80746 1.0120051129963574
0 25 25 27 61707 0.9356447853379389
17 27 29 22 39774 0.991656954515735
8 5 22 8 42707 0.9564618980123711
3 25 18 18 53041 0.9089479197141276
16 11 16 27 56880 1.046060332533079
23 22 14 20 26675 1.0622245231171221
25 9 0 25 79325 1.0072411556483263
2 0 27 22 96380 0.9565614019855935
18 23 2 1 82528 0.9605346411534283
5 4 22 2 32692 1.0505488082861196
7 10 27 10 81329 0.9254034687585603
8 6 12 19 45229 0.9138179423225168
0 16 25 4 84828 0.9347092273358182
4 13 28 26 82560 1.088194981908741
26 11 14 14 45354 1.0415816333394048
24 10 3 5 54499 1.0001325479629313
3 14 26 26 71706 1.0529586910822888
25 10 8 1 51139 1.0524517525394481
4 24 29 3 87006 0.9008909658842527
3 4 18 5 26147 0.9397027089932244
28 13 9 9 70553 0.9979562746334523
2 4 27 25 85633 1.0872368324304
9 28 20 15 56861 0.9201762542411674
13 4 18 24 70515 0.959609485354472
8 17 11 8 35473 1.035753325821482
5 11 5 29 64614 1.083132920406969
26 15 22 23 22666 1.0073448308865676
10 13 29 22 57840 1.0801548470358069
9 1 25 2 39297 0.9978474921633977
29 8 2 21 90180 0.9980093188471933
26 1 0 4 50213 0.9643287740846063
20 9 14 2 40215 0.9689246649762462
8 15 26 15 44629 1.0281503410928532
18 9 12 20 54839 0.9380492961604616
23 13 20 4 34856 1.0277250501893682
21 7 14 13 42685 1.0939687246464453
1 24 21 20 48594 1.073829186674499
26 6 5 13 68674 0.9632333849313054
18 23 21 6 55540 1.0036351134803454
19 22 4 13 61607 0.9029505970683344
29 21 19 1 68954 1.019691955798315
17 9 28 10 51723 0.9632202671163351
1 24 29 10 93503 0.9789294804678211
3 16 12 23 35082 0.9775825695148093
8 3 20 26 85231 1.0094391226271964
3 17 19 18 45000 1.0207553223575276
5 2 4 21 63493 0.9837334139615193
15 13 19 0 56559 0.9899922976117639
25 22 13 6 74617 1.0396428313201467
20 19 3 11 56769 0.9715074093243745
7 18 17 25 41498 0.9372438953076931
29 7 1 17 90273 1.0313031341053178
18 1 29 15 59991 0.9636049551793623
19 3 0 16 81120 0.9901191234462317
4 6 24 27 87203 1.0886366483339867
0 0 12 29 101405 0.9968859762318037
28 24 23 14 34651 0.9963723312701219
27 0 28 13 48727 0.9902889056775703
1 24 15 21 37617 0.9635128057186029
18 20 26 5 54850 1.0556881990293803
6 24 28 18 56109 1.0205236106849838
10 23 22 25 22713 0.9131140192433155
11 5 23 1 34213 0.9992418714305844
19 10 25 21 48875 1.053753610348445
14 14 7 6 43637 1.045494439136369
6 28 22 28 46189 0.9148140977737956
20 23 1 29 48523 0.980551111129184
5 23 5 13 36508 1.0135567190139427
6 13 15 19 45030 1.0033815568011226
4 12 25 19 58162 0.9383258352654255
23 14 29 19 23861 1.088421210049995
28 1 7 13 77694 1.0876902519949887
3 15 20 18 43569 1.0349705459674454
6 24 0 17 40977 0.908237250336512
17 0 5 9 50963 1.0943118924607107
1 13 24 22 73883 0.9490542180658481
20 1 4 18 77616 0.9881813166457635
2 14 20 4 60114 1.0451263591273532
6 28 26 10 70590 0.9875016406756143
13 6 17 24 68940 0.9586740986231297
8 27 2 8 70074 0.9607858268892697
29 24 17 12 56082 0.972900655004074
21 20 24 29 21619 0.9411360369404964
15 6 17 21 55315 1.0256997846852043
6 6 16 26 83698 0.9034170890166392
10 11 3 1 37295 1.0195231758400274
23 5 5 1 50095 1.0000030155574182
20 5 25 28 66423 0.9189366188894043
18 1 16 20 66858 1.0909364323466746
9 5 21 17 57177 1.0715127103230506
7 19 23 2 74612 1.05166953909157
0 18 26 7 83924 1.011107284760995
22 23 13 0 81936 0.9126863418319774
21 27 22 7 57002 0.9236792861696002
20 17 10 26 43872 1.0151701153073596
10 19 26 14 43574 1.0767716406321202
1 5 29 13 80697 0.9675617422445959
25 25 5 18 49443 1.0348533400930002
15 5 3 29 92841 1.0903916039464148
17 22 28 4 60756 1.0619705105787178
2 26 11 28 21570 1.042639403379046
14 4 29 9 45633 1.0031350101440486
7 15 0 22 42432 1.0254871706050732
10 18 7 25 23340 0.9478932052376686
14 7 4 28 78624 0.9489687049787457
2 7 25 23 84283 1.0898278341283159
26 19 2 4 70754 1.09042231587629
1 25 10 20 36547 0.9719205916594142
21 15 2 5 64334 1.0438677097246973
15 8 28 17 60738 0.9701516058309193
12 6 26 7 41461 0.9233173752813547
9 28 28 19 50305 1.0026640955765367
7 2 19 21 75357 1.0816600353131283
20 29 10 25 35735 0.9524356168400558
7 4 3 27 72553 1.0452752492132489
14 29 28 17 54840 1.0570634857403292
28 22 5 7 90719 0.9981049794527491
16 16 5 13 33569 1.056330238630731
14 21 24 11 44893 0.9442475576363799
2 15 6 22 34878 1.0204142562164584
23 26 9 0 86037 1.07158965941752
6 13 1 2 53097 1.0789789614872938
6 28 5 13 53395 1.049811852768181
17 4 5 29 81692 0.9836443472209153
1 2 17 25 88825 0.9762235173305517
19 14 12 9 49270 0.977845107536723
8 27 23 7 74602 0.9487121026943723
25 23 12 19 32572 1.0755189945188852
29 2 26 17 50347 0.9131975872580947
24 17 20 9 34026 1.0112906484092472
17 21 26 10 45310 1.0514751273322818
16 27 13 5 78692 0.9492084481564331
28 2 10 6 49894 1.0810960975853334
14 1 23 28 85984 0.9781577935526709
22 18 15 6 53683 1.0999022594236036
8 7 27 23 72319 0.992023360818493
20 6 21 26 64289 1.0723106967795424
2 3 16 26 85422 1.0218809751484237
23 4 5 0 45714 0.9620262312570144
14 26 27 11 63244 0.9934721073759154
3 20 8 28 35025 0.9209078977226616
3 12 2 21 27734 1.0491000751118524
24 18 24 7 31030 0.9549693805186408
24 23 1 18 53520 1.047560939366373
15 29 21 5 87422 1.0699604786172865
4 14 15 9 43689 0.9589906220041917
18 28 16 14 59797 1.0948143649124766
19 26 18 15 49848 0.9764669442007392
14 2 28 16 63507 0.9628266594164652
3 0 24 26 91858 1.0824927681596275
6 19 17 28 43347 1.0974337090614203
10 14 4 18 25978 1.040369405147938
1 22 17 22 42756 1.0616562921507944
6 9 13 26 72457 0.9978729570058767
14 11 5 18 40089 0.9594626945257047
6 28 25 22 42552 1.0339682096815543
25 7 13 21 52922 0.9161758859812559
1 5 20 14 70315 1.044726225988374
0 4 17 29 92183 0.9146972769247755
6 18 18 10 62549 0.9944124016889304
1 25 10 8 66844 0.9003894765476155
17 9 7 11 41728 0.9748568022179768
9 9 21 3 38702 1.0066945319945526
18 18 28 9 53107 0.9752425038778392
1 22 8 28 41217 0.9225508761799635
23 2 5 6 44365 0.9297239006818414
19 20 2 8 75632 1.0719435125336696
13 22 14 3 69182 1.0450020933433255
16 22 15 4 60725 0.9438460069119372
24 10 4 23 65301 0.957716074565003
17 18 3 20 36311 0.9702825332792706
20 20 5 1 82155 0.9026182457865514
20 14 15 9 38491 0.9326135158665486
28 11 9 5 67514 1.0285708102776532
2 29 5 10 70950 1.0884868667177583
15 23 15 7 59717 0.9817124863164777
3 18 0 10 38821 1.0427286771289275
15 6 3 11 50634 1.093889445435134
27 19 17 16 25949 1.0064113658266791
0 0 20 23 95832 0.9116151358485477
13 3 25 18 57376 1.0436923748557319
20 12 24 28 43670 1.0165205234831118
24 22 6 5 77759 1.0371136465864907
11 16 4 2 48484 1.0366770756828012
10 19 20 21 25667 0.9931157965472655
4 16 6 5 49899 0.9632657986647328
2 21 0 1 77532 0.9151628227736113
25 9 28 21 31246 1.0586331231964192
15 23 5 6 67916 0.922632139590136
23 16 0 25 65616 0.9585567864918498
6 1 22 29 102267 1.0859911847904407
19 11 16 19 43955 0.9735460053213624
29 1 1 8 78706 1.0816586260468835
21 10 5 25 69552 1.088762004104785
23 28 19 1 78106 1.0361669734729813
25 14 3 2 63002 0.9913084354565026
6 26 0 11 64238 1.013137202790593
5 18 19 10 66331 1.06915295257149
16 11 29 14 48642 0.9360177689195803
22 5 10 16 52486 1.0671933412265338
19 27 19 3 79949 0.9656008498331959
23 0 16 10 45498 0.9828269272538118
6 11 22 21 64848 1.0036987521268805
8 6 14 27 67362 0.9881601055095858
20 22 20 7 52168 1.0587928628245336
24 12 12 16 34142 1.0586878412745673
18 8 24 12 38294 1.061832013833424
8 7 18 20 60909 1.020219338822052
1 8 25 6 62493 0.9414221144535644
9 15 18 27 48888 1.0114909860163281
0 1 26 0 74336 1.0571756737383406
27 3 23 10 32797 0.930391014580962
12 23 17 16 30873 0.9216662067990261
3 9 28 7 70711 1.0046448820748313
11 7 5 0 35751 1.039035357887287
2 28 6 19 40608 0.9756379697061933
22 3 23 22 51397 0.9380967236792503
14 5 23 19 61788 0.9930120309873025
22 5 28 11 44881 1.0731071059731334
0 18 24 25 60295 1.0048007565712858
21 14 6 21 48136 0.920019063228379
21 26 3 10 74968 0.9653938267531653
25 10 7 26 61149 1.0289239492453797
22 4 3 2 35570 1.0294619025696423
10 20 14 6 49827 1.0635047563754094
12 25 28 18 46965 0.944880823373707
12 23 4 9 56513 0.9056709308593095
27 12 21 16 28168 1.067372597892334
3 24 13 23 20952 0.9520122027059041
8 4 18 28 81690 1.0843618132694604
19 2 0 22 94364 1.0991481349596894
12 2 6 7 32891 1.014184059856627
3 10 12 23 52576 1.0200656574082076
16 6 10 14 37886 1.0058475849920567
1 9 4 29 73985 0.985366790578563
4 21 19 24 35589 1.0584020899837046
26 8 20 28 59934 0.9137021754675013
13 2 23 18 74305 1.055046533660558
0 9 4 26 67252 1.0183568323611885
7 16 25 11 45906 0.9214544779528978
11 22 28 3 74421 0.9010304072742568
9 7 18 28 74360 1.0127271819600308
7 20 3 0 73555 0.9969854595278856
12 17 23 5 65745 0.9273282894874906
27 5 3 7 54896 1.0877879207855063
19 19 11 25 32848 1.0400089351292081
11 20 23 21 29535 0.9115545872645745
8 9 4 26 65972 1.092828934597139
0 4 26 27 95440 1.033629981628207
27 8 8 26 73498 1.0015448612101252
26 22 19 3 61392 0.9488361682213058
19 29 28 9 69742 0.999875731339903
18 22 4 17 47885 0.9569228453878944
25 11 6 25 60539 0.9422806573800008
21 14 10 20 37581 1.0088521638250647
8 0 14 5 26857 1.0121766442710227
22 7 8 8 49087 1.049974410437105
14 13 15 29 54525 0.9175809956808983
12 15 27 13 46549 0.9088131885421841
7 8 3 22 57934 0.900469225816159
4 3 22 14 60780 0.9091826976467839
24 8 29 24 47384 0.9136157705363657
3 24 10 27 21250 0.9560128785093636
10 17 29 1 76607 0.9719921907615502
8 23 20 27 32008 1.0600605246264878
14 12 25 11 43509 0.9061702126732617
6 27 25 20 42515 0.9546971699739628
18 15 6 15 39127 0.9030139614877103
27 27 25 4 58707 1.0307505740669738
20 7 11 11 48797 1.078721974139068
29 17 2 2 82523 0.934761482527491
26 13 13 14 44669 0.9876729553347081
8 9 10 20 37615 1.084484104921676
5 2 0 28 89559 1.0868179272899474
5 16 28 29 75832 0.9100582017377885
24 6 25 24 47346 1.0223034711918557
2 25 28 5 95547 1.0321395568155436
3 0 4 14 47560 1.0057476694602194
28 21 1 5 85700 0.9406988274982397
2 0 24 5 52982 0.9370421121882644
13 21 14 8 42403 1.0641002382370466
10 14 11 3 31263 0.9345029225196635
28 15 3 26 68852 0.9554598574843688
4 7 29 12 88264 0.9091311683555591
4 14 22 16 43626 0.9733080700445034
19 2 28 10 52551 0.9192554719527016
14 13 1 16 40776 0.95808500903349
11 4 3 0 24342 1.0995913840148754
5 22 24 7 68559 1.0212278562388941
29 7 2 24 90895 1.0751637110591867
12 12 1 6 49076 1.0072167989416891
19 25 22 12 41179 1.094854119324178
15 5 8 21 61805 1.0252790436708277
19 4 1 7 41050 0.9661149558552019
21 0 0 8 71042 1.0825963465903472
12 16 16 4 42909 1.016328328927953
2 25 25 29 59680 1.0475287056756526
5 13 19 13 52710 0.980419641865303
5 25 17 7 76001 0.9944133225964666
23 11 14 21 52672 0.9471368002317337
18 28 22 21 37829 1.074742059101857
20 14 23 7 35210 0.9500291540306927
26 9 2 20 79166 0.9258357827262288
29 10 15 0 64562 1.0396856315515755
9 9 5 17 36847 0.9680171109940966
27 8 17 15 47824 0.9228723470891219
7 5 19 8 44075 1.0578649739251487
11 29 23 11 69010 0.9025283759771714
2 26 27 11 85458 1.0416667976503202
14 1 0 23 96258 0.9513440082821718
27 6 10 9 50441 0.9738478634515046
7 2 22 28 95171 0.9070077916820429
8 9 1 5 41128 1.0674112817890695
25 11 5 15 53744 1.0954995272706862
20 29 6 2 103655 1.098183813254703
1 7 26 13 76207 0.9398624558870929
22 5 14 20 59383 1.0231731947684446
8 24 20 15 48734 0.9130770088540778
3 27 9 9 60155 0.9953172054490661
24 4 24 19 34873 0.9368152113058671
9 15 15 29 51165 0.9134628713881363
27 19 12 16 35721 1.0002069920566976
24 0 2 1 57498 1.0436562282043211
20 11 25 22 42418 1.0974813753204204
27 26 6 27 49777 1.0950520674467672
6 12 26 8 70691 0.9361278960908408
5 9 27 0 68246 1.008380569471184
5 0 29 1 70324 1.0192227889108842
3 10 14 23 55560 0.9909984530181583
10 4 6 18 50388 1.0890334909633412
18 6 1 21 81497 1.0093611296511944
3 23 28 25 51669 0.902951085884862
21 20 8 1 76370 1.0129864752765376
12 14 26 9 57027 1.0595329623628802
14 6 26 25 75398 0.9617005553581773
25 2 29 9 29768 0.9635759213658582
28 8 19 5 44806 0.9236744605327641
22 11 12 26 60434 0.9145438804258419
2 8 3 20 40533 0.9726634037060993
14 21 6 12 39555 1.0572590062444993
17 15 7 2 61078 0.9712616621083351
27 29 23 15 42538 1.0751585661579113
22 14 4 15 45336 1.0352724253347576
27 1 6 3 53780 0.9990500864994273
13 15 3 19 35474 1.0236095074874272
29 21 16 7 64783 1.0496714646329364
12 5 3 18 56819 1.0727447787391295
11 14 0 10 48838 1.0890081857201954
25 3 9 0 38475 1.0195727177919065
28 2 4 3 56722 1.0795828326915753
28 16 16 13 33043 1.0900999536172644
14 28 22 5 78108 1.0007135766997368
6 10 22 6 60087 0.9943980085067294
13 2 7 6 29577 0.9223881457775898
9 17 16 9 39816 1.0268000497821872
21 23 8 20 30229 0.9391000055688715
11 28 6 21 26749 0.954081737567987
29 0 8 0 65442 1.0336230226982588
15 5 28 16 56520 1.0821109188714586
1 1 29 29 125398 1.0502592655801748
6 17 2 10 33181 1.0255298934463188
19 23 9 16 33213 1.046791130146432
7 17 24 13 49496 1.0020041309189156
15 3 10 23 62819 0.9492667937907832
24 19 0 9 83349 0.9429258763342092
9 26 25 2 72809 1.0315852340145317
4 3 1 24 71286 0.9450515137739742
0 7 22 12 73554 1.0071824121936235
14 13 1 28 63614 0.9690961676709525
15 14 3 17 37885 0.9787838842709842
14 16 1 17 32607 0.9792264713932841
20 21 25 2 48237 1.0568594740334134
27 5 14 0 46350 1.0803094537125677
5 14 0 3 48051 0.9725983122692154
0 15 11 26 54590 0.9426578524748463
9 4 20 15 54385 1.058948125085648
16 14 29 19 38416 1.0949387560030472
16 10 29 1 56895 0.9911495398206351
9 26 29 10 79535 0.9029478890920679
22 26 12 2 79971 0.9927730917203623
1 3 3 29 88156 1.078516019700745
5 22 3 4 57785 0.9851017277206764
15 10 20 25 62881 0.9769975626705225
16 3 10 14 36973 1.0175349100103066
20 17 3 21 46654 0.9006365646199005
19 26 16 5 78083 1.0399606221918885
17 13 12 20 41173 0.9514253482941534
24 19 12 20 32117 0.9042635422326804
21 29 14 20 37342 1.078678763358898
29 8 12 22 73799 1.0866457854273828
27 16 1 19 58886 1.0400710218720233
6 18 0 5 61911 0.9419129755183859
16 13 4 27 58445 0.9808057952888845
4 23 25 6 70340 0.9355129171287487
22 4 26 26 59059 0.9200144739988296
4 3 4 17 47188 1.0714246519139459
19 10 28 19 51232 0.9787439366646751
14 17 28 19 35768 0.9031770509008923
23 13 1 10 77546 0.933554675093769
15 26 5 23 26597 0.9181296702160373
24 28 19 10 57803 0.9782619301312263
28 12 18 12 67104 0.9148032983577088
7 10 0 25 71731 0.9039235439066994
22 10 14 4 31337 0.9762919298468485
5 29 5 0 95029 0.9565742686666057
6 8 28 13 84303 0.9932655427447208
16 21 24 29 29223 1.0103360051048362
24 6 16 0 34025 1.0236066187172654
1 17 21 29 71486 0.9030232199696613
1 18 16 15 43241 1.05106766919426
22 18 15 24 30861 0.9461180772591119
8 6 2 20 65541 0.9239167767203805
22 1 10 1 38758 0.9666392717848097
16 20 21 2 66217 1.0860766279120728
18 13 12 28 71712 1.027933469326936
5 22 14 26 25964 0.900173657015543
5 10 25 7 60843 1.0020907115414854
23 22 18 29 39079 0.9627716118204515
15 14 23 22 45063 1.0303803164575132
16 16 22 5 42689 1.0943233621237491
3 1 1 10 39220 0.9787961958700748
21 0 22 21 62567 1.0521609775483503
17 12 5 19 44282 0.9484673306971783
16 26 11 2 79539 0.9859552628502126
22 28 20 8 65376 1.0294033554888684
10 28 16 0 81940 1.0346237827218614
15 7 7 21 61475 0.989632290909864
22 4 18 10 35139 0.9914748879468759
16 16 18 2 50232 1.063170211613453
23 23 28 14 27853 1.0727220135399276
25 0 17 20 61715 1.0835958322535555
24 27 0 8 97995 0.9453279308145437
27 26 29 14 43366 1.0946738878789455
11 9 25 21 60888 0.9758478773000703
3 5 8 0 24566 0.9053832646831348
16 3 7 19 56536 0.9798472382871204
15 4 7 26 70486 0.9297690453600959
1 0 27 27 114502 0.9401626385596039
25 3 9 1 37005 0.9101918477180038
12 19 14 2 61743 0.9774951361453332
5 0 7 11 57533 0.9741847818982422
23 29 23 9 50031 0.9764176074573572
7 3 26 28 92662 0.9126684950051666
4 6 22 13 61720 0.9627660949159854
26 28 0 29 70575 1.0839927238726272
17 13 8 3 53141 1.0190989759405462
22 27 13 9 71529 1.0892489598007113
27 4 21 11 33855 0.9466453817290582
2 23 19 7 93841 0.9238130692153548
14 12 18 3 37982 1.083613839571088
5 29 24 28 50614 1.0423426482910876
5 17 18 1 67368 0.9413208479600563
13 21 3 28 35253 1.0056633393452117
26 12 14 17 40983 0.9382275759420001
25 0 22 25 54570 1.02947604393199
28 29 15 21 49208 0.9084897258668337
7 19 18 11 53408 1.0651752473925984
28 10 11 15 65480 0.9567129128861152
11 12 24 23 50537 0.919055620209207
1 7 3 26 63818 0.9220138490631188
24 24 20 11 41302 1.0160018552541317
15 11 16 29 71537 0.9681863788602163
16 2 3 1 34802 1.0696211023539004
15 0 11 17 62004 0.9315606827419456
1 4 21 17 67260 0.9419759309894595
29 5 25 13 33069 1.0338341942331608
21 11 24 23 34180 1.0903198805679593
25 8 17 16 32053 1.0816976423676457
1 5 18 27 91080 0.9422611284828377
9 25 15 7 67324 1.0056444755711231
15 15 5 20 36415 0.9498160929886335
22 4 1 12 58830 1.0076867024333847
15 11 11 4 37627 0.9488049811416724
29 15 17 24 42142 0.973030799088653
12 4 9 18 42554 0.998219690897496
3 26 25 24 52045 1.072885116347032
17 10 25 19 49226 1.0163242344709982
7 12 11 23 35799 1.0645521081257003
8 10 17 8 47405 0.9826866663513399
2 1 5 27 86107 1.0082512010067715
19 27 2 5 93068 0.9009937513020101
14 4 25 0 28851 0.9244543312364257
3 1 6 29 86499 0.9246255494330716
3 11 13 9 40229 1.0554514845733445
28 29 24 9 59569 1.0063570496195313
11 10 1 3 39493 0.9278387565493761
13 26 3 3 79095 0.9475531724221247
12 14 4 10 40128 1.0727411960679114
16 11 29 3 54498 0.9875251151621466
4 3 26 21 75820 0.9888510081633038
28 14 17 15 33045 0.9290620919645691
21 13 29 0 60652 1.0980561742707442
5 29 27 4 85990 1.0102706178099168
12 0 0 2 46601 0.9341398986403177
27 26 20 9 58843 0.9051622144914818
19 10 0 28 94556 1.0793123040696926
20 1 16 13 47116 0.947663148515942
2 5 26 14 64635 1.0436667295307422
13 23 23 8 56569 1.0095334385645243
9 17 27 29 62600 0.9001417359680544
13 17 27 25 46564 1.036803453117501
29 3 20 20 59990 1.0134441175192768
11 11 24 6 55401 0.9953585807425228
27 20 7 28 55963 0.960351379827362
7 22 1 17 35683 1.0569786339226341
24 26 25 8 35225 0.9862664298769704
17 9 12 23 55459 0.9762172927162255
4 7 15 3 35113 0.9097598913949225
15 20 3 7 64851 0.9881445763332743
11 26 19 6 81159 1.0851717105651622
14 13 14 24 34382 1.058902030618777
12 15 1 15 33451 1.034275152313389
25 16 12 12 36933 1.0743838832517894
17 20 28 11 61648 1.0431829000247985
25 25 15 18 36160 1.0491116778237077
10 1 22 18 69577 1.0190054307131498
21 0 9 3 39424 1.0721302567806956
4 9 15 7 51813 0.9672355162260723
17 27 10 23 19824 0.9065028630771846
11 1 11 11 39094 1.0245653643882058
5 26 27 19 50171 0.9602519965274704
18 23 2 6 78498 0.9229898824819974
7 9 25 25 75253 1.047097672779329
1 4 27 27 97788 1.064355009771262
3 13 23 13 59009 1.003300598388834
9 0 23 9 48919 0.9099657775401918
1 22 17 3 83192 1.0306503818277912
20 10 0 26 87506 0.982747346833336
13 2 26 5 40932 1.0834033129724017
0 25 28 5 100194 1.0508959381284133
21 11 17 26 56389 1.06346886736673
15 11 2 11 40818 1.0985559061237322
17 23 4 11 55539 1.0311125224697943
24 15 20 3 40875 0.9262855434153578
10 29 27 14 57931 0.954716821316441
5 6 17 27 80435 0.9311074167310659
3 25 12 13 59758 1.0538746997522712
3 26 22 4 88738 1.028921549250932
8 11 23 14 53383 0.9068302493187675
15 29 20 0 102139 1.0720339485942956
23 11 16 6 44604 0.926520715239739
29 19 21 26 28161 0.9042652751789835
18 21 5 0 83453 0.9665347927613752
11 5 20 20 64417 0.9772671363394898
29 7 23 25 55713 1.0201349793829864
9 2 17 14 54783 1.0700653206416342
23 20 15 11 53021 1.0680429333244197
15 26 25 9 56054 0.9828395611159315
14 0 26 0 42694 0.9950531109332039
8 22 14 3 65134 0.9026568634779264
13 16 21 22 33525 0.9000025463859156
12 18 22 24 37952 1.074847812065507
12 14 17 24 49082 1.0281684099846218
14 16 0 26 53836 0.9603089494929946
7 26 20 22 32979 0.9584031014702445
20 23 24 6 44085 1.009057535052362
17 5 28 6 36343 0.9037259204151178
1 28 4 20 34482 1.0896501526946412
5 18 27 8 74100 1.0733515130459303
5 2 28 2 59590 0.9938345505352115
8 0 29 16 72619 1.066096568727429
17 28 28 10 80573 1.0280869809544173
15 6 1 4 32011 1.0540688068124222
18 14 6 23 52172 0.9670459247311951
22 8 9 20 60195 1.041030091185922
19 21 13 9 52168 1.0817444417511304
28 9 14 9 55477 1.034814518297451
5 10 28 15 68584 0.9137794523932997
25 15 27 29 38876 0.9073672936761757
8 29 20 21 43765 1.0109543584108032
18 18 4 0 85195 1.0259834896362525
28 15 14 22 43286 1.0131547791962863
13 24 29 11 65945 1.0324336933093687
27 26 11 18 51092 0.9439733797211933
14 15 15 5 43963 1.0831390142638953
18 16 6 19 31909 0.9533148236312908
19 9 3 13 53694 0.9195787351274217
14 26 11 6 61116 1.0429401168317676
27 12 19 3 50663 1.0826790023145587
29 7 22 16 42515 0.9686428706888444
10 0 21 14 60392 0.9379320287813117
8 18 14 14 26562 0.9720342358832936
13 14 14 2 59916 1.0979916704234498
19 16 24 23 22488 1.0190703343292402
0 14 17 19 56992 1.0854761320862367
18 9 9 13 38145 1.0723238513884743
2 17 25 11 59779 0.9235716680539771
10 24 9 5 53611 0.9620051805766947
8 7 29 11 78455 1.0313297972616893
26 26 11 9 73444 0.9122599845471137
25 14 9 26 47889 0.9819957340372051
10 1 19 28 94631 0.9353591341929681
0 10 23 8 82603 0.9217491142766279
17 7 19 21 57179 0.9351806043205177
0 20 27 4 94525 0.9921110253165811
18 10 17 28 78855 0.9152880728459734
25 20 14 1 66678 1.0976133775587869
15 13 7 4 43180 1.0007315095882727
22 17 10 13 33596 0.9447875013743329
3 1 15 8 47502 1.0309192649709233
2 25 22 10 79569 1.0343001182803953
25 19 23 11 29086 1.0824517758292982
16 28 29 17 61464 1.0305956369735734
16 24 27 0 73572 0.9795622704858242
17 12 1 11 41945 0.9424955654234773
1 26 12 9 73136 0.9991339068990527
22 27 12 9 74267 1.04983213764628
7 23 11 29 20529 1.0059861730326807
8 5 24 15 63390 1.013510212939067
26 29 7 2 96914 1.0814573373309277
10 0 28 15 73087 1.0714790722763678
26 11 19 15 35212 0.9602725789522044
3 29 10 13 55367 1.021928308260006
17 29 2 14 71577 1.0406541675174983
9 3 13 28 75599 1.0601070068169656
7 5 17 1 30893 0.9228651129410063
19 24 9 21 26311 0.9428706333254798
10 2 21 28 83915 0.9971568222603339
18 28 29 12 73007 1.0906341449493986
2 8 15 10 54598 1.007815264851043
25 23 19 17 27045 0.9144049396297226
5 9 3 25 53060 1.0677626684852408
6 22 29 8 84022 1.028341168194102
4 19 1 2 60049 1.0589080488274683
9 19 4 2 56707 0.9189040774686245
1 16 9 19 30672 1.0897175613532715
4 5 13 11 46538 1.0370899900061967
4 22 9 10 49563 0.9410197393504113
14 7 2 5 39385 0.9677150008790718
13 21 22 6 61726 1.0275958107642964
27 17 15 19 31949 0.9186142771363647
7 12 26 4 54900 0.9883158335753353
6 26 13 23 21022 1.0082414894144758
25 2 15 2 32497 0.9057926077520514
3 12 14 20 44568 0.9964445681122545
18 25 26 22 24456 1.053322880636777
1 23 21 16 63142 1.025393314566675
4 25 14 15 46371 0.9571148550414791
13 28 7 7 73316 0.9931019985015689
22 11 15 21 43538 0.9734065573688195
17 25 10 17 32749 1.0969299129981065
22 18 21 1 53119 1.0265106561325483
15 23 28 2 69797 0.9977461834567489
21 4 24 28 56021 1.064922968215434
24 27 15 7 68473 1.024077486427171
21 25 17 15 40571 0.9959213554531982
5 2 2 22 70454 0.9232565013305795
11 9 6 25 56103 0.9258731628331341
13 11 18 16 28784 1.0305742608318234
3 6 0 14 40256 0.9014809791654993
15 10 28 25 66125 0.9184548362326299
12 24 27 5 69423 0.9596046741156321
8 27 1 4 74017 1.0451966279093632
10 6 26 13 54665 0.9243784084816481
5 17 16 22 37685 1.0904086598978298
4 4 16 25 72157 0.9556605716759928
19 9 1 28 91846 0.9485683559055902
21 6 25 16 35752 1.016586993864786
7 17 4 3 56776 1.0293147893192747
19 5 25 10 30643 0.9895962570810746
29 5 1 2 63697 0.964226830439655
24 28 29 4 55908 0.9683440557128696
13 22 21 17 36326 1.0413868660419405
24 23 9 20 31695 1.0665697199481952
7 28 14 2 90329 0.9756241388040862
0 11 18 25 77846 1.0760372410967096
29 26 21 28 30822 1.0638431573456792
0 15 25 13 62738 1.00632240846471
16 25 10 4 63560 1.0265196502771952
6 15 8 25 43795 0.9938229799806085
29 5 17 9 52081 1.0259557493272282
29 21 12 12 54945 0.9052507248387538
11 21 19 1 71091 1.0496035439657594
20 0 26 23 67587 1.029595452878062
5 5 23 14 61822 1.0876665400530257
13 4 13 27 66881 1.0770827808017032
28 16 18 21 29079 1.0677516355616226
23 17 8 4 62254 0.9266504886597612
23 29 13 15 52478 1.0115429968360627
10 22 14 9 43630 1.016478501861298
8 2 4 19 62553 0.9671163024952543
6 2 20 27 95858 1.022059735978798
23 27 2 13 76988 0.928115347016994
20 20 24 5 48158 1.0811011187754258
8 28 5 21 30457 1.015164913011826
7 6 1 29 90698 1.088758697718937
1 6 23 3 53951 0.9017664053617129
1 15 14 28 60724 0.9403916003776535
3 1 11 25 74033 0.984621874199233
10 27 27 1 81786 1.0859233882655925
16 14 13 7 34834 0.9382503601552081
18 5 5 29 87025 0.9169898524508026
23 14 17 29 58265 0.9981267196806239
26 11 17 10 50301 0.9716573808199609
25 23 17 19 22225 0.9744311327119103
12 17 3 11 39025 0.9583898400457646
24 1 6 18 82487 0.9941311786973679
28 12 0 6 94626 1.076495077036626
6 10 16 7 53672 0.9129292612057587
28 23 17 10 59750 0.9407069832472384
3 6 22 15 67674 0.9360044820599701
20 9 22 27 57971 0.9778930113811226
24 25 3 26 46320 0.9937775591569377
11 6 8 13 30476 0.9072877608591442
3 2 18 5 32397 0.9863516513619257
19 12 4 19 61588 1.0415288851285385
2 11 6 18 32022 1.0580900482643045
7 6 2 14 45777 1.0892285994848137
11 15 3 6 44749 0.9875264704094551
19 16 28 12 39021 1.0781166248126712
16 11 27 14 43478 1.039893655967778
21 12 9 25 56110 1.0360618114894051
5 23 6 3 69721 0.9295363495082662
1 0 14 15 68058 0.9506719930464356
26 16 28 4 33613 1.06178502739544
0 25 16 26 38022 0.9065152503085736
13 25 14 0 84538 1.0755640554414714
14 10 18 26 61108 1.0507923145746312
21 27 20 5 67752 0.9950237860347925
1 17 28 6 85712 1.0070366135204154
11 1 16 25 77172 0.9903708210872586
19 11 11 8 50121 0.9107026819671076
2 13 20 10 65046 0.9533471217013966
16 3 26 1 29957 0.9628440532737264
23 18 11 2 73147 1.0768903606978801
11 20 16 0 66473 0.9837985518301247
1 27 17 6 87992 1.092584433233977
5 20 25 6 71696 1.0663369783174126
2 14 24 18 56690 0.9415229272729827
4 12 25 1 66004 0.951291089383811
26 22 21 3 56852 0.9081678255011297
1 11 12 21 52811 1.0417893839573589
29 26 6 3 98413 1.022050595809581
28 25 0 9 99068 0.9436359353871163
7 8 23 12 74260 1.0609925852426112
8 2 12 20 60435 0.909530104974287
21 16 1 3 69480 1.0495353185798844
28 5 26 15 37473 0.9054889294648713
15 8 28 10 64171 1.0203608293573976
17 18 19 28 50535 1.0888180974222272
6 23 9 11 40632 0.967087105543509
25 2 4 22 82432 1.0492561958490922
10 20 21 9 52854 1.073978177194439
0 6 14 0 53911 0.9976772310265775
7 21 20 4 64108 0.9840035343000672
16 21 28 15 39658 1.0845172399710823
16 16 16 27 41103 0.9326021230165948
19 6 26 18 53888 1.0445219981148752
10 22 20 15 38061 0.940924516561126
13 12 12 22 40345 1.0991419015614685
25 29 11 0 94335 0.9938261157485737
27 3 17 28 80631 1.0102164228254682
8 6 19 27 81344 1.0427290954800315
14 19 23 1 67130 0.9800949817913225
15 9 28 27 79940 1.0593097787532715
20 22 4 0 92594 0.9039810301271725
19 8 10 13 43696 1.037969009656154
4 6 3 28 73600 0.9983187854973279
16 14 2 19 43388 0.9027751630147405
22 25 24 14 25598 1.0831897830214696
12 19 9 8 36582 1.018987189241476
26 5 23 21 40371 1.0282403886784763
27 15 11 13 48638 1.0664893951379342
19 28 8 17 59399 1.0459334205613569
15 25 23 13 46814 1.0305261653303006
10 8 25 0 45054 0.9606384055882318
19 15 11 3 58537 0.960150167475659
1 23 10 29 38223 1.0582303506950324
4 17 19 1 73192 0.9210829742094069
8 22 21 15 45830 1.0951555147286434
3 14 26 18 59654 0.9612574489823328
6 9 2 25 63957 0.9342488041228524
6 18 17 17 38981 1.0522985850097657
18 23 23 29 22182 1.0009982816812057
11 3 6 8 32937 1.0170895035919099
23 7 9 11 57972 0.9908026852695858
21 17 4 15 40829 0.9113688972995247
12 18 27 25 47445 1.0394644772238593
19 29 28 12 70801 0.9397962354639783
16 14 8 24 44671 0.905326981341762
4 9 26 5 60940 1.0402100279980202
24 13 4 17 51837 1.0345152615528892
18 24 10 2 70803 1.0451621215472704
12 27 7 5 69730 1.0847056532473718
0 8 24 13 86774 1.024886607294988
0 11 12 11 42450 0.9586480447033077
8 8 23 25 72800 0.9024913084851282
13 27 28 1 83512 0.9447328438278324
2 4 26 4 39478 1.0317608213551555
21 19 3 12 55852 1.0791194682875187
13 23 24 7 53462 0.9174922145533695
28 3 11 1 51835 1.0013359214842452
1 24 15 9 74132 0.9103815096068308
29 8 2 24 90277 0.981594294683769
0 20 18 14 65577 1.0325063462769437
8 13 3 22 47559 0.9164089522637195
19 20 12 10 53013 0.9975411167155389
17 27 7 3 77180 0.9662140652984189
29 18 13 17 46255 1.0242586943006022
13 3 8 8 32233 0.9471623679470389
27 19 4 28 54860 0.9969118439400743
25 17 15 8 50607 0.9811617698017554
23 6 0 13 78246 0.9582108958633757
26 13 29 23 31542 1.0087816731861072
14 2 25 21 68558 1.0530675801685432
26 26 14 11 60907 0.9151465705812796
22 21 5 12 58487 0.9069050169932563
16 16 5 2 57338 0.9403431479046557
24 5 13 21 61555 0.9212429691680061
17 9 29 24 67478 0.9421622484346642
1 1 21 23 92798 0.9062128540127324
4 18 9 4 52410 1.0561514658380438
4 11 23 9 68839 0.9777566878084114
4 6 10 18 51679 0.9344687190287081
21 3 4 3 33277 1.076425135530877
7 2 2 15 51413 1.0767303507334816
3 11 22 29 83478 0.9429538627333934
11 18 9 27 27657 1.098519573381267
7 3 18 6 31947 0.9002587258569784
22 8 5 7 49260 1.0174524281199133
24 27 12 1 79684 0.9325141725603593
8 18 4 12 34911 0.9286313946059703
20 9 28 5 40695 0.999820278234993
14 20 25 16 32439 0.91291331151869
6 18 24 0 85048 0.9531969420366687
13 19 19 28 47002 1.060466874914408
24 9 6 21 65702 1.030228236978394
10 24 17 11 51992 0.9352071244281868
13 19 0 9 63115 1.095782803860608
23 1 0 29 103736 1.02022374349118
24 29 9 26 39112 1.0814898725770528
28 4 6 24 79389 1.0706781752245853
0 20 11 25 37534 0.9300302432805471
5 27 15 17 44766 1.0445102207883377
5 1 28 25 96362 1.0210172263106712
10 17 1 16 26426 0.9628535166697963
11 27 0 27 16556 1.0506194032164118
14 15 25 8 40634 0.9053766237670197
10 17 0 5 54522 1.0552561982067725
8 7 19 3 35624 1.0779821278411748
7 29 29 15 69889 0.9014855804819618
3 20 16 26 43403 0.9941066236123672
10 13 19 15 31255 0.9773324123762599
8 18 15 0 68600 0.9213293918292057
13 25 4 15 45244 1.0646627294126836
17 28 9 7 68875 1.0844207059207351
3 4 24 10 51259 1.0685865797824343
15 11 25 7 53509 1.0290231689336193
12 13 1 29 73744 0.9444909338411345
15 8 27 18 62731 1.0747694984212477
13 17 22 16 22200 0.9334961629338371
