8216 4978 4868 5433 5757 6891 7926 7935 2638 2229 4190 3265 5342 3777 2534 3636 3887 5280 3540 3316 4432 2592 2766 5670 4441 4969 2198 4847 4710
6009 2756 4121 4724 3573 4665 5193 5253 2670 6184 3095 3090 3190 5336 2660 3316 4892 4949 2740 5295 5019 4349 2573 3955 3759 5651 5695 3060 4010
7068 5940 6226 6237 5710 5434 5313 6472 5805 7033 7778 4267 7068 7708 7045 5683 6040 4901 7303 7992 4164 7633 6461 7000 5571 3588 2541 4163 5643
4364 4715 5242 3434 3372 3517 3182 4683 4670 3667 2349 3491 3708 4145 2167 5014 2580 2554 4583 1889 3849 3836 4688 4407 1967 6098 3388 4396 3840
7939 6663 5456 7948 8160 6393 8729 7142 5328 6129 6943 7244 6845 7698 8207 8415 5986 7660 5800 3695 4569 4359 2317 2330 3517 3589 4121 1194 4407
6462 5495 3404 4049 3980 3366 3693 2733 3029 4195 4612 3592 2749 4016 3539 5599 3951 3857 4002 4593 6195 4427 2773 4705 6420 2863 5068 3019 3960
8247 8192 7977 7216 7506 6457 5606 7794 6544 5799 7659 6251 4952 7965 6455 5586 7914 5134 6279 5121 6910 7388 7091 7679 6022 5251 8244 7389 7112
4326 5063 5652 4168 4976 6133 4915 6600 8402 7820 6872 7570 7477 5625 8105 8068 6774 6999 7869 7494 8669 5897 6057 6310 5382 7995 5036 5564 5041
5721 5631 5869 6184 4111 3706 6166 7369 4902 5127 5323 3977 5646 4470 5099 7509 5499 4705 4782 3699 5847 7205 4747 6073 5023 7358 5463 6233 4910
6235 5890 3103 5958 5501 4119 4639 3263 5366 4934 3928 4801 3516 5032 6538 6868 5469 3799 5805 3118 5359 3750 6898 1649 2235 3303 1633 2364 5369
5416 6202 3898 6216 4890 4008 3108 2680 6365 5216 5785 4190 6381 6284 5493 4847 6170 5658 4491 2761 5656 3727 4315 4562 4005 4836 3457 6349 2765
4953 5010 4160 4733 1832 3015 4468 4477 2321 2317 3723 3272 2952 2620 1326 4472 1721 3092 3611 1460 3960 1736 3201 4686 2276 1491 3450 3421 3960
8512 6534 7386 7064 8229 7772 4842 8406 6134 8072 6168 7572 5261 5391 7575 3529 1182 1300 1965 3943 3200 4353 3122 4536 2255 3683 1894 2876 2604
5297 7362 7851 4371 4324 7281 8015 4545 5455 7112 6802 5838 5799 6349 7064 7758 5380 4607 5466 7134 6653 6775 7721 4935 4644 6985 5534 5807 6637
4927 3375 5480 5383 6375 5752 3643 4247 5276 6069 3364 2997 7923 6214 5214 7374 4386 5008 4453 4997 7428 6083 6301 7141 4072 4461 4864 7314 5541
4898 5466 5824 5106 3588 5258 6775 3780 6373 6760 5589 4014 5144 5680 3898 3796 5314 5996 4403 5879 4644 5227 4853 6736 4583 5217 3991 3222 2974
3049 4440 4207 5235 5734 2902 4243 4120 2449 4964 3376 5762 3826 4353 3513 4527 4413 5771 2168 4579 5698 2839 4492 5997 5261 4453 5441 3737 3702
6025 6715 7733 4826 4767 8062 4607 5238 4734 6211 5126 6955 6199 8924 7761 6101 8168 8265 5645 8334 6915 7287 5642 5785 5593 6291 6587 8921 8134
5043 6113 7181 3080 6333 5205 5858 4669 3178 2944 4891 2889 4722 6093 4725 5643 5680 4440 6512 6378 3521 6488 5332 3724 5736 5054 6334 5665 5165
5536 5479 5787 5382 6284 4597 4043 6426 4126 6542 3781 5165 3616 6411 5587 4477 4857 4773 6787 6332 5083 4850 5571 6156 4902 6112 5250 5869 4460
7761 6986 6532 6990 5996 7098 7230 5285 8416 6284 5606 6433 8491 5071 5031 6843 7172 6848 5194 5199 4377 6406 6047 7154 6003 8031 5038 4492 7837
2565 4481 4819 3725 3380 6882 8182 5962 5897 6288 5153 7975 5361 4831 7104 5501 7893 7123 5946 6361 6189 5140 7128 7013 6916 7886 6423 5741 8034
3792 7480 7259 4487 6789 4987 6905 5088 4502 5581 5965 5385 6055 4291 5934 6687 5749 4592 5092 3837 6707 5118 6611 4215 4314 6915 6122 4192 4141
6707 5487 5979 3950 3560 4705 3413 3659 4543 3659 5011 5413 4613 4326 5205 5359 3225 2350 5869 5577 4358 2935 3084 4364 2432 5817 2334 3095 4344
7754 5495 8579 7397 5780 4890 4846 7298 7068 4880 2783 5681 3836 2955 3162 3378 5998 4487 5467 2764 4035 3380 4485 3344 5619 3528 5078 3933 4360
3099 2680 3906 2264 3427 2109 3909 3488 4383 2046 3793 2547 3685 2588 4363 3767 4990 3892 5442 5007 4773 3707 3293 3053 4645 3671 4064 2876 2335
2969 5030 5015 5003 2955 4169 2397 4341 5789 7124 5111 4001 7030 4645 5826 7241 6468 3968 3673 4872 6300 5646 4084 6576 4282 7180 4915 5875 5389
4400 4804 3854 4144 3588 4769 4688 3135 2525 4526 2805 5226 3891 3106 4772 5913 2419 7733 7343 7825 6973 4607 7127 6918 6965 6911 7047 7647 7218
5493 6746 3389 4485 4323 4921 6612 6731 3155 6467 3389 5976 3015 6494 5874 2630 5013 3803 5068 2890 4236 5504 5411 5897 4310 3969 2872 5767 5280
5206 5567 7792 2638 1285 2246 4373 2505 3888 4424 1147 2304 4386 2871 2050 2691 3645 1904 4772 4051 3795 3146 1205 3523 4860 3726 1335 4380 3759
2973 3235 4174 6836 5894 4188 4583 4830 3636 7645 5550 7934 3317 5892 4633 7127 4817 7055 5950 2328 5093 7446 6225 6208 4993 5933 4704 7086 5096 5774
2798 5356 4967 6843 5308 4071 5191 3720 3114 6559 6894 6264 5752 3428 2568 6246 4040 6084 5319 4731 3649 7509 5552 6109 3668 6749 7330 4944 6292 5732
4513 4478 5006 4428 6900 6894 3809 4567 6024 7309 5053 4470 3584 5902 3046 6883 4552 4086 7768 3704 2604 7369 5725 3542 3794 4679 6762 6439 6112 7281
5591 5167 6266 5454 6201 5003 4676 7139 5428 5536 7617 6293 4661 2831 5076 7034 3898 6706 5903 3344 2225 5161 4769 3220 1765 4838 4613 7193 3482 7110
4043 5500 6506 7536 5260 6718 5047 5302 5639 7738 5428 6051 4827 5050 2975 6358 6274 5837 7740 3864 1871 3916 7947 3099 3798 6092 5188 6350 4550 5981
2874 2601 4552 5655 4781 5621 3785 3758 3488 6243 5488 5467 3677 3887 2416 7298 6424 5296 5231 3189 2499 5756 5573 6547 1774 5179 6874 5577 6140 7993
4702 4914 3155 4332 4488 2958 4088 6430 3506 7985 7604 5199 5255 4609 5389 7139 6456 5191 7113 4716 3151 6592 5635 4062 4191 3747 4254 4641 4950 8620
3020 2888 5427 5638 5424 6120 4598 5068 6893 8031 6583 5743 2965 5098 4895 4889 6152 4612 6609 4625 4930 4820 8057 5358 2628 5993 4575 6035 6312 6229
4038 3332 4650 4871 4473 5551 2636 5481 3643 4657 4552 7041 4010 5758 2839 4691 3576 7266 6360 4352 1538 4185 7317 4293 5028 4000 4953 5979 6279 6940
2378 4435 3753 3718 3749 3221 5727 6835 4851 6815 4973 5879 4238 5620 2098 5663 5805 5255 7837 3662 2800 5585 6082 6050 2090 6498 5967 4510 5524 6555
2761 5544 4985 4939 5419 5565 3023 5091 3905 4796 1878 6157 5410 3341 5653 3259 3950 6215 6650 1919 2688 4369 7557 4284 2538 6686 7418 8191 4959 5355
2692 4512 5890 6482 4862 3611 2915 6671 6330 4753 2788 8183 4136 2570 5296 4283 6013 5428 5812 4867 1978 3868 5979 2897 4042 4573 7127 5055 6005 7380
5534 4114 3360 6209 5207 5442 4048 4019 3936 6830 2253 6816 4863 4677 3672 4955 6432 6530 5878 4224 3124 4610 7546 4287 5140 6285 6247 5406 6168 8726
3768 4981 4236 4013 4531 4717 2900 5951 3324 4506 2580 8041 3686 5735 4720 3753 4558 4568 5931 2952 2166 7168 8262 5235 5139 5906 7399 5035 4494 6571
4765 4139 6422 3065 2584 4190 5323 4484 3277 5652 2176 5307 4537 3338 2098 2905 3392 7369 5654 4873 1444 4134 6937 5216 2373 3942 5950 5938 5039 5271
5308 4277 6775 4872 2659 3483 2923 4851 3574 5285 3601 4722 3158 5102 5303 5795 3935 7386 5126 4590 1528 5668 5763 1959 2969 3535 5573 4406 7375 7410
3758 3279 3403 3409 5219 4160 2443 6710 3548 7027 2689 4536 4243 4733 6301 2176 5534 4708 6372 4757 3108 6885 6406 2830 4422 4495 7357 2475 5930 7546
6017 4960 6871 5221 4672 3272 3549 6962 4598 7620 4079 6960 6355 5691 7298 4347 5543 5597 5762 5199 4188 6382 6957 3605 3422 3909 5927 3739 5784 7405
5619 3034 4511 6491 2147 3004 4312 5677 4895 6089 3594 5590 3326 4258 7281 3644 5536 6916 4515 2734 3530 4502 3201 3416 4902 5630 6142 2631 6071 7676
3531 5413 3918 4783 3007 5628 2436 6253 3694 5368 3874 5650 2717 6738 3975 5255 3148 6617 6634 5406 4613 6330 5090 4106 5311 5766 4916 4080 6556 6238
6041 5193 6203 4498 5906 4738 2352 6130 3494 6858 4394 5418 4340 6813 7390 5520 5579 6146 5126 3341 2026 2961 3805 4456 4586 3078 6758 5006 3611 8047
3685 4368 3066 4610 5682 3401 3568 5267 5583 5329 4226 7044 5456 4511 5272 3273 6129 7079 5849 3339 3685 2274 4826 4033 2563 4107 5462 4465 3528 7238
3774 3341 3684 5728 4695 4475 5553 1563 6375 6906 2903 6587 5387 6520 7070 2165 7012 6891 7638 3102 4666 5494 5551 4141 2878 5211 4521 2980 4191 5908
5359 4098 3632 6655 5561 5841 5187 2407 4656 6478 5089 5581 2955 5271 5919 5537 4388 7506 5081 4906 6199 4516 3944 3352 3095 5570 3973 3601 3516 6528
4603 6303 4448 4635 4822 4406 6383 3533 2889 8114 4793 5024 5156 4086 6019 3295 4988 6902 5317 2179 7716 2652 4643 3437 2886 4720 5302 4478 4840 5988
6510 6498 2880 6212 4260 6424 5082 1626 5983 5039 2592 3346 3484 5935 7659 5114 5407 5770 7598 3122 7959 5503 5326 4642 5095 4889 6727 2332 4351 8269
4694 6901 3475 6103 3470 3672 4743 2365 6219 5638 2999 5968 4840 6447 6790 3032 3519 3405 7932 3021 6784 3411 4432 4111 4414 5859 4804 3518 4443 5455
4042 7387 3087 5603 4754 3247 5185 2686 4540 4564 2726 6772 2226 6814 5580 5528 4593 6059 4405 1799 6242 2927 5743 3089 2428 2947 5529 3961 4664 6632
4486 4657 4165 5881 3206 6451 4357 1447 2678 4903 4951 5370 3945 5173 6270 3898 4182 5676 6144 2493 7189 4997 5691 3874 3600 2914 7397 4798 5598 5626
13 19 13 4 58875 0.9983486480302167
22 14 1 2 122918 1.0420045526357025
29 8 12 23 98628 0.9185960967425758
2 0 2 21 84607 0.9877555498596879
14 26 4 29 61729 1.0268976536748218
18 20 26 2 88643 0.9449167333965101
28 23 8 7 115319 1.0136827350195774
5 6 0 22 73468 1.096238177065749
16 29 20 17 74300 1.0638886349663732
22 24 20 16 49969 0.9003145756246472
17 20 8 22 33426 0.9240735379706574
18 22 2 11 83738 0.9313895616840957
0 14 29 10 116462 0.9288889696621261
13 17 22 7 77282 0.9527288431637564
22 0 9 19 106173 0.9749356989227199
15 8 15 29 94986 1.0078471073676853
29 17 10 24 78646 0.932789165390624
19 15 26 5 60087 1.0698223246084888
9 20 3 27 40782 0.9484096682838503
16 6 15 18 56378 0.9363625789272151
0 12 21 3 111881 1.0596636251397364
20 6 23 23 83574 1.0101741124077854
10 25 23 1 123637 0.9140326943217975
27 28 20 2 121642 0.9226010856504596
5 15 26 14 95998 1.0975487508996247
1 19 16 6 89449 1.0457915303856007
10 7 2 23 76956 0.9343955688753071
8 12 3 26 69479 0.9856841219422
12 21 21 27 58559 1.051027483620918
12 6 13 16 44635 1.0938832560248477
1 2 22 14 122918 0.9875717948732865
6 11 7 27 81802 1.0027287281354271
9 17 15 3 71504 1.0784189530823298
26 25 6 4 133932 1.0762695293423314
26 28 4 12 126054 0.9958254237839684
2 13 11 27 71336 1.013319675558391
11 1 23 28 124925 1.0601674173741529
10 1 10 21 74455 0.9902557862540968
20 1 6 23 129571 0.9977414640847859
0 17 19 9 93401 0.9458680540726022
28 23 20 9 82798 0.9451121290271295
11 22 24 0 116487 1.0404798225246725
22 17 4 22 73316 1.0304726780894664
10 17 26 12 83051 0.9095832989667628
0 17 20 15 89901 0.9872648947734677
10 13 3 17 41733 1.0830495063122003
21 12 21 2 58263 0.9766565915257065
24 24 15 23 34593 0.9853498134881629
11 2 24 12 79450 0.9691612989097016
2 0 20 25 148321 1.012232676835628
29 27 22 23 37296 1.0610507319888316
22 29 27 8 92887 0.9429924179538305
0 3 11 26 115948 0.9129582418857164
11 10 8 23 51773 1.06875935438804
11 10 25 8 54904 0.9585875874018578
10 24 19 16 59186 0.9213851581037488
14 0 2 12 91012 1.091017820434979
24 28 8 6 118802 1.0035147872835384
2 27 28 15 116816 0.9231164325134206
17 27 27 15 79266 1.0975445125384269
2 7 7 0 49367 0.9980562917633509
6 17 25 29 103621 1.0495120769485229
22 0 1 12 124114 0.9196242231874803
2 4 9 29 110594 0.9012521400916399
28 13 10 7 79125 1.0108333122322355
14 2 3 28 118013 1.0382423594493886
11 11 7 27 61922 1.0960550965640043
8 16 16 18 40202 1.0098602018830318
13 8 25 6 52487 1.0979216537993062
8 27 28 11 117203 1.050674143766616
8 20 12 11 39735 0.9112301514964292
2 16 12 19 43781 0.9026780971181164
24 0 1 22 148114 0.9452503370763665
27 12 9 17 93146 1.047753338659972
25 29 23 19 42001 0.924414665330557
25 24 2 1 151157 0.9279511878609322
22 0 8 3 70118 0.9268468173098564
26 9 14 18 80478 0.9319431312422877
21 0 8 10 81521 1.0724618631724856
7 14 1 28 71336 0.9302192361136958
14 20 15 9 51942 1.087886647079462
22 29 9 6 120868 1.0866044776409371
20 9 26 22 78953 1.0863401450420054
24 6 24 27 87775 0.9469250850510313
1 18 18 0 127531 0.9759192431367749
2 16 9 23 48379 1.0475458039995709
13 1 16 9 42588 0.917891745443051
5 25 4 6 78767 1.0920782030677272
1 0 24 22 149414 1.0878834169269413
8 6 3 29 101820 0.9393830346869152
11 1 5 16 77328 0.9512247797237743
17 15 23 29 79347 0.9130538710259402
14 19 2 18 46863 1.069901698770705
12 5 2 1 56706 0.9385168569935981
3 24 13 4 91565 0.9541932164330689
24 29 29 15 64357 1.0415280587562445
10 19 12 2 61921 0.9660094711320436
20 17 29 16 49665 1.0271371562625762
11 14 24 23 65335 0.9621977286808612
25 19 4 21 69460 0.9562546237052599
0 19 18 15 72182 1.0792103395591102
18 15 2 14 63927 1.0129647810495601
11 23 0 2 108993 1.0794850594902088
29 27 7 18 102353 0.9542865778333689
9 2 4 20 82649 0.9839874400288097
4 23 24 12 98214 1.0672646567805928
1 0 23 8 109317 1.0879330957162274
12 17 26 12 71408 0.9325175460120945
25 21 16 6 87832 0.9470121463840171
1 10 3 1 45856 1.000232910284606
25 7 25 23 61764 1.0662395068037056
7 25 3 15 47565 1.0192972920685577
20 15 12 0 88769 1.0661227428583644
28 3 7 4 96064 1.0023798267889295
14 0 22 19 109983 0.9899348729643492
4 4 13 16 75908 1.063345385262168
9 22 25 11 88571 1.0908110129337822
1 7 12 24 91251 1.0609730875770453
22 15 15 4 70777 0.9305824426236986
22 13 4 18 94717 0.9541263704981027
0 26 22 16 107053 1.0793025778399719
26 26 17 12 94366 0.9195512780532863
13 6 20 21 78719 0.9187965414146934
10 11 22 21 65842 1.0553051961164275
25 14 9 12 75317 0.9870945244902317
27 21 10 0 124660 1.0297991474570916
21 20 20 6 78244 0.9312940351125573
22 7 0 12 102670 1.0502264443834004
29 10 10 13 75595 1.0123684171186664
18 14 13 27 69024 0.999249646182919
13 10 7 1 52074 0.9518411112263881
14 20 2 16 45128 1.0607488069348385
5 28 19 5 119963 1.0834153166516751
9 2 29 5 87260 1.061816079708628
2 15 27 9 112114 0.981172225781451
24 14 3 25 97485 1.067342030904677
21 16 6 23 84736 1.0516669103149505
13 24 22 6 97099 1.016119278695213
25 10 0 27 135879 0.9050185043579134
19 2 28 27 115612 1.0755867811895305
28 20 21 1 85020 0.9238460511651787
0 4 22 22 133574 1.097685832930991
2 22 15 28 67639 0.9950629427542603
9 4 12 12 38109 0.9811277076869354
15 8 8 15 49011 1.0321236907625206
4 23 29 5 129777 1.0534696351858959
12 16 6 29 62767 1.0812008459074889
18 26 28 11 94480 0.990833872664844
17 15 15 1 65151 1.0311495034231362
19 14 6 7 74935 0.9471026659066846
10 23 7 2 86430 1.0550917073595667
7 15 25 1 107235 1.0245020364243882
16 1 22 6 40878 0.9703481115148141
18 26 27 6 107715 0.9447916393641911
10 9 28 25 107473 1.0344485294443422
10 2 23 5 64648 1.0712873240015666
29 27 5 10 134046 1.0734095965915151
20 7 22 26 99280 0.9232425857763676
11 3 24 23 101065 1.0558478679818042
27 3 26 14 48950 1.077639311144597
10 15 11 0 54438 1.0600577335079706
16 2 29 25 116137 0.9369713341851392
21 13 28 2 65069 1.0042561987343064
26 11 16 10 42001 0.9108803163538187
22 13 0 0 125178 0.954373727469991
0 13 9 16 50959 0.9543741346913027
9 26 19 16 66814 1.0254606878195645
17 18 28 28 81134 1.0691208614001155
22 25 3 9 112093 1.0673080213275667
23 2 8 20 105097 0.9352758172783235
15 28 9 3 102808 1.0176271080559496
11 7 19 23 70352 0.9404123352162765
21 14 10 0 88568 0.9287471188245712
17 20 10 10 43343 1.0862646723779403
20 13 8 26 84807 0.9335498526476094
5 1 3 10 46124 0.9120501949174202
6 23 4 3 87575 1.0114219454837683
22 20 9 12 62037 0.9196684275698543
5 18 12 3 82448 1.049901564898994
16 18 14 6 57695 1.0827609161991314
24 12 17 6 49925 1.0541224629133068
5 23 16 11 76024 1.0955080805799984
18 8 22 24 86546 0.9862162140783503
29 3 21 18 75639 0.9943426367828602
17 1 23 23 117896 1.0404924951071042
17 2 23 7 45023 0.9341985442535551
13 18 3 25 50548 0.9370371164729803
4 18 29 17 91497 0.955948074711641
20 17 11 20 42920 1.0367999760872744
3 26 16 11 87905 0.9530304404810699
29 19 17 5 78348 1.0024036109116492
6 18 1 1 88118 1.0090485394917807
2 28 22 18 92074 0.9377511679503866
21 24 4 16 85433 0.9099786678151406
28 22 4 28 108502 1.023567924647592
25 9 8 5 74140 1.063406583526349
2 26 26 12 119962 0.9114096517293544
9 14 15 1 68641 1.0391663085012768
10 4 21 19 85412 1.0464023716840813
22 10 13 5 53924 0.9837857105920172
5 7 28 8 90393 0.9657118909472848
27 27 20 1 119126 1.0024970474545898
1 10 7 14 36181 1.0774686279820191
29 23 2 1 163188 0.9659630453757729
6 0 21 6 73803 1.0339724197935785
1 11 17 23 83818 0.9304414744882061
2 8 1 22 59899 0.9378500547367126
29 18 3 26 103503 0.9653276236493491
16 6 0 26 113816 0.9478734358649217
22 18 7 23 69201 0.9452069203313799
11 11 21 26 84356 0.9729588933201161
6 18 11 28 50566 0.9299253514825421
5 23 16 7 84181 1.0697717852280189
10 0 13 7 38240 0.9719979868898168
27 16 20 12 44079 1.0744581089231784
27 26 14 19 73591 0.9980630972818341
24 5 13 0 65354 0.936243910927645
0 17 17 2 114857 1.0508860162212788
2 6 17 13 78933 0.9361229441379213
10 27 6 8 83910 0.9215726492871059
21 16 2 19 79087 1.0489838364491015
28 2 21 13 65069 0.972494230139426
27 6 3 6 93436 0.9557724206115525
17 23 29 7 90165 1.0266638365993161
20 2 20 25 119291 0.9434018188134323
24 15 15 25 73606 0.9962313184264052
3 5 13 7 48873 1.028798653364251
5 25 16 7 91432 0.963547494022404
15 15 2 12 59701 1.064556513959415
24 10 3 29 125290 1.0068721149482407
9 3 28 27 138143 1.0069267127670187
29 20 3 22 89287 1.0986847681103062
10 28 23 24 63344 1.019866377425501
27 9 13 20 82782 1.0399907308535585
21 10 12 0 72006 1.0754976344100118
2 2 22 23 136670 0.9819723431063123
20 23 28 17 48829 1.0456821900692994
1 0 26 26 173179 1.0223043363293702
0 28 9 0 131366 0.9169842695521969
20 25 28 2 103665 0.9887765177237554
20 7 23 25 88942 1.034792592694938
20 20 14 24 39536 0.9524905466335675
0 2 17 16 116246 0.9509864080087469
13 18 19 5 72577 0.9131101888652303
5 4 15 14 70864 0.9009991774637002
29 29 16 3 125130 0.9463579382641885
8 12 9 27 60171 1.002616389959653
24 15 13 4 79409 0.9081184661939306
12 29 3 19 53233 1.0514869056917595
27 10 15 7 55999 1.0644297607338118
15 19 20 25 46165 0.9697271915038327
8 1 0 27 123969 0.9161440533099174
18 29 21 2 139286 1.0290551427899555
7 19 21 12 75713 1.0016016102518812
7 13 5 26 65436 1.0567278516336278
1 29 27 23 114135 0.9537037900526871
28 3 8 5 89988 1.010358691069873
11 10 21 9 38316 1.080477277591708
11 8 18 13 37306 0.924533039763762
21 25 4 2 136663 1.0844374210208987
5 29 7 10 89813 1.0852227329420936
17 9 5 20 68153 0.9054872496693528
22 22 23 11 54781 0.9010038867575397
24 16 22 2 60902 1.0275899242378876
15 28 22 12 97923 1.057676597282994
12 14 22 22 57925 1.0773863624559368
29 9 2 3 114025 1.0861445165961727
3 22 11 27 38680 1.0063682892477455
3 10 26 7 102294 1.0463504362617704
25 10 29 26 63344 0.9686366633516654
2 29 22 13 123143 1.0980999468053472
6 2 29 3 104415 1.0496728757004603
10 2 1 8 62781 1.0392495077164514
17 28 6 22 69407 0.9731221155807123
4 4 14 2 52721 1.0957957173486133
10 7 8 24 62711 1.0599896859808122
28 9 26 27 72911 1.0880541112437963
27 29 16 16 93157 0.9565579582236036
9 20 27 29 91954 1.0468979869432797
5 17 12 23 41852 1.0873776633744798
15 22 17 2 90944 1.0311773392631334
7 14 24 21 75965 1.0153884150698627
17 29 4 15 104762 0.9975293974088353
19 9 13 13 37424 0.9047502989108142
20 11 18 22 64779 0.9468208991130751
26 12 8 28 108936 0.9433363957398443
2 28 22 25 89933 0.9372745132008747
16 16 19 27 59874 1.0032772688977538
20 9 7 27 99563 0.9219840642140483
25 29 27 4 97025 0.9659670628966651
19 7 0 13 93973 1.037850030561122
10 7 21 7 47514 1.0018535665525083
29 2 4 24 143822 0.9852783073342274
25 17 17 7 69785 0.9963646163397469
10 22 25 18 62912 0.9720150798917924
19 18 6 3 102078 1.061775023689801
13 13 23 6 61612 0.9865614870076931
25 6 20 11 38839 0.9635881715938687
22 27 0 0 169454 1.067588461389841
17 8 10 1 52446 0.9731009952802605
7 24 0 1 105774 1.049337783847417
18 4 19 28 123377 1.0476809361931259
24 23 11 29 68784 1.0748937773510763
12 7 25 9 60975 0.9308971607960521
24 3 12 28 126748 1.09878018738036
7 10 22 29 118796 0.981191568219737
19 23 7 10 79223 0.9496593033033788
17 26 23 19 54759 1.056917649514961
10 16 27 20 73216 0.9073085856802832
21 19 11 9 64500 1.0354108812674552
3 21 29 9 111594 0.9374624056643016
5 25 0 1 105620 0.9694734436914618
10 21 29 5 107384 1.042931730648963
21 3 18 17 73929 1.0305132667883647
22 29 20 8 105648 0.9501537992663752
6 20 10 13 36750 0.9075804256815536
16 12 13 4 42002 0.9848134977358645
23 12 11 16 63574 1.089544635637494
14 5 4 14 68030 0.9390654463553813
26 13 10 22 85733 1.0245312197395033
22 12 8 12 60475 0.9765493049245213
26 15 26 4 43154 1.0522064101077917
27 28 4 23 102155 0.9408776450957788
4 28 7 1 109596 1.009850398707702
20 8 6 28 108413 1.0391263393294463
25 5 18 28 109694 1.0299019820327806
11 24 5 8 72756 1.0498704888138204
6 9 17 17 78030 1.0592589396686167
8 16 2 22 46771 0.9184307434572981
18 15 13 4 60217 0.957927777773064
8 25 13 5 78346 0.9099417881492885
6 19 24 21 64996 0.994013551619348
8 16 22 10 67634 1.0201542799478274
13 28 25 16 89258 0.918992851995937
1 19 3 27 38557 0.9236704282924746
25 9 2 14 98039 1.0026149673590372
23 14 17 9 48235 0.9831247498760497
10 23 17 10 57517 1.0757790399698122
21 17 16 27 71076 0.9934317031431372
23 21 6 5 104009 0.9735713935007522
2 16 28 1 143989 0.9984999257807203
3 24 13 6 83612 0.9170947171400498
25 11 13 11 53814 0.9052665626837063
2 0 11 10 71206 1.0656072608031328
1 15 13 23 61297 1.0101626430448596
11 18 12 5 43387 1.014318920972889
8 17 16 26 59192 1.0255684350769159
0 4 23 3 110102 0.993356062568557
10 28 15 13 63802 0.9009337560241937
10 7 28 15 90133 0.9845009005092108
15 25 4 29 60152 0.9486424857524862
0 12 25 24 113961 0.945456083406543
12 10 4 8 39351 0.9910502947733703
0 10 1 26 67954 0.9636597660204095
23 22 7 16 72716 1.0564918418575342
7 0 22 27 141960 0.9927226400107552
28 6 13 20 95393 0.983831309813297
8 28 23 24 68189 1.0867584181619159
5 4 25 14 103384 1.0618791039214812
8 0 17 6 53432 1.0661991240542636
29 25 16 4 106995 1.0738873989923192
14 2 0 11 90221 0.9518632032776475
4 7 20 26 121336 1.0923261098929127
13 12 6 23 63197 0.9412585984149549
7 2 8 15 68924 0.9483945736904453
2 3 24 4 103683 0.9607149792481405
16 5 8 1 48990 1.0226790735099898
18 24 13 8 76449 0.9928694164129028
10 10 24 14 60796 0.9169519086784378
6 19 14 17 38504 1.0615420189993237
2 4 24 27 149154 0.9696413911185561
16 26 1 10 99794 1.0947860845402917
4 8 3 23 58618 1.025741966148731
16 25 14 2 103453 1.0148442839750915
14 7 0 21 88204 1.0355551699051433
5 25 24 25 80418 1.0207647133760418
14 14 23 29 89237 1.0756898781541055
26 19 4 17 84431 0.9786884608229922
26 20 11 5 98123 1.008204292486597
25 24 10 15 73498 1.0185910155140483
15 15 0 23 68348 0.9395689211250122
2 23 24 17 90673 0.9570332110258909
6 27 1 10 77851 1.0456609460664001
28 23 26 3 73680 1.0551024570828353
26 8 14 15 73257 0.9608042394184086
5 2 11 14 62531 1.0599481982529237
8 19 26 2 111762 0.9012143971371885
1 19 3 10 37864 0.9160247220164505
17 10 19 26 84081 1.0950114930731625
17 4 26 5 43659 0.922463324209667
21 17 26 24 49015 1.0617384298375967
14 10 21 24 83965 0.972705167765736
3 20 19 5 92463 1.006834971113116
2 19 14 13 58579 1.049890466591437
0 27 16 16 85762 1.0614171077921368
23 25 1 26 90863 0.9377088957448514
23 18 5 4 113194 1.0452420190419955
22 2 19 10 47797 1.098884915287065
15 8 19 26 92379 0.9787680213143467
15 13 24 23 73785 0.9927814398149511
15 13 28 6 73692 0.9844336105224972
10 28 26 17 85357 1.0750583877060764
11 29 23 5 113726 0.9208771414752933
0 3 8 25 110110 0.9117038701197199
21 19 22 29 48479 0.9532916672455937
28 14 12 7 87047 1.039024290626394
27 23 1 14 108078 1.0235057079416723
1 27 18 26 79801 1.0714632526739494
11 12 1 17 53395 1.0376640762255263
26 20 12 27 74473 0.9388968829229565
23 14 5 4 100622 1.008539025903076
12 29 4 25 42918 0.9913452851122727
27 25 17 26 54791 0.9867394061562713
12 6 23 16 81606 1.034472124357412
3 8 11 20 62519 0.9184144154355293
29 0 19 22 110410 1.006951647416357
28 8 14 18 90575 1.0897425530638656
29 3 3 6 103423 0.9406745686321717
12 27 22 26 49303 1.0739129997270487
15 15 17 1 68091 1.07517323124649
6 28 11 16 55171 1.0136807216111146
12 16 5 4 64216 1.0532445055443327
8 28 15 7 87559 1.062177880155568
12 3 26 20 111170 1.0806134035034078
12 11 16 2 50632 0.9229819167257994
8 12 29 9 86321 0.9039441407348595
26 0 22 23 95005 0.9606575976691292
14 14 12 0 66233 1.0706703019046886
1 27 29 24 110796 1.034525197659704
17 3 28 12 67664 1.0271983210265843
4 12 22 3 99177 0.9378879543517499
29 7 11 29 120617 0.9456963960902982
7 26 5 3 100956 1.051905326550665
20 8 17 26 97295 1.0647632122732964
10 16 7 0 71482 0.9466269452166309
6 14 26 25 101816 1.0815034634171619
6 2 8 25 100850 1.0720755985764263
19 29 13 20 58410 0.995888204921246
26 20 8 27 84769 1.044372677796546
26 2 2 16 130681 0.9719432829132496
0 16 27 4 131477 0.9881581146770527
25 14 3 1 125339 0.9277418319049444
23 0 6 3 83862 0.9712979781658305
28 12 1 26 133598 1.0575504586942694
19 12 28 29 102035 1.034425147237498
6 24 2 5 79297 1.028446171337311
14 9 11 26 59289 0.9663963739463781
29 3 22 25 88038 0.968061439084669
20 21 28 15 47922 0.9092380238570898
0 6 4 20 64490 0.9707402209939078
29 17 26 26 44300 1.0112651365759
7 16 1 3 80154 0.9653972364062299
10 16 27 9 81155 0.9300711308340948
12 24 29 5 112288 0.9936962363546163
20 9 15 0 60842 0.9693765195636852
10 19 2 25 41536 1.0627540303968224
5 25 16 11 83275 0.9456762365868723
14 19 27 15 65643 1.0078653215423696
0 22 18 1 128252 1.0591321143813697
15 23 26 14 76522 1.0423989403583283
23 24 16 29 43398 0.9789925858250299
19 11 1 11 80942 1.0825575608623819
12 14 23 8 65222 0.9484266999541611
17 4 5 10 67416 1.0513194948089715
26 17 3 17 86905 0.9761692069385993
20 29 4 11 124840 1.032164988341346
10 1 11 23 75023 1.0458701250272278
11 2 1 15 79505 0.9624536005755336
11 1 19 8 56395 1.014940005948107
11 21 18 0 96725 0.9240611447518681
26 6 15 3 52170 1.0736902155055124
21 15 9 26 75996 1.0720294573899638
8 19 19 0 105223 0.991309171728068
11 16 20 28 71639 1.0634596273586672
3 24 16 8 83877 1.058577548690322
16 5 23 23 97159 0.9141505595146396
11 0 22 0 50718 0.9338995555100881
1 10 16 12 70944 1.088998893423155
1 24 18 3 119283 0.9800169615724936
12 10 27 4 68374 0.9920037217687581
9 11 6 26 73111 0.9587590693615272
26 2 1 9 121450 1.0253555483787689
25 12 24 28 67072 0.9890363700604811
20 28 8 7 112010 1.0681359594976478
8 25 26 22 76263 0.9943632983531345
8 6 18 20 68347 0.9067555783941578
27 14 16 9 61224 0.9277316070095373
9 22 28 14 89695 1.0448632896015049
15 29 8 23 43995 0.9640700192292558
26 6 10 26 113585 0.9957630560518699
18 15 25 26 69159 1.0931062318433822
24 7 24 27 82929 0.9227071212551906
18 24 0 28 77194 1.070288725907713
6 26 4 0 111562 0.9002780635738108
16 6 24 4 37243 1.017545674572326
25 10 21 25 69648 0.9610109754745286
17 11 21 5 41386 1.0125368207537204
17 17 5 12 64129 1.0638913933429763
3 12 20 23 85568 1.0900358111920267
23 13 28 26 70438 0.9358206259093048
21 3 23 13 49997 0.9583337189792329
18 11 24 29 94209 1.079246176088076
17 2 15 29 121256 0.957608227915646
9 14 18 8 46606 0.9441899357671542
15 22 25 19 46573 0.9721776108349278
23 29 28 9 86836 0.9230254681625946
14 7 19 12 36385 1.03021935540533
19 29 13 21 63584 0.9724234306443884
2 28 19 12 107313 0.9006098548111995
11 22 9 6 54003 0.957843297767504
6 9 20 14 76663 0.9700717613463369
17 28 3 22 73789 0.9112860757827014
27 27 4 15 119601 1.0474806887869512
1 3 22 18 132297 0.9412716302162439
15 1 28 22 119271 1.051880948859703
21 25 17 3 116555 1.0998671552501884
9 5 19 20 70743 0.9444572301750412
24 29 0 13 126864 0.9055406202093653
20 23 12 17 42456 0.969439146621141
11 20 9 1 69062 0.995578601311704
26 12 15 0 83384 1.047429846466616
15 21 18 14 38878 1.0909741923630234
21 2 28 11 50737 1.086181014128477
28 15 8 3 109882 1.0575375785978463
7 12 3 29 76427 0.9132987242853133
10 8 10 25 56918 1.0210105581650821
14 7 3 4 53975 1.0313446124078516
16 24 26 16 68337 0.9207492547503763
12 23 2 25 38041 1.0106459156536078
24 17 13 29 88460 0.9307592751474151
17 7 4 19 81018 1.0908876770791893
16 26 7 27 53078 1.0433601410849056
10 10 1 8 53007 1.005913980309483
29 17 7 10 99387 1.0629141995664133
19 29 23 9 101258 1.072716346739214
15 29 19 8 101784 0.9864841909805818
15 2 16 13 49643 0.957114330560505
18 29 19 4 127854 1.0619109696034945
16 6 2 24 96034 0.9319295953482494
1 0 14 14 100259 0.9887417449255845
18 8 9 7 40606 1.0469375550409952
18 3 25 6 37752 1.0474355889599023
18 17 19 2 76146 0.9337322878376332
20 18 27 0 93273 0.9844161438163371
18 3 13 18 78820 0.9178257832201488
29 8 14 7 55586 1.017835369367399
24 22 6 14 83717 1.0822942492855163
9 4 3 21 80778 0.966906338341806
20 16 1 23 86109 1.0132384644425714
17 7 1 16 85095 0.902169590768292
14 12 23 15 45767 1.087721580544983
26 11 18 22 69388 0.9107740263204421
26 26 23 6 89213 0.9716786017031451
23 2 2 6 96146 0.9601863158571257
21 20 18 5 81734 0.9369004286563647
15 19 12 3 67846 0.9090249659202985
24 9 3 11 93592 0.939476307022993
26 2 12 19 101192 0.9969815315164858
28 11 13 19 86523 1.0448818841397673
1 21 13 10 66264 1.0210934250386412
25 3 15 8 53686 0.9587037389223954
23 28 4 11 119723 1.0444769085759602
9 9 13 28 73240 0.9713602339652535
28 22 25 2 75449 0.9546416940937648
24 0 3 6 105451 1.0711134186442246
9 7 1 22 82229 0.9628428490225748
16 18 20 3 79962 0.9350401360517853
28 0 27 17 68338 0.9535370858460195
25 9 27 1 34645 1.0172003373736256
12 24 7 2 89579 1.0746896492389564
9 20 22 27 69848 1.0611532362797924
2 6 20 26 128453 1.0276659934857721
18 10 29 15 54899 0.9703175607235889
14 18 28 21 61605 1.0861724399929835
13 12 0 4 83663 1.0755736966307312
28 18 13 25 79241 0.9198803558491189
26 14 22 0 65319 1.074386779360696
22 4 0 3 107812 0.9488798241630021
17 23 23 10 80705 0.9397798598800271
16 27 24 0 130222 1.0591435418567294
7 2 2 9 51828 1.05888545522102
0 21 29 18 98101 1.0118865910446442
18 20 29 3 85442 0.9662328596275902
3 29 7 15 70741 1.0159557206898788
8 25 20 7 92857 1.0051535748265932
23 20 15 6 86803 0.9001097833567993
7 0 1 14 74138 0.978807010025254
17 24 6 28 55789 0.9866209574061895
20 23 18 10 73556 0.9240245222771176
3 7 1 28 83059 1.0789335061501344
21 13 4 19 86090 0.9961311242413775
0 29 8 8 109395 1.0007340386509114
25 0 1 19 138214 0.9779763315040165
19 4 3 17 101491 0.9990991583048765
15 11 26 0 77739 0.9448607221976559
15 5 25 8 42941 1.0466326750063766
12 21 25 14 66419 0.9681239374617167
16 16 12 27 48236 1.001930962670476
2 16 4 29 48786 1.0581919322161402
12 3 5 8 46345 1.0612737682232463
23 18 8 26 72900 1.0340874417728656
29 21 15 9 92774 1.0752704969992497
15 4 23 9 45303 1.0444457817012067
15 7 29 0 79393 0.9894481602536034
3 22 9 29 41739 0.9745762004814122
17 29 5 2 137487 0.9605967740410919
21 18 10 6 82460 1.0593176988753616
17 14 2 26 86063 0.9291199491531859
16 27 26 13 90218 0.9452531872995968
25 25 2 11 116853 1.0859306438419878
14 4 18 17 67009 1.0358914527289595
4 10 23 26 118283 1.0048880757164287
11 18 3 8 63683 0.9647070235685589
23 25 0 12 111175 0.9978726054068804
11 19 29 7 91458 0.9452712174029825
8 21 17 29 68754 1.0430377339596992
2 17 11 4 76185 0.9952151407002799
11 2 12 23 67366 0.907914758717362
20 17 27 27 64464 1.0505128107534132
24 23 1 18 84551 1.083172069444737
25 28 9 14 94572 1.0375176433249327
25 0 25 22 79865 1.0835126123686085
13 4 19 12 50738 0.9657220766447613
1 23 16 4 105955 0.9490560430464532
20 28 25 20 45701 0.9390449749842238
4 14 13 10 43873 1.0756560110404576
29 24 16 9 95363 1.0444051014766726
3 22 28 22 94314 0.9013638476715398
19 4 24 24 98816 1.0487734574713812
21 21 6 8 88570 1.092221107564897
26 8 24 28 85824 0.9934720962291473
6 11 25 17 100564 1.0435309067921947
5 29 8 21 47948 0.9791156688000853
7 1 26 3 87307 0.9224104885737365
8 12 12 4 42882 0.9114490728977476
11 10 17 22 53300 1.053180254227864
7 2 9 29 106364 1.078472843764905
19 2 5 18 111794 1.0354919490275525
26 1 16 10 66672 0.9611232469993284
27 11 28 2 36108 1.0030875904569598
27 25 10 1 137245 0.9612318425465791
19 18 5 1 112191 1.0096979228219063
11 27 4 6 89261 0.9497603934360332
28 13 14 21 79021 0.930522634480393
24 2 23 15 55745 1.0524991461833788
7 9 27 26 128452 1.0609550663732743
26 27 17 26 39899 0.963978059850758
10 7 14 25 69699 1.0463109371177062
12 25 8 14 44857 1.0339194094035868
28 12 14 10 57266 1.0752875277073486
20 24 25 9 70422 1.0791576966148901
4 25 29 28 107894 1.0077076349986651
12 22 21 27 54206 1.0146224058939102
13 10 3 15 51116 0.9705997636876847
21 1 0 6 103651 0.9845420465623982
25 0 5 10 108884 1.0341364490519127
17 14 5 24 72844 0.9976098297647568
21 0 11 21 102327 1.0407793182021337
16 28 5 8 107199 1.0637158828063424
17 22 25 0 108103 0.9154156321505148
2 22 23 0 140938 0.9801104411852342
23 15 22 2 61720 1.0170818999660625
27 3 22 16 63295 0.9617359873869162
15 23 28 15 71742 1.023094681136758
8 0 14 21 89276 1.0279090535164956
2 3 15 20 93847 1.004245410941129
17 0 27 16 98285 0.9737575205187118
13 21 16 5 69981 1.071175938358841
27 20 23 14 42834 0.9325665661784577
18 15 11 24 51411 0.9258148999525887
21 9 9 15 61131 0.9599803344426413
11 25 16 13 54923 1.0149756714663467
15 24 28 28 64992 1.02765141058288
14 13 13 1 62864 0.9237779620635954
8 18 15 4 77118 1.0011785048086137
18 2 14 14 67256 0.9192245465380324
4 5 0 23 78020 1.0594609099446985
6 4 5 15 44285 1.0816473870333352
10 15 9 28 45361 0.9953616823457162
16 8 14 22 66090 1.0067369778981672
8 6 9 20 56431 1.0724378295935433
15 25 29 11 93716 0.951592976053469
12 0 18 14 78739 1.0763615246555045
13 2 24 16 93355 1.0815723496900713
17 26 6 27 64052 1.0989585695382476
8 3 3 9 48584 1.0770152834150968
19 19 14 26 49038 0.9522055447686807
11 4 2 17 76185 0.991148707991513
24 18 29 2 70466 1.0730795820863503
18 14 11 7 47876 0.9792051370850687
6 22 16 21 45163 1.052717616428058
5 19 18 24 55627 1.0119167704836238
24 15 10 11 69743 1.016298840060701
25 19 17 14 55541 0.9694363315482236
1 5 15 16 91787 0.9763738014029972
5 12 13 16 45625 1.0659327560737661
25 28 4 20 90748 1.0681360895631387
22 25 4 20 73721 1.0714038468524725
4 9 23 18 107583 0.9201717038738414
19 23 21 10 75558 1.0831272969028036
17 1 28 9 67741 0.9728165804395527
17 11 12 6 36917 1.0067462850196476
25 2 28 28 95945 0.936427000325355
4 14 12 9 45902 1.09632740406802
15 6 5 25 95270 1.0709771504820342
19 25 13 18 49379 1.0326143811115216
21 23 4 21 65728 1.0701853208665077
20 25 7 6 104407 1.035711266773055
6 4 15 27 109213 1.0074069452716743
28 27 2 27 112506 1.0389813177650107
12 24 1 6 95714 1.0934373881861645
3 9 15 26 96177 1.0477058627947042
25 28 18 3 118945 1.0714348989849771
17 16 26 15 44251 0.9896957537249432
25 3 29 14 41358 1.0835450957921855
13 5 29 26 117377 0.91981892947342
23 11 16 0 69267 0.9331264134066278
27 10 13 26 108776 0.9256684269244418
8 28 16 22 49214 1.0293573363239463
2 26 16 8 94111 0.90185032703069
19 25 4 13 90697 1.0648754776572202
23 22 2 4 127522 0.9417579554378129
4 7 20 12 72948 0.9069498963110861
0 22 16 24 63690 1.092451831881441
10 0 7 26 101573 0.9263644621577792
27 21 14 17 63686 1.0868698183662502
6 12 11 23 51906 0.9819024895166146
11 23 19 25 39557 1.046057062202204
12 6 23 29 113434 0.9206254270879385
23 12 3 29 122071 1.0699210844439426
4 2 19 21 110146 0.9742396026174074
8 22 8 4 78838 1.011243476861393
14 16 26 0 100410 0.980970292122426
23 6 13 9 48206 0.9387139279720887
25 15 11 29 89015 1.0019073591886933
2 12 17 24 83810 0.9960854980612655
27 10 11 14 67197 0.9755925496381771
4 18 26 1 137291 1.0088422308113711
6 6 16 27 103918 0.9839336569505298
13 13 10 4 40423 0.9669311817738979
21 22 28 9 71934 0.988448807225958
5 28 25 26 97663 1.0911800071934015
15 7 3 25 90318 1.0492353683830196
29 6 13 27 123280 0.9344494330539055
4 2 14 23 106035 1.0590928723236748
4 16 13 22 53769 0.9407855903158888
5 7 2 17 46783 0.9251369432208337
1 23 25 3 136399 1.065021673588201
13 14 22 26 82347 1.0288383003278074
18 23 21 7 91481 1.0701594682796707
17 23 7 18 48215 0.9679925512639964
25 24 10 4 107361 1.0319054975382935
8 28 19 5 104786 0.944587633687731
7 24 21 20 53572 1.0766018414495302
26 6 7 4 79112 1.0062482090367582
4 1 22 4 88065 0.9298971290923834
8 2 29 6 89664 1.01896631791554
17 5 20 16 59471 1.0630770822683102
11 24 26 21 66668 0.9004026288601416
0 28 7 10 96522 0.9617018605082035
8 8 20 12 51026 1.0695505066338866
24 12 2 13 97246 0.9367433713987614
9 21 26 9 95220 1.009057066860887
5 0 29 8 105282 1.040304755232719
28 18 13 0 114641 0.9542122892263839
2 14 15 7 72239 1.0997853091910335
18 15 1 13 71831 1.0664762724492478
27 19 19 12 58337 1.032069079769262
29 18 14 21 60687 0.9167459560358563
9 29 12 16 43483 0.9124431185120678
14 0 7 24 103227 0.9388109357616748
3 14 27 0 131627 1.099668219111405
25 13 12 29 94287 0.9818505595814112
9 11 1 9 51901 0.9709312560378565
14 0 5 1 36032 1.087634701859522
16 10 20 28 93803 0.9861872753947524
23 3 13 29 131423 1.0138422324221816
27 16 21 24 45310 0.9031479094834517
4 27 8 16 55938 1.0352884186534093
24 19 7 17 68059 1.0736475318835725
11 9 13 21 40222 1.0928351513272578
5 21 13 23 39882 0.9138344153702367
3 17 4 2 60889 0.911128703400355
25 0 29 10 40335 1.0862593890534276
23 12 3 8 91163 0.9603855056218891
2 12 14 18 65908 0.9887740683833929
1 22 20 22 72822 1.092828231278691
25 2 13 18 102225 1.0854063783428305
21 26 13 14 81150 1.0071751540760057
2 26 27 4 144462 0.9292799558579098
23 20 11 18 41127 1.0458151375326599
11 15 4 10 45013 0.9689091852385179
26 7 4 22 114825 1.0564443298071355
9 20 5 1 86572 1.0362032789031694
13 12 28 12 61866 1.0248900226872706
14 9 19 27 94990 0.9675124073749313
23 11 9 26 96166 0.9735862932645115
20 20 29 17 36846 1.059420902117045
8 20 23 28 71501 1.0560373831638008
5 19 20 26 76459 1.0754126258620602
8 24 17 16 55944 0.930763783268152
28 7 14 24 104917 0.9250319639386213
2 13 15 16 62107 0.9305629072520694
0 18 29 13 111676 1.0644556797615827
23 9 1 8 93945 1.064929401962111
10 20 29 18 63309 0.9717633597768938
15 13 2 9 71008 0.9390603856045057
25 0 26 22 85191 0.9555800071444635
24 17 9 26 76938 0.9513657099367602
25 0 24 13 45422 0.954841374034232
14 7 6 15 62009 0.9283841317645759
2 26 28 22 108080 0.9076454560449986
1 0 29 0 120904 1.039165773908913
27 1 7 13 113083 1.0863272503249608
19 19 8 11 65282 0.9106666470692303
7 1 19 22 105559 0.9448460469626803
0 6 5 27 95427 1.036474930451679
14 7 29 26 113974 1.0036052882950766
6 6 3 14 40414 0.9365622460062745
8 16 6 5 62914 1.0438497824934299
8 1 9 25 92840 1.0246668513290453
10 21 17 25 41550 0.9921390178482887
17 17 4 23 58188 0.9608663036231186
18 26 2 16 82078 0.9460171642826127
29 27 13 19 80918 0.9396024324019229
16 26 14 16 50556 1.0613106816162587
5 26 26 21 94200 1.0234756061206598
17 14 2 7 86822 1.0029359451445885
8 9 26 2 90685 1.0730869266435807
23 13 27 20 46742 1.0918105318668674
8 18 13 3 74374 1.0422765397289742
11 1 16 26 99430 0.9280627923280735
13 20 22 6 81053 0.9392334367948308
27 28 22 6 99402 0.9255397704529925
23 27 0 24 94302 1.0875096899814665
25 27 13 13 93812 1.0358252609784544
29 11 0 14 117609 1.0933614657228936
16 29 0 20 84908 0.9676371194116351
21 13 28 10 38412 1.0440301597689134
3 10 22 17 99093 0.9518240034966374
8 15 0 20 52216 1.023264345331509
24 14 12 26 79872 1.0993327970082554
29 13 6 22 103007 1.0503191337549174
23 14 0 9 113084 0.9007622895586453
3 8 19 9 71190 1.0425738537245866
20 9 10 20 64855 1.078967143841422
27 15 12 13 68055 0.9880774886606907
7 21 15 8 67447 0.970219380685655
6 29 13 23 50686 0.9150304810334168
8 28 9 12 64804 0.9209788019794792
25 13 23 26 56573 0.9205907131766703
29 5 9 8 79582 1.0928864733859838
24 11 1 23 113069 1.0490004644385316
21 12 7 9 62802 1.0871398303152944
14 25 18 6 92225 0.9871736640818582
26 17 0 11 117388 1.0204728141187929
8 10 28 14 85799 1.056983246219771
7 16 25 26 93698 1.045066245394445
10 26 12 16 35136 0.9624687435935345
15 3 29 27 118499 1.0573261884041574
4 22 11 28 37332 1.0810655592689242
20 18 4 23 66794 0.9019653280204668
9 21 27 20 70229 1.0477167882472287
8 6 29 19 106660 1.0948816937682284
15 26 8 14 64600 0.9107261895952765
2 4 27 16 136606 1.051368486991692
21 22 28 6 81483 1.078518714329494
14 6 0 16 83761 1.0862758057490838
11 21 5 1 86757 0.9580999638359302
23 14 9 24 78548 1.0513165393548252
29 18 18 3 78811 0.9089429426179848
21 12 12 3 67974 1.0734431127307829
20 11 8 6 55885 1.084692321975728
28 19 8 19 64081 1.085142491681163
17 17 8 20 34492 1.0104592013226585
25 9 29 27 66725 1.0868544321609204
21 0 14 7 52833 0.9108286738446535
21 21 13 19 33698 0.9334113729264896
4 2 17 13 86706 0.9391039776552628
27 14 10 26 97454 1.0849633185120156
4 29 18 0 142645 1.050096738112713
28 25 28 2 79065 1.0875019300709645
1 29 11 19 61066 1.0858919197679868
23 26 29 7 78553 0.9845331148942232
22 22 4 5 113775 1.0417782430686136
12 0 2 23 105711 1.0014209561308527
5 24 19 6 99559 1.0664937014034794
14 18 6 22 45943 1.0495327022183294
12 3 28 0 81703 0.9487418098747997
15 29 4 2 130432 1.0255961905078188
11 15 5 26 55471 0.9418463371375203
16 0 22 6 43927 0.9724544036699694
1 1 5 19 82295 0.9822321226465776
26 11 12 19 77082 0.9266533067705037
0 5 14 22 108665 0.9571259672547626
5 13 9 2 57186 1.018918836078235
26 2 25 24 83312 1.0804904717442259
2 19 26 26 98353 0.9040067285747069
13 27 3 22 48743 1.039820082401433
11 16 17 8 42724 0.9398859194446993
8 15 27 19 79394 0.962893539286464
13 9 26 27 110997 0.9164426527252516
29 15 18 14 50986 1.0209142999299254
17 24 20 8 85411 0.9030078264351757
2 9 20 25 114156 0.9086553941272797
18 6 6 29 115814 1.0374138067647793
2 11 4 27 61518 1.0945506295983627
17 7 2 22 92958 0.92576556858815
19 23 25 28 40925 1.0784458578559735
22 24 16 20 39690 0.9783643441376588
15 20 26 2 97467 1.036316965282408
27 14 28 23 42983 1.0068724605194892
5 4 17 19 90059 1.0426248332757433
1 8 11 18 71131 0.9607964148493524
20 8 16 21 69465 1.0293999507787528
11 12 7 24 47121 1.0175468336666773
4 11 2 29 75785 0.9647913489172173
10 9 26 23 93075 0.987225514334676
3 13 20 3 99936 1.0916872590651865
17 28 24 23 47633 0.989315717826735
20 27 23 18 49221 1.0540075118282433
19 7 9 10 43485 1.0492811038337935
8 11 21 21 71651 0.9392122710222996
13 19 7 27 47541 1.047376989903585
12 28 1 19 59064 1.0085743692728955
22 12 8 3 80476 1.0299944498361187
12 12 27 17 78260 1.0678519615771085
15 18 10 9 48744 0.9847079032822086
9 19 0 20 30678 0.9015634906118191
3 23 2 6 64864 0.9899252762474
5 18 7 26 43996 1.079493541854438
15 4 25 25 112503 0.9608101053663273
15 23 8 4 82064 0.9720519612789026
20 20 15 5 79888 0.9557085547903399
23 22 13 6 92012 0.9759343286732861
12 22 24 24 52453 0.9682641818359439
9 27 1 13 70127 0.9909280371249346
17 18 3 25 60143 1.0344786313674177
0 9 13 2 79566 1.0392553243414762
10 6 25 18 92216 1.0899052558274496
3 13 10 3 66037 0.9812206367647223
2 3 0 23 84251 1.0601176469489402
2 20 8 11 52040 1.0135238077706628
9 0 28 20 126788 1.0040722498040202
2 23 20 18 73556 0.9881908994974687
12 22 19 25 39782 0.9947447261341149
4 6 14 26 103149 1.0283915460248325
24 0 5 6 95728 1.0293305543691347
23 15 29 20 38147 1.0409006840422583
12 1 9 18 72200 0.9922644855046998
15 17 24 11 61327 0.9868238116979181
28 6 14 23 108229 0.9476984895475857
10 14 10 24 37456 0.9750242401316931
13 11 0 29 101471 0.9689295079450996
10 14 14 2 59029 0.9091352669749496
28 7 18 20 76347 1.0747874133468223
24 22 10 28 73492 0.923681069609227
26 18 24 5 55812 0.915653357043546
4 14 29 22 108656 1.0943705992578245
18 6 3 29 116210 1.0432333478492188
26 11 22 22 56473 1.0246360370676926
29 23 6 26 96445 1.0114802607927622
7 24 13 7 73565 0.9551461334710862
22 1 0 24 147442 0.9981623064692967
29 3 16 8 57069 0.9818439842552908
11 22 21 14 64120 0.970511635228853
9 16 4 27 56982 0.9366984034069654
20 9 10 7 45141 0.9894062222591494
4 1 23 21 128579 0.9791944658273566
21 18 2 22 75124 1.0510478990945575
0 12 14 26 92634 0.9242313069058384
18 21 22 2 101048 1.0079111784209889
8 8 1 17 60572 0.9766508307150285
20 14 3 27 97304 0.9363289914259344
6 29 2 14 66557 1.0515670122233205
15 0 27 7 67634 1.0164269011574714
3 8 15 3 67715 0.9053408525758186
8 1 28 6 95028 1.0319586447125029
21 6 7 8 57399 1.006054117146843
5 23 11 11 55527 0.9754699189765326
17 26 29 7 105590 0.9787183386915719
9 25 27 20 79828 1.0261287301026323
14 5 11 28 81668 1.0778135179704418
15 22 29 26 65219 1.0692994613709366
22 25 9 9 94146 0.982560558433785
26 20 7 8 105455 1.0324771248196738
6 29 7 10 97806 1.0398239383544272
2 28 27 14 124441 0.968154036583788
1 22 8 2 98970 1.027107739188403
0 6 11 9 56154 0.9547711266963079
3 25 14 10 72654 0.9183913160408058
26 14 28 29 70702 0.9828779405969376
17 21 28 20 48613 1.0048525667328025
26 13 15 24 85052 1.0663716225359279
9 23 1 21 39172 1.0883222035722824
17 6 3 23 93808 0.9812800727343799
8 12 22 28 103209 0.9224967412040261
3 13 14 26 79322 1.0443169829880627
3 4 23 26 136319 1.0843233180445644
18 22 26 6 83775 1.0266553558543599
