7086 7124 7676 6385 6294 7385 6417 6286 6275 4385 4546 4803 4816 4500 4809 4477 4301 3445 3213 4649 4348 4345 4047 4382 4842 3446 3878 3652 3853
6887 6896 6736 6944 6072 5736 5449 2291 3822 2201 2507 2866 2438 3752 2688 3572 2376 2175 2812 2982 3090 2519 3908 2849 2191 3593 2218 3537 3905
4872 4296 4949 3881 4888 4275 4198 4503 3563 3912 3282 3581 3332 3806 4606 4593 3899 4065 4265 3663 3989 4088 4651 4243 4014 4435 3034 3506 4203
3995 3007 3760 4208 4119 3863 4035 3769 3325 3233 2713 3478 4335 4043 3928 3811 3415 3621 3675 3139 3277 2842 2988 2846 2784 3276 2775 2665 3544
3709 4422 3905 4879 4318 4805 4213 3606 3856 6025 7202 5928 7176 7303 6485 6453 6940 5996 6298 7344 5693 6500 7335 7307 7228 6492 7024 7168 6178
6385 5815 5689 7003 6773 6987 5983 5766 5514 6979 6215 6548 5559 6239 4507 5437 4563 4854 4265 5204 4003 5329 3832 5015 4180 4697 4222 4354 4984
3706 3069 4016 2933 3895 3950 2975 2709 4174 2874 3548 3055 3195 4386 3543 3317 4130 3019 4072 3815 3784 4306 3287 4118 6347 5979 6564 6112 6161
3495 3294 3373 2946 3616 3061 4237 3125 4551 3904 4047 3265 4573 3204 5798 6039 5308 5727 4662 5980 5363 5408 5827 6326 6251 5963 5272 5984 6210
3910 5024 5416 4898 4668 3823 4628 5265 4576 5044 8216 7564 7231 6722 7828 8207 7466 7430 7113 6689 7258 7047 7718 6581 7670 7767 6828 8081 7143
7606 6572 7591 6905 7873 5814 5324 5588 5587 4772 5627 5447 5558 5560 4173 4632 5053 5162 5514 5362 5329 4541 5475 4871 4413 5068 5106 4445 4751
7454 8602 8493 7666 7855 7177 7803 8401 8700 6157 6753 6304 6522 7471 7423 6608 7444 6579 7378 6729 5971 6603 7517 6270 6097 6255 6126 7053 7303
1352 1718 2016 1916 2316 2413 1204 1237 1592 1557 2622 4722 3763 3938 4007 4517 4836 4631 4682 3345 4182 3327 3292 4617 3607 4586 4085 3138 4180
3988 4389 3865 4154 3782 3436 4747 3427 5164 4397 3471 3327 4014 3673 3628 4385 3350 3153 3933 3556 4385 4202 3807 3553 4519 4485 3388 3753 3935
5527 5950 4594 5139 5658 5962 4701 5634 4946 6247 5367 5668 6104 5247 5026 5841 5869 5901 5415 5958 5661 5600 4906 5551 4544 5761 6170 5209 8151
1956 2755 3247 2240 2405 2358 3121 3275 3204 3872 3617 3883 3515 3847 3156 2587 3507 3512 3246 3917 3244 3502 2943 3495 3920 2400 3715 2896 4099
6850 6702 7134 5903 7013 6772 6057 5802 6828 6198 5727 5830 5922 7119 5658 6891 6142 6816 5704 7120 6728 6934 7297 6338 6830 6816 7334 5642 6635
6752 6494 5240 6213 5746 5548 6354 6005 5853 6547 6006 6804 6388 6056 6517 6508 6306 6098 6741 6057 6519 6359 5308 5781 6411 6632 5208 6485 5374
4356 5257 5144 4246 5618 4297 4925 4366 5160 4891 5251 5815 4764 5578 4550 4879 4916 4652 4916 4606 5350 4463 6768 7833 7761 7471 6677 7752 7104
8428 8405 7264 8145 7355 7280 7516 8486 8716 7630 8542 7148 7996 7007 7664 8110 7070 7968 8577 8204 7746 6988 8715 6515 4986 6053 5553 5170 6558
6085 5968 6002 5482 6483 5557 5318 6631 5946 5353 5293 5422 5580 5860 5532 5191 5239 5358 5119 5569 6311 5565 4648 4815 4773 5583 5071 5826 4644
5111 5634 3841 3689 2672 3454 2713 4100 2894 2432 2487 2659 2665 3498 2804 4059 3109 2448 3934 2936 2790 3299 2478 3116 2996 2777 3976 2402 2648
7461 8578 8028 8581 6981 7995 7038 8672 8708 8628 8285 7626 7745 8427 8051 8625 7089 7065 7834 8222 8513 8055 7854 7840 8130 8202 8187 8065 8533
1658 2238 1593 1340 2349 2129 2114 1996 1103 2422 2261 2570 2725 2073 2043 2299 2613 2439 1245 2011 1035 1606 3076 2877 2766 2660 2187 2658 3026
7722 7195 7200 6411 7447 7889 6321 6635 6780 6741 7995 7999 6789 7110 8003 7423 4135 4541 4242 4020 4668 4105 3372 4692 4384 3737 4539 4174 4966
4495 4318 5237 4852 5038 4401 4753 4994 4998 3736 4130 4636 4807 4081 4176 3857 4951 5305 3702 4053 4765 3660 5272 4817 4391 3648 4002 4640 2912
6855 6949 8111 7775 8469 7971 7576 7102 7200 7128 6868 7184 8120 8238 7732 7718 7337 6898 6309 6311 6164 6898 6819 7107 6059 7395 6213 6052 6112
3612 4119 5906 6280 6211 6177 5508 5522 6876 6119 5521 6767 6155 5479 6491 5319 5397 6323 6658 5609 5435 6640 6099 6974 6972 6336 5636 5297 5919
5231 4748 4369 5088 4797 4952 5338 4758 5916 5686 5115 4520 4708 4994 5122 5215 5072 4537 4029 3847 4827 4014 4389 5155 4468 3612 4469 4284 5021
6423 6674 6228 4810 5931 6020 6439 5286 5278 4876 6440 4765 5237 6285 6302 6021 4761 5877 5715 5131 5843 5825 4726 5909 5270 5667 6007 4919 6010
5058 5585 4969 5190 4579 5334 5622 5996 5508 6059 6174 4688 5233 4897 4947 4882 6165 5694 5572 5359 4960 4854 4612 5707 4869 4803 4987 1375 2736
7676 1833 3039 7738 5989 6011 5448 6380 5226 1945 6744 3194 4750 4542 7684 5612 1394 7922 5051 7188 1942 6664 7066 6290 4419 6841 6184 7331 6910 2749
8739 2313 2741 8390 6253 7158 6324 5753 4969 2533 6043 1697 5534 5117 7792 5887 2526 7940 4251 6023 2412 6607 6819 6501 4659 7354 6355 7225 6682 2194
8044 2389 2717 6943 6253 7263 5436 5798 4042 3003 6262 2541 4916 4623 6372 5128 1295 8416 5681 7883 2326 6409 7661 6630 3338 7314 5420 4613 6262 2161
7823 2346 2353 7228 5206 6439 6524 7329 5232 1708 5711 1835 5083 3875 7340 5915 2491 5718 4734 7671 2915 7191 6692 5769 3332 7409 5565 4773 6313 2848
6934 3382 2882 7745 5983 6783 6457 5691 4838 3341 6584 1735 4838 3661 7124 5900 2330 5815 5456 8269 2583 7294 7205 6304 3899 8443 5751 4781 6024 3376
8580 2454 2981 8374 5526 7006 5283 7099 4758 3317 6167 2870 4219 4746 6503 6320 2830 6144 4097 7688 2577 5888 6833 6199 4655 6717 6792 4131 5526 2334
7240 3350 2361 2820 6564 6116 5566 7226 3705 2935 5317 1879 4453 3711 7081 5368 1815 6385 4080 6734 3187 6339 7012 7242 3494 6699 5745 4676 5796 2309
7609 3550 2817 2282 6275 7031 5876 5756 4001 2851 6616 1504 5321 5128 7868 5546 2592 6195 5209 7850 2779 7358 7449 5829 2758 7495 6957 4739 2442 2703
7365 2318 2981 1804 5841 6946 5604 7247 4143 3008 6502 1899 5716 4577 6375 6032 1970 5777 5999 8225 1822 7343 7466 7378 2113 8046 6002 5480 3501 2081
7902 3425 2398 2623 5832 7258 6012 5916 3862 2986 5976 2609 5556 3928 7375 2795 2002 5197 5117 8291 2137 7113 6317 6857 1830 7170 6149 5097 3259 3365
6849 3409 3021 1746 6087 5976 5267 6599 4631 2793 5201 2762 5672 4995 7739 3898 2763 6436 4889 8035 2444 6268 6929 6845 2963 7830 5324 5054 3350 2580
7312 2302 2919 2159 6666 6624 6502 5947 4733 5668 6566 1806 5217 4921 7883 3493 2184 5120 6272 7329 2326 7031 3011 6593 2187 8383 6892 5586 3567 3545
8258 3049 3093 1830 5684 7482 5590 6162 4180 6150 6204 1512 4286 4973 7224 4422 2939 6065 5012 7918 3521 6196 2976 1787 1961 7577 6045 5060 3488 4866
7611 2521 2356 3118 5544 6999 5490 7375 2952 4981 6241 1412 5798 5042 6954 4159 1651 5362 5266 8382 2897 5826 1813 2714 3200 8250 6248 5479 3698 3903
7133 2971 2138 1764 6119 6084 5139 6552 2927 4802 5891 1606 5725 4333 6902 2979 1598 5082 5023 7370 3388 5730 2740 3083 2476 7497 5772 5311 2844 4929
7683 2361 1541 2248 5990 5541 6002 6099 2923 6124 5355 2185 5941 5123 7594 3431 1987 5722 5941 6767 3481 7435 2436 2802 1897 7668 5785 4845 3954 4974
7327 3339 1725 1630 7487 6266 6535 6484 3778 6137 6938 2139 5594 5274 7013 3569 2881 6689 5723 7713 2280 6609 2243 2474 2672 6868 6484 4419 3432 3799
8601 2124 2721 3025 7245 6098 6556 5740 2922 6040 6444 1428 4333 3836 6488 2977 1619 5332 5542 6808 4270 7406 2702 3105 3415 7627 5970 4927 3613 5117
7559 2166 1640 2150 8313 6044 6233 6225 3674 5744 6758 2025 5713 4983 7379 3586 2153 5152 5941 7624 5444 6202 2048 3100 3320 7997 5688 5368 4032 4735
6951 3131 2178 2563 8600 6655 5852 5163 3457 5678 8299 2058 5359 3813 7579 3335 2231 5496 5810 7095 4146 6982 3151 2855 2929 8131 6288 4793 2710 4153
7428 2852 1642 3024 7872 5477 5927 4626 3708 4898 7639 2802 5098 4834 7140 4148 1663 5297 4884 6952 5573 6854 2767 2628 2697 6984 5803 5523 2995 4859
8470 2465 1385 2054 8012 6572 5598 4032 3180 5883 8569 1223 4327 4932 7100 4167 1304 6522 5756 8184 4503 7202 1793 2682 2094 7540 5360 4316 2904 4596
8019 2196 2495 1538 7260 6330 5386 5203 3111 5027 7621 1951 4577 4540 4751 3659 2559 6614 5474 7254 5185 6572 2434 2457 2631 7533 4153 5406 4005 4215
7036 1986 1764 2963 7850 5497 1732 5583 4371 4502 7416 2925 4277 3785 3773 3059 1701 5343 6207 7888 4770 6588 2190 2567 3063 6788 4288 5575 3331 3691
7565 2455 2785 2754 8295 5112 1813 4920 4279 6100 8694 2343 5131 4950 3643 3023 1641 5954 5415 6959 4793 7832 2104 2345 3007 7541 4654 4632 2748 3829
7160 3213 3471 1757 7376 6491 2142 4585 3903 5155 8634 1464 4539 2198 3584 3140 2495 6169 4617 7114 4309 8104 3210 2275 3049 8823 3871 5478 3657 4994
8368 3183 2571 1978 7976 4993 1708 5034 3029 5280 7072 1343 5487 1224 4366 3302 2861 6226 5401 7162 5536 7336 2209 2649 2926 8843 4159 4553 3127 4732
7601 2053 3904 1651 8449 5157 1612 4374 4093 5038 8576 1420 4651 1974 4228 3842 2688 5636 5528 6696 5560 8040 3306 2258 3279 8143 3887 4519 2834 4794
8355 2301 3796 2109 7078 6246 2640 5527 3055 5147 8089 2670 4402 1280 4236 3854 2834 6016 4569 8116 5644 7530 2105 1847 2137 7974 4713 5305 3273 4855
18 24 1 24 50849 1.0620193054437654
28 5 5 13 72154 1.0794690562814349
13 6 16 27 87124 0.9388438381653972
18 8 5 28 108761 1.0883253182864905
5 1 8 17 65966 0.9211010190970136
27 9 25 0 51860 1.0951233784298515
18 5 14 14 51252 0.9189802330458489
19 0 29 24 81918 0.963804516332779
16 21 25 29 51236 1.0440110687479063
1 12 23 7 57378 0.936623284102782
22 12 10 17 41557 1.089651203360338
8 24 26 15 64634 1.0156371835876354
0 27 26 6 115547 0.927612104759006
29 27 9 6 102186 0.900803327921248
7 0 18 17 70347 0.9510595266324215
25 9 4 1 74074 0.9087990244786937
11 11 25 19 57083 1.0063351905524642
19 15 5 1 65701 1.0477098314310123
26 19 18 25 48696 1.0851634966457235
7 15 12 6 40328 0.9938179495228905
16 11 15 0 42974 1.0509010935481091
8 27 4 10 85553 1.0562456037696772
16 29 12 11 72381 1.0123549679872408
9 2 10 17 53446 0.9945015686864772
7 0 24 21 84613 1.042855719492331
3 19 6 28 43361 1.014891413321514
29 28 25 4 92602 1.0409346938877189
19 8 0 13 58618 1.010746097877733
15 14 24 19 44605 1.095001342432003
9 2 5 21 72057 0.9119424209789544
14 24 5 3 83590 1.051468052709215
18 20 25 24 34765 0.9405316393378962
6 11 15 2 38002 0.91168740903458
2 28 3 18 35721 1.0841625334834755
6 18 26 19 67275 1.0057603860269504
20 0 0 11 72191 0.9202760977617848
10 11 22 8 28744 1.0119438601036064
21 6 10 27 88549 0.9979890076976226
9 14 12 22 38333 1.0838196276707177
29 6 16 12 45408 1.0941239898325088
14 18 7 29 57418 1.0371797481147311
23 13 6 7 53989 1.0992275490876038
17 6 4 7 61069 1.0117384801010305
28 0 21 29 87559 0.9540188172100298
17 1 6 19 74504 0.9552172592106638
16 2 27 2 24377 0.949245689532816
15 14 6 13 39780 0.9299885721673633
6 23 18 27 51676 0.9381871588312488
16 28 21 4 80955 1.00228434852074
18 27 10 21 50885 1.0801305326284845
4 13 21 18 60479 0.9694646314065618
1 1 29 2 73627 0.980117833284209
18 8 23 13 28804 1.0059366881557292
7 29 19 15 79866 1.0359639394176863
23 0 20 15 44873 0.931441651948871
21 14 23 0 43690 0.9875850455017489
24 27 11 17 61683 0.9664036719409946
2 17 1 29 41920 1.0726514896757031
15 19 12 26 37255 1.0236665655696844
22 13 1 6 63092 0.9106451664459734
20 3 7 28 104483 0.9247675662741063
22 9 9 0 52120 1.0641681986967586
29 13 19 15 35717 0.9701570094061109
23 10 24 27 56229 0.9284072734988877
11 2 28 14 64582 1.058511929349361
12 14 20 25 52138 1.0745469797942424
23 4 15 8 39490 1.0697106589268643
16 0 13 10 44802 0.9679749638346355
23 4 28 26 76784 1.096659919757417
17 6 25 28 80149 0.9000384398074973
20 18 14 11 32683 0.9272077272183241
22 12 28 8 30610 0.9240129741072275
26 5 17 20 66916 0.9868861563107626
17 8 9 12 35869 1.09401721249829
26 29 13 22 56860 0.996902908299664
13 10 5 16 39664 0.9825841922542504
9 23 26 4 96393 1.0525645492223796
28 18 13 21 61685 1.012302152288015
4 11 27 18 68030 1.0263792567157506
10 3 2 1 26055 1.0085843950511824
21 18 15 13 36833 1.0017489476989114
17 22 7 21 37273 0.9020137375717927
7 5 13 1 24102 0.9682863505410101
5 20 11 3 60619 1.0154237274344793
6 20 22 20 50199 1.058410903494607
3 16 19 27 76648 0.9830972691073323
27 24 11 2 80252 1.0729884484219203
8 28 27 22 70737 1.0010891638321888
11 26 28 23 54469 1.0682609616373948
10 22 23 9 66978 0.9377315518373706
5 25 13 28 43317 0.9148314901207137
12 0 22 8 38804 1.0693597657088234
9 2 8 28 100387 1.0557254898176789
22 10 14 15 31994 0.9143902576049187
7 4 26 17 71957 0.9860816151417376
2 11 27 29 100602 0.9394316711730956
27 3 16 4 31649 0.9243647479132054
6 14 20 24 61315 1.0268143627265158
22 11 11 29 75319 0.9906606493058498
17 16 0 19 48207 0.9739490956202429
14 17 2 3 70153 0.9233828767945849
17 6 9 12 45160 1.0686478968758244
13 14 15 1 48801 0.962556733250203
2 15 22 2 72462 1.0153202447133378
27 12 16 6 52263 0.9451724932079008
14 7 6 2 31420 0.9445441972970889
5 17 24 14 53038 1.0784647761693829
1 11 16 18 59038 1.0060024509693983
29 25 12 2 90435 0.9733579187016466
11 22 18 29 47570 1.024029214449532
23 28 4 0 104744 1.0189026410940654
9 8 21 2 41518 0.9643047700658764
11 10 5 27 79056 0.9009029109783037
28 2 21 28 76084 1.0228826690786321
26 25 13 28 56851 1.0429759134509362
6 8 9 29 90771 0.9566181755466288
2 9 17 4 53615 1.0304400704981838
15 10 21 27 60128 1.0797475275693886
17 26 7 3 94673 1.02817181853848
11 19 26 4 79075 1.0902116999542493
29 15 11 4 65489 1.0803348059847493
15 6 18 13 42573 0.9152171887908028
9 24 6 4 80517 0.990963966108214
25 16 2 0 85337 0.9910676437486435
28 27 9 26 74866 1.0399610284658976
23 20 13 4 67159 0.9583145754783986
6 21 12 27 39448 0.9617813338361182
25 2 24 19 54279 0.9908496984114327
21 12 18 21 41163 0.9939237376872685
0 27 14 5 98868 1.000755270363225
2 20 6 13 35073 0.9615812475937726
17 20 22 28 38370 1.0505545261577445
6 27 6 0 104766 0.9983877467326341
27 20 18 5 75256 1.0682389660290839
12 5 14 26 72653 1.0525631150571535
19 17 8 11 44465 1.0714779593565473
10 10 27 21 66839 1.0726405172277305
4 13 29 23 83428 1.0221444441480598
4 22 28 24 80668 0.9657830360843558
1 3 1 15 46766 0.9819288829010813
7 15 6 0 56568 1.0641433723181428
9 25 4 1 99726 0.9091771850978937
23 1 2 15 76896 0.9630696273982746
15 27 4 28 47799 0.9119020008768204
24 8 27 21 52088 1.045931343014769
4 16 11 7 40317 1.0554031739096248
0 15 22 21 60038 1.0796147062254453
3 3 11 6 32810 0.9883357410414687
2 7 24 22 81587 0.9548867605377023
22 29 9 22 57284 1.0193086023767102
6 12 22 29 75813 1.0452231179995388
14 17 12 4 44832 1.0494341493442736
20 0 10 19 85627 0.9882239595037592
10 26 10 15 54844 1.0494853287558783
23 8 4 20 74155 1.0831310519210318
1 5 14 15 62468 0.9634464673376653
1 7 13 9 46406 1.0587007999706257
22 15 16 6 47128 1.0333261859135876
25 8 17 19 52711 0.9040517862288444
3 5 19 1 56432 1.041717843115391
13 25 29 0 98711 0.9521412513186877
22 6 6 25 85124 1.0250282641707897
12 29 23 12 75036 1.0811084019535395
24 5 7 21 84014 1.020682814989355
23 23 11 14 47216 0.9387441759350006
23 2 12 9 44165 1.0166147254618507
28 3 5 10 68289 1.0898601909897605
16 5 13 15 49632 1.01382343539768
7 0 27 22 88476 0.9296429206832219
25 13 21 27 48521 1.0683443305382032
19 0 3 21 98436 1.004706544319604
5 16 24 16 40442 1.012829150756328
23 14 1 12 56512 0.9715253397449272
16 4 11 14 44612 1.042632221521628
19 23 7 7 76241 0.97418523524552
26 23 0 9 83559 0.9864586541918746
5 13 16 28 81003 0.9194910927762239
20 28 3 0 109242 1.0622627451525772
9 9 14 24 59042 1.0997854652519798
20 1 16 8 39795 1.0917508027225593
19 12 11 20 51762 0.9319275044795853
27 2 20 10 36821 0.9730183808271708
25 11 22 2 24526 1.067403727096593
29 19 19 14 50103 0.9551344130674118
16 9 8 19 67332 0.9505666859603628
10 22 25 2 81619 0.9255008265187863
27 8 5 4 73920 0.9273557393395245
12 26 25 3 85509 0.9829370654696684
23 4 25 19 58521 1.0668839746426393
18 28 20 0 81497 0.936297157906149
9 14 27 27 79802 1.004375795486339
11 6 15 0 27340 0.9758178922011236
22 9 8 10 40365 0.9046441664130543
8 20 22 18 47489 1.099927264260851
16 8 16 18 49520 0.9491701581412978
26 15 13 3 59582 0.9442071988254972
14 15 27 13 41135 1.0766684763751324
29 1 11 10 57184 1.0403847173519036
22 22 7 15 48525 1.0876947814118594
27 16 0 21 72716 0.9423631019611308
4 3 8 17 68126 1.0221039320236835
0 25 23 10 98159 0.922064497472777
18 14 24 3 45367 1.0042511575900153
6 20 2 0 82090 0.9073666669135905
29 18 20 27 58206 0.9684857363890942
18 11 28 11 19554 0.9005409760914205
25 15 9 19 53844 1.0373104332112029
14 13 19 23 45868 1.0820240739178106
20 24 3 2 90271 0.9138271574700406
3 7 2 17 37829 0.9876307085994779
29 18 10 22 72912 0.9132010561100364
22 24 0 10 77879 1.0216009844268663
20 1 15 9 42229 0.9331623694791588
23 5 3 13 63457 1.095530791401776
4 3 14 13 50942 1.087595723429859
14 27 2 20 54552 0.9807086231395084
10 9 20 21 54045 1.083347547087323
29 0 2 26 131986 1.065203872183443
17 0 2 10 62406 0.929184205652498
9 14 26 14 55300 0.9919257938018502
13 27 6 15 64034 1.0437294374258186
3 22 22 24 59726 0.9235615838425197
14 29 13 6 83963 0.9079192448397629
1 2 27 23 100944 1.009614428688354
14 8 28 5 51092 0.9551309780601904
23 19 16 3 55421 0.9275218819125209
27 10 8 12 50171 1.0061385051400278
17 16 14 2 50793 0.9013120548206556
23 23 24 1 51919 0.9290279254366467
19 28 6 11 78341 0.9913631207494096
17 10 28 13 36015 1.0793143191350405
21 8 10 12 36758 1.0166969774362349
20 29 2 15 82611 1.0671713976442172
1 17 15 29 76857 0.9300862510946931
14 7 24 14 45326 1.0628215929775462
9 16 22 27 51490 1.0093722130864657
26 4 29 13 53391 1.0022845462192804
4 29 1 10 62751 1.0647074151558766
29 27 10 0 109487 1.027383347725256
18 10 13 17 40408 0.9011881059303696
26 9 10 14 60681 1.0991580702244745
0 13 21 4 73759 0.9820640423122541
29 19 18 5 80724 0.939833186962987
16 11 9 20 46268 0.9420182491785454
1 20 17 14 55628 0.9115929211250964
5 27 19 3 109215 0.9780912664885913
12 17 23 24 42909 0.9906609719186511
15 10 2 16 49158 0.9181994553117625
29 21 8 12 80101 0.9744364704841926
8 8 0 2 43433 0.9396689348963234
13 11 28 8 44918 1.0671653129310972
10 5 12 22 60013 0.9644691166974237
0 19 15 22 49822 1.0830725299156372
29 8 7 11 60065 0.921297583657071
23 14 0 8 66574 1.0189172164511773
28 5 5 16 78201 0.9607134109592731
13 1 23 27 79184 1.0986521567526863
16 8 6 1 43614 0.9024100944075548
11 24 7 4 78827 0.999220702922955
20 27 12 0 87152 0.9284063189339962
9 25 18 10 76206 0.9104301494051437
2 7 25 26 101303 1.008682603014697
28 23 28 8 68326 1.0156442386529407
21 15 24 8 26846 0.981604553739248
13 9 9 25 72776 1.0662520187403912
2 18 15 8 63409 0.9760050122978688
12 13 6 9 26222 1.0162999715362668
21 4 29 27 84885 1.017638379498102
3 7 10 10 33397 0.926517420978401
18 3 27 19 62110 0.9944976896147775
27 5 21 27 68170 0.9003920854881411
7 4 15 25 84648 0.9390864818261031
29 4 3 16 88367 0.935611359010071
6 14 23 12 48632 1.0448112986492368
29 6 6 0 68135 0.9083039996565978
27 22 12 26 52028 1.0470764948368367
21 4 28 27 82637 0.9022658137404144
16 0 21 20 66365 0.9991717933964327
7 13 2 23 51512 0.9422546707729694
22 7 13 11 24660 0.9361845209488422
17 9 5 19 64462 0.9536847164052149
29 27 2 27 96966 1.0078378402634003
14 20 9 7 55423 0.9391129138760371
27 21 27 3 65524 0.959867728607106
24 27 2 29 76883 1.0432789529476003
15 12 26 17 45193 0.936388397069883
18 21 9 20 34490 1.067618827896679
7 9 23 0 59555 1.098825565547479
22 1 28 10 37431 1.0503806728574732
4 8 26 3 70342 0.9679444182523547
13 24 15 11 49160 1.028617163455884
19 26 7 19 61045 0.9507700586716783
18 13 8 25 73997 1.0125000499807593
23 0 25 13 47792 0.9279254635259547
15 6 5 21 76723 1.0094939402263778
27 22 9 7 74525 1.0555092560291415
11 17 1 22 43404 0.9435784132263633
6 19 11 26 39795 0.937388165382976
1 22 11 3 67458 0.9444863701079722
19 11 3 10 33919 0.9829824559426519
12 25 16 5 84504 0.9156979204918003
1 28 10 5 87498 0.9225441954859155
5 0 20 2 45797 0.9587733431580758
16 13 7 27 80308 1.003821088523208
10 8 4 26 83630 0.9700980647473046
28 16 22 9 30338 1.0053898391891003
20 5 10 23 82581 0.9630432898025703
29 4 4 23 117093 0.9467326081649606
26 28 28 13 66000 1.0614142183866864
4 27 13 7 94328 0.9254289503650613
22 26 16 6 71755 1.0082721123353502
27 10 10 23 75617 1.034874798283451
24 7 20 18 38496 0.9642928660246466
26 25 21 9 57900 1.005110367127506
15 12 26 28 72314 0.9813784671795885
14 25 14 2 75613 0.9377647895486809
8 17 11 2 52021 1.0067129267911712
24 22 12 2 65009 0.959378471132257
27 6 16 8 37610 0.9082583251756892
9 12 27 9 51841 1.0238927270033455
13 22 20 0 74325 0.9954899421682823
12 21 6 2 68256 1.0335493969575593
23 17 4 1 76551 1.0506168897437982
1 23 27 6 99073 1.0190331175596858
14 27 3 1 99388 1.057452087942161
18 20 3 18 49421 1.0892397976452097
12 28 0 29 36180 0.9866632793143446
18 22 19 3 55773 1.0858703741240432
13 22 13 1 68401 0.9328839087223038
26 19 28 4 71649 0.929585719184732
14 11 25 11 22685 0.9288833645245643
11 7 21 24 57910 1.0805758916058923
3 12 16 23 71440 0.9965226692640613
22 2 11 24 73030 0.9914088402536905
2 20 23 7 81874 0.9196582277872637
11 19 7 5 64970 1.0750762281805084
14 2 1 19 69221 0.9346432800865448
3 26 23 10 94458 0.9507073991897501
16 24 6 0 89278 1.0000622056962039
21 12 8 1 51671 1.0550906472595187
22 11 5 5 58085 0.996072190944872
25 1 13 1 29121 0.9319575738969668
24 13 19 25 43545 0.9560223758781772
19 0 2 8 70835 0.9475094761420685
2 27 16 27 59184 1.0454559503288854
1 27 25 10 101334 0.9007975784173035
28 15 1 5 92969 0.9492532149162156
18 5 15 21 80151 0.9380034041898995
28 4 21 27 73706 0.939954279463985
7 10 27 1 65595 1.0421221403141177
25 28 1 22 89001 0.9359747121823426
6 3 12 22 69544 1.0276683506656614
21 0 27 9 48294 1.0281598719737652
17 7 11 14 41840 1.0866465247087194
4 1 23 23 86339 1.0485389932932916
15 14 0 11 47402 0.9783126860258367
0 22 20 0 105293 1.0329489263053713
8 17 24 20 54674 0.9956378364885439
20 22 6 15 52178 1.0608645695072232
8 21 4 12 51758 1.0396373458209376
11 12 21 0 54389 1.0583795133474878
17 0 23 18 58722 0.9419448372888893
20 16 29 5 46940 0.9104155803030745
23 14 3 0 76579 1.0652553586521454
11 4 0 25 81331 1.0818690985181467
5 23 29 2 111272 1.0214849472277674
2 0 9 26 114373 0.9614868209371652
0 7 28 5 89037 1.052966813018581
28 0 18 24 80116 1.090521577121018
27 16 11 9 47342 1.0609506064744187
25 16 12 2 55337 0.9269859501700738
9 0 28 7 67739 1.0427411333238656
26 4 17 20 70776 0.956153826672461
6 24 25 13 76861 0.9434139270951044
14 28 1 29 40617 0.9793514907219251
26 19 11 1 77271 0.9921739935731511
0 3 11 25 109611 0.974026787719746
11 19 5 2 67123 1.0383911812182953
10 27 28 3 101410 1.0771824278782385
28 23 4 12 81668 1.0168036843942496
26 4 0 22 108520 1.0878602238341812
9 13 10 28 70808 0.9481572516111878
14 28 16 6 85515 0.9139554475466395
28 11 13 6 49491 0.9596851316364574
25 22 18 19 34716 0.953067261981038
25 6 28 24 65022 0.915046533452751
14 29 27 8 90486 1.0136012572699447
24 11 6 26 86083 0.9954593220666292
21 1 16 15 51128 1.0510111984178943
6 18 15 25 51309 1.0592684644148596
21 0 2 18 91443 1.0096983703796238
21 27 8 15 65983 0.9707232120225282
26 18 1 11 73353 1.0033208361067574
27 5 18 24 66691 1.002049491839952
28 24 24 11 51071 0.9040882366523464
13 23 6 18 36370 1.0767110619867737
26 26 3 7 101199 0.9627882795995755
3 4 4 22 71313 0.9484043600207736
9 26 23 22 49772 1.0617198282837248
22 25 3 5 89605 0.9433069502333401
6 16 12 8 38653 0.9295562204728067
1 27 9 23 41121 1.02857326349124
21 12 3 22 74439 1.0431097079269727
11 7 8 23 71463 0.9973342569460433
4 7 11 11 31195 1.0029221570643163
24 20 2 20 70555 1.0980603569131613
26 1 21 14 43863 1.0862796652081426
7 0 25 8 64535 0.9636966625157471
15 6 25 2 37403 1.0291409732920693
22 11 14 23 45482 1.0559652274247298
19 0 25 26 81077 1.0942131328899185
9 4 26 20 84131 1.0655800985059138
10 0 9 16 52504 0.9229304994469701
25 21 18 16 31926 1.0395815771049746
27 20 25 4 71196 1.0035430066718936
14 7 11 17 42566 1.0682856786472237
22 22 11 5 53480 1.07230557957869
19 19 9 5 71531 0.9429047913379842
8 23 9 0 97486 1.0640149340035991
9 28 29 2 113181 0.9600695637849181
12 8 3 13 35410 0.9153116499233646
23 28 2 7 97192 1.02580438028741
12 19 18 6 68182 0.9414216160021326
16 25 11 0 79811 1.011414061639607
3 28 28 3 118371 0.9449010694625792
10 22 5 14 50309 1.045964251692888
25 5 8 29 109872 0.9786791390914827
11 15 29 23 57150 1.0259514858984078
7 21 16 11 56232 1.0804778007652502
21 29 15 23 37110 1.0929698657805735
9 1 2 14 55778 1.0111912135239158
20 7 11 5 37247 1.0378006193380451
5 0 3 28 105043 1.0637659933758943
9 8 12 16 35097 1.0945768848458848
5 11 9 19 42472 1.0128419745558557
21 24 20 15 26022 0.9983903994354336
5 13 18 17 49063 1.024409532697138
7 17 9 3 54498 0.9785832209077621
2 29 17 5 114466 1.076203864920009
2 26 17 23 55124 0.9160355345914247
18 0 6 6 52882 1.0178432204509416
29 9 21 12 33246 0.9509774885110446
0 0 4 21 91706 1.0561156640442007
3 14 2 1 50277 1.0217453125098097
22 21 27 9 41880 1.0159108638894145
26 9 8 20 74780 0.9000472998753336
17 16 3 25 60620 0.9191118863079744
14 13 17 3 37132 1.047191083180774
28 28 21 20 43070 0.9782541056478413
7 4 17 2 27159 0.9061997689671164
23 18 17 5 57715 1.084826630401595
27 14 20 25 45693 0.953884844705567
1 5 21 3 69509 1.096429298525368
1 5 20 4 70174 0.9941827338969298
18 9 5 18 66237 0.9713727011785906
10 0 28 0 57004 0.9596261864612052
7 17 27 15 53317 0.907561105146819
18 3 13 23 73701 0.9506188815021097
20 10 12 4 38265 0.9083987876859091
24 1 1 27 110974 1.0235786383619665
16 5 29 1 47623 1.013712159463057
7 2 24 18 73107 0.9633556216376382
16 29 29 14 78841 0.9001422896872713
3 21 9 10 53183 1.088883364702119
27 12 17 19 49710 0.9494946616547704
21 6 12 28 84588 0.9890253866224248
0 14 23 21 71419 0.9997909961458438
8 12 23 14 47149 1.0273745308318938
25 20 3 24 75497 0.9971499276430235
4 10 0 23 53005 1.0004123516560863
21 5 23 27 60228 1.0928722588630793
26 2 16 25 79382 0.9611352465723548
28 28 11 2 95654 0.9571572237117382
6 13 2 27 58148 1.0788083944619737
21 20 0 11 69242 0.9509433323500087
16 14 0 23 69929 0.9647621217923246
16 25 27 15 56322 0.9602349804088638
17 1 10 18 70437 0.9286181902531694
22 25 15 2 61517 1.0500335035798065
7 15 18 8 53587 0.9269507898453461
20 18 9 12 48231 1.0729324994645857
7 20 11 2 63206 0.9546966144473656
9 26 2 6 91320 0.9885011172085778
29 22 1 6 98014 0.9828987803119723
29 27 5 25 85462 0.9419236806685518
24 14 9 10 47086 0.9464752912287261
7 22 11 8 62875 0.9108964806796754
11 25 1 20 44207 0.9150975014740241
10 10 5 27 80425 1.091054080279334
5 16 26 10 62096 1.079370597018575
10 25 20 21 40863 1.0610739741065491
29 15 11 27 77952 0.9179462703041883
29 8 3 26 115671 0.934794900809327
16 28 29 24 50049 1.069952796748002
1 4 13 12 58395 0.9273730109151228
21 7 0 12 60957 0.9218143488501359
15 7 26 14 57513 0.9400958749147178
2 0 26 25 115060 0.9447563492773351
23 16 19 24 26591 0.9618013331326056
8 13 3 1 57142 1.0875957130161817
2 16 24 19 60516 1.0854429583062528
12 14 5 18 32585 0.9350108607259742
28 9 9 17 66500 1.0768681978057901
8 23 23 11 71161 1.0556911178547237
11 12 12 25 52867 1.058762735456813
8 23 25 26 60722 1.0482232474943631
26 27 23 14 53840 1.0641393583281504
16 16 8 14 30304 0.9131965426597578
0 5 18 10 69978 1.0566336868935136
5 20 16 14 51043 1.0154923521823271
16 27 18 14 69543 0.981518089688148
3 15 19 0 78386 1.0110320377625661
0 27 20 18 85458 0.9699900732464883
11 29 5 23 42424 1.06324249987501
3 26 25 20 81557 0.9916263658508337
9 7 2 14 46091 1.081730948103045
26 8 16 18 57415 1.0679562465789016
22 28 0 12 88026 1.055883334298516
19 25 27 11 50541 1.0098669823138655
5 5 14 26 93293 0.9336821377222331
4 26 19 2 108204 1.0847431564990921
0 7 13 12 47518 1.0804244462310102
6 26 16 27 53023 1.094319826206028
15 25 19 0 87954 1.0338886625347834
17 0 10 10 42069 1.0462045383989094
1 5 18 4 69917 0.935876247694687
7 9 10 23 70614 0.9126281574276323
4 0 8 10 47779 0.9480943503421239
20 8 5 29 102529 0.9951276321289155
23 12 14 1 42179 1.0409258047901442
10 7 17 23 67555 0.9987740421276521
13 29 25 6 88737 0.9735360017513482
6 13 27 14 61347 1.0167742670661837
7 14 19 11 33929 0.9351513846100752
21 1 12 8 43451 0.9486067540137938
10 7 25 8 51350 0.9749946450257225
27 29 6 8 102217 0.9317989311250271
6 27 24 13 90579 0.9691344254432047
13 17 6 9 46052 1.0384886649400962
7 19 25 29 80524 0.9398602943312406
20 6 29 22 58868 1.0580970580610298
0 19 4 8 43417 1.0940977680263377
13 5 26 24 82274 0.9421369700319018
23 14 4 27 88799 0.9082700069800921
6 27 22 16 75839 1.0912827269348235
16 10 13 26 66719 0.9920195398567355
5 23 18 27 57228 0.9854021380247547
18 29 0 10 105585 1.0322258746453654
3 9 14 18 51776 0.9481325089701715
18 6 13 27 95227 1.0701927935483548
9 25 3 20 36348 1.0903465651547586
13 3 17 20 63895 1.0061964489180741
19 26 10 16 58137 0.9668900875845852
15 28 22 11 62523 0.9426403445518649
6 11 18 3 41284 1.0855471082345247
21 26 1 16 72512 1.0352553526314092
8 22 13 6 78163 1.036601554029524
16 9 20 2 40153 1.0506368777352382
8 3 25 27 92205 0.9300356113241589
12 19 22 1 61717 1.0767766559479435
21 18 14 13 32500 0.9826188627043163
6 21 16 9 68043 1.0981189474592867
25 28 22 14 41599 0.9635643648267932
17 4 16 17 60859 1.0576021085524734
23 9 19 0 34422 1.0514556022689903
23 20 8 4 71327 0.9347905781666829
19 14 13 1 54917 0.9678994310123877
28 21 26 10 58141 0.9649569107061797
22 25 1 1 96545 0.934124250832436
23 28 12 27 41428 0.923517452915133
13 0 18 13 54544 1.0474964545232957
22 22 14 29 43348 0.9847177624727678
15 18 11 24 32116 1.0702725268951543
29 18 11 13 63310 0.9110032231539243
27 6 9 4 55438 0.9951611435279271
26 5 1 22 99634 0.9670001594368064
18 15 21 5 41169 0.9164318884130268
14 4 10 29 95128 1.0728329630635374
26 29 25 8 75501 0.9865928144119389
24 12 17 3 38042 0.9389870538484446
16 24 19 5 73909 1.0065485442829258
12 5 21 13 43578 1.0847406931617911
27 9 4 17 77989 0.9227096133310239
29 0 24 23 72749 0.9865561204584665
16 2 29 2 32077 0.9858541641606688
18 0 6 2 42391 1.0957662817141531
12 22 14 2 68623 1.0510500821774353
29 9 6 19 82632 1.0653493812170078
8 19 24 14 61729 0.9781802184133985
15 28 22 2 79830 1.0320355040298819
4 15 0 4 60004 1.0328225473050587
15 2 17 14 51564 0.9002100511396852
1 26 22 25 70439 0.9983086084029337
28 18 6 20 72971 1.0285363894420254
21 22 2 4 92117 1.057232552776426
3 16 26 9 73036 0.9152202992575734
8 8 10 29 92287 1.0537188701882898
28 29 26 17 62701 0.90349063292411
18 2 18 25 68200 1.0628714171532236
25 7 17 4 39387 0.9296688309311447
20 22 23 29 27897 1.0516043057941977
20 17 26 28 46990 1.0197735849192755
15 11 29 16 42349 1.0330013506388813
8 25 4 7 82491 0.9743719185403557
2 22 1 7 46971 0.9619885903097913
2 29 29 9 122070 1.0467546839211377
12 9 17 14 32879 1.0547572927030457
13 22 28 18 56085 1.003656628325572
7 0 12 28 100391 0.9390990515587254
2 2 19 19 87651 1.029604336704891
2 26 25 11 97215 0.9963826608228186
6 10 3 1 38749 0.9964775970340927
23 20 20 6 43854 0.9577270731247354
20 14 13 21 42072 0.9677952746619161
8 9 20 18 50379 1.0587881437701963
28 14 20 18 34346 0.9589054657508376
24 19 29 9 56277 0.9389417873848233
25 25 10 4 82596 1.0308419008101453
3 1 12 0 30524 0.9254101745721682
28 12 0 7 74939 1.0233082778328986
19 1 27 18 60569 0.9294433347082547
7 28 15 23 41292 1.0621388391582154
25 7 11 19 71251 0.9968721500915612
26 24 22 2 57669 1.0117109255180863
14 7 24 15 45563 0.9036690369386616
12 7 29 1 58745 0.9833705905924889
19 13 17 2 40035 1.042657113821273
5 20 28 9 85437 0.9513292153619812
13 6 8 19 69343 1.0466462285719036
17 15 25 7 48731 1.0155520544966559
24 19 8 5 79042 0.9478713836016702
4 24 1 13 40380 0.9233991946095751
11 17 0 22 48430 1.0520431521023856
13 19 29 29 77288 1.0071808766871375
20 16 9 0 64887 0.9013642243727836
18 29 2 24 69062 1.0260246638610382
29 2 12 17 70519 0.9782828478177703
9 12 19 13 35933 1.0117864517355482
18 23 29 9 62001 0.9153528151864817
29 9 8 7 69352 1.061126011664609
28 26 24 3 75365 1.0957172940102182
3 23 13 19 41356 0.935489600131677
9 5 24 28 90274 0.9702080127178929
0 27 28 8 122618 1.0457289694252434
27 29 16 13 78313 1.078996800221656
13 25 29 4 92375 1.000964559042959
19 24 24 11 40618 1.0093495629667077
4 17 2 28 45060 1.075007452148213
1 24 18 11 71446 1.0680814950381885
19 21 20 1 60797 0.9741571968097087
13 27 17 0 100977 1.0855972683306638
3 11 21 28 79076 1.0521686662693646
10 5 14 22 59247 1.0098459908607944
19 0 1 17 84532 1.01279965504183
1 27 23 3 104499 1.0504060481709994
28 10 8 15 66748 0.9835967851290123
19 26 0 13 92542 1.0444366047277613
25 26 7 27 73713 0.9927833606543766
26 12 5 25 93166 0.91219598376901
1 25 15 2 88898 0.9603491202275636
26 4 5 19 91579 1.0539460347787872
21 4 26 12 37836 1.0447990506234044
29 1 3 6 80707 0.9605236463127913
29 1 4 15 93607 0.989994173209558
13 1 20 8 37688 1.0679663125600753
12 14 2 14 39484 0.9367462982761345
2 26 17 27 66637 1.083479956956107
12 20 1 14 44113 0.9509696116330949
19 5 17 25 78998 0.975702679912295
0 21 10 19 35757 0.9525248163671549
13 7 16 23 66023 0.9049341619191059
5 0 28 26 116300 1.0236361468693607
11 17 5 5 60710 1.0612364520483795
17 29 23 17 53726 1.0972143492493376
20 22 16 15 32927 1.0451122629077938
13 4 25 19 78843 0.9634565808445028
24 13 29 1 50552 0.9424225524211443
26 4 7 2 51440 1.079322305377686
8 28 9 14 72008 0.9223587998145301
12 29 16 13 70464 1.0734010917923404
18 22 22 0 53621 0.9052303587046998
18 14 12 3 49098 0.9361372098040327
23 11 22 28 40834 1.0036219400467021
2 5 11 10 44038 0.9381828310979173
20 8 25 28 60805 0.9997205020623557
14 18 25 22 40132 0.9550405601101324
18 3 3 21 83558 0.9320350189361359
11 13 11 1 27076 1.0037854647667797
16 21 14 5 64005 0.9285099576921985
25 18 7 25 71972 0.9732767373020816
16 3 22 29 72069 1.0062296578028915
22 5 28 19 54033 1.0789512011161746
15 9 25 13 44355 1.01250406913908
4 11 19 29 87037 0.9670133355740346
27 17 25 28 53586 0.9426232589574506
24 7 10 5 53462 1.0438384103797909
22 24 5 6 81024 0.9167970462705674
12 21 20 19 33336 0.9173006549636256
11 5 17 11 21285 1.0620894178093983
18 6 5 25 108413 0.9731611333543431
6 1 1 19 67500 0.9049901096329133
23 16 28 29 55444 0.913747728618038
12 8 9 26 77347 1.0722837229707016
3 13 18 4 63682 0.9825073921503643
16 25 20 9 60504 1.0874356521315973
17 26 21 0 85542 1.0985967164297308
15 5 2 7 62303 0.9788145221357902
17 28 21 16 44731 1.076126048278592
26 23 3 28 77913 1.0671000414089176
17 2 13 27 91364 1.0034881460946967
3 26 27 19 89003 1.0432528761202797
7 6 20 1 45776 0.905465054179162
29 2 17 15 60982 0.9128226003313752
11 5 7 27 90285 0.9219987857956468
9 28 23 15 71996 0.9893114337562154
9 11 10 24 60903 0.9438213843691363
17 23 4 2 88857 0.9066169322339955
2 18 6 25 40171 1.0905502107047502
26 19 3 29 100459 1.0468716156045466
8 11 3 18 35566 0.9697059550581152
25 4 9 24 91260 1.0943563636731481
24 26 15 0 86036 1.0196875525993896
0 17 12 22 48951 1.0647203481676175
23 19 15 13 42910 1.0808756220883877
7 10 15 22 58207 0.9971406792720563
19 17 4 21 59282 0.9375957133983185
13 20 17 27 40691 0.9720028837250939
6 4 25 21 85546 0.9783693919623285
22 0 6 23 92678 1.009764240053183
14 12 25 18 48472 0.9693033738766766
11 0 24 23 70898 1.0344113577152259
6 11 19 22 61219 0.9104174036958841
4 0 9 25 103435 0.9489925245446929
26 12 12 15 48482 0.9705398428636997
9 12 24 20 60987 1.0401547924725225
13 3 8 24 78321 0.9153167871778424
5 17 2 28 48728 0.9234472112914395
4 4 27 24 103953 0.9181107257544955
6 7 20 9 45048 1.0054061034601691
15 15 17 27 57542 0.9804372474843422
11 12 4 20 47563 1.0219837453759768
8 7 8 25 83998 0.9773079478274407
13 26 0 25 56526 0.9701652056378192
15 28 25 22 46592 1.068058190943648
26 20 14 6 71630 0.9273738976162197
27 6 14 27 81689 1.0907073445751592
29 19 19 24 45814 1.0048210797462291
19 19 26 24 37939 0.9372791099447451
19 27 22 17 33032 1.016574607741219
27 11 18 28 61550 0.934757471479615
18 3 4 12 51817 0.994632474750024
1 29 29 26 96438 1.0425144634096464
24 8 0 20 82089 1.0955948106510587
17 18 11 28 54017 1.0901734003632761
28 10 6 25 93114 1.0515082148849653
9 27 12 13 62802 0.962509029362655
5 21 16 8 71038 1.0982827190464237
4 1 14 1 29760 1.077257168969489
0 17 17 21 61674 0.9853188125500802
4 25 28 23 75216 0.9892665771030631
24 21 16 18 43488 1.0973660189658514
10 7 8 15 42762 1.03091734806785
15 0 20 8 43826 0.9165326147370266
0 27 22 19 86090 1.0027457907943038
18 3 23 19 50766 1.056296937114618
1 9 10 23 73172 0.9217555027605645
7 25 26 5 98784 1.017826039718503
20 0 14 18 64138 0.9503612894207655
18 1 8 2 28785 0.9111525239742513
26 19 3 14 75516 1.06478772330987
24 2 0 25 109843 0.9834951083003639
19 1 11 19 74520 1.0542783850555655
19 19 2 7 81780 1.084802390412952
13 25 25 5 83248 0.9548791282490202
6 17 28 14 63304 0.9351669000150353
20 17 7 12 47004 0.9816842172295257
9 16 15 10 35860 1.074483405009195
26 8 21 14 35918 0.9420932574961851
9 24 5 16 41726 1.0174996277341837
10 28 13 10 76408 1.0725737403837385
23 15 9 0 66297 0.9215439362501147
29 19 11 24 65795 1.0519088100552243
20 3 7 15 60958 1.006376056156997
26 19 23 8 47381 0.9693611713655412
15 28 21 15 57279 0.9246346634543839
15 19 25 13 52190 0.9037024030413351
10 1 22 28 81079 0.9426346323954927
4 11 28 4 68619 0.9124834013180201
15 2 14 19 56730 0.9141778484343109
2 4 21 24 98371 1.0939566469540212
16 18 16 1 68403 1.070777461741735
1 29 9 23 44521 0.9012765200297282
5 19 16 12 58198 1.0908371936909602
10 7 2 19 62931 1.0312043619047895
21 20 15 2 54660 1.0203731705012649
10 3 1 15 49678 1.0702514203384734
25 17 12 29 74557 1.0927267686364805
12 23 2 26 42264 0.9152779038457667
13 2 14 26 78289 1.0173321790345606
8 0 7 25 100078 1.0294773032624511
9 18 2 15 30131 0.9831384817839839
29 0 11 23 95621 1.0003641990983783
1 12 26 24 84755 1.0778116024249538
0 21 10 26 57145 0.9066316247001339
19 4 1 27 105623 1.0957562340510378
5 5 26 18 89911 0.930149616617508
26 3 24 18 50952 1.0938533784587585
1 13 5 7 30349 1.0927225402558338
29 2 9 22 97938 0.9723793163453965
8 27 20 12 84467 0.9776740386498365
6 28 11 7 90690 1.0916763996668075
23 1 21 23 50158 0.9315459685470365
9 29 20 18 67004 0.90230565038418
27 24 10 2 83273 1.028556993028337
15 14 28 16 40332 0.9354596969513952
25 20 10 16 48029 0.9301174674718737
20 21 10 26 45320 1.0986391415803602
3 11 27 26 88552 0.9292197656830489
3 10 16 21 69094 1.0274465031054933
13 20 0 22 41664 1.0361496196304494
3 26 20 27 64910 1.0667645419505867
16 20 7 10 55590 1.0940400757238642
8 12 19 29 86613 0.9224107541190497
29 4 17 4 37002 0.9374918229855947
12 29 2 28 31505 1.0523641896180178
7 3 25 1 42654 0.9805237730545513
14 15 21 9 35659 1.0395670791512344
1 28 21 27 73032 1.0433321910722297
10 6 4 14 46092 0.9302920274067378
14 13 4 17 39606 1.047352134805426
24 21 13 8 60054 1.02562317628552
16 17 9 13 35795 1.0565603595298452
24 23 18 19 36088 1.022382959407171
24 7 25 16 35873 1.040999491988699
24 24 23 8 43203 1.0128013720917362
25 10 15 8 42679 1.0547377419997637
2 13 9 6 46038 0.9969418638222602
0 22 20 13 73198 1.0519055669679365
8 16 21 17 34384 1.0807050472285236
27 10 13 6 53186 0.9404833016155277
12 8 25 11 37919 1.0162399802527964
15 25 26 29 55196 1.0924928350024354
29 22 6 13 73105 1.0298515348041388
28 9 19 26 67636 0.97030243264371
24 17 17 2 47794 1.0620017566271374
8 27 24 2 102149 0.9962456273085373
15 17 13 28 45570 1.0040247701407263
0 14 15 10 47740 0.9753589970422618
6 11 0 19 38347 0.9400521794771608
1 10 9 29 75554 0.9464124229063507
26 11 1 19 72580 0.9818033022826579
22 15 27 9 30238 0.9140158232413577
6 7 20 29 91584 1.0871041892289688
28 27 21 2 78943 0.9630502728021388
7 3 5 15 50377 1.0704438248508428
13 18 17 5 63182 1.0780286548263736
8 13 5 0 57827 0.9424974786150283
3 14 17 26 82949 0.9860386890864844
13 2 24 7 36608 1.090106256858462
20 23 3 10 69699 0.9895245516884137
29 9 16 19 69055 0.9253929629795806
27 20 5 13 78086 1.0304452179742962
14 9 1 17 51242 0.9263710237516959
6 12 6 29 71497 0.9447132342798167
25 1 6 0 52566 1.0307851166622413
4 25 17 16 68029 1.0179972069045478
20 13 2 26 85680 1.091767659623364
8 15 27 10 64003 1.069287774362397
22 1 28 9 41045 1.0757056026494483
22 23 14 28 37308 0.9336181510775317
14 27 23 2 78814 1.0268264919826136
24 24 23 8 43203 1.0956928560508414
29 19 3 0 110380 0.9286537703216904
22 21 4 24 56382 1.0525846026472823
4 0 17 6 53713 1.0454197104557874
29 19 16 14 58145 1.0721576900067067
26 21 18 7 66563 1.0328076471106533
20 11 18 1 34184 1.0440767079320996
27 25 11 11 67847 0.9025700434761851
15 9 1 11 38352 0.9399046989054591
24 19 21 29 40495 0.9302564258045136
0 6 19 9 67808 0.9008438233782726
27 28 7 17 80886 0.940825891563836
7 15 29 28 87724 1.003493857334343
25 12 7 18 65697 1.0528842859220313
21 2 20 12 25376 1.0499703982375566
25 10 11 4 47224 0.934409091952165
4 11 29 11 49570 1.0760690445561956
28 5 5 6 76283 0.9746531446172652
7 24 12 29 31931 1.000945957991582
27 0 14 13 60673 1.0260568839477235
6 14 22 9 46168 1.0367482165922501
1 29 24 3 114904 0.9584031374792213
25 17 5 16 49420 0.975286935064553
18 2 8 11 40606 1.0990562677628155
18 26 18 9 70467 0.9785522882623999
27 8 23 29 70603 1.040814124777665
9 15 21 3 60986 0.9949527556630535
21 8 19 29 60549 0.9953550391297576
2 20 0 28 33227 1.0380363370834613
1 3 19 0 62624 0.9811215999994023
21 9 24 29 59697 1.04170253755199
24 20 12 29 62966 1.039326137574489
25 17 5 18 57836 1.007830150339075
23 26 2 2 98366 0.920831791599882
5 8 22 12 48672 1.0878822505067545
16 22 14 1 72395 1.0157104310064078
9 6 8 18 61417 1.0102316626477268
29 2 4 17 92595 1.006705954655132
2 24 11 4 76958 1.0146815589586133
25 24 25 8 54860 0.9042931138979959
8 7 23 12 50150 0.9511767839961766
22 15 23 27 32220 1.0579411258447524
7 1 24 7 57040 1.0568986041878268
4 17 15 12 48846 1.086115256939838
14 27 22 0 80215 0.9373782851775831
20 25 4 19 64092 0.9785247307897488
2 27 13 4 98516 0.9555484394703152
29 2 2 4 77465 1.0957343563944546
16 14 22 28 51108 0.9994198628996109
19 0 22 17 48401 0.910072646690049
6 3 7 28 102049 1.0835865421593758
0 8 9 24 75262 1.0234432757159255
18 25 26 14 51858 1.0626526156544782
4 21 24 11 75827 1.0364525392717514
2 12 3 3 35387 1.0643524104921784
12 27 6 21 39448 0.9156988070725045
19 12 24 4 36572 0.9408847530899287
24 28 28 20 47419 0.9078268850298123
26 0 14 16 60153 1.009511271130198
11 2 15 17 46331 1.0209875680628127
29 26 12 16 65828 1.020698614628795
28 13 3 18 73125 0.9601354486347233
26 9 6 6 67452 1.060922656618816
9 11 28 5 55876 1.0231607794825253
9 25 11 14 50642 1.066810916110208
21 22 27 17 29071 1.0063959559430296
21 17 9 5 64121 0.9951764745640308
27 6 13 9 50613 0.9109209001683047
3 1 27 27 116197 0.9252220073788472
29 14 19 13 38427 1.0639511590788273
6 14 24 21 59445 0.9066926292722189
4 13 20 3 60654 1.0091593356926747
11 22 14 2 69871 1.0023381581616417
25 23 0 28 90139 0.9213146887086592
9 21 26 1 87359 0.9357373277669868
21 24 5 2 82929 1.0795761355234326
14 23 14 1 70953 0.9755523967275493
28 4 27 20 73617 0.9547209393794865
23 19 1 4 94866 1.0740419982032097
2 12 23 26 81602 0.9154251334305218
23 23 3 4 90538 1.0064827901921192
20 4 2 2 49298 0.9293343303692743
21 12 5 22 73764 0.9184188220751175
2 20 12 21 29481 1.0233207067608017
21 17 8 12 55096 0.9521551648801394
25 16 16 19 36897 0.9814334274572505
8 26 21 14 75731 1.0161715631746076
7 26 26 2 105423 0.9996819064956878
3 3 12 21 80232 1.0663378591806356
21 11 12 19 43395 1.0575742945209279
25 0 21 12 39934 1.0320432590448818
7 11 13 22 53233 0.9874590323007728
23 11 29 24 49791 0.9754925761990035
21 29 14 16 50231 0.9877761539869551
3 24 16 29 57495 1.0544843402871797
8 21 3 13 46931 0.9533431414649478
24 19 7 2 76809 1.0087579333826289
0 21 7 24 38092 1.0877427979178023
0 3 22 19 91638 1.0623078023272248
23 4 2 24 103488 0.9210938295043457
25 4 6 27 118293 0.9206912307684226
5 17 23 14 49838 0.9105372806007725
13 13 20 2 48240 0.9222319081283203
21 11 18 19 40010 0.9283016670538781
12 26 21 19 51298 1.0301812564933492
2 21 28 20 88496 1.0646575160721803
22 16 8 27 68873 0.9866661154566491
15 1 17 25 87079 1.0031468242963653
15 24 29 25 43985 1.0825094092106187
19 10 6 0 55227 1.0638017669692406
24 16 19 26 37424 0.9821655989182687
9 29 8 7 100917 1.015573655807674
6 11 17 28 82898 0.9879557321647491
15 7 6 14 45441 0.9088499880548074
6 24 2 7 69276 1.0752929146643582
4 18 15 21 47527 1.0218810837020702
10 26 24 8 82508 0.9597631784954381
2 23 17 23 51225 0.9144684619653061
16 14 28 9 53685 1.0384724252345108
5 28 16 16 72963 0.9279008472853453
8 6 2 1 34845 1.0205295731020272
21 15 1 24 72775 0.9529167076270193
26 1 22 17 43718 0.9639331464720939
26 20 16 13 56616 0.9094865642254346
2 27 24 21 79840 0.9871705041356328
14 9 23 4 43010 1.049310495634225
23 16 2 12 57680 0.9830372469485622
19 19 15 28 51290 0.9757788338275873
16 22 27 22 26851 0.993264412513654
