3554 4839 3536 4294 3978 5593 4823 4931 3782 4126 4078 4711 3937 3812 5808 3783 4007 5280 4921 4878 4845 4371 6532 6253 6656 5529 6253 6639 5938
6166 5738 5990 5219 4963 5198 6646 5549 5692 5692 5485 4813 6871 7045 5684 5972 6202 5130 7174 7385 7405 6758 6804 8210 6464 7788 7116 8020 6485
5134 7166 6869 6333 7027 5383 5201 6464 5183 7308 5543 4972 6040 5269 6436 6282 6127 5487 5982 5524 5914 4597 5229 3532 5757 4631 4135 5754 4669
5409 5437 4707 6270 5440 5308 4577 5621 5932 5096 4328 5991 6665 4476 6696 6326 4856 5855 5549 6458 4588 5576 4788 5204 5064 6339 6113 5431 5855
3692 2713 4117 3535 3357 4134 3775 3787 4620 4058 4154 4277 5118 5124 3329 3363 4504 4977 4975 3905 4706 5323 3414 3361 4750 4076 3572 4239 3200
4683 3784 2546 3564 4262 3478 2871 3851 3602 3402 2687 4323 3390 3684 3445 2900 3808 3337 3244 4290 3597 3044 2812 3072 4641 2970 4725 3393 5788
6277 2372 3731 2476 1758 2157 1956 3049 1512 2538 2049 1771 1487 1593 1519 1846 3102 3034 2331 2785 2697 2493 2181 3820 2479 3671 1736 1828 2495
2870 1935 3521 1367 3313 3313 1980 2652 3541 2892 1648 2334 2314 5479 5915 5377 5667 5696 5162 6570 6574 5820 4826 6267 5948 6051 5043 5081 5349
4770 5440 4969 6205 4541 6291 5528 5176 6172 4392 6156 6271 6034 4792 4575 5523 4596 4188 4517 6234 4504 5028 5622 5307 5884 5349 5222 4932 6418
4026 2485 2987 2884 2449 3328 4372 3943 2690 3656 6460 5535 6004 5019 5577 6023 4510 4457 5117 5889 4249 4279 6043 6161 4507 5858 5931 5569 4878
5273 6260 5839 5479 5519 5997 5339 6304 5252 6791 4744 6135 5488 6649 7103 2334 2631 2568 2798 2870 3569 1397 1480 2128 1482 1312 1773 3295 2481
3056 6281 7642 5707 6190 7230 7822 7340 7455 7296 6207 5811 6827 6940 7227 6336 5718 7802 8081 6329 6151 7547 6995 7717 7966 7469 7138 5704 7366
4187 4524 4120 5090 4075 4143 5270 4577 4780 5657 4478 4179 4623 5872 6430 6144 5355 4700 4223 3479 3826 4672 4500 4054 5462 4609 5406 3698 5670
6272 7021 6310 7360 6102 7432 7430 6926 1594 3198 3451 2151 2678 2835 1765 3625 2666 1635 2357 3090 2151 1971 2221 1655 3738 3036 2998 2941 2624
2985 3438 3911 3220 4033 4816 4237 3152 4570 4292 4963 3124 4094 3182 4178 3665 4420 4293 4564 2940 4277 3211 5670 6315 6589 6026 7911 7533 7222
4728 4545 6661 6729 4691 4121 4549 4505 4890 6104 6140 5877 4600 6390 5491 5251 6312 5528 4676 6281 4725 6249 5620 6468 5032 4153 6471 6344 4911
5871 5832 5157 4923 4860 6700 4750 4563 6185 5406 5021 5317 4533 6699 6536 6519 4618 4484 4399 5520 6696 6518 4699 3901 3376 2955 3883 1710 2631
3351 3496 6002 4958 5115 4553 4639 6798 6019 5872 5169 6269 5941 5615 5905 6059 6039 6420 6684 6415 4792 5324 4957 4763 5690 6369 6074 5845 6851
3855 2098 3036 2086 4470 3507 3430 4252 2916 2943 3882 4108 3424 3453 3096 3056 3123 3436 3152 3568 5234 4665 4794 5371 5397 5356 3800 3747 3472
4805 5145 5026 6600 6232 5290 5822 6519 6237 4615 5414 6892 4987 6686 3584 3830 4593 3999 5734 5533 5130 5146 4454 4623 3792 4868 4030 4551 3838
2885 2299 3008 3497 2365 2405 3043 2088 3686 2271 4195 3855 1897 2679 8393 8339 7620 7629 6130 6134 7261 6552 7110 7509 7278 6119 6613 7447 7048
5333 3642 5270 3742 3448 6644 7035 6291 7417 7224 7787 5789 5801 6260 6789 6368 6911 7075 6212 6706 6347 7066 6242 6728 6963 6166 7035 6067 6497
8657 8164 7239 7166 7588 8390 6668 8690 7330 7446 7184 8321 6681 7868 7714 8894 8102 7648 7811 7856 6829 8399 8079 7879 7088 7565 6472 7461 7747
7206 6969 5927 7533 6169 6534 7633 6149 6980 5521 6563 7583 5365 4318 3352 3089 3680 4039 5252 4371 5323 4447 4247 3670 4980 4020 3014 4825 4122
4773 4584 6040 6467 6736 4760 5786 6463 4676 5147 6074 6699 6445 5666 6838 5778 6019 5822 5948 4971 4910 6309 5961 4622 6612 6592 5978 3636 5233
8554 8573 6684 7857 7438 8307 8339 6850 7084 8345 7357 7239 8521 6739 6678 6478 6728 5969 5183 5586 6990 6844 5124 7301 6138 6977 4993 6134 5633
3439 4190 3844 4197 3048 4588 3360 3536 3531 4193 3927 3182 3999 2957 4695 3065 3390 4619 4033 2688 3723 3614 3008 4434 3890 3167 4353 4063 4078
3583 3903 4648 4063 4876 4986 4727 4880 3882 4221 4241 5126 3628 3227 2960 4535 3035 3443 4294 4044 4733 3959 3820 3618 3124 3201 3300 4127 4210
8084 7586 7110 6331 6983 8021 7466 7864 7490 7849 7557 6375 6373 6806 6900 7615 7476 7103 8232 7745 8046 8580 8119 8318 8324 7707 6478 7066 5864
4860 3833 4647 3262 5463 4710 4131 4977 5422 4604 3553 4198 4472 5502 3499 3227 4325 3555 3571 4067 3372 4521 5098 5137 3849 3801 3338 5470 3728
3456 2020 6713 7841 7611 7718 7490 3958 5241 6541 1656 6564 2843 7185 1630 4477 4651 7059 2129 3662 7242 3393 6661 3157 7593 7367 8879 4034 5699 3565
5383 2967 5984 7168 7737 7417 6850 4605 5894 7770 4302 7088 4519 8224 3442 4586 3405 7682 3156 3034 6812 1701 8486 2180 6707 6937 7366 3369 5268 4480
3797 3938 7019 7598 5806 8490 6959 4051 5930 5767 3011 5743 4230 6776 1792 2669 5617 7057 1732 4175 6216 3808 6218 1440 6739 7136 8124 4017 5704 4936
3910 3974 6498 7422 5855 7175 7435 4991 4801 6016 3539 7004 4292 8029 1401 3733 4045 6128 1534 3128 6288 3143 8359 2774 6691 6674 7316 4019 2127 5294
4558 3394 7397 8202 7458 8621 7325 3290 5121 6887 3836 5772 4898 7137 1091 2479 5458 3700 1872 4210 8030 1720 7791 1891 6054 7014 6783 6907 2663 4202
7290 5123 6723 8508 5864 7644 6590 4615 6401 6463 2977 6681 2630 8138 1103 3918 5370 3882 3687 3683 7432 1611 7627 2558 6286 4208 7685 5401 3746 5525
6898 3643 6650 8832 6917 8716 4869 3191 7085 6301 3614 5308 3851 6141 3219 4188 4430 2882 3603 6304 7638 2393 7416 3082 5471 5149 8873 7178 2521 3297
8245 4650 6314 7170 5813 8623 5448 3408 7016 5732 2190 6545 3923 7534 1490 3777 4814 4670 2485 5033 7296 3172 6129 1401 7265 5444 8589 7322 3449 4902
8070 5221 6346 7534 6634 8525 4415 4970 5556 5548 4327 6645 4339 6020 2000 2855 5680 3731 3294 5830 7541 3339 7070 2565 7205 4278 7539 7431 3404 4980
7431 3469 5629 6681 6253 7177 6225 3498 4977 7105 2849 7129 3966 6942 3440 3646 1767 3447 1967 4823 8565 2197 7408 2017 5663 5190 7446 5698 3868 3729
6481 4168 6074 7223 7656 6724 6287 3180 6955 5712 2066 8139 3002 7846 2414 2665 2666 4587 2526 5791 8412 2954 6355 2662 6293 4377 7601 5996 2721 3206
7831 3947 5471 8311 6611 7783 5668 3367 5948 6701 2133 7701 2539 7222 3272 2707 2473 3959 2213 5928 6559 4911 6991 3345 7343 4558 8267 7121 2435 3338
7195 4109 6869 7010 6079 4462 4479 3382 5292 5877 4039 6454 4855 7037 1541 2361 2971 3023 1954 4556 7315 5531 6230 3433 7129 5839 7180 6024 3223 3570
8561 3754 6679 7182 6450 4124 4726 4633 6077 7300 3749 7746 3410 6480 3410 3304 2171 4617 3387 5541 6278 6618 8448 3515 6593 5647 8660 6668 2006 4505
7394 3475 4693 8529 7663 3321 5368 5154 5620 7692 3552 6236 4610 7305 3410 2647 2578 3640 1931 5185 6929 6573 6879 1952 7044 4008 7109 5542 2200 3662
7165 4894 4597 7861 6414 3819 6290 3963 5871 6100 4189 6004 4854 6999 3230 4237 2701 3280 3393 6147 7425 5620 7224 1496 6313 5421 7671 5708 4080 3872
7264 5152 6819 8825 8279 4446 5845 3490 5857 7316 2683 6158 3543 4852 2309 2260 2204 4323 3102 4105 7943 5102 6801 3247 7006 4614 7805 6722 3642 3778
8419 3932 4636 7152 8254 5251 6138 4058 4508 6166 4269 7055 3401 3533 3092 3726 2384 3872 3797 4338 8226 6144 7754 2253 7399 4860 7678 6492 3831 4563
7659 3377 6363 7355 8646 3808 6314 4395 5709 2296 3347 6268 2557 4464 2571 3577 1602 3014 2679 5405 6305 5172 7884 1999 5354 5394 8790 6534 3184 3980
7576 3924 5768 6835 7833 4745 6248 2926 6262 1375 2457 7391 3254 3008 2556 2255 3603 3530 3498 5231 6423 6737 6828 1513 7014 5641 5970 7338 3740 3154
7869 3495 4709 8713 7632 4938 4601 4751 5285 2453 3905 5875 2929 4789 3315 4006 3496 3173 1833 4419 7346 6035 6819 2588 7104 5529 6221 6568 3019 4907
8230 4479 4995 6451 6314 4302 4568 3480 5605 2033 3498 7021 3835 4538 2358 6037 2160 3656 2576 5107 7952 4573 8190 2170 7228 4219 4709 6510 2405 4874
7004 5647 5116 7041 6517 5241 4653 4997 4590 2175 3131 6753 4374 3110 1967 4660 3717 3828 3338 4080 7395 5616 6376 2187 6346 4921 5971 7042 2562 5446
6468 4662 6697 7561 7761 5081 6251 4225 5721 2077 3036 6121 6701 4584 2669 3957 3071 4895 1851 5393 8363 5966 6789 3027 2995 5399 5208 5398 3937 4636
7220 5189 6027 7378 6869 3509 5751 4925 6631 2890 2411 6350 6145 5100 2527 5206 3746 4917 2062 5987 7185 5178 6786 2919 3416 5512 5980 7280 4109 3174
8527 4639 4633 6182 6867 3249 4466 6473 4563 2571 4076 7656 6146 2988 1689 6073 2773 3207 3434 5666 7113 4877 4514 2777 2694 5772 4253 7034 3123 4482
7589 4381 4551 6940 7796 4034 5281 6280 6455 2347 3806 6413 7103 3940 2979 4351 2829 3059 2250 4122 7529 6427 4678 3476 3556 5600 5666 6844 3683 2408
6413 4928 5822 8058 7033 3034 6013 6062 4856 1341 2803 7506 7697 3155 1906 4631 2665 4269 2675 4623 8284 6407 4356 6586 2469 4661 4821 6163 4263 4191
7727 5727 4791 6214 8443 3514 4831 4685 5079 3250 2028 6345 6742 3639 3410 5339 3992 3961 6720 6232 6430 5352 4891 5172 3715 5987 5509 6041 3242 3403
14 26 10 13 52423 0.9682481616169017
15 15 10 3 59921 0.9054351309271746
23 18 12 18 31488 0.9732040728302038
26 7 3 4 99665 0.9222729997829803
14 1 2 16 79515 1.0785129583607895
11 15 22 12 38751 1.0451437645793125
26 28 6 26 67023 0.9481369632284664
2 3 16 27 110582 0.9031000672878113
3 2 24 2 98310 0.9107798440542682
5 23 3 14 28141 0.9031615028845512
12 1 19 6 46104 1.0845022002099596
21 29 29 13 84006 0.9961174189069145
24 1 29 28 119566 1.0153528043837976
3 14 7 26 43082 1.0956322804709875
8 6 7 24 55897 0.9360039000073418
22 21 10 15 60889 1.0416686970838072
4 1 12 24 78080 1.042851892873001
7 3 18 25 89251 0.9584712183269288
0 17 27 20 84901 1.0999215569010166
0 18 10 10 43491 0.9209637656865636
5 13 2 27 53493 1.0684391253025516
27 29 17 15 76734 1.0394911989705142
24 20 3 12 82793 0.945812518313522
14 1 2 6 69559 1.0764330368651804
18 1 5 23 96526 1.0097511800217975
10 10 27 3 75481 1.0344285916405376
7 17 10 0 60054 0.9707460896625837
16 13 27 12 41324 0.968873884992381
23 25 0 18 75512 1.019856878310975
3 20 22 1 109797 0.9167862354947084
8 12 23 27 83578 0.9641328896605097
22 26 6 24 63886 1.0071000344770207
10 0 12 28 96904 0.9252129229220218
0 16 29 7 104437 1.0492652226944097
5 22 17 25 42729 0.9050289977760192
27 13 9 29 83356 0.9079701086166717
28 8 29 22 62967 0.9419919887218673
18 24 24 7 79396 1.0457786880682032
16 0 9 5 44492 1.0230688814477698
14 11 24 23 59475 1.001503472106396
19 25 10 16 46559 1.000847816022999
9 20 25 17 59082 1.0690683628684594
25 26 8 24 65445 0.9292239993842836
11 25 9 14 36857 0.9946593821826009
15 4 8 24 80588 0.9179329461663198
26 22 3 14 77103 0.9388100546164396
15 0 28 14 82479 1.088089978784089
2 10 11 27 64007 0.9658534015629123
25 13 5 24 80695 0.9783328830640257
20 24 12 20 37033 1.0554624783346116
18 2 8 6 57546 1.0536906920871743
12 6 2 6 49032 1.0895522060204177
10 11 25 1 83901 0.996434044387777
16 24 11 2 86290 1.0793681217926123
29 22 1 28 99733 0.9018127390745644
28 12 25 24 53172 0.9180944993913903
0 5 21 6 97185 0.9453842743004526
23 14 16 28 68216 1.0222950371109047
19 4 17 22 77577 0.9708504434544202
9 20 17 12 51287 0.9867684562166643
5 29 14 11 71164 1.0570501570256903
15 4 29 11 64862 0.9280817857038735
9 1 12 9 37907 1.081452758151902
16 11 22 28 86289 1.0622611552083228
10 3 23 20 99739 1.0848343780176453
4 1 20 2 68531 1.0581911988452408
9 0 17 9 63952 1.0551967793246058
0 8 19 5 87480 1.0754911328384436
18 15 11 28 50913 1.075137041661048
9 28 28 17 79508 1.0378625651946298
16 18 10 9 44546 0.9902935614477273
21 24 23 10 72714 0.9359387490195519
5 20 15 6 71549 1.02278675796655
0 8 19 8 78365 1.0853860697917614
12 9 8 19 46352 0.9357497330393276
27 6 19 27 101295 0.9396988067699968
16 17 8 6 58736 1.0584307805110504
4 7 14 22 66398 1.087926087056216
16 17 7 9 46282 0.9780690257813109
9 4 6 17 41277 0.9562308337346308
26 9 14 11 40469 0.9533751774292335
13 1 18 13 61359 1.0903035945982338
14 8 17 0 43679 0.9017634366181327
16 19 29 8 70592 1.0312244385877372
11 18 19 0 77802 1.0484913620240774
10 14 19 22 47624 0.9239952873741574
4 7 13 8 39388 1.0694018809704577
22 19 25 3 77077 0.9805219059894607
21 9 4 4 74997 1.0011173616294216
24 24 8 2 105440 0.952649228216858
19 22 20 8 58688 0.9248721560231244
16 5 19 19 62736 1.0583764553346842
14 6 9 16 42972 0.9640952444726696
8 12 20 12 44330 1.0858501282094573
12 9 19 17 43755 0.9628425123915203
6 21 26 14 67998 1.0900647646133155
9 7 26 24 89667 0.9523311921259403
19 28 11 9 79375 1.0718059106377391
26 2 10 27 108320 1.0000887309495408
26 8 13 6 54197 0.9349234046456587
11 1 3 16 62531 0.9305141319451353
14 7 2 16 60244 1.0652741533376031
0 26 12 28 50038 0.972088254555692
21 3 6 13 74931 1.0120718060432117
21 22 10 26 39167 0.9149600431807846
22 29 28 15 73760 0.9366233965306852
26 27 8 20 69462 0.9736596095087915
5 5 25 10 79508 0.9772121167195523
29 20 6 5 100029 0.9659193685753722
7 2 1 6 44883 0.9777962161896783
12 22 0 3 98700 0.918562482854774
24 27 20 21 41689 0.9751188147072052
25 24 22 10 66682 0.979943286203817
9 12 28 1 98705 0.9957067071181951
3 4 10 18 59875 1.02035225138648
13 26 8 19 36690 1.0465145378327896
2 2 19 17 92985 0.9294444211013143
2 2 18 29 120697 0.9940289470495434
6 0 29 24 118504 0.9013559594302617
4 18 10 5 54598 1.06516573162187
4 22 20 10 74753 1.0874718606576017
11 8 7 2 35890 0.975861997542347
3 7 24 20 94952 0.9485430468685706
29 13 6 17 71946 1.0791425907227519
27 11 24 28 72409 1.0589885828297048
17 16 9 4 57684 0.919653133546615
25 25 12 0 117805 0.923234340607295
22 3 24 18 68349 0.9654169004445061
4 1 6 23 58954 1.002549939044296
10 18 17 12 38314 0.9664915952981178
20 5 27 8 31650 0.9688652892696937
14 7 3 7 42525 1.090287025115034
14 21 22 7 70542 1.0245827492777337
12 6 28 20 95176 1.0436402507355274
7 4 25 9 71979 1.0601514659256541
14 3 24 0 55159 0.9452149023848381
26 17 3 23 76595 1.0680655027573767
12 19 2 1 74690 1.0253159064243564
17 14 26 22 51132 1.0740166175906665
19 9 10 6 46030 1.0441801546494007
21 22 8 24 44134 1.0532816126897955
24 3 12 1 61524 1.0669811822135373
1 10 12 20 57856 0.9223482812914684
13 16 0 18 36453 1.0090316420653354
11 19 2 15 40719 1.0688355598700958
2 22 20 25 60915 0.9064624167088736
24 16 8 29 73975 0.9411136235620217
14 17 25 13 45141 0.9169412370730211
21 20 13 11 52579 1.089807597202589
8 5 16 7 42255 1.0454391415201205
27 29 22 20 54918 0.9713925810159064
19 12 24 29 82537 0.9402981159672298
24 15 18 19 31335 0.9760987473168873
24 5 1 24 119712 0.9584971342227737
29 0 15 8 84684 0.986177278148435
7 14 20 9 49632 1.055004638705682
4 22 16 3 94083 0.9847086013162845
14 24 5 6 68590 1.062017667097921
28 28 16 14 81558 1.09936677743532
7 1 22 26 112510 1.0716390487331497
6 3 29 22 109389 1.0448038767721552
10 9 22 14 52395 0.9399875056359721
26 13 20 0 54776 0.9589388936181527
21 25 20 15 55450 0.9649249390552362
23 18 2 2 107331 0.9391057597858367
17 8 13 20 52317 0.9420001903662331
10 10 24 28 88200 0.9906617448785874
21 27 1 6 123388 1.0569968474946545
2 11 12 12 42642 0.9789055563079703
29 24 24 29 34210 0.9780546524765259
23 16 16 28 63141 0.9542834163136482
1 5 10 25 82058 0.9912045989807702
11 0 16 6 43200 1.0109032961700744
19 15 15 22 44214 1.052788841003581
9 6 2 0 46871 1.011032347483806
27 22 4 12 88404 0.9440293512226079
1 24 11 15 50279 1.0908194221512422
29 20 9 1 115537 0.982780589283389
1 7 15 20 78893 1.0724221345697136
13 21 3 6 66137 0.9645428737204783
7 2 16 8 53612 0.9722272249285272
26 24 8 21 53548 1.0899297024390877
4 27 27 20 86344 1.0711939538708544
2 17 15 8 68420 1.0785720382135322
23 0 20 9 43218 1.0812617680697834
1 0 29 2 129994 1.018864173121813
7 10 11 24 49988 0.972990851979516
26 24 21 0 96763 0.9836890344144678
23 7 3 26 113219 1.0495590701252095
23 13 6 22 67924 0.9375511737073265
10 2 9 28 91206 1.0450567466991556
8 18 19 5 70168 1.0715067168105035
1 4 27 5 124980 1.0978668524938076
18 20 8 3 82416 1.0573853347080118
24 14 12 29 70279 1.0233380073107632
3 14 13 24 44107 1.0342082236719148
23 22 11 13 60401 0.9202963250492872
8 4 20 7 58829 1.0330719721243602
7 28 14 19 45125 0.9756416205367208
29 24 17 22 39668 0.9351938783317975
3 20 21 29 74012 1.0443796247637362
25 24 4 2 111099 1.029723916522296
23 12 16 1 60009 1.0111512901436537
11 27 20 24 45615 0.9119843487713793
21 25 2 15 82867 0.995356559394866
2 2 21 19 107629 0.9752627791783796
15 0 5 16 77061 1.0453517859611574
9 15 9 25 32093 0.9809842876880548
14 19 7 6 54135 1.0383402900282659
28 2 2 10 110313 0.9748935881745593
10 0 18 11 70947 1.045488468594523
3 1 13 16 63706 0.9663811844026883
29 23 0 22 85914 0.9513658373788036
8 11 0 3 62655 1.0324847535972759
12 10 20 14 35732 0.9019816710638476
25 1 17 11 61915 0.9496816464376663
24 16 4 26 78496 0.924739696098929
0 25 3 4 87922 0.9264674229822902
28 1 8 22 122694 0.9019420169575653
1 12 17 5 80267 1.021662429926069
25 26 22 6 94840 0.9208123712412848
21 25 19 12 63349 1.0673907301660173
20 7 28 18 54743 1.05808311838991
23 26 21 16 49906 1.0901267009416016
0 14 3 7 37354 1.0909982373580909
25 5 0 16 105364 0.9130538629280994
29 8 24 18 51883 1.0384317789537338
23 20 9 29 62577 0.9447127728788275
17 7 12 22 63233 0.9012026835417432
23 17 15 12 39946 1.0368237885460216
19 5 25 20 67346 1.0396385117141147
27 7 23 14 36252 1.0334191439554425
5 10 5 26 45106 0.9035540742722404
13 9 4 13 38634 0.9723128912015667
18 27 6 7 82927 1.0783949385341969
19 21 6 13 60082 0.9063293737628974
19 13 4 17 54134 1.070583213878631
3 18 13 8 49504 1.020479712675308
15 17 17 2 64781 1.0143559417246004
27 13 16 20 55387 0.9895612215233275
14 1 21 25 102526 1.009964775310982
9 1 16 20 79317 0.9937808736188655
24 25 8 21 54050 1.0373845126470642
26 24 22 7 79549 1.0232062755608267
22 25 2 7 105503 1.096585844977851
11 17 21 0 79081 1.0461972638955008
3 7 27 13 85580 1.0583645546352711
17 11 28 14 39467 1.0586466789184326
17 14 0 7 68795 1.0453315520560793
8 9 25 12 74629 1.0178926306562242
3 11 23 2 95866 0.942013845253771
27 21 24 9 53742 0.9867647319334318
19 5 7 13 63198 1.0846138911562628
11 4 3 16 61650 0.9197701779359213
7 27 25 4 126243 1.096130343621454
11 4 5 23 73265 0.9075389386731845
8 29 24 4 119661 1.0812346350331599
25 3 2 4 123836 1.0443499742499534
5 4 0 21 58424 1.0666333007430424
8 3 21 20 96624 1.030017154850736
11 6 4 24 69866 0.957964953925204
18 5 0 13 77879 0.9941005185133319
22 7 26 17 54577 0.9668765318194811
1 27 16 10 90255 1.0540523456781254
17 28 1 25 64251 1.089886663289539
29 9 20 5 32359 0.969839144251057
5 26 3 18 31076 1.0590650254752396
10 29 4 2 82765 0.9878800800662902
4 17 8 25 38697 0.901449668254602
13 27 27 0 118072 0.9501618591042637
16 17 29 17 46577 1.0538225082357877
26 3 2 2 117455 0.9278245771544326
15 28 17 9 71215 1.02984992779445
11 24 26 2 109103 0.9777732019017884
22 9 6 17 63804 1.0813970351507423
12 4 29 21 107177 1.0886461929891302
9 2 17 7 46687 0.9529191730051334
18 11 4 21 62662 1.0886814769729027
8 2 4 21 57643 1.0483047878318628
19 25 6 29 55818 1.0602854693610198
1 19 9 1 69305 1.043388584996439
19 1 23 21 77958 1.0808208569566313
27 22 6 21 62118 1.0058603138815294
9 23 13 17 22459 1.083948134508668
25 9 13 4 56195 0.9739094644973646
21 14 12 29 63285 1.0090047900125954
13 20 6 10 39414 1.0009618649950633
16 16 2 16 48321 0.9154521770240226
29 0 20 2 50306 1.0464655890193373
6 16 27 13 62050 1.0468354509008555
5 9 19 25 75013 1.0910541250574222
2 18 19 4 90802 0.9056708875294416
0 29 21 27 80344 1.0087834123692856
1 26 5 0 90192 0.9294114495958334
19 20 17 0 76624 1.062509419099122
6 0 10 23 65779 0.9982834287246023
27 9 6 4 75790 0.992752541535944
19 19 4 3 86481 0.9948191512521738
21 0 12 8 62023 1.01501748677798
3 25 13 13 57889 1.0254401264803208
21 26 26 13 67865 1.0594621185996385
27 22 10 16 62621 0.9240498632207197
7 10 0 3 54462 1.0751997402736908
27 18 16 14 41633 0.988781150503041
22 13 3 29 95421 0.9306476886268239
20 1 9 12 67411 1.032972430151516
11 29 25 14 74938 1.078925440470772
0 1 26 25 128307 0.9611460064347938
27 25 14 28 54143 1.0312984739311677
3 13 20 16 48080 0.9446874258178275
2 9 18 12 67275 1.0888338827773587
10 23 18 17 37853 1.021909230504827
27 5 15 1 62802 1.052182031251343
17 3 15 19 73302 1.043269316339565
13 1 5 18 70844 0.9685819442038898
16 0 3 7 74547 0.9706075972524184
1 18 21 25 74067 1.0947615460719813
24 0 25 24 103116 1.0424683479507144
21 14 10 28 59730 0.9357488203911835
23 0 29 18 92522 0.9957845058272439
6 26 21 6 93775 1.0132802098955507
28 29 24 12 78409 1.0523228751740228
8 28 18 15 55464 1.0783729212217599
18 18 9 17 28318 0.9538090479379799
10 14 6 27 43843 1.070327395889171
24 28 19 14 71598 1.0576330470069981
20 11 8 11 50011 1.0923591660052505
1 21 14 8 68284 0.9334912867355922
11 24 12 8 57175 0.9568701907494725
4 3 28 21 121067 1.0082912085695666
2 27 14 19 60197 1.0431451438750965
11 14 1 15 27076 0.9687518293087828
22 7 12 15 53606 0.9798072302056657
1 16 22 23 73878 0.9757059711755599
1 2 4 15 59106 1.024553034234867
11 1 15 15 64661 0.9984478240008297
4 22 12 15 40721 0.9052169508129928
4 2 1 9 43806 0.9945250126187236
23 3 14 13 70330 1.0502810079719864
24 28 5 7 102642 1.0431954464258764
3 18 18 7 72604 1.0665569010410203
0 9 24 14 78610 1.0838220820394902
5 2 16 12 64638 0.9432279719905021
28 29 1 15 114260 1.0429464100846617
21 21 3 14 72233 0.9674850155862484
28 7 10 14 74072 0.9031657187807467
24 22 7 23 47331 0.9232279081472139
8 17 2 13 24675 0.9397611147820422
27 6 23 26 88194 1.0408184303571364
10 1 20 7 57349 0.9305894359469264
15 23 27 2 104626 0.9094484504682893
16 17 1 1 82679 0.9176446515089837
29 22 11 7 98810 1.0290053096867238
23 28 28 3 115722 1.0174163711848474
10 25 16 10 54713 0.961942474550909
8 26 19 2 105609 0.956579343266023
28 13 22 8 39439 0.909560919653025
18 24 25 0 112186 0.9557392201440378
5 4 15 10 47353 0.9633197059410749
16 25 14 4 73943 0.9628317323316591
21 14 25 20 33167 0.9335108640999569
25 16 25 3 57233 1.0658847630015156
3 2 22 18 97688 1.0618140474289899
28 11 21 18 48614 1.0377012705241893
5 2 21 19 87429 1.0185212005487327
8 3 29 13 99812 1.0893593778101662
4 22 19 15 56280 0.9606958984255788
7 12 20 11 50027 0.9072128885658427
27 5 16 20 82801 0.9614831741265025
1 27 3 7 78970 0.907964446575374
8 26 17 27 42523 0.9708234827564448
22 26 26 12 67155 0.9610389845026329
6 19 25 2 107824 0.9360010368101455
14 23 4 25 34580 0.9431255652753227
5 9 10 17 34029 1.092737170419897
2 29 11 8 89740 0.9463417577521671
2 5 17 13 76880 0.9267712683912092
11 25 23 26 51380 1.0775721504943343
12 6 3 16 53814 1.055820234965109
0 5 16 24 99197 1.0816979888696663
1 27 18 10 95317 0.9204374898723259
22 5 12 25 85999 1.0498833493084325
21 29 14 6 96064 0.9263718714376287
27 2 16 16 75618 1.022768747337448
28 21 21 9 66434 1.03477220360403
4 5 27 23 103789 0.9732814858994832
11 4 26 26 110108 1.0677118195095363
2 15 25 3 107315 0.9574552358370657
26 28 22 3 110818 0.9516897379964594
24 23 15 0 104422 1.0781095064278767
23 3 17 19 77067 1.049006419791304
28 19 0 29 112414 0.9725762437272002
19 29 2 14 77590 0.9619153769154764
16 29 7 12 67270 0.9670992620805208
7 28 0 22 36587 1.0544924151576311
19 0 23 18 67817 1.0175436422785076
23 19 3 1 101479 0.9880149247093061
22 17 0 27 94412 0.9017458868657698
8 2 22 19 96758 1.0392925331988112
1 24 29 15 99994 1.0268418120421627
11 0 21 26 119902 0.9897278522550732
4 26 23 3 123865 0.9401247478252837
20 19 5 7 72284 1.0635981679867885
23 5 5 1 88488 1.085807358375825
6 0 16 12 67520 0.9092064944002441
21 7 15 24 76765 1.0672126014784657
23 3 5 22 109867 0.9629625506402378
28 2 13 20 98638 1.051338799242654
28 5 3 11 97236 1.0374087787401047
3 8 19 12 69064 0.9047165336079145
12 23 28 29 64323 0.9810330323181392
3 29 10 9 76584 1.0095475244653132
2 15 15 17 44820 1.013140365374344
12 4 27 9 63548 1.0528731455951366
29 26 1 14 100257 0.9877253856401196
12 11 22 6 51559 0.9072618822266407
26 16 22 1 67547 1.05720156842885
26 22 14 2 101485 0.9228986631836485
21 28 4 11 90009 0.979566898997829
22 27 10 8 98523 1.012503212576787
27 6 19 27 101295 1.0653979240556595
6 24 1 16 39620 1.017769741148952
15 6 12 14 36282 1.048862752657625
28 16 9 8 75638 0.9869976360515103
5 29 29 1 148942 0.9698988978404939
16 7 11 27 75442 0.9931422191679089
16 7 7 13 47038 0.9889078192743483
25 28 4 9 105908 1.085911151962487
2 1 26 15 102052 0.9157499506412156
10 29 23 1 109805 0.9114280055310685
21 4 10 13 66150 0.9273884209815364
9 20 24 22 50671 0.963382298057597
27 22 16 21 43193 1.0603656683316558
26 27 13 3 117210 0.9319564916591416
8 9 16 22 64064 1.072529169822734
24 7 19 13 35103 1.0351715759227502
14 20 28 8 77544 1.0447845477622946
24 4 5 27 124653 0.9198566153441113
7 16 27 14 61192 1.0440005532957
22 9 18 24 64005 1.0394543219312082
22 22 20 12 52145 0.9804240682590847
29 8 8 12 75918 1.0381627965681166
28 27 13 2 128038 1.0680569933147295
26 21 12 14 57243 0.9290819293271501
1 8 7 4 38898 1.0544120014500833
8 23 29 18 71915 0.9987567787357434
18 3 0 7 85297 1.0730132143467939
13 3 1 7 68754 1.0091719451934433
20 1 0 29 133266 1.0318303234327113
16 17 4 1 71800 1.0428134539595921
5 1 29 13 99051 0.9125726198306902
26 10 11 1 77121 1.079484159709719
19 8 22 15 35896 1.0523310266908381
20 25 29 14 69060 1.084699644184061
8 22 8 5 58816 0.9650850972426376
15 0 28 20 111088 0.9507926781089624
17 10 27 23 72335 0.9878964615531471
14 4 15 17 53843 1.071462749071821
27 17 29 25 37944 1.0535206411326956
9 27 8 16 37153 0.9317726723134359
12 26 17 10 62378 0.963472660089225
16 27 11 21 34196 0.9295518478972136
29 4 1 5 132028 1.0762898747987273
9 11 28 14 65398 1.0502381733678088
15 2 21 19 84492 1.035427229519143
3 8 21 25 97914 1.0577848658331388
0 7 25 22 111907 1.0771311123964824
0 6 20 25 111258 1.0121938193322664
14 20 28 14 56773 1.0346777584431752
14 6 5 9 44890 0.99274208516299
15 15 20 6 42160 0.937973218468054
27 22 1 9 108053 0.9411331218183501
1 18 24 7 92415 0.9852005090877759
23 26 4 26 70731 0.9715713035286558
20 6 10 5 50888 1.0038391892698517
17 15 23 29 69842 1.0832227778706736
0 13 25 10 80832 1.0827956336874982
16 13 4 8 56127 0.9433911410184662
25 0 1 16 126003 1.0690288733145692
16 8 20 17 46910 1.0662786616377558
12 7 12 19 41644 1.0633583833905214
4 19 7 10 30239 1.0396897204138
26 14 29 22 38432 1.0918902643987511
8 0 29 3 105819 0.9440281533823015
22 29 10 5 115224 1.0525727642416487
16 24 12 7 58121 0.9900200136800004
18 15 15 26 50386 1.042401083265608
22 16 1 7 81216 0.9145026302554946
15 9 15 20 50486 0.9804878493563094
18 6 7 19 70500 0.9928027874580907
11 21 9 7 56937 0.9549182817348931
26 0 29 10 45132 1.0554207308450667
24 11 16 17 49599 0.9280366141468953
24 23 10 19 44703 0.934724554040474
16 18 29 10 61964 1.024246707264375
21 23 20 0 85524 0.9948231362842015
9 11 18 6 49530 1.0392552498767023
19 4 0 23 105807 0.9350288217622327
10 25 10 12 42497 1.0311006319392777
23 19 13 23 41308 0.9793846812678562
14 1 18 20 79498 0.9342929134779515
16 29 13 18 37075 0.981694238087157
14 11 20 17 37777 1.0349093441629738
23 5 0 16 98604 0.9244309250964504
29 11 20 5 40373 0.9470093890043936
7 18 27 10 74453 0.9743013256055386
26 1 4 16 106230 0.9343810047764012
24 5 13 24 86383 0.9976760172406509
8 8 11 1 35641 0.9813406371697186
14 3 15 12 41017 0.9889113830031645
9 20 25 12 74911 0.9472806254606285
16 11 23 28 84228 1.0381907004812345
19 29 23 19 52548 0.9994469766866833
15 20 1 21 51838 1.0362024867733393
23 13 1 17 74729 0.9444398856307347
17 6 10 25 74490 0.9078726497406719
24 29 20 12 79283 0.9106754351342007
0 24 18 6 99024 0.9246452506859132
5 3 20 4 76727 0.9005577111010844
29 1 29 25 102995 1.047858967127733
9 17 7 27 43921 1.0000202722358638
28 26 21 4 98958 1.0743525289088716
7 29 13 3 102515 1.0742329412415637
26 7 27 28 79006 0.9125000157341868
1 4 0 29 114834 0.9267265257626432
29 10 0 11 95271 1.0900154672230642
2 21 16 11 68676 0.9257880084235173
7 23 21 28 50054 0.9327155273738594
25 2 18 18 77671 1.0292467715510745
11 28 9 13 46600 1.0429810639506027
8 26 21 20 66085 0.9764646009365594
27 18 0 8 99013 1.0443007251478345
29 9 29 21 47945 1.024251385675468
18 0 12 27 99192 0.915930174660586
6 25 8 1 65029 0.9490665191762928
25 3 27 23 83011 1.0961882619550856
25 25 2 8 110729 0.9405290926759754
29 21 20 11 56867 0.9345388352757195
25 22 18 9 66287 0.9595333030532159
11 25 3 1 79980 1.0828946632973935
25 25 5 25 67915 1.0858677136510613
6 17 23 1 95330 0.900426944250586
26 3 8 15 87933 0.9773320980318335
8 26 18 15 56629 1.001696174316193
0 16 25 9 84529 0.9504173864340911
17 0 0 12 96490 0.9332641776676901
14 4 23 13 63029 1.0436008121411786
18 19 9 13 42825 0.9677696391564468
23 18 20 10 34426 1.0195269779685807
15 8 29 6 58490 1.0822899881336596
19 18 29 9 54596 0.9319349253510771
20 29 28 2 131836 0.9548229929289391
5 17 3 27 41993 1.0877830808840758
29 23 21 13 61000 1.0040074182542686
8 6 16 28 82326 0.9997721483062956
21 23 12 13 47457 1.0796929251393093
10 10 17 5 42898 1.0474165447765476
15 8 4 25 77727 1.0350077704562144
10 12 23 19 59072 1.0224023748017106
15 26 18 19 40612 0.9668124541827237
24 26 4 23 63752 1.097316606411569
10 20 27 21 58784 1.024643368671296
17 21 13 6 68376 0.9905153241281718
2 3 2 23 81815 0.9320793642919479
21 13 16 5 44480 1.0304165208294465
9 26 26 26 64560 1.0893856072369104
23 15 1 17 69159 1.084543713687133
12 22 25 21 48767 1.0177985202513515
7 3 22 27 111666 1.0253187818563463
4 9 26 0 105077 0.9223326760649858
0 3 23 19 118287 0.9340548050407137
0 28 0 5 110205 0.9424409651353456
16 11 17 29 74248 1.0653913610070571
10 14 19 7 51290 0.9291054979406448
27 20 21 5 70792 0.9466083455877479
21 24 16 6 84228 0.9208338808633484
17 21 11 5 81085 1.0362370852568648
15 26 8 2 95056 1.0689919899035263
5 8 25 22 89728 0.9329709936509178
6 0 3 26 80544 1.0299499288318685
24 11 26 23 55861 1.0161870571774483
17 16 25 20 37549 1.0508986766695068
2 24 19 1 108897 0.9004924131394115
6 19 25 24 61662 1.0226258960070835
10 10 24 18 59115 0.952110216367855
29 10 25 20 51110 0.9348736494012407
13 3 3 22 90565 1.0150435872987118
12 10 0 17 48136 0.908564817798171
19 27 12 1 106254 1.016019050078115
3 17 12 10 41866 1.0954343147036325
6 2 13 9 43593 0.9382358347739932
0 23 10 2 82298 1.0456919628208747
3 29 19 23 60892 1.0015081050597536
2 22 16 24 43261 0.9160016998826775
6 19 13 12 34721 1.055036066107637
6 20 4 12 25225 1.0080769096700306
29 20 9 20 74842 1.0055304813171184
1 10 22 1 94304 0.9718322325750786
21 20 0 16 77977 1.0342004043730455
16 25 24 2 108534 1.032129720043183
15 12 4 12 41517 0.948860199183518
6 15 24 25 74011 0.9991059341886059
12 12 4 20 48330 1.0813397225185966
3 18 22 19 59142 0.9975086859874881
25 1 28 25 100905 0.9874454586925112
7 21 27 13 72987 1.037175621726856
24 12 11 24 76318 1.0940723317705803
1 17 7 12 33543 1.0717905203619846
10 8 26 9 59536 1.0336368993919878
19 2 26 19 73937 1.0375498737712665
17 8 12 27 76111 1.082087167994927
6 29 20 6 95233 0.9306879546616509
11 11 24 5 67858 1.0410530012014614
20 2 9 0 50526 0.9668935067517623
28 16 3 22 83906 0.9799787325337096
10 5 6 13 37945 0.9680209855187198
3 4 10 12 51949 0.9924651159663126
27 28 24 13 63563 1.008570899099622
15 7 22 2 42854 0.977728606578661
5 0 27 7 102937 1.0015918249624889
13 24 4 5 70325 0.9317504677321375
5 21 17 23 35000 0.95404622371743
15 2 5 17 77398 0.9627375902217334
17 26 28 7 104593 1.096727283419267
10 27 22 4 93939 0.9994773361493884
2 11 21 15 66821 1.0335395124098838
25 18 21 0 71829 0.9113041481397233
13 2 26 3 71016 0.982509783837457
11 18 17 24 30930 1.0506371487089088
11 19 16 10 44401 0.9887092076819815
16 1 3 12 78519 0.9222777108340806
1 14 10 22 38641 0.9988848444682785
7 13 14 22 46754 0.9824452580467635
20 22 14 12 53489 0.9995095931013774
8 6 27 10 75118 1.0350346094010074
26 12 10 29 80377 1.0346465116984698
17 23 29 26 42361 1.0325314652774378
6 24 17 24 37298 0.9568316629793783
25 20 8 3 104302 0.9491110648843836
6 23 22 3 100188 0.9318725885719961
21 25 12 17 48702 0.9048185330235675
17 21 29 17 53292 1.066864413119726
2 13 11 5 56918 0.9154154723305138
17 27 0 14 76599 0.9131686161206171
16 24 20 7 69323 1.0983735080957873
25 2 24 13 54126 0.9153557546370896
27 4 4 29 131654 1.0384022719513153
19 28 7 9 81771 1.0114204722216702
24 27 0 15 99126 0.9037747739723139
13 19 28 11 66609 1.0801930753542388
16 18 19 7 48334 0.9636798048227101
20 28 10 10 77885 0.9889026415117025
1 6 26 2 121874 1.0868298928422204
18 16 5 11 44837 1.0356385281462945
10 22 21 8 68813 0.9330297308571167
3 18 13 6 61956 0.9212312564161426
16 28 21 7 85998 0.9371813813180796
15 18 19 11 39329 0.9303143019250244
24 14 19 25 57342 1.0502536247672891
0 2 18 19 99219 1.0950475647087388
10 19 27 28 71245 0.9606815912750073
13 14 4 16 26262 0.9348764883781031
22 1 29 10 55963 1.0606547505542765
1 1 26 12 107280 1.0805094637868629
5 17 24 10 74499 1.0736086010505768
16 26 5 18 50714 0.9918055003910535
10 20 3 5 63298 0.9411705807457634
1 22 12 20 41280 1.096512220261044
17 22 26 7 77423 0.9940850400804151
2 29 12 18 58361 0.952161186589994
22 22 2 9 95240 1.037372939094824
29 11 23 3 55508 0.912162208061309
26 28 13 2 124681 0.9368434074151049
19 18 1 12 65093 1.0577825046617622
27 0 2 13 115847 0.948693466187268
28 29 10 10 101724 1.0922959868300024
17 14 26 10 36809 1.0807194168402978
21 18 17 24 36439 0.9605315580626874
0 0 20 24 115760 0.9672458807815918
8 10 18 4 55374 1.080749503732328
3 17 18 24 60614 1.0372052647987007
20 19 8 29 67904 0.9457436537574038
22 2 29 9 50933 0.917474234238541
8 24 11 15 32201 0.9590354551512397
6 22 22 27 65183 1.0188150096717654
18 5 22 14 38346 1.0274817477231637
3 28 17 27 46875 1.056252718921913
28 4 7 16 101850 1.084498524552834
28 5 19 0 53286 0.9187935274064188
21 26 24 7 99766 0.9958632247325576
20 26 13 15 53431 1.0723907877286571
9 26 6 12 46501 0.9326052883882188
25 24 20 10 65967 0.9289917551245506
3 17 23 22 69947 0.9334945641745724
4 20 4 6 49309 0.9645371151157583
8 0 20 14 79466 0.9278268959269914
18 19 28 22 47515 0.9124215678352149
29 21 22 9 61882 0.9381431006934537
7 17 3 29 46328 1.0067291917151184
8 3 0 14 44792 1.09903382759271
29 3 22 29 124215 0.914062225613915
6 23 25 7 95189 0.9202906515906412
22 19 20 2 66121 1.009563163124423
12 3 11 13 51615 0.9828764169374608
5 20 28 19 76394 0.9643235163027595
21 8 26 2 45267 1.0762638725926434
15 29 22 10 82922 1.0889246593041784
10 10 9 22 50377 1.0383004634165884
3 5 9 20 66669 1.0859466578699477
11 17 2 6 61484 1.0644890991857008
3 7 28 7 97639 1.0907135349311
25 29 0 15 108290 1.0341740800550123
20 5 24 11 31181 0.9527122344137711
16 2 18 20 72393 0.9903817949565918
12 20 2 26 46216 1.007746971072543
12 18 7 13 30317 0.9449205305025912
6 9 25 14 60228 0.9655975189213342
29 19 18 11 55492 1.0877432604524577
24 2 5 1 85705 0.9068041194306503
28 14 6 7 71363 1.014537719086924
15 2 13 26 79956 1.071015761786225
20 21 10 28 49067 1.03241350053963
13 17 23 21 45039 1.035002719456117
6 0 14 26 90649 0.9515703991940068
20 27 11 1 117539 0.9864575542530222
8 4 12 20 64900 0.9472527502827558
5 13 8 20 31127 0.9172297321928621
29 25 18 13 71628 1.0691088424947932
23 29 7 12 90982 0.9873573832443268
22 18 4 6 77628 1.0658547220810324
28 23 11 6 99900 0.9778298655999592
25 3 11 7 79182 0.9088296791500622
7 12 17 18 43454 1.0253342240913197
26 28 2 3 141189 1.0909309834382939
19 12 13 19 34282 0.9273552253820446
11 8 24 1 77426 0.9499684950867495
17 27 28 0 138050 1.067599296409987
11 14 26 3 76747 0.9304746914063362
22 18 22 5 60497 1.0877561976426975
26 23 16 0 105123 0.9643068456525131
19 29 27 4 117901 1.090792805312524
21 18 18 3 59192 0.9967771956174061
11 12 10 2 48668 1.0215218379346362
19 26 0 1 116467 0.9060178640027011
13 21 3 29 50622 0.9948179832158448
7 14 24 26 76436 0.9594531791268059
29 24 0 14 94237 0.9958411139962396
23 5 5 18 89947 0.9828600210344045
22 25 2 16 85971 0.9582832013435341
3 21 17 3 96639 1.0782038723361607
24 8 27 15 34334 1.0347379275475435
24 10 20 21 67781 0.9043608827479972
24 27 26 6 89222 0.9769234444730275
9 20 10 7 58955 1.0356178568385086
24 24 27 10 59829 0.9388379231342255
26 26 4 9 99380 1.0157308573094004
22 4 13 2 57205 0.9732655096382239
25 16 21 8 44766 1.0908129202588484
6 4 14 26 75793 0.9778095993335465
11 15 26 16 44899 0.9269404747825486
23 26 9 16 61039 1.062207374253896
0 11 20 25 90294 1.0377570745701108
27 27 26 10 63619 1.0959378921015428
14 1 27 21 106284 0.9231639201371711
28 3 14 28 120275 0.9036276809369646
0 26 10 5 93964 1.0328724640656923
0 24 18 10 85483 1.0530468344021182
28 7 0 15 100488 1.0410184015478747
2 22 26 19 77073 0.9972670525723156
29 24 0 1 133643 0.9120468284779227
25 0 18 4 44797 1.03569973161291
8 5 28 1 100951 1.0570568675884946
16 26 20 5 81102 0.9590079189876791
15 14 18 5 40546 1.080679757382823
21 9 1 18 74991 1.0524726475453683
11 20 18 0 86166 1.030932467659078
6 12 2 25 43020 0.9478757317325844
13 17 1 6 67629 1.0549614001693004
21 4 18 19 55495 0.936925962210032
20 13 5 10 50510 0.9528178943106579
9 23 19 3 87258 1.0670094839565327
12 14 19 6 50953 0.9968466969419165
18 24 24 14 54931 0.9547328927389883
20 13 2 29 90612 0.9642676313382917
0 4 17 11 87114 1.0540109568596636
6 24 8 14 30517 0.9877926590971251
14 0 1 7 71948 0.9064716613675344
18 18 8 24 44306 1.0729157001294098
15 3 19 19 77703 0.9837865356954392
28 28 27 19 38189 1.0666461738741382
15 11 10 28 56771 0.9864115798321885
22 15 24 25 52385 1.0828623756957512
22 29 16 22 47954 0.9239676195743848
9 28 27 23 58417 0.9022865523913927
20 12 23 20 35999 1.0714454399401416
25 20 8 0 111481 0.928562208060546
26 29 16 18 69221 0.9910497114502407
13 0 11 13 67525 1.016658072890022
5 23 20 23 37038 0.9451767118219505
28 20 19 19 43198 1.0359993618903012
23 0 22 12 60303 0.9185728457003238
13 23 20 16 33334 0.9645779420106231
22 26 14 29 43919 1.0816162201899284
22 16 4 24 62882 1.0646976153757075
3 20 15 18 42235 0.9363100826339437
19 2 13 29 97157 0.9223157553470949
13 8 19 24 56473 0.9671330614528674
15 26 25 5 105969 0.9483933847554546
20 0 14 27 97676 1.008108793795161
29 14 24 5 48326 1.0250969880228984
20 7 8 19 64760 0.9586843674454579
22 28 26 12 71585 0.9515009203427439
15 18 19 5 58726 1.0049158636784117
26 17 5 23 71930 0.9215015313111511
9 0 16 13 66916 1.030110119051014
20 28 3 23 57340 0.9681625122613253
5 14 29 2 107122 1.0421734695503493
12 19 13 0 74685 0.9140039584615476
2 18 18 2 90865 1.092597540819802
0 1 18 16 84669 0.9832475832569694
27 26 24 4 93021 1.072871394872535
0 0 7 26 92906 1.0101408588521346
23 28 22 0 119868 1.0001583872288593
16 12 0 22 72824 1.0486411726294294
28 22 24 12 54665 0.9289241927560135
21 13 25 23 51935 1.0363557671478523
27 18 1 0 118632 1.0941961342894337
20 12 13 8 36023 1.065663890836715
18 23 29 28 47531 1.020579120875435
14 24 6 29 42782 1.0839873737634727
20 19 27 8 59409 1.0237031680487456
0 1 11 6 60883 1.096268547404561
16 12 17 3 45690 1.012198168105285
2 10 19 28 88628 1.044024266382919
19 26 13 20 34088 0.9401410220876081
22 18 14 11 45255 1.0815988988375729
24 23 9 12 67303 1.0457664265776023
16 5 9 9 40886 1.04261014844221
13 26 28 4 105999 0.9976058426657113
1 27 11 18 53792 1.0637985488770754
16 27 10 13 56435 1.0463450240970424
15 17 10 28 38689 0.9143246666662698
24 28 11 4 114722 1.01105449416392
8 17 20 18 37929 0.9445657130919767
2 14 12 9 35123 1.0250509018108993
10 27 20 5 79239 0.9231548702960707
5 8 21 17 64525 1.0633413633076079
26 4 10 14 74964 0.9055008418871733
15 19 20 29 57845 0.9498806421637971
9 18 16 27 41528 0.9691938436437479
12 5 16 16 48029 0.9041762271029966
11 7 20 28 87675 0.9785624764862118
18 12 10 6 51967 0.9225186413095626
0 13 9 10 31302 1.0217265574448535
27 8 21 3 43778 1.091562357248393
27 29 15 21 63101 0.9210184930778907
6 21 26 15 69427 1.0906281446781059
18 18 22 10 37867 0.9224267559252644
25 16 0 25 92515 1.0128383593817063
25 28 13 17 64900 1.0393631558375704
8 10 7 22 38231 1.0132535197137835
29 4 16 17 80641 1.0255398170877927
5 6 26 12 80920 0.9496766047794338
7 25 13 9 61009 1.0234484197900278
5 19 22 28 69380 0.9220723194763142
16 7 25 17 60857 1.0822801095127768
20 13 12 20 39953 1.0447782577660942
12 9 12 22 45680 1.0753203009358787
8 13 18 2 73656 1.0368766092860346
29 10 0 18 96997 1.0596169593274345
17 15 23 1 62858 1.0593029491354453
18 26 5 22 52462 1.083976534025556
26 28 3 16 98804 1.0682152459821739
6 19 9 1 53795 0.9412617620823924
28 15 20 2 60084 1.0476576925066943
24 17 11 6 77295 0.9756565517938719
1 9 28 20 111763 1.0337096199951072
13 9 16 1 42847 1.0373614728774494
9 14 10 0 57414 0.9271511624542228
7 13 7 0 33680 0.9111338661113147
11 28 27 24 58763 0.9991520931368603
22 18 20 9 40035 1.06567264050482
9 17 23 16 40804 1.0715859908946115
13 21 29 6 85780 1.075372326788255
21 2 14 12 54195 1.0659320637523557
1 8 11 4 61821 0.939294867171796
6 17 29 2 112486 1.053298574091316
15 29 9 12 64841 1.0596592902377717
21 0 4 10 84306 0.9630508665349744
3 2 27 28 137085 0.9013209298428704
6 0 27 14 90184 0.9967740238902016
13 23 22 24 28612 1.088463755491915
20 9 23 27 76021 0.9573423427337394
14 22 21 19 41437 1.0517548264819059
5 28 13 0 103196 0.9233984066973653
16 0 20 29 123131 1.0803430191501395
28 7 5 26 114998 1.069904151146722
17 3 13 29 94321 1.0785168959702924
18 26 16 18 44436 1.046883607177073
7 29 25 14 85321 0.9406097857594575
23 13 11 22 62366 0.9928861272378451
27 8 16 20 69981 0.9111321023259265
7 7 4 28 59121 1.078902878741395
10 12 0 9 43271 1.0780767551721524
6 2 27 13 84762 1.037234245480505
0 9 7 24 61626 0.9466373845378421
18 0 12 12 61492 1.004969674263633
13 25 29 27 61302 1.05577597564928
23 24 20 1 86398 1.0954720750533555
13 1 15 23 79493 0.9023261189576094
5 4 24 22 96499 1.005202472301038
21 28 29 1 128094 1.0531571277037353
29 1 17 10 67884 0.9036233260336626
26 1 2 19 119857 0.9413222969391715
5 8 0 28 77610 1.0307635971722056
19 28 14 17 51353 1.090897185011042
26 1 0 12 115552 1.0680693978235793
17 15 25 25 61430 0.9499142964188141
14 6 26 23 82497 0.989223719550681
7 26 28 24 74895 1.0081284046534336
26 21 23 12 41634 1.0083742078033342
7 6 12 26 67377 1.0451420151318123
12 25 22 10 70669 0.9633124687025233
22 29 5 11 95171 0.9618255393849189
21 23 20 14 45351 0.9557801781341186
23 2 22 24 105209 0.9825802016755412
27 3 5 20 113048 1.0281317508024437
2 27 10 25 37606 1.0924807374803225
29 26 2 22 84968 1.0053633547436989
4 23 10 16 30827 1.0538042996526649
19 6 7 7 52847 0.9866509932582765
10 14 16 2 61870 0.9402149020771665
15 25 15 2 86575 1.0929639834901452
28 3 3 28 142053 1.0837617443980205
15 29 1 17 66149 0.9763827120050934
24 7 0 21 103623 0.9468130494248783
4 20 8 1 60372 0.95974768020261
22 26 5 27 70800 0.9739330687294485
26 24 2 10 94815 0.9996868651065483
15 28 28 25 56604 1.0574675201559245
19 14 25 18 28269 1.0927703358846228
23 28 1 6 122288 1.093330755591479
19 26 27 2 112212 0.9856158634250836
6 28 2 6 71669 0.9353440408074283
3 0 27 29 140124 1.0418027113778512
0 25 19 15 76552 1.0453944985491241
23 18 19 11 36522 0.9445819521415577
23 8 28 0 57217 1.002370427321091
3 17 17 17 48485 1.0426250801014687
11 2 24 4 77986 0.9495979891608543
18 27 13 2 105900 0.9937372550386934
9 3 5 22 59663 0.9598295062357111
25 8 11 1 77441 0.9225704634967973
28 12 7 23 82667 1.0012444679420118
10 25 12 15 28629 0.9683957210013033
27 6 19 26 97265 1.080126478831705
3 14 22 15 54785 0.9081465464294542
28 23 23 13 52953 1.040836180578246
24 4 13 13 70495 1.0541022949275378
24 4 26 24 84036 0.9125031534023845
24 10 24 20 52736 1.0459707961930018
9 2 22 6 69429 0.9548430441647151
8 5 16 10 47944 1.025713436466495
0 11 22 21 96130 0.9019934811158057
12 14 26 0 84948 0.9116157137899169
26 25 19 12 62367 1.0495611044750588
0 7 27 28 130406 1.0952440341219145
21 6 7 3 68041 1.0625096006542218
28 4 28 22 84294 0.9399663543116535
5 9 19 16 49685 1.0321072983954753
20 11 5 12 52095 0.9785982915989802
29 5 2 15 104470 1.0800477822263699
9 6 28 8 75220 1.046277993092357
0 5 2 25 89416 1.0997324963990285
22 3 3 21 104645 1.05715581934208
29 5 0 14 103106 1.0921130940644628
16 4 19 15 52627 1.0747848401415612
21 4 20 25 89811 1.0558830411973938
1 10 4 27 66761 0.9319683809878048
7 12 15 21 52430 1.003157193172001
0 24 7 20 33894 1.043374840855847
10 23 29 2 114490 1.0252502654105347
8 26 17 7 84668 1.000649858110788
22 13 23 24 48898 0.9934853739126576
23 7 3 24 101816 1.0773962624076263
4 14 23 13 52106 0.9480096571460436
16 22 3 29 58092 0.9510428193811518
27 2 19 14 62307 0.9104932162850593
29 13 0 5 114955 0.907831622247996
18 5 7 21 79044 1.027671493484335
1 1 23 27 125306 0.9406532437219479
11 26 17 11 69220 1.0415387664205698
22 16 26 3 57561 0.9245807866211477
24 25 1 4 127412 0.9412046046104138
12 20 19 12 41581 0.9173059040937492
25 23 3 28 69441 1.050164352120306
9 18 13 10 29466 1.0855422407206377
29 22 3 18 85111 1.0702244703245658
26 1 7 11 88801 0.9239577660252478
28 6 0 8 109423 0.9160385465257667
