5541 5937 6389 5733 6364 5958 5933 5462 6222 5820 6048 6179 6482 5733 5580 7730 7722 7445 7627 7525 7976 8177 7543 7813 8109 8166 7605 8065 7852
2154 2298 2178 2124 2315 2550 2705 2092 2625 2556 2911 2434 2714 2605 2283 2922 2256 2224 2775 2340 2178 2698 2085 2215 2014 2355 2216 2070 2103
2716 2995 2649 3055 3364 1725 2287 2292 1797 2066 1762 2044 1639 2394 1488 2137 2271 1566 2151 2462 2389 1645 1693 1521 1979 2450 1556 2229 1669
2070 1855 1180 1973 1686 1742 1924 1134 2041 1413 1559 1226 1489 1504 1087 1161 1152 1422 1128 1887 2670 3068 2683 3064 3382 2769 3331 3405 2802
2411 2662 3095 2835 2190 2191 2158 2331 3073 2500 2731 2948 2251 2182 2666 2485 2679 2481 2864 2616 2723 2234 2292 2985 2737 2433 1963 2033 2346
4771 4962 4633 4266 4657 4587 4803 4320 4303 4575 4217 4694 4348 4394 4536 4742 4919 4516 4384 4909 4557 4907 4713 4633 4824 4557 4253 4612 6852
6700 6809 7226 7222 7386 6670 7127 6568 7036 7160 6910 6831 7100 6533 7314 6922 7489 6770 7190 6816 6824 6824 7233 7313 7132 6985 1796 1201 1584
6168 6311 6869 6243 6342 6163 6119 5967 6476 6052 6538 6456 6920 6094 6375 6537 6858 6190 6300 6275 6138 6512 6454 6179 6443 6055 6203 6257 6235
4998 4351 4876 4734 4804 5129 4600 4731 4265 5760 5910 6065 6002 5916 6508 5683 6462 5670 6519 6266 6191 6133 6558 6334 5870 6167 6225 6331 5962
3063 2980 2810 3022 2771 2891 2847 2930 2978 2801 3719 3548 3458 2808 3323 3183 5851 5818 5660 5502 5952 5812 5412 6307 5500 5723 5505 6026 5970
2306 2868 2629 2676 2374 2773 2550 3086 2927 2235 2878 2724 2751 2347 3044 3047 2376 2423 2745 2822 2082 2764 1895 2407 2691 2806 2729 2022 2130
2681 2598 2302 2569 3120 2324 2322 2248 2699 3141 2218 2508 2302 2502 2847 2571 2219 3151 2426 2895 5496 5763 5683 5545 5872 5952 6086 5321 5564
4822 4858 5571 4900 5187 5524 4926 5354 4892 5602 5409 5314 4695 4785 4865 5496 4711 5246 3941 4297 3846 3801 4285 3870 3822 4235 4170 4047 3843
1609 1351 1476 1726 1729 1597 1412 2123 1301 1827 1919 2128 1704 2132 6160 5993 5996 6075 6354 6075 6482 5698 5941 6359 6241 5611 5515 6451 6023
6586 6681 6046 6381 5898 5952 6475 6679 6801 7099 7755 7512 7427 7228 7510 7442 7826 7398 7455 7116 7310 7812 6993 6992 7878 7135 7073 7015 7231
2313 2430 2659 2952 2600 2406 3011 2206 2807 2166 3112 2933 2500 2300 3000 3067 2991 3093 2702 2778 2978 2335 2170 2514 2854 2770 2522 2988 2792
6693 6825 6999 6941 7103 6884 7272 7384 7059 7175 6799 7118 6808 7302 6900 7454 7145 6923 6438 5884 6260 5912 6524 6176 5877 6652 6495 6218 6631
6111 5452 5799 6184 6124 6242 5797 5364 6119 5947 5761 6171 5548 5497 5589 6316 6203 5757 5585 5782 5632 6174 8137 8145 8666 8503 8472 8277 8345
7097 6809 6765 7122 6962 6815 6349 6917 6739 7020 7089 7133 7115 7023 6306 6363 7393 7583 7279 7819 8056 7772 7513 7844 7724 7478 7414 7338 8197
2127 1762 2310 2065 2112 1810 1850 2706 6343 6676 6798 7086 7124 6177 6548 6752 6346 6563 6684 6386 7117 7083 7153 6637 6968 6646 6208 6396 6811
4591 4665 5074 4807 5360 4590 4426 5101 4502 5325 4875 4924 4885 5342 4690 4837 4444 4462 4386 4537 5196 5139 4644 5335 1939 2113 2214 2472 1925
8169 8390 8071 8316 7917 8174 8251 8184 8658 7753 8153 8729 7756 8302 7901 8155 8691 7736 8566 8543 3000 3316 2676 2674 2527 2764 3057 2954 2822
7298 7860 8229 7662 7270 7818 8087 7739 7569 7166 7073 7033 6581 7035 7202 6674 6573 6581 7314 7223 7194 7394 7199 6790 6708 6554 7517 6585 7246
4135 3968 3713 4078 3437 3960 3716 4190 3498 3965 3866 1866 2387 2503 1713 1665 2047 2425 1970 1816 1554 2285 1815 2388 1610 2496 1526 2060 2007
2874 4742 3948 4737 4575 3972 4144 3989 4359 4362 4832 4746 4335 4081 4714 4688 4502 4461 4239 4342 4728 4759 4152 3952 4159 4156 4458 4378 4086
5676 6153 6405 5842 5861 6404 6169 5785 5827 5905 6372 6004 6357 6449 5736 5985 6173 6529 6273 6616 6116 5862 6207 5740 5656 6494 6200 6943 6696
7959 7502 7882 7348 7628 7817 7779 7720 7265 7650 7522 7834 7483 7408 7241 7414 7869 4966 4534 4541 5147 5105 4179 4631 4832 4181 4369 5143 4734
7576 7666 7735 7213 7494 6842 7654 6936 7677 7300 7131 7618 7163 7107 3771 3092 3151 3149 3296 2913 3668 3842 2969 3514 3423 3603 3066 3435 3193
5600 6072 7593 6964 7032 6956 7455 7057 7005 6824 6976 6693 7436 7503 7091 7485 7220 7273 7186 6838 7027 6701 7182 6635 7464 6964 7202 7215 7289
6705 2424 3117 2902 3024 3249 2464 2635 2479 2280 3244 2830 2679 3219 2989 2722 2978 2297 2461 2526 3227 2752 2674 2783 2862 2491 2250 2878 2837
3258 3825 4295 7684 8175 5952 7137 2308 5018 7052 2021 6650 2326 4670 4568 7707 6700 3276 6138 2494 6672 4773 3979 2301 3551 1869 2960 2320 4164 5715
3893 3567 4332 8011 7928 5392 7201 1853 5126 6860 1942 7672 2622 4592 5075 8041 6409 3204 6335 1585 7015 4673 4564 2582 3035 2043 2984 2490 4306 6013
5977 3563 4106 8134 7440 5188 2711 1941 4571 6815 1866 7351 2990 4617 4919 8288 6785 3299 2323 2239 6452 2660 3605 2203 3714 1701 2816 2579 4364 5835
5557 3316 3915 8321 8288 5763 2896 2323 4613 7710 2583 6841 2506 3648 5066 8513 6884 3230 2079 1607 4572 1951 4084 2491 3274 1964 2510 2634 3934 6149
5154 3990 4116 8400 7845 5550 2867 1850 4928 6897 1934 7399 2918 3951 5089 8490 6597 3255 2105 2096 4572 2712 4587 2604 2910 1892 2999 2185 4680 6225
5386 3734 4012 7460 7610 4970 2957 1682 4770 7589 2212 6865 2100 4622 4905 8460 7153 2603 2537 2012 4682 2390 4285 2134 3254 1482 2615 2625 4351 5894
6034 3204 4591 8025 7718 4974 3521 2397 4260 7339 2613 6738 2488 4136 4996 7636 7225 3324 2787 1570 3922 2383 3854 1762 3350 1480 2807 2642 3790 6164
5942 3715 4575 7701 7860 5025 2785 2755 4573 7549 2235 7630 3114 4007 4610 8359 7003 3001 1990 2171 4323 1913 1805 1860 3720 1781 2856 2471 4554 6337
5347 3713 3876 8308 7587 5469 3231 1883 4280 7213 2227 7172 2929 4099 4949 8634 7362 2564 1891 1646 3839 2171 1993 2499 3369 2257 2295 2298 4568 5557
5923 3475 4214 7794 7901 5067 3230 2020 4312 7681 2233 7608 3026 3764 4527 8292 6709 2902 2153 1728 4728 2801 1362 2600 3698 1699 2753 2473 4062 6034
5660 3696 3894 8146 7393 5887 3250 2480 4690 7212 2594 6821 2507 4042 4309 8633 7051 3267 2320 1704 4738 2442 1657 1694 3591 2289 2798 1819 4231 6527
5833 3786 4212 8137 7420 5807 3292 2142 5139 6960 5688 7608 2494 4217 4643 7878 7588 2765 2743 1734 4604 2420 2236 2143 3439 1523 2607 2272 4150 6560
5723 3551 3731 7913 8094 5370 3249 2769 4145 7032 5002 7607 2823 4179 4938 8520 6810 3005 2827 2329 3821 2762 1991 2484 3569 2311 2975 5951 3758 6226
5134 3829 4105 8124 8230 5599 3125 2674 4628 7554 5218 7245 3016 4205 4913 7031 7090 3261 2546 1787 4093 2331 2081 2121 3968 1344 3116 6427 4820 5841
5331 5724 4152 8152 7687 5138 3117 1871 4202 6956 5330 6613 2669 4517 4140 6741 7319 2840 2378 2186 4014 2868 2307 2611 3793 1697 2072 6076 5267 5682
5971 4977 3729 7775 7523 5253 3359 2102 4798 6986 5179 7356 2703 3880 4298 6804 7002 2878 1874 2530 3979 2305 1895 2229 4156 2323 2650 6500 5177 6237
5159 4980 3993 8061 7326 5197 2733 2030 4970 7439 5607 6935 3056 4529 4654 6612 6992 3010 2627 2572 4252 1910 1338 2147 4419 1891 2377 6394 5686 6386
5809 5158 4147 7545 7585 5764 2809 2252 4518 6836 4981 6906 2861 3941 4634 6953 7607 3082 2751 1816 4219 2895 1416 1807 4394 1540 2734 5913 5308 6220
5342 4895 4479 8244 7402 5902 3481 2668 4652 7157 5856 7026 2648 4402 4953 6581 7267 3073 1963 1831 4588 2729 1359 2343 4343 1701 2486 6459 4824 6123
5184 5666 4410 2658 8328 5597 2820 2493 5022 7627 5632 7185 7261 3735 4940 7106 6806 2509 2270 2490 4484 2610 1722 5364 3666 2246 2192 6480 5152 6419
5986 5554 4119 2253 7840 5037 3135 1867 4620 7218 5620 7025 8031 4232 4557 7105 7631 2443 1951 1752 3913 2675 2301 5523 3604 2077 2417 6396 4726 8218
5439 5517 3994 2204 8026 5504 2815 1899 4256 7374 4909 6622 7707 4456 4595 6671 7352 3287 2848 1861 4287 1962 2064 5056 3946 1653 2112 5840 4889 7803
5743 4975 4583 1985 7330 5904 2860 2555 5135 8257 5084 7223 7565 3877 4873 6794 7606 3322 2496 2582 4664 2292 1532 5121 3678 1545 2568 5852 4814 7840
5584 5063 4352 2443 8186 5726 3273 2706 4954 8395 5728 6831 7623 4276 4337 6585 7428 2703 2588 2345 4793 2288 2177 5531 4344 4470 2006 6463 5683 8304
5612 4971 4098 1904 7531 5295 3189 2794 4157 8052 5733 7456 7758 4410 4535 7445 6779 8083 2563 2441 4738 2477 2006 4830 3720 4443 2219 5797 5643 7664
5562 4969 4018 1640 8199 5946 2704 1842 4922 7655 5310 7491 7846 4184 4842 7412 7231 8159 2024 2555 4036 2683 2116 4822 4236 4425 2557 6572 5286 8313
5753 4893 4643 2284 8248 5599 2823 2464 4388 8038 5632 7605 7307 3528 4381 7123 7353 7747 2767 1803 3917 1944 1894 5133 3558 4119 2358 6399 5289 8133
6150 5024 3884 1912 3892 5079 2953 2284 4299 7619 5874 7604 8042 3564 4694 6818 7390 7544 2393 1994 3987 2039 1622 5631 4008 4281 1916 5960 5333 8407
6103 5260 4692 2287 4273 5397 2695 2321 4430 7891 5910 6865 8019 4041 4430 7116 6879 7573 2369 2736 4431 2809 1322 4860 3924 4619 2683 6494 5402 8205
4 17 17 19 31410 1.0434171674481414
10 0 13 28 82851 1.0621067849448327
1 2 9 27 65355 1.0559392395592502
10 6 18 3 39619 1.019751521498852
19 14 0 15 76850 1.0420248958139458
27 21 18 23 28168 0.9577878460488307
21 13 6 10 53989 0.9066967191261364
8 7 0 10 21424 0.9702233200420189
25 3 7 12 61072 0.9239764852048322
21 25 28 16 40268 1.0510116995128382
7 24 6 10 41990 0.9680012050040928
13 1 24 21 67019 1.012623355524299
14 20 3 19 27500 0.9543942696559924
2 19 28 25 68907 1.0200217873130075
15 9 4 5 33885 0.9506984412391366
1 14 17 22 49576 1.0361600167303062
27 21 10 29 51317 1.0396168187192527
22 29 20 13 52285 1.0411485335336434
0 12 21 11 71006 1.0062974150483646
19 8 7 19 56185 1.0037149718620206
16 24 25 26 25251 0.9575102873457209
24 3 12 21 75026 1.0547334378275526
11 22 25 27 40976 0.9223239748444699
5 10 29 5 69648 0.9555763465116848
16 6 22 2 29843 0.9246985473891023
11 7 26 14 63311 1.0909313403603136
3 0 0 29 59058 0.9162237589898913
22 18 7 13 54205 1.0724211825605594
24 21 3 26 49850 0.9162003928228909
14 7 10 26 54478 0.9429379168392583
22 13 24 27 36628 1.0581199049398318
13 23 22 22 18997 1.0482121389592836
20 12 11 17 41972 0.9405284557605811
13 1 21 15 63538 1.0591120187489338
26 11 15 17 57563 0.9338569846421616
9 9 17 27 69463 0.9843684761020841
16 28 3 2 74789 1.09789760479281
27 22 5 24 49475 1.0530320253487597
2 14 19 24 58863 0.9292381902824989
20 20 25 0 77637 1.038550311357879
17 5 22 21 60953 1.0546380721852415
26 12 21 23 44603 1.0197444385622636
5 0 6 18 43150 1.082203879424844
8 24 26 14 64457 0.9815210091214777
19 9 14 25 68304 1.0677118225157731
14 6 7 11 33363 0.964127454005087
21 22 12 8 54780 1.0160866360434713
28 29 19 19 49890 1.0878647040322118
3 25 19 3 75680 1.0703666849281954
9 12 16 8 31653 0.9885926919187082
22 2 17 20 73696 0.9484852962863877
26 1 8 23 100606 0.9930363644979741
4 15 13 28 53824 0.9544218252849264
23 18 8 4 76136 1.046347991815471
26 6 7 3 72105 0.9417007901132661
20 12 13 6 34924 1.0955091135271926
24 18 28 3 56394 1.0259592827401751
27 5 2 5 73073 1.0044956097551134
1 2 25 21 80121 0.9240535244897695
8 13 0 4 46040 1.0592299901439755
9 21 27 22 37657 0.9076507678806189
14 6 19 16 51599 1.0550858051392402
28 14 14 10 68582 0.9690223015114225
8 13 12 19 27283 0.9438428949625469
27 0 6 9 91518 0.9888333808385139
8 26 5 16 41908 1.0420983161930493
25 10 19 28 60597 1.0791663428839613
4 7 22 28 79636 0.9124607549317136
10 14 3 2 39830 0.9513289769346878
8 19 2 29 31288 1.046913497389231
25 4 27 29 86871 0.9688188818984759
20 11 3 14 59036 1.0198636853822265
26 29 9 2 108764 0.9319372908416992
10 4 19 8 31391 1.0762917105205636
22 26 27 18 28444 1.0271008036948421
6 23 3 2 40593 1.069850410995673
13 5 3 13 34172 1.093020747494829
5 5 12 20 48816 1.0723920761297665
11 28 2 2 68062 1.0077776266248424
14 22 10 4 55913 1.0714152876559535
18 3 9 10 47504 0.9145404899732686
12 8 12 18 34040 1.073075553583583
26 21 20 16 28709 1.0165052686718175
4 24 10 4 52942 0.9072089195355193
18 27 5 23 43062 0.9933772516083584
3 20 29 9 82440 1.0825536504883304
23 2 21 22 60250 1.0533200838240984
4 15 10 0 50064 1.0726985649425194
16 19 9 7 45898 1.0685871088027394
25 4 5 14 80244 0.9845786294659494
9 6 24 21 69307 1.004657285110689
20 12 15 0 50124 0.9830609487438584
19 16 13 25 42854 0.9075362128327341
3 23 23 19 47399 1.0464932616573157
2 21 14 25 28561 1.0067579739860661
18 21 1 11 52425 1.0063284307230562
10 9 23 14 57752 0.9314921137988056
2 13 12 1 47042 1.0525932646239204
24 18 16 16 32779 1.0826619613187416
8 9 18 23 60038 0.9300802080975878
7 10 14 4 35256 1.0244616785590381
11 8 4 16 37151 0.9750369347382505
2 13 18 10 59031 1.0715407930121217
28 20 18 7 59621 0.9341371759587705
6 10 13 13 23649 0.9840147427076364
12 12 27 20 57652 1.0364514733569128
5 3 7 26 64023 1.0473189798105584
17 12 24 21 46914 1.0401008461332364
11 0 14 17 50990 0.988449561783225
20 27 5 5 78790 0.9260066493582205
1 27 21 28 50158 1.0045291327763952
13 10 25 28 74324 0.9968062573018166
15 18 9 5 47083 0.9309957100541784
18 5 8 15 61030 1.0591159124662837
0 10 21 20 59816 0.9244007038461544
10 14 2 1 45248 1.092678560158408
12 9 27 8 49609 0.9677267995072995
5 28 27 4 112500 1.0208148910394017
3 7 3 18 15188 0.9650241949836231
0 12 11 7 32598 1.0788377411091001
4 27 28 2 108079 1.0019663592925312
10 0 29 28 106059 0.952566362759326
15 29 3 18 48711 0.9903816376120941
14 21 11 2 58439 0.9805579660549565
23 29 14 25 24762 1.0088705248076362
28 16 12 21 55064 0.967153486557544
7 22 9 4 55940 0.940190367989431
11 13 7 6 28479 0.9945861688844376
22 9 3 11 63612 0.964392201972789
2 21 10 19 19920 1.0348092634907058
20 18 28 2 70387 0.9471084898324331
14 19 17 11 33769 1.0300689774409528
10 17 0 16 34014 1.0756136471906146
2 8 13 24 51126 0.9873075543830038
25 5 11 6 45761 1.0330461491103318
4 4 23 4 60041 1.054200641255499
15 2 9 17 49422 0.9106272612898071
27 27 4 27 53829 1.0743742745992035
29 11 9 26 77216 1.0999337972303918
22 12 1 4 81026 1.0822983020538062
7 28 24 20 57619 1.0262317178320026
11 22 1 9 40247 1.0261994595307693
26 25 20 11 59503 0.9013700090931515
23 16 2 22 55181 1.0409515518546806
3 26 5 1 52380 0.9986229999377662
2 2 19 2 58656 0.9342163170861089
14 6 8 24 57911 1.0935373184211072
0 13 25 13 82346 1.0962319574606232
28 23 22 1 82390 1.0369223620755201
27 5 10 5 57533 1.0612006209407088
11 16 8 2 45753 1.0841839493339467
11 21 22 2 77291 0.9767596645960829
18 5 3 28 85694 1.0907607193481863
2 15 23 18 51399 1.0053802699122993
6 1 20 28 90727 0.9838442802577556
13 0 20 22 61357 1.031162869542087
22 16 16 11 50534 0.9470289919224637
13 26 9 0 80670 0.9355255852356538
7 22 28 13 66999 0.923278632311363
27 8 13 2 47093 1.0715429622086685
3 22 27 19 56773 1.0111797893539127
15 5 26 0 55056 0.9475608669324003
12 10 28 19 62959 1.0152006556412936
11 14 26 4 63288 0.9983476944190482
18 14 2 23 61437 0.9931882099465048
11 9 16 2 29784 1.0226426401512108
23 18 24 2 51707 1.072461702263137
19 9 10 10 38239 1.0812200588198513
17 19 26 5 64987 1.0263504545739193
7 29 29 27 66887 0.9907334446021233
21 12 16 21 48855 1.0901995233295398
13 0 27 6 48877 1.062572871656672
4 13 3 3 19455 0.9451061177468033
12 25 25 19 36582 0.9762393936974672
8 0 26 22 94862 0.9536170736604583
3 13 27 29 78885 1.0438289924284019
5 0 1 13 36837 0.9037368509659275
20 18 23 4 48533 1.0968656287762522
11 14 28 1 73224 1.0246484689672744
17 15 0 18 59509 1.0379277332580015
25 16 13 24 50106 1.0199477777304913
20 7 18 22 53049 1.0065100949835626
11 12 1 11 29634 1.0206726279612361
26 6 12 11 49931 0.9557478927223294
24 18 13 12 44004 1.0591012608453405
23 23 14 4 71137 1.0022289187036444
0 28 19 25 43605 0.9464945250400538
17 16 24 27 48637 1.0046804016419426
13 11 27 3 45975 0.9271075039251194
29 3 9 13 66610 0.9464278280539384
11 4 11 22 49627 0.9352940017961474
24 10 1 24 80091 0.9216853964430528
1 8 26 29 94342 1.067634287006195
10 9 4 23 41034 0.9894023831856495
2 19 22 13 58443 0.9699861665176018
16 16 24 25 47789 0.9857837960341589
22 25 3 25 35150 0.9352598760662953
28 18 3 5 74291 1.0795344768353035
21 18 0 17 50205 0.9190544291232259
3 18 17 17 35381 1.0748699027178794
9 21 29 3 85046 0.9680171315069696
4 6 7 27 49401 1.0104924199636949
29 10 22 28 61657 0.9886939871905525
5 21 17 9 67997 0.9729520930518489
3 26 26 29 62988 1.0842799983351479
6 7 0 20 35007 0.9014806923614597
12 10 0 21 49162 1.0622515413239393
9 6 23 11 50188 1.0258763723167954
24 29 17 24 35279 1.0246802981380316
26 11 17 23 62307 0.9225147089782346
9 28 19 1 86123 0.963247047149309
17 11 9 24 56991 1.0706679972019797
10 11 22 15 60056 0.9939970257036954
19 18 13 29 50141 0.9245503977314365
29 5 20 24 70424 0.9713020147736182
27 6 11 1 54605 0.9019351507375897
14 8 20 20 50649 0.9605145139189377
6 17 26 18 52983 0.9188957591890693
28 29 23 8 69110 1.041846127854929
9 22 18 9 67255 1.082808383497711
26 4 17 9 46675 1.0671639179298167
24 6 17 10 38014 1.074765226825546
0 9 25 0 88017 1.03762065315387
9 15 25 24 60829 0.9936929860553533
5 12 19 8 47082 0.9066719037373028
21 22 3 15 45555 0.9031839658339739
8 24 28 28 57368 0.9283165572441995
20 2 8 0 53284 1.0906695790704861
15 8 3 25 60997 0.9147416850080539
15 20 7 17 26153 1.0875761134181152
7 20 13 4 50895 0.9984591644927239
8 11 27 9 72793 0.9572808622419275
20 17 6 15 55892 0.9040469984302052
21 11 7 13 58577 1.0804497902835326
11 15 23 6 48393 1.0431606848284303
27 12 14 2 77789 0.9291744696005941
8 3 28 24 103609 1.0287413036447095
18 2 9 1 35985 0.9114911040091487
5 5 28 8 69076 0.936743251363412
25 24 15 18 36687 0.9823626986149179
11 12 26 1 66222 1.027650781136497
0 19 25 29 77679 0.9029396600207316
19 5 13 26 69176 0.9296477310484034
20 21 2 1 71014 1.0402044130925976
22 2 21 29 81845 1.0433364978267947
12 29 3 16 48565 1.0560551662863977
0 15 27 14 86185 1.0788292397014498
23 29 22 20 22405 1.0030200978061004
16 16 9 24 41196 0.9624215841880466
22 22 17 27 30015 1.0918070523272714
23 0 8 26 99202 0.9036011073988038
29 24 16 23 34620 1.0207089577225876
14 26 23 2 82285 0.9352181090163131
23 24 14 26 21428 0.9721840026024716
26 21 11 2 78771 0.9822173976898726
20 13 0 5 74412 0.9533493087226043
13 22 4 26 25901 1.0981294300674729
13 9 26 11 59816 0.9828025926272089
0 8 2 16 23605 1.0047997566066427
11 0 11 28 76901 0.946386989894653
1 5 29 16 86979 0.9152350387242936
1 19 23 25 51670 0.9002834514731083
28 16 10 18 55226 0.9551525545292562
16 22 13 4 49360 1.0522013145370648
27 7 3 27 91347 1.0260567111147465
9 2 9 27 71613 0.9202547279401214
13 3 0 3 49937 0.9957810775140873
18 10 14 28 70641 1.0977768036955589
25 28 22 6 67547 1.0670704070910175
28 28 3 19 73571 1.068234835893666
25 27 29 4 76579 0.9169891339807382
28 27 4 14 81779 1.0227339243259168
6 6 28 12 80104 1.0110730984027936
17 13 24 10 38490 0.9302517323740418
12 14 9 0 44934 0.9902875668689076
9 24 2 29 25961 1.0267233574201309
24 4 0 5 75016 1.0549636847894588
27 18 3 28 68474 1.0377819599562683
2 28 19 10 86848 0.9003764023194485
15 12 1 18 47710 0.9643023561754428
28 20 12 17 48379 1.0540617820421296
6 28 26 5 104777 0.9214095071803711
0 26 28 0 119308 0.9079018532520357
4 8 12 11 31447 1.0382235750262558
29 25 18 27 35419 0.9715099632765689
27 20 21 27 30177 0.9218172496909588
22 29 8 0 110305 0.915599954085598
25 11 16 26 59508 1.0832414765866851
27 21 14 12 52518 1.0360075017207415
18 17 26 6 55077 0.9006655693217109
13 23 15 11 37579 0.9804387049771636
7 20 21 12 67406 0.9005810444046518
21 27 0 3 91287 1.090270325376325
10 25 11 0 65113 1.0222640911851544
2 13 12 9 36043 1.0850078105157834
19 5 11 1 33885 0.939625154785634
19 28 29 11 64743 0.9741341611285168
11 10 27 20 60271 1.051426871399027
17 8 23 18 49223 1.0991756791264553
11 22 4 6 42952 1.065015406683366
1 15 23 23 59502 0.9713367871312312
21 7 6 1 52388 1.0393161770211092
1 8 22 9 63351 1.025058978121532
2 1 11 6 33635 0.9242474136326625
6 14 14 22 48350 1.0339832129251127
26 9 4 22 90833 1.0936132998248873
21 25 21 11 45087 1.0375750583976038
12 12 25 17 55919 0.9961669394354592
28 27 23 1 87097 0.9226492331843784
7 6 4 27 51294 1.0161106535528839
21 15 4 0 90008 1.0348764590361847
24 19 21 0 68460 1.0359595946442641
5 8 29 21 82337 0.9536074700279743
1 5 26 14 88903 1.044277238303166
23 27 3 10 65851 1.0715531958652904
25 22 21 28 21969 0.9929976484457312
2 18 15 26 40030 1.0555697042696268
18 18 20 6 51149 1.0681036650679472
0 0 20 13 82313 0.9288035068739604
17 18 1 14 45455 0.9501264153968141
17 8 20 23 60904 1.033363790308805
16 2 8 8 35951 0.9421877036723264
6 23 3 8 30954 1.099842930714494
5 11 22 5 63365 1.0696158408907146
13 6 17 15 35736 1.0977999433619001
1 21 1 3 38146 1.089297524678388
28 27 1 23 65140 1.0546706872226466
6 6 13 29 77422 1.0380493159437194
15 27 26 6 76574 1.0829964672586547
4 1 5 29 61748 0.9064648351783845
19 5 16 15 40540 1.0724238818388896
13 1 7 10 31579 1.0179773611046659
3 1 7 11 30828 0.9742968973057513
0 25 15 20 40183 0.9070168210443553
3 16 9 3 37035 0.9458056504081076
15 3 13 21 54801 0.9136249035061268
1 6 6 20 35346 0.9253624115817747
16 15 0 8 62792 0.994755205080227
28 1 25 18 62345 0.9484928553871486
4 26 2 6 39733 1.08822082885014
9 6 11 23 48707 0.9938617735733564
2 26 21 0 93798 1.033400455272371
6 19 27 26 56022 0.9845459380308296
6 2 1 7 24342 0.9057874023739777
17 1 26 28 93129 1.0855865404432192
22 6 13 25 68156 0.9271303729688971
9 20 21 23 32553 1.062057479800882
12 12 10 21 27120 1.094379440903786
7 9 21 0 65295 0.9035826220952956
3 23 25 14 66091 1.0930599742550822
15 12 10 5 27697 0.9361379083011374
22 12 9 19 51177 0.9069334582269225
19 0 4 1 62709 0.9722172334159761
27 1 24 24 85160 1.0654878055980965
9 4 20 9 43613 1.0824173842636204
25 11 23 2 46425 1.0782118576781723
20 27 13 24 23310 0.9834555468794789
27 6 0 24 95129 1.0247023028653184
3 24 16 27 36893 1.001321786853224
25 25 25 10 52284 1.051407685203798
10 12 25 8 50385 0.967567152687113
20 1 7 10 53460 0.961042095266264
23 16 13 1 57355 0.9971136141072653
18 18 9 23 31857 1.0760080415882953
9 29 25 28 57269 1.0174405538724196
27 1 5 20 101435 1.0165624988474373
24 8 18 26 56393 1.0907388791482688
20 20 1 26 53421 0.9558386741375984
3 15 22 4 69965 0.9519391357870121
0 24 27 23 62979 0.9418477533008144
10 29 18 5 81844 0.998277769101602
1 13 3 2 24101 1.0735417854178704
26 20 15 21 30842 1.0245062045622966
19 1 9 0 45289 0.9905005439752834
14 13 24 10 51416 1.0849280319644514
29 2 7 7 60170 0.967203245655408
26 26 8 29 54696 0.9459517220482015
3 24 1 6 36187 1.0463930681958096
22 18 26 5 53181 1.067223023188625
20 21 27 24 23890 1.0076292831704745
21 1 8 13 64431 0.9020977720865854
8 19 1 23 22466 0.9126730545893549
25 27 22 7 59039 0.9271176701443997
13 21 27 10 69661 0.9232933206600026
15 11 4 4 41353 1.057636147469716
23 28 28 21 25611 1.0559850213093454
11 13 20 0 49734 1.0737499666004557
5 0 14 19 57941 0.9715003944366273
11 5 17 9 29717 1.0638909043867582
18 0 3 26 89990 1.041475387392571
9 6 3 1 26097 1.0684059760287445
12 13 6 24 47234 0.9184817011416545
14 6 4 21 49662 0.9824670080272151
3 12 27 14 74022 1.0934568925895018
18 5 17 16 56699 0.9773157262172505
0 19 13 4 49673 1.0482063196550877
11 23 16 7 52241 1.0627627248114826
15 14 5 13 36314 0.980397259689189
23 27 13 22 27850 0.9913068768025309
20 16 13 20 33141 1.089833335275978
15 12 25 8 41942 0.9608715614208485
9 2 11 16 41877 1.0120010083471938
29 1 23 23 71156 1.0065991360135238
2 1 29 10 80440 0.9932131533317745
22 20 17 6 55529 1.0288795863192643
21 21 6 28 46563 1.0416112088729574
6 20 15 22 29128 0.9201042699536919
29 28 18 3 89720 0.9820896451277583
4 1 2 25 43920 0.9908508043972626
5 19 26 24 55694 1.0153191264584438
0 18 10 9 42315 0.9492900671971561
28 4 7 12 73872 1.0497121138258758
19 19 22 9 41349 0.9615706952092274
15 4 17 28 75666 0.9516801448235225
9 8 16 28 69629 0.9112251203661298
9 20 11 28 28355 0.9279300742920276
3 27 25 18 60350 1.0502679589085175
11 14 24 10 57246 0.9036218869478984
27 7 22 24 55437 1.0591842686049433
17 5 4 1 54999 1.0553702518911205
19 28 11 17 50894 1.0130441005554807
27 21 7 26 52340 1.0099621712146902
11 12 1 27 50955 0.939893342935114
10 14 22 0 66462 0.9709279235916853
11 15 26 27 59581 0.9932409140064199
13 12 29 4 54857 1.002102385863684
7 19 10 12 24278 0.927402270842872
4 22 20 24 39409 0.9862105388052896
4 25 19 26 32772 0.9654854296827768
4 20 5 0 41780 0.9742296509601607
3 16 20 6 53182 1.0201455829085941
10 3 3 17 39049 1.0661406958498452
0 1 8 24 63359 0.9582958866401319
8 22 7 3 70363 0.9000097714628381
18 10 20 22 57286 1.092479632664607
8 6 18 15 55164 1.0899681348198065
24 3 8 5 53595 1.019264561243554
16 18 18 1 57905 1.025157724252685
22 3 4 24 81185 1.0910583319702678
29 1 27 24 67925 1.0669588479696501
20 1 0 25 87629 1.041303112605782
5 10 0 17 23474 0.9314945969469564
5 12 5 22 27696 1.0493847750818637
1 17 14 26 46535 0.9060922101282185
7 4 29 15 89956 0.9278038237801782
26 29 26 1 103351 1.0021840446000116
28 26 13 6 77131 1.059267121660613
27 24 23 12 35041 1.027100871285656
12 26 14 2 69090 1.0127771099383667
20 20 7 10 55845 1.0019247397314301
18 4 22 25 67096 0.9928537495202322
25 3 25 17 58024 0.9661160023866988
21 22 14 25 19266 1.0813562102128866
0 10 19 4 52087 0.9050993282213103
23 15 14 21 32592 1.0443794258131787
1 24 14 2 65646 1.0692163376728097
8 12 28 19 63000 1.0411241420868764
24 10 28 23 48618 0.9129305350039407
19 10 11 19 52841 1.085732778900387
7 11 19 20 59133 0.9581918085339486
25 20 22 29 34908 0.9210159707287026
0 22 15 28 43846 0.9559970820774661
26 14 12 10 65643 1.096995340630279
11 22 24 15 42589 1.094813371144215
11 15 8 3 44804 0.9316008754946271
5 2 17 9 56723 1.0191692672743946
13 0 22 29 88996 1.0758746032500017
2 26 13 20 38992 0.9044454899392848
21 9 18 27 69136 1.0384602765249655
5 28 5 7 48354 1.0162692964175528
13 27 13 0 74638 0.9766616279970048
7 15 22 29 80230 0.9097266126588692
16 6 28 0 52981 1.06329912337783
28 4 4 9 73063 1.04880592669594
17 13 6 9 45699 0.9284946273301525
29 11 7 17 76858 1.08761542914189
13 6 28 10 51538 1.090471609769869
24 6 3 11 57709 1.06970512282555
23 14 3 3 73465 1.0693061258915497
21 8 10 2 45588 1.066584806438887
21 20 11 19 27725 0.9416158045077463
20 26 27 11 62358 1.0107891027032165
4 20 21 27 50014 1.0264023555218211
22 18 16 23 28147 1.0453180086878995
15 27 24 6 70681 1.0558731834602413
19 15 14 2 56915 1.0242703439088499
1 9 29 0 86062 1.0531419456507733
21 26 19 17 33386 1.0320847071457226
21 10 26 21 41253 0.9821716316496063
27 6 16 21 68104 0.9758245395348795
3 26 15 16 48511 1.0536741907338236
29 19 28 4 45823 0.9502910507650045
12 3 11 29 79589 1.0300269843720513
15 17 5 5 56359 1.0548978774815727
0 5 21 13 78644 0.9659138446381487
20 25 2 0 79167 0.9508528507264093
19 18 16 7 41492 0.9745474400725995
19 22 21 11 43695 1.0785014573797336
29 11 28 2 30086 1.0391479390290803
25 22 28 9 51049 1.0788433580285932
27 6 7 13 69689 1.0421072309628994
7 21 24 14 53120 1.0528318541999515
18 13 16 29 62441 0.9502755259688077
11 28 5 2 71987 1.09425974155424
16 17 12 4 44551 1.056765251835871
24 28 25 8 60249 0.9141935852687407
13 19 15 5 42267 0.932668684287314
27 3 10 20 75964 0.9594165970614312
9 10 20 7 33916 1.020631896787946
21 22 16 28 31026 0.995511869656468
26 29 1 3 103429 1.0074892105184172
10 18 14 12 26245 0.9335320772699043
15 11 1 20 50630 1.03408573095726
4 19 28 24 61365 0.9039263791142936
27 10 12 10 64383 1.0202936176302086
21 8 20 24 55501 0.9423567486336808
11 20 14 11 35603 1.0269932668719925
6 25 24 23 40886 1.071796943974078
17 11 21 18 42317 0.969823493239285
0 2 1 20 42441 0.9302743491526572
28 15 4 1 98118 0.9129599762859882
18 17 13 5 40820 1.0756799117441755
26 6 5 0 77828 0.9504113545130125
3 2 27 27 89624 1.0312513003600068
24 21 17 14 44030 0.9463681002832499
10 17 22 15 46948 0.9337814770746061
4 29 10 22 26359 0.946402662102791
27 24 17 24 36896 1.050297030583234
2 20 10 6 38477 0.9142095456698222
17 26 29 4 81511 0.9904987580731384
19 20 9 29 51714 0.9719472886761369
4 4 9 17 40605 0.9605399978817138
2 6 21 29 80119 1.0236230622719442
18 20 5 19 33604 1.0218487324084875
14 19 27 7 61521 0.9226751618215808
11 7 2 1 31313 1.011977872856729
5 13 4 24 29072 1.0104840362396514
28 10 13 5 53135 1.016386042004523
26 24 16 2 84439 1.0603281858893414
27 0 15 23 99672 1.0589024588027636
23 4 20 24 61413 1.0966644381152337
15 6 29 19 66846 1.097460921242827
1 18 29 13 77143 0.9196169483621087
25 21 4 9 64950 0.9067479809312956
19 19 14 0 59419 0.9204793025809472
14 13 18 3 44885 1.060023692014933
2 0 26 6 74094 0.9789613855012474
24 10 29 16 42570 1.0096375097437356
13 27 10 3 73194 0.9143403079479616
8 7 20 18 54713 0.92433885485794
18 9 3 11 53033 1.0401670483513716
24 18 19 2 51674 1.0171433328843982
10 26 1 1 63959 0.947339054165992
2 21 10 17 25088 0.9001066512803529
14 20 2 28 46520 1.0702265954502643
4 27 26 0 115484 1.0005329777602292
10 26 9 4 60579 1.0319755652798581
14 8 9 22 45872 1.048255943055158
14 17 7 26 41683 0.987718310796239
20 29 26 13 50660 1.0874625681035057
25 1 12 24 95928 0.9971254046206592
21 13 2 23 70258 1.0704586466822463
5 1 8 22 56021 0.9040083344216547
22 2 25 29 90565 0.9121700904112845
21 12 11 24 64389 1.082771771406382
10 0 29 18 88048 1.0828898538304401
19 26 9 20 38748 0.9666203365126826
10 26 13 11 44634 0.9209925390145471
6 0 18 19 72431 1.0783340384253433
19 18 1 9 52579 1.0702423794130678
21 26 27 16 35642 1.0537721245603084
20 26 8 27 31284 0.9917122591016265
3 29 25 1 111975 0.9352820171290837
24 12 15 0 61231 1.0927867406358986
28 0 8 11 85368 1.0494771199556379
14 12 0 9 43339 0.9916559501833065
6 11 10 19 36128 0.9298993021737433
18 3 11 14 49097 0.9500094920631211
16 10 3 29 79034 1.0641729095555519
16 29 18 14 61377 1.0878411836842903
26 28 3 15 73754 1.0477907121136758
19 7 17 28 76701 1.0796427832774473
14 25 12 5 60341 0.9671581320139642
1 1 19 24 81800 1.0466807482533094
9 23 1 28 27619 0.9546966316143828
17 24 25 21 32003 0.9489143334740004
19 25 8 19 34654 0.9396695668779739
0 25 13 19 36437 1.0968070586858112
26 14 5 3 94841 1.0033200203925008
4 25 2 3 45444 1.062962123955134
6 24 0 8 45918 0.9335523643848769
5 17 19 7 56149 0.9462117067206892
14 25 29 21 36375 1.0156375869513468
12 6 17 18 41096 0.9994023265727056
12 9 11 22 43874 1.0468827031183652
19 8 29 2 35230 0.936016954533054
27 0 10 27 116001 0.9888483387440228
13 17 26 10 62523 1.0183460080551427
6 22 18 16 48580 1.0579080408613786
9 29 15 1 83346 0.9309837575916303
9 0 13 21 67515 1.0689557618442904
23 25 17 3 76003 0.9593676272419137
1 25 7 0 63059 0.9667590097236645
10 10 11 29 55210 1.0138136863518659
16 11 25 14 50482 1.0069348868510821
18 14 2 17 56026 1.0502671673239585
16 18 9 22 23346 0.9468841721160983
24 6 8 26 82407 1.0071650943853512
3 11 19 24 58163 1.0199270313592517
28 15 0 7 90544 1.0188352166970875
4 3 0 23 43324 0.9713100351830177
3 2 15 7 35351 1.0119011187745437
28 1 17 11 68319 1.0651077036758376
16 4 21 21 69297 1.0163078165706723
6 1 4 9 28259 0.9413564365564747
3 14 24 10 70494 1.0307511875156699
17 25 18 4 74946 0.9461738121900791
23 14 28 9 45430 1.0353671478486202
29 25 12 13 69143 0.9754924243726081
27 8 8 28 98121 0.9103640547579567
8 19 14 0 53745 0.999590158534271
0 1 10 1 36102 0.9094291708519202
18 11 20 0 47426 0.9119241103303714
23 3 4 6 52670 1.0568751739498137
27 10 4 12 86310 0.9578811244509308
19 18 21 4 65172 1.0728171772538293
29 22 7 21 44685 1.001289798673188
0 13 6 19 27048 0.939179204562389
14 13 4 25 55273 0.983345903266276
27 17 10 0 86435 0.9029278582951343
26 8 15 15 53952 1.0243337406822328
19 18 14 23 24789 0.9915370885436751
11 0 4 26 70811 1.0821841788718776
4 19 0 13 22940 0.9808830391883305
2 1 29 12 86514 0.9850252609335892
7 13 6 26 48614 0.9270447418136122
28 16 23 21 28972 0.9830782730000763
25 3 3 14 67548 0.9037710705683984
23 11 0 24 74048 0.995018375775509
22 13 18 20 34535 0.9017404400159674
16 3 3 13 54452 0.9034188518643759
10 19 18 3 64015 1.001038528159196
23 5 12 1 42929 1.0159500037910916
1 22 3 2 35861 0.904692860285827
4 5 14 11 38742 0.9949551093497433
28 1 6 15 102088 0.9389853037601665
19 13 25 22 38461 0.9978484980817919
5 27 24 9 83312 0.9380115335520839
21 20 6 18 40995 1.084649778940383
17 24 11 0 75295 1.0869428723647345
0 7 9 21 40495 1.0859126296167643
11 2 14 27 77516 1.0942510844114757
3 28 3 10 35646 1.092107888302524
25 3 15 3 34764 0.9993964520863392
28 2 14 23 89125 1.050256413454247
22 18 15 6 49470 1.0819905537098071
27 6 12 23 76329 0.9787665665481943
5 28 22 16 70521 1.009576548081673
22 29 14 0 94130 1.000168511378723
27 23 4 5 78438 0.9853036858684446
7 24 26 3 93559 0.9779376551294784
23 4 11 11 48741 1.0036542594411477
22 29 11 10 74240 1.0394685660865177
4 28 2 7 41442 0.9627012496891195
12 0 26 12 79159 0.9028308836118842
12 17 22 27 52306 0.998038150194037
29 29 16 21 47556 0.9530875282908862
26 28 6 3 112764 0.9355991656249297
3 18 13 3 43953 1.0413126169059768
14 23 25 8 61079 0.9705459243975366
10 13 12 3 34250 0.977412464734282
28 2 13 24 96789 0.947190229205011
23 11 21 1 47462 0.9975951368367999
20 14 8 10 50251 1.0053752148526416
2 2 19 0 62545 0.9199096824978023
18 3 11 0 38260 1.0296188914413362
23 22 11 27 36818 0.9282199732415063
27 23 18 2 72352 0.9759591515708019
15 17 6 6 50636 0.9341085898231891
4 28 2 12 35118 1.0022991511844346
12 27 3 17 39523 1.0786124959562078
25 11 14 6 51515 1.0977236892344129
24 15 2 29 72460 0.9102743947040254
5 10 29 18 72584 1.0491505843997497
26 4 6 5 72334 0.9994674442014856
17 6 8 9 33938 1.0682408681319717
5 25 11 20 25276 0.9730118829863431
2 2 17 21 61468 1.0159209023390368
19 29 18 12 68746 0.9229751424636575
28 6 16 29 94367 0.9107382596169309
5 10 11 21 36421 0.9467669870391724
19 18 26 26 32281 1.0620050179868443
18 5 26 26 71217 0.9503594295069907
12 3 0 3 57034 1.028621133984747
15 11 21 28 57360 0.9946270279029163
11 13 11 27 39435 0.9260733010409185
28 15 9 23 62171 0.9105149487462221
6 3 5 21 53093 1.055922240726749
4 29 11 11 56257 1.051808929264476
21 15 18 24 47786 0.9923455202871931
6 8 14 11 37429 1.0617360385548051
21 1 4 4 63243 0.9220652527396144
4 8 25 29 93411 1.0018927441228072
2 27 6 4 58452 0.9970275598028013
7 13 27 23 70472 1.0358351598433628
7 8 17 16 59860 0.9180025054957955
6 18 28 1 95153 0.9978207952962144
25 18 10 1 76189 0.9072902392715013
22 19 7 14 52313 1.0308406520965125
14 23 2 23 26595 1.0560041346453075
14 29 21 9 81386 1.0261040140909348
14 23 25 11 54926 1.0412687725795329
25 4 20 15 62968 1.0918676901609539
10 5 22 9 47878 1.0479973806331102
28 1 1 18 98599 1.0307509730720044
0 2 17 16 76733 1.053975621833124
13 0 24 2 45366 1.005423233737819
16 1 1 27 82645 0.9996533756832607
23 29 16 0 90812 0.9773439030445137
28 16 14 2 80823 1.0179843205973316
7 20 17 3 75875 1.0621502442003514
11 1 29 15 75805 1.020087386800987
8 13 21 15 63356 1.0366474141345847
0 8 28 8 74763 0.9204471932651049
8 5 16 29 86944 0.9217509977375689
9 13 4 27 49394 1.0194222719090518
8 0 19 16 79439 1.0701238601201506
14 22 19 2 62474 0.9032711159311946
24 2 6 20 85193 0.9916178635542103
24 11 17 26 49675 1.0987900148241556
21 24 9 4 75349 1.0298543242480505
24 18 17 26 30826 1.062795507740805
23 15 1 24 62028 0.9169889458084244
12 11 24 7 39894 1.0862691157135138
11 5 22 6 33774 1.025110064618821
12 24 21 0 88482 1.0979132799906322
12 21 7 11 44024 0.9219245767245456
20 8 1 0 63136 1.0072925774326371
28 20 14 23 37740 1.0231775584209015
18 7 25 19 48363 1.014421609520944
21 23 3 8 58550 0.9885082039514527
5 8 19 15 67318 1.080667853986952
2 29 6 7 44003 1.007714239783411
10 19 20 23 30205 0.9946626489339576
1 18 5 12 20544 0.9491834157590728
1 4 9 27 61053 0.9121822936707423
8 0 24 18 85511 0.9614849257828892
17 2 2 12 56480 1.0495263622696005
5 16 29 28 81479 1.0565402172872003
3 9 21 4 60137 0.9076648340771513
4 16 16 28 56529 1.0671417867117574
17 10 16 26 57533 1.0881863028387948
26 12 9 0 89398 0.9256015770772713
24 20 0 16 63790 1.0759481464176175
21 15 9 2 77999 1.0961059367167973
11 0 1 3 43130 1.0115932760930924
2 21 11 0 58712 0.9835109710737495
11 3 16 25 67155 1.0777088862218576
24 26 29 3 74115 0.9190780809516544
18 0 19 23 80094 1.051470485979252
23 1 24 10 38288 0.9299445813167878
23 28 17 14 55922 0.9114691995238257
2 2 19 1 60418 1.042654904476659
13 29 24 26 41367 1.0457771478475402
17 25 24 8 55089 0.9942914270185564
14 1 9 13 36726 1.0047719992292714
3 6 13 6 25637 1.07304333107766
10 18 29 2 78648 0.9171560531142616
20 6 3 11 46715 0.905500170228185
29 17 0 11 81696 1.0340173719684147
18 11 14 19 37592 0.9210322522167937
9 10 1 22 36572 0.9531349477673244
14 27 29 25 44364 0.9123489981426844
24 10 3 14 70494 1.0675055703714602
11 15 22 25 46055 0.9439029284389188
0 24 26 14 81006 1.0213858616751808
10 18 22 13 45824 1.005853534664221
9 18 21 17 33357 1.028971129522857
0 17 17 12 54521 0.9158573322309397
29 12 0 14 93473 0.9676481799081906
26 8 22 16 43102 1.0405887586697
13 7 9 19 36065 1.075127207900066
14 25 23 14 37961 1.0777033353553103
27 19 8 14 59429 1.0385507595730743
9 21 1 5 43442 0.9706450572239002
12 29 4 21 38355 0.92059864640231
19 3 1 5 52784 1.0673320717390313
21 23 13 3 61898 0.9827645291491585
10 5 23 8 39315 0.9947052800507022
19 4 11 18 49576 1.0609396520588934
3 15 27 27 69666 1.0467232056942435
27 0 0 27 122829 1.0788483918680825
25 11 29 25 55974 0.9774620595881345
14 7 22 21 57494 1.0218576165373776
18 0 12 8 39243 0.9332029935041448
28 23 16 20 39712 1.0854388039292042
25 25 29 16 37635 0.9036307410659744
21 1 8 27 96030 0.9226114307665488
14 9 23 22 56538 0.9692472555720127
28 12 18 6 50043 1.0924273132453324
24 21 7 15 59862 1.0477890571204915
1 20 6 9 31781 0.9020545651414049
8 10 20 16 55088 1.0670879658515577
23 7 6 2 59205 1.0650877678174293
12 26 5 20 34019 1.099747017469058
29 13 10 16 65258 1.0935622388233512
9 15 2 0 49656 1.0191377213942288
23 7 1 27 81452 0.950084357358121
16 22 6 14 52443 0.9679372934193136
20 2 28 11 53128 0.9774190795319554
26 20 14 4 76920 1.0773209618329609
6 17 21 20 46388 0.9671816036771107
4 29 28 0 123553 1.0492407538933164
25 5 8 9 58818 1.0938405861136564
7 27 19 5 79032 0.9928537798086449
14 20 1 18 34099 1.0791498488466016
6 21 28 2 96819 0.9382788871888815
22 3 1 27 87590 1.0292628150677317
18 16 25 27 50811 1.073544617155003
22 20 29 12 39699 1.0240050006045167
5 21 11 11 38792 0.9412060654074716
19 24 0 28 50573 0.9350421147457361
9 16 23 18 42770 1.0760255095093878
7 4 28 24 105138 0.9737468580344304
21 24 3 20 47408 1.0823600312374053
4 27 5 11 40213 1.0962760351909087
29 11 24 4 35034 1.0695630324600782
21 10 20 0 42261 1.082932968696383
29 19 10 20 43870 1.0645413848869705
22 28 6 10 79454 0.9418422434089458
14 2 14 16 44422 0.9527582923689745
4 10 13 24 47980 0.9715261527125727
5 24 28 26 51215 0.9292835793620543
15 26 12 13 46368 1.0889123827364435
0 17 4 27 29610 0.980032683427187
20 16 4 10 59974 0.9272653908116525
25 10 19 21 44812 1.0449242340115377
29 3 11 2 56428 0.9086388345340759
27 3 12 23 84225 0.9132910884487825
21 16 3 15 57216 1.061616539721049
1 18 18 9 69379 0.9713169700247568
21 14 19 23 39715 1.0849936861434364
4 4 16 6 37432 1.0367394118466795
21 27 3 3 77440 1.0633006200614892
4 28 9 11 51731 0.9728718729540642
5 29 12 22 34878 1.0561927282133745
16 20 3 23 37409 1.0142626099953476
21 5 10 3 45655 1.0949866621605968
6 29 8 20 37828 0.9877044091484408
16 17 17 6 39063 1.023391716705748
26 1 16 14 69384 0.9424357811466482
7 27 13 22 25654 1.0565376155386297
0 20 16 4 71538 0.969738943292848
1 18 23 15 54710 1.05645471441136
5 2 28 9 85126 0.9410546771567787
11 1 25 9 55718 1.0052714008226526
4 2 1 13 28016 0.9889543815527301
4 8 28 15 87921 0.916306557945079
24 6 5 18 70934 1.0983723723949192
4 21 0 14 26758 1.0237270912570857
9 14 1 22 42032 1.073089224175161
19 0 18 29 92954 0.9406518997190577
20 18 29 21 26875 0.920841556375065
28 28 6 15 92111 1.0253120107782554
24 28 28 0 97779 0.9241939958110551
4 0 20 5 60374 1.0625413606019705
29 16 1 28 80040 0.9886047034091004
22 24 28 7 57721 1.0660498198568433
8 12 11 28 51137 0.9222420649142691
22 0 7 0 74558 1.0198921531242895
24 6 19 25 57934 0.9992996334117201
11 4 4 20 45695 1.0130350497025986
5 28 7 1 68785 0.9678075797170154
8 17 3 23 28179 0.9579262781470473
16 21 9 11 43108 0.9031309990222137
19 25 25 21 20384 0.9907607399739331
9 17 27 12 70833 1.0896577589417205
1 27 15 22 37454 1.0852017551669424
9 2 17 18 60187 0.9670796577215429
14 12 25 4 52071 1.0242966334519634
15 23 8 13 43846 1.0213502444964748
22 15 6 3 96266 1.0406956581274083
19 28 5 27 47988 1.0647394838885191
4 22 15 8 54110 1.0947366847134459
19 9 4 4 49163 0.9957008103423224
3 6 15 2 40422 1.0562443401412867
5 20 11 6 44640 1.077143750862537
1 18 24 11 70010 0.9649609378930412
24 25 0 10 72128 0.9636566171646148
11 23 5 0 61644 0.9515363522120326
5 7 14 26 61842 0.9283633219473084
19 12 19 2 39756 0.9179030501700174
25 17 18 22 28283 0.9901822304976713
22 29 14 8 78333 1.061294775217072
25 24 6 1 94271 0.9407099352033913
11 10 0 1 44534 0.9698007753344131
10 6 17 16 49785 1.0771018792908538
14 18 2 22 33811 0.9391487405240674
17 9 27 2 49346 0.9390120891518303
3 0 6 13 33133 0.9237418002839543
23 18 10 1 71038 1.0691822910145503
14 10 5 6 33400 1.0181953920224962
27 27 24 2 79847 0.9503198885981023
8 23 24 5 79465 1.0917268149163872
6 15 22 3 76832 0.9512959052375186
11 26 10 11 41722 1.0905238651756592
16 21 27 23 28806 1.013968514176974
27 5 20 14 58708 1.027958307519087
21 13 0 2 83604 0.9416400745350855
21 29 25 16 44642 0.9406980770601523
6 8 7 26 56349 1.0922779623301495
22 13 23 23 23670 0.9470309307007426
23 8 5 0 69275 0.9614764468106659
26 13 11 17 55648 0.9858589747237853
20 7 17 29 82645 0.9549585363972689
24 17 0 20 59938 1.0842008262123901
2 24 21 24 39704 0.9187531481001665
0 17 20 9 71539 0.9928482839281804
3 11 26 12 82849 1.0566177528714569
20 3 6 22 75111 1.0435660944240586
28 5 9 22 88486 1.0629636792655783
15 1 0 8 51832 1.0486828560657675
1 7 24 8 55201 0.9667864795827709
15 21 20 14 38376 0.9555172049245936
13 11 26 17 55685 1.0492945489003165
29 2 22 25 74275 0.9577886886380574
18 5 27 14 58746 0.9811926642700372
5 29 18 6 86830 0.9049392779205475
1 18 26 14 70137 1.0921927523066706
11 29 8 17 41509 1.0749144656965801
6 16 11 25 41398 0.9663937093079837
20 3 11 8 31251 1.0147144896768436
2 15 6 6 26086 1.0888757616916172
21 15 18 6 51598 0.9759092209794429
1 28 24 28 58727 1.0940439279683067
14 14 5 4 50222 0.9071202804371066
27 5 17 13 64407 1.0756178495981024
23 19 7 14 54895 1.0512442328394298
0 22 24 16 66623 1.055125169217342
29 17 15 18 35781 0.9779269939163049
28 20 7 24 58264 0.9281370667893637
2 17 17 22 38911 1.0912217591301725
19 27 18 11 70260 0.9915587429727779
1 9 19 17 58500 1.0763800472582044
14 16 5 28 59664 1.0939322902124726
14 11 21 24 52671 0.9195435946756729
9 15 20 16 46070 1.0969892102511951
6 26 16 19 40448 0.9951766725398965
23 23 16 7 55329 0.9374351838778617
2 27 24 7 81668 1.0294309315309866
0 22 22 1 95879 0.9578563325153578
0 24 19 29 55872 1.0099318000935853
6 25 29 23 50981 1.0725245288551941
14 9 10 19 38467 1.0662898146208133
26 15 22 26 44959 0.9949974947176974
18 13 6 6 51628 0.9525235897583797
17 9 17 24 63639 0.943532193619605
3 29 1 21 23657 0.9115633224769325
18 10 6 24 76802 1.064400827426207
8 17 27 26 59541 1.0316430111848551
15 6 10 19 41893 0.9957973541103072
23 17 6 26 53520 1.0732062826675246
25 16 12 10 66180 0.9574213917131645
21 7 7 10 40245 1.0735155225455746
9 3 27 3 59747 0.9574059399698582
3 8 9 23 37075 0.9887303656487502
10 1 7 27 75700 1.067825453579672
13 20 22 17 34427 0.9653862813417179
8 25 17 6 66602 0.9966227910620692
20 16 3 19 45663 1.0460902085298183
0 13 13 17 46988 1.0932063844480653
25 11 13 29 79902 0.9701753333908577
29 1 4 10 76427 0.9559040263353843
25 25 21 19 24824 1.0470333167665657
26 1 3 11 80055 0.9083116982109067
7 15 12 29 59207 1.0814383068766846
5 22 24 1 93613 0.9445566169849315
24 22 0 7 68883 0.9219955367634134
9 22 20 28 34019 1.01095053138256
26 23 13 12 57534 0.9688915603301896
29 12 0 13 92857 0.9818892594417519
29 19 11 22 41771 0.9785046097426627
23 22 18 5 56126 0.9063095762535538
19 19 23 7 40780 1.079955313200842
14 22 21 9 59777 0.9730841507607093
21 0 23 26 80079 1.0484681589803329
2 7 24 20 64870 1.0432386646703702
16 19 13 0 48066 0.9645652345218276
15 9 26 16 63952 0.9804606604341037
3 7 27 7 54518 0.9599545107528082
4 25 3 7 33072 1.0563763785759315
15 22 18 6 52880 0.9339198838747267
20 6 24 12 35741 1.0084632135846068
18 21 7 9 58987 0.9794805507181091
18 23 6 14 58901 0.9018284460043035
4 27 1 13 36349 1.099104037644499
20 16 4 3 73676 1.016186247477075
3 15 21 25 53152 1.0001583065591864
27 21 9 16 53857 0.9057595991861253
25 16 19 27 45635 0.9901293524761374
