1436 1410 1271 1272 1159 1164 1497 1629 1399 1733 1459 1582 4562 4754 5069 4694 4707 4815 4508 5183 4731 5047 4550 5124 5005 5010 5023 4474 4868
1601 1305 1382 1777 1718 2484 2062 1836 1899 2093 2268 2208 2565 2224 2038 2134 1957 2016 1839 2449 2529 2175 2141 2435 2150 2491 2066 1847 2534
6154 6344 6614 6829 6341 6193 6768 6610 6560 7360 7638 7172 7128 7588 7098 7154 7559 7561 7249 7044 7331 7585 7640 7296 7160 7298 7146 7750 7500
4302 4110 3833 4104 3988 3539 3833 4000 3786 3973 3650 3705 3871 3993 3638 4113 4121 3938 3722 3987 4138 3505 3497 3624 3635 3827 3776 3522 3932
3247 5841 5680 5913 6107 6226 5739 5745 6150 5738 5787 5820 5777 6111 6199 5776 6182 5760 5981 5680 5696 5616 5616 5776 5827 5607 6158 5893 6083
3681 3114 3516 3336 3449 3091 3131 2999 3712 3438 3593 3443 3369 3631 3029 3109 3468 3060 3690 3448 3102 3013 3098 3413 3616 3063 3236 3592 6779
5217 4824 4798 4851 4921 4814 5355 5248 5087 4870 4690 4878 5146 5234 4854 4842 4801 5078 5064 4687 5319 4889 4723 4856 4796 4570 4973 4767 4837
7499 7558 7113 7437 7454 7276 7686 7399 7134 7398 7388 7401 7188 7693 7328 7386 7561 7047 7354 7129 7608 7454 2697 2433 2965 2899 2528 2657 2888
2657 3003 2603 2692 2435 2633 2390 2983 2792 2823 2987 2315 2612 2329 2568 2522 2617 8068 8042 7979 8041 8256 7657 8054 8316 7666 8038 7762 7937
7128 7324 7268 7407 6900 7190 7345 7537 7076 7064 7160 6972 6711 6287 6369 6536 6668 6324 6619 6291 6241 6203 6670 6539 6360 6661 6413 6260 6287
3202 2911 2973 2862 2622 3188 2577 3093 2804 2916 2913 3210 3027 2643 2597 2777 2755 3264 2985 3223 2858 3253 2809 3154 2774 2631 6025 5909 5851
4198 4561 4246 4481 4800 4221 4773 4692 4420 4273 4480 4681 4728 4397 4788 4380 4170 4180 4169 4586 4623 4685 4349 4474 4158 4698 4188 4149 8240
4019 4171 3649 3828 3855 4083 2172 2392 2202 2428 1963 1959 2120 2133 2034 2443 2360 2629 2390 2493 2013 2142 2017 2644 2242 2048 2065 2497 2330
4280 4221 4525 4936 4492 4514 4692 4435 4728 4824 4829 4348 4320 4606 4190 4122 4258 4494 4560 4199 4035 3929 4319 4215 4616 4350 4043 4484 4018
1372 1669 1852 1889 5640 5356 5323 5220 5708 5462 5444 5802 5674 5713 5742 5665 5835 5640 5315 5336 5253 5280 5324 5665 5790 5321 5396 5520 5454
7525 7101 7494 7652 7547 7077 7664 7324 7206 7725 8076 7700 7783 7455 7993 8075 7389 7975 7461 7561 7766 7713 7529 7901 8030 8006 7808 8058 7782
8050 8501 8428 7777 8495 2391 2385 2360 2905 2829 2900 2986 2930 2729 2629 2341 2291 2681 2728 2362 2946 2646 2793 2810 2868 2869 2773 2954 2633
6452 6127 5904 5827 6053 6478 6260 6237 6510 6502 6069 6083 6060 5983 6268 6385 6049 6229 6296 6135 5876 6022 7390 7811 7111 7477 7568 7241 7703
6997 7469 6927 7368 6998 7472 7019 6921 6884 5657 5373 5638 5228 5213 5258 5140 5781 5348 5295 5804 5641 5890 5175 5507 5340 5700 5391 5365 5418
5935 5525 6157 5517 5815 5409 4879 5165 5391 5052 5239 5018 5187 5195 5483 5182 5202 4870 5066 5091 5280 4834 5516 5365 4943 5276 5405 5483 5298
1237 1246 1420 1813 1201 1377 1786 1648 1606 1260 1487 1676 1283 7494 7427 7411 7049 7595 7595 7224 7295 7604 6971 7428 7336 7118 6998 7132 7415
8177 8376 8555 8351 8408 8485 8680 8015 8109 8598 8280 8527 8620 8660 8148 8037 8209 1943 1945 1750 1821 1812 1901 1464 1582 1639 1658 1686 1596
6148 6551 5967 6141 5916 6497 6570 6314 5912 6264 6013 6594 6554 6311 6144 6539 6398 6344 6242 6612 6103 6078 1682 1522 2083 1471 1616 1980 1968
4796 4558 4627 4189 4598 4467 3042 2389 3057 2950 2938 2429 2439 2803 2346 2396 2957 3058 3040 2380 3024 2648 2481 2672 2541 2989 2706 2726 2539
4497 4982 4894 4782 4777 4528 5001 4632 4614 2566 2761 2650 2458 2816 2588 2679 2372 2328 2809 2258 2406 2285 2420 2703 2708 2375 2732 2306 2777
8408 8162 8441 8310 8600 8526 8521 8275 5645 5577 5940 5854 5680 5601 5785 5916 5541 5489 5463 5821 5419 5272 5870 5869 5735 5264 5551 5575 5740
6710 7157 7271 7267 6537 6927 7033 7257 6813 6625 6679 6736 6970 2878 2983 2937 3268 2864 3369 3432 3134 3118 3460 2903 3338 3325 2864 3605 3269
7903 7607 7364 7881 7456 7995 7853 7402 7663 7964 7928 7986 7380 7689 7970 7588 7624 7964 7304 7886 7754 7993 7407 7317 7517 7396 7533 7501 5309
1230 1662 1688 1328 1826 1851 1245 1579 1521 1495 1624 2201 2652 2438 2643 2295 2521 2370 2558 2129 2759 2534 2413 2158 2118 2065 2363 2479 2236
4249 4726 3161 2809 2680 2865 2952 3122 3039 2896 3175 2937 2835 3211 3204 3247 2988 2842 2794 2930 2633 3160 3098 2866 3145 2671 3325 2744 2797
7682 5695 4114 6997 2355 5945 5893 3025 7705 3173 3847 7689 8615 5149 8232 5979 2048 1837 7392 5758 5460 4413 7094 7721 1421 2294 1979 6475 2752 1555
7447 6264 4270 1689 2265 5996 5795 2670 7751 2974 4550 7729 8409 5019 3711 5457 2478 1545 7438 5869 5697 4746 7306 7759 1424 1936 1698 7048 2548 1835
7559 6163 4295 1719 2210 5967 3660 2906 7564 2679 4497 7499 8602 4759 3648 6070 2489 4853 6839 6212 5394 4656 7228 8414 1927 2159 1813 6683 2609 1316
7421 5977 4599 1537 2722 5731 3256 2709 7774 2548 4364 7326 8304 5174 3771 5903 2423 4711 7449 5617 5244 4407 6776 5711 1613 2352 1918 6844 2432 1149
7659 6161 4645 1827 2140 5561 3856 2393 7809 2771 4248 7703 8497 5076 3723 6059 2765 4762 6944 5675 5336 4462 7296 4975 1760 2038 1950 6963 2530 1650
7732 6056 4703 1921 2049 5599 3346 2824 8010 2534 7823 7061 8531 4723 3855 5982 2059 5236 7190 5581 5512 4603 6834 5449 1628 2232 2206 6851 2403 1278
7369 6232 4436 1530 2261 5511 3713 2949 8171 2941 8054 7227 8767 4865 3807 5696 2741 4631 7161 6239 5792 4558 6856 5708 1718 2509 1739 6890 2360 4905
7798 5941 4736 1717 2136 5563 3846 2437 7832 2682 8331 6982 8272 5049 3201 5649 2164 5201 6822 5924 5488 4916 6941 5091 1418 1945 2273 6939 2881 4365
7249 6123 4623 1408 2437 5368 3831 2780 8060 2540 8293 7399 8721 4674 3609 5644 2364 4775 6822 6158 5475 5150 6868 5664 1765 2167 1916 6971 2954 4716
7734 6207 4563 1872 2430 5970 3268 2943 8060 2698 8214 7287 8667 4939 3649 5635 2546 4578 6842 5706 5901 4964 6600 5377 1796 2342 3487 6885 2988 4925
3416 6289 4714 1261 2763 5529 3875 3046 7532 3144 8338 7516 8489 5288 3822 6076 2379 5136 6937 5657 5884 4714 6722 5568 1728 2410 2841 6547 2375 4421
3853 5950 4293 1501 2262 5304 3896 2554 7695 2805 8089 7148 8615 4891 3407 5683 2663 4685 7174 5829 5590 4526 6960 5576 1602 2393 3178 6992 5718 4843
3522 6184 4419 1223 2066 6017 3386 2530 3496 2617 8322 7562 8519 4628 3251 5781 2184 5146 7274 5554 5748 4583 6805 5211 1545 2314 3306 7078 5844 4655
3491 5738 4221 1354 2792 5841 3494 2462 3110 2646 8244 7335 8905 5053 3130 5690 2215 5127 7484 6560 5770 5074 7288 5659 2022 2550 2881 6604 5807 4201
3387 6249 4119 1380 2216 5444 3882 2918 3272 2600 8155 7122 8844 5493 3281 5811 2182 5256 7023 6775 5597 4549 7070 5105 1994 1980 2793 6468 5647 4930
3623 6198 4529 1590 2777 5863 3465 2599 3210 2765 8308 7017 8415 5001 3170 5912 2118 4845 7168 6253 5485 4972 6865 5023 1996 2390 3166 6981 6326 4323
3704 4809 4620 1753 2622 5507 3311 2536 3581 6606 8308 7242 8982 5005 3464 6094 2203 5243 6806 6853 5396 5145 6636 5455 8475 2530 3084 6779 5874 4476
4047 5469 4637 1725 2626 5577 3783 2564 3351 6365 7802 7732 8908 5174 3462 6020 2020 5305 7288 6264 5750 5055 6551 5522 8918 2084 2984 6869 6131 4736
3341 5259 4716 1888 2520 5337 3859 2875 3189 6101 8285 7567 8405 5243 3585 5791 2736 4724 7137 6167 7531 4605 6703 5045 8535 2361 2850 6489 5672 4336
3397 4921 4572 1407 2241 6006 4004 2644 3189 6262 8020 7069 8426 5526 3722 5600 2226 5236 7178 6755 7071 1120 6871 5000 8643 2512 3431 6378 5777 4560
3492 5052 4727 1230 2500 7073 3269 2456 3237 6774 8375 7033 8431 5339 3499 6105 2753 5001 7193 6629 7466 1302 6907 5135 8940 2018 3319 6615 5651 4901
3323 4805 6906 1349 2377 7174 3562 2760 3760 6443 8334 7571 6904 5554 3636 5757 2474 5139 7285 6389 7717 1146 7192 5362 8242 1887 3386 6788 6008 4348
3330 4889 6537 1324 2560 7176 3810 2915 3451 6522 8329 7364 7161 5378 3703 5536 2340 4710 7401 6411 7600 1103 2839 5540 8913 2179 3367 6562 5882 4353
3404 5243 7061 1779 2244 7385 3965 2774 3548 6547 7832 1693 7355 4891 3392 5510 2076 5017 6777 6536 7060 1320 2919 5032 8254 2149 3282 6486 5917 4564
3750 4764 6952 1672 2106 7438 3464 2608 3207 6844 8033 1691 7325 5613 3873 6002 2303 5181 2237 6303 7148 1333 2700 5241 8618 1910 3414 6814 5730 4256
3632 5196 6679 1718 2180 7558 3627 2965 3170 6306 8125 1636 6887 5082 3583 5388 2244 5048 2172 6175 7590 1725 3212 5673 8346 1658 3438 6242 5593 4346
3593 5400 6617 1448 2119 7511 3379 2463 3745 6504 8469 1330 7073 5146 3209 2746 2050 5153 2151 6887 7296 1192 2634 5516 8584 1411 2924 6585 6155 4574
3474 5503 6940 1834 2058 6970 3728 7144 3307 6700 7815 1667 7561 5165 3839 2894 2069 5275 2617 6516 7113 1119 2632 5225 8404 1593 2897 6400 5777 4561
3966 5057 6604 1513 3494 7568 3415 7691 3586 6560 8296 1634 7408 5068 3643 2871 6203 5110 2717 6233 7319 1305 2675 5233 8464 1962 3528 6907 6110 4532
20 29 5 23 48478 1.0021368926983651
20 19 29 6 54583 1.0436479694616478
10 11 26 11 61985 0.9986248287534375
3 18 17 18 50640 1.0569123495990327
4 10 17 2 51014 1.0829164795563138
8 29 1 19 39315 1.0964676731615077
6 26 27 8 84844 1.0490067299756385
8 20 0 7 62344 0.9808210673396209
5 5 10 17 46028 1.0344034405957703
19 5 3 15 73453 0.9008624809843349
14 9 12 25 41273 0.9114219561423688
22 18 12 2 67440 0.9413371233486224
12 28 28 25 40136 1.077334588261409
22 29 2 25 51674 1.0650778375275949
25 22 22 10 42914 0.9314611543052358
24 27 22 2 73369 0.9485801198115664
27 15 2 12 82198 0.9629902169049254
20 28 6 22 52170 0.9952210187615245
29 28 11 23 51495 1.0537070754138065
27 12 9 10 75234 1.0326923371823136
22 7 9 25 73152 0.9820106126849887
26 22 6 7 82259 1.0472827533903428
10 29 14 5 73216 0.9452929817319008
22 10 10 22 72511 1.0286822624057566
22 4 27 16 38706 0.9101478486102967
0 9 25 4 53724 0.9310871416373729
21 0 10 22 76707 0.9176069826173101
5 3 22 28 91885 0.9465473354039459
9 27 10 1 79581 0.9899081395167872
14 10 0 17 56670 0.926414737826132
17 14 27 26 58831 0.9660967010313134
24 13 2 3 61056 1.059712833076798
9 21 1 13 48474 0.9186631779936283
3 26 19 3 81894 0.9818516016887491
21 4 10 24 69684 0.9257564222238642
27 19 0 26 73768 1.0574549955268955
4 24 24 28 48973 0.9670424788192478
8 26 23 10 72394 0.9093636603152833
9 1 18 3 23878 1.090114029160862
25 13 2 27 87864 0.91738292810774
8 12 12 3 30092 1.018145834241256
1 19 22 13 71257 1.0049055912620235
0 6 1 29 51857 1.046525158855014
10 3 13 10 28735 1.0640231592769054
6 27 26 16 68655 1.0265350451639357
9 29 13 14 51787 0.9442267851361755
16 8 24 15 43756 1.0715820592169387
16 3 1 7 31570 1.0626116948787274
5 26 22 23 44332 1.0723789658678122
29 5 18 28 76002 0.9902107490562584
26 13 0 17 71737 1.02676399827352
19 9 10 23 69297 0.9086171965934181
28 22 16 7 63513 0.9284052778912643
29 25 0 29 67701 1.0482429528339683
27 15 15 12 48102 0.947910427461398
19 15 14 5 48613 0.9379209540027473
3 22 2 8 48761 1.0112045715708702
23 3 0 13 54521 1.0588054853384241
2 14 13 18 44439 0.9375544184093296
9 11 3 15 36010 1.0847851489184834
13 4 22 14 44190 1.037819318058609
9 5 16 20 55770 0.9267566956725902
0 14 26 2 71715 0.9314670055649895
3 10 16 21 65423 1.047038818837204
29 1 21 11 39972 0.9755312277462194
3 24 24 25 43173 1.0442942541482774
0 29 5 17 42191 1.037532938113152
19 8 29 21 54498 1.0457056117142742
17 27 24 8 67424 0.9431733920461296
1 29 16 22 42627 1.0148506707001312
8 3 9 25 66788 1.0373866876823596
7 27 24 25 43638 1.0833397672057037
27 27 18 3 72735 1.0488202409803113
11 3 11 14 34043 0.9387719838315359
3 15 24 2 75009 1.0494903947062701
17 2 2 0 42921 0.9989601490471905
14 22 2 10 68463 1.069720383804951
10 23 4 11 57305 1.09735716638197
29 17 3 27 74685 1.0377949073505346
19 22 20 5 59005 0.9651647586691834
13 20 28 20 47554 1.0848068771388146
6 18 17 1 74238 0.9375691896480648
13 25 15 15 37900 0.9887847618048965
5 9 19 1 50031 0.9964797379189788
18 15 18 2 44923 1.0251867125379546
5 11 20 16 51381 1.0356416994436233
10 10 23 17 50617 1.092845335729563
5 5 12 15 42986 1.0075517140816728
7 18 10 11 34029 1.0207116620239745
13 18 25 9 58296 0.9481323613050833
25 29 19 5 79858 1.0046411932774988
18 14 4 20 56513 1.0690075123239717
7 1 4 21 73822 0.966302759744845
23 26 15 4 76818 0.994575722060419
27 24 15 16 53997 1.0737623751554706
20 2 27 9 29824 0.9130206449339787
3 14 24 11 69412 0.9429364382361642
2 6 15 2 38304 1.0304188787638922
21 19 17 7 51180 0.9853060420004118
26 21 19 15 32282 0.9129870408153176
21 13 21 26 43583 0.9873848958476588
12 12 4 10 33380 1.0878749270199697
20 12 6 21 74471 0.9329685272003451
17 13 28 25 58297 0.9607065844235603
9 27 25 25 46198 0.9200109636919026
4 25 15 19 44676 1.0596068357387332
10 25 28 17 51055 1.0314475863207495
23 9 5 13 70437 1.0949518809618233
2 19 1 29 28686 0.9417822137203082
3 18 17 13 51566 0.9023812593546644
26 24 10 4 79125 0.9883692774842834
11 0 1 7 35763 0.9080062514836503
5 6 13 22 62735 0.9437364482364334
22 20 1 11 80441 1.0124676717685381
5 25 29 9 84705 1.012522663709384
5 13 25 11 67933 0.9046470558719715
2 7 25 4 53455 1.0543913011042567
4 28 20 25 45355 0.917572018148778
20 24 13 7 68140 1.0757832752409733
4 0 23 3 43471 1.0274227349186316
8 23 18 16 46555 1.0552407968838136
19 16 4 28 60997 0.9888741149562026
16 25 9 10 59536 0.9209626511574011
11 11 23 26 65180 0.9464366976977723
11 27 6 5 76104 0.9522270214632761
19 18 26 29 47464 0.936896798602481
0 22 26 20 67924 1.0491793302875099
25 19 7 12 68182 1.0664417554477774
17 9 27 21 61201 1.0764838684554796
15 18 7 0 76554 1.0462397653789943
5 15 3 0 55830 1.0341318365324998
1 19 10 26 32183 1.042876749493582
25 23 2 1 101503 0.9555230236293694
3 12 3 22 39026 1.0925031344946505
26 19 8 14 55047 1.0127876170171746
26 9 4 19 88997 0.9252938649034386
18 29 27 16 49474 0.9926951440847315
26 29 28 4 60997 1.0877900051728093
5 12 11 24 49483 0.9191686135503873
28 20 1 17 74349 1.0588156026362356
5 19 24 6 83074 1.035666623030149
28 2 18 22 60578 0.9098089027872199
27 3 19 19 59664 1.0251598555521741
25 21 21 29 18240 1.0576622004662504
11 21 28 24 48164 0.9016634870064402
4 15 22 19 64580 1.068234642682992
28 27 1 6 96392 1.0870871292475608
17 28 6 19 58205 0.9303546471319565
25 4 8 27 97817 0.9336657822736377
16 22 24 29 36381 0.9078715433150426
28 3 22 15 36039 0.9307817118487622
15 6 1 0 41614 1.007912872113123
3 2 18 17 70722 1.0424894952607997
21 19 14 4 63951 0.9400091559302731
1 25 16 5 74176 0.9046996425790602
19 27 26 2 77079 0.9660078756389716
5 12 25 5 73960 1.0348208356326758
5 9 21 5 52531 0.964346676563407
0 2 25 22 93087 1.0278789610559216
0 23 17 17 56690 1.0147079088958575
23 16 14 25 39342 1.07274042490865
20 1 7 28 86644 1.041431801871968
3 15 5 1 47533 1.0662026466561052
18 10 22 3 29323 1.0501744955965455
27 10 6 8 70160 1.0534208378561818
20 21 3 25 48654 0.9836116458502651
6 20 25 11 75735 0.9925910907796465
28 18 13 25 41568 0.9127716070656084
27 26 2 29 68702 0.9008643577766559
6 11 16 2 50227 1.059294798131477
0 19 2 7 33505 1.091236238905082
24 20 4 27 59682 0.9965095616288266
5 16 22 18 52769 1.032841362299312
10 16 10 1 43113 0.9092392915844175
28 12 5 4 53890 1.0060950977695873
8 12 2 5 40551 0.9592258499472749
2 4 24 9 58067 1.078476999758837
28 0 7 13 67007 1.0062357362455887
23 8 10 6 39825 1.0750931267259136
18 11 15 1 46327 0.9481426583158361
25 25 6 27 49732 1.0331552759000349
12 14 27 4 56775 0.9837188136746882
5 26 22 11 82034 0.956148064985974
10 10 22 2 43690 0.9290833013969184
24 5 9 18 77527 0.900109073357747
9 3 23 10 39658 0.9105730547388001
21 17 24 4 50904 1.0981151159547913
14 3 15 23 68208 1.014025440130351
6 25 14 12 54436 1.0705493582835837
12 15 19 27 48748 0.9617737494936509
20 27 5 5 95959 0.9393823968019273
2 1 18 14 68696 1.0231461779875215
4 18 28 2 86921 0.9740911982091192
16 25 8 10 54398 0.9891707597180991
10 16 4 24 34386 1.0926454154459835
0 26 25 20 64009 0.9263103185523024
23 12 28 2 24603 1.011467908014694
11 27 18 8 65889 0.9287202506106111
10 18 21 11 55954 0.9231757677166531
9 5 25 17 72089 0.9294204563650242
12 29 0 11 64791 0.9725269881135316
16 15 13 7 30247 1.047254592968649
1 8 6 1 28192 0.9599066762080183
2 12 24 2 67632 1.0204698012558817
24 12 19 26 41431 0.9602960118130818
6 19 4 10 40221 0.9114146629492942
2 15 9 6 47697 0.9317924209399142
18 27 18 9 70768 0.9680386409158256
19 2 17 21 65484 0.9005372444303139
26 25 17 3 66636 1.0956689478642387
15 9 17 22 44399 1.0773291660205409
19 17 1 22 60896 1.062335463830958
3 8 17 16 54431 0.9156541136105028
17 14 4 16 36814 0.9811893268310263
19 1 16 22 64580 0.9299187609654601
15 9 11 18 33956 1.0688072985062653
4 1 7 15 55167 1.0477908366612847
11 1 18 7 34324 0.9388909777142124
7 19 17 23 51452 0.9669911380958666
27 14 1 9 78031 0.9737599423239722
22 10 8 7 53272 0.9250996364706653
3 19 9 26 35523 0.9256100225634118
10 25 19 21 34723 1.0144934296021728
24 29 13 12 72581 1.0672118390814869
19 11 4 16 59261 1.0359980033009446
19 5 15 20 58419 0.9047055215046408
3 0 12 17 62791 0.987514480891997
29 0 17 25 70253 0.9094879466980265
28 27 10 19 57772 0.9055140825518294
16 15 29 18 37443 1.0316223882352944
18 17 23 23 29798 0.9975045024515246
7 26 0 5 57867 0.9290184440120601
8 26 2 20 33184 1.0226525551170416
3 20 25 1 97282 0.9876721223846772
20 25 16 10 50127 0.9614212104540689
10 17 22 17 37306 1.0161229658706055
0 29 15 18 62032 1.024973330090347
4 22 16 15 54535 0.9229351082670912
23 2 10 27 87910 1.0894438396529043
0 13 7 6 36257 1.0385175283358978
6 19 3 2 60501 1.0862079434497491
27 22 10 14 58926 1.035484646326805
14 15 18 5 47692 1.0370333550360422
10 25 15 4 61650 0.9823127651775398
22 13 3 27 82824 1.0509979394323539
26 0 13 24 84764 0.9525589546926119
28 1 10 12 56971 1.0110601766679057
20 8 18 26 65092 1.0818350378698822
23 3 5 10 49785 1.0015687110444997
17 11 27 8 50839 1.0028140174822724
20 4 29 17 45676 1.0411914688668151
19 17 3 20 58732 0.9055907847691153
18 7 27 15 45829 0.9289766181515786
14 20 7 11 50670 0.9706924423905736
1 21 28 11 83742 0.9190539032276202
7 14 1 9 33873 1.0577085821970018
29 17 26 27 30920 1.0543065760862373
18 29 10 18 52478 1.0269372907300744
26 6 24 19 41595 0.9955895166804313
2 13 0 1 28127 1.028187759891497
14 15 28 9 50266 1.0617500097310324
17 0 29 1 35449 1.0188188098240178
11 27 20 6 72932 1.054377529928421
8 21 26 0 100174 1.0259765326551284
11 21 0 1 71332 1.0312715407591173
18 26 24 11 46931 1.0503796403589822
15 6 20 15 40350 1.0397824118481913
23 3 5 7 40440 0.9647596111249941
1 5 18 17 69585 1.0287050342209834
12 24 28 14 54902 0.9710138734056218
17 15 23 9 39235 1.0721420939335369
2 27 27 8 99877 1.0565906667374165
29 11 15 13 50123 1.0739856724499708
2 18 28 1 84375 0.9390109214151902
18 28 12 22 34779 0.9242047419956197
6 18 29 0 88127 0.939647788371814
5 11 1 24 44277 0.9366232099639014
9 1 22 3 29752 1.0617568746453352
8 3 9 22 63929 0.9649007195057141
17 11 3 15 55773 0.9413012007806679
2 19 19 8 77486 0.9524200591202255
17 23 15 2 74635 0.9566802101122186
25 15 4 20 71664 0.9484608654588662
25 4 10 26 84376 0.9046008428528828
12 11 23 11 48553 0.9059562482532022
13 23 23 8 68064 1.092287627228276
13 24 28 16 48419 0.9721343973672343
16 28 5 17 53500 1.0852637492659387
0 8 5 21 47025 1.035538936800586
2 5 14 29 85765 0.9539181418343212
16 26 12 6 53828 1.0703008171094146
21 5 9 8 46898 0.9445209568998503
25 27 2 16 77883 0.9606875423965903
13 29 24 1 96015 1.086337863856915
19 0 24 20 57198 1.0943929009567261
8 24 21 10 73301 1.0159535673963886
26 4 25 15 36280 0.906050771636871
12 24 1 29 29467 1.0660692329802381
29 11 27 20 30554 0.9457739549855254
25 1 19 16 56845 0.9152709790532935
0 18 7 9 40586 1.0395188838852794
10 25 26 1 92527 1.025310802415881
13 19 18 0 68776 0.966266696524394
3 16 7 22 37708 1.079495314924659
17 2 8 20 75461 1.0383136730575626
8 15 15 24 36723 0.9465252129094139
23 5 18 28 76718 1.034441637784072
25 29 11 9 79164 1.0717762734505158
17 26 29 22 34385 1.0403621903873936
3 27 6 11 63266 0.9529340233020072
27 17 20 27 40139 0.9460700174813317
22 8 10 6 37950 1.0974164282581498
5 18 29 23 74109 1.0547931238186525
17 16 1 6 59300 0.9966178731745858
16 16 5 25 42658 1.0088683373115133
21 8 10 6 34190 1.0640955041458615
23 1 12 11 48331 1.0075334472137296
25 28 6 4 101014 0.9865713398330543
2 5 3 22 53504 1.0541452615354354
3 10 12 18 48705 1.0951565677000044
5 18 5 1 56488 1.0688120977272424
29 5 4 4 48362 0.9937475208741308
21 1 0 1 44926 1.0835061419689147
10 11 22 1 50580 0.975590062366002
10 14 19 9 46877 1.0353565831373481
5 25 17 25 27762 1.0580784938893193
11 7 23 15 50075 0.9191007315755307
21 16 18 7 39564 0.9326891306741246
10 20 29 2 80229 0.9037551658655907
17 21 13 11 45103 1.018904751216655
21 7 3 21 85268 0.9034630263713194
23 28 23 5 64478 1.0371999737132507
23 11 7 20 71997 1.016434488213612
23 13 4 28 78335 0.9033416033996882
7 4 15 29 84247 1.0647648747819094
6 9 21 18 62679 0.971126021686129
1 19 22 28 58992 1.0116881233094621
20 6 7 27 77977 0.9526654872009552
15 15 26 15 34565 0.9946652802749163
0 2 26 1 59298 0.902568339240745
4 5 23 11 60755 1.061163736184228
23 29 28 0 69606 1.0647612977647753
5 6 28 4 47088 1.038479533455093
11 11 8 26 50663 1.0904940001415444
18 12 8 13 47015 1.0369734543894962
9 27 2 5 73884 1.0399937201601404
19 13 14 5 37935 0.9248937507568411
1 24 7 12 52963 0.9972248149271781
13 24 1 23 22359 0.9271745359286196
22 11 0 26 88915 1.0612356558491807
3 27 16 23 36129 0.9003613454260241
27 19 18 27 43469 0.9007758842531723
28 26 19 0 67977 1.0594702364259023
2 20 18 20 63254 1.059454579527341
9 6 14 12 38010 0.9116713219809728
20 6 28 23 58229 0.9226788976330266
28 28 16 2 80720 1.0080733240335773
17 25 22 16 33876 1.0166464775541275
7 5 28 1 44756 1.0011338635530116
10 23 1 14 39916 0.9504456463661614
28 11 8 1 48791 1.0484463948541256
26 22 29 6 40874 0.9123947170607464
8 19 0 22 51637 0.9774557861722485
3 15 13 5 55963 1.0212361157161265
19 13 10 15 37194 1.004604876760264
10 11 17 26 54362 0.9923611722538366
2 17 19 23 61897 1.096040438622397
16 6 13 17 37767 0.9496029886224797
2 6 12 12 43072 0.9992043123601922
15 24 17 8 49083 0.9832361536022995
27 14 0 2 71751 1.0839799626948194
7 22 17 21 34390 0.9256997481759779
0 18 9 8 52884 1.063302236581781
13 18 24 17 36467 0.9013847230371467
20 12 16 19 35185 1.08407861876256
15 20 0 26 49236 0.9492617829369985
2 9 1 27 42752 1.030745455371236
10 23 12 12 33902 1.0434423201500518
17 21 4 0 87712 1.022878473026156
16 4 22 11 34978 1.0138556582261147
26 16 6 19 61874 0.9567229186688283
12 0 14 16 49850 0.9910949376357165
24 6 25 23 54884 0.9154369253863084
4 6 10 18 50057 0.9748925689954689
22 2 0 27 95338 1.0470377833125084
2 12 14 18 60315 0.9684286114799961
3 2 16 29 92121 1.0457275072178678
7 17 25 29 79049 0.9163258528299277
10 8 7 21 53002 0.9127559265617392
10 0 0 10 37019 1.0035830446555312
1 5 10 16 45840 1.0307953515909432
8 15 29 14 57037 1.053403205366861
22 3 7 19 77241 1.0359110689579893
13 8 29 15 62137 1.0694372529396723
12 5 23 28 78704 0.9535493694494939
18 22 27 19 32997 0.9667955220078023
28 18 10 14 51500 0.9572683813767646
14 17 1 14 41477 0.9796406609576344
19 13 3 3 47557 1.074171213212155
21 20 9 26 40240 0.9666570124714988
28 20 4 13 77532 0.9951042216627577
9 3 26 6 41420 1.0509364512497137
1 9 24 9 66937 1.0817204279818653
11 17 10 8 29436 0.9539472708780755
27 3 15 22 74004 1.09728160534258
5 25 21 9 81340 0.9558968675186807
25 15 27 24 40125 1.078174160664928
2 1 0 18 44866 0.906878004670573
28 3 7 0 46777 1.0075459430653242
24 16 3 28 72306 0.9772051012671047
11 25 16 6 55891 1.0780991153024206
13 19 10 7 38207 1.0926324824941098
26 27 17 3 72825 0.9149232893551033
8 28 26 24 54505 0.9748101340557503
6 10 12 25 57690 1.0178361639045017
25 7 9 12 62890 0.9177909889191996
7 0 28 3 46777 0.9204173001545232
23 12 3 20 73307 0.9800923387885041
22 5 9 18 73819 0.9234945507101692
1 22 11 27 32059 1.0521862674246665
9 13 19 26 58898 1.026255896910239
18 20 2 7 77122 1.0857430356509725
8 18 12 26 39566 0.9831078992168863
23 9 22 26 45005 0.9678513261845023
9 26 2 5 67471 1.0125714237230767
19 18 3 29 75050 1.0016114940533016
2 26 27 24 63232 1.0981520259383688
18 20 17 8 47038 1.0651330962711871
21 28 8 29 52316 0.9003177372219063
15 1 21 8 30575 0.9497972187554657
24 26 19 3 66202 0.9975980040532338
7 25 10 17 29490 0.9244501724578346
2 21 8 5 58712 0.9278123492996057
26 2 10 6 40097 0.98790157922915
24 13 14 5 49715 0.9470837350044209
12 27 27 15 57583 0.9383132646902241
16 20 27 11 45577 0.9282994077182085
12 1 16 27 76187 1.0954619266121484
7 0 10 13 48553 0.9134452459899861
19 8 5 5 41329 1.0544975490783344
22 6 10 15 54768 1.007782063250814
13 3 12 28 62375 0.9509409110847559
20 16 8 9 44151 1.0069425683495865
14 29 2 10 73945 0.9293064281850989
16 2 19 12 37481 1.0388052367963825
13 20 0 4 68242 0.9873870193556258
8 11 18 7 37200 0.911563102619684
28 27 22 7 59931 1.0022555109121107
16 12 28 23 51946 1.061823095001461
29 9 19 12 46570 0.9042415571592879
25 11 11 5 52128 1.0043182217252193
27 0 11 12 66225 1.0906163872258796
8 27 16 13 57262 1.0419073976735165
29 23 20 29 32240 0.9479999176152097
26 24 22 11 46565 0.966932496281821
23 15 18 10 41429 0.9205696685385695
24 26 3 10 88924 0.911132301041547
8 7 20 21 68604 1.0837353612938128
25 19 17 21 26618 0.9227795604252327
27 17 9 15 53949 1.0396156602394968
18 5 10 9 36912 1.0245059092191364
7 21 1 29 33742 1.058138679523049
0 9 22 0 52000 0.9739116184937076
26 0 9 5 50537 0.9559173480770329
5 2 18 11 53860 1.0537779844700814
10 4 27 20 71687 0.9784557666480137
0 2 19 5 44818 1.0299483282542177
9 18 6 9 37495 1.093225457891628
1 13 4 21 30995 1.055120889012112
28 15 29 4 24569 0.9575699927010741
15 16 20 24 43066 0.9697245252471329
16 9 19 1 29648 0.90656306555695
9 20 1 23 35459 1.084465013377612
1 11 2 29 41633 0.9675414775783687
1 19 29 25 66787 1.0318965001690048
11 10 25 8 50075 0.9634123683674235
24 1 18 13 41464 0.9880009146556026
20 20 27 26 31388 0.9552985064732934
20 13 2 19 73653 1.0314492107162623
11 3 6 10 30959 1.0826255291687634
11 22 21 23 35401 1.0001915217276878
28 12 11 12 62450 0.9540888466695019
7 16 16 14 25785 0.9280315676219203
17 4 26 21 60900 0.9270556000105071
2 20 6 3 49957 1.0570879543299754
22 21 4 0 93185 1.0597864871362805
6 9 1 18 33009 1.0271520420998854
8 0 23 0 40673 0.9856888736780911
2 10 13 19 57991 1.0094970255204618
10 26 28 12 66235 1.0149666977071743
1 20 16 22 40819 1.0264330098933592
23 22 11 14 49086 0.9620408843540877
24 28 10 28 49070 1.0796966178609904
29 16 10 14 52812 1.0552176636838937
16 16 19 28 46800 1.072045265346265
4 8 11 25 66668 0.9153347338543423
5 21 19 12 68246 0.9329057754653447
27 29 11 27 56644 1.088995876402235
4 7 26 15 76611 0.9363749367943879
25 23 5 12 79700 1.0764909077762246
29 0 6 24 93235 0.9091072557447991
21 12 11 5 45387 0.9813900001379775
9 15 4 22 41976 1.0344685128204159
15 13 25 18 38465 1.072489539843375
25 20 14 27 42809 0.9647130221658027
21 21 21 1 62481 0.9454429884935844
9 14 1 24 43359 0.9479109445819474
4 0 2 17 50521 0.9585413629646949
2 23 13 27 35890 0.9626219685169586
10 29 0 17 53214 1.0210392218820932
22 5 5 22 91794 1.0741570092492227
15 5 19 12 37361 0.9185599141955517
6 5 21 4 34685 0.925267894190414
12 18 5 28 37820 0.9447358538773581
14 22 19 7 60393 1.0625993280990826
27 11 1 3 56792 0.9900458719232467
27 1 9 19 86891 0.9070975809875498
12 16 3 24 33716 1.0031742769548617
26 9 16 22 63143 1.097188113517677
14 4 27 23 71193 0.9689073238731065
24 16 29 21 18847 0.9157015273863457
13 18 27 22 55078 0.9948639851204112
8 29 29 23 68093 1.0867179879227273
0 24 6 3 54961 0.9561737710593429
12 11 22 12 52598 0.9738020666573579
17 15 8 8 46137 1.0104222061563455
5 28 17 8 75003 0.9538365837776257
27 8 12 20 63700 1.0078200473120884
10 23 22 6 74591 1.0671216710423757
23 25 2 27 55733 1.0999089861802023
2 23 8 28 29872 0.9533511465037215
13 17 14 1 46152 1.0740576590737771
27 8 20 20 50048 1.0552836691973386
15 21 4 29 50261 0.925228270721722
8 25 28 1 86133 0.9936553609033814
22 26 7 15 62099 0.9086201459038746
3 21 10 25 25098 0.9856741701713656
13 0 28 9 39831 0.9665848176526735
12 1 23 23 77783 1.0768726295827242
23 18 14 14 34188 1.0841882011402681
15 22 8 15 43692 0.9483398722360205
16 2 1 9 42835 0.939903480900532
14 29 13 10 59700 0.9238321743532665
1 9 26 2 58421 0.9823351087626893
9 26 8 3 70564 0.9720043538473031
17 2 8 26 79642 0.9583272539495741
23 22 28 0 50952 0.9961272289895451
27 9 3 5 63390 1.0543228724490707
27 25 0 9 87747 1.0742103597368409
9 19 23 7 68685 0.9229273309660591
27 0 13 1 39410 0.937763470659252
3 11 8 0 45255 0.9666095343135043
28 20 20 13 43394 0.9268479935714731
4 7 13 26 67884 0.9388395270372999
22 28 9 19 53217 0.9442304658192695
15 19 20 28 44817 0.9140338473826516
2 27 5 13 50950 1.0469839016176046
26 4 11 5 37724 1.0323847065489962
6 19 9 9 40544 0.9379354231887499
2 23 14 2 72582 1.0805177190182382
10 3 16 19 52773 0.9806564103602263
14 9 1 15 48975 1.018832334735943
4 27 21 19 57278 1.0865294643293557
15 0 3 25 79931 1.0029755254493276
0 15 19 0 67741 0.9626713089627792
28 20 4 25 57231 1.0456728070423769
29 5 8 23 90882 1.0885773990432337
27 16 15 18 37565 0.9209673625219607
26 10 2 23 91879 0.9994192736315077
18 9 24 3 26769 1.0951793279499005
12 20 25 25 38871 0.931997309106208
13 20 21 22 37669 0.9847554822672218
14 27 4 14 61338 0.9540286405491097
21 8 21 18 43318 0.9305271224226146
13 9 19 20 53584 1.0808536885257132
10 20 3 24 23772 0.9683112073360255
5 6 27 14 69359 0.9893527171500244
2 15 5 25 35472 1.0093104271597033
14 1 13 21 56178 1.0952580492645752
24 12 4 22 79779 0.9498590043302089
7 10 15 26 65574 1.07279506592758
17 17 2 18 53235 1.0357294509803472
25 14 5 11 70164 0.9932758536197662
1 24 25 1 95471 1.0280563654992483
20 11 0 10 55193 1.0103118114579912
12 1 23 28 91417 1.053394454391333
28 20 14 24 36819 1.0898054168430036
20 14 12 5 42634 0.9404051019731011
26 5 8 20 94315 1.0057114073296192
2 0 2 16 41519 1.009377547805125
23 16 22 0 48773 0.9055833465064572
26 6 10 29 93777 0.9234156946517634
26 9 9 6 59831 1.0310522530111377
13 8 11 27 51122 0.9442191979202331
1 10 28 24 86192 1.0971852607063557
29 21 14 22 42271 1.0528508995437342
8 10 28 29 87833 0.9688197946554991
26 22 1 24 56813 0.9016600253365644
11 3 20 14 36452 1.0288223422897183
1 26 11 12 57937 0.9007043720802997
13 17 25 15 37820 0.9587551930491278
11 23 2 3 67787 1.019796883271116
17 5 23 1 28341 0.991237234316886
6 16 18 6 54519 1.0044510270034825
27 1 3 15 85640 0.9077625303827961
23 17 28 8 28027 1.0156241164208715
1 20 29 14 79895 1.0077390632555945
6 29 15 5 84769 0.910154945064456
24 13 27 28 47532 0.9429760724718316
7 1 27 21 80417 0.9572786874490419
6 5 26 4 44994 1.0309253644600964
9 24 6 9 54786 1.004904776952174
17 1 16 26 84925 0.9320726895716995
23 4 7 28 90649 0.942029180794912
4 27 8 0 81278 1.0328768993517374
14 9 16 20 34771 1.0905195130708685
9 5 29 19 73990 0.9189895807580285
2 25 11 10 60251 1.0739604031103562
16 9 2 26 68195 1.0900346545519135
0 9 7 13 37576 0.9380539978977119
3 5 19 25 85533 1.0393754526856955
26 28 19 21 28758 0.9381490888717854
6 29 17 21 47506 0.9573942078055018
5 2 27 1 48253 1.0776257567904788
27 14 8 3 54315 1.000011856061526
12 24 10 4 52349 0.9544812953128543
7 23 28 18 55815 1.0841683228921943
24 24 12 20 39669 0.9105695899349315
22 7 8 7 37667 0.9061086498302287
17 6 21 14 33385 1.0934784645594904
15 15 13 29 49181 1.0561568434157789
22 4 0 13 57308 1.0073505143154224
10 24 27 22 44398 0.98195893259971
13 15 25 13 43161 0.9337903681557576
1 26 4 10 49030 0.9347643734202502
19 23 9 12 67877 0.9135507990841204
23 10 0 8 62587 0.9759870164446668
10 13 16 19 29458 1.0165481469343374
6 22 25 0 105428 0.9336657429699085
26 1 1 27 105356 1.020627293812265
2 28 1 18 24670 1.0136836073845579
14 7 10 17 32463 0.9403947090666492
1 24 4 11 47967 0.995331787104908
1 28 20 0 87606 1.0107319522148515
26 17 8 10 60627 0.9882086541154753
5 7 16 2 37294 1.0638791873733977
28 14 6 21 79397 0.9722450624766763
3 21 10 6 63926 0.9564618490688607
7 18 18 19 54163 1.0855940411837954
2 27 1 1 61019 0.9983010020998793
16 19 27 7 58245 1.0209533618006075
18 19 8 2 71603 1.0751292995344248
17 8 4 21 70340 1.010993829419848
27 14 15 3 44316 0.9728691585858512
14 1 15 13 45585 0.9053930870793481
12 29 16 3 69029 0.9046133290429521
14 16 1 8 48899 0.912760022259405
27 21 22 7 45161 0.9867665015673864
19 0 23 6 22332 1.0213330603739443
1 12 29 4 65323 1.0414213601273175
10 14 20 12 42576 1.012744723748271
8 28 2 2 74499 0.9004611626276873
7 9 4 27 65746 1.0693397048416213
27 29 4 22 73228 0.9951021788409489
17 2 20 10 21615 1.0922025631477368
18 18 22 5 59325 1.0926322763699288
0 1 18 11 64022 0.9453321710034525
9 4 26 3 29446 1.0142142806372036
9 26 3 20 31536 1.0773835251788209
8 16 22 0 63161 1.036445984503321
20 7 26 3 15249 1.095146501951146
11 3 19 26 76013 0.9859672788794385
29 17 2 17 74397 0.9706906801183219
21 27 1 9 76677 0.9147934860712722
15 3 2 8 39260 1.0121873347931465
25 6 1 0 57051 1.066857492816953
26 3 3 17 75035 0.9036273558869802
28 4 3 25 91997 0.9944863235175485
26 18 1 1 79700 1.036318475060616
19 7 27 9 34497 1.0517951903580998
19 17 15 27 48583 1.0177912227338146
26 25 18 7 65330 0.9251500714691482
15 12 29 28 75339 0.9753142957566765
22 4 0 6 43447 0.9797237003844148
18 25 26 23 22915 0.9234145708081091
6 14 18 17 40753 0.9784905548790368
15 17 23 20 35323 1.0612339279903984
28 8 29 19 27271 1.026646940484311
29 8 9 29 92357 0.9985771829945026
28 12 21 21 31303 1.0730697049517561
3 7 23 17 72717 0.951730723145279
29 11 17 9 45283 0.9673445514352441
5 5 9 16 40727 1.0471473557745452
21 25 23 13 31012 1.00577164177406
24 1 4 7 54488 0.9715228463539485
2 3 21 14 54743 1.0578891411499385
21 17 5 19 55980 0.9726784445661066
11 14 18 2 48494 1.0255758496464273
21 12 11 6 43304 1.0366756318304575
9 18 4 25 39103 0.9236672099529851
9 6 7 23 60549 0.9446462330190549
21 23 0 4 86447 1.0154575350454909
21 23 7 12 68273 1.0906529156157339
11 27 2 10 63011 1.0344092591810874
10 2 7 13 37964 1.0477745337164317
10 14 29 17 54240 0.9873870704309373
10 23 4 11 57305 0.9416730918919237
5 21 22 14 67580 0.9327548486177125
10 21 27 23 56016 0.9097339260557891
15 8 19 1 29953 0.9740411119447758
4 21 14 20 45975 1.0463002714995575
12 2 19 20 72721 0.914626119719402
1 11 17 14 55373 1.0600582594437533
22 10 23 19 32735 1.0141564853184744
18 12 6 6 62835 0.9665329189836582
10 4 1 17 47345 0.9047309736653663
8 13 17 9 39158 0.9053535774990888
13 14 16 28 45437 1.0464959531731863
28 23 11 14 57900 1.0857556970962363
25 1 2 0 62359 0.9048928836846173
11 23 2 3 67787 1.060661923977161
22 16 1 4 72474 1.0666676907365873
13 2 0 22 71095 0.9497193050353738
0 20 5 12 37014 1.057505456125244
26 27 28 7 49201 0.9974375631524336
26 2 10 25 87067 1.088293481047056
9 9 20 7 34369 1.0160384825915694
15 12 27 27 75465 0.9751337179368397
9 25 28 18 51027 1.0837598511883522
25 0 29 11 29382 1.0670251480969517
28 25 4 16 73086 1.0631873238538216
1 12 16 18 49703 1.017614166011452
15 3 3 9 39368 1.0092396828661536
20 14 24 22 32114 0.9473159167730459
15 15 0 22 61786 1.0231179759340687
10 19 6 4 49700 1.0851939102959482
4 19 26 25 65117 0.974788718688732
5 19 25 8 79839 0.979587234176179
9 26 1 11 48833 1.0082258385933938
27 2 29 19 43728 1.0236210117567928
10 19 18 10 55370 0.937744640455026
16 2 5 24 77032 1.073620588485951
6 25 23 18 51957 1.046967606828284
14 28 5 17 54982 1.0104796908940075
11 24 22 20 37540 1.0913083792404106
14 2 3 29 81497 0.9824659615665823
26 22 9 15 59330 0.9427446304490061
24 18 16 10 40043 1.0525423491425347
3 19 18 1 84724 0.9027677815607107
7 16 16 17 23106 0.9143159592901883
26 10 7 18 74380 1.054897355339353
5 26 29 16 70029 1.080326434777261
16 18 19 6 42435 1.0131930892472223
20 12 17 23 51387 0.9405304978878066
13 20 27 20 51430 0.9021246683673275
22 1 3 10 64227 1.0337992908800007
20 20 2 16 66543 1.0454475632318905
11 23 24 13 57230 1.0771613606265622
14 13 11 5 33034 1.0148706554138724
21 27 8 17 56484 1.067055486624715
3 1 23 23 92480 0.9688143669729857
8 4 13 19 51388 0.9060738202718074
8 18 6 1 57635 1.0178105728205558
3 17 12 1 61463 0.9492898288316276
1 26 1 13 28578 1.0413124796947948
2 7 2 29 52399 1.0611440501850606
24 9 29 25 47245 0.9700750895741712
24 26 23 6 53529 0.9493234546930194
20 1 5 2 29712 1.0997264979560093
26 25 2 0 103653 0.9339207189506825
19 15 4 25 56837 1.0582113924089847
9 10 1 8 30632 0.9730602936292142
7 3 13 26 67655 1.0223035742849202
9 18 13 8 38681 0.9237947716053397
6 17 21 27 63573 1.069996797322269
5 2 24 25 89466 0.9307000145358506
15 25 23 5 68618 0.9211309215931789
0 11 6 16 29903 1.033708886844622
19 24 4 22 47150 0.9199561057394648
23 21 13 0 70641 0.9151853763282041
3 22 25 23 60946 1.0525031877535773
14 7 3 25 62017 0.9976064794734099
24 28 11 5 84209 0.921032322481262
2 15 0 28 36438 0.9001650672089659
0 18 7 0 63916 0.916408892492876
15 28 29 29 52713 1.0377419368593732
2 3 14 28 85418 1.0235767931474715
1 12 6 3 27038 0.9562483696940663
15 5 14 21 57777 1.0978330925955913
7 1 27 7 55027 0.9058777215697511
19 7 26 3 17893 0.9530455253843758
3 11 21 3 56584 1.0413213046440517
5 2 24 6 46043 1.0109812793431203
12 3 26 16 53491 0.983163596924659
20 12 11 23 57804 1.073184641742643
16 24 29 6 65515 0.9749275615706746
1 2 20 21 87749 1.0407559987014081
27 17 22 28 37060 0.9667469162662002
18 19 29 8 57609 0.9139145609654301
6 10 3 20 48953 1.0582994867368067
4 27 14 11 70500 0.9908486084143147
9 22 0 11 61692 0.9118661132574172
6 22 2 4 63266 1.0172353649815915
22 5 10 5 33172 0.9569628409329993
15 20 29 0 73744 0.9669544647943229
8 5 29 12 52883 1.0738240783597184
10 13 16 9 28643 1.0718695464291923
28 9 22 17 31216 0.9146632558879809
4 22 17 8 75689 1.0717120176856874
20 7 1 18 67758 1.003990684300285
27 19 14 25 42714 1.0615500275912826
14 5 6 8 36365 1.0141334134365398
4 5 23 5 47803 0.9166439451548156
3 26 28 19 63293 0.9870313995518085
19 11 16 23 49328 0.9351723328593993
24 11 7 8 63445 1.0031737029456242
13 16 18 11 34490 0.9286933036469662
29 5 6 9 59266 1.0783235675924066
8 24 29 24 46715 0.959773527291665
23 4 0 13 58710 1.0859144839570758
27 26 22 21 21977 1.090186714111238
13 9 29 22 67231 0.9210030346686712
24 4 16 8 27024 0.994967137925873
19 3 29 0 22307 1.0972516121828624
12 8 19 12 39623 0.9472864861018738
16 6 10 28 68201 0.9649424114244542
19 26 0 7 79863 1.0943647630427724
1 3 29 24 90120 1.013123517771118
19 9 29 29 77382 0.9011478424800767
2 20 3 2 48505 0.9491139970686998
9 8 12 24 49491 1.0725531318361963
26 1 14 19 84632 0.9686238215051928
11 11 12 23 33881 1.0645313742424716
24 10 13 1 46427 0.9552027698116842
19 22 5 10 78436 0.9971341492676007
16 3 14 17 49393 1.0610337242541066
4 19 27 8 86637 0.9722860135654032
17 3 1 20 60849 1.080603520483101
6 7 25 22 81068 0.9460053947697831
5 18 20 6 66032 0.938609233591537
15 16 24 4 51325 0.9272164060137881
26 23 3 21 63608 0.9621628307672774
29 19 11 12 62824 1.073023508611857
11 10 20 25 59341 1.0118388499534825
4 26 17 9 71070 1.0555142205662018
3 10 24 14 76510 0.9708955530884309
6 12 27 21 76380 0.9535811118602242
19 25 20 3 66052 1.046779699510497
18 2 0 14 59004 1.0751973333499651
0 16 26 4 74278 0.9718235116675864
27 24 22 1 74837 1.09714924746202
15 18 5 13 47524 0.9297016478554515
2 19 28 21 73604 0.9266342737225519
3 7 20 11 51764 0.9836476184682764
4 9 25 5 66257 0.9994759413326421
16 2 20 27 86635 1.0402146810399913
1 2 13 4 25258 1.0449013638007179
18 2 23 10 32926 1.0911982585658422
25 25 20 4 62517 0.922022879994348
16 23 2 25 31189 1.0316374296136286
13 7 29 1 45536 0.9840881314092496
23 3 29 16 36972 0.940021791417503
19 22 3 3 88913 0.9966716906166793
5 1 25 26 98369 1.0677477297786513
18 15 14 2 46296 0.9954363032779523
5 4 10 15 42223 1.0022307783430473
18 14 17 2 40367 1.094679173506763
26 24 11 6 77981 1.0557656273174618
24 10 1 6 63706 0.9996498827414075
25 9 16 25 59368 1.0882836822764492
24 28 3 23 54210 1.0402717255447498
19 29 25 22 31353 1.018096336200831
2 4 3 26 53487 0.9970547511294031
4 2 19 6 39432 0.9458570201805807
7 5 15 25 69357 0.9179822100480265
23 24 24 15 23973 0.9415038148588127
24 29 13 23 41005 0.9329003062027831
15 13 20 22 49025 1.0515825669988748
25 2 9 5 42331 1.0142354539397695
25 5 7 23 94983 1.0649103705850496
4 29 0 10 50213 1.0355384142626278
18 6 27 25 70871 1.0004614441637878
22 7 25 27 62367 1.0760878258528417
5 6 11 21 58749 1.0640675775329314
27 20 16 4 65565 0.9726521517167581
7 6 20 3 29968 0.9789098110127663
13 7 26 7 35076 1.0883659224176487
5 6 0 21 48277 0.9539930375259736
7 21 4 10 50351 1.0581834176949327
20 0 16 19 52942 1.0174150060473597
17 24 0 7 73683 0.9681529007119396
0 26 29 5 100936 1.0675253448312558
11 2 4 5 25538 1.0658714609414404
8 6 17 16 44289 0.9024598266821633
17 23 4 20 45439 0.9401798737649869
0 3 18 23 84087 1.0987948570748562
19 2 17 25 73986 0.997828110007457
12 25 15 18 33252 0.9915603310312371
3 23 28 29 62512 1.0069785617121252
12 8 21 7 25976 0.9273626682579879
7 25 19 25 27466 1.0038831732123288
12 22 6 10 50787 1.0589841792759769
4 8 18 19 72691 0.9258411620307148
9 18 27 28 75855 1.080573133196778
25 1 7 16 74929 1.059253066310244
29 1 8 12 63173 0.9691134630033843
29 17 13 20 57299 1.0467976209077592
14 5 6 11 45372 1.0969615985945769
17 6 23 14 40568 0.9766871306387687
20 12 3 21 78194 0.9255088096591992
12 5 15 16 32510 1.038269889101572
18 0 25 24 78760 1.0355553762819856
15 22 26 18 42189 1.0796267254058192
23 16 18 21 23735 1.0879445481962904
5 9 29 22 83958 1.0322877973631392
0 5 25 2 51388 0.9541418456631996
27 10 15 15 51696 1.0216974552058053
3 3 19 28 99734 1.0095331047932727
7 23 5 3 64122 0.9327289921126969
11 5 29 23 80054 1.0227042964966329
5 20 5 7 43989 0.9377504418680133
0 8 23 23 87231 0.9147614697804415
16 5 3 9 44542 1.0607546793527312
6 22 29 19 64101 0.9371376787901331
21 26 18 9 66249 0.9775778874924066
23 26 23 5 59046 1.0375145971921362
13 11 24 15 48457 1.086722476167069
24 28 13 26 36403 1.0936964780738858
1 21 29 16 78249 0.902058703022051
2 12 22 28 82174 1.0556553133246147
13 16 25 23 47462 1.0879291628228127
2 25 24 28 56380 0.9414552650990539
0 5 3 18 36685 1.0880401519714216
14 16 1 7 50735 0.9624909454021227
29 3 14 17 61299 0.9759052846280325
26 5 5 0 55000 0.96058842324356
19 20 13 28 45763 0.9064896912563304
29 17 8 28 69585 0.9902733355154811
8 20 3 0 81564 0.9125644655078683
6 18 21 5 75774 0.9135165489406406
29 8 15 9 48595 0.9657944619892073
12 26 25 6 80472 1.0225531234787575
13 26 16 5 61243 1.0559082672386042
28 1 23 24 54875 0.9747725994527543
14 12 29 17 57933 1.013092474429877
15 11 3 19 63216 1.0864047576451623
27 20 12 5 73746 1.00752777487829
23 17 8 17 40977 0.9955826945676508
1 15 24 14 61999 0.9274537467039621
4 29 24 2 101113 1.0855922844092711
21 20 28 11 35325 1.0719833361420026
17 2 26 5 32083 0.9254936826007837
22 19 3 8 82652 1.0806169440972075
7 3 11 14 40301 0.9445821974097424
21 28 2 2 95791 1.0233188900559025
16 11 26 28 67557 0.9521266874484857
2 16 4 2 40409 0.9159490397123279
28 16 3 24 64992 1.0670339200507093
2 4 21 22 89783 1.0584967872396116
12 18 29 25 50378 0.9659801505624429
7 29 7 18 48612 0.996484228426839
26 15 12 3 52717 1.06190359564833
11 15 25 13 48266 1.0416411519182285
1 2 11 0 29104 1.0284923027275006
23 5 18 25 61614 1.0890200345979004
25 22 3 12 82404 0.9296036003900041
8 26 4 20 29445 0.9936403193081809
17 25 7 6 68876 1.0499134305136788
12 16 21 29 47197 0.9133935127592586
29 2 7 19 91690 1.0870338133474602
21 21 16 16 27606 0.951746960301639
27 18 20 12 37693 0.9091987340199785
21 25 13 10 61592 0.9871443906254885
25 4 5 5 42757 0.9858043690763513
23 8 9 3 33651 1.0290285556411536
10 7 27 24 84603 1.0712088661576877
22 7 19 24 59602 0.9314084550809731
11 15 21 8 48400 1.0442855515008236
0 24 8 13 43500 0.9520930247574845
1 26 8 20 40252 0.9398202801970477
9 16 6 1 49314 1.024519782462166
6 14 26 15 57061 1.0952139890230117
14 9 19 14 30250 1.015822508198663
5 12 17 27 71588 0.9210456825861665
5 0 29 24 93659 0.9384101917850305
0 1 0 13 20137 0.9293463288598784
9 28 5 10 66696 1.0869329337597051
21 29 15 11 61576 0.9188080706545178
5 28 5 18 33271 1.0376176761862865
2 0 25 2 57832 1.0495067488052698
6 21 23 13 71283 0.9206548431239084
19 1 15 14 47126 0.9357958031700839
5 26 0 12 45668 0.9676414028661801
7 8 19 7 39643 0.9179671303052123
17 24 4 6 80914 0.9494181692846289
1 1 25 3 40343 1.0986803746065885
20 8 0 14 63197 0.9871326240546112
21 9 29 27 68065 0.9043867707675787
2 6 25 27 102527 1.0518078542081089
10 12 28 8 61450 0.9179078649834023
