3295 4677 3189 2860 3693 4058 4695 4616 4106 2985 3844 4490 2970 3746 3436 4131 3600 3517 2967 3639 4426 3835 4004 2886 4230 4138 4513 4446 4686
7681 7027 6640 7501 7328 6317 6489 7403 6831 6838 6187 6393 6001 7100 5993 7215 7672 7759 7153 7497 6480 7169 7352 6786 7540 7129 7297 6619 7505
2662 2130 2060 3234 3189 1815 2070 2453 2377 2590 2578 2380 1697 2499 2054 2458 2505 1995 2047 2276 3315 1877 2173 3113 3147 3425 2875 3520 3486
3374 4500 4338 3538 4733 3264 3838 4885 4475 4565 4502 3745 4885 3260 4994 4184 3388 4932 3316 3641 4319 3217 4874 4084 3580 5020 4084 4727 4033
4471 4965 5147 5630 5608 4871 5212 4723 6022 5067 4673 5248 5750 5037 5868 4548 5552 5543 5472 4911 5200 4489 5741 4726 5998 5354 4275 4199 4251
2538 3246 4104 3533 3068 3083 2520 3033 3849 3742 2848 4177 3675 3036 2601 2448 3325 2607 2517 3489 3886 2571 3252 3562 3007 4179 3641 3632 3946
6604 8172 7718 7293 7353 7722 7473 6613 8130 6705 7726 7112 8351 7774 7995 6648 7275 6950 7614 6706 7575 8266 7750 7800 7974 7391 7783 8390 8120
5229 5414 4778 5169 5191 5047 6201 5097 5028 5638 5785 4929 5873 4791 6315 5245 5254 5801 5994 6069 4824 4983 5586 6276 6147 4580 5682 5870 5402
7914 7530 7648 7200 7413 6732 6621 6708 6271 6686 6185 7852 7102 7626 7777 7337 6633 6325 7018 7098 7421 7865 6242 7920 6791 6150 7938 7165 7198
6659 7971 6332 6555 6249 6870 7082 7119 7904 7830 7905 6959 6830 6631 6418 7741 6591 7026 6341 6753 7020 7364 7131 7451 6518 7704 8008 6520 7772
4993 4436 4036 5259 5306 4317 5074 4622 3996 5008 4246 5112 4765 4109 5030 4687 4257 4396 4361 5290 5331 4215 5365 4413 4753 5237 4145 4321 4841
3072 3739 3808 2441 3138 3466 3610 4037 3088 4009 3177 2690 3848 2717 3543 2554 2628 3009 3886 2685 2329 3131 2906 3505 3504 2499 3898 3617 2967
2574 2021 1907 2418 2369 2158 2345 1302 2408 1668 2208 1505 1882 2183 2519 1328 2872 2641 1964 2760 2496 2195 2029 1460 2717 1408 1916 2966 1381
7510 7764 6498 6506 7958 6384 7497 6490 7718 6595 6892 8023 7298 6630 7376 6738 7306 6744 6237 7285 7646 6744 7936 6475 7800 6359 7988 6393 8062
1440 2151 2219 3035 1532 1945 2583 2421 1358 1702 1570 2580 2504 2165 2753 2494 2482 2839 1722 2618 2940 2866 2328 1938 2106 1818 3114 1414 2289
3048 3530 2388 3515 2643 1976 2031 3328 3348 2197 3214 3225 3521 3743 3393 2642 2580 3080 2659 3272 3338 3244 3459 3317 2899 2848 2500 3409 3012
3314 1993 2741 2479 2952 2496 2577 3369 3283 1752 1757 1928 2695 2928 1990 1635 2266 2048 2461 1872 2177 2174 3023 2586 1628 3326 3311 2001 2049
6065 7163 6282 5523 7214 5709 6458 7194 7135 6780 5983 6878 7151 5770 6349 5648 6726 6018 6488 6427 6532 5561 7373 6698 6801 6775 6252 6733 6965
5861 6533 6050 5576 5842 6366 7075 5442 6172 5747 6059 6361 6394 5542 6178 6320 7197 6408 6571 5923 6442 6420 6871 5413 5677 6864 6640 6899 6367
4977 4082 5667 4115 4484 5585 4285 5076 4609 5271 4381 4260 4947 4446 5480 4421 5575 4591 5607 5450 4064 4446 5437 4570 5607 5649 3840 5414 5235
5063 6738 6776 5401 5201 5630 5776 6639 6128 5670 5276 6352 6588 5513 6631 5352 6502 6042 6144 6314 6257 5263 5917 6634 5860 6792 6703 5361 5012
7154 7118 7700 8415 7806 8248 7241 8173 7679 6745 6656 7967 8292 8396 7759 8377 7349 6959 8370 8266 7387 8336 7504 7973 8400 7035 7731 8055 7781
5744 5130 5008 4875 5538 5305 5331 4924 6177 6271 5031 6067 6364 6539 5464 4950 4909 6327 6389 5505 6580 5782 6416 5676 5799 5000 5118 6321 5903
2860 2804 3503 3353 3261 3240 4064 4411 3809 4103 2991 2628 4086 4256 3998 3593 3643 4180 4180 4085 4084 3562 4089 3550 3560 3189 4402 2790 3214
4078 3156 3548 4040 3441 3449 4843 3542 4819 3279 3930 4502 3202 4782 4921 4657 3885 3292 3396 4745 5036 3241 3677 3212 4370 3428 3479 4292 3903
7005 7909 7212 6937 6472 7716 6551 7336 6932 7394 7604 7055 6477 7761 7027 7956 7640 6659 6368 6619 6707 6242 7530 7448 6763 6333 6483 6703 7094
6973 6704 6374 7244 6894 7835 7146 6438 7415 7746 7692 6046 6705 7095 6024 6994 6470 7185 7392 7252 6356 5985 7810 7220 7844 6500 6227 6204 7587
3300 2277 1656 1790 2637 2558 3041 2819 2510 2095 2382 2661 1936 1719 2530 2763 2672 2749 2038 1714 3057 1777 2835 2512 2294 1650 2681 2945 2446
5114 6031 4287 5251 5794 4224 4624 4843 5929 4720 4567 4487 4296 5244 4989 5229 4178 5882 5420 5199 5962 5703 4845 5160 4317 4684 4401 4620 6036
7921 6614 7889 8343 8358 7517 7344 8460 7193 6979 8143 7783 7572 7829 8376 7206 6870 6914 8386 7405 7616 8364 7563 7448 8315 8272 8030 8141 7477
3019 6084 7806 4592 6696 1986 3561 2622 4181 8264 2776 4353 3775 7747 2568 7774 2487 7579 4696 7799 3305 4884 5554 1488 3327 3510 3687 3559 1401 5820
2626 7603 7382 3626 8017 2701 2958 3662 3197 8610 3568 4064 3408 6790 2565 6811 2292 6143 3841 6804 4242 5520 6881 1407 4509 3530 4424 3400 2040 4708
2645 6597 7953 4057 7136 1962 3556 3348 4592 7761 2833 4757 3632 7865 2717 8220 2696 7748 4802 7657 4124 5032 6217 2416 3964 4291 4452 2862 1966 5520
3262 5976 8534 4795 8364 2729 4009 2942 3432 7211 3550 2965 4139 6698 1944 7785 3903 6390 4037 6918 4266 5610 5760 1595 4268 2714 4726 2287 2317 4483
2453 7536 7382 3236 6876 1918 3032 3416 3125 7338 3953 4184 3970 6697 1822 7257 3041 6068 4047 6575 3013 4751 6594 1409 3900 3815 4445 2176 3036 5128
1985 6754 7795 4092 7254 1783 4090 2807 3188 8567 2502 4737 3179 7456 1673 7558 2559 7623 3138 6439 3427 5219 6898 2236 3433 3508 3826 2086 1516 5719
2787 7039 8296 4025 6691 2159 4123 3343 3253 7807 2944 3660 3757 6835 1354 7040 3333 6891 2985 6774 3524 4622 6375 2658 3433 3962 3266 2759 2259 4689
2009 7449 7538 4511 7336 2404 3087 2452 3348 8688 3721 3728 2932 7072 1077 7337 3354 7543 4349 6135 4413 5196 5845 1628 4712 3380 3586 3412 3110 4314
2776 7438 8288 4007 7513 2963 2655 2815 4295 8593 3897 4136 2881 6905 1799 6606 2514 7290 4411 6296 3704 4772 6915 1662 3721 4415 3089 2013 2354 6076
1645 5798 7805 4710 6703 2138 3062 2696 4730 7712 2074 3422 3944 7974 1861 7096 3817 6681 3378 7685 3694 4666 5586 1263 4479 4456 3592 2806 2180 5996
1660 5788 8222 4802 8163 1633 3087 3774 2984 8186 2850 4311 3955 6603 1048 7283 3680 7103 4425 7261 3375 6454 6313 1629 4097 4368 4084 1922 1731 5660
2678 6349 8343 3815 6937 1565 3162 3102 4244 7398 3079 3056 3409 6837 1331 6510 3222 7736 4768 6941 3242 5449 6457 2897 4153 3344 3085 2433 1936 4419
1912 5858 6926 3825 7105 2843 3335 2678 4676 8514 2462 3141 3388 6823 1300 6736 3365 6049 3302 7324 4249 5173 6093 1361 4987 3721 4393 2402 1426 4922
1699 5947 7160 3477 7549 2654 3729 3407 3219 8349 2791 3343 4520 6618 2172 7943 2893 7288 3497 6559 4787 5504 7152 1232 4805 4218 4458 2531 1984 5866
2358 7567 8734 3152 7497 1493 3660 2016 3262 8029 3131 4760 3464 6916 2900 6446 3017 6524 4741 6041 4547 5999 6719 2374 3982 3638 3826 2120 2199 6037
3396 5927 7194 4817 7313 2791 2703 3539 4335 7779 2217 3274 4049 6480 2298 6853 2894 6773 3963 6755 4763 4898 6589 1710 4916 2998 3122 2248 1978 4250
1688 5900 7883 3602 7773 1757 2821 3756 4728 7718 2541 4630 3372 6755 1480 7661 2338 7245 3135 6034 3804 4713 6165 2226 4431 3271 3226 1932 1629 4411
2009 7351 8391 3197 7350 3137 3056 2807 4563 7289 2919 3528 4120 6620 1817 7373 3614 6536 3274 6104 4399 5045 6439 1712 4073 4180 4318 2326 2467 5888
2780 6004 7141 3555 7426 2149 2394 3493 4806 7868 3246 3533 4049 7170 2677 6874 3641 7370 3420 6128 4499 4818 6411 1693 3977 2715 3289 2557 1587 5388
1583 7041 7088 3489 6502 3218 4143 2128 4419 7026 2988 3648 3831 7684 2480 6448 3473 6818 3409 7782 3606 4893 5866 2920 3854 3578 3193 2739 2993 4459
3181 6207 7080 4037 8326 2712 2744 2285 3175 7860 2447 3136 3831 6825 2012 7265 2825 7189 3932 7145 4389 5713 5614 1764 4290 3886 4840 2479 2798 5839
3397 7314 8755 4307 7241 2484 2823 3120 3421 8263 3735 4461 3133 7500 1603 6377 3145 6929 3042 6060 4599 5225 6389 1653 4031 2994 3508 2000 2213 4658
1681 7267 6901 4583 8229 2093 4156 1916 2970 8596 2280 3105 3772 6842 2507 7603 3980 6942 4605 6654 3469 5076 6965 1820 4971 3337 4177 3584 2130 5777
3106 7601 8000 4244 7482 1530 2875 2802 3818 8453 3385 3365 3771 7376 1829 8076 2369 6754 4459 6331 4544 5437 7225 1558 4458 2741 4419 2752 3143 5990
2185 7291 7768 4053 6724 2672 4006 2625 3295 7614 3695 4595 3376 6976 2255 6895 2707 7232 3920 7131 4650 6166 5405 2537 5020 3504 4822 2075 2270 4934
2773 6086 7966 3240 7823 2276 2607 1959 4550 8604 2551 3958 4168 6952 2414 7919 3224 6650 3659 7704 4309 5509 6579 1970 4861 3987 3886 1828 1516 4287
2791 6127 8470 4256 7627 1960 2440 3686 3148 8407 2216 3614 3670 6516 1633 7176 3308 7324 3056 7436 3977 5540 6894 2601 4671 2833 4169 2753 3214 5437
2905 7070 8328 4400 7568 2239 2947 2417 3301 8233 2411 3451 3659 6494 1821 7100 3886 7361 4713 7599 4420 4710 7172 1803 4760 4152 4359 1876 2448 5154
2331 6282 7659 4235 6514 3360 4123 3362 4214 7016 3000 3353 4606 6661 1210 8124 2611 6656 3464 7169 3396 6464 5635 2178 3212 3842 4245 3308 2772 5762
29 4 15 2 51282 1.0531094205095566
15 25 4 8 65674 0.9241701990044661
5 10 16 3 46044 1.0416903007926352
2 9 18 0 54320 1.0223026783139968
14 0 4 22 72391 1.0198767941904126
2 3 22 13 70786 0.9755436118826031
28 29 22 24 35380 0.9020032011398992
18 28 4 20 47951 0.926274361267143
24 7 18 25 71330 0.9764040072215485
11 0 17 29 76050 0.9160111930006095
27 0 8 12 75096 0.9886483398395876
3 10 21 10 53312 0.9479392874873986
5 2 21 20 84648 1.0046812499995852
2 10 13 23 47945 1.0509835867266113
17 23 24 19 29819 1.0369310726046983
7 28 4 2 88508 1.0171038064555817
28 22 17 11 60929 1.0680783493615955
1 29 13 8 78130 0.9977645004587117
13 25 2 15 45937 0.9330402000783998
1 1 29 7 86617 1.069743839779447
4 8 24 13 64452 0.9449045903311173
6 22 27 13 70236 1.0964594870097293
25 4 17 13 54836 1.074879031786692
11 23 7 3 62423 0.9305733595836734
22 8 16 13 35981 1.049802843785283
2 7 18 15 51345 1.0101456817568228
19 25 6 18 53883 0.9574270844017574
6 18 28 0 91399 0.9293536653098422
5 10 2 27 52750 1.004093381554187
18 26 1 25 50944 1.0192481769048571
1 28 20 22 56057 0.9143550500074213
11 23 19 5 57328 1.0123667765944748
14 7 6 28 62613 1.0895249133130662
16 6 7 13 36429 0.9387039159202686
28 17 7 26 73683 1.0084116247012482
15 5 25 10 42333 0.9008277347494558
26 2 20 29 91897 1.0246749127373425
11 27 23 14 50833 1.0925285682433985
0 16 26 13 62756 1.0875136787119786
20 9 5 11 51880 0.904356029867285
12 10 18 1 40093 1.0148274444153387
6 1 22 15 75310 1.0153344970980474
23 17 24 27 40227 0.94533101781808
17 21 24 16 40922 0.9230139915517269
21 15 14 1 51188 0.9988158455597446
4 16 9 23 32872 0.9464590574285301
19 22 26 11 54325 1.0379269906226578
7 10 19 24 61081 0.917022393831435
28 3 29 12 35158 1.0466401083942107
23 22 20 9 59418 1.0615025737093555
27 16 7 17 60600 1.0463279780888692
13 19 12 28 27271 1.0543177532099235
5 22 12 7 46743 0.9318108833950954
27 18 12 21 44776 1.044350953713028
0 3 23 1 67514 0.980585907935083
17 27 20 2 81121 0.9220239575881776
19 11 10 27 57421 1.0211769211352457
20 14 2 9 45494 1.0163857109290706
26 17 15 21 52361 1.098054870464014
6 6 27 7 61241 1.0085576767809508
28 24 9 13 67769 1.0517307745169635
10 13 19 6 39281 0.9634475340307905
0 22 25 17 78934 1.0833976564092909
10 7 19 11 35942 1.057256406500899
29 21 25 6 52907 1.0439618001392916
5 10 12 3 35659 1.0895332712370087
16 26 0 24 39391 1.0706046933306093
14 17 29 24 52026 1.0759287009122414
5 3 10 12 42204 1.0525618286008218
28 23 23 5 54097 1.028331654886533
0 18 29 18 83302 0.9810611801883529
7 3 14 14 42194 0.9664622415724888
13 29 29 26 50869 1.032244159690456
7 22 15 14 41841 1.0007243997624657
22 15 0 3 74528 1.099657132747544
10 2 1 4 42686 0.9258831352131608
29 7 14 27 77314 0.9474696589608137
13 4 2 21 60409 1.007545312959389
15 15 1 11 37031 1.0927950808487394
21 17 4 26 71679 0.9485909035861275
1 16 26 15 59198 0.9790077652115882
24 27 19 13 59107 1.0969553316252891
29 3 16 19 67890 0.9163811825699864
19 11 4 27 72673 1.031714998686506
18 9 11 20 46172 1.0483933891105899
29 12 23 29 58604 1.0661893249590484
28 19 20 5 57799 1.0508203164709766
22 27 16 3 72746 1.0690288522114648
25 25 8 29 54756 1.042345301522313
25 25 0 1 110104 1.0209104966189722
21 2 22 26 98640 1.0730361831209683
7 27 6 16 43440 0.9615399261245687
24 4 12 25 74086 1.0050291609239577
21 6 19 25 69473 1.042168420805831
11 21 2 5 56388 1.0280018089316738
10 4 1 22 68197 1.0990640681384547
1 6 6 22 57708 0.9169768508135612
16 1 25 28 86678 1.0824462671163417
3 1 16 4 44498 1.0950714258776904
25 13 5 5 67395 0.9255586527506133
21 10 3 6 57179 1.0084290112306116
27 29 13 4 89735 0.9921376814202556
20 6 0 4 53717 0.9731059411067196
17 4 2 4 43195 1.009620150431852
11 17 23 19 51330 1.0175667756154096
2 7 27 29 97663 1.0265543007554965
0 6 3 27 61285 1.041218063020375
20 6 28 23 63946 1.0509826436791787
0 29 1 8 62225 1.0131595432327134
28 26 18 29 36563 1.033951574962437
15 17 5 11 35347 1.06519723431713
13 8 4 27 64442 1.0432221112573232
23 18 3 8 73999 0.9927962383950756
4 12 23 28 74605 0.9378169308035853
0 10 15 25 63203 1.093245682085707
17 16 1 18 44112 1.0424447236647978
29 22 8 17 75426 0.9290083933342808
16 27 7 21 35585 1.0239222180082728
13 6 11 27 49574 0.914199197655594
19 6 28 25 72021 0.9420287924311488
23 10 0 9 71489 1.088785931760224
6 16 22 18 54572 1.02081741786947
24 22 9 29 49786 1.083337484982287
24 19 22 3 65318 1.0117573118685963
13 22 6 18 39824 0.9318281177486494
3 7 9 1 44454 0.9919561833110428
11 12 1 10 34582 0.9357400868469103
11 25 13 9 45160 0.939758865117041
15 19 5 24 35815 1.013587217875858
24 19 5 2 86788 0.959339354540159
22 13 4 1 78690 0.913844542711349
27 21 10 13 55388 1.0955958120451632
0 16 24 15 55913 1.0787783479178554
4 23 24 4 85291 1.049012379924759
25 23 23 14 34837 1.0077185755666105
8 7 27 21 74443 1.0802038037045394
14 21 3 16 43456 0.9168771635792253
28 2 27 19 47587 0.9393739747292565
24 27 2 29 54837 0.9372861546502063
15 4 29 11 53631 1.0679188058285785
19 11 8 24 60936 0.9956621105191732
18 29 10 0 81713 1.0867894346369618
23 15 4 14 39209 1.0062920436054954
14 29 21 11 62435 0.9550441418758943
8 9 28 23 78102 0.9493354925100733
5 18 11 26 36299 1.0959643515662538
21 22 0 1 101491 1.0686751594266002
26 2 7 17 90742 1.0836634007105128
2 27 28 27 62958 1.0308490961069743
13 11 7 0 37287 0.9390899608396144
16 16 1 13 38210 1.0734040314510258
21 3 21 14 53202 1.020391733595559
8 7 22 18 62364 0.9016341518421744
27 1 16 2 35781 0.990107287835446
19 6 11 20 50119 0.9118269160059949
21 3 1 6 58976 1.0004271555647046
11 2 3 10 43214 1.021722580819393
21 28 14 15 46330 1.0209526093861985
19 21 5 7 71840 1.0415105407918763
6 7 11 22 54124 1.0146459434619455
14 25 13 2 58720 0.9843946036080418
6 23 2 16 23844 1.0626656494941205
9 23 20 22 26934 1.0542637780117312
7 13 5 5 36061 1.0106470093141784
17 16 14 28 32833 1.0388211302748225
22 16 14 9 38202 0.9987223835592471
6 17 25 2 89436 0.9711544286037753
26 3 10 4 52139 1.0053030095462336
0 25 7 4 66912 1.0819067318553799
27 3 17 9 49858 0.9036923624171967
3 28 10 7 71742 1.0042951933909197
2 2 2 28 65722 0.9443366564993276
3 19 14 20 43755 0.9728989968123476
26 4 17 14 51802 1.0126945653530943
27 0 1 18 93711 0.9715823180662666
27 8 24 27 51231 1.0918785304322962
22 22 26 29 36867 1.0364752409092908
2 20 18 28 48014 0.9820940733290814
14 14 2 25 47058 0.953856744919396
13 19 19 9 46423 1.034832614983054
24 12 2 4 73333 1.0802732075819221
23 14 20 1 62691 0.9128219284942357
8 13 4 7 38035 1.0132762563433526
19 22 4 6 76968 0.9813528252755882
0 19 20 14 53125 1.0740474267941538
23 29 4 9 89894 1.0105502266491542
8 7 19 7 34083 1.0902642712610884
5 27 27 22 56898 1.053514235157073
7 1 28 5 62496 0.9752948364991972
6 22 23 0 94923 1.0434279659395411
19 5 8 12 44491 1.0029412256493693
24 27 12 28 28946 1.0083256223737465
6 11 15 12 34841 1.0483865461109056
23 15 9 24 58137 0.9520874856571132
29 23 25 2 66972 0.9506151145737685
21 15 7 19 60136 1.0753254316938274
17 15 1 13 42414 0.9749067152066779
14 4 13 28 55776 0.9734240218511363
25 23 25 13 38514 1.0399852835513481
16 10 23 20 47563 1.0779986590567667
8 5 14 27 58331 1.037342325608949
7 8 12 29 64107 1.0084457322991545
4 0 14 1 23044 1.0483999061887705
15 25 23 13 45690 1.005346131583645
10 13 12 29 39140 1.0764189072916521
16 0 27 20 73437 0.9429725733090898
18 10 18 24 43765 0.904450714365835
12 20 21 23 23712 0.9273762675440549
15 15 19 27 39223 1.0266258432224942
19 10 29 19 59272 0.996019008652151
29 18 9 19 72513 1.011901890757624
9 17 2 22 42006 1.094444182753856
3 0 11 4 31637 0.9828774826410731
3 7 9 18 52269 0.9801577485024453
9 19 1 28 55070 1.0382501115717067
3 6 5 19 42181 1.0061220778503364
13 3 9 26 63421 1.0405185908124355
26 14 13 22 53229 0.9633723153110477
0 9 10 4 41184 0.922936960010962
12 1 19 10 37903 0.9170906006824722
22 10 18 22 56411 1.055676174135078
13 27 29 2 100438 1.034736358061854
22 3 20 23 76852 1.0551384273408757
0 6 18 24 78621 0.9094897786751509
3 3 29 5 68931 1.0276050392252616
14 21 20 7 49887 1.092310208139137
4 11 16 0 58558 0.9665214107323162
23 17 15 0 62571 1.0527023681180951
0 12 22 0 79992 0.9691528445585371
14 7 21 18 44607 0.9334356425324627
24 19 5 11 64810 1.000212927900688
21 25 29 14 47273 0.9828119728370414
5 11 23 23 62300 0.9211429223763685
26 1 2 14 83685 1.0271125512066375
8 7 12 15 28062 1.0452381374991313
0 1 20 4 65603 0.955266003056003
14 18 29 14 40595 1.0703263034196489
2 1 2 29 71338 1.0709593926567862
27 8 4 0 70671 0.981599066930228
20 16 9 13 36232 1.089926830311718
1 18 18 1 77350 0.9511927516774131
3 5 16 1 39238 0.9087590823972602
4 28 19 1 99160 0.9981764232036324
25 22 16 7 61786 1.0046184478680174
19 27 12 15 41037 1.0875727415718435
2 16 20 2 73629 1.0606248310858941
14 25 27 29 38929 0.9389478854239055
4 5 14 28 68009 0.9289223260922878
1 25 27 20 65983 1.0764133789536792
18 3 26 8 42665 0.9653500738359834
11 9 27 25 69607 1.0723645834288158
1 6 12 28 69499 0.9396500857288885
7 12 6 28 59880 0.9386295918387946
8 6 4 28 76860 0.9043804137770688
1 12 26 5 74734 1.027044713932621
15 0 6 3 35489 1.03564904081333
8 0 17 21 65539 1.0096934787345204
16 10 6 14 26109 0.9634980600240598
8 2 0 4 41450 1.0916818426038568
5 0 10 9 43858 0.9608257934651272
22 13 3 27 74326 1.0758591728112357
12 12 15 2 29014 1.0936395473699199
22 18 7 9 65858 1.0185206667917241
13 10 0 25 57577 0.9456711696725894
27 15 14 14 30435 0.9225305622897221
3 8 3 18 32527 1.0421967994244752
14 23 4 1 74809 0.9381292065691988
6 14 10 5 29327 1.0497376120951434
22 12 25 4 39692 1.0999732355645977
15 9 0 21 59553 0.9983042725253694
15 6 0 6 38554 0.9828671883034754
6 23 8 2 78511 0.9539795862386504
0 15 16 18 41804 0.916929897508559
4 22 12 25 25300 0.9617525905647833
2 20 17 18 48277 1.0672321725365315
1 21 22 1 97491 1.0787111040828783
19 22 14 7 50212 0.9843749336086135
8 7 25 20 78717 1.0657577807100744
10 15 14 2 36495 1.0368575624639922
2 26 20 24 49810 0.9008880306315364
23 8 29 17 46774 1.0936973594068629
18 7 11 3 27953 0.9837255983894555
29 20 21 13 42919 1.0386035315535023
17 20 13 27 26769 0.9893069616665096
6 27 23 3 94398 0.9615227691301249
17 8 1 1 61813 0.9635284951252518
10 19 21 13 49024 0.9922147573035464
12 11 2 1 43956 1.0102152261055548
23 28 12 7 66937 1.0213375695208964
7 14 22 3 59570 0.9473349641014747
15 19 19 1 62279 1.0675066648636462
1 5 21 16 67972 1.0102944694616511
22 22 9 15 56523 1.0291485395383462
23 15 10 25 56786 0.9708498331712123
10 26 20 0 79931 1.0304830489974148
9 15 22 6 53161 1.001574195358413
6 22 11 7 56549 1.0452389259271928
1 27 6 2 82139 1.0455085536561868
11 7 9 28 53376 0.9498215346216703
27 27 17 25 36594 0.987546911983732
26 9 1 17 79823 0.9079208312164442
24 7 16 25 63879 1.0081034274076206
1 18 13 5 49981 0.9467489935102251
27 13 24 2 37939 1.0839913480419954
9 25 17 29 32476 0.9864149495622963
27 28 16 12 59805 0.9284382903365515
22 23 12 14 39449 0.9732594468114009
5 7 8 25 68475 1.0103373451434337
12 18 19 15 29484 1.064590246957097
19 25 9 8 65673 0.9350685759365377
22 13 15 3 49171 0.9044629813989176
17 19 8 7 50647 0.9978040102974196
28 8 7 0 66747 0.9196433272628916
14 13 5 12 22491 1.041641933314315
0 16 29 11 70414 1.0224884613213172
2 13 2 1 28573 1.0643436013159713
10 27 1 10 62008 0.9619724431627537
2 25 14 20 36380 1.0023541731107242
12 19 6 10 37667 0.9225289471473607
23 23 10 9 59984 0.9817639730363903
22 27 3 22 51821 0.9837841449006482
11 27 23 6 77397 0.9214719927088917
29 4 17 24 84739 1.0170326378470462
10 24 20 26 37182 1.018314325983461
25 3 13 29 94772 1.0142714435488849
24 25 16 21 28125 1.017967492179552
7 10 27 24 75846 1.054528645684118
11 13 24 12 37107 1.0683357505147089
13 17 19 5 45172 1.0944063855332296
3 20 16 9 53476 0.9739629592509131
29 23 7 20 57584 1.024101169021378
13 22 28 27 46719 0.9876886820449042
17 9 18 24 47626 1.0724092923915647
14 22 22 0 70311 0.9636785839472803
15 10 25 15 37212 1.0730035620403469
19 6 0 22 77018 0.9964127468237598
23 17 13 10 42618 1.0767596543348985
14 3 8 9 38393 1.044486280418823
13 11 0 5 41171 1.0885904512190208
24 9 2 17 67514 1.0506810169707859
28 16 1 13 66471 1.086636486131465
4 1 0 20 64527 1.0812636205931465
6 4 12 15 40393 1.0765598161278915
5 23 1 0 62480 1.0986870419796193
17 19 27 21 42346 0.9038448837627652
8 6 13 19 46115 1.0476233905467858
28 5 26 14 25593 0.9676172789996075
27 8 7 24 77688 0.9514181231607082
23 7 5 14 52975 1.0947692740468427
12 24 0 18 41078 0.900043574863791
16 13 0 13 37103 0.9585564894306549
26 15 0 26 86963 1.0388011164846196
6 28 19 0 89631 0.9106634878645453
29 11 18 23 53771 1.0403874072600467
24 25 16 6 62863 0.9292102673182752
4 12 17 16 35457 0.9201967037485098
20 5 1 4 51325 0.9412225724081275
21 28 11 6 68101 1.053258191420369
26 17 11 25 58146 0.9212450817534359
17 15 27 10 36274 0.9665113340865585
9 8 22 5 43001 0.9158165494905446
14 25 16 5 50198 1.094350842918198
11 3 24 11 54138 1.0026632108592657
18 4 16 18 41460 1.0650650198594203
7 21 13 27 29551 1.0982098216065443
20 29 25 0 94568 0.9659553384949767
14 2 19 21 59837 1.0216538573124418
1 29 8 3 90855 1.0076501515014264
14 15 0 14 27984 1.064166394552891
27 14 25 5 25957 0.9595931103134404
27 20 6 26 63087 0.9290646591470204
27 27 15 3 81800 1.030092202801526
15 20 19 10 35049 0.9572246447836358
22 17 7 28 66701 0.9326485689543007
27 18 27 6 29877 0.9274512526536677
7 28 19 11 67343 1.0954241845167982
2 15 13 0 49540 1.0553833548153948
1 8 26 25 91518 0.9671955983966414
27 4 17 28 81192 1.0173816795861594
16 26 1 13 60936 0.9214781856277382
21 28 27 5 69534 0.9269896029370214
27 13 6 24 69537 0.9587535886509279
12 19 1 12 35554 0.9739711455558054
16 26 4 25 38574 0.9749149814160278
26 16 25 0 47546 1.0677745545551927
4 26 21 29 52011 0.9074191718362895
3 26 19 15 66373 0.9665696480865589
17 15 25 7 49343 1.0811868505590907
3 28 23 24 54921 0.9352402172619563
13 14 26 11 40007 0.9047242001172424
1 23 20 16 56564 0.9362939353970198
27 22 10 8 69759 0.9891635036755998
1 8 24 19 77723 0.9609442032554852
8 26 0 22 33745 0.905207539676705
6 19 16 1 66829 1.0097793391007976
26 0 1 28 118142 0.9583495808893593
24 11 24 25 55308 0.9155992189774064
0 18 14 24 44149 0.9952953707237207
6 0 17 25 77469 0.934516678124635
17 0 6 1 31212 1.0018777786246995
12 2 26 11 61482 0.978106745372424
5 22 3 7 49294 0.9121788344393836
5 0 10 20 65189 0.9984785463804386
22 25 23 4 74668 1.0409744153491785
4 10 14 25 55273 1.0824339547220365
25 18 5 4 79675 0.9229499537305136
2 17 14 4 47475 0.98952356041924
3 21 6 12 38055 1.0715819034572873
12 9 13 0 21414 1.0481193545936514
17 8 29 8 44349 1.0475272348298559
19 3 7 23 72109 0.9749132231572615
20 26 12 4 69075 1.0954427108732616
18 11 4 2 60026 1.0837721086172933
1 9 4 1 39552 0.9062556527592608
10 4 17 14 36313 1.0557090884906488
22 13 9 14 31518 0.9183580903908815
24 16 2 19 60891 0.9294961779431052
25 8 5 27 94570 0.976654400085074
1 18 19 5 63106 0.9356733021053796
17 11 19 27 49493 1.0876099359178775
14 23 24 14 40135 0.9483051219043424
2 12 11 16 25588 0.9900647565589711
0 23 23 19 58573 1.0888905510200955
16 2 22 10 39525 1.0476879765337666
24 0 14 8 42505 1.0022819784896024
8 5 21 13 53490 0.9362010050573157
18 25 6 16 55219 0.9132753973511537
27 1 7 25 100613 0.9058800063314981
2 26 8 4 71212 1.0036140823063022
14 9 13 0 20383 0.989871958671541
26 1 23 8 34640 0.9027535109897619
24 29 2 4 101101 1.0777909874809042
21 17 10 20 50973 0.9108593778213788
29 29 8 28 54445 0.9419894003538112
9 5 16 23 50476 0.9541282656595445
10 8 0 24 62189 1.0331723005535784
10 29 28 25 52593 1.0130579484642803
7 26 15 14 50197 1.0384120248891198
25 8 23 23 51802 1.0637509062303445
4 6 22 19 81629 1.016110663882959
18 21 17 5 48749 0.9932998760919987
3 8 28 15 73526 0.9851285048637483
20 0 23 27 92438 1.0298525352425774
16 28 26 15 59596 1.062522237613703
21 9 0 20 76033 0.9535158701552136
11 3 23 28 78584 1.0830804674097423
18 27 2 7 74199 0.961302935224811
11 12 25 9 52157 0.9975873088907552
21 22 16 16 33840 0.9051606969283027
22 22 9 20 42092 0.9374702597685463
18 17 5 26 55922 0.912542978559174
29 21 10 14 62453 0.9080617161727345
20 10 23 21 50186 0.9439538638870608
17 10 21 22 49314 0.9991314111945644
7 2 8 26 83739 1.0035160437141817
6 20 16 8 53231 1.071546260661247
23 10 10 9 41694 1.0588825674907545
14 13 9 25 42786 1.0407800746241687
15 10 27 26 60081 0.9792015886522405
21 20 7 3 80361 1.0914482974991495
27 21 16 1 73180 1.0387359770854339
14 3 8 19 58805 0.9332361737049246
4 25 29 12 85307 1.0422597969294483
29 4 4 17 90314 0.9212444495417152
18 1 3 7 56606 0.9208387628066169
0 24 22 3 95561 0.9725870576231054
29 19 11 27 61955 0.9678833357474902
25 8 8 3 63976 0.9350605104995622
1 12 5 2 36985 1.0454149970493427
18 24 23 29 34687 1.0334857561177662
23 21 8 26 47551 1.046800849297011
29 19 16 17 55875 1.0767770762673463
18 22 27 23 25387 1.0688896186578245
5 17 26 13 55356 1.0623521127848432
3 14 7 25 42876 1.0222000770061606
6 0 27 5 57815 1.0196239518025716
19 26 8 14 51893 1.0382499799581906
7 28 2 13 50373 1.0638622336765917
13 0 23 24 73086 0.9504156846347223
17 25 21 12 50160 1.0288200905071574
0 4 21 7 58272 0.9122129970444508
2 24 17 12 57824 1.082397900401039
7 0 8 25 81280 0.9438373793622035
2 25 17 17 53190 1.0177546211265374
23 1 29 9 44485 0.9252145588640298
19 0 1 29 106390 0.9886789480147169
14 10 28 28 70647 0.9405800035544174
16 23 21 17 35836 0.9343602163019626
6 6 25 28 93871 1.0564352884561923
20 11 15 2 40378 0.9600164152479069
26 1 0 11 93003 0.921431600173639
3 26 18 29 45315 1.0962423893143205
24 24 6 6 80716 1.0512189633408975
2 29 13 27 31259 0.9749855456929915
18 25 9 21 37114 0.940672772660954
19 29 8 13 62547 0.9024691541386028
23 10 17 27 60966 0.9345413907256093
13 29 12 17 30855 0.9361804834405496
18 28 13 10 52300 0.954362490450173
15 22 2 13 48355 1.026131728650707
9 26 8 7 62693 0.9001326425037682
26 26 4 12 81384 0.9746268861877592
20 25 9 8 69251 0.9274619955892593
5 10 17 19 48983 1.0667065656890324
8 22 14 6 54852 1.0653517531086938
20 10 27 17 36972 0.9592643195346697
18 16 0 15 43442 1.0310883505846187
26 21 2 5 91525 1.0260002152054177
7 2 22 13 70778 0.9155048720444385
2 18 22 29 67831 0.9575819563216155
13 14 10 21 27332 0.9281826904857196
22 26 7 15 69176 0.9322485500246201
4 7 16 15 48221 0.9004813084376181
5 29 17 20 47354 0.9458674324446712
8 8 1 24 63381 1.0841436023904343
25 20 19 1 81766 1.0322099417404949
3 16 25 9 73621 1.0088298798654343
18 5 0 1 55035 0.9304347366985639
5 27 0 13 49388 1.0948018941281403
10 21 12 29 25954 1.0408932421962538
9 7 15 24 51816 1.0555504805231417
1 8 22 27 84718 0.9678948668283156
28 15 12 23 55088 0.9731504971488948
12 6 6 20 46058 1.097321937770524
14 4 27 14 48265 0.9901032882814282
18 16 2 10 44027 1.004389033163408
11 3 17 18 44547 0.9600822652972727
19 17 15 0 55554 1.0173932357752542
8 23 18 27 27646 1.033005094874234
18 2 28 17 72227 0.9021714569364689
9 2 4 25 85808 0.9266591814059482
23 11 26 25 48875 1.0460314275596254
26 29 4 19 79099 1.045909537062531
19 16 26 19 37940 1.070729673183478
16 10 18 0 30653 0.9282354938351198
24 28 2 10 82704 1.0037957948042333
13 5 17 11 24398 1.0025636295173341
9 21 26 27 58981 0.9743402426890853
3 2 23 27 103918 1.016497607503658
6 23 23 10 66597 0.9390870707716972
28 23 16 12 49526 1.0163993026729803
16 15 8 6 38127 1.0063159851971324
25 7 15 11 38367 0.991203617833624
9 13 4 7 40310 1.0737667664764183
18 10 6 5 38804 1.0557213730874122
25 4 15 19 65570 0.935832382741703
11 3 20 2 39543 0.9190906795619521
21 28 6 21 52904 0.935922394345712
9 21 21 15 57593 0.919177205442773
23 13 0 29 86154 1.087079524494134
8 0 16 19 56777 0.9538936327347959
27 4 3 1 70191 1.095451730643062
2 2 6 27 71537 1.0082836249081732
1 25 3 6 52690 0.9773421704377215
22 16 15 12 32045 0.9306060121990911
8 5 23 5 35630 0.9159526989655905
22 10 8 26 72942 1.0716479318110637
4 10 1 24 43859 1.0716969625637565
25 2 27 14 40856 1.063576786592341
6 11 26 20 75588 0.9492989577275345
10 21 29 11 70529 0.9427877326006227
26 2 0 9 89085 1.002702869567281
26 11 11 5 56353 0.9526408043875613
27 12 3 15 53935 1.0735996709311832
15 21 29 21 46653 0.9396708448453863
7 23 9 11 46242 1.0728485987400354
1 12 15 10 39652 1.099039261238604
9 23 20 28 31625 1.0252766031043858
19 18 20 29 48076 1.099474646044099
13 27 17 12 44232 0.9726907925047162
0 18 27 22 71584 0.9918819788537738
22 7 27 28 63327 1.0658391020195563
14 27 21 17 48896 1.0236593464336168
0 4 3 24 56039 0.9362794760971419
28 2 2 5 70137 0.9242716597647291
29 29 8 24 69281 0.9216376999633777
29 19 11 25 59542 1.0722156596334302
20 20 13 0 64682 1.0860254291384093
0 19 3 8 38088 0.9348282258637488
15 28 29 13 68043 0.9592950741294686
2 15 3 3 32746 0.9339595014615761
13 1 28 20 80503 1.008362330233481
28 13 24 24 39520 0.9564798954341711
17 22 11 4 53820 1.099997205452402
13 21 3 10 50366 1.032431611259811
16 5 15 25 49643 1.0056873574240226
18 2 11 18 57570 0.9828880499287255
22 22 7 12 63645 1.0542521645640393
25 28 20 22 33763 1.0261994797206384
4 23 23 22 39936 1.0124645981819378
14 6 2 23 57681 1.0984327200802475
12 4 16 20 40970 1.014990878373816
24 18 9 12 55580 1.0533666389297751
16 21 0 16 49036 0.9658820366488451
5 24 23 12 66776 0.9656413965344434
9 26 6 8 71808 1.0839587757101588
23 18 1 20 71465 0.9497577233534145
0 10 18 25 71270 0.930922117201146
29 10 15 3 53371 1.0094381084107957
3 5 29 12 80248 1.0961814519262074
23 19 1 0 95826 0.9632843008270109
21 13 23 21 40269 0.9912313097913314
23 25 2 16 63156 0.9845982971465426
9 17 11 8 37255 1.0445385765765862
21 20 16 29 42474 0.9197169007798538
1 16 11 22 37882 0.9918852146927397
2 5 18 28 79145 1.0884790232982182
26 28 10 24 47539 1.0672824365680318
29 19 18 20 53263 0.9838741612788867
25 15 5 20 61487 1.0841990801706747
18 29 8 3 86749 1.0229187243248858
1 28 12 12 59511 0.926219039186733
29 16 18 16 35169 1.0369518069084491
29 5 10 13 64659 0.9410714721966408
29 29 4 3 116855 1.084198263141678
19 4 26 12 45165 1.0620656642850976
19 0 5 9 54261 0.9400382683772084
26 21 11 10 65297 1.0989280912604507
8 5 22 23 65407 0.9032388843054797
15 28 9 14 40226 0.9277253231598195
15 25 15 13 32899 0.9394522268898332
24 23 2 25 47676 1.0599914539288617
27 4 16 18 55004 0.9676139918527995
9 12 0 27 65209 1.093699634665769
2 4 17 10 47466 1.03871689922811
15 11 6 4 41679 1.0442848014253192
29 21 22 15 43942 1.010194927706164
27 1 26 10 23599 0.9546527622081121
18 12 28 19 50526 1.0612911880047238
19 13 27 29 57842 1.0044075611198853
4 24 7 16 33674 1.0812765768442945
6 28 17 17 51574 0.9561107987329323
12 3 3 14 36355 0.9328459522307138
5 29 24 0 108041 0.9725905852542666
8 13 15 24 42753 1.0386548049221676
26 2 10 22 95195 0.9953910273435116
6 25 7 16 37616 0.9174844058862819
5 15 17 0 52745 0.9296707384624386
27 29 10 11 77400 0.9713048350139991
22 9 19 28 71636 0.9941329345542882
8 5 6 16 43709 1.0785966699339213
26 1 2 23 104385 1.0450247362197775
18 10 2 22 58252 1.084391605950458
21 12 22 26 65137 0.943494108326508
1 21 17 1 81445 1.0512871249779971
15 16 9 27 38067 0.9387769917516151
7 1 17 3 36989 1.0250630971056784
17 12 7 23 44397 1.0924343820193407
4 18 23 7 68003 0.9890062583985688
22 3 1 21 91250 1.0450599914215752
13 27 12 10 38485 0.9947631821355372
14 13 4 4 43959 0.9123900331291358
15 12 0 26 63080 0.9979157557400282
23 15 16 26 45760 0.9066968955807534
12 24 0 21 31587 0.9748419563727209
12 10 22 1 50917 0.9934538472333031
15 6 7 26 65644 1.0822391984614168
28 27 18 3 85968 1.021810600835023
29 27 29 3 71239 0.9830866323840939
0 29 13 20 51968 0.9264543863751118
20 24 22 11 61360 0.938052040310616
28 22 7 1 101528 0.966058367236388
15 3 15 21 49272 0.9170589253543526
18 4 28 9 44584 1.0259696983313318
20 12 15 23 40554 0.9901467212928762
23 14 13 28 50680 1.0450691621370793
12 18 27 25 45381 1.0908375124263956
6 8 21 9 58417 1.0797572926901937
1 10 19 20 62992 1.0789356959440723
4 4 7 16 48182 0.9115178666428997
0 23 8 14 34182 0.9917985230218193
29 13 26 29 52960 1.0078732449707986
3 22 19 22 39596 0.9660013941164647
14 19 26 10 50200 0.9800665699626854
20 10 10 7 34549 1.052497451320345
1 19 11 0 66115 1.0878731994638293
6 15 2 29 54601 0.9278729683508619
27 21 3 22 55594 0.9618141070662385
3 12 19 19 54099 1.0108043477737294
4 27 7 14 46288 1.0356486472293316
23 26 3 10 80181 1.0964339703011385
13 18 22 19 38802 0.9617880468205713
15 29 11 0 70624 0.966144175459645
11 17 24 6 58810 0.9681757797753618
12 12 19 9 28291 0.9621380972247352
27 11 3 5 70466 1.017524926329509
14 3 4 22 66699 1.0855839269997962
14 15 6 24 41670 1.0600100325941857
10 2 28 5 53990 1.0860195492360611
28 14 5 28 76404 1.0726863135504703
8 13 4 27 54991 1.0640225664746688
28 29 12 20 55533 1.0232999492156218
14 22 25 19 44981 1.036069723712297
3 16 20 25 62912 0.9328817941639592
23 28 19 20 39595 1.0377504541520917
18 23 2 10 57199 0.9745329646753804
26 29 0 23 69781 1.0428928508289061
8 20 23 28 53712 1.0605472141043544
1 12 8 6 38356 1.038828886634417
14 25 6 6 62118 1.0131065809777384
29 19 18 17 56473 0.9106055198172563
28 26 15 2 85866 1.087542655490533
2 1 7 13 45373 1.0420830177225555
22 4 6 12 65132 1.022235802880839
6 27 20 25 44488 0.9146634928618425
0 13 23 13 53007 0.9257063630689202
9 1 21 22 86890 1.0565740437239484
6 2 19 27 94021 0.9770117417340183
27 10 2 13 59200 0.9997440883262854
19 23 11 13 37160 1.0695495677124065
7 27 16 17 40519 1.055367478221918
2 21 15 18 43251 0.9092300784804205
14 0 22 24 71693 1.0775594825343673
16 29 25 4 85556 0.9049329684571455
27 1 1 4 75412 1.0577711218445558
11 21 9 11 36014 1.0929029866075002
25 0 18 29 100503 1.006809556446552
2 27 15 1 85755 0.9053930649732397
6 28 17 4 80396 0.9017568240755556
5 3 29 11 79224 0.9887522731913084
8 1 27 21 94521 0.9870527162300351
19 1 7 26 93592 0.9425752818106753
3 26 8 14 45424 0.9888138515293485
8 4 16 6 27381 0.9383652836601826
22 13 23 0 51163 1.0365475356835652
15 19 13 2 49357 1.0126404751049591
26 0 17 19 75313 1.0573760712820521
2 22 7 10 43463 1.0055513294557417
2 3 12 29 76160 1.0950198669662268
28 3 7 29 106758 0.9168679670038731
6 24 16 19 34711 1.0456912449100026
5 24 13 29 34305 1.0967870566139524
28 8 21 28 64417 0.9132009132780319
14 25 23 15 46348 1.0198179146474708
2 18 29 7 78916 1.0198040448224968
2 9 24 19 72149 1.0056537591035002
18 4 7 23 67203 0.9748540239680579
13 27 27 6 77107 1.0624258851117108
17 10 21 2 46886 0.9528358837159441
3 6 21 12 65926 0.9956523352978239
2 25 4 13 36658 1.0385909507189846
9 17 17 4 56712 1.093784983460796
8 5 19 5 25123 0.969814431943093
6 10 17 25 61309 1.0283970862990583
5 20 28 11 68274 1.0642455513464228
8 26 7 13 52146 1.0493210317953126
27 6 20 29 74786 0.921327351866817
18 18 27 20 37254 0.9759209763797602
17 12 24 4 43055 1.08727009014628
9 14 1 3 42894 0.9584304859735922
7 17 26 15 59698 0.9869174902813377
9 6 22 9 51782 1.0159382414252955
9 24 13 7 49878 1.0519293798202842
2 26 25 1 113939 1.0678717364783248
6 17 27 23 68907 0.979620103323776
9 16 25 9 66051 1.096738287474359
3 7 25 8 68131 1.0140236851462063
20 13 14 23 37697 1.0621932552755298
9 2 13 16 47859 0.984712696870714
25 6 18 21 71124 1.0125868514452432
28 10 15 2 52759 0.982298719922113
29 17 19 3 67925 0.9219896288687784
20 20 8 2 83220 1.0604744308995535
4 0 7 11 46400 1.0440794981557984
3 7 15 9 42124 0.9444492462549974
11 11 22 12 41838 0.9429712867526565
16 5 19 21 51810 0.9548428143749471
28 12 12 17 45410 1.0934666026670703
13 19 26 18 53840 0.926293063803067
29 22 23 4 65527 1.0446549536333536
21 19 15 26 45899 1.006564511925658
28 1 12 14 68002 0.9261133439449465
5 5 25 7 53746 1.0171050847031868
28 20 12 8 62117 1.001390011472872
20 18 8 14 35886 1.0788052676626787
28 3 8 7 61486 0.999534722597897
3 10 12 21 45193 0.9823197692100725
23 9 6 28 83000 1.0404150271009422
0 15 1 6 30171 0.9859898283576355
9 3 7 15 47746 0.9095279963767228
5 27 19 1 95503 0.9181974551033314
27 21 14 26 37012 0.9874149525064835
26 20 20 0 70938 0.9621912334778852
4 14 14 3 38832 1.0759176576422227
24 28 7 14 64040 0.904381253623839
10 0 26 27 94299 1.0951666230803672
27 4 20 22 66313 0.9277277190080676
9 21 19 27 41524 0.9135626649713756
10 15 0 9 37760 0.9727247334759646
15 13 19 6 30507 1.0817008471450598
8 11 20 24 62031 1.0998173080517428
16 23 23 4 63242 1.0404081096043203
11 10 4 7 32028 0.9268932026342221
29 11 14 20 55024 0.9625038113784931
1 8 13 15 42620 1.075164045060982
28 23 6 18 63760 1.0648084351912437
9 19 20 7 62361 1.0038787086555916
10 17 20 25 49668 1.0515974045851542
27 12 19 29 62494 0.9503302758007116
3 17 18 12 47309 1.026641038350229
2 18 18 18 48656 0.9942579631436379
18 26 11 1 74915 0.9534554041777116
17 27 26 14 53503 0.9945586273646293
15 27 3 28 27383 1.0436054218537938
12 24 20 26 29190 0.9898618226489656
29 20 9 17 74816 1.015807942926978
4 10 9 16 34498 0.9846686046283257
27 4 7 13 67116 0.9873146897140429
11 5 5 18 40348 0.9669628205927918
5 3 4 27 72078 1.0372943756000137
23 22 6 14 53828 1.0713145765146193
15 23 19 1 69074 1.0368028829885798
27 18 7 25 62054 0.9840487352591331
19 25 27 9 59928 0.9725111272114517
11 0 1 1 31487 1.0225230575267192
17 27 4 3 80814 1.0106628065123662
14 24 27 8 61678 1.0344163530779977
27 14 5 20 58507 0.9351895753445459
12 28 1 24 37482 0.9792259380846505
7 26 11 10 54682 1.0034636324393211
24 15 28 9 27052 0.940609464440844
24 9 19 2 42956 1.0252720255554615
29 18 13 18 59952 1.0328400657329107
6 23 1 4 58844 1.071097566881795
20 8 0 20 78152 1.0851083399911814
21 27 1 2 101724 0.9321732589172754
24 25 2 20 56363 0.9801808105783919
7 26 9 12 59022 1.0122985172637298
29 9 1 19 86954 1.0411337944211436
0 16 17 19 51021 1.0259270936801812
17 1 4 23 78835 1.030638751439432
12 22 17 9 45735 1.0476871723326702
17 11 27 22 54188 1.0966844885511704
22 17 5 7 70207 1.074329196677222
2 11 11 10 30902 1.0721912179653073
19 8 6 18 60487 0.9173582320781162
22 10 10 6 42449 0.9716053656838312
16 16 26 0 62504 1.0483761521593378
17 10 11 28 50575 1.0295917906400989
17 27 25 12 60194 0.9308158697449979
23 16 10 10 44544 0.9126979378355944
21 11 14 2 42014 0.9332696737876578
15 9 2 18 43257 1.0938224077042449
20 22 10 1 80026 0.9492261209570254
24 5 29 16 40419 1.0645455570345974
9 12 23 5 52117 0.9357013342532126
18 10 3 24 62152 0.9911429312873214
18 14 28 24 48508 1.0625471299942202
8 26 15 6 62058 1.052196774656395
10 24 7 4 63296 1.003908832088815
4 26 5 1 79867 1.0569978146595909
4 17 16 15 34445 0.9918499264049927
1 14 8 4 43392 0.9753511209906915
24 22 0 27 63755 1.0176834899973306
21 3 22 12 44522 0.909559434323612
27 1 14 0 36228 1.0717018016661972
17 3 15 26 61524 0.9941009725500506
17 3 10 18 52748 1.0994551142326248
0 10 0 28 55719 0.960796080199898
8 23 3 14 35359 1.066007077430633
5 11 0 22 44970 1.0457423838747821
20 1 12 23 72240 0.915115419065395
8 8 4 0 37367 0.9776341080862996
27 19 24 10 29912 0.9562422610344017
20 3 20 18 63093 1.0676171728630246
0 17 27 6 80057 0.9808366088615263
6 13 28 19 67972 0.9895129875849102
3 11 0 1 37746 0.9042168757767851
12 29 28 0 97164 1.0689423988406401
1 5 14 20 58166 1.0944744819397674
27 28 5 7 96162 0.934898354021189
12 1 1 12 49640 0.9867326240001283
7 29 19 0 92774 0.9327715448563503
1 15 24 4 74289 1.0399015509525749
27 4 21 23 58632 0.9167337884459129
1 18 1 6 34455 0.9664582367192024
17 19 9 15 35762 1.0341334294195412
8 6 16 2 31185 0.9841928602716319
23 0 18 8 41469 1.0279717643799366
27 1 8 13 74597 0.9957473844036526
20 12 5 23 59494 0.94775630135858
12 29 16 22 21548 1.0650371566807422
14 20 22 11 47848 1.087650609243585
24 27 15 24 30864 0.9662190980987292
25 18 29 28 35438 1.0428827828142435
8 3 16 5 30444 1.0520934253838818
9 4 28 2 60468 1.0195281071535847
0 29 21 17 83512 1.0948025209125394
20 27 7 16 59035 0.9702939238072865
17 21 6 12 47865 1.0689156418870112
24 16 22 2 59753 1.0041387956744743
24 7 6 7 52129 1.048058829548226
3 15 25 19 69574 0.9173054133254012
14 17 6 14 19671 1.0346844782559594
16 0 7 23 68196 0.9078608079593737
12 24 10 11 35201 0.9513302973187596
18 2 6 12 62417 0.9095888909885264
16 0 23 5 31029 1.087309262963944
6 7 15 23 57109 1.0934236564799449
29 24 1 2 113060 1.0527818753171412
1 22 27 7 89533 0.9469067083187797
3 3 21 0 54065 1.0740405569623968
13 11 29 29 82669 1.0167329196242951
22 6 2 19 70188 1.0855566682655962
6 26 2 5 61153 0.9433277379752012
8 22 24 9 75217 1.0108354190108901
11 11 1 14 27115 0.9184234871116944
25 16 3 26 80451 1.0417088433124673
25 14 4 1 78742 1.0696038291334553
12 10 19 1 41989 1.046749752889621
24 29 15 15 57272 1.0126195197502903
17 14 27 9 32020 0.9082757068274093
15 0 5 12 51771 0.9320816772585621
8 27 21 4 84842 1.071634918944177
23 9 17 26 63052 0.9554456007045645
9 25 18 10 57436 1.0354825207436562
2 5 8 16 41237 1.0529815542278114
2 15 28 13 57122 0.9080667728418057
4 26 1 10 51570 1.0315746248516713
14 23 15 5 43363 1.0427727087988685
19 13 27 25 48120 0.9889291443782713
12 27 29 25 48651 0.957841915903213
1 26 21 18 69056 1.0283671271581465
29 9 23 2 41681 0.9551268808878228
4 27 26 8 92589 0.9249680320343378
7 29 4 13 60753 1.0636599921062904
9 5 27 13 56091 0.9406050862761706
4 15 23 10 55040 0.9647475707295541
14 27 22 24 30704 1.0077803994483387
0 6 12 19 53113 1.0070965903736642
23 22 1 22 52706 0.9545824643773209
22 14 27 8 23941 1.025316051576882
18 22 8 1 83518 1.0175676698900034
19 8 19 18 45662 0.9923970569531171
24 20 14 13 47217 0.9094077066867247
8 18 18 4 62240 0.9375019986425073
13 19 20 23 29946 0.9189787914221157
2 29 28 24 72452 1.02353938921048
18 4 14 16 39095 1.0787086113265172
6 2 4 15 56008 1.0305478839236593
28 3 10 8 57629 0.9963469291462038
4 23 7 8 55873 1.0954438461002847
23 25 18 19 39636 0.9355575642138054
6 1 26 17 94714 1.0272887844765901
8 0 16 26 72728 0.9239039545131593
28 20 25 28 28901 0.9011889341269976
18 23 28 2 75486 0.9035591789271558
7 0 17 20 64462 0.936108315315151
23 29 11 17 55412 1.0695762503862363
4 25 23 17 69002 1.097006162881917
17 4 23 9 38531 1.0782278695171814
9 23 11 9 41459 1.032271396372809
23 6 3 28 98369 1.0968512724457957
14 18 28 25 47970 1.011419861766507
2 16 17 6 48481 1.0819911571858452
20 23 15 9 41919 0.9001380975018972
2 29 1 15 45023 0.9306796125553836
13 24 5 1 73506 0.9491406277426598
18 24 5 4 72204 0.9512546473081767
20 14 0 26 68319 1.0660665840125898
3 10 14 17 39814 0.9136608361072602
5 0 26 9 78781 0.9333052698047435
20 14 5 27 59709 0.9456965760113909
16 16 15 26 26081 1.0574897290765064
26 24 14 7 66217 0.9265783337512028
12 17 16 7 30046 0.9333207802731451
19 22 29 0 83012 1.0222003437918292
16 21 6 26 38161 1.089289900546897
27 12 0 8 73157 1.0679282294486225
22 20 27 15 32885 1.0266501091556106
9 24 21 29 48527 1.0556042669600885
25 11 18 29 75446 1.071280302930892
9 14 19 8 40465 0.9261014971786383
23 2 0 20 91759 1.025417154465373
18 9 13 1 41448 0.9012561140481239
15 22 11 5 48454 0.9417016381549606
4 27 20 11 76321 0.934257254671231
26 17 2 28 83497 1.087844252673859
5 26 15 6 67344 0.9148326206426529
6 13 24 17 53335 0.9303906651955594
8 7 27 22 76220 1.0882585326472003
12 29 17 24 22730 0.9685993448147932
19 16 1 6 60116 0.9801071853679486
5 15 19 13 31834 0.9571599004339169
1 3 18 16 65381 1.0880983965051787
24 2 13 20 72916 1.055905524383837
4 8 20 16 59956 1.0896947442058305
24 26 2 15 71072 0.9272609272497677
2 15 0 2 36942 1.0661831512284896
28 7 16 16 44871 1.044540161854433
9 24 25 7 82207 0.9386872247351232
1 27 28 10 95492 1.0778690162164988
11 0 29 27 95882 1.0859846259536046
11 15 4 10 30044 0.9350867194120656
9 16 27 12 49598 0.9822169248454327
25 27 4 16 77042 1.0375925664375534
24 25 1 1 105710 1.0900739226271956
11 0 0 6 42831 0.9708174367562601
21 23 25 17 35650 0.9547217568603005
0 14 13 21 43512 1.012954021382125
