2353 2445 2507 2129 2336 2521 2155 2844 2278 3034 8779 8573 8223 8325 8112 8515 8241 8871 8307 8591 8195 8368 8822 8742 8505 8740 8220 8869 8662
4025 4595 4433 4373 4397 3803 4156 4361 4654 3837 3997 4665 4237 4370 3997 4563 3364 2938 3512 3205 2837 2806 3425 3545 3624 2779 3463 3413 3644
4314 3712 3728 3561 7012 6892 7046 6765 7429 7323 7370 6611 7344 7273 6673 7145 7507 6902 6686 7011 6727 7423 6729 6731 7377 6910 7188 7253 6829
8069 7821 7811 7886 7606 7609 7619 7600 7485 7774 7350 7214 7794 7616 6716 6739 5916 6162 5803 6268 5853 6704 5825 6394 6517 6079 6457 6344 6711
7530 6899 6961 7795 7275 7230 7159 7232 7065 7521 6980 7118 7289 3716 3717 3396 3247 3070 3274 3914 3726 3255 3748 3113 3084 3859 3138 3882 3715
7974 8608 8449 7994 8286 8298 7916 8250 8259 8575 8165 7892 8583 8135 7967 8387 8215 8376 8842 8003 3596 4144 3476 3562 4353 3601 3837 3525 3639
8014 7493 7907 7819 8009 8200 8198 7458 7640 7605 7761 7848 7589 7554 8210 8150 7614 8123 7847 7483 7665 4040 3930 3893 3967 3888 4343 3975 4477
7645 7123 7565 7130 7468 7485 7241 7744 7279 7186 3148 2925 2911 3106 3306 3315 3261 2671 3313 2820 2431 3203 2730 2885 2794 2775 2866 2892 2439
7459 6994 7420 7224 7123 6748 6658 6900 7034 7117 6981 6628 7243 7449 7245 7471 6862 6620 7105 6689 6722 5292 4998 5372 5626 5472 5377 4953 5702
7141 7187 6468 6468 6914 6497 6331 6347 4170 3993 3470 3419 3683 4089 3712 3912 4103 3452 3935 3530 4095 3414 3766 3689 3750 3345 4105 3800 3247
5767 6281 5707 5724 5623 5858 5515 5669 6206 5744 5630 5979 5738 6348 6152 6088 5597 5850 5730 5483 5553 6349 5433 5714 6228 5439 6297 6145 5467
6326 6191 6197 6977 6806 6686 6954 6388 6579 6127 6901 6624 6298 7033 6835 6680 6193 6335 6802 6350 6566 6670 6804 6514 6106 6632 6550 6975 6124
4934 4703 5312 5036 5067 5573 5032 5442 5300 5380 5005 5157 5088 4941 5088 4901 5375 4839 4974 5298 4786 4806 4760 5035 5011 4729 4556 4812 5039
7106 7592 7150 7016 7385 7758 7306 2576 3064 3305 2725 3283 3090 2417 2497 2878 3129 3129 3326 2512 3256 3246 2404 2593 2498 2819 3264 2724 3020
6413 7263 6795 7206 2531 2477 2313 2546 2537 2703 2592 2910 2364 2055 2114 2427 2839 2927 2547 2879 2643 2187 2964 2543 2348 2356 2493 2300 2188
5661 4816 5690 4970 4928 3577 3048 2865 3389 3083 3705 3330 3046 3599 3240 3078 3689 2940 3612 3155 3383 2998 3068 2785 2790 3183 3421 3185 2890
3852 3410 3830 3260 3436 3901 3613 3141 3596 3401 3338 3193 3432 3489 3517 3045 3924 3410 3896 4731 5414 5218 5117 5273 5384 5451 4990 4629 5217
3128 2738 2569 3475 3108 5897 6139 6068 5824 6312 5746 6150 5904 6330 5866 6478 5534 5849 5640 5603 6421 5834 5892 6234 5724 6122 5691 5529 5634
4125 3829 3965 4699 4671 4525 3771 4500 4086 4122 4358 4321 4484 3790 4410 4066 7475 7535 6959 6912 7244 7510 6932 7632 7021 7273 6932 7369 7284
8463 8666 8382 8049 8023 8599 8655 8101 8051 8238 8452 8441 7999 8237 8234 7848 8418 8569 7962 8143 8383 8272 8716 6542 6067 6351 6526 5666 5654
4830 5461 5575 5390 5558 5378 8233 8097 7730 8208 8574 7827 7908 8244 7698 8146 8077 8139 8028 8147 8393 8181 7692 8555 8455 8447 8306 8162 7819
4436 3700 4062 4103 3928 4056 4536 4109 4206 4558 3725 3990 4176 3756 3908 3723 3721 1802 2128 2413 1604 1822 2190 2533 2023 2438 1661 2009 1640
3152 2560 2594 3202 3356 2628 2786 3080 2994 2527 3837 3568 3210 3979 3489 3336 3732 3202 3439 3914 3935 4000 3417 3416 3573 3347 3871 3735 3600
4218 3834 4603 4101 3911 3981 4130 4147 4688 4138 3990 4310 4035 6122 6331 6239 5872 6121 5870 6402 6046 5887 5875 6234 5955 6031 6127 5674 5979
2224 2715 2592 3162 2803 2943 3017 2896 2702 3037 2686 2362 2732 2418 2329 2763 2530 2772 2283 2282 2362 2693 2910 2347 2539 2684 2928 2787 7178
8228 7867 8083 8544 7794 8413 8466 7837 7920 8095 8381 8685 8333 8351 8647 7854 8689 8418 8330 8685 8047 8331 5296 4942 4721 5191 4987 4790 5305
7360 6957 7536 7773 6968 7459 7599 7720 7745 7072 6998 7757 6916 7432 7632 7625 7191 7431 7538 7042 3401 3070 2795 2987 3390 3319 2921 3389 2564
2820 3334 3487 3363 3214 2720 3128 3606 3279 3256 3378 3439 3160 3621 3318 2766 3066 3553 3273 3598 3497 3625 7545 7907 7419 7760 7732 7607 7954
7492 7932 7533 7506 8054 7901 7903 8426 7945 8006 7721 8124 8213 8426 4696 5002 4574 4653 4954 4184 4880 4531 4987 5036 4774 4144 4444 4978 4882
7623 7683 7090 7845 7286 7366 7752 7839 7034 7708 7221 7715 7269 7804 7127 7106 7553 6954 7500 7849 7389 7035 7149 7562 2024 1984 2124 2872 1973
5413 3892 6206 5145 5767 2708 7639 7832 5820 6667 5681 1768 5865 8386 5198 8883 4193 2824 4590 4250 4396 3976 1660 5393 4010 4359 7171 4264 5983 8052
4884 4088 5559 5137 6223 2730 7671 8126 6118 6802 5126 1282 5651 8276 5277 8165 3937 2333 4887 4820 4545 8196 1844 5932 4310 4571 7521 4519 5460 7908
5184 3876 5665 4754 6426 3227 7522 5575 8031 7299 5613 2098 6106 6938 4886 8369 4085 3122 4815 4964 4538 8532 1612 5475 3808 5056 7732 4383 6115 8042
4969 3621 5741 5060 5889 2616 7266 5558 8599 7354 5552 1663 5952 7051 5383 8860 8143 2987 5339 4919 4924 8082 1616 5678 4128 5181 7479 2297 5680 7761
5133 3519 5757 4713 6140 3127 7547 6480 8345 7149 5067 1730 6165 7127 4836 4573 7627 2313 5222 4436 7637 7985 2553 5581 4646 4908 7524 2055 5938 7236
5201 3901 6284 5296 5541 3059 7503 5920 8058 7350 5164 1876 6184 7252 5397 3906 8000 2801 4450 4484 7579 8348 1652 5817 3841 7938 7285 1878 6120 7965
4709 3401 6353 4903 5551 2653 7255 6234 8793 7191 5845 1941 5878 6706 4967 4540 8064 8440 4779 4122 7476 8388 1748 5729 3856 8287 7808 1876 6105 7602
5329 3854 5440 5369 5919 2535 7056 5744 8235 7202 5636 1257 5604 7254 4810 4325 8098 8535 4499 4478 6967 7846 2191 5455 4144 8332 7884 2033 5825 8111
4950 3245 5894 4578 6112 2903 2979 5848 8069 7539 5054 2156 5692 6733 4659 4134 8187 8226 4905 4465 6890 8055 2287 5740 3762 7937 8259 2585 5394 7242
5417 3832 5611 5127 5702 2489 3220 5605 8276 6764 5609 1710 6128 6973 5363 4383 7860 8625 5107 4850 7734 7778 2253 5431 3826 7596 8606 2124 5598 7185
4908 3483 5580 5500 6121 2404 2820 6407 8453 7431 5784 8294 5498 6755 4946 3906 7590 8099 4506 4343 6970 8476 1804 5486 4496 7636 8579 2069 5565 7522
4694 3633 6226 6202 6189 2956 3181 6197 8251 6823 5655 7958 3771 6988 5359 4137 7969 8114 4907 5074 7082 7807 1835 5548 3734 8526 8894 2234 6133 7409
5305 3382 5924 6086 7755 2929 2425 6462 8718 7409 4983 8319 3820 7025 4706 4411 8054 8067 5370 4493 7300 7815 2391 5621 4639 7780 8218 2230 6134 7468
5360 5657 5446 6073 7697 2472 3215 6075 8045 7411 5216 8332 4161 7011 5239 3860 7955 8844 4744 4207 7666 8243 1599 5406 4103 8308 8438 2042 5836 7760
8691 6202 5818 6396 7925 2383 2689 5595 8568 7321 5752 7780 4198 7302 5036 4483 8149 8501 5149 4628 7267 8195 1908 5860 3946 7928 8370 2207 5814 7673
8483 5453 5713 6272 7480 2403 2351 6036 8598 7150 5555 7954 3723 6510 5344 3865 8055 8737 5374 4455 6865 8143 2307 5729 4632 7705 8758 2672 5494 7609
8020 5813 5742 6558 7761 2296 2504 5588 8543 7233 5444 7987 3874 6849 5106 3955 7510 8533 5158 4236 7304 7761 1830 5444 4459 8116 8889 2662 6138 7919
7928 6125 6249 5845 7288 2285 2698 5817 8003 7282 5281 8573 3634 6926 4872 4094 8300 8240 4576 5014 7159 8168 1964 6119 4050 7590 8167 2604 5982 7837
8177 5563 5819 6583 7334 2313 2449 6446 8120 6988 4965 8376 3781 7099 5203 4590 7721 8149 5337 4683 7497 8046 2183 5589 4551 8277 8325 2259 5625 7630
7880 5312 6100 5879 7298 2717 2979 5645 8210 7455 5768 8609 3448 7134 5347 3829 8109 8177 4779 4128 7175 7974 2338 6168 4428 8293 8771 1930 5891 7716
8306 5717 6187 6246 7500 3005 2549 6258 8712 7447 5709 7672 3479 6615 4917 4433 7766 8440 5060 4420 6867 8617 5635 5617 4475 8026 8471 2780 5727 7915
7987 5326 5680 6625 7905 3126 3257 6442 8248 7224 4962 8207 3592 7408 5180 3828 7659 8526 4626 4232 6814 8413 5720 6260 4151 7739 8593 2137 6040 7944
8017 5874 6309 6335 7399 2443 3197 6388 8128 6623 5712 8616 3587 7167 5196 4271 8135 8840 5319 4198 7327 8615 6007 6314 3955 8123 8883 2790 5335 7633
8460 5584 5973 5831 8056 2336 2682 6085 8295 6619 4940 7760 3907 6977 5325 3890 7955 8284 4795 4944 7425 7791 5719 3081 2856 7969 8296 2780 5815 7653
7930 5943 5424 6076 7932 3129 3181 6222 8568 7381 5153 8390 4206 6678 6442 4601 8180 8023 2618 2140 6912 7948 5461 3192 3176 8160 8498 2409 5938 7766
7805 6069 6096 6107 7274 3001 2890 6386 8516 6583 5288 7905 3900 6585 6257 4356 7514 8559 2866 2086 7113 7742 5699 3171 3710 8189 8720 2262 5274 8029
8306 5679 6091 5867 7955 2800 3210 5858 8726 6903 5292 7818 4060 7277 6462 4532 7727 8793 2057 2217 6992 8057 5938 3493 3453 7759 8263 1903 8142 8080
8384 5620 6272 6046 8008 2905 2579 5751 8690 7049 5712 8575 4195 6958 6015 3982 8034 8656 2127 2765 7361 8286 5607 3644 3006 8334 8951 2536 8088 7519
7859 6132 6348 6301 7553 6462 2937 6167 8690 4457 3669 7686 3726 7186 6112 4059 7904 8313 2394 2011 7402 8274 5344 3437 3630 8208 8780 2784 7741 8137
2 12 23 11 81897 0.9630085591142328
13 25 3 13 64575 1.0561252171156221
22 28 24 18 32333 0.9555849750931664
19 28 0 5 111496 0.9662306754541693
0 16 12 5 78685 1.0939298252375602
11 12 1 22 60857 0.9342257560458599
19 2 1 1 80419 0.9304090549350531
19 13 10 23 63207 1.0210033340235642
12 0 23 2 66039 1.0111230494967907
20 24 9 19 48284 1.0849216066626104
11 28 1 6 94693 1.0358818124684004
13 20 23 23 41030 1.0973674995725695
19 24 29 26 36750 1.0188556958165913
28 1 25 10 45587 1.080380064764378
27 16 25 5 41472 0.9688685740936109
18 23 7 13 56727 0.9479215001349075
13 21 11 8 55580 1.0258734053623375
28 19 23 0 67752 1.0749948548659494
7 11 13 4 52384 0.9150150369002802
20 16 15 5 59956 0.9039605621365774
8 15 8 29 52077 1.0783632274806165
20 27 13 9 65494 0.9351563424346919
23 6 16 19 64628 0.9934390079675829
25 12 15 6 45572 1.0675232630633338
22 27 0 16 79387 1.0808564326571044
0 13 28 8 122428 1.0113535254862676
11 3 20 15 71133 0.9106503033091357
19 15 5 4 78284 1.0143977283195853
9 16 15 20 40700 1.0855927456330376
15 6 9 23 56920 0.9629256401115849
15 25 29 24 47244 0.9878854372596657
11 3 18 18 74767 1.0463318414948726
26 1 17 15 79341 1.00677958379028
6 7 18 15 75007 1.039543059118729
27 10 2 21 104359 1.0120829492511367
11 26 18 11 70492 1.00096533503452
28 19 15 6 68401 0.9494986211334944
28 18 1 15 97831 1.0414765676023534
1 23 27 14 88607 0.9351106405875313
5 14 6 28 54585 0.9751084095682051
21 26 6 15 67263 1.0423548946231254
17 23 23 18 35924 0.9472164825941312
4 21 22 12 73452 0.9636807466681218
21 25 16 12 54015 0.9570430944165466
12 4 28 23 96992 1.0992774789938795
15 26 14 1 80589 0.9365390487876584
5 24 5 4 97357 0.9207521977700527
5 5 23 27 101397 0.9284932531803114
20 11 5 29 94406 1.0894132038552518
17 23 28 0 107868 0.9437303599590094
17 9 8 7 47121 0.9196534962648658
3 1 29 22 146150 1.0142528873717878
10 9 29 15 98567 0.9403218675875818
26 28 3 25 66185 1.048131127478665
4 0 18 12 95424 0.9559189542234333
17 21 7 26 37423 0.9103952993829177
11 9 3 26 83084 0.9123396228963537
4 10 25 28 104065 0.9923784677052245
17 23 26 2 94413 0.9790216387154593
7 26 21 23 43952 1.068168913176537
17 29 10 12 73640 0.9103624064553684
2 18 18 14 81888 1.042975742153974
4 0 27 7 102002 1.0570566131407635
10 29 15 15 55823 0.958508794693644
13 5 13 28 63002 1.0463327302359848
22 25 6 28 47637 1.0278200179511705
21 7 10 14 63025 0.9797043255449929
7 10 1 22 47435 0.9614676391933483
14 29 11 7 73550 1.0503732345934738
23 29 29 0 114039 0.9192300608523485
26 15 12 18 68502 0.9363238703851855
2 29 26 23 83570 0.9137749043897544
5 8 14 26 86649 1.0390659931303987
8 1 1 18 90213 0.9966049027078935
24 23 23 4 53964 1.0220398057402447
2 6 25 12 89418 1.0101233156552816
20 25 10 18 61659 0.9805340598791958
21 18 26 26 34111 0.9025352328695752
28 29 14 3 108484 1.0693636200220396
7 27 22 7 91001 1.000588103806345
10 7 16 3 31115 1.0262034111397347
23 16 8 8 92854 0.9972617640569793
20 23 1 25 56201 1.0245084792928025
1 14 23 29 98197 1.068773059973164
7 24 16 13 53778 0.9901970426866822
5 26 28 9 114796 0.9591098608332768
22 5 1 26 102346 1.076290109669942
12 8 29 8 73857 1.00093306333227
0 16 22 21 76125 0.9758516783635054
24 12 3 6 82702 0.9270914867281085
2 0 22 18 118593 1.0717268058252085
20 24 9 0 114031 0.9565016907486849
4 26 16 3 88659 1.0070052066429676
13 20 7 14 43576 0.997947271769246
7 21 8 7 57300 0.98325720898905
1 12 29 6 99897 1.027048445544
12 6 10 15 44088 0.9169047943392357
17 19 8 11 57687 0.9927716205162451
10 26 7 18 38856 1.0536577590285845
6 28 28 14 94513 1.0292217037179372
6 17 12 6 64209 0.9649813686031625
16 22 17 10 49093 0.9242816849368571
17 25 11 9 74492 1.006977507639288
24 22 11 9 87527 1.0274849306958096
28 25 25 14 49832 1.0384960159912464
27 24 17 22 38144 0.9858634048339554
6 15 13 1 82358 1.033612623488045
5 21 14 16 37926 0.908151716454686
9 3 17 16 70024 0.9376204058328537
21 27 1 6 108227 1.0006290156431341
4 28 7 18 35508 1.0612706065977633
17 19 3 12 73368 0.9678115441086113
19 1 9 12 72116 0.9389074648247546
21 13 15 1 64319 0.9149677473314811
9 19 20 19 49345 0.9401192357204445
0 12 9 9 31807 0.9889559285245506
9 10 4 25 56043 1.007901569286221
20 7 20 28 74480 0.9022738849144456
8 13 27 18 92075 0.9163554564992399
29 18 22 6 50185 0.901846380545205
19 28 13 2 95812 1.052621547652116
13 3 2 5 44158 0.9489115797632233
20 16 20 3 64494 0.9609268914550189
7 27 3 7 84731 0.9016167556717208
17 4 11 25 74325 0.9449817601919022
28 5 16 29 99838 1.0004725944765482
6 9 2 20 63411 1.0262809945202518
26 14 13 26 74308 1.0748945794775908
22 23 13 8 68135 1.0637574466776931
4 12 20 23 79139 0.9585478593332434
27 25 15 10 87823 1.0786246127283396
21 20 4 28 56393 0.9443542039707488
0 18 17 23 54272 1.0092935327905916
16 16 6 0 90985 0.9362267772898734
16 8 7 2 55122 0.9657909168986024
12 5 17 16 48793 1.0979508633647634
2 17 18 14 75734 0.9323595447007994
8 0 11 18 94996 1.0924424756378643
27 2 22 15 54277 1.0471476940967812
28 24 3 26 75461 1.0934804463010799
29 10 18 28 88188 1.0282902739292594
7 16 2 22 26880 1.0407187486606282
29 24 24 17 34624 0.9392270829313155
7 24 8 12 41556 1.0774492258889556
16 15 28 17 55276 1.0949420614708294
20 25 5 18 68293 1.0259422676107293
13 3 2 18 101502 1.042510470124342
1 15 13 2 91268 0.9711757879314786
21 6 9 15 61050 0.992865583549358
6 5 27 2 65642 0.9751841298430651
24 19 25 8 37182 0.9363550464276368
25 21 5 5 99769 0.9270544024027795
19 25 16 0 97151 1.0184530298883006
23 13 11 18 67098 0.9049052360677112
21 0 6 29 119040 0.9532639136945105
11 4 21 7 40395 0.90538743621234
1 2 5 15 66972 1.0453069230191665
5 9 25 0 103856 0.9045727364506474
6 23 2 3 86787 0.9845825177809886
19 7 26 18 61047 0.913528887075704
21 5 24 27 66120 0.9247207751021284
18 0 17 20 83171 0.9172213027322647
25 1 17 11 63362 1.0901900661357375
12 17 9 1 79012 0.9575872510685219
2 10 29 22 124141 1.030904718415127
19 3 2 13 93550 1.044734727655174
14 10 11 17 37316 1.0926171177991304
3 28 17 15 73223 0.9062991894928865
26 22 4 1 134903 0.9165602932583974
0 7 12 11 49799 1.0266466643885723
14 6 0 18 82918 0.9029215762354071
11 6 19 4 31001 1.0426717352365766
2 1 0 24 91381 0.9952571365382974
4 10 1 27 69353 0.9008082497968689
18 12 1 27 82632 1.0746989315853814
29 25 16 23 53621 0.9973035959956454
5 24 24 8 90431 1.0686483912248235
19 2 11 12 58132 1.0908897576403516
1 10 25 13 89572 0.9804877120787892
16 12 15 21 33465 0.9284813789876311
9 15 27 29 91744 1.0622959600884219
3 1 11 17 93851 0.9636853338429412
4 1 7 18 79489 1.053106288809266
3 26 1 17 41575 1.0825166745040125
0 1 25 0 94958 0.9622690216809551
1 14 22 1 101069 1.0011260227629937
17 26 2 28 48291 0.9568874910646573
0 12 29 12 106593 0.9095361392717712
25 9 1 22 95697 1.0175643125484934
18 7 10 23 67658 0.9464337726688031
29 27 20 3 91967 1.0866782021772703
7 13 17 27 62031 1.0205686620566468
26 4 18 7 35510 1.0055019499631122
2 19 12 16 60376 0.9418479439250967
19 21 5 20 43964 0.9519504139274249
4 11 19 3 75834 0.9326453622609352
5 24 11 29 37455 0.9363820544702783
12 26 29 13 94578 0.9770377780238859
17 11 7 7 60223 0.9568426827220193
7 29 27 2 120713 0.9247709599367926
26 16 14 19 67327 1.098368569264818
22 2 19 22 70264 1.0440600165193277
19 11 28 22 67051 1.0794161254380796
18 26 12 7 80339 1.0824237621947395
16 24 6 20 39863 0.9023501993842117
9 7 27 3 64483 1.0710569329009254
0 7 13 5 41012 1.0948515486025756
10 16 9 3 69564 0.9362049442521312
22 21 3 26 67559 1.0395194238471852
19 24 9 29 46581 0.9490479148507849
1 0 1 29 104080 0.9845534222387295
4 6 29 21 123991 0.9996048154478142
4 20 18 18 56823 0.9703291094828406
4 12 16 18 66266 0.9203014274718561
12 14 21 0 70073 0.9008948971189564
18 28 29 9 93569 1.0829521035471943
0 25 24 0 122201 1.021110249272435
27 6 23 26 69921 0.992971442098778
19 23 6 28 52780 1.0421351263822278
13 0 4 8 74104 1.0286879889443825
9 26 25 3 104840 0.9449552587858505
5 8 15 3 61145 0.9106300396469202
3 23 21 17 55688 0.9922467235001263
8 24 17 19 41234 0.9278346052847665
5 7 1 26 93889 0.9333784425920905
21 19 14 29 38286 1.0799255216613124
13 23 18 0 76285 1.0714300278400644
26 29 23 12 53103 1.0659480483578068
26 0 0 1 102763 1.0516216189043268
14 11 2 21 58856 0.996187357105449
4 19 29 13 108770 1.0858150435510694
10 0 22 19 104737 1.076532676904199
3 9 19 20 96803 1.0744717895309959
10 28 21 19 48518 0.967551948016158
24 9 11 25 84006 0.962680627166994
24 26 18 18 44051 0.9925251087236022
1 27 9 1 121748 0.9934573471372379
6 5 28 11 83520 1.0085970290117625
6 8 25 11 94017 1.0847741752552522
15 17 16 7 37044 1.066644975133694
19 7 5 15 80195 1.0645973712831385
4 15 11 18 41283 0.9717710083711025
10 28 21 6 86226 1.098293183985546
15 24 10 8 71169 1.0180231940728188
7 1 24 0 82369 1.0759051737823613
25 26 12 29 46340 0.9635560717339042
16 26 26 24 39233 0.9041641881725321
27 4 14 19 72802 1.069740493452853
23 11 2 13 89241 1.0796346096729368
1 0 14 27 110609 1.0080749148013468
2 12 22 21 91426 0.9412612506681726
1 28 8 1 122822 0.9731870594856936
8 10 13 2 61580 0.9111231479797394
0 27 26 7 126273 0.9708168952877677
23 25 22 10 54131 0.9652428992346681
13 13 4 28 62892 1.0716631037625037
23 19 12 19 47540 1.0220728909139076
26 6 9 15 76257 1.012505691902558
6 9 16 26 86712 0.9145480508671988
23 13 11 24 68810 0.9728519448067386
1 12 2 0 48886 0.9560651295449886
17 27 28 25 34978 1.0074431890790658
17 3 22 10 34044 0.9725033945163087
25 18 13 27 52509 1.0972575020557678
26 14 20 2 63290 0.977637586332005
28 26 9 26 53179 0.993965033262862
5 23 25 18 63515 1.0384582823268291
20 26 15 2 96375 0.9058568070356541
2 2 22 4 71555 0.9862377794232686
19 13 15 1 62663 0.9811336171298819
24 27 15 22 34809 0.9713148235499333
10 17 7 6 65317 1.0741511239996084
5 26 9 6 79378 0.9350066587829842
6 9 13 3 63625 0.901821078636439
28 28 1 23 79615 1.0835455237890845
18 9 1 15 84441 0.9541909227012978
27 29 23 15 53687 1.011447800874963
13 13 6 3 62498 0.9295931228224932
26 0 21 25 92280 1.0810557264768803
25 19 23 5 41946 0.9015417520675388
12 7 26 12 62833 1.0578467124556385
29 28 19 19 47705 1.0048786884851117
13 27 8 5 73959 1.0851797963071315
26 23 21 28 26577 1.0388910347265206
9 17 26 13 87490 0.9103586352490355
14 13 3 23 50372 1.083769798994817
15 14 2 25 66094 0.9937965810183438
4 22 23 21 56092 0.9257997705259225
6 19 28 27 72763 0.997647407334304
8 20 22 13 70857 0.9630191976119361
22 11 26 5 28761 1.0842782415266883
11 14 3 28 71994 1.0699486864329169
18 0 15 13 52882 0.9087472555099309
1 21 11 12 63663 0.9006893460631257
4 9 28 16 115575 0.9100237380181689
15 17 26 28 58957 0.9110299499866352
4 3 22 21 113542 0.9310169475795854
0 16 18 21 63759 1.0320422749143001
24 21 0 20 73728 1.0874629943356242
11 23 14 8 48353 1.076288305750665
19 11 15 24 60394 1.0366178559624504
6 23 10 5 73859 0.9643456912508874
27 1 13 3 63445 1.0372560858306596
3 24 14 20 36132 1.0811491157466104
1 8 5 23 63216 1.0177602807031891
21 19 2 2 112905 0.9069175523795626
12 26 16 3 74673 0.9376696502912121
0 23 29 9 122360 0.992552663788653
15 26 22 14 52613 0.954513267271349
11 11 28 9 84887 0.9323225126660167
4 1 10 20 102045 0.9255043496906733
21 2 5 7 70109 0.9311748770719155
24 2 5 20 102424 0.9606666840344147
5 9 19 17 91529 1.0421325543043953
26 0 17 10 69632 0.9345193966364138
28 21 8 27 71621 1.096964621607174
28 7 18 17 78721 0.9389466447207504
5 20 3 3 93432 1.0269520379843304
27 25 3 4 130878 1.0955119666252413
8 27 26 9 98726 1.0819393957640615
1 24 5 13 50484 0.928827950630772
25 10 26 29 59397 0.9924051018953839
4 23 18 27 44465 0.9398978110369388
26 9 7 23 93985 1.0644743844248494
16 13 24 2 56114 1.036604352488822
1 10 10 14 34554 1.0189701033232264
1 15 2 3 54526 1.0147730441330034
14 17 20 1 65849 0.951707550959031
0 2 21 13 94171 1.043563520243575
28 10 3 10 104830 0.9645832172652223
16 16 5 24 51927 1.0964683097940986
27 7 16 5 35299 1.0243407247957537
26 10 14 1 71148 0.9951595310584691
18 7 25 16 56006 0.9009212744777803
10 0 24 10 78304 0.9761900697872666
20 29 23 4 81902 0.9100653700464504
7 20 26 28 64771 1.0020562580064196
15 1 6 4 52137 0.9616862411162008
22 7 16 18 58631 1.097469768267871
7 22 19 27 39468 1.0106686007147732
12 19 3 11 55195 1.0819942223864432
29 28 27 0 98129 1.0319221072822269
16 18 10 26 47371 1.0186511424054852
10 11 19 23 67119 1.0573236365107594
14 0 9 26 97700 1.0976115715782446
2 9 22 29 110105 1.0471837210083357
6 0 29 8 113045 1.0447064196039992
11 11 10 21 55712 1.0637517799084808
1 10 16 25 79986 1.0594712544259313
9 22 4 7 72085 0.9035375710649522
4 17 7 28 40134 1.0103315743202896
28 12 6 7 96892 0.921943186614056
7 20 21 23 40349 0.9528180471847185
14 24 24 10 65401 0.9551247394106049
22 15 7 13 68645 1.0688564313962172
9 16 18 6 56985 0.9348384759364212
20 27 6 4 99448 0.9701051634283145
15 23 0 4 88034 0.9749864564884354
22 1 15 24 83061 0.9549730548823383
26 16 8 7 92614 0.9480782322797521
9 25 2 15 56452 0.9606448196884375
0 8 9 28 81310 1.0551366076016526
0 0 18 27 115341 1.0584275018491567
8 26 3 8 82149 1.0534314449716211
4 7 13 5 39444 1.0793466198667812
24 22 17 8 71848 1.0542953741392367
3 15 8 29 65433 0.9059917475951389
4 5 1 26 87248 0.9613536340661588
2 24 7 3 108269 1.0663772498716688
18 20 27 6 76966 1.0102774576173186
28 1 8 24 117414 0.9785331412195426
6 0 5 10 77776 1.001369858061804
22 2 4 17 103109 1.0042223791087963
19 16 14 23 49597 0.9010991096628724
1 4 7 22 73057 0.9598601928555972
22 6 24 24 53000 1.036864365873455
6 9 26 16 106234 0.9828024371058479
8 25 10 13 58058 0.9329646389141846
23 2 6 20 106116 1.0200849985478864
11 15 9 5 50269 0.9656506695755205
9 3 26 1 75223 1.005394235760219
19 3 18 14 53910 1.0332224442010314
25 19 4 26 71970 1.001221728632869
3 26 15 6 84790 1.0632588157770784
25 19 28 1 67558 1.0941594665981467
18 18 26 29 52319 1.037685346517113
26 6 6 18 98742 0.9795774074949813
2 18 26 11 113341 0.9748419100629315
7 29 12 14 60821 0.9773792969865577
14 8 4 8 56484 0.9816009469658056
23 20 21 0 73430 0.9039309442601385
7 25 29 14 94038 0.9478290634383197
13 3 9 26 83302 0.9882606539686184
22 5 21 22 53139 0.9370803637472339
22 29 3 13 97161 1.0960921638817045
4 20 11 14 51996 0.9967958361740066
26 20 29 12 39937 0.9819068810369563
24 17 22 9 30198 1.088038174973494
19 21 8 0 108695 0.9355359257078402
22 13 3 1 100417 1.0397463856400577
26 7 17 10 52543 0.9937075161062856
10 1 29 24 124981 1.074688877261123
0 20 6 8 70902 0.9795187611019762
14 9 20 22 45717 0.9752311332978503
17 17 10 27 52081 0.9313735210243942
18 13 27 8 51796 0.9181737692257476
24 18 3 22 61590 1.0301017735602511
20 17 4 25 66632 0.9684509339809895
5 17 4 1 83243 0.9202372088654726
23 25 27 8 63957 1.0183154823937035
14 22 4 18 34482 1.0640915416657852
0 13 18 29 102865 1.0963532149461175
21 17 23 25 28553 1.0323442522041508
3 1 26 26 142628 1.0015420195740208
15 9 22 25 69910 1.0432085757701945
25 6 11 11 63390 0.9244452463442582
15 8 6 20 70157 0.9703982404774695
3 15 29 27 101666 0.9791257543549692
6 18 28 20 81676 1.0879118044384684
26 17 5 14 101620 1.0197304638909905
4 22 17 25 42889 1.0857801460340446
4 1 19 20 120897 0.9810656734672683
26 28 12 8 95015 1.0037338592715115
28 14 3 20 97375 1.0877123209302908
23 5 4 27 99861 0.9195377088916391
14 13 5 9 51273 1.098146705514593
15 23 23 3 79019 0.9199052846215433
12 8 22 10 48977 1.09950843484237
27 8 29 29 77066 1.035770739971966
4 2 8 17 90340 0.9942038892057273
23 4 8 8 60757 0.9930651182109653
17 0 1 24 97515 1.0928646483764346
25 26 28 2 88418 0.9370765528445675
4 9 19 16 83117 1.098543431543846
7 21 12 8 62931 1.023193864963801
23 2 4 12 93218 0.9531304739456232
22 23 6 25 54413 0.9815581367544728
11 7 26 3 61707 0.9982852029534235
1 17 13 4 88170 0.9458584267092803
28 18 13 29 65195 0.9789275307899878
22 21 4 26 61943 1.0165679849899154
4 3 8 12 65546 0.9128668802212951
15 22 21 5 62370 1.0965075252721415
19 12 28 6 46573 1.0163712355198489
0 11 25 0 104058 0.9217539765099884
5 5 12 29 94287 0.9309058967461241
4 22 22 24 47352 1.0064712499124417
2 18 20 18 73824 0.9052811496188446
12 20 5 16 53682 1.0460981719650864
14 0 25 24 105765 0.9534718393916238
0 1 9 27 94447 0.950919008357656
20 12 18 26 57278 0.9936884076664568
29 18 0 27 96392 1.056871873541911
2 10 10 0 76052 1.0610996385198834
19 1 0 10 82300 0.9188955576587814
18 2 27 5 38205 1.050717628784972
9 17 25 25 70055 0.9444867726145786
18 27 4 3 108506 0.909973963012777
1 18 2 2 69119 1.0246152461965043
10 3 28 10 78046 1.0056210467124251
23 29 14 13 68208 0.963227613552958
23 25 13 9 75405 1.0972581649661481
12 22 10 3 69158 1.0346426901637948
3 13 0 1 50315 0.9419021459696636
29 18 27 3 53388 1.0595343830922939
29 5 21 26 83784 0.9880424944241792
6 1 0 27 116418 0.970086723988956
1 29 26 20 90330 0.933400454814532
3 4 22 25 111421 1.0356245601419007
14 24 5 15 49327 1.0435388162936658
16 24 12 1 80972 1.015115005614608
7 13 13 28 56489 0.9706557684939666
26 15 20 23 45966 0.9817863163660371
24 28 25 8 60714 1.0169957460916095
21 3 21 23 66486 0.9119376005193826
13 4 15 26 66651 0.9472355911460018
7 14 13 25 44576 1.0432969764884896
1 25 13 7 78813 0.9333199583941314
14 14 12 26 40694 0.9873174562286342
29 18 15 28 60781 0.9938882353282019
24 10 5 8 88766 1.0850994378329253
0 22 6 27 27607 1.0122609368961875
15 10 28 23 81634 0.9309257360497776
27 21 13 12 72749 1.0312790463494135
14 19 2 5 68721 0.9758427714184871
24 27 5 24 55683 0.9876576050032665
2 26 29 23 85403 1.0586712297329428
12 28 18 3 83585 1.0370593576264735
25 11 19 21 62202 0.9928390186938116
19 2 21 10 45845 1.068177293529486
6 6 5 28 94380 1.0289118139536653
21 17 8 21 45395 0.9969451952923524
3 6 15 5 40135 0.9805943252806009
9 28 19 4 89966 0.9638055331044566
7 10 22 19 79006 0.9259898987338102
0 8 11 4 44777 0.9120564109666166
10 22 0 26 38300 1.0759985750367989
22 4 12 26 87075 1.0095259919734787
1 21 24 29 74873 1.0893474432129053
13 26 21 9 71404 0.9772492054959729
7 22 21 7 77698 0.945843889004959
19 7 21 28 74398 1.0825456260593298
12 2 18 26 93657 1.05498825159586
11 2 27 19 96262 1.044681091266582
0 26 15 0 117437 0.9823054569513536
17 9 8 4 48376 0.9366166537805384
23 0 15 12 62639 1.0033781364973549
13 24 6 3 86825 0.9441071852931998
8 1 20 13 88356 1.0250898586143449
12 13 3 21 60449 0.9350293306182678
15 24 3 19 43888 0.9330367505393291
0 16 14 0 111790 0.9129095420002017
29 3 16 16 85462 1.0868659969659338
19 23 0 20 54332 0.9292381375920876
24 8 17 27 66639 1.0866940522902835
23 27 15 15 54884 1.0328315887973878
7 24 22 11 73427 0.965545849305415
25 27 20 17 39170 1.007508703768694
24 23 5 12 92769 1.0881800463736055
25 11 13 14 57633 1.0870863261751307
14 12 10 20 40873 0.9791254405509895
7 1 28 13 110727 1.0662733273528613
23 6 9 24 82593 0.9385944035580592
28 24 1 15 95805 0.9609070146950036
10 22 4 11 45540 0.9538482325179691
19 0 24 19 77714 0.9610292605265096
16 20 1 17 55530 0.9159881380108371
22 20 13 17 45473 0.9337121863123528
23 1 22 16 53020 0.9434205294370551
5 18 15 23 40332 0.9581595100154383
22 20 7 23 45495 1.0477323642650105
5 12 6 2 76982 1.0784823834317794
21 1 27 8 40201 0.9765298054614108
10 12 25 14 66065 1.076100484823953
7 27 24 27 40138 1.04449596875333
28 28 14 4 96396 0.9148091469456847
21 11 8 26 79663 1.0075623923270551
28 28 7 26 57092 0.9190410122392595
13 17 23 29 62658 0.9074215607894497
23 5 13 16 54320 1.069394710017216
14 5 15 25 53611 1.0639015129085225
22 22 21 11 38763 0.9456543503641284
26 10 8 2 88263 1.038491751956576
20 10 15 5 38342 1.0804887035766868
9 15 13 9 34154 1.0197748374303597
22 7 6 12 75555 1.0848545147731175
20 28 12 16 63451 1.0045189144292532
26 2 12 25 104690 0.9864189729370757
16 8 7 1 57837 0.9956377947444464
9 20 16 10 56825 1.0552994806625504
10 15 21 7 61203 0.986482872294635
8 7 25 21 98972 0.9426467795206167
8 8 0 22 68336 0.9090729168153081
27 22 22 0 74276 0.9995923551088896
20 20 6 9 92678 0.983434531024199
23 17 12 20 55780 1.069242065330858
4 15 11 2 84361 1.0570527505345906
18 3 10 1 44775 1.0404398601969675
6 3 15 9 51637 0.9828790393765211
24 3 3 27 110459 0.97012689327536
16 6 15 15 31656 1.014308454869215
0 5 0 25 77957 0.9456693988565974
3 8 8 0 73038 0.9336084636717197
3 12 5 3 62378 0.969956076059313
23 23 27 16 29663 0.985507922890398
8 7 29 29 118537 1.0475605735577476
0 18 25 7 117086 1.023262068627262
11 13 9 5 49378 0.9862431796364939
3 23 21 25 52665 1.085497965908437
4 0 13 25 114071 0.9552534390137793
23 0 7 3 75618 1.0882162398008324
6 21 14 24 25655 0.9700081795640685
10 18 0 17 42002 0.9502627751101685
6 2 27 27 131427 0.9290419194344606
24 4 1 28 116804 0.9713479496113695
12 11 14 27 50824 0.9830797342906762
3 20 17 9 82286 0.907376234123916
11 19 13 6 49863 0.9539472036406416
14 8 19 24 61174 1.0104791069485308
14 13 17 29 54026 0.9801175377258304
19 20 1 1 118627 0.9170674797672497
17 7 2 23 84536 1.0413583362827477
0 2 7 20 67700 0.9313730793901316
19 9 25 13 47671 1.072998903108808
6 29 8 21 31861 0.9323253843673744
8 14 28 12 88275 1.080192726012839
11 27 20 16 55721 1.070103025800288
18 12 5 26 73163 0.924623022910141
23 8 7 26 96141 0.9326296051947567
28 0 20 18 86949 1.0197534905437056
2 10 29 25 117019 1.0376413943660336
27 20 15 0 93082 0.987462249538878
28 3 12 6 54977 1.0985467825789907
18 7 11 25 75671 1.0115124596863894
16 25 5 17 57642 1.0264341256893044
11 10 17 1 47402 0.9210657180093204
21 1 16 19 77305 1.037597095857479
16 4 25 7 36139 0.964823189751851
6 14 23 16 81016 1.0783814436606094
24 5 25 27 60624 1.061597079140488
4 15 19 28 74969 0.9489822422420207
10 2 13 18 65363 1.0701414840002974
27 26 15 15 71970 1.04949206451583
27 9 6 24 100482 0.9270115091466068
12 29 1 11 78798 1.0853877521113917
19 18 4 9 88720 0.9185362827461583
4 5 11 16 71226 0.9050888863901344
0 27 27 24 79164 0.9868636334293694
11 19 17 13 46717 0.9520035276914822
1 14 18 0 98051 1.063174428031605
12 2 4 12 70150 0.93059645823638
12 28 22 16 56570 0.9873511492383091
8 27 6 4 98398 0.975061236027567
8 11 11 28 64355 0.9029985061015456
1 0 25 19 120908 1.013409203470881
25 26 20 10 68019 1.0341128040269303
5 14 26 13 99903 1.045913354249763
6 3 19 15 82767 1.0427774589878211
22 6 21 16 37021 0.95744140706709
18 13 22 23 46715 0.9720481022209136
1 8 17 1 67392 1.0906323428217002
6 23 29 18 71653 0.9537568623747141
21 16 11 16 52060 0.9995152645778821
23 21 3 1 130471 0.902227588934048
15 22 1 10 64117 1.0460473442048814
26 13 5 17 105242 1.098050182716823
14 4 9 12 43987 0.9408597264554013
3 4 9 16 71189 1.093884626947929
4 1 5 10 62342 1.0208412574276047
4 19 19 4 93971 1.0444800145314395
29 22 9 19 80762 1.080246635165465
16 18 12 11 38387 0.9951052799733082
15 27 24 10 66234 1.0084038030944449
27 25 14 14 72171 0.9016061815795857
26 6 18 4 29625 1.0079379528191497
16 13 1 13 59197 0.9805708725687792
11 15 28 1 90274 1.0132640135498021
7 24 6 8 63115 0.9946796977103445
8 11 22 20 77284 0.9388068820624584
26 16 7 27 83272 0.9018397495635017
28 11 17 21 78381 0.9623204188124853
4 3 2 29 119366 1.0005626905850225
10 24 19 1 92496 0.9968631174208623
17 2 24 21 69491 1.0376947710207785
28 2 20 23 89397 1.0695155880668772
9 29 23 13 81381 0.9079671762321588
10 12 7 4 51403 0.9403124005689396
7 8 7 24 56490 1.0382400892856638
29 6 16 8 43866 0.9075423064579021
3 21 16 14 58947 1.0508037761068476
21 28 11 3 95785 1.0563557566314452
24 29 12 20 60264 1.0610113596993742
0 9 9 25 72247 0.9416471626635454
15 18 2 10 64905 0.9845115166430956
15 13 2 1 76705 1.0439291479638089
27 24 9 1 122177 1.0375306334747216
18 17 25 23 51652 0.9916750110317767
11 3 23 26 104830 1.0490625878212665
21 18 12 1 88625 0.9132859268656268
6 17 5 5 72635 0.9761441635383256
2 0 14 17 85574 0.9393916151290104
25 0 17 3 46234 1.0602605434368426
28 21 11 19 75830 0.9761379255638541
28 16 22 4 57730 0.9283346303157872
9 9 29 2 91107 1.0421317578255005
19 13 8 28 81086 1.0070897886281522
24 17 16 4 56372 1.0806228756064624
18 25 4 12 86840 1.005402458786603
18 1 25 23 84013 0.9747256300281032
6 12 15 27 65486 0.9998331105400651
8 6 17 15 52277 1.0438333730481657
23 25 10 12 79181 1.0780253768977375
10 7 17 18 63164 1.0477809389766162
14 7 17 20 49483 0.9227777440443298
17 14 27 27 64473 0.9155433318801375
2 8 23 15 101429 0.9994900648102282
6 27 13 17 44156 0.945972853214563
24 6 15 1 42853 0.9018902213723808
0 25 12 18 56212 1.0384761758874297
28 23 12 8 99748 1.0435983862451454
17 9 25 11 52629 1.0708924562981
18 20 13 29 43253 1.0957443553862984
22 28 27 9 69323 0.9489394326147261
7 27 15 23 29245 0.944115803089187
15 25 24 17 49168 1.0178708169448838
5 19 3 1 87787 1.0501836199691974
22 18 29 3 73155 1.066810166486308
17 23 0 1 102076 1.0985956345189378
7 18 15 5 65397 1.0866682957198168
24 28 16 3 88219 1.0290639822133374
9 11 0 5 36513 0.9542420541443521
11 1 18 4 43190 1.0221407594669847
13 7 2 11 45428 1.0958621071740466
25 0 29 23 86080 1.084598081510093
9 11 14 19 42212 1.0219917969452752
10 29 2 14 75928 1.0044793346488148
5 8 10 17 63200 0.9273296131755491
29 2 1 24 132336 0.9280916877174944
3 15 12 2 91612 1.073047753332868
9 22 6 15 30032 0.9543917806929167
2 5 25 0 80103 0.992263816468544
29 26 24 21 28933 0.9088027843944636
2 11 14 6 51798 1.0379174794222326
16 3 17 13 40657 1.0113332351816302
3 8 25 27 116567 1.0175861266463322
23 14 12 9 62646 0.9880276965686382
27 16 17 2 70754 0.9611787490779171
23 28 29 14 63090 0.9555043550608695
13 28 24 10 73207 1.0193347000294217
19 7 9 18 74757 0.9286748992980254
13 12 22 3 49325 1.0789489230559062
25 17 26 4 53536 1.07161478903866
7 14 10 5 45652 1.0474991976015033
24 4 17 1 32918 0.9346006730381349
5 17 19 26 71499 0.9164058697087986
18 3 12 28 83585 0.9833716561532365
25 17 28 7 55534 0.9600022704389092
18 14 20 22 40110 1.0879349672371998
24 27 28 2 83481 1.0707354527927064
14 11 1 14 55124 0.9784608640385122
9 19 8 28 36553 0.9328029038205622
26 4 12 18 81323 0.9533622359176216
1 4 19 16 93292 0.9120082785055582
29 2 28 18 67101 0.9557676261053349
2 27 16 6 86133 0.9436958817949995
8 7 4 1 53710 0.9507513192190166
19 28 19 12 57201 1.0444907572302973
3 2 8 22 92693 1.0025182889096824
7 28 25 6 101483 1.0829660710161533
21 29 16 22 28444 0.9168416076099237
17 10 1 6 66615 0.9125918956834926
18 13 15 22 42969 0.914456325950842
20 15 10 5 60188 0.9568306833693176
2 25 8 15 51474 0.9574430781081326
27 23 12 22 49856 0.9641482623408699
21 15 7 2 94711 1.0708419096553063
9 28 5 6 100712 1.0818491853224512
16 17 28 4 81421 0.9713364089854548
16 12 6 26 64589 1.027833662845627
10 7 11 17 59650 0.9222844843340023
27 29 24 2 85476 1.003148431675415
23 7 6 0 85464 0.9116443909777799
8 11 14 21 49890 1.0062464570104797
9 5 14 17 43127 1.016967934737255
28 5 6 4 66492 0.9651352359162483
18 24 6 19 47838 0.9126206955083181
21 17 5 25 57085 1.081055887382128
22 20 8 13 77445 1.050785609789823
24 15 24 4 29925 1.0595011431251853
4 4 6 22 86256 1.0324992899904928
13 26 15 5 57356 1.0052505231694933
24 8 28 23 52361 1.0347789354864299
24 19 8 20 61561 0.9913800250751912
2 23 22 27 61417 1.0837710198489
4 11 15 18 53774 1.027094833771828
4 14 17 3 82302 1.094513962186378
0 21 15 3 87508 1.0018042921386023
3 11 24 19 90612 0.9217236105319877
5 19 21 15 66798 0.9221504782988799
7 20 0 5 60728 1.0372417380406092
14 28 0 1 105143 0.9899482090756254
1 4 1 14 42477 0.9055198164900073
17 14 12 23 44170 0.9038959936539649
10 21 1 22 24105 0.9284628936561407
20 22 15 0 84038 0.9856720148621744
6 9 26 2 98221 0.9092724380452563
22 26 25 11 54904 1.053239485108327
2 6 21 9 73809 0.9852701542834139
28 9 24 20 48604 1.0344373956168467
15 3 17 28 81115 1.0839476519624989
20 2 4 16 101102 0.9186796716150505
19 2 21 10 45845 1.0216300598768353
1 19 27 15 90712 0.914263611996929
13 15 21 12 36530 1.0522861040039286
24 6 12 23 76688 0.9626148821856024
16 28 12 1 90791 1.0337438842777544
28 10 15 4 58483 1.0633498938246722
0 7 11 12 45024 0.914282921561115
16 15 25 0 75989 1.0199410720944946
22 8 6 23 82848 0.9151154636366889
19 17 12 21 52231 1.0727913577300474
22 0 6 7 73131 0.9577357734902768
16 6 12 16 40346 0.9883484121120352
12 9 24 26 84587 1.0209666234843793
28 10 6 11 92211 1.075282167886023
9 28 16 5 75049 0.9134665564498615
12 16 21 29 60910 1.0349137905534143
12 17 20 0 83347 1.0528322729516684
6 4 19 7 52286 1.0067803430345075
5 11 10 28 64016 1.000636773405497
22 29 14 8 74206 0.9439311249358998
0 24 21 4 100755 0.9225897123584209
0 5 3 19 63940 0.9364466305591531
20 11 16 20 52008 0.9008952644640339
13 10 20 3 43137 0.9242540800082891
23 26 15 23 38140 1.0918995845918134
13 0 10 11 70339 0.9085049602727043
27 5 14 21 75110 1.005235451365226
10 2 24 3 59087 0.9134789987670938
28 24 18 0 100638 0.9905661424480242
18 10 26 20 59568 0.945072881052524
0 11 13 28 74683 0.9442986124228561
2 26 22 18 75546 0.9670086749617419
3 20 16 28 54430 0.9394394563029518
18 4 26 28 86886 0.9367606042011087
20 18 4 28 65994 1.0031727555757015
14 20 17 3 51895 1.0079326300889853
1 0 7 19 75091 1.0293467797460691
5 14 29 26 99779 0.9860583991781519
16 14 20 3 51663 1.0168829252322789
16 23 24 8 66535 1.0626868945924406
18 4 1 7 58097 1.0782561123911616
10 21 21 25 38889 0.9954100566914247
19 1 29 28 105827 1.0724538448982792
3 0 6 20 95099 0.9048990110875789
10 10 21 23 71928 1.0374399061642208
4 6 13 15 63228 1.0537539559777969
19 3 8 7 52295 1.0556080722718222
23 24 29 14 49341 1.0980396406398385
29 3 11 17 103053 1.096144883691021
23 11 9 22 67663 0.9421965802073804
1 25 17 23 47916 1.0126620861061686
26 28 14 28 35181 0.9368890523289058
22 4 11 24 81913 0.9248751195645533
10 21 15 29 34964 1.0149749340613337
6 26 18 6 82511 0.9124824638633389
16 15 7 27 54818 1.0436507660669456
21 13 5 12 70374 1.0910675396515743
25 16 9 29 79077 1.0441838492616315
10 15 8 24 42041 0.9954401177124019
12 20 10 8 64637 1.0129351736105183
8 9 28 3 87769 0.9342038327962181
4 16 12 0 95785 0.9927182156645851
11 13 22 0 71520 0.931529228459651
2 7 17 21 95066 0.9378925153021138
20 21 29 13 66192 0.9691921064982773
10 11 21 2 69339 0.9781454351323062
18 9 3 28 95683 1.0898759067731458
16 9 2 14 75344 0.9768287805237476
23 4 7 24 89917 1.0500594456774937
27 15 6 2 110994 1.0554456890399067
16 3 29 26 98264 0.9720763471392568
10 21 15 6 57250 1.0916638593411454
17 23 29 20 56293 1.015129615410092
17 11 27 25 79757 1.0328891961428948
18 16 16 27 56495 1.0581537187183738
24 10 14 29 72929 0.9437590903843284
25 15 23 26 41062 0.9223286165248028
28 24 23 17 39138 1.082673805435729
27 22 4 23 75167 0.9702210757712821
20 12 6 7 74735 0.9813499191390193
7 19 25 24 59840 0.9774940748282396
8 17 16 28 58593 0.9128269066955788
2 21 7 11 49866 0.9889154044069038
6 4 26 24 111607 0.982492172613036
16 28 23 7 81822 0.9956005142611537
22 3 26 27 74223 0.9311562789058416
27 1 4 20 117989 0.9454560054420958
21 9 11 18 68157 0.9203948263943429
29 2 4 27 133811 1.0205521458393
23 12 28 18 29119 0.9477921672480074
9 16 16 29 59840 1.0720172297164576
12 2 21 28 94895 1.0364482664008576
20 0 24 27 90579 1.0802423751925727
27 17 3 6 109340 0.9211548850207325
7 14 19 29 75108 0.9862530915934093
23 18 18 8 57454 1.0528797985468468
17 9 12 28 71856 0.9864112078541231
5 15 6 4 71015 1.0889621278025714
28 21 1 10 116261 1.0408344650089076
28 21 7 19 78464 1.0853101168847135
6 20 21 9 86961 0.9210973954850842
15 7 19 16 49958 1.0585641145432598
16 1 0 8 65050 1.0931900370807373
15 7 7 21 61428 0.9307928102877875
6 0 4 10 74861 0.9157799740622871
17 19 29 12 68740 1.0700674152514926
9 14 11 28 59976 0.9084441433881966
14 7 24 27 74987 0.953588582536707
9 14 17 27 60280 0.9137143515255746
21 4 20 28 78774 1.080183619151576
22 22 6 25 51683 1.085628579534374
16 26 8 24 35530 1.049466096012074
8 12 14 22 50301 0.9005598451686249
28 25 17 14 73151 1.0918969898067783
22 0 26 21 71782 0.9730159094913065
17 14 25 9 50406 0.9381397535339557
10 11 20 26 83555 0.9965014635240413
12 6 15 13 28485 1.089433110837677
24 26 16 15 59022 0.914449084475801
28 6 5 27 111024 0.9568121945802375
23 22 5 18 65248 0.9380893078135207
18 25 3 23 55677 1.0275921751896213
19 23 23 3 77569 0.9842726200692293
8 3 24 8 64663 1.0475126277708375
16 26 7 6 87971 0.9062916678786631
12 3 19 28 89338 0.9397399524468087
21 17 29 11 54714 0.9169752403746999
23 16 14 5 62558 0.9639881966884816
15 8 25 11 53307 0.9813747408983153
12 2 10 27 85155 0.9584760325179402
27 12 18 11 38281 1.0747814670797475
5 24 16 8 71229 0.9761289158186605
14 19 9 29 38159 1.0237261428394744
12 7 13 25 58390 0.9372825797010591
15 16 6 24 45516 1.0995891822608583
16 27 6 20 45053 0.9838056121950635
26 15 29 5 46804 1.0324935282677101
7 11 29 25 100341 1.0436309657653207
13 7 18 15 42044 1.093910344166633
7 7 1 16 57779 1.0118067662382189
27 17 29 5 48104 1.0333227166747943
25 29 24 9 59161 0.9191941716465066
26 0 19 20 96171 0.9262300021225708
2 4 20 17 106032 1.0146841720624862
27 6 8 10 77392 1.0066873945140051
19 17 6 0 115679 1.0724457828698069
25 6 15 0 51695 1.0276645110250886
3 15 26 12 102897 1.0656725309525783
16 9 21 29 71695 0.9698652699882704
0 22 26 22 72213 1.0972952097985222
23 23 8 15 72628 1.0932025967325754
11 4 7 21 75786 0.9512549694509583
27 24 17 23 44036 1.0688175132758264
5 19 19 2 102782 0.9166186889611374
9 0 17 3 49903 0.9172017456088762
0 2 11 3 51206 0.9493354515466259
24 14 8 7 73703 0.924436630453113
15 4 4 27 84201 0.9125589402238797
13 10 9 25 54976 1.074503714826278
26 18 6 7 101559 0.9864244092225491
28 26 29 6 83623 1.0204539047846293
14 22 4 24 27174 0.9975173850695115
15 21 1 28 50540 0.9088629143667081
17 19 27 3 84237 1.0508169780862449
17 14 11 20 47835 1.0656624149788045
4 9 16 2 71525 0.922641314179253
17 20 2 13 83457 1.0664901020992001
15 2 13 18 55519 1.0663008524152096
2 21 19 25 62481 0.9921955349028458
5 23 23 7 90622 0.9803708530295925
5 17 28 17 93739 0.9451312591241219
15 17 9 5 49111 1.0021077215470593
29 13 23 26 66297 0.9225565648343789
16 8 14 21 44244 0.9846022330464179
10 5 23 18 76050 0.9171666486629975
13 28 11 5 68887 0.905427116595959
2 7 26 14 110107 1.0529054550358354
13 2 10 29 97929 0.9987473564230231
26 23 3 6 117139 1.038837269229676
24 16 4 1 109579 0.9800769965852479
7 21 18 14 56819 1.0050615755175867
18 11 6 26 76418 0.9256662999336833
19 28 26 21 40809 1.0599132256804247
17 2 8 27 85282 0.9991183067157945
22 2 18 12 44872 0.9519506193584338
8 15 13 24 43097 1.027672194828677
19 26 27 5 86088 1.058947335890859
5 12 0 26 70385 1.0220151192553524
11 26 1 13 72028 0.9761084161631725
24 17 23 6 32154 0.9363523741305063
19 7 7 4 49092 0.9292408128592993
3 11 22 29 93314 1.0242529194475858
0 23 20 23 54425 1.0942392907382936
13 12 29 17 75944 0.956407624578507
5 19 24 11 88628 1.029306155970113
28 24 9 20 64586 1.0008998403217548
23 3 27 9 32011 1.0135485974663363
5 25 25 13 87943 0.9539659481884444
29 15 16 14 57937 0.9703853841112439
11 28 20 16 62696 0.9367919558121414
3 19 23 28 75738 0.9388988930792344
17 18 7 21 42516 0.9343735589024464
5 1 16 8 65139 1.024043880100804
21 15 5 5 78260 1.042329957565629
22 27 25 1 81000 0.9023714579542841
15 23 3 10 67158 0.9593871993034361
22 13 9 29 74214 0.9877969305579801
13 4 5 21 74821 0.9906726152971573
6 18 20 10 84556 1.097472533804364
5 3 18 25 111663 1.079042099346466
9 21 7 9 51488 1.0147679554294518
29 29 8 3 127016 1.076256780372397
3 6 6 27 94226 1.0121652403363985
9 5 15 14 40783 1.061130650540699
24 23 13 21 40855 0.9112217713020868
6 13 28 29 104179 1.0141254798544879
25 9 24 20 35575 0.910018137242538
7 20 18 18 49523 0.9030304965026554
16 13 11 2 56473 0.947995738177641
26 19 13 21 46449 1.0770784149110852
16 16 22 5 52829 0.9047777440546615
5 4 27 7 72771 1.0820482253238017
20 16 5 17 79286 1.0825216435035285
9 22 24 27 46599 1.0037603500597894
1 10 2 21 49881 0.9567130166864812
8 12 17 1 66120 1.0299006003161009
11 15 4 7 60950 0.9744100177840824
27 15 0 21 88646 1.0618798146983845
18 13 16 21 40669 1.0565215964447747
