3098 3974 3591 3390 3469 3624 3802 4132 3861 4210 4024 4059 3684 4273 4259 3512 3634 4080 3752 3918 4347 3616 4200 3878 7756 6816 7014 7293 7882
6424 5583 6453 6084 6559 5934 5939 5892 5936 6354 5948 5909 6609 4416 4799 5103 5021 4002 4326 4456 4777 5065 4832 4183 4412 4564 4003 4135 4586
2566 3243 3256 2967 2511 2495 2994 2310 2193 2463 3250 2851 2176 2462 2596 3235 3072 5265 4922 5502 5568 5404 4714 5162 5804 5623 5316 4492 5079
4976 4567 3878 3876 4041 4808 3995 4645 4334 4733 4341 4294 4243 4661 5012 4159 4416 4301 4216 3779 4104 4744 4019 4430 5697 5277 5412 4823 5947
6444 5779 6111 5650 5862 5695 5590 7406 7464 7154 7916 7730 8186 8253 8077 8144 7880 8361 8286 7159 7393 8043 7376 8171 7670 7233 7218 8213 8397
3783 4118 3936 3995 4303 3485 3749 4141 3839 3395 4481 4365 4196 3572 3556 4131 4371 3190 3937 3514 3639 4044 3490 3976 5071 4899 5122 5675 4474
5035 5441 5793 5233 5976 3334 2674 3816 3502 3952 2881 2880 3723 3566 2730 3371 3051 3489 3263 3107 2649 2947 3110 2664 3835 3158 3747 2890 2742
2712 3855 2830 3759 3584 3506 3009 3498 3678 2984 3372 3031 3270 3342 3729 3174 8620 7347 7393 7641 7820 8104 8025 7442 7391 8508 8306 7497 8600
1609 6990 7099 6937 7803 6603 6592 7681 7207 7322 7475 7194 6623 6660 7642 6876 7261 7756 6932 6564 7042 6992 7411 7692 7740 7354 6596 7004 6652
4368 3681 4296 4601 3509 4495 4141 4285 3633 4104 4043 4216 6213 6139 6926 5909 6118 5959 5822 6453 5741 6300 6845 6269 5825 6124 6577 6810 5774
4601 4503 4927 5063 4280 5053 3746 4748 4491 4560 4402 4170 4726 4949 4804 4454 4781 4254 4291 4047 4370 4409 4157 3830 4366 4237 2253 2576 3082
7568 7497 7871 7454 7271 7547 6984 7514 7834 7052 7982 7181 7811 5037 5142 4203 5267 4109 4232 4754 4678 4460 4897 4170 5160 4171 4930 4695 4987
7607 6418 6450 6823 6529 6410 7503 6814 6613 6700 6546 7072 7484 7542 6654 7052 6692 7196 7044 7119 7367 6579 7138 7651 7554 6738 6844 7025 6893
2574 2893 2648 3083 2518 6660 6755 6852 7213 6585 6377 7323 7089 6821 7675 6639 7353 7069 7419 7100 6443 7259 7644 6980 7509 6740 7192 6379 7451
6016 6651 6446 6498 5658 6037 6432 5840 6512 6175 6041 6579 5504 6371 6201 5805 6745 5481 6664 5831 6463 6409 6131 6735 6467 3171 3359 3033 3588
6106 5529 5965 5916 6102 6508 5576 5312 6502 6285 5253 5318 6170 6229 6205 5762 5395 5318 5785 5368 6091 5454 6051 6359 5731 5759 6317 4325 5131
4325 3729 3479 4040 4296 3244 4010 3290 3813 3578 3995 6912 7463 7134 7607 7572 7208 7633 7571 7010 6931 6695 7213 7481 6815 7011 7220 6996 6699
7809 8175 7723 7663 8328 8448 7043 6964 7752 6690 6738 6679 6809 6593 6575 7488 7788 7743 7268 7612 6486 6625 7224 7790 6684 7762 6644 7125 7224
4715 4103 3842 4673 4849 4268 4020 4773 4416 4759 4787 4626 4201 4500 2557 2339 1410 2172 1903 2396 2515 1911 2517 2361 1561 1580 2394 1914 1605
6233 5349 5971 5572 5515 5538 5943 5005 5965 5369 5720 5526 6111 5213 2468 2566 2422 2515 2503 2036 1606 1776 1759 1490 1476 2111 2231 1862 1860
3635 3389 2821 3203 3075 2957 2079 2596 2931 1747 2620 2831 2909 2856 1742 2598 2984 3001 1872 2906 2465 2177 2468 1838 2405 2339 2436 2492 2420
3923 3876 3730 3291 3885 3472 3668 3794 3619 5894 6211 6583 6504 6169 5866 6177 6290 6779 6909 6435 6037 5791 6001 6870 6068 6471 6385 6237 6403
7959 7720 7882 8644 7563 7814 8754 8130 7752 7599 8756 8151 8190 8432 8309 7983 7645 6733 7501 6730 6976 7356 6504 7496 7025 7110 7207 7053 7157
4426 4644 4070 3557 3738 4135 4301 4123 4298 3884 3524 3670 3601 4423 3641 4451 3581 3841 4228 3395 4044 4454 4184 3781 4242 4634 4002 4385 4182
5687 6320 6542 6611 6253 5955 5826 5469 5617 6115 6496 6040 6179 6159 5520 5925 5945 6550 6095 7805 8349 7646 7993 7770 7956 7261 7330 8178 8354
6157 6913 6693 6620 6308 6096 6809 6762 6053 6794 4837 5264 4741 5537 5890 5876 5345 5584 5246 5039 5901 5518 5221 5596 5865 5677 5734 5379 4871
3563 3291 3237 4181 3590 3724 3524 3719 3355 4147 3600 3904 4194 3471 3683 3956 3832 3458 3439 3645 4325 3124 3126 3691 4293 4107 3769 3497 3520
1534 1492 2077 1562 2502 1923 2385 1510 1355 2112 1783 2080 2024 1729 2003 2534 1485 2536 2687 2713 2689 2271 1707 2913 2327 2106 2575 1943 2358
3907 3072 2608 3581 3277 3883 3042 3932 2964 2751 2690 3380 2655 3845 3692 2843 3278 2900 3727 3179 2770 2807 3651 3710 3884 3389 3543 6582 6011
3773 3988 2989 2928 4129 3182 3847 2882 3214 2874 3746 4010 3982 5961 5141 5680 5213 5537 5039 5315 5022 4789 4678 5665 5614 5126 5204 5608 4811
6201 6312 5838 3118 4752 3177 7625 2218 4459 6225 2792 6894 4655 6665 2958 1623 8386 2021 6235 3161 2582 4948 1599 7497 8435 2339 1944 4568 5278 6148
6259 5146 5919 2230 4435 2965 7774 2593 4327 6067 3153 6980 4099 7330 3139 1624 7434 2648 5225 3472 3590 4585 2127 6552 8620 2975 2319 4968 4362 5992
5996 5505 5988 3337 4241 2464 7874 1623 4709 5088 2569 7077 4403 6350 3048 1364 7977 3123 6068 3397 3771 4964 2016 3168 7461 2781 2225 4526 5146 7175
6187 5732 5387 5543 5163 2433 8264 1839 4844 6059 2447 7419 4544 6718 2844 2100 7905 2654 5210 3387 2938 4527 1604 2708 8137 3452 2487 4384 5203 6248
6174 5575 5549 5804 5119 2635 7788 1748 3977 5224 2462 7317 3496 7328 2612 1706 8042 2211 5730 3504 2922 5039 1870 3380 8020 2943 3057 5190 4391 6436
6483 5969 5332 6435 4448 2403 7566 2613 4037 5853 2569 6808 4489 7075 2703 2045 8267 1991 6195 3615 3416 5123 1450 3338 7892 2703 2181 4313 4299 6239
6546 6070 5684 6193 4517 3623 7972 1649 4347 5540 3364 6726 3842 6967 2565 1404 8435 3079 6154 3465 3566 5494 2058 3485 8620 2482 2974 4892 4790 3271
6522 5204 5722 6591 5182 2518 8072 2679 4429 5154 3366 7668 4002 6827 2425 2340 7231 2121 6133 3532 3618 5123 1752 2880 7459 3106 2408 5025 4213 2143
6282 5949 5382 5578 5173 3102 8145 2125 3943 5998 2472 7220 4213 7343 2154 2355 7786 3190 5715 3822 2929 5267 2421 3915 8128 3124 2519 4731 4549 2536
5956 5705 3903 5579 5302 3388 8202 1757 4078 5592 2546 7584 3579 6752 2013 1897 7507 2171 6004 3747 3173 5008 2698 2888 8352 2227 2164 4515 4539 3278
6482 4992 4138 5335 5300 3494 7627 2089 4717 5101 2496 7161 3691 6666 2955 2222 8380 2413 5183 3354 3454 4366 1415 3705 7564 2623 2119 5161 4747 3258
6453 4593 3848 6219 8415 2888 8555 1895 4480 6205 3200 7429 3955 6154 2755 1759 7349 3207 5967 2726 3450 5517 1780 3613 7487 2674 2251 5406 5209 3244
6731 5195 3257 6021 8158 2750 8808 2709 4719 5454 2958 6439 4534 6263 3261 2263 8456 2195 5718 3384 2823 4802 1624 3320 7574 2854 2333 4246 2999 3048
6382 4794 3615 6454 8807 3615 1817 2486 4313 6076 2826 6468 4090 6642 3290 2133 7420 3297 6508 2837 1524 7989 2026 2778 8024 2335 2489 4748 3384 2548
5908 5123 3660 6249 8270 3588 2523 1897 5016 6180 2738 6885 3781 6189 2320 1418 8495 2151 6475 2875 2351 7967 1623 3233 7316 2291 2498 5530 4103 2226
6113 4573 3450 5363 8842 3568 1463 2050 4518 5590 2165 5545 7653 7146 2329 1675 8011 2829 6169 6790 2363 7749 1496 2821 8491 2946 2357 5021 3752 2598
3735 4499 3832 5727 8352 3668 1763 1562 4457 6219 3172 5204 7419 7384 2063 2029 8025 2952 5226 7478 2477 7692 1960 2756 8121 3501 2505 4509 4002 2326
4081 5372 3256 5893 8292 3289 2391 1576 3761 6353 2482 4634 6974 7399 6325 2446 8031 3219 6358 7063 2506 8888 1820 2997 7789 3215 2751 5083 3749 2781
4600 4185 3867 6624 8760 2879 1573 2613 4721 5907 2877 5346 6648 6155 5080 1384 7293 3064 6363 6576 2081 8760 1990 2971 7672 2636 2210 4318 3906 2001
3523 4906 3858 6508 8669 2849 2100 2249 3934 5397 2211 4783 7731 6173 6019 2606 7786 1982 5317 6354 1915 7942 2208 3270 7890 2489 2323 4909 3074 3264
3693 4255 3223 6582 8566 3398 1463 2443 4691 6069 2625 4940 7071 6701 5409 1998 7991 2817 5918 6660 1520 7676 1833 3293 7473 2834 2027 5552 4078 3247
3526 5314 3302 5485 8786 2677 1390 2512 2889 5394 2260 4381 7250 7277 5926 2472 7606 2357 6164 6945 1550 7839 2044 3775 7403 2648 2177 4630 4290 2721
3833 5132 3894 6135 8171 2759 1262 2190 2163 5083 3232 4342 6655 6905 5697 2125 8221 2891 5652 6490 1857 8094 2410 2985 7482 3321 4637 5469 3008 3228
3750 4365 3843 5677 7915 2390 2200 1631 3183 4948 2596 5101 7096 7409 5716 1339 7353 2401 5407 7370 1616 8110 1950 3712 8424 2245 4589 4817 3131 2323
3300 4312 3333 6130 8842 3444 1353 1613 2494 5150 2809 4248 6596 7416 6279 1497 8246 4040 8274 7337 2070 8412 1471 2670 7925 2659 4051 4882 3656 2872
4482 5150 3672 6575 8752 3116 2348 2097 2736 5732 2189 4547 7575 5707 5900 2612 7191 3867 7230 6418 2215 8450 1544 2755 5533 2546 4479 4317 3508 3095
4019 4119 4080 5522 8143 2620 2427 2815 2772 5868 2267 4468 6748 6245 5752 2072 4833 4065 7603 6718 2320 8348 1919 3205 5475 2317 3552 5246 3466 3006
3912 5281 4208 5515 8356 3742 1973 6192 2348 5084 2000 4882 7194 5756 5455 3910 3716 3642 7497 6518 1886 7807 2156 3429 6029 2442 4669 5160 3737 2737
3752 4058 3917 5650 8585 2933 1639 5646 2840 4930 2479 4612 7527 5716 5273 2841 4742 3893 7976 6712 1702 8701 2365 2934 5448 3146 3487 4796 4170 2798
4 18 21 15 47262 1.0769963221459413
14 7 2 8 27522 1.0791215113585506
5 17 23 2 78270 1.0510214535748148
1 12 8 25 55622 0.9175626725600574
25 18 3 14 63248 0.9562178758100506
18 12 8 11 43943 0.9225332190896083
21 28 29 5 71576 0.9230757688164105
13 11 8 28 91187 0.9175833162780577
20 24 11 27 31224 1.0349922268464993
8 2 27 13 74759 1.0522843911260824
15 1 11 29 104838 1.0095374942945528
18 1 13 12 60181 0.9273727218141813
4 9 17 12 55197 0.9495088754724774
22 1 6 29 110235 0.9604385900467289
12 23 10 7 75600 0.9756850361726177
10 5 17 0 39895 1.0012948269054869
16 16 27 6 47133 0.9742659623775299
26 19 22 28 41265 1.0020156782929648
29 21 20 7 50462 0.9960466819132954
6 10 22 21 63983 0.9588844794478117
16 12 25 26 67823 0.9717621540923704
8 16 18 24 46597 1.0619970405679517
21 19 13 22 24167 1.0568910860669662
7 27 12 9 82211 1.095193620539784
22 13 12 23 54899 1.0622414322267553
8 15 9 5 41379 1.0480944560267471
1 9 16 12 57615 1.0494354106415456
23 16 3 18 56556 0.9620796703245823
23 17 8 11 59996 1.0605271901180677
7 14 14 23 48915 1.0744692591206428
25 7 29 19 40366 1.0963718925880637
2 11 11 8 35714 0.9576576113670525
13 13 14 0 74948 0.9650856493674386
18 5 23 23 58726 1.0149274350592226
28 19 16 20 27192 0.9877100293423826
15 11 19 21 43979 0.9568314702033267
27 18 0 15 59063 0.959737780532886
5 13 29 2 84221 1.0505055519230229
28 1 22 7 27568 0.9424605713405068
20 19 24 7 39463 1.0909670568863559
0 26 20 22 53851 0.9989572316295918
10 26 26 13 65155 0.959741058048442
12 8 5 13 44442 1.0735031796993377
29 21 9 13 64875 0.9743270400046367
23 21 3 15 52979 1.0783698822597678
28 10 4 7 55975 0.9023592217168606
15 0 5 3 58470 0.9511797447752421
0 24 3 6 64103 1.0375781228138905
8 20 0 18 34021 0.9261742018762297
0 12 18 11 62503 0.9667223900500316
23 4 8 6 45667 0.9555723749204295
2 8 10 19 50734 1.0074741081239182
16 27 8 14 59567 1.0086966915751465
9 2 27 12 67353 0.9107111560983661
28 9 5 3 68168 1.0848745656905132
13 4 5 22 78645 0.9940660531865617
5 20 15 15 36845 1.0099889936351212
5 2 8 23 79047 1.0561291071593373
19 2 1 3 68349 0.9316824698833865
20 12 15 18 29564 0.9945962576872025
3 19 27 3 86809 0.900554135885032
23 3 8 19 83140 0.9992136279962256
10 19 10 2 77699 1.0182059147194702
9 23 14 15 43003 1.086008805878811
26 24 10 4 88644 0.9641262159499878
25 0 13 26 88513 0.9475146414440389
6 5 26 28 99193 1.016808398607238
14 14 29 27 65948 0.9845853326160836
1 18 15 25 61016 1.048323581884032
4 28 16 0 122654 0.962179031544709
19 1 26 20 64050 0.918474231845056
7 27 23 18 61488 1.0815286188194755
17 2 22 28 85697 0.9659809807645453
29 2 0 18 96904 0.9144859174336154
22 24 14 1 93572 0.9996133466790417
5 3 23 24 98532 0.9528123653967018
10 13 19 3 65519 1.000529817613341
4 22 15 18 43415 1.0149153758841776
3 29 8 2 109269 0.9574010196923683
16 0 8 14 72410 0.9478191205304927
14 18 25 23 44792 0.9910261562980545
8 9 1 23 62062 1.0182671070197298
6 17 19 5 62470 1.086890563618853
26 5 6 9 52473 1.0487433402532866
16 13 21 18 35352 1.008001479706138
21 13 17 4 43972 1.0172289783965125
7 24 19 16 49874 0.9594369886981515
5 27 14 26 26560 1.0901720327992446
10 27 29 3 91729 1.0150606040248622
27 26 5 24 58011 0.9834325918340343
11 8 3 5 31154 0.9434137503731265
4 20 21 22 40638 1.0741100362152392
23 18 10 17 39215 0.9752408390219015
3 8 12 17 52518 1.0005304834100164
11 21 17 7 62095 0.9182607948736999
4 8 20 4 48178 1.0662739954792846
25 29 13 18 61647 0.9446351762527674
23 1 28 20 58324 0.9128363537073562
24 19 11 16 46490 0.9697367336231087
28 18 8 18 65432 1.0674773537669
26 23 25 8 40421 0.9157368863565476
29 10 22 14 30956 0.9566088522898436
20 10 5 19 56429 1.099202163368251
21 14 27 27 46526 0.9813670628106329
11 29 27 3 86929 0.9881516359233002
3 19 26 20 58339 0.9909021930582087
12 5 27 28 82950 0.9271954322557886
27 9 22 1 37884 1.0400538838603264
4 18 7 28 46179 1.001331290817406
5 28 29 1 114642 0.903602117640597
10 6 0 29 104400 0.9442942570227223
26 27 7 17 73022 0.981474644643941
3 10 21 9 54167 1.0458656050060955
21 5 10 11 45815 1.0345489125105813
2 4 26 20 84501 1.097531681778527
29 13 21 3 45207 0.9708027941800248
4 2 18 16 77365 1.056249814496355
14 25 1 19 54399 1.085752802324568
22 14 15 5 46543 1.0889634525136644
11 23 18 29 31158 1.0661556210051868
11 0 23 26 105395 1.0953718347412158
0 8 20 13 61736 1.0509481685736122
20 20 8 5 68214 1.0643499583386995
24 27 27 4 63894 0.9013797873222837
20 8 19 19 30218 0.9525754113278696
20 23 7 5 74905 0.9311254222100143
10 0 13 27 116070 0.996867715533005
9 2 21 28 100216 0.9057013300938705
18 3 12 25 81991 1.073206323317463
19 2 10 19 75940 0.9580134234829101
5 19 26 15 55514 1.0138505702701757
27 18 13 19 40865 1.0400089398885757
10 29 25 25 47626 1.0993601807631461
3 29 10 25 38004 0.987157568910098
0 25 14 5 102881 1.035048567290218
8 7 20 0 46167 1.017453368041108
18 5 3 23 80504 1.0920848437142836
7 19 17 26 45611 0.9565988420419669
11 24 6 2 91348 0.9208743596224875
29 4 2 27 111000 0.9940783607652011
28 23 13 15 45899 1.0911247437204916
4 20 28 27 68297 0.9347408162505605
27 14 28 4 23920 1.088229246166215
9 24 22 10 63537 0.990500228009797
0 21 11 17 42711 0.9581978676929064
1 1 9 22 78236 0.9960101825106892
8 17 5 25 32967 0.932981651217191
24 3 2 22 91782 0.9094956156075589
5 10 8 22 44036 1.0833330275935844
7 0 14 22 89214 0.927495039660967
14 15 4 24 54741 1.028357311360548
27 1 6 19 81757 0.9432462976725942
26 26 10 24 51295 0.9926917142303121
13 26 29 12 71127 0.9605294938464011
24 27 8 29 55221 1.0570929823075663
0 6 20 3 57086 0.948554136747238
23 13 18 20 28869 1.0745419020530562
29 23 10 1 98694 1.085426227888822
14 14 28 3 60357 1.0297192793631442
4 11 19 15 49752 0.9459411187592751
26 12 19 4 40897 1.0374946902506754
6 13 26 16 50226 0.9183876031529095
21 14 12 2 57774 1.0248353466308433
20 23 7 26 36846 0.9312637959740653
22 21 7 0 94581 1.0822612849824422
27 7 10 0 63714 0.9871192404677863
23 5 17 11 31911 0.9105593461862473
17 28 11 18 46529 0.9383657890168692
24 19 27 8 39451 0.9055498006617629
17 2 23 24 77603 1.0235046793884675
22 25 29 28 27619 1.0337993334444828
15 27 26 5 74795 0.9090402623920928
28 20 25 29 28876 0.9763759894247636
16 9 28 14 45369 1.0220344222681925
26 5 27 21 36168 0.9930958081483194
9 21 21 2 78968 1.0755297954785283
25 19 22 7 46341 1.0503005393647291
1 5 29 19 96178 1.0914458773908589
25 5 3 5 58658 1.0928580406551098
28 0 0 16 88003 1.0389302674158278
11 4 5 12 48109 1.0650941866183934
8 17 29 4 76550 0.9392438729083891
21 13 14 9 36881 1.0679838936691461
11 15 6 23 35205 0.9362881837574106
28 15 15 24 53750 1.0868871409475387
2 6 15 17 59458 1.025667325438138
22 22 6 25 40357 1.093959300721502
29 12 1 25 96743 0.9793577444066958
23 12 15 20 39816 0.9938394711495698
1 20 16 22 37802 0.9251621656860823
8 16 13 25 54497 1.0154207994842779
10 4 21 25 81985 0.9327015737452967
13 21 12 0 94922 0.9152678625101097
2 26 27 9 89511 0.9741152864336899
7 9 4 29 77622 0.9550642306450944
26 4 8 29 97483 0.9147542984420509
4 11 25 15 61789 0.9550150987419206
2 23 13 26 39019 1.0813593549949283
25 18 17 27 40613 1.0332647716833319
4 17 10 0 76480 1.0331162459633416
17 2 28 24 78222 0.9331156535526504
12 28 0 16 71354 0.9150013637977916
15 7 5 12 40806 0.9868282475812462
17 10 23 20 38816 1.0620672036366632
19 25 6 12 54368 1.0595608016726517
24 4 0 14 79933 1.011652140395494
27 13 27 24 25267 1.046457650436507
13 20 23 5 55992 0.9008270523197451
11 4 8 22 78935 0.9149598793920514
7 24 15 3 100743 1.0439896608704526
19 27 23 14 37303 1.0272415805906219
7 28 12 6 92427 0.9767098786484836
8 12 18 7 42515 1.041209661335687
17 13 22 21 38718 1.0933503154848552
5 27 21 13 72678 1.0438497012855785
24 15 6 10 51645 0.96119706963098
11 9 21 5 41399 0.9349912139898366
26 10 21 23 46140 0.9414479740434663
10 19 13 27 43311 1.0708705519444188
1 22 26 1 94786 0.9785737244527222
14 17 7 11 40311 0.9773991305218507
9 26 20 1 85878 1.0946676524989238
11 15 26 9 47861 1.0520879798235991
10 0 5 9 49790 0.9546832731360497
9 29 27 7 84429 1.097381858673277
29 28 0 18 87819 1.0954736696401999
23 10 29 25 48930 0.9020069423007006
4 10 14 22 58462 0.9950031758126936
22 6 16 25 56955 0.93477452453121
3 19 21 23 50183 1.0269429410998123
11 24 7 4 79695 1.0407904535119543
4 2 17 19 89913 1.0614781351247256
16 3 1 14 65593 0.9183249501525188
17 9 1 26 92198 0.9323400044591554
9 5 14 16 59813 1.0081476758131414
17 5 3 26 95342 1.0546285144627612
3 1 8 16 60885 0.9508023679578788
25 11 0 18 80482 1.099438430201177
21 25 11 13 49633 1.0166055301321693
25 12 7 4 68683 1.0302041182661408
23 9 18 25 50034 0.9889702271855398
23 15 8 20 47855 1.070003305863795
18 20 14 0 76909 0.9947008881248769
12 7 2 29 98334 0.9542384903121093
11 10 21 12 37151 0.9496908912661158
16 8 10 16 51279 0.9983927707648602
26 2 19 17 50804 0.9374755992653018
28 29 8 10 92375 1.0804059663868644
15 10 4 3 56695 0.9224583381619867
26 6 14 15 43885 0.9468535557938045
19 10 25 24 53697 0.9198044712263282
27 7 13 17 50898 1.0643823172115245
3 10 1 22 47485 1.0493778312949869
19 21 8 7 61464 1.0352628686924261
24 29 20 6 67883 1.0634418524819356
14 19 3 13 52208 1.0271993684131575
23 3 9 0 63222 0.9671263453248304
16 24 0 2 101760 1.0000664664958059
29 0 11 11 73161 0.9349792290326272
25 27 13 5 87320 1.033354694032959
13 4 28 23 74283 0.958365227458485
16 14 21 1 56401 1.007887255362778
15 7 25 5 25893 1.0229267217466445
2 13 24 0 86916 0.9934848561000075
19 7 6 18 60323 1.0186440876751033
6 12 27 20 61324 1.0586265690150087
28 29 28 16 36763 0.9398045231489043
19 7 29 26 65326 0.9329964168767079
18 18 2 8 55068 0.9315362761649099
14 16 18 23 30536 0.925030099690691
24 7 24 20 39681 0.9236412874498666
12 19 20 10 48331 0.9516738804994178
23 2 22 18 59415 0.9940895097094125
4 26 22 4 96800 1.0406763931735754
26 17 8 1 90823 0.9125340922998849
7 8 25 12 62082 1.073979661166221
1 3 24 5 63075 1.0337743752253812
28 21 8 6 78108 1.0241673534533526
1 26 27 25 66912 1.0627210197667818
7 7 0 11 26407 1.0115027155122862
28 16 11 5 61602 1.0817303430288738
10 24 6 11 51692 1.0247246233246412
17 3 11 11 53867 1.020606402183937
12 9 23 15 47682 0.9070255878687821
18 22 29 3 63222 0.918383856184816
11 16 25 19 45794 1.0288541066205614
21 19 22 4 54601 0.9127470602723625
19 14 17 0 57872 1.0319944240831582
20 11 12 2 43769 1.0920635324828976
16 6 4 28 99541 0.9893450408054255
27 16 14 15 28207 1.0677702916225036
27 3 27 20 34923 0.9045450336413368
28 15 8 21 62155 0.9921984254056393
13 3 11 15 62604 0.9522177546599446
16 8 28 12 39638 1.0733671504766684
8 25 14 17 50051 1.0480290292089494
24 5 4 15 64633 1.0271695665163216
1 17 23 13 58760 1.033674539373339
0 25 27 27 76503 0.9053825668914883
17 28 0 6 90792 0.956460672694548
9 16 26 13 46938 1.050135471057314
28 0 0 12 87677 0.9214039912823787
25 23 7 9 75085 1.0976841030282332
14 8 25 14 53340 0.963272491085057
29 3 26 14 34581 0.9779361363792841
15 11 0 23 78456 1.093539776709413
1 20 14 23 40814 1.0594548403723536
0 12 27 25 84628 1.069785744149924
4 13 29 17 69898 1.0829859405855908
14 18 24 9 54157 0.9962212782883776
19 28 10 6 74033 0.9734969483305353
3 5 29 5 64131 0.9721733191562009
4 3 26 29 117596 0.9610340159834443
0 28 14 23 60357 1.0992678269247111
8 8 23 16 62389 0.9111646308096988
24 16 8 22 49682 1.0768212713809866
4 24 28 13 81042 0.992311951308637
12 18 17 27 48129 0.9900794509486168
3 3 18 15 65761 1.0553584542575634
7 21 22 9 72797 0.9933254323040412
14 15 18 26 30233 0.9249625109194242
6 5 0 22 64238 1.0617636013075988
9 7 21 13 45218 0.9900435567654128
9 21 15 0 100742 0.9091351655832279
26 15 6 17 46396 0.997767790792726
19 5 11 19 63641 1.0886927336452348
24 17 1 5 78731 0.9663777069762091
12 15 9 22 37285 0.935400224594038
16 8 3 2 49900 0.9744542075404667
13 18 19 6 53667 1.0453504617426854
6 14 27 9 56507 1.0564096211357359
5 3 13 21 86643 1.0385652533791758
18 11 19 26 38403 0.9457086775194039
28 26 7 26 57500 0.9180727000183162
15 5 2 15 59494 0.959519790687824
12 10 26 5 44522 0.9105942762962825
5 24 25 14 65546 1.0083089250072976
0 17 0 2 50600 0.9517169743728193
8 6 18 17 59571 0.9767728020292201
4 0 23 22 107850 1.0067113636490919
17 1 7 29 113393 1.0227512019704181
24 26 7 18 65372 0.9635503560134768
5 6 23 28 98415 0.984108080843616
23 6 10 6 31066 1.0982351731723021
26 15 11 2 67140 0.9268697272330739
17 20 18 29 20864 0.9042901937783755
20 28 24 4 71185 0.9346088966039152
28 6 13 26 70895 1.0312917296881112
6 3 16 26 96129 0.923524329002472
5 15 8 22 27732 1.094556916903758
8 1 29 21 103304 1.0166235749990469
17 7 5 22 69429 1.0887774422953143
25 1 3 23 99812 0.9624289943269703
5 10 17 20 55016 0.9327324228937464
14 13 18 27 45199 0.9969880440025624
24 15 15 19 34858 0.9338260554528713
29 15 11 26 63276 1.028413187879809
1 13 9 6 40990 1.050366180368806
26 13 15 17 35936 0.9802066198218005
21 11 3 0 78021 0.9579606891906027
29 13 6 18 67161 0.9166276495796537
13 7 29 18 61421 1.07508943958373
15 22 8 14 44838 0.9987787512540245
24 25 5 26 49302 1.0664866339093884
1 8 15 6 39322 1.0191926013857435
2 14 11 29 65689 1.0006779418615546
0 25 14 7 90758 0.9806650386360551
5 22 10 27 26535 1.0071349247330441
20 20 1 12 56705 0.9803909857510836
1 28 3 4 90005 1.0438487595597175
21 21 20 10 33876 1.0879530071764725
12 29 0 27 45318 0.9817345427764694
3 18 19 24 49679 0.9733665135394761
11 2 6 13 54985 1.0889571497576616
24 27 0 25 70733 1.0324899926186943
29 27 4 4 114173 0.9324503516948721
6 8 23 28 88237 0.9324200583461557
9 27 20 26 30604 1.0267413428539776
29 17 1 8 83133 1.0385834752384568
26 16 2 21 67506 1.082076729736582
25 11 1 10 70432 0.957469694790865
27 2 1 2 79395 1.0501501612235273
20 15 24 26 40483 1.098614679891217
10 5 17 1 36334 1.0273927364928364
8 13 4 4 45217 0.9153390340790715
9 5 17 7 25081 1.0590671373153013
24 1 21 17 59334 1.0258754171364384
29 8 26 17 26358 0.977011853556733
15 10 29 18 57071 0.946320438029814
2 27 12 25 34295 1.0735311482507606
12 16 27 23 51785 1.0077545515303692
12 9 2 11 37441 0.9380780754529484
4 22 8 12 40944 0.9832440699537246
23 15 26 0 39610 1.0925843729909435
11 12 9 21 48911 0.9702738493274324
1 25 28 23 67672 1.0093076132212697
4 27 20 26 46357 1.0350583375182771
19 4 2 28 107466 0.9203358403740615
23 16 26 28 45263 0.997482979110864
17 25 18 12 35558 1.0369230272015162
26 28 15 3 88146 1.0294119982343013
28 17 12 6 59523 0.9330025872610161
25 1 19 25 70931 0.9125234922328284
23 25 21 1 74983 0.9818411008427629
28 27 2 1 116306 0.9949103978021723
4 28 9 16 58057 1.0760215836086513
0 11 12 4 54678 1.0317663857765549
21 9 4 17 59329 0.9714054446429317
13 2 16 23 77756 0.9439006895160443
8 22 23 26 38853 1.0203168565251932
10 12 24 9 52525 1.06848998169222
2 15 1 5 28755 1.0618408299229776
3 8 5 17 36372 1.005398800732069
21 24 12 0 92830 1.0846750486810146
23 24 4 3 103447 1.0253372108968166
29 17 25 0 48126 1.092884753736679
22 2 0 18 90511 0.9937542947972724
14 22 24 18 32143 0.9788913235105922
18 17 5 28 57273 0.9469165857845595
0 17 18 21 54284 1.0440924811420327
8 12 22 1 73925 0.9040138061658382
23 27 16 2 85093 1.0305975982681237
24 11 5 2 73997 1.0788928068976642
13 22 26 22 24375 1.0340416511094768
23 15 16 5 39977 1.0116646435661765
2 10 28 26 88331 1.03421730587822
26 29 15 22 40805 1.0790931503186167
8 27 13 2 107671 0.9747196860506607
2 12 27 11 64331 1.0094666733919215
27 14 14 24 54158 1.079973712863007
20 5 18 19 37082 0.9575147580424483
18 16 19 0 51243 1.0626323722327438
3 21 1 0 72422 0.9709099707523664
25 11 28 22 35922 1.0858375908646432
15 8 29 2 46073 0.9906757237754127
17 28 7 16 56433 0.9781310792600144
19 28 3 24 48965 0.9591299360947425
26 28 16 8 75139 1.0326809024750465
29 18 21 8 46414 1.0295291204368184
10 7 25 3 49897 0.9584090719728784
16 2 4 21 94796 0.9855660675093005
4 16 17 19 50723 0.9584645152256654
22 26 15 11 59118 0.9851603051602533
19 6 2 12 50957 0.9845099131337595
26 18 22 7 36484 0.9868649458868362
29 6 6 22 75656 0.9764079500097755
4 22 11 6 69139 0.9185440721255522
12 5 20 25 70065 1.0502158448490908
15 19 5 19 33357 1.0398957718613113
16 6 6 13 46100 1.0468845525865125
4 25 28 0 102301 1.0118497621721452
15 9 25 20 54124 1.0573050026828918
22 26 10 29 35951 1.0653614417223216
4 26 4 12 56579 1.0724064320151818
25 19 3 27 69516 0.9031501925262433
5 11 12 16 36595 0.9152105899721704
6 24 18 13 50150 1.0625355232335858
24 10 20 1 35511 1.025920601255201
17 1 4 24 109367 0.9649314904827088
3 25 25 16 75323 1.090874748336142
20 17 24 6 34208 0.9539415633510513
8 9 8 21 55833 0.9289669619160714
17 7 28 29 71916 0.9940071755632044
13 25 3 26 29608 0.9476467844871597
6 22 0 10 48372 0.9226515691308811
0 2 17 18 83642 1.0590635364368575
6 21 28 0 89993 1.0802435185120447
26 2 4 16 83066 0.9839540969047875
0 26 27 29 75251 1.0501179932187625
25 5 21 20 48223 0.9483640596710506
25 15 0 15 47824 1.0278903257526424
20 23 28 20 22144 0.9606293840902451
10 17 23 24 50657 1.0844794851743154
28 19 14 15 39961 0.985553390915009
17 0 4 3 69031 1.0676167056127528
6 5 22 23 83115 1.0719849789404534
14 5 1 11 53402 1.0285523181056595
17 26 4 17 53100 1.043626853504458
7 13 13 27 67079 1.0236526400506172
15 4 29 10 45025 1.0538913992688062
18 20 0 6 70290 0.9495127248147179
7 11 14 2 49888 0.9096052822843556
9 18 17 25 45793 0.9228022612750751
19 2 28 18 55899 1.090859129288499
18 12 14 18 31639 1.0257508126496806
1 27 26 1 114758 1.0182554132791641
10 28 3 3 91358 1.0736926183255782
4 24 21 14 64951 1.0669941546889108
7 4 19 15 60624 0.9690172438154825
17 17 7 12 39846 0.9914518617880779
10 0 27 21 92954 1.0266457304314331
0 23 19 8 77745 0.9527460031310735
14 24 14 0 101100 1.0554633335187884
0 7 17 0 64828 1.0246817037854727
10 3 22 17 70256 0.9376602773794362
1 11 28 9 75349 0.9835844302447481
20 28 15 15 35836 1.006020612090584
17 14 26 19 37571 0.9624831571269322
1 26 5 7 75083 0.9584387639229696
12 15 23 23 40326 1.0983419543272757
7 9 20 29 74001 1.0928454377000378
2 25 10 1 104620 1.078501772690039
19 7 24 24 62437 1.0455791156005148
29 15 14 26 56203 0.9269240958793248
26 29 27 9 47581 1.0327801114763533
27 16 13 4 54766 1.0783371151966652
9 0 14 15 74463 0.9442458300141436
6 11 25 25 73444 1.075184233775415
29 6 28 29 56174 0.9242256097833007
10 6 20 17 50686 0.9553282708412654
26 1 5 24 94635 1.0082234319019678
17 28 7 3 94021 0.9089488707561247
27 24 14 15 43250 0.9065222230600608
9 3 23 27 99757 1.066220919284336
3 28 11 6 96546 1.0117730726807561
20 15 0 21 55591 0.9478747697301837
29 27 14 9 86925 1.0958719559604715
4 22 0 28 37154 1.0589148331372331
8 4 23 11 59116 0.914687911463049
3 23 23 16 57670 1.0101131459086936
12 20 18 3 68028 0.9269702870163701
7 29 18 23 40673 1.0944409682076341
27 26 13 11 77172 1.0290373106554946
20 2 1 13 73867 0.9407778189028598
26 2 24 16 41231 0.9675004407303619
9 24 24 25 46664 0.9594455664785315
13 9 5 23 68588 1.0901940226319733
3 21 25 21 51765 1.0907997597882828
2 21 25 22 48923 0.9308684258750612
15 27 0 4 103152 1.0345194148197578
29 24 6 5 95891 1.0525243734242822
16 12 3 11 50857 0.9907837814492413
19 14 26 9 35222 0.9503574700801096
18 22 8 0 91443 0.9459032333765683
2 0 13 7 42758 1.0919385497070717
5 20 10 8 54637 1.0878289844680629
12 11 1 8 43020 0.975809513258676
1 25 28 14 85015 0.9240107428251438
20 26 2 19 54770 1.092239192174849
22 13 2 27 87918 0.9167683987442629
6 10 19 3 57962 0.9577568474153595
6 6 3 27 77505 0.9288092714009921
9 28 20 27 35640 0.9096318635336317
8 2 1 17 61138 1.036291125993671
5 3 29 22 97378 1.0635436093898938
22 7 27 21 39586 1.071741668178272
1 27 23 22 62197 0.9938407149133843
18 18 22 12 31739 0.9172947694640297
1 14 12 26 62029 0.9370490314029356
0 13 22 26 71981 1.0318577674181229
0 19 11 26 47498 0.934804313150987
3 11 15 0 73846 0.9447488842587856
2 24 5 8 64276 0.9680582763007254
25 19 11 1 90544 1.0849146069712474
5 15 16 3 65630 1.0074552122725262
14 11 4 23 71225 1.0054297722319108
1 18 5 9 37165 1.0969641070564113
17 8 27 18 49848 0.9471693808488003
19 11 4 29 91043 1.0384633802102998
29 29 23 7 61131 0.96389840251656
16 4 8 12 50927 0.9846839159183709
21 5 26 29 67283 0.9022392575843076
24 22 14 27 32856 0.908554239559406
12 0 2 4 54656 1.0460550477882584
28 6 11 12 62771 1.044578692937039
18 14 4 8 56058 0.9498746697069407
16 1 13 14 64224 1.0755111666679797
27 15 3 16 52056 0.9476896221628587
7 0 19 11 65619 1.0367000028844815
19 7 3 13 56503 1.0208435179171
13 25 19 7 61844 1.094549015725757
8 25 11 14 51754 1.0210211195286545
22 24 26 13 47690 1.0690314756833446
19 0 4 10 70319 1.0758894549221603
14 7 12 21 67800 0.9937384767834219
25 9 29 26 54049 0.9435401563451822
17 11 21 25 46249 1.035131345872969
0 16 22 14 54684 1.0833295733905228
2 10 8 4 31719 0.9799004323539133
9 5 4 19 59487 0.9166908850205654
19 24 2 2 84612 1.046992451764488
4 26 29 11 90398 0.9295437938147441
11 13 20 29 55638 0.9374597839642875
12 15 20 18 23319 1.021337564144124
2 26 13 2 105643 1.0903004042245872
27 27 3 3 108451 0.9950898998659653
29 18 2 26 79767 0.9841496250319794
20 14 18 24 25256 0.9696939508057525
7 1 20 3 58339 1.0199954517846828
1 26 28 19 73209 0.9969928826284536
9 7 3 23 63932 1.0432070186036917
7 23 14 6 78606 1.0684694226509033
23 24 29 18 33751 0.9597435984069693
3 23 25 23 50743 1.0242908363778838
23 24 27 0 59835 0.9769361750069965
15 5 0 22 88925 1.0047458710514883
15 29 11 17 52384 1.0231511821471821
25 6 19 27 57046 1.0942963945538895
9 0 20 7 51974 0.997844442316617
28 25 24 2 62434 1.019267045969034
7 2 9 23 79949 1.036521970460186
13 27 22 5 74796 1.026987979265026
0 24 25 3 108872 1.0425969313347516
5 11 22 9 58407 0.9329631949187291
29 0 17 28 83133 1.0537851414190673
25 16 9 7 58422 0.9701453813302181
24 14 12 11 54387 1.064812074565102
28 10 22 22 37828 1.0429367950286839
15 12 6 5 50761 1.0469069517544214
29 3 1 9 76102 0.9860863429822955
26 17 18 20 25366 1.0810436675575825
29 0 24 10 33381 1.00039581374118
18 11 27 10 27853 0.9999136970254756
18 24 11 4 79024 1.0857930118347123
11 3 26 0 65683 1.0946748778808553
7 6 8 15 32253 1.0005856178899706
15 7 19 28 59211 0.9585773705122884
4 20 20 12 57414 1.0994036631772877
11 11 3 9 34437 1.0985039276525652
4 1 20 24 102135 1.0609283480558056
13 24 11 5 89663 1.0875177009796113
12 27 20 7 68664 0.9663073472627097
4 27 23 19 63505 0.9781784574456407
17 12 25 0 62374 1.0252047632717582
20 10 4 5 47656 0.9689488472457958
25 9 22 17 39312 1.0005157648080165
21 12 26 19 41306 1.0814671263679196
25 4 16 3 39479 0.9073863778602133
7 14 7 24 41047 0.977616112263376
24 24 23 4 68204 1.0919279837852447
2 24 5 2 86388 1.0751106474034102
1 29 17 23 62860 0.994405834658929
6 18 20 3 69388 1.0077405890994005
25 1 4 26 108874 0.9624118981794204
21 26 5 21 41343 1.0126621485245826
1 0 18 6 62608 0.9705750333587956
2 16 10 3 57711 0.9033890580705429
12 11 18 2 52704 0.9840947375020568
13 22 26 15 39604 0.9319073404159464
2 10 3 27 68331 0.9308878981711454
4 9 7 21 51392 0.9099798937817781
20 11 5 23 56587 0.9272029363453445
18 2 29 29 87584 1.0587335420690143
7 5 18 23 73119 1.0462402575617966
5 12 16 23 60058 0.9564839600981254
24 25 28 11 44102 0.9423086990418381
0 7 18 24 75792 0.9147248458198735
3 13 12 26 64603 1.0650504023346923
28 25 29 2 59474 1.012531738627163
1 25 17 24 51701 0.9783022678083286
24 12 1 16 67229 0.9780848842458123
9 2 26 25 99288 1.0310137636832486
19 18 28 13 33682 0.9630667412994466
4 23 18 17 41890 0.9425306592510839
18 22 10 28 32151 0.958834912775948
3 1 16 25 102007 0.9191639478364506
13 7 18 29 67233 1.057611461057745
10 29 25 0 103127 0.9938606234382731
16 18 6 0 94711 1.0622115303621216
6 28 26 27 65767 1.0963399606589574
15 7 17 21 53484 0.9230240244031864
20 3 9 21 72924 1.0921167151583833
11 19 16 8 64115 0.9760977297872365
19 3 20 16 40652 0.9709730738608258
17 6 25 28 72948 1.0536838171023355
14 4 1 1 58094 0.9340170352819811
21 21 2 15 52929 0.9016698255060793
6 6 9 19 53717 1.0623690753121688
11 29 20 3 82885 0.9345687120979251
23 29 24 12 68179 1.0786574472978028
3 14 5 1 49549 0.9168368322887185
26 8 6 4 57525 0.9919598184598284
17 17 13 26 34735 1.0811099303977985
22 14 9 17 44120 0.9080128120361886
0 0 24 3 87438 1.09982508896348
7 12 27 5 60695 0.965644899429251
11 13 24 28 68095 0.9763204831150378
1 24 18 13 62458 1.089579921211004
13 9 27 11 44817 1.063774317566562
10 14 7 21 36149 0.9218811172819924
3 8 11 24 71203 1.0910339406577763
3 3 13 7 36299 0.946417805076357
1 9 0 0 37548 1.0868198911579887
11 19 28 28 60398 1.0382679082452677
21 26 16 8 60171 0.994137952730326
27 21 27 5 33548 1.0976639730261746
26 29 11 16 67148 0.9882731649681313
27 22 5 12 68204 1.0388348629861146
9 25 9 1 96728 0.9691219076112212
0 14 11 7 41924 1.0486317914089387
15 27 29 12 72457 1.0968970218013665
3 22 3 5 58828 0.9805297823237359
14 4 27 4 40376 1.030170372640089
28 4 17 16 53962 1.0684643992039056
20 16 29 26 44841 1.0248542964877376
2 19 5 2 61473 0.9025737527477519
17 14 12 19 38389 1.0215107668812191
21 26 9 27 32631 0.9363443091216305
18 3 29 10 41747 1.0201439360841738
15 14 12 6 52461 0.9131906286424675
13 19 10 6 66695 0.9755654848348916
16 25 15 5 68741 0.9678265573783428
9 28 25 27 55746 0.9320937251896437
25 14 0 12 65930 0.9151179326404785
25 10 14 13 46285 0.9728431030232608
21 17 0 11 61849 0.9412207667379687
7 9 10 18 39809 0.9097593009998345
16 22 6 25 28502 1.0747829395999904
3 17 21 6 64983 1.038137563667738
20 10 13 13 38438 1.0315957122998731
15 21 8 5 82069 0.9792820851870873
27 17 22 7 28961 0.9146276028789142
7 11 28 3 67243 0.9896598790706869
5 29 22 27 59105 1.0235904317371145
16 0 23 12 55604 0.9777188980546136
26 8 7 4 53991 0.9273798936658203
18 7 21 21 46012 0.9607055380974727
2 26 2 1 89576 1.0876169408173835
13 11 21 14 41473 0.9799131827740619
22 6 6 15 53095 0.963178741132013
29 6 10 8 44008 1.0093335270794555
5 7 19 6 32680 0.9872483995433035
6 5 23 1 61682 1.0060837491710566
15 1 21 15 55497 0.9702589395598271
1 6 27 25 97998 1.0670867338205805
15 1 24 0 39639 0.9357461220729312
20 24 25 7 52930 1.0830536048425614
0 27 12 27 42119 1.0955987836462104
23 27 13 29 35175 0.9582335036812076
17 11 19 23 37960 1.0402987714151477
29 16 11 21 55103 1.0536488184880657
6 22 25 19 43612 0.9053060158920729
25 28 27 8 50546 1.029724039713363
21 4 7 13 58419 0.9604504603944466
11 28 24 15 61398 1.0789182132314397
21 16 7 19 52745 1.0395344536276265
24 10 27 18 23439 0.9248390880687453
27 7 26 21 33196 0.9783473638958097
8 8 0 2 37305 0.9814328109537429
2 19 12 6 64315 0.9164853373812655
22 11 21 23 43423 1.0202902848983912
11 17 19 29 44573 1.095575330251035
26 9 25 25 44758 1.0560408793508054
4 7 11 16 45399 1.0074185898269332
13 9 20 23 58485 1.0760155805157945
22 24 5 24 52819 0.9779022355402248
15 18 5 1 86079 0.9890250344030602
5 8 13 17 50381 0.9188285352413087
18 5 14 26 67018 0.9656891552461656
16 27 7 28 39397 1.0755177755061391
2 26 29 24 75795 1.0016204043382069
0 5 10 15 47143 0.9476514367379985
18 1 7 11 62112 0.902322680975675
1 27 27 7 98698 1.0772389512080545
26 27 11 23 50559 0.9785152822241133
16 8 20 26 58144 0.9786941975815054
8 19 13 1 84113 1.0901501386622385
17 25 3 24 44958 1.0348174190354629
7 19 29 4 86589 1.093520992010646
26 8 5 8 52295 1.0969664219109836
25 19 13 19 35969 0.9990856712009678
6 4 24 2 66857 0.9593433819301365
19 0 5 26 101171 0.9546152609856262
12 24 9 10 72368 1.0182856422299391
24 4 19 9 29896 1.0375800043608836
4 13 24 12 69585 0.9723536582188994
4 16 20 3 71372 0.9160235085548045
27 2 7 7 50273 1.0654056580582698
23 22 21 14 31441 1.0784349663299972
19 24 10 18 36100 1.0514785612946156
26 8 28 25 42162 0.9360642273760394
13 15 15 28 48177 0.9401113691986722
23 2 5 27 103305 0.935378250517574
2 15 27 1 75798 1.0174156683578863
16 2 25 23 76892 1.0439818247460688
9 3 28 3 64865 1.0961312152534373
21 11 5 6 50532 0.9316293797174129
20 18 25 0 59270 1.0988773106687686
23 29 17 3 88916 0.9113298705544448
28 11 10 29 79273 0.9057854550885761
20 0 15 7 31209 0.910313030658501
18 14 14 28 41725 1.0837552006835427
16 20 24 8 49755 0.940897727272433
16 3 27 12 43075 0.9187621098862901
17 10 28 23 56694 1.0729721174197329
4 24 22 9 83242 1.035239137257307
21 0 13 21 76958 0.951122972867747
0 14 21 9 63426 0.9536814129475597
7 13 5 27 50422 0.9756622727514382
16 28 16 11 60446 0.9532071109806313
6 13 25 4 72241 0.9912696812259238
21 6 27 11 20125 1.0825150828022998
27 3 19 1 35719 0.950588448899881
29 14 6 6 70632 0.9144718379105913
13 18 26 13 48453 0.9078323445829921
1 26 6 0 105022 1.036325366311916
2 5 27 21 86999 0.9412440879802381
5 4 13 0 42185 1.0175330893193653
13 17 2 13 37071 0.9532857371569058
6 18 25 4 80225 0.9164874155253219
28 27 7 6 93829 0.9133579654571913
23 26 0 24 61407 1.0086351611112407
23 13 3 0 89373 0.9131735012882295
28 29 12 25 52556 1.0941831651195988
19 9 28 13 35847 0.9763819050575548
24 14 29 27 49733 0.9813037862269144
24 11 3 17 68240 0.9704587264920983
23 18 1 27 71549 1.0498419018333855
23 22 1 23 47057 0.9233861300404883
29 17 23 24 35280 0.9348919286475048
22 19 26 28 38805 0.9061014737326004
3 29 26 4 116851 1.0385554156882824
2 13 27 16 56853 0.9454085478881611
20 12 0 29 92724 1.0681872470372307
2 5 26 4 62057 1.0843297151885476
27 9 23 22 35530 0.9407827934658887
2 9 19 25 67362 1.0901666498392752
5 28 26 17 75033 0.9765002512801985
11 11 19 28 65506 0.916450344147957
6 6 8 14 29923 1.0372069616911268
25 6 21 12 29543 1.064123937799427
26 8 13 24 71036 0.983784805609705
6 19 27 8 68306 0.9539177371152043
25 0 6 8 67265 0.9240349324902394
25 26 11 9 88737 1.0931431902270545
2 4 11 20 68007 0.9256565281334505
16 4 24 21 65931 1.0393071541537362
0 3 6 17 50253 1.0407897231037981
25 0 20 23 68785 0.9469918800181791
9 19 5 4 63757 0.9554170113278602
24 14 13 26 52709 1.0739990870097496
13 7 25 25 73055 0.9169021801842566
5 19 0 9 44289 0.9632350074714139
3 1 27 5 75622 1.0324083892180334
18 21 15 28 25741 1.0630027194184752
18 3 13 24 81198 1.0264973332628677
14 26 29 1 85328 1.0078549491977356
0 4 7 14 46577 0.9074442072358919
21 4 3 5 53714 1.0266882593184612
9 3 24 6 47235 1.0335257024837103
9 4 0 2 37104 1.0774210074569481
9 27 11 14 61328 0.9808003928012818
3 13 1 28 68015 1.0909534734034845
12 21 23 28 44497 0.908785361615256
23 28 11 26 37937 1.096500274531664
6 29 26 15 75498 1.0160232787696832
4 28 5 7 79634 0.9375511389810621
28 5 10 19 74476 0.972418863708084
1 9 16 14 55405 1.051969595548903
27 5 13 3 40257 1.0306059158392236
16 12 15 2 44107 0.9641053689458032
17 12 20 19 31459 1.0366435611859002
24 3 22 20 59964 0.9223569177292549
27 9 8 20 67106 0.9627167635047269
29 6 18 22 52983 1.0463630311100314
13 10 28 21 62155 0.9968760862232192
17 17 20 0 52349 1.098063437710812
20 21 9 18 41025 0.9574650228770443
6 26 13 8 83058 1.0421374300719664
18 1 21 12 45759 0.9436862687926936
0 26 10 18 53026 0.9723157412361179
23 8 9 2 55193 0.9705806124126631
26 22 2 15 60299 1.0584057709675492
12 12 3 13 39298 1.079808878218908
10 23 3 16 39813 0.9340443118195255
16 13 4 19 52503 0.915526200624597
8 11 15 17 48584 0.9724725228743536
6 8 4 20 45210 1.0168693557271418
9 29 25 13 78005 0.9418471716934438
8 28 19 15 57269 1.0473786784418995
2 0 7 17 57049 0.9749662248688915
24 5 9 8 39887 1.0373764577511833
25 18 5 1 100003 1.030842085425421
6 28 6 7 68331 0.9446137441685099
28 27 10 18 64551 1.0523131094730587
6 23 18 18 34508 1.0028620017210648
21 28 17 16 39456 1.0576071753493395
18 21 17 11 33253 0.975543745006773
26 6 24 29 61225 1.0181618110474575
20 16 22 8 27814 1.0900988076149232
11 3 24 24 100398 0.9437753027558751
15 0 28 4 58438 0.9815743013897807
18 0 5 28 114526 1.0614534975219363
3 24 0 13 49582 1.0711601507818909
3 28 18 5 102288 0.969584366798938
13 25 9 11 73384 0.9379146113655199
2 22 28 16 63185 1.0781000166987507
29 5 22 23 54743 1.0281624005261811
20 28 6 12 63646 0.9128376510975866
6 15 22 27 60194 0.9015300073654217
1 3 24 6 58750 0.9549719832086976
16 18 21 5 48741 1.0568996741572119
0 2 28 17 94623 1.0411030292803216
20 8 23 29 60885 1.0247883882897446
17 29 18 12 42617 0.9442425460400046
20 5 3 15 59050 1.0811698198589992
10 7 9 19 58377 1.0343672462804467
4 9 28 27 98292 0.9578351750377355
19 24 4 1 98870 0.9623200524694692
3 19 24 14 63180 1.0928499015534399
23 21 24 5 52304 0.9163342732171741
13 5 17 29 77950 0.9870432913006321
1 27 14 18 68813 1.0177883970736952
3 24 28 8 83870 1.0995180025641274
19 23 28 4 58082 0.9094944394768419
25 21 9 13 57631 0.9736742544674994
29 27 26 8 53890 1.075705938125637
26 4 28 27 58350 1.0843618261801755
1 17 0 29 59489 0.9503381398138254
2 24 21 15 60123 0.9833733767748105
13 3 6 6 30698 0.9257430811926565
24 15 12 29 56029 1.0948000747026088
3 25 22 29 58770 0.9067657291019406
4 24 15 29 47937 1.024345903218589
28 23 11 3 89606 0.9475588883274315
29 25 25 10 43525 1.013230524812293
19 24 9 26 27159 1.0107105134779564
20 17 2 5 65300 1.066133114319841
18 23 4 19 41012 0.9644832854179031
21 25 14 3 79865 0.9697335961773393
15 14 10 8 41879 0.9131743865678922
3 6 16 2 50600 0.9820648364604859
25 3 8 19 94287 1.0203858678729856
22 11 27 16 29731 1.0304251176351182
3 24 13 22 27121 0.9602974448105658
8 24 21 5 78278 1.0406976869719506
25 1 27 27 64349 0.9587879498034437
18 6 28 5 21781 0.9040379751975809
4 28 25 20 66667 0.9246839456035317
26 27 28 6 52243 1.080543533592894
23 29 19 7 65730 0.9273845254644557
23 23 13 18 43882 0.9498693623123026
8 26 29 8 81601 0.9516329332129704
13 27 8 6 96183 1.0266199089596677
6 24 4 3 75014 0.9637674921408563
4 9 15 20 68475 0.9868620674041596
1 22 12 16 47395 1.0123046478572526
7 22 16 2 84448 1.056674218185171
25 25 12 16 55620 0.9674573984746915
22 1 8 26 97421 1.0526054351069347
15 19 23 16 35477 1.0115791468557818
29 16 11 25 63501 1.0189378344193967
7 17 1 23 32433 1.0821828109559477
15 20 23 25 28826 1.035248808305898
13 26 5 22 30985 1.0316562793721782
2 29 5 21 43098 1.0434582117382996
21 22 1 3 84378 0.9105239631312536
24 10 3 18 69181 0.9816190945628771
28 8 16 26 60031 1.099809785997261
9 4 12 21 84078 0.9668688198883375
25 25 25 4 59673 1.0668262417216912
17 6 27 17 39507 0.9595196676203319
1 14 7 0 53571 0.9920351191926287
11 5 4 2 36311 1.06283848735439
12 13 7 1 62789 1.0768290530453992
14 5 10 15 58152 0.9376883916104647
10 8 23 12 48459 1.0024849459196885
1 20 22 8 82101 0.9658513695467383
10 29 24 12 79225 0.9103072072624244
27 22 12 3 78251 0.9225540979761018
25 22 17 2 72839 0.9120169097264216
0 22 20 10 64933 1.0735010782184748
15 2 3 20 91515 0.9391034515775447
28 13 11 15 41316 1.0511428118076451
24 9 0 11 73956 0.9965153951242663
8 27 0 5 85769 0.9124742253808722
19 16 26 3 47777 1.0993981439516989
20 14 8 24 52774 0.9423897966875048
7 0 24 17 87222 0.9307613199919051
9 5 0 23 76214 1.0837711788493514
22 8 28 27 59670 1.081057313055276
29 3 3 18 90457 0.9025609350783963
8 2 3 9 39238 0.9730872184689205
26 1 9 13 77574 1.0225674520651786
14 5 16 21 66285 0.944010772384193
29 13 13 19 61850 0.9306695231976307
29 5 1 18 85993 0.9592198134670052
6 15 28 9 56416 0.9230258169314584
18 4 4 0 72331 1.0623998066065712
5 11 17 25 65807 1.0377590036809428
10 20 8 0 82679 0.9070473510127743
20 27 13 19 35379 0.9390944372867507
28 23 0 3 103970 1.0838486500038975
1 7 8 17 41731 1.004273768106281
5 24 16 13 64252 1.0764056431575317
9 0 22 29 112227 0.9004095044622072
12 10 23 12 36740 0.9175507290445246
25 5 3 6 55374 1.0682228140467593
17 8 17 23 53767 1.0748512146782252
13 13 6 26 62161 1.0630361194668516
20 26 22 3 66960 0.9401736334890116
12 4 17 10 39605 0.9666027320866823
20 5 2 6 45189 1.00110292707434
9 26 25 8 79402 0.9603401450967444
23 29 17 11 61450 0.9266726205545868
19 5 16 18 49612 0.9270893079388641
10 25 19 24 26551 1.0359681511354706
25 20 11 10 59561 0.9173477792415249
16 26 4 18 57933 1.0705281796000452
22 25 20 8 47832 1.0019030872794765
