5392 5117 6430 6432 5164 6914 5007 6964 6173 6164 4567 6183 5827 5713 6472 4925 4537 6107 5260 5539 5250 4882 6778 6244 5300 5267 4977 6728 4986
3530 4564 2425 3590 4100 2729 3745 3498 3118 2906 2398 2592 2692 2338 3858 4258 3455 2861 3380 4604 2368 3181 2832 2925 4367 4657 4006 4513 3763
3640 4175 3603 3698 4229 3827 4157 3366 2940 5193 3603 3135 4315 4649 5070 4739 4744 3984 4210 4539 3309 4323 4903 5036 4224 4009 3974 4471 4212
7011 6255 6491 7208 4913 5297 5757 5831 5811 6250 5768 5521 7193 5598 5435 5796 5342 6094 6605 5966 7006 6538 5847 7134 6539 5678 5739 6052 4814
4295 2352 3705 3569 3485 3812 2994 3376 4490 3319 3438 4668 4012 2543 3077 4331 3978 2766 4741 3201 2959 4262 4165 4798 2861 3591 2400 2576 4761
3380 3442 3369 4461 2564 4321 3851 2936 4574 3993 4395 2661 2805 2503 3305 4835 2437 4774 4298 2928 3200 3216 3828 4837 4844 4263 2680 4456 3396
3883 3652 3953 2841 3781 4022 4725 4145 3985 3110 2717 3958 5063 5103 4771 4510 3409 2775 4269 3332 4741 4300 2921 3048 4161 2763 4723 3237 4521
3686 4291 3953 4288 5438 4562 3100 3849 4670 3572 4920 4557 3058 4841 4175 4256 5334 4412 4629 5185 4519 5503 3982 3290 3172 5193 5319 3395 4769
3740 3187 2782 2782 4037 2619 1739 4088 2557 3859 2963 3284 2482 3415 1730 4014 2193 3208 4113 1830 1706 2607 2190 2996 2001 3981 3404 2369 2046
6982 7122 6125 7446 7288 6378 5842 6720 6308 7717 7639 5744 6732 6064 7131 6442 6439 7690 6541 7990 6978 5666 6610 5577 7124 6904 6240 5776 7817
2571 2778 2731 3780 3269 4271 3124 2070 4531 3918 2391 2718 4260 3533 2437 3631 4271 3138 3919 3157 2977 2130 3191 4479 2316 3606 3040 2674 2404
6326 4356 6120 4109 6084 6019 5897 5696 4995 4597 4663 6016 6069 6064 5252 5790 4958 6386 5995 5331 6376 4734 4267 4872 5326 5845 4533 5974 5763
4092 2291 4300 4370 3781 2765 3374 2547 4008 3876 3439 4225 3260 3173 2295 3211 2538 2885 4463 2717 3541 3684 4454 2700 3656 3769 4308 2044 4459
5426 3843 4943 4965 5011 5526 4572 5085 4656 3701 5460 4367 3360 4043 3763 5508 5112 5037 4201 4472 3265 3776 3325 4069 3495 3148 5153 3797 4726
6704 7668 7133 6650 8032 6533 7497 7779 7309 6758 6810 6748 7036 7975 7884 6112 7892 7706 7868 6901 7001 8111 6503 6884 6373 7973 7186 6832 6162
3796 3749 5045 4007 4545 4804 5011 5194 4836 4117 5204 4129 3982 4589 4418 2962 4180 4991 5216 2938 3620 4625 3063 4306 3644 5230 2968 3916 3875
4301 6268 5417 5959 5115 4436 6670 5295 4644 6564 4460 6464 6323 5604 5515 6701 4898 5495 4699 5464 6205 5196 5196 5683 6310 5882 4487 4890 4397
6473 8387 6448 8174 8000 7509 7341 8138 8885 7061 7335 7459 8046 7692 6536 6957 7389 7344 7937 7637 7530 7888 7907 7871 8556 7759 6433 6899 8553
7477 6256 6466 7162 7964 8091 5689 6392 6535 6191 7194 8001 7441 7201 6700 6588 6958 6106 6034 8084 6496 7938 7681 7669 7850 6538 6294 7738 6752
2754 3047 2965 1613 3358 1353 1324 1306 2559 3512 1497 1419 1447 2011 1931 2487 1463 3439 2883 1958 2759 1775 3611 1806 3009 2123 2781 2429 2053
5914 6110 8227 7916 7463 6550 8304 8268 5909 5868 7727 7218 6805 8333 6900 7831 7046 7750 6386 6895 6137 7353 6509 7431 6031 7280 6485 7649 8184
7111 7760 5483 6628 6626 6700 5482 6728 5499 6859 7807 7089 6644 7542 7896 7636 6078 5501 6526 7901 6240 5908 7123 6779 6119 7087 5645 7979 7222
3206 4085 2796 5188 4845 4336 4993 5127 3767 4717 2957 3263 2855 4922 3429 4038 4161 3393 3893 3335 4636 3176 4486 2746 2946 4975 4113 4576 4920
7628 8747 8272 7181 8263 8671 8806 8562 7532 7354 8679 8116 6966 8779 6847 6961 7347 8008 7418 6510 8496 8884 7927 7683 7361 8279 8889 7830 7303
4666 6703 5641 4360 4335 5120 6753 4552 5028 5611 5273 5019 4924 5298 4477 5485 5396 4567 6506 5190 4598 4528 5844 5933 6227 4777 6660 5608 6051
5800 5160 4314 4949 4464 6375 6292 5685 6288 5945 4415 6193 5729 6057 6650 4604 5091 6588 4765 4986 6119 6516 6612 4899 5946 6299 4377 4973 6115
4661 4203 4044 3480 5234 3920 5440 3809 3054 3200 4029 5099 3021 4989 3844 3297 3028 4011 3136 4269 4470 4444 5208 5176 3297 4286 4955 3477 5163
3940 5587 4096 5314 4283 3493 3557 5146 3959 5580 5033 5551 3979 3327 5436 3138 3419 3264 4991 4690 3821 3751 3138 3406 5435 3179 5566 3595 3634
5618 4237 5373 5437 4587 5173 3623 4419 4393 4790 5858 5394 5426 4531 4915 4288 3859 5650 5573 4541 5994 5200 4764 3805 5085 3820 5517 4453 5700
3833 2180 2982 2334 1547 3062 2761 2854 2197 3234 1824 3271 2293 2351 2496 1716 3173 2547 1633 3886 1549 3627 2829 3165 2848 2404 3686 3647 3427
5382 2695 4540 4352 4361 7572 8089 2322 5386 3059 2710 6063 3607 6087 3182 5311 6236 4438 2129 6340 7490 3298 4869 4144 8153 2401 5053 3454 4242 8389
6396 4283 5446 4395 4088 5651 7237 1949 6192 4103 3429 7052 3368 7011 3979 6682 5590 5277 2652 7250 7205 3658 3344 5045 6396 3947 3438 1879 2887 6298
4704 3863 5825 4814 5819 7277 6896 3111 7074 3730 3472 5275 4970 7310 3923 6436 6276 4842 2916 8145 7548 2330 4813 5285 7456 3434 3387 3910 4373 8295
5325 4829 6185 6182 4460 6529 6150 1412 6084 3329 3147 5718 3445 6093 3051 5554 7385 4110 1756 6057 7069 3124 3486 4784 6803 3372 4694 3729 2693 8154
5870 3672 4856 4838 5189 5925 7577 2134 7044 2139 2606 5591 5167 7408 3835 6054 6045 4245 2369 6144 6851 4109 3980 6115 8013 2348 4339 2252 2326 6911
6012 4766 5003 6477 5265 7026 6567 3090 5572 2743 3263 6189 3985 6522 2620 5076 6972 3925 3310 6453 6374 2942 3506 5087 7665 2101 5051 3696 4493 7839
5204 3740 4418 5611 5461 6763 6936 3010 6768 4001 3255 5786 2857 7562 3178 6966 7186 4367 3454 7195 7253 3839 3384 5276 8594 2599 5665 2780 4354 7010
4610 4662 6464 5066 6269 5496 5959 2517 6743 3760 2582 5098 4047 6518 3353 7104 7767 5327 1745 6842 7455 3390 3472 6362 8150 3809 3452 3175 4566 6379
5502 2620 4433 4850 5633 5319 7237 2161 4944 2111 3798 6164 5007 6943 2936 6763 5585 4583 2402 6563 7111 2149 4444 4133 7103 3185 3638 2634 2682 6340
6761 3529 4716 5969 5491 5299 6644 2312 5798 3584 3151 5391 2965 6085 4298 7133 5743 5496 1628 5868 7649 3361 4442 5713 7375 3443 4437 2374 2461 6759
6183 3886 4577 4775 5986 6245 7664 1951 5907 3276 2039 7067 3987 8027 2600 5467 5927 5375 2573 5999 7210 2664 5309 5894 7763 4021 5247 3862 4419 7434
5776 4881 6301 4512 5086 6113 7741 3218 6840 4364 3614 6227 4942 7973 3567 7441 7406 5521 1204 7167 6330 2647 4286 6296 7824 4142 3981 1675 4071 7896
5855 3515 5379 6822 5108 7557 7988 1196 5937 2554 3652 4718 4208 7397 3455 5134 7576 4663 3080 7501 7547 2995 4756 4801 6545 3199 5320 2638 3483 7392
6726 4034 5055 6640 6518 5200 6773 1452 6811 3332 3460 6159 5090 8088 3189 7045 7166 5281 3037 6272 7738 3198 3331 5295 6462 3299 5367 3771 4266 8473
4394 3066 5953 4358 4497 6858 6390 2921 5566 3527 2801 6464 3213 6860 4229 5215 6176 5184 2242 7635 7770 1884 4651 6089 7156 4206 4470 1771 3634 7205
6780 4719 6242 6054 5818 7380 6856 2771 7083 2686 3643 5398 3991 7890 2277 7247 7098 5653 2258 7408 8152 3693 4666 6305 7136 3170 5229 3302 3972 7728
5652 4547 6204 5618 6267 7237 5901 1992 5138 2990 1698 4902 5194 7826 2139 5931 7255 5363 1725 6068 8092 1848 5023 5334 8214 4110 3345 3510 3154 7813
5963 4922 6028 5212 5981 7330 6838 2087 7263 4024 2562 5355 4399 6544 4037 7297 7006 4558 3043 5910 8238 3101 5083 5454 8165 3055 3763 1650 4179 8506
6223 2602 5824 4407 4313 6357 7001 1283 5263 4447 3869 5889 4774 7556 3443 5028 5556 5029 3429 6202 8493 3628 4117 6420 7853 3582 5138 2644 2334 7998
5185 3928 5890 6263 6110 6433 6901 2815 6557 3615 2596 5805 3741 6323 3614 6950 7073 4773 2939 7015 7988 3448 4895 5002 7035 4366 5734 3052 2284 7009
5878 4173 5051 4942 5407 6875 6464 2424 5112 4376 3213 5848 2844 8240 3998 5175 5619 5221 1406 6714 7432 2155 4633 6129 7024 3230 3421 3998 3820 8471
4387 4431 6329 5342 4435 6701 7773 2835 5788 3224 1585 4720 4713 6682 2678 6912 7532 5329 2452 5861 8195 2423 4779 5905 7045 4138 4470 1948 3229 7913
6037 3195 5732 6176 4875 7130 6543 2989 5969 3715 3915 6949 4821 6202 1940 6876 5762 5013 2892 6536 7794 1801 5068 4729 8814 3642 3421 3071 2952 6583
6681 2908 6473 4411 5699 5436 7215 3399 7142 4036 3025 6821 4984 7915 1897 6794 5859 5434 1306 7922 7946 2924 4198 5176 7580 2624 5256 2328 3434 8036
6611 4303 6622 6559 4243 7468 8215 2959 6441 3187 3279 5229 4681 6790 3850 7119 6842 4389 1765 7742 6811 2386 3014 5014 7448 4515 5243 1775 4359 7962
5236 4719 4555 6138 5671 7261 6569 2203 5930 3916 2228 4693 3540 6089 2495 6293 6702 4344 2258 6442 8006 2326 3171 4865 8289 2677 5044 3537 2908 6981
4877 5047 5149 6011 4779 7400 5921 3219 5910 3675 3815 5702 5031 6470 4253 6859 7480 5886 1067 8154 7130 3705 3697 5590 6864 2571 4643 1674 2329 7725
6298 4831 5637 5441 4794 5170 7750 2589 5253 4168 3205 7027 3039 6420 3694 7062 5510 6192 3419 6039 6834 3060 4517 6192 6634 2428 4023 2873 3270 6970
6786 2687 6091 5808 4818 5273 7893 2017 5634 4488 2560 4638 3292 7020 2335 7317 7517 6191 1113 8187 8652 2581 3773 6462 6627 2306 3624 3560 3729 8213
14 20 19 27 36260 1.0396508469305943
9 12 21 5 53449 0.9676189823729772
29 26 7 19 75553 0.9213354326906166
10 18 4 26 35921 0.935930261183574
13 17 20 22 35041 1.0623341504404815
12 7 10 15 31027 1.0786602083225814
21 10 26 26 68227 1.0813756901284797
12 0 19 17 58307 1.0335146807211348
24 29 9 4 105001 0.949619398892166
18 25 28 0 93127 1.0831099010129353
29 15 26 0 51721 1.0269859866370648
14 10 11 29 77242 1.0155345185207005
21 7 23 18 37999 0.990017336984983
20 16 9 24 60752 1.0268771404095496
13 4 26 19 68840 1.0751282910900612
7 0 28 19 96986 0.9707822441304592
11 11 16 18 38431 1.0508155352096689
16 2 0 5 76134 1.0665460590877185
15 4 5 14 61370 1.058969134491132
6 26 2 3 91568 1.0093586713561156
24 20 2 18 64862 0.9602529436605984
3 0 4 23 88863 0.9712857114060918
5 8 1 26 72846 1.0986998365495884
8 25 0 9 66062 1.0342929769688798
7 7 28 3 68822 0.9028154281614357
6 15 23 28 79933 0.922634206469673
15 14 2 12 52230 0.934149819883916
28 4 11 28 108867 0.9811653957523181
19 0 19 12 26707 0.9453012006325182
15 23 4 9 71353 0.9207386959249247
28 17 15 23 52712 0.9224823435097761
21 7 9 28 80973 1.0571328214784068
6 23 29 28 81944 1.0081476884521796
25 11 6 10 62152 1.0763389886591401
15 20 26 22 37797 1.039722575943205
14 1 22 29 95974 1.0225474244594608
9 11 25 20 73325 0.9088551606809431
13 16 9 10 34946 0.995212545172093
6 6 27 6 59996 0.9994372667664397
6 11 15 10 31069 1.0209770667744897
5 13 29 9 85309 0.9797938624479114
1 13 9 23 51551 1.0321001355844666
25 2 25 18 68610 0.9097050979825043
9 12 29 19 68918 1.0821209607178344
10 11 28 27 92384 0.9369382982343898
28 3 22 8 40014 0.9580407109645473
27 16 2 4 96670 1.0811216904096859
29 22 4 9 95051 1.0789274896936636
27 23 11 26 64463 0.9747262217123756
20 1 26 26 87383 0.9344742431343761
21 16 13 24 52046 1.085418293626854
14 2 2 9 60246 1.0646602940689853
21 18 6 22 48078 1.0640226275919857
18 15 9 14 36491 1.0651847625067246
25 29 0 21 100223 1.0881370514332989
3 16 21 24 78568 0.9327465164337805
29 15 21 25 50612 1.0637249796103234
6 0 22 22 94648 0.9621668033846328
23 22 16 29 47868 0.9265470148976461
25 11 11 24 82189 0.9730772039005419
6 0 17 1 47082 0.9723881852179644
20 3 12 1 39680 1.019983158244361
8 24 26 13 76250 1.0168905027018478
27 29 20 20 52771 1.0918014682726047
2 14 25 16 82165 0.9811562754496712
2 23 24 0 123112 0.9112834653994301
21 22 13 9 56331 0.9402956848481365
24 27 25 4 93391 1.057868674504287
23 28 11 25 46053 0.9471689404501185
9 20 23 4 87249 0.946036845167697
4 20 20 4 80657 1.0724873634820753
2 22 22 19 68867 0.9890213947184854
22 1 18 21 60491 0.9943437876124102
5 20 25 22 64832 1.00855649642631
26 17 14 3 72958 0.9014333310289632
12 27 3 10 73515 0.9303330539866445
14 10 28 29 86920 1.007140875819964
0 9 12 8 39087 0.9330054961393944
6 3 14 0 45176 1.053377300580424
6 8 0 21 60336 1.05978553611485
3 25 2 3 82872 0.9201245214521054
15 15 2 2 84140 0.9606494537312114
25 4 6 8 67568 1.0239884920652393
7 2 16 29 105809 0.9236104243095606
17 29 0 13 104207 0.9439896720726084
20 28 2 14 85144 0.9498809139266854
12 16 23 7 53089 0.953689497555131
6 29 17 3 105500 1.0500895349943637
14 6 24 15 50906 1.083334977313935
27 15 8 26 73951 0.9887408145676196
6 27 3 12 61285 1.06950080619696
12 7 28 11 53798 0.9751894233088503
1 28 16 3 119397 0.9666437073138351
14 28 7 20 45426 1.0926649076719703
25 2 2 7 80376 1.0318849650227953
9 25 26 27 54621 1.0223557868550617
17 2 13 19 65471 0.9836887465484301
29 10 13 9 51155 0.9283017119060157
1 13 25 14 80424 1.0503059916665276
29 16 3 14 80140 0.9938963925805248
0 6 25 15 86274 0.97565903371836
26 29 14 25 51376 0.93610458102686
2 24 25 10 99258 0.901667469210888
20 29 27 23 49780 1.0132585891691424
22 26 9 27 40308 1.0844640754569905
17 10 9 27 72027 0.923440227989292
15 17 19 9 33342 0.9854275741218985
29 14 14 28 71910 1.0397348897543501
19 1 7 0 50669 1.036389146085663
13 7 19 29 62764 0.9076078655333101
28 19 18 0 70785 0.914459138405589
25 27 0 24 82347 0.9281453683162829
15 2 26 9 58032 0.9628041095474137
19 24 29 12 49985 0.951157342319049
10 26 26 7 91061 0.9586430637397326
12 11 1 13 45477 0.9092401494013593
27 20 21 12 45129 1.0669991736816784
17 16 7 0 79569 0.9085343040374557
10 6 2 20 65689 1.0963006704560463
7 1 2 22 87157 1.0929867734005043
4 24 3 7 65536 1.0845638291530704
27 2 1 14 103695 1.095284489135794
6 1 28 15 95977 0.9767921023046627
18 19 23 28 40738 0.9405667052344515
14 29 12 13 63349 1.014616098319853
9 20 29 17 60480 0.9513984646903667
27 15 8 10 70822 0.9837331301771318
3 2 29 18 101533 1.0219422126450186
13 10 2 3 53637 0.9638458765298915
16 5 28 2 62694 0.9838968586486746
3 7 8 18 45956 1.0181533881018994
12 26 23 26 40126 0.962390061664016
27 17 18 24 41994 1.0756338562670629
7 23 12 8 58427 0.9873838258358691
18 9 12 18 42467 0.9330044249067464
29 23 18 16 44599 1.0576805877747497
12 13 5 22 42527 0.9501310551077757
8 11 18 10 33381 0.9457032047586648
12 4 9 16 50321 0.9116213304732198
0 14 3 25 48652 0.9205707354957455
3 21 15 27 53308 0.9456435984097058
26 29 17 21 50183 0.9127757957641793
28 26 27 0 79845 1.0778242769472728
10 4 17 20 74178 0.9523922540805256
6 9 11 15 36177 0.9849996483192603
28 26 27 0 79845 1.0625124055756263
11 29 9 3 91998 1.0852893747230346
22 12 11 7 37911 1.0310245968789449
2 29 9 24 39806 0.9399232720946561
0 2 26 14 95919 1.0098616051930034
18 7 26 13 40495 0.9869989684462024
21 9 14 18 39894 0.9950097911942899
29 25 10 13 79597 0.9046516175357237
28 4 11 11 71225 1.0531641435674841
7 21 27 1 107095 1.081180636191622
18 3 7 19 68121 1.0331133333533913
16 16 14 24 43575 1.0466989053964444
12 20 18 15 38411 1.0624622527621652
24 12 21 5 44653 1.0660878146991637
15 29 22 10 64690 0.9245052055471012
17 27 21 9 54196 1.0217321326911226
29 13 11 15 64693 1.09159799196876
27 17 2 22 77526 0.9012124153344407
0 9 8 23 61065 0.9479562841943656
8 29 5 1 93350 1.0809159156755153
11 25 8 11 48418 1.0920275931110834
22 11 28 22 54349 0.9233232408534358
10 4 8 14 37785 1.0988615162558009
26 29 21 17 60900 1.0387707825464678
0 26 4 9 69144 0.922721004626358
10 4 27 17 71955 0.9617374822482112
19 14 27 23 44977 0.9297635175984647
3 28 23 12 95078 0.9446195861924087
17 25 6 12 73411 0.95187796746296
4 17 24 24 76921 0.9384549158312526
20 16 23 28 49394 1.0676194776844647
2 1 14 27 114538 1.027100295728399
9 2 5 23 76631 0.9088994751399161
16 12 0 15 69444 1.0773369299614268
13 25 11 10 57021 0.9267585760207387
21 11 7 27 80474 1.008939062073507
0 22 3 12 46202 1.00683676227738
22 27 8 21 55271 1.0930597577016754
18 1 2 28 109887 0.9894922670457345
28 23 5 6 98732 1.083175593863773
26 10 7 1 72370 0.9238013310422901
17 4 4 13 73376 1.0541084568283374
17 2 22 20 59561 0.9134351808701939
22 15 15 3 53970 1.069606794454289
3 1 16 9 63418 0.9462492961160172
19 1 19 29 63918 1.0723811355421318
28 28 29 3 70663 0.9527552280623593
1 5 18 13 66337 0.9102104476600672
11 7 23 13 46968 0.9734331689014671
12 19 8 28 36627 1.0081239353348408
4 2 26 0 93831 0.9425144767798451
19 6 15 20 43004 0.9389312335082478
20 11 1 13 71025 1.0034904800302207
6 27 20 26 44301 1.0750782329890045
24 15 21 1 54116 0.9062350448408222
8 13 17 7 39207 0.9173429044398475
2 0 11 22 96953 0.92853110616963
8 2 5 19 60559 1.0105283240944773
16 7 7 22 65332 0.9497095138165897
16 21 21 6 49969 0.9761712209081987
29 28 28 10 51505 1.066713312148101
12 20 0 28 57775 1.0614553562790856
9 10 20 7 35356 0.9835321176755207
17 6 6 26 87017 0.969557264335831
27 1 4 29 137684 1.0068700919172628
5 2 8 24 76418 1.0429444202079934
18 17 8 1 65151 0.9503340039930763
6 2 15 16 76928 1.0624674603956596
15 20 8 15 33735 0.9402514181985855
22 26 6 16 71553 1.011486905464946
14 27 3 15 69289 0.9388573904417488
5 7 23 7 43024 0.9046650206757059
23 12 4 11 67866 1.0808608999773512
4 11 24 19 77978 1.0262742212281406
7 28 8 19 27285 1.0373090527386988
13 15 5 24 50858 0.9405512404289215
6 2 8 20 64350 1.015481970462866
8 15 17 27 59780 1.0869940732491405
1 19 4 8 45689 0.9438507062367664
0 28 24 11 112984 1.099558510750129
4 18 8 24 26320 1.0968847074723125
1 7 3 20 52113 1.0544150091115547
16 18 23 26 45167 1.036793363616797
11 2 1 29 110601 0.912313041649733
17 18 29 22 37784 1.015422752402817
4 19 21 20 61012 1.0521035115534316
0 8 15 21 80611 1.0878725978112105
7 25 19 2 81557 0.9382401815807146
7 20 24 12 71849 1.073332391032084
2 20 17 2 96456 1.0849550642574968
4 8 29 14 81976 1.044003865822283
3 12 12 25 66365 1.0325813435112579
26 12 10 14 57418 0.9949213578522152
28 3 9 26 115768 0.987805829146904
27 24 22 10 62103 0.9947805917637793
20 1 3 8 58926 0.9361709102669686
16 4 10 15 55588 1.0819229629554221
13 12 27 1 81601 0.9552750557457719
26 16 9 0 89520 1.092317210217812
21 3 6 6 52449 0.9304105489821578
5 19 8 28 35847 0.9113738719165955
10 27 0 1 104700 0.92156000173014
4 25 24 3 112774 1.054827048038766
9 28 23 4 102596 0.9829211595640007
27 4 1 13 91947 1.0331078168974532
4 20 22 23 64095 1.0550680730096453
22 17 0 12 78082 1.0741205649801462
11 28 8 17 39967 0.9450937129780499
0 26 23 5 120946 0.939698423837205
14 10 1 20 66131 0.921953434003879
3 9 7 2 39808 0.954922570514952
1 29 29 26 89528 1.0868302193533315
13 15 4 13 36148 1.0410970248843423
6 26 28 14 86119 0.9873889082080171
6 7 25 17 71290 0.9911849331732439
10 19 20 1 67169 0.9829688038313972
27 28 20 3 84665 1.088693138551061
29 28 13 19 69826 0.9984897731736101
26 12 9 13 67036 0.9612232611619111
18 18 5 5 66633 1.0432636175213805
29 18 18 15 33034 0.9756610089646557
28 28 16 12 78098 1.0716670961154204
7 1 1 14 57952 1.0415426174032825
18 28 19 8 49233 1.0461099760172252
21 14 8 26 64977 1.0597249047887356
29 2 17 1 49926 0.9161315157188799
12 20 3 6 66700 0.9789868242200005
2 21 15 3 94433 1.0317917794912126
16 14 7 10 41277 1.0197020767385572
1 29 8 15 59998 0.9310519843938575
22 11 13 17 46816 1.08966517735336
24 26 9 17 71248 0.9607335304232303
27 20 26 2 70411 1.0989204064841571
9 13 1 2 59988 0.9515288539960122
0 12 1 21 33421 1.00539868321012
1 4 27 1 97505 1.0796544275965285
3 25 24 29 75292 0.9261214362773957
10 27 25 9 86271 0.9712694093791816
26 17 19 8 40794 0.9645003527659138
3 9 28 15 91153 0.9888608477905743
13 27 18 8 66381 0.9713602935281171
29 9 25 3 35387 0.9287563364655438
23 2 8 10 66571 1.0595857000614322
12 25 25 20 56078 0.9775517536779513
21 5 13 14 49050 1.0523922168503412
12 1 1 21 92072 0.9211675131733112
29 15 27 0 46844 1.0243377221046335
0 0 25 24 132282 0.9368618785525181
2 26 2 3 83447 0.9634959465644267
8 3 10 27 74806 0.9960543479233352
29 15 16 14 42869 0.9054705089478806
4 17 8 7 46621 1.0052406329154258
6 1 16 15 77777 0.9039372911058136
20 0 13 3 40615 1.067809645773724
18 16 2 21 63489 1.0776722563551266
19 15 28 29 64042 0.9792572320859734
19 6 2 29 99161 0.9881253569400184
26 11 9 19 70324 1.071431187073108
27 19 23 29 56141 0.9221107627471342
8 2 24 23 91097 0.9979763929378203
24 7 29 21 48011 0.9332140126134932
4 24 15 10 73907 1.067078508964293
19 8 28 0 51926 0.9903203688550695
26 10 0 9 77460 0.9413067078813595
9 25 13 0 93714 1.0679690000869697
9 10 27 0 82845 1.0169225182002737
11 2 14 20 79839 0.9815550498779693
9 4 15 0 37958 1.0541669261231226
10 11 3 19 46971 0.9573668342719247
25 9 16 28 73544 0.9936588160121842
14 19 3 28 59736 0.9003108667382381
6 19 22 4 81147 1.0645872351224939
18 11 3 6 56027 1.0750149510639297
10 20 3 23 34385 0.9399779514150702
26 23 3 8 99124 1.0930769848897992
11 18 6 23 26636 1.051315435847766
12 15 17 24 54630 1.0779398192203953
29 2 26 16 48133 1.0736740650557137
13 2 1 27 111042 0.9387645619198504
29 2 23 16 63042 0.9185611793635057
1 14 1 3 33706 0.9558820737084206
1 19 10 13 42622 1.0039154445853418
3 1 9 19 78233 1.0565018116508744
9 28 9 6 71675 1.0746914458452057
29 28 22 8 79456 1.0252340593542837
27 27 13 3 99739 1.0154694146839793
4 13 0 0 59015 1.0566984821544572
18 27 25 14 52646 0.9436721708270807
18 2 7 12 60579 0.9264789693898529
9 0 2 23 96640 0.9798089489370182
0 22 8 2 83558 1.027376825925989
4 22 27 12 89867 0.9566348030947568
29 19 15 21 42120 1.0203500750311045
8 2 27 18 76459 1.036792117325348
8 26 28 28 61483 1.0760068787402493
20 15 0 9 72874 0.9525905267786828
7 5 12 19 55917 0.9888254075082337
9 4 1 12 45763 0.984702676734062
19 18 6 13 49400 0.9164291947200347
27 27 22 11 70133 1.0756560427178354
8 20 5 7 48353 0.989710176840269
3 29 20 9 93816 0.940915716258789
1 19 12 20 36569 0.9132900213037282
2 13 14 29 87082 0.9027801844963211
28 22 17 7 61526 0.9164146680555038
10 24 4 14 47090 0.9665886123056594
29 29 18 25 43376 0.9222941594398447
20 13 1 15 72301 0.9899120540333695
16 20 22 2 68422 0.9214290639239829
21 19 12 29 59340 1.0719170241162874
14 1 3 26 108279 1.035568074839432
14 5 18 28 75345 1.0460943869890622
7 24 14 2 93288 1.0731045678794062
17 6 5 18 68912 1.0522964465549576
17 13 9 22 54312 1.065197125866149
6 11 10 20 39010 1.0413238038279822
26 3 3 3 91835 0.9448389506454641
17 14 20 5 30341 1.0630759898232478
14 20 22 4 71437 0.9172855195341486
18 4 23 13 40396 1.0883340351169974
12 7 27 21 65541 0.9514108444121876
24 15 2 24 92394 0.9883625892231067
12 18 3 16 30903 1.0642502510306073
27 7 12 6 39919 1.043912250632296
11 24 1 20 47357 0.9435877478027729
22 28 5 13 83887 0.9505002402570111
15 21 16 5 59409 0.9964761335846926
28 15 19 23 45552 0.9641963974455642
17 23 8 1 88421 1.0441464830409617
20 9 4 20 68262 0.949459257274621
8 6 17 20 69726 0.977741421724367
16 1 1 2 64629 0.9733375757554569
13 13 18 8 39800 1.0471013301606538
13 27 1 13 72983 1.0645514700338041
23 4 23 18 59622 0.9411951772045596
9 4 23 29 102819 1.0495866339041622
5 8 14 14 48453 0.9752529537119367
12 7 3 15 53762 0.9550745465550547
18 0 15 26 82487 0.9498114333637435
13 5 28 6 51659 0.9817152448314009
2 7 18 0 61255 1.0696136322957286
18 9 26 28 69544 1.0701834654039195
21 7 16 0 35271 1.0232149153363115
4 5 17 21 78301 1.071206794689092
29 1 23 26 86889 1.0288794762544071
16 5 0 12 64430 0.9176581027994622
19 16 18 3 30224 0.9501302944210681
25 14 17 24 58107 1.0961706093094032
5 13 18 27 74769 1.0046819108160165
28 2 19 8 47532 0.9907209101823852
12 16 5 0 73261 0.9487756632082469
15 29 19 19 38719 0.9769376949012862
2 23 17 7 89521 1.0347348163309993
25 3 0 5 94114 1.0940931600372377
6 2 25 10 72948 0.989726840479658
2 11 19 13 60578 0.9679719105602413
8 27 6 7 64148 1.017521314141414
6 26 1 7 73708 0.9987290827318072
17 1 23 18 53944 0.9880221311166508
4 23 28 17 80538 0.9260984498407324
1 3 27 18 93887 1.0607265387781037
25 2 16 23 91398 1.082213835220655
7 22 16 13 51218 1.036959485877805
27 0 6 0 91250 1.0168141740106298
11 10 2 9 29876 0.9832194036495793
18 5 2 29 106871 1.0733501568627237
3 2 19 8 59151 1.013057009189611
2 13 17 1 82354 0.9879386477298888
12 26 13 3 84434 0.9549608788187293
3 25 16 21 46614 0.9721176005458165
5 4 10 11 36736 1.017873701954194
28 29 4 26 78082 1.047992614714332
2 26 16 24 56647 0.9209944046853092
29 14 1 11 95567 1.0945847922307639
26 22 16 1 78309 1.0661283234087768
2 11 18 18 65428 1.0474657845300672
0 5 26 18 92702 1.0887821658260537
25 6 29 19 45909 1.0945657867173537
19 2 22 15 38083 1.0659638355915892
5 13 25 25 89181 0.9722033906112593
2 13 9 9 35348 0.9827044217207889
14 13 27 25 77163 1.0101605073889162
13 22 6 9 57477 1.0345355178421196
10 20 19 27 43740 0.924482460140056
23 15 28 9 42460 0.9760192760468063
20 21 6 16 49052 1.0076671771420473
9 26 3 17 42816 1.057699851806711
25 3 29 16 52572 0.9567704481366026
6 17 20 25 56762 0.9903145279098906
0 12 17 23 87145 0.9340478143428224
23 20 6 26 68456 1.0505912065899985
28 2 3 6 87490 0.9388469359686904
20 29 26 20 48529 0.9297773955151585
21 29 16 22 43308 0.9308223910346334
23 0 4 12 88470 1.0854045784543938
3 17 21 6 78167 0.9546558595333277
3 24 12 1 102109 0.9869361388106688
16 23 4 21 47171 1.0232028158332935
12 14 21 21 42946 1.0963907142209859
20 9 20 20 35650 0.9139260429461253
24 26 23 7 74157 0.9244069613336403
15 4 29 11 60051 1.0001178596767182
6 8 24 21 76438 0.9129080254114602
18 18 6 27 53975 1.0038021389239176
23 13 25 0 71337 1.0345262933124955
28 15 18 17 41034 0.9699178081155931
19 13 4 27 72243 1.0532085652775938
19 3 5 0 64686 0.9908018328241864
7 17 25 22 60671 0.9664653970916346
14 4 4 3 55799 0.9712528897751056
3 26 6 13 59364 0.9626706764177484
15 28 14 12 67861 1.053989549210485
18 13 9 2 60058 1.0765908464254839
25 5 4 7 64183 1.0636626844847799
18 3 21 19 45997 1.093001718578199
23 25 3 20 80498 0.9573641696608897
20 19 7 19 42320 0.9349603742227555
6 23 13 27 33833 1.0052650052250462
15 10 6 16 50356 1.0408003457247237
15 23 14 14 40242 0.9260732180005721
0 0 18 14 87001 1.0415708549995335
21 24 24 5 78257 1.0654617800602715
26 21 9 26 63280 0.9844567264075932
5 18 27 25 79628 1.0032291198591035
9 8 3 19 53888 0.9597556764006026
27 19 7 4 82155 1.0086616323807407
15 13 4 1 72696 0.9388407149764159
2 12 18 11 62675 1.0751823829383427
5 24 6 13 45381 0.9164000632848354
2 24 27 17 85300 1.0704365930191346
29 23 4 17 74406 0.9596554201687296
21 19 2 29 85637 0.9776706358505325
28 23 9 17 71074 0.9173977484284072
9 1 19 23 78410 1.0321036328780568
15 9 6 6 35493 0.9091763849640708
24 3 1 25 123527 0.9640853607890592
24 27 27 2 91416 1.0393654810745128
21 0 11 17 76952 0.9372365837022443
29 6 20 27 77091 0.9659048619905616
3 21 21 23 65089 1.016333128464697
21 20 29 22 31073 0.9439891240396735
28 0 25 26 86945 0.9465002193790234
0 18 9 29 55914 1.0703211117028075
15 3 18 28 77039 1.0796329140351468
17 29 13 21 48103 0.9246087094862697
25 18 8 13 53941 1.0043837121974541
21 22 13 24 39825 0.9580426512008169
5 12 15 22 56776 0.9447995301670935
11 4 10 19 57467 0.9651024656736115
22 22 14 0 80513 1.0454988657012187
9 16 2 27 52916 0.9356094001592095
15 26 29 24 50828 0.9221151169387849
16 5 4 17 75709 0.9224669792982197
4 12 23 1 82422 1.0853401546748709
18 11 13 19 40021 0.9231341732169905
12 0 14 8 35400 0.965507297401095
27 21 9 11 79582 0.9826492443311888
27 11 5 24 100103 1.0679615953788886
15 19 6 5 69449 1.0788557477324523
12 21 27 29 64064 0.9315699890441952
1 15 19 19 58280 1.06353924452392
1 14 4 6 29008 1.0331314248551071
3 17 7 5 56471 0.9762083442963034
0 24 7 27 33169 0.936856512253657
27 21 23 6 65857 0.9520619496636766
19 10 2 3 61906 0.9869679762547038
19 23 10 24 39915 0.9020111192093181
20 28 1 10 96693 0.9234095379943931
11 28 5 17 48658 1.0004046576556493
28 6 6 6 62651 0.9140764462966938
25 9 7 8 55728 1.0992428440142374
28 16 17 17 41304 0.9528796398780992
13 6 28 4 55893 0.9816070666401993
14 6 11 23 67971 0.9330547555198758
10 7 20 18 44881 1.095645286688879
4 9 10 17 43546 0.9649781918266873
2 0 25 4 100499 1.0497278982137415
1 17 11 3 72028 1.0490028424035622
22 11 12 2 50020 1.0484288869257197
3 29 5 3 99713 1.0714048024015081
0 21 13 18 42739 0.938083844333091
15 10 15 28 65193 1.0663264467973388
7 6 18 23 71438 1.086029946020291
15 26 23 15 62044 1.0447697522642034
5 27 10 3 85605 0.9000458939571764
8 10 23 15 59738 1.082021925138513
22 24 4 29 68655 1.0462809111412583
1 26 10 18 46583 1.056873862130803
24 17 18 7 39916 0.9559020755373995
0 24 14 26 55816 0.9626879286990975
12 13 2 6 50428 1.0902627422885063
0 5 26 10 81831 0.9419325335940695
21 8 9 17 63921 1.0272120624027608
10 9 11 21 43014 1.0106896282134963
26 14 26 2 49319 0.9089740868163906
12 22 14 6 60007 0.9643367659741442
29 16 8 26 74382 0.9312912964500962
23 27 24 18 41575 1.0813414805095456
11 5 4 26 83797 1.0361387807173852
15 28 18 21 33755 0.9328925384794561
28 21 21 15 41973 0.9560422398863223
11 12 28 19 66195 0.9979089700845922
2 24 1 4 70234 0.9731058975326135
18 17 25 13 34944 0.9222602153155449
1 2 2 29 93445 1.0894931316167353
11 14 13 3 48088 1.0762129567381946
8 25 7 5 61090 0.9510307948448612
10 21 17 1 76899 1.0543561383786
21 20 12 28 48278 1.036389802348135
4 20 20 1 86100 0.9000674723432313
5 8 13 27 77564 0.9524226392012538
4 22 19 21 48117 1.0218842928759864
9 18 12 8 38315 1.018688215429819
20 14 0 3 76448 1.0423763502685
8 13 27 14 64310 1.0967134578482587
10 13 20 28 66861 1.0808477434666823
25 15 12 22 60674 1.0880063113327392
19 17 9 27 53341 0.9850954798453262
2 7 20 24 83516 0.9447102939077238
19 4 27 0 44269 0.9399158304668851
16 5 20 16 41710 0.9085279677810827
8 27 9 6 66624 0.9940246328495292
3 16 17 15 62494 1.046566459373219
5 13 6 25 45132 1.0429710875088494
22 1 1 23 110451 1.092707010047036
4 11 17 4 64696 1.051482706680337
15 1 17 12 49916 1.0694181827066682
4 27 28 29 75682 1.0749175571060896
8 13 24 27 78283 0.9914754140971225
9 26 14 0 103460 0.9514906662946041
29 26 1 20 95365 1.0015726915757153
28 6 21 1 50616 0.992479543898504
10 29 11 15 50400 0.9542212346204021
17 27 22 16 41350 0.9347712784453108
16 2 0 17 97639 0.9055188210133183
9 3 19 3 46932 0.9174814978575611
8 15 18 22 49528 1.0452258879591507
4 29 5 20 35548 1.0860090606823514
18 4 23 17 48622 1.0110859417769356
5 14 6 29 57873 1.095519145520525
23 24 14 2 95417 1.0099992341418444
24 5 13 26 91777 1.0175453415890197
22 19 4 24 68472 0.9328360765082722
14 1 24 6 54731 0.9665243206920558
16 17 28 19 38769 0.9711947387352303
24 29 14 0 108615 0.9328577083834955
23 13 2 24 96280 1.0465161432440886
21 27 0 27 61756 1.0989768990801023
9 6 17 15 54792 0.9099535639698698
20 2 17 22 58149 1.088334614424505
9 5 21 24 83487 0.9182599611150669
6 26 4 18 32410 1.0770034035619256
6 2 20 15 70590 1.0272861136015168
29 19 13 7 57827 0.9578833478110305
8 3 21 22 76495 0.9863281080438621
26 23 7 2 101326 0.9031170356772596
12 22 7 28 36002 1.0816794551759041
27 23 17 13 60149 1.0007625732858156
10 14 19 21 43510 1.012046576629965
23 2 26 11 51936 0.9536411860854561
27 17 16 17 33041 1.000393211497784
5 23 24 3 108920 0.9906154807419603
28 24 15 0 100971 1.0596698552406443
14 26 26 0 110298 0.9001355659752901
16 1 1 26 117976 1.0342292641528246
25 28 13 24 49589 0.992455799650527
8 25 13 8 61362 0.960902360805737
9 17 0 25 49245 0.9137769791363002
11 4 8 16 49515 1.0124235250529798
18 27 6 4 89819 1.041614676433591
24 17 7 26 67059 1.0927816105858228
14 0 23 16 75910 1.0470714480174936
28 21 19 6 54661 1.0426177857391876
1 1 13 22 97410 0.9879204620413379
17 5 26 13 55576 1.097905275235478
20 0 11 24 89137 0.9379742569949895
10 21 0 25 39315 0.9636931349486867
25 18 19 2 46444 1.0540946634568953
24 14 14 8 46711 1.014428072042163
24 16 2 21 74812 1.0426968390732596
9 16 9 0 60365 1.0285032077018035
20 17 9 5 55970 1.0830669944128535
29 21 18 11 47771 0.9806613387485641
20 24 22 10 44915 1.0163388610924322
18 24 20 0 67315 1.0314258698044776
5 14 28 0 105763 1.0010945573878016
27 21 7 17 61546 1.0901419349216628
9 18 25 18 36979 1.0419973872669266
23 15 16 9 40144 0.9902236733654683
28 11 16 7 45458 1.0268519876916697
26 2 10 2 70810 1.0621454714278444
4 1 3 15 54249 1.0365491097227202
6 5 28 23 100538 0.9103627724700255
14 15 5 1 78638 0.9778454060428317
13 29 29 9 91398 0.9850833720269296
29 13 13 13 56462 1.0457468790258897
29 28 11 7 89882 1.0314804745893766
21 23 5 10 83127 0.9475253545656699
10 26 0 21 46718 1.024506029812742
0 13 13 11 56282 0.9883326307966105
13 3 20 22 69921 1.0456908816154251
6 19 24 21 56440 1.02813762063117
1 24 19 18 64113 1.0693689022517965
19 23 3 27 55182 1.045323544150617
1 5 9 1 43463 1.0603389395301464
26 9 16 3 49372 1.0064906568168508
24 3 17 22 76428 1.0503507623552686
27 6 1 25 115145 1.0189707938394255
11 9 3 7 26513 0.9327524937005267
27 17 3 1 101261 0.9705310244807706
1 24 4 13 43309 0.9179321240123652
12 23 9 16 35788 1.090653778332644
29 5 19 21 61996 1.0459135772192234
14 5 22 13 48652 0.9308381874308184
24 28 17 4 80253 1.0757654812437694
23 5 18 15 45243 1.0043888738068794
6 9 17 3 54268 1.0052574794202846
3 15 27 6 93864 0.982932396952717
3 26 8 9 63733 1.0127136988352898
26 27 16 27 27513 0.964690373641417
8 2 1 21 75508 1.066846078856524
9 10 2 21 54320 1.071162704424907
8 29 24 22 66630 1.0810469152340767
5 7 17 26 83857 0.9697639935581593
17 21 26 1 78717 0.9787025540832861
4 28 25 15 92531 1.0565470971396547
9 29 22 9 87170 0.9367688346646538
9 14 13 21 35110 1.0547174044867986
6 1 28 24 115617 0.939399241733329
21 3 14 8 37686 0.9580363919060013
19 17 8 27 54888 1.0916192157360465
17 10 29 7 41257 1.085532124210528
24 6 6 13 72638 1.0479466175561842
11 20 29 7 79917 0.9308016568134303
6 19 25 12 74439 1.0499655829728392
22 5 1 14 77512 1.0438870857733389
11 16 10 0 57940 1.0114948539845428
21 14 8 14 43782 1.025443162409077
10 17 6 10 35554 1.017847875575204
21 9 1 22 85553 0.917970082154429
20 1 21 22 59562 1.0504448204827321
3 3 29 13 97259 1.0442587144087603
28 15 14 13 56679 0.9861368388004886
15 26 22 22 40381 0.9518452762727422
27 9 6 29 107572 1.0528470925922049
2 6 24 8 61789 1.032229553071653
0 18 22 6 83090 1.0609040381709982
23 24 2 27 77014 1.0818753240208716
11 13 28 10 65635 1.0569577398776249
29 2 3 3 94272 1.0375448049926759
2 3 23 26 114570 0.9806059745315882
22 13 14 18 37229 0.9741551099733777
20 29 6 15 76710 0.9108510111549144
20 28 8 16 59440 0.9696693567536109
8 3 25 4 69073 0.992482161559688
19 11 10 25 58957 0.9761433229826322
29 24 0 14 99743 0.9831580873287924
27 23 10 29 68870 1.0866751698266348
16 18 14 9 43307 0.942751864096219
27 18 19 5 41833 0.9397294053914144
16 26 10 4 84776 1.0947058090490842
19 10 8 25 59758 1.0589328534064681
23 21 3 1 99339 1.0669517335788268
21 19 13 12 46908 0.9114471543563553
18 12 8 7 38411 0.9325956523566484
15 21 1 28 58069 1.003935005550656
2 1 8 24 88198 0.9853732319193327
12 13 28 28 83869 1.091687019810361
25 28 3 5 113482 1.0477596211950746
14 10 0 22 76549 0.961401473522594
8 19 23 17 45937 1.0215591841330696
4 0 19 2 66503 1.0500514826986636
11 29 19 16 58771 0.9435811747082028
20 1 3 11 71432 1.0977780839771225
18 6 22 14 31013 0.9101395177560814
9 21 3 27 32520 0.9177749605395507
17 10 13 25 61348 1.0969912110212712
10 23 20 2 77539 0.9503706912762694
25 23 12 25 56966 0.9238235588179108
27 15 4 23 81290 0.9859437991541607
14 27 27 6 85053 1.0093404139312232
10 24 11 5 70391 0.9089115000336978
23 24 11 24 56826 1.0351263198303635
12 17 27 10 60843 0.9573795397396497
22 19 7 1 78913 1.09699699601299
18 11 15 18 30541 1.074307429633317
27 20 9 12 72434 0.935440049550032
2 2 21 3 76985 1.0564756977192007
7 19 15 10 49120 0.9220779109474847
0 18 14 28 65497 1.0160066237554963
20 11 0 21 78475 0.9096549867884285
4 6 10 10 28737 0.9812224896788923
8 0 12 9 37083 1.076979070703665
13 27 2 7 87078 1.0673183843410132
26 5 16 18 60252 1.0204594100559488
10 15 21 11 47903 0.9769637858144017
29 2 14 24 100279 1.0171089103985431
20 8 7 8 37573 1.0945061827276543
7 13 3 6 35256 0.9219413805438741
0 20 22 9 85556 0.9961432684128013
28 26 16 14 65121 1.0203749994714775
5 22 21 21 49740 1.049864546051201
18 2 12 11 44009 1.0731926907124643
27 6 5 23 100538 1.0228410486240511
0 17 6 29 59514 1.0492141541364122
18 10 0 2 72942 1.014312038662219
21 17 11 1 69090 0.9886620326549953
27 20 16 12 52911 0.9711180830672126
19 7 17 20 44643 1.0260362703073906
8 9 20 25 74812 0.9956738817679389
14 24 9 18 36753 0.9290649249181953
5 15 24 29 92696 0.9567703485596019
8 26 12 14 40160 0.9687147700281177
6 3 11 29 96867 0.9718783360171124
21 7 19 17 24871 1.0702505580224668
28 11 18 17 50003 0.9669175355379096
11 14 9 28 49986 0.9505073475092612
1 28 29 8 119160 0.9605218001220803
23 0 14 5 60241 1.0825197183824626
27 23 18 5 67762 1.0490497123209601
28 3 14 17 84488 1.0842501156877977
21 4 17 11 37670 1.0119612697500437
13 21 16 12 45969 0.9024705844067555
16 4 3 24 105789 0.9412263519194842
9 26 23 10 78686 1.0269122933643902
0 10 26 4 87017 0.906833985063832
18 16 18 3 35780 1.083897551017142
8 27 8 4 67016 1.0887819638459582
26 25 6 7 94380 0.9068083242106876
12 5 22 26 76461 1.0849751507990109
1 22 8 28 41136 1.0654355028875557
19 14 6 14 42701 0.9302264260483832
20 10 9 16 49717 0.9565111332978727
1 17 10 19 29012 1.0271510896828802
0 10 29 16 98322 0.9076895688603566
16 18 13 29 50603 0.9528951886458844
23 28 8 24 53931 0.9594310835291138
5 16 15 29 65680 1.0190937210664068
16 22 23 16 41486 0.9776840537917949
28 3 23 13 60425 1.0685727585540241
8 8 2 16 48329 0.9079861649693903
0 2 26 23 119482 0.9766567126059291
24 26 12 8 79343 1.0913244086766416
6 28 13 23 38240 0.9582895185631526
1 7 24 28 104491 0.9774896672313191
26 26 29 13 43411 0.9126091601138532
17 25 7 18 51210 0.9632883238354937
21 13 24 6 42509 0.9470635655328248
14 16 6 7 59480 1.0499923112132117
2 29 3 10 74235 0.9917484805533988
19 22 28 12 47860 1.0079214906040987
4 14 20 6 67203 1.0043745270161908
16 2 6 14 74044 1.0123565056917971
2 3 6 15 53826 1.0411037146174762
29 13 13 17 53671 0.9942203243052873
19 27 27 1 92140 0.9886487378929965
24 10 8 23 69095 0.9944500851033864
23 22 1 14 83125 0.9718457984365002
5 18 0 11 37810 1.0968859650278262
22 8 21 28 62810 0.981792889398787
22 19 29 4 53039 0.9205711962090289
18 6 7 5 37604 1.0381213257601865
18 2 0 6 64333 0.9384488425613804
27 6 25 26 71937 1.068662283538801
22 2 18 15 47701 0.9653085588455664
10 21 9 0 73340 1.0826129052096825
8 24 8 4 57630 0.9948500708301146
21 7 21 24 57161 1.0940400838990005
28 5 15 12 62710 1.075107183661909
9 13 7 26 45021 1.0169156625710736
11 8 3 14 46006 0.9429272191478933
13 0 19 13 54716 1.0193297457333064
17 25 26 1 88826 1.06232604303922
11 12 17 19 42583 0.9496937035299463
12 25 15 2 89653 0.9848037751238503
17 22 18 3 53701 1.0260313579926512
2 9 27 18 84080 1.0045354183041522
4 25 12 23 32004 0.9438357282229712
28 18 0 27 93388 0.9823948515699765
25 7 10 8 38362 1.0225870443878586
29 14 10 7 63376 0.9781468831788072
1 16 28 18 70643 1.0168451012768671
0 17 13 29 71127 1.0584441030490799
16 5 2 23 99169 0.9854556820042898
1 18 20 23 62811 0.9425565298175438
15 27 6 5 91620 1.042628348803829
28 0 10 24 114188 1.0555359775266697
25 19 19 25 35326 1.018623621838307
13 7 14 29 83100 0.9215834286857293
27 20 29 12 28789 1.0457639697257979
1 18 6 27 44457 0.9585483806288387
26 11 6 9 67104 0.98138813782491
4 18 18 19 40104 1.0234501246687815
0 8 12 6 39123 0.9772628740529818
13 4 19 14 41366 0.9168849684519412
0 7 12 4 39107 1.077810597338563
2 28 16 24 57948 0.9058431457031353
1 1 25 26 128045 1.0046852186412767
9 4 22 2 62017 0.9024624896650307
6 5 11 0 37532 1.0237816237958146
11 2 6 20 72818 1.0303562698423752
14 27 21 5 74638 0.9106345625554911
25 27 8 6 87031 1.0662730229561568
27 21 23 7 57051 1.0519076058812196
16 16 28 6 64641 0.9969872997018212
5 14 1 21 35264 1.0594211561305744
1 13 29 16 87930 0.9462471453011836
21 17 7 21 47506 1.0884786285860517
0 1 26 7 84039 1.0371527257712159
27 13 22 23 47398 0.9936882668213742
28 14 13 10 52826 1.020529564943932
22 25 22 8 60552 1.0527815744524147
5 16 26 1 104600 1.0808530865492632
13 16 27 9 61675 0.95881403594462
13 5 14 19 60304 1.0811982308340915
26 7 20 1 37212 1.0784146243396837
16 14 4 23 60649 0.9052260962565876
19 0 12 11 43986 0.9828353350858199
8 16 24 3 86518 0.974824831361819
28 0 4 10 95549 0.9590895380714295
21 25 14 11 62474 1.0445103979226553
17 27 22 5 67473 0.9719003584313304
10 26 1 27 29469 1.090345355514725
4 8 12 19 53878 0.9848754271746147
9 28 16 3 98619 0.9737283103582465
27 11 22 24 59674 0.9891350226513861
14 0 23 5 60532 0.944323099171408
10 3 19 24 71178 1.056339859287293
29 6 5 4 72907 1.0968256815925952
3 9 27 24 106131 0.9581197304116464
2 21 1 9 41368 0.9127103268514708
28 20 13 16 55501 1.0197922722763204
12 14 16 20 31709 1.0945845945842692
15 29 3 5 108354 1.0020343547700956
28 26 11 3 101757 0.9417589089784063
5 6 27 21 87651 1.067137131712178
12 14 28 18 49247 0.9933925796788582
6 28 17 19 62106 1.0542884900053096
4 15 21 13 67387 0.9874102134389481
10 2 28 18 78621 0.9526309492647337
29 4 5 23 107010 0.97756942664062
18 14 14 22 41909 0.9179316092127047
17 3 7 28 98357 1.0001954623993652
16 2 27 29 102690 0.9743111113999491
27 4 14 9 55690 1.0881805093829486
12 9 6 27 67492 0.9698782356074943
20 21 17 13 35540 0.9331449070700801
23 23 8 11 74964 1.0858813483372862
22 0 6 27 109873 0.9458354432685769
14 17 24 5 68726 1.0430747109178462
18 25 19 3 52102 0.982595385611381
26 5 1 13 86755 0.9666472373068355
10 2 4 9 39914 0.9379778727982548
25 20 4 18 60010 1.070041633609027
6 0 25 19 93371 1.0515350340448346
12 21 3 19 37318 0.9294709036825104
13 28 22 18 49947 1.0467902518661054
20 20 9 3 75184 0.9665963951368295
29 27 3 20 98070 1.090508630201916
12 1 3 9 52118 0.9285662895231577
20 4 16 20 53576 1.0856006675525545
29 17 18 8 50192 1.0972226837192056
6 10 2 29 77271 1.0852100442273938
1 16 20 16 63114 1.0948610411458315
25 21 19 12 35515 1.009426214161015
13 17 20 10 39061 1.073770575898872
20 5 1 8 53175 0.9799403437089506
8 22 17 21 27046 1.0981995614234616
20 15 5 26 71175 1.087899611059022
14 15 24 24 64459 0.9462397322564647
8 28 7 16 38688 1.035303923487773
28 24 1 29 95667 1.0017663934844065
19 9 9 28 71869 1.0417831663696404
16 0 11 28 101209 0.993366059350369
3 29 1 12 67319 1.0818879949058602
10 4 1 28 95750 0.9039787606313746
25 9 14 7 37072 1.0720869508389594
27 5 18 17 54554 0.9106894080174592
21 6 15 1 41171 1.0706484347674614
20 24 26 19 39981 0.9891597801773061
4 13 22 26 86844 1.0183587703847403
19 20 3 9 71909 1.08161650472976
18 0 26 16 64001 1.0859679664590725
14 27 19 4 64688 1.0484567602818193
2 2 18 2 74569 0.9508700446628021
3 23 9 15 49725 0.9367517218032871
1 0 29 18 108938 1.0632312100562533
7 27 11 16 45369 0.9214314475540736
12 21 19 6 52342 1.018998250047488
19 16 14 28 46263 0.9955093670211892
23 17 8 11 62150 0.9097537375368085
11 28 21 2 92731 1.0393859909212566
25 25 3 16 89478 0.9808125320061141
12 12 24 22 61055 0.9394194292566836
12 2 27 2 66705 0.9811859738274298
2 27 20 29 60864 0.9735522711105769
21 10 0 26 94845 1.0241452246894198
10 21 7 4 61616 1.0610539897716789
12 22 9 5 65624 0.9820661942230617
5 27 3 9 70691 0.9033558476338813
23 19 6 12 67674 1.0182276672988146
3 4 0 12 38100 0.9728553869585099
10 12 21 12 41948 0.9231572460544635
16 20 11 11 48594 0.939239818297891
11 15 24 26 74912 1.0006915574915338
18 2 23 16 53707 0.9933282970882871
19 22 27 9 51785 0.9883054061323668
28 9 12 28 90613 0.9700561660292124
15 5 20 22 55289 0.9527018797002942
23 2 19 25 73595 0.927205483736379
25 15 15 14 36523 1.0014262045400204
0 27 26 17 92913 1.0439636617489505
17 12 19 0 35880 1.0737332032513698
2 21 12 18 35040 1.0527979678518402
5 6 1 0 37140 1.0356966726512291
5 9 18 1 55733 0.9633637582799984
12 9 28 16 68260 1.0957911420489088
13 16 0 4 78945 0.9300405494373752
22 13 5 11 64251 0.9978792861880754
22 0 2 6 72173 1.048151132790603
9 17 17 3 71563 1.0589267813463779
25 14 13 12 44694 0.9840317861353653
8 16 18 22 45514 1.0946761688992512
6 8 15 2 48295 0.9454486448503869
21 14 5 16 57889 1.0548310095912754
19 21 14 29 39923 0.9037695965075003
8 3 20 24 79419 0.9848609176932168
27 23 8 4 90467 0.9828674026584601
24 3 10 20 87520 0.9606315435165347
3 17 2 0 70308 0.9514127483367504
4 26 3 1 95322 1.0395543377729948
5 29 23 18 77057 0.9310297921312023
5 29 3 1 106020 1.0395503183205226
3 1 9 14 61081 0.9802705800566891
8 24 14 1 87136 1.0021835491775184
15 21 12 8 51708 0.9679978970030176
7 18 2 27 43675 1.023775999563556
11 23 17 8 73152 0.9891565583232731
9 5 22 21 70262 0.9852310723204976
9 20 15 29 50609 0.9303918970982262
28 23 28 5 58001 0.9273968128668316
27 14 10 29 83948 1.0386841985237762
1 17 17 17 48556 1.0506364911477057
29 1 11 12 79054 1.0019054425017129
11 18 22 2 70080 0.971170828466313
0 14 19 13 65302 0.9807719832346671
5 13 15 18 38965 1.0173918791096956
27 28 13 23 57491 0.9770907320352491
15 11 11 2 49166 1.0702299522238048
25 1 3 29 130664 0.9609483299585047
4 9 15 23 71353 0.9000946219249387
17 3 22 21 55964 1.0001136137527424
20 29 5 27 50973 0.9254509560112714
24 24 16 10 60479 0.9315704987201082
4 26 4 12 51285 1.0010310649075544
