5236 4957 7351 6683 6313 6451 6219 6228 5751 7362 5337 4750 6022 7242 7660 5331 6180 5979 5468 6416 5059 6413 7356 6797 5548 6460 6162 5943 6836
2345 2209 2686 4236 1343 3973 2893 3036 2477 3507 2828 2170 2054 2990 4170 3609 1671 3859 3475 1439 3271 3734 4037 2145 2010 2375 2068 4014 1472
4901 2686 3132 2469 2182 2406 3968 4314 4504 4464 4505 4302 2154 4604 3118 2089 3225 2656 2667 3650 2004 3748 3368 3199 4052 3955 3082 2838 3358
3687 3268 2436 4417 3086 5291 3179 2339 4946 3755 3866 2986 2342 3782 3545 5186 3362 3922 4991 3231 3880 2613 2683 3907 4535 4989 2702 3441 4127
3856 2824 2611 3021 2681 2868 2352 2193 4102 2697 2897 3990 3677 2647 3101 3052 3316 2087 2770 2316 3061 2017 1578 3639 3200 1621 2006 3850 4107
2637 3656 1755 2716 3820 2145 3716 3714 1941 4060 2556 2863 3870 3629 3096 1987 3638 3365 3911 3674 2077 2419 1768 4376 4268 4610 1819 4423 4375
4251 6033 4245 7006 5603 7150 4877 4410 5852 5422 5512 4487 6186 4732 5273 6634 5835 6085 4891 6063 6878 5566 5843 5290 5987 5880 6773 4255 5341
5616 5451 7051 7845 5671 7690 5446 6784 6420 8153 6753 8058 6461 6726 6792 7387 5761 5736 5787 7106 5607 7532 7651 7241 7760 7484 5907 7649 5588
2766 3205 4392 5609 5390 4155 3940 4734 3229 4525 4932 4081 3256 5224 4245 4487 4253 4366 4118 3549 3795 5482 3953 3663 3843 4896 3526 2701 5083
3542 2148 4073 3957 2877 3361 3685 4091 2305 2402 2929 3547 2625 2612 2595 3261 4359 4463 2844 3732 3769 3547 3780 3400 3790 2521 4389 3456 1842
6834 5981 5556 6303 6375 6574 6028 4992 5660 6626 5806 7610 5536 7766 5046 6733 5053 7081 7327 7829 6080 7510 6061 7979 5801 6490 6819 6304 6270
3746 4417 6075 5487 5573 4713 5882 4350 4906 3571 5646 3789 3384 5207 4385 4950 5655 5176 4654 3565 5681 3166 5304 5924 3824 6104 4781 3610 5973
4636 5532 3576 5028 6137 4995 3521 4133 5468 5283 4683 3578 4226 4902 3749 4897 6152 5914 5908 4443 5706 3951 3360 5888 5044 4882 3955 5466 4681
4164 5630 4292 5731 3908 5754 5412 4272 4713 6321 6226 4368 5819 6291 5562 5266 6378 5303 4795 4071 5332 4894 5908 6691 4987 5078 5651 5038 4944
7709 6369 8418 6049 6513 6581 8522 8334 8005 7492 8871 8448 7292 7687 8772 6077 8695 7176 8061 8364 8633 7728 7235 7068 7078 6123 6862 8067 6840
3070 3101 4649 3107 4587 3986 4047 3588 3482 3533 3629 2239 4178 4003 4902 3097 4947 4021 2539 3675 4814 4080 4235 3158 2409 3057 3519 3363 2335
5161 4140 6483 5106 3883 5396 4891 4236 6733 5841 4468 5444 4935 3921 5179 4634 5732 5281 5516 6019 3857 4045 6294 4352 5716 4100 4460 4445 4328
8031 7783 6789 7356 5904 6503 7272 7614 8035 8279 7490 8276 7983 7079 6352 7037 6352 6791 6901 6231 5489 6051 6496 7074 7839 6715 6117 7314 7670
5471 6307 6074 4101 4190 4242 6453 4184 6466 5603 4651 4322 5778 4147 5444 4179 5316 5952 6268 5176 4711 5007 5688 3976 5071 4444 5197 6521 4645
4314 3413 4074 2625 1617 2060 3347 2343 3066 3379 2870 3646 3973 3638 4492 3666 3277 3303 1768 3192 3536 1989 4442 2579 2992 1812 3694 3896 4062
7538 6711 5977 6021 6571 7182 7060 5993 6966 7835 5220 6068 6819 7152 7944 6613 6089 6094 6126 5450 7897 7359 6408 5128 5508 8051 5975 7053 7767
6521 4908 5207 6915 4490 6341 5415 5838 4588 5749 6136 4670 5271 4207 6844 4708 6860 4191 4624 5025 4783 5528 5835 6442 4009 6478 4834 6795 4791
5156 4761 5546 5360 6680 6538 4377 4140 4619 6562 5612 5926 5451 5199 5867 6720 6493 6836 5516 4552 4995 6645 4526 5487 5551 6692 5811 5343 6205
7110 7757 8726 8452 7154 6293 6510 5914 8667 6250 6925 7394 6651 5993 7949 7806 8256 7892 8409 6673 6513 8692 8052 7628 8331 7084 7362 7395 6316
4984 6419 5101 4574 4489 5070 5773 4185 4951 4768 6408 5659 3750 3989 5013 5522 5520 4694 5894 3845 5492 4683 5347 5151 4609 4999 6078 4619 3541
6195 6499 4090 6428 4155 4823 4440 5847 5522 6581 4120 4201 5459 4516 5076 6715 5837 4535 4754 5972 7075 6581 5338 4312 7068 4527 4274 5114 5216
3408 2255 2943 3132 5026 2480 2744 4031 3254 2249 3870 3003 3160 4521 3438 3729 2492 4747 3042 4433 4093 3809 3501 3978 4995 4940 3338 2771 2594
4580 4475 4142 4936 3710 4806 3862 2910 3990 4791 4853 3401 2637 4296 3341 4767 4824 4019 3646 3055 3116 3931 5032 4702 3247 3209 3118 2886 4424
7715 6815 5565 7240 7729 8382 7532 5510 6832 5801 6724 5868 7041 7198 7411 7090 6619 5440 5694 6869 7846 5762 8172 5899 6477 7960 6512 6369 5899
4311 3398 2846 4370 4455 4191 3048 4207 3814 4012 5426 5027 4009 4393 5399 4823 5059 4247 4927 4178 4343 3744 3493 3653 4477 3811 4569 3426 4336
3603 5679 4429 6163 4670 5380 6550 5413 6271 7153 7660 2227 5415 5062 2360 4411 4782 3597 5732 5591 6204 5514 5052 6723 4363 6655 6728 5775 4720 5978
5172 5925 6850 7196 4567 6570 8252 7483 5233 5721 6000 2496 7779 4946 4487 6292 5031 5664 5423 5348 5482 6710 7148 6237 3246 5470 6139 5885 6610 6180
4439 4651 4532 4934 2914 7578 5577 6874 4395 5356 5603 2284 6601 4964 3633 6797 5095 5876 4948 6936 5773 6840 5499 6643 2993 6465 6640 5118 4140 5059
3219 4436 5279 5976 5459 7558 7983 5398 4467 5282 6537 4077 7747 4156 3074 6360 6210 6261 5609 7467 4461 6907 5744 7827 2537 5100 5035 5753 4171 7935
4461 4762 6340 5648 2927 5509 6505 6657 6490 6411 7191 4390 5449 6304 1943 6648 7420 3712 6098 7414 4525 8035 6997 6229 3911 4824 5135 6706 5398 6969
3137 5847 6050 5171 4288 5498 5668 5567 6555 5569 7252 2244 5899 3790 2883 5525 6707 6274 5949 6224 7303 6956 4836 7136 3164 5668 7181 6676 4928 7763
4214 4536 6693 4489 3819 5861 6316 6620 5768 6000 6114 3555 5436 3983 2920 7030 6394 5176 5686 6726 6794 6067 6149 6713 3828 5677 5427 5295 6036 7563
4221 7114 6724 7078 3866 6025 6839 7147 6428 6480 6899 4569 5967 5569 3704 4461 4807 3618 5871 6695 6583 5426 5618 7016 4503 5539 6956 6048 6885 5579
4933 7214 5144 5259 4911 4742 7607 5988 4949 6661 7670 2419 5894 3601 2927 7094 5385 6562 5469 6412 5725 5641 4888 8547 3620 7595 7110 5890 4443 6927
4455 4570 6774 4625 5172 7610 6350 5576 6610 6608 6544 4205 8040 4445 4443 4800 4938 4661 5343 5470 5987 7137 4681 8331 4923 5474 5802 6374 4879 6886
2968 5109 4464 5978 2734 6497 6129 7844 5450 5963 6341 5126 5378 5443 3962 4759 4692 6308 7139 7306 6516 5922 5167 6315 3838 6000 4936 6443 6065 5764
4402 4643 6459 5569 3697 6063 7834 7498 4039 6910 5630 4386 5136 4317 3969 6327 7453 5010 7128 5683 4923 8030 7339 8083 2053 5613 6865 7562 6605 7236
2684 5212 5947 5804 5309 4658 6727 8366 6150 6127 6086 3678 6298 3820 4097 6269 4478 5331 5912 6810 5289 5463 6910 6981 2637 6873 5625 6892 6841 7441
3938 5064 5070 4873 4327 6584 7871 7492 4283 5402 6873 4328 6921 4212 3091 6537 7011 5398 6071 5318 5449 5531 6744 6445 2055 6095 6794 5721 4908 6114
3751 7172 5297 6991 4769 4945 5572 7621 5887 5172 7046 4389 7330 3869 2366 5299 5889 4562 4897 7083 5262 7923 7040 8731 4917 7331 5541 5686 6897 5649
3286 6782 5336 4438 3073 6121 5830 5653 4568 6218 6133 3003 6104 6241 1906 4673 7043 3599 5735 7373 5308 7078 6196 6206 4050 7415 5129 5114 4130 6118
3803 4926 6784 6620 5381 6365 6140 5501 6884 4660 7053 4542 6270 3676 3165 4762 5880 4063 6441 7409 6502 7722 4955 5957 2747 6788 4760 5512 4149 6907
3678 6405 5882 5505 4362 6418 6025 7619 4511 7216 5640 4768 7498 5695 4007 5876 5741 3780 6525 6790 7146 6881 7438 6977 4204 6715 4571 6702 5955 5644
5225 5484 6983 4466 3238 7627 7419 5929 4192 6117 7112 2406 6780 5059 3773 7161 6312 4009 6940 4991 6603 7570 5189 6634 4203 5275 4497 6607 4712 5051
5082 7266 4817 6318 4268 5597 8084 6747 4774 7248 6131 4141 5914 5188 4714 4659 7402 5970 6743 4773 5524 6098 6736 7717 3802 6947 6608 5051 5674 6261
3110 5445 6008 6719 3717 6298 6844 7716 6587 5103 7627 4494 5237 5008 4661 6824 4672 3954 6064 5427 4813 7827 5954 8598 3083 5486 5468 5080 4747 7236
2908 6116 4578 6506 4351 7519 7769 6362 5066 7536 7095 2521 5473 3338 2111 5368 5285 5606 6867 5491 7104 5062 6444 5901 3421 6785 5665 5065 6309 5667
2755 7061 5350 6695 4007 6986 6335 7195 4821 7237 7813 4767 5844 4018 2062 5993 5969 5145 6974 5883 6691 6746 4905 5855 3492 5464 5538 6957 4340 5383
4249 7094 6841 4399 4766 5968 7186 5973 6505 4858 6543 2613 7543 3938 4057 6803 4920 5332 6568 6712 5578 7627 7666 7192 3520 6844 5454 7523 4890 5984
4382 5544 6967 7189 5638 6766 7482 7425 6601 4922 8173 3971 6863 5097 4125 6028 4787 5427 4735 6482 7184 7720 5922 6355 3892 5003 4619 5615 6746 7005
4566 6294 5841 5653 5341 6008 6468 7343 3984 5756 5936 3287 7494 3325 2682 4337 5576 6575 5618 6327 6231 6558 6734 8404 2760 6819 7304 6324 5206 7147
3649 6461 6700 6343 4063 5785 5641 7471 4173 4871 6847 2991 5383 3731 2301 7291 7269 4749 5686 6673 4473 5802 5455 7664 4829 5139 6189 7952 6211 6372
3478 5877 6418 4731 4800 7529 7459 7189 6959 5278 5608 4023 8091 5056 4431 5063 4640 5120 5736 4715 4449 7799 6155 7986 4498 5152 7287 7971 6201 7430
4158 4993 6588 6654 4451 6035 5635 8189 6457 6374 7953 3143 7364 4243 2274 6449 5050 6065 5790 7234 5475 6156 6349 6542 3322 5569 5662 5038 4712 5159
17 25 18 7 76070 0.942832122837457
15 21 12 1 93572 1.0417116469035748
29 29 11 27 98083 0.9812687823472026
9 1 13 8 46308 0.9103734070739998
4 22 20 11 86274 1.0423556651373262
3 12 6 0 43681 0.9328019186036376
14 3 5 27 110811 0.9276433886676306
18 21 1 14 91154 1.0555420340918293
0 28 7 1 102441 1.0279536988339546
21 16 18 9 43855 1.0616919807978562
28 25 15 5 114978 0.9064652051643639
20 26 2 12 106277 0.9289132541713001
11 29 10 10 82655 1.066649096289649
4 13 13 5 65818 1.0991260436871544
20 4 10 3 47461 1.0797341991678462
19 23 5 29 72816 0.9119512016112087
24 11 10 22 97823 0.9824715236593666
9 14 26 12 66872 0.9704158973915635
2 22 12 8 76760 1.0583207605824672
22 26 5 21 81850 0.9487450952285089
1 27 16 20 76169 0.9876020941124839
26 20 0 19 122997 1.0318963301980333
14 11 24 15 50278 0.9559823968372408
6 14 0 19 36227 0.9148511596133325
1 15 5 24 39927 0.946702446157248
18 20 7 8 88877 0.9255489478023561
26 29 24 20 45963 0.9508943319938912
12 4 17 21 91745 0.9074851147704418
24 22 28 14 49171 0.9855353854597355
0 13 3 3 41241 0.9129141531240011
4 2 10 22 83364 0.9792192921285341
10 2 6 20 83980 1.0928311768620331
21 7 0 3 106699 0.9501398333683364
17 21 15 10 54117 1.0290444207035827
15 14 2 11 50720 1.0281096883608498
24 7 2 28 145186 0.9738940286576031
22 24 12 7 96918 0.9841609266768313
16 6 1 26 110932 1.000350339927541
26 3 17 7 55792 0.9712946183368679
18 16 2 6 90578 0.9831431540770026
13 2 14 27 109534 0.9293661252872758
28 0 13 12 95091 0.9505538272911597
25 12 28 20 42234 1.068030933866564
11 1 24 18 116795 0.9768537809949576
22 17 12 23 67040 0.9964068104964579
19 21 20 4 57441 1.0806956882788645
24 15 28 24 53334 0.9868599488298506
6 22 20 17 85409 1.041249245946383
10 29 20 10 109424 1.0396130948316629
29 13 12 28 114215 0.9621731063954598
4 12 6 23 40891 0.9045073853850185
11 15 16 5 56714 1.0213297692603593
24 21 27 14 41895 0.9543868090787193
15 1 2 22 111540 0.9878232820009498
19 9 12 0 52787 0.9014061026942966
16 12 9 3 60062 1.074916602458412
8 11 5 0 43084 0.9459687864881164
16 20 1 13 78978 1.0742194139125758
9 24 3 4 81526 0.9770685027509756
0 28 19 15 104548 0.9359997520250244
19 22 25 13 51469 0.9522983735557389
11 0 12 16 72597 0.9244214235448112
14 29 2 5 124696 1.0270550210838116
20 17 29 1 95616 0.9902232923251189
16 25 2 26 62752 1.0020325719514083
23 26 17 1 112267 1.0726824154858954
10 8 15 18 61925 1.045061601284413
23 5 3 12 107250 1.0516451449798558
10 26 1 11 74987 1.0410491855629
23 2 14 25 114579 0.9369290072874579
24 10 14 17 66560 0.979947713021032
21 16 4 13 72035 0.9712498794190842
19 14 0 2 97475 0.9793312298025791
27 29 15 16 86890 1.041044327246035
14 9 29 7 80463 0.9935816205737584
26 20 20 26 48421 1.0913351150029191
11 9 25 23 105737 0.9961641187348627
24 2 11 28 138152 1.053450465114679
26 19 14 28 78233 0.9983264836516457
24 14 10 17 63059 0.9649853558809497
20 8 0 18 102694 1.0726163495648797
16 16 27 12 54404 1.0061243789231815
1 15 23 18 103911 1.0224886505441604
8 22 27 14 94950 1.0097742586004341
9 27 28 11 119641 0.9584008814104183
24 0 12 12 81904 1.0618210371745738
28 11 23 20 56338 0.9868150011591716
13 28 16 19 51488 1.0466764772923276
6 12 16 24 80692 1.0699958111584222
25 1 2 15 131667 0.9177821177505764
8 2 16 29 120582 0.987223595324943
24 6 2 4 100914 1.0027446149279522
28 1 28 19 81794 0.9201911840471051
26 1 5 29 163623 0.9075762631096802
12 5 27 6 78383 0.9781347837756903
16 17 19 4 53226 1.0882441047703733
12 1 23 1 51966 0.9577277010961265
15 23 29 25 59458 1.0789683462769002
16 7 5 19 80227 1.063118092356543
24 4 6 1 90907 1.063172385987459
8 28 26 27 91456 1.0796979518132483
20 17 16 11 40378 0.9467922434645684
24 16 10 18 79592 0.9316437949282919
6 2 22 24 131373 1.0606823407954415
28 19 0 11 119494 1.0649804620664507
8 1 23 28 147213 0.95061185589862
12 4 28 10 88387 1.0915896300239
27 13 15 18 60827 1.0248767570815978
25 2 20 28 117213 1.0448056671380437
5 24 8 17 36658 0.975439387314474
11 21 23 28 74637 0.9188768024548387
24 17 20 0 83107 0.9749810470512141
22 20 14 29 65523 0.9250357315024266
17 19 28 20 66231 1.045326640783256
4 28 26 19 109114 1.0063900103091763
11 29 6 1 120362 1.0876386467007122
10 22 6 0 90675 1.0490544655053402
10 12 12 25 64201 1.0546210923899828
7 26 16 24 43788 0.9121803564889542
3 28 11 7 88992 1.0499529379390713
26 1 5 9 111255 1.0846848589242843
5 15 16 16 49177 1.029120582030096
25 11 17 23 76841 0.9068565510995764
6 29 15 21 67963 1.0435589028248065
18 7 9 2 61739 0.9065869007629238
14 8 12 20 66132 0.9961592874235129
28 25 28 11 63189 0.9786729031730973
11 7 11 28 93680 0.9484785123806992
29 24 16 15 79646 1.0332654092125129
13 25 28 4 127020 1.025060221824635
23 29 4 28 103986 0.943692824953515
11 26 24 4 120086 1.0270676675010366
5 3 9 24 80456 0.9113096441158108
8 14 28 22 100448 1.0799225952033578
7 2 15 17 85206 1.08090147319695
3 23 15 11 76872 1.0860448376013416
16 5 5 9 65184 1.0406400242694775
13 8 25 21 101029 0.9118606245369801
1 9 24 28 142269 0.9076253696188844
23 3 1 1 107589 0.9097654231928354
6 26 2 19 38636 0.9756362795554544
12 14 12 0 65698 0.9371785275631247
17 17 3 1 99909 1.0895777678117542
18 7 5 11 69690 0.924820883717026
21 16 4 11 79702 1.0079097438459392
15 13 24 29 90262 0.9668238683551589
10 7 23 25 114431 1.0845444151285153
11 26 1 26 49236 0.9241805133288447
4 15 16 8 65038 1.096663798350901
7 26 12 3 102130 1.0128699005258799
2 27 9 20 50141 0.9667629475236466
17 12 19 0 47334 0.9618915492856079
29 12 6 27 136364 1.053275270342748
3 16 10 23 57751 1.0519073225297675
1 0 22 13 114285 1.0838814496874807
25 28 24 18 53939 1.0145795394461599
18 11 22 21 53543 1.0203057308250785
28 29 13 26 85354 0.9771210117686069
15 29 15 15 49249 0.9539906709163021
12 26 5 3 101196 0.9696143144989345
24 28 1 17 123012 1.046168048281858
14 27 16 19 42006 1.050696757825015
2 23 18 22 68843 1.063706135955402
11 17 21 9 71221 0.9206913518964656
8 3 6 28 98553 1.0328581272916084
0 1 15 23 121322 0.902416530744826
13 14 9 7 36982 1.0198596251562004
28 26 21 1 127109 1.039545811096553
16 3 21 11 45404 0.9417060086258515
12 20 13 7 68847 0.9689865414619746
12 3 2 12 66121 1.090468096666841
6 26 14 7 108209 1.09456117284395
27 16 10 29 116290 1.006354509968776
25 14 7 15 68142 1.0659853484286403
23 17 3 22 105264 1.0744344773451895
15 7 18 22 67915 0.952425600404538
28 6 25 20 66573 0.9321112197842687
10 9 10 26 68586 1.055080459133451
22 7 11 16 76848 1.0597969435100676
23 10 17 27 86338 1.0705874675978329
17 26 28 11 87186 0.972033723867628
1 8 0 18 35052 0.9816209835474823
12 14 8 0 61461 1.009082267993994
0 24 2 12 44091 0.9043544168969638
26 19 6 23 96652 1.069264645301195
23 27 9 12 102911 0.9767624373949721
24 22 13 29 69466 1.0566830021345701
28 20 13 11 85977 0.9673427201863655
19 3 8 20 94322 1.061435934576017
0 23 23 18 116216 1.0958264541722256
8 18 0 21 52400 0.9180828854646428
4 25 13 2 101102 1.051498833989615
14 2 6 6 56153 1.0093413443234913
27 22 14 4 107349 0.9008978179206689
12 5 19 19 78229 0.9569677158564451
21 12 6 21 94679 1.0928860806208576
11 15 16 29 76538 1.055695582355043
2 20 28 8 128869 0.9309777203343232
4 29 1 12 57959 0.9686322580766554
16 9 25 7 60422 0.9515821611006605
17 12 25 25 80370 0.9468987041227827
28 16 7 28 125106 1.0459430175826872
1 26 18 24 63611 1.0671881366703164
25 25 11 22 65024 0.9382366724497226
23 9 12 0 78004 1.0224449930219244
4 25 23 14 92841 0.9222333555342829
0 6 11 28 109265 1.0931405723906054
11 22 3 20 44821 1.073894196549408
20 1 12 10 67857 1.0437630139117795
9 10 24 17 80152 1.0882605827278424
20 22 14 3 88050 1.0338629678558924
7 1 23 19 126786 0.9763495949897141
12 23 3 28 50576 0.9564030883895392
17 2 13 25 108393 1.0610804105717044
24 28 9 28 81101 0.959993474599365
16 27 5 6 106297 1.047792961396671
2 18 5 10 32656 0.9568205153719245
22 12 10 22 90166 0.9949339911477126
7 28 29 4 165406 1.0541648133368091
27 3 8 1 87890 1.0789022585244825
17 1 16 11 52013 0.9993838921608206
4 5 16 0 58361 0.917754277430866
8 18 20 10 74897 0.9493845853591574
15 27 28 2 134376 0.913557957992646
24 27 9 11 108811 1.071443017497995
20 23 6 2 126205 1.029919305310246
4 28 8 14 49064 0.936262647222539
26 11 4 11 83802 1.0933270199566254
29 22 19 6 93813 0.991678161135511
14 0 3 15 83597 0.9888443613469912
10 14 23 1 94199 0.9511630867989856
19 9 26 3 47653 1.0775581002035202
26 21 17 1 102326 1.007700220574597
17 1 6 29 146258 0.9543697095668445
24 28 3 25 99348 0.9690207780734025
18 4 5 24 110701 1.0114700900975726
28 22 14 0 126413 1.0625426310397597
3 28 12 2 106803 0.9897719725318895
13 15 20 25 65424 0.9990265875294275
7 6 11 26 89681 1.0012574388214284
26 13 22 4 49365 0.9139747524738807
12 6 2 17 69689 1.097846942404984
24 8 7 28 139262 0.9835810017871038
10 27 3 9 82789 1.09731695786337
11 18 19 5 74862 1.0371236373074666
25 15 7 12 77021 0.9160581169829912
29 3 19 17 87869 1.0443468533209812
20 7 21 29 89512 1.0454215228322443
23 23 19 8 74242 1.0477547163023477
3 21 4 1 63543 0.9972932289899195
24 1 18 24 103589 1.0238902173745739
26 4 6 19 128184 1.0165660279661575
23 7 8 24 119225 1.0795099391042686
17 3 9 6 46411 0.9058891549725296
16 23 23 9 88105 0.9143739744271344
2 26 25 3 152441 0.9153624599860247
0 0 29 29 189955 0.9449491543812777
24 29 9 12 113424 1.006059048318324
13 1 10 12 62949 0.9401819453978766
10 24 13 0 99336 1.059110022937495
17 5 3 20 102579 1.0974811505790456
26 3 21 8 44390 1.0639044288861639
1 25 10 16 61610 0.9884471723114192
20 14 17 23 47791 1.0368187587161006
6 15 0 25 49771 1.0099674739254008
6 15 13 12 41280 0.9344178712044309
5 26 25 17 111863 0.9749982651187009
11 19 6 24 41391 0.9287881256820675
4 5 24 12 99312 1.0164388602021222
22 25 19 11 59358 0.9636097473913648
28 15 6 28 132213 1.0087332855408166
16 14 26 29 85797 1.0937248499042604
21 9 3 10 84551 1.0175250427641116
16 26 19 18 36138 1.0411320454045065
15 23 29 23 58634 1.0124375303575341
29 3 4 0 108048 1.0593575395142625
10 13 16 2 68022 1.0248019161655553
17 17 19 26 33402 0.9894989359376474
17 9 6 5 74411 0.9967292997607038
8 27 23 8 125576 1.0520089229042968
25 3 1 3 111921 0.9775589099554278
7 14 27 14 68123 0.9910700592344068
1 10 22 9 93023 0.959056066017901
7 3 15 24 102901 1.0805296319427362
3 13 20 21 85291 0.9666106530029974
6 17 2 0 67012 0.9697080922222555
14 16 20 12 40264 1.0022928498067152
10 7 27 29 138793 1.0976665242062364
26 19 5 7 110481 0.9827311215741423
24 14 5 24 95129 0.9884731838281445
1 19 24 28 115678 0.9106916649676716
13 27 21 7 105218 0.9162358738558387
10 16 12 0 66773 0.9298576643227378
8 25 23 21 76800 1.051993633207741
10 18 14 9 62438 1.0867622110766082
12 22 16 0 103123 0.9341342379391727
27 14 15 25 76570 1.037653884186497
23 9 4 16 95664 1.0750939369201997
24 21 26 11 50278 1.0645575764141437
5 7 18 23 103459 0.9385823449737801
10 8 0 10 47844 1.090702498067506
25 17 11 3 108346 0.9390947318473278
23 1 0 2 101934 1.0596349485413077
6 9 0 15 41227 1.089133092532869
0 27 16 23 68855 0.9052310247514719
21 19 9 28 75721 1.0177141077719345
26 2 27 12 36121 0.9965292327370805
19 6 19 28 70900 0.9301746994463367
0 4 11 22 94433 0.9409148905751247
8 1 3 17 73099 0.9233585134701181
8 29 21 21 81487 0.9148720291208016
11 15 27 19 77244 0.9932419703992845
9 21 2 8 67288 0.9953198861746632
16 11 26 1 69494 0.9928545527542455
21 1 26 12 63776 0.9678820627825555
28 5 17 18 93053 0.9127163014904228
15 22 1 11 85291 0.957580471303514
18 28 26 10 88316 0.9260752238285382
5 20 21 28 84197 0.9351894837909934
29 20 12 29 100693 0.9157522517558864
9 19 17 17 46239 1.0719472900769773
18 0 23 14 63138 0.9635774676521361
2 6 29 22 152279 0.9802328729967416
3 17 10 8 52574 0.9293740411202069
4 18 9 7 46444 0.9792136447976294
0 7 12 8 67030 0.9913097770272745
3 17 14 5 85954 1.0157576559710297
19 6 6 6 70668 1.0472552075094035
7 16 20 20 75016 1.0560882214729304
27 24 5 6 133380 0.9005814872844645
20 27 13 2 109909 0.9896876364052104
16 28 28 26 69752 1.0221282239047915
5 21 15 7 80762 0.9126027796525441
7 27 15 23 45514 0.9289928065330897
24 8 6 0 102667 1.089324576129594
8 24 13 2 95958 0.9955799842552532
14 20 24 6 97172 1.0309723890840408
7 8 22 18 94993 0.9744211773380094
17 15 1 9 70974 0.9368354886103768
12 14 23 25 75970 1.0394732980087527
7 25 21 3 125712 0.9646943880333648
29 0 15 1 57399 0.9649242062099912
26 26 23 7 87997 1.0436564686021859
14 25 28 1 136606 1.0904675128955996
26 6 21 26 91666 1.02934504333367
0 23 4 16 38428 1.060597418400099
0 12 15 18 74925 0.9327545859867075
28 18 17 21 76738 0.9864998921637749
15 29 18 7 90975 0.9196146008684521
17 13 13 27 69363 0.9509796686437348
1 23 17 10 99107 1.0163200111442259
3 8 17 27 110474 0.9775251929145827
26 2 4 4 100036 0.9152254323457306
22 27 28 19 59342 0.9086983155064504
17 8 19 28 73913 1.042694245422083
28 23 23 12 66578 0.9304705156380354
0 15 2 23 33066 0.9844886523402916
5 22 3 8 50140 1.025522731412585
2 0 6 10 49210 1.0041650468868157
18 14 4 0 87799 1.0073181816413006
28 15 8 9 90556 0.909989576614726
27 26 27 5 82435 0.9581599996621637
12 26 5 21 44418 0.9945949051045608
6 20 26 28 108699 1.0122142492784514
17 24 19 4 70590 1.0578141673153607
20 27 3 17 91931 1.0220186472205746
28 8 12 16 86652 1.0985001313190574
16 12 26 11 42954 0.9733519410058296
26 0 8 15 112439 1.002519951969094
8 22 18 14 64464 0.9882258564999397
27 23 11 16 95717 1.0968025690163137
19 15 5 7 73113 1.0676488100204182
8 22 19 23 49442 1.033715516328075
1 17 8 4 60211 0.9889343817758072
29 1 27 10 43934 0.9955092863569377
17 23 6 7 107745 1.0540616441776982
12 4 4 6 36963 0.9362600564594202
0 0 0 28 88947 0.9969085298339555
12 25 20 5 96020 1.0468244535459785
22 8 22 20 69353 1.0907569955883938
4 2 6 16 49469 1.091951389925834
22 8 28 23 87161 0.9694254706288741
12 14 6 21 53512 0.9407477250400826
9 16 14 6 60627 0.9989261186283407
27 27 15 21 65050 0.9136300582303593
25 14 10 24 84678 1.0924338522401433
22 17 9 26 78277 0.9656366440493209
2 27 14 24 51151 1.001163037265576
9 13 12 26 59102 0.9666713146629717
12 28 28 27 90504 0.9561965385911724
6 20 9 1 80020 1.0758319747798655
0 21 9 2 88875 1.05393083146782
7 19 26 25 94999 0.9635461798242437
27 9 13 8 72317 1.039066558184257
1 3 18 14 86587 0.9489244516410842
5 4 11 26 94789 0.9517778068987615
18 20 29 3 102735 0.9861445300513287
19 10 12 20 66159 0.9206922835665561
9 3 19 19 85676 0.9094998331060806
24 13 11 11 59445 0.9411448829904625
13 22 24 16 78148 0.9691871025076366
18 17 10 8 68975 1.0585650677792242
26 27 7 4 143477 0.9703172765451421
12 19 12 1 87682 0.9845424973571433
21 9 20 25 71411 1.079976536980624
19 29 19 13 52338 0.9221608665693062
14 27 5 28 57021 1.0758142519426734
28 23 10 13 106629 0.9436807946245428
28 22 26 2 78743 1.04269569492799
24 28 26 6 91051 0.9431183429683017
3 26 19 10 100076 0.9335010626032503
13 4 20 20 80311 1.0068410038540354
19 20 5 11 76048 0.9470198011453901
12 2 28 1 77691 0.9034529478722605
18 17 8 28 76973 1.0429143907111191
1 5 15 12 73099 0.934555788595002
25 5 0 9 126590 0.9421365236737211
27 21 2 12 115277 1.073920177244837
7 13 20 3 83781 1.0336803233855658
25 27 3 8 141608 1.020537887250124
27 9 11 25 109020 1.0372364013896207
24 3 27 21 77931 0.9688417047268351
20 7 6 12 74266 0.9517230563969862
24 28 18 4 103044 0.9125376166073459
29 13 11 0 107560 1.0165772444817467
12 7 17 0 47194 1.0784210328456734
18 20 18 10 44615 1.002427166290383
11 9 3 20 62166 1.0633044335435209
29 20 24 4 80165 1.0815116879812778
14 0 20 15 72822 0.9783153587083282
4 4 21 2 79397 0.9672121865481298
23 19 18 26 46613 1.035256860351001
3 20 8 12 41033 0.9501363223032082
12 4 18 18 81646 0.9057432439478442
13 12 26 27 99905 1.003536656293181
14 5 4 11 64803 0.9591274945265637
23 4 4 20 112080 1.083527778551906
28 5 27 26 89964 0.9929548966253794
21 2 17 19 75750 0.9885008410427489
0 6 29 23 158402 0.9545875721806392
13 9 26 8 67622 1.0947929980901212
2 21 8 7 66209 1.0734567835029016
10 12 19 9 46916 1.0704648856485572
23 24 26 5 76746 1.0145955760179126
9 4 9 25 69974 0.9995030382932655
7 10 26 4 104020 0.9868657616326701
14 22 9 3 93802 1.076695526063166
25 13 18 8 45674 0.9783509978393717
10 0 7 27 106292 0.984654231960092
23 5 12 2 62560 1.0253107583442604
19 16 7 10 65462 0.9308270822668895
11 23 29 17 97994 0.9491721441192225
2 18 25 23 104341 1.0578886270920138
1 16 10 8 54352 0.9373286711912914
12 11 22 20 71860 1.0402094172147764
3 28 28 2 168884 1.033148339129411
22 5 29 8 52572 1.054394995678839
27 2 6 27 166069 0.9688136157562549
2 16 18 19 82567 1.0650423330712244
18 17 10 28 74010 0.9796001094518353
7 29 16 28 54673 0.9388495518669164
19 7 2 12 80329 1.0080146910565833
24 11 29 21 57337 1.0153522499791872
12 4 25 3 63331 1.0609061488298475
28 8 21 14 46226 0.9147665149537825
10 9 9 21 45746 1.0485512602689382
2 26 20 26 79602 1.0312834845864467
5 27 18 21 71907 0.9720129791772204
29 14 7 29 129793 0.9625074989372332
0 20 16 28 84094 0.9744014665570834
6 25 11 13 64396 1.0236054426767573
24 24 20 5 83481 0.928870431780419
22 23 22 13 57349 1.0030721160050406
11 5 18 25 108297 0.9172891145847467
19 8 13 4 34517 1.0604707107691889
17 3 27 7 61125 0.9328804273913315
24 3 21 23 99370 1.0656495623495752
4 21 12 12 55100 0.9785940520188102
25 28 29 11 78313 1.0438251626745154
9 4 4 15 47912 0.9682337773328124
0 27 17 20 88446 1.0268119165451854
14 13 0 22 78532 1.0514961841987087
28 14 2 13 91611 1.0640718465791277
20 8 5 5 76907 1.0696441724274857
20 24 18 3 73076 1.0102979041078506
15 9 9 15 42105 1.0788566606208432
21 29 9 19 81461 1.0565625447048672
25 19 17 24 56725 0.9159101133798724
28 10 3 20 117767 0.9682481282019386
12 17 7 8 53948 1.0163771296537147
2 15 4 27 38963 1.0939034082267813
9 12 1 9 35916 1.0229061465321534
6 17 28 2 137010 0.9618662532110994
3 7 25 28 149061 0.975821847914225
10 22 3 29 49862 0.9286983246456256
19 25 12 20 46710 1.0990012011937709
21 6 18 27 87932 1.069778202907164
4 10 6 25 53210 1.0499290520582334
5 19 19 10 77337 0.9432189598876188
26 7 24 23 71874 1.0054708494936977
14 15 27 13 54061 1.054723920715043
2 17 16 24 70321 0.9064945522217814
14 10 25 23 91712 1.0865968924641891
8 24 5 4 74120 0.95916332035309
18 28 16 14 60295 0.9573399578550692
23 2 8 28 143848 1.0497451745965019
29 22 3 8 141184 1.0818639096785987
11 1 28 12 105860 1.0813473987058317
28 14 1 6 111952 0.9706111474290833
19 7 22 22 67272 0.9424670504664892
18 10 21 26 67438 0.9408443525177301
2 7 6 27 77590 0.9709131735479059
27 15 10 17 75508 1.0564527594124873
26 26 22 10 78131 1.0823288495384802
8 1 21 18 107142 1.0140035486808014
0 27 24 17 122473 0.9442282057450899
10 22 13 9 71845 0.9742093155682785
2 17 4 25 30022 0.9923119663811307
19 13 6 7 76392 0.9082466799133411
23 19 15 26 57982 1.0961052155781792
1 17 18 11 77654 1.0784540944047354
8 0 29 15 122683 1.0526752197877332
3 22 19 7 99535 0.9128326329459276
27 25 20 1 111607 1.0974184683318577
6 8 21 6 90337 0.9193906149721908
1 26 23 26 95897 0.9762907264518724
15 2 19 14 53749 1.0427954871891798
29 16 19 29 85514 0.9324252128370323
9 20 29 7 117705 0.9836665213280236
9 9 0 0 64149 1.0721178906787825
27 17 7 20 107161 1.0722483544070496
24 15 18 4 55795 1.05677693729859
22 26 6 19 93825 0.9454195356609548
17 3 27 23 104154 1.0636439933703463
15 20 4 28 66413 1.0868697979546895
10 1 0 6 59365 0.9099804930804526
23 8 12 6 65377 1.058654126953917
28 4 0 26 163595 0.9502253851328164
14 5 20 19 71760 1.014637516277402
14 1 13 18 83236 1.0701033850129458
15 23 21 6 90351 0.9252723252127603
14 23 17 13 54544 0.951321900260248
5 1 9 29 101865 1.047712803621162
17 8 21 24 68404 0.9986884525670798
15 18 20 26 49117 1.0579022216848846
0 17 21 10 97397 0.9048230402925354
18 21 27 9 76890 0.9627320935060053
26 20 5 19 104407 0.9784775299409846
27 5 5 10 106381 0.96240582285296
1 28 27 21 114731 0.931002176701473
11 15 4 22 48251 0.9524897461271173
16 20 9 12 55654 1.0648838288875846
21 10 16 19 60112 1.019147825405746
25 6 15 2 59535 1.0359901082977145
29 22 24 17 45006 0.9435333602572904
10 1 5 28 102571 1.0473065559935595
8 9 18 24 87834 0.9885880289566956
15 9 28 27 109021 1.0305329790164595
18 10 9 17 59527 0.9981839353874791
4 11 0 1 43724 0.9944488285852042
11 25 23 13 82475 1.0432448963441185
14 27 2 13 92162 1.001890005345188
27 13 8 15 72960 0.9686807577054986
4 22 11 29 52891 0.9350442282615749
20 26 25 11 77420 0.9537293299695214
1 25 17 12 91060 0.9732248216342059
23 29 3 29 112284 1.0669092682863375
1 20 26 6 127649 1.0148612792146774
18 24 6 18 69522 0.9600545066724269
11 10 0 3 71467 1.0812014787932231
25 1 13 22 129655 1.0684455283827872
8 19 0 6 71121 0.9409762244483382
18 11 7 22 83737 0.9520147236896535
19 28 27 24 41193 0.989516770949331
27 13 18 16 44405 0.9017788780537126
27 17 1 11 104887 0.9733959474861424
2 10 15 21 83220 0.9853105761300956
17 22 12 13 55802 0.951575201512252
5 22 4 2 61399 0.9939256352363743
5 28 14 25 52819 0.9682725482308694
22 23 5 16 91763 1.0816887040855545
15 8 26 16 65494 1.0070224389704758
18 27 14 21 44519 0.9640784086366435
23 27 10 5 132841 0.948457117549137
21 3 12 5 48616 1.0972310746746698
2 4 19 29 136333 1.0757915338663764
21 16 8 10 71146 1.0992834610882882
24 9 21 18 55407 0.9463890658043682
2 17 28 6 127168 1.083958872277657
28 8 2 8 122865 1.0680269209656819
12 2 1 15 79275 0.980982383027788
16 26 26 6 102120 0.9944883207007754
14 26 0 16 84922 0.9280731550374749
20 22 8 6 96781 0.9186530788413375
12 26 28 29 87852 1.0557703392578868
11 27 23 5 127255 0.9404412480212402
13 5 20 13 60547 1.0358323257243642
1 24 19 4 114808 0.9028742009356558
11 14 18 18 43492 0.9248156505994717
21 15 20 0 65422 1.0494642890224295
14 12 29 29 116767 0.9791818728863954
27 0 29 15 64130 0.9293067421333617
18 5 29 1 63444 0.9394891433608283
15 5 12 16 50885 0.9103156016570316
11 22 4 29 50838 0.9566235466882462
17 3 15 13 47434 0.9935708591040386
9 19 17 25 53287 1.0993110979673786
28 9 20 12 43334 1.0577191818625988
3 7 10 10 43152 0.9911575719078267
1 2 3 18 54716 1.0768498900030539
19 10 3 4 83144 0.9588210369210212
1 2 20 20 118268 0.9145093095796544
14 25 17 10 74152 0.9690298115127438
24 5 13 7 65822 1.0567617739173387
7 21 19 16 75873 1.0962410486582863
19 14 15 3 49100 0.952143823853796
22 25 0 3 144624 1.0704205250651861
28 13 26 22 41436 0.9691589486135723
17 0 8 11 67076 0.9815517344407004
9 25 2 0 99827 0.9655843082137041
14 20 4 13 66442 0.9442870695631977
1 11 26 10 96529 1.0389935915687591
18 20 8 19 61656 0.9501952660831988
14 3 20 29 111052 1.0042487928436248
25 7 20 15 57530 1.0290962008467126
26 17 15 4 80064 0.9172316293277486
23 17 3 4 116829 0.9805875980237657
25 4 23 12 46056 0.9938796187282555
19 24 29 4 104308 0.9017769314449765
12 27 23 25 60015 1.0936490614890213
20 6 29 5 59342 1.001616927395107
5 1 4 12 34834 1.0054951639608143
16 10 6 7 62774 0.9543736095736117
26 1 12 14 89485 1.0571301173267968
7 4 8 24 78581 1.0344483948659486
8 14 17 15 36278 0.9027407370218229
11 8 3 13 46278 0.9625305111219093
8 12 17 17 52005 1.0815288294044896
12 9 24 24 94639 1.0355771529358393
4 27 25 9 127385 1.0947511791387219
25 7 1 29 151108 0.9589789498622576
27 26 28 12 61913 1.0388478976806086
11 7 10 17 47706 0.9839225165382149
20 25 17 7 78017 1.0738114837220212
6 16 0 6 51935 1.032574845811221
27 22 11 15 87346 1.0912033876544172
4 25 8 11 52810 0.9469011063201955
28 27 14 15 95947 0.9509098984970354
14 12 27 25 92305 0.9925398508286363
18 17 3 8 84799 1.0459310899500023
13 6 2 24 93744 1.0972833750947968
3 0 19 8 85731 1.083691982464446
15 0 26 7 65032 0.9846906001027026
28 3 7 9 116552 0.90505257787679
28 16 6 0 131664 1.0360062487123831
14 16 12 2 74169 1.0759209647894143
27 6 1 8 121789 1.0370013324799838
1 5 20 21 114113 1.0065026541369955
22 27 13 23 52561 0.9292099630835549
15 14 14 4 42041 0.9076464155903903
8 6 19 19 81328 1.0674000862151354
24 22 13 16 77282 1.0046450570153311
2 10 28 24 133617 1.005765977120574
1 22 7 26 37522 0.9159792577176865
18 1 14 11 53386 0.9360456839500619
14 9 6 23 89501 0.9624711409556258
25 11 16 20 73713 0.9043281126069374
17 10 25 28 97043 0.9055839941430901
21 10 13 2 63747 0.9765079204071813
25 21 12 8 107179 0.9354152521869585
5 29 7 4 88525 0.987258127249141
27 18 13 26 82766 0.9756676937630393
3 2 5 27 79727 1.0741359480849912
27 18 5 23 105643 0.9279163059967386
20 21 4 20 80056 0.931547700015871
16 7 9 27 98246 0.9169284649142536
6 23 27 29 98551 1.0387138408085677
25 0 14 9 75088 1.057362393417802
16 26 14 2 100388 1.0654031589967556
17 6 16 28 96615 0.9677723200758983
18 5 11 20 90708 1.0416673667867409
6 16 8 2 65066 1.0749173129149523
26 2 16 15 80949 1.0980654020979514
14 9 21 28 90664 0.9150421546205659
14 12 3 1 78543 0.9157748145870936
1 2 10 29 112737 0.9372493441381422
25 10 3 16 98845 0.9809028292608849
2 11 21 9 82969 0.9370774888617952
23 7 9 5 79983 1.0660913662285423
13 29 18 13 79139 1.0426881446059897
1 28 5 4 79211 0.9952313902865442
9 8 19 25 86435 0.9671169119105731
16 5 25 23 104569 1.0447763452881298
29 23 17 24 48679 0.975327956463272
1 11 16 3 81237 1.0208304208792782
2 26 16 27 67085 0.964699195669763
9 0 8 14 47081 0.9712499668964587
14 23 23 18 71012 0.9956367608691047
25 14 21 26 67516 0.9194242813806625
7 9 26 20 108212 1.0299199971077733
28 26 2 25 106777 1.0322504747389076
7 29 10 18 54919 1.0425588428042412
8 23 29 2 151470 1.058041461073873
16 5 22 1 43727 0.9452085500364188
26 11 20 24 68114 0.9006564402472274
9 16 0 27 66890 0.9918069817778347
7 27 24 3 145426 1.070573866082228
17 12 12 17 41384 0.9867396840507365
15 28 6 13 82804 0.9006517140874672
18 21 29 3 107238 0.9108852737494864
11 17 7 26 55819 0.932518007174894
5 19 16 22 63441 1.034891744047047
22 3 22 21 87515 1.0510483137123967
10 7 6 29 93745 1.0012327084700807
19 22 13 29 48671 0.9059904936389375
1 28 14 27 73157 0.9807693618554142
3 29 3 19 36108 1.0781321239289645
12 14 7 26 67439 0.9757882103966163
29 5 18 12 67377 1.0439551998628591
2 23 12 2 98250 0.976299039978513
8 27 17 12 90595 1.0763769595135388
16 18 29 18 75323 0.9722961026420036
5 29 12 5 106932 1.0266456882448642
7 15 0 23 57004 0.948505225880557
15 9 23 27 93328 0.9671138282595999
19 6 0 11 84097 0.9542464631715308
15 4 10 13 54930 1.0323901897345036
18 11 7 25 93413 1.0495032018096577
22 0 22 24 98015 0.9257044029466969
26 26 0 11 134443 0.9299859716593329
14 5 0 21 106821 1.0355161451343757
28 27 23 4 109333 1.0677877397508495
28 16 2 27 132173 1.0115676200508863
13 11 1 25 78279 1.0146752365555882
20 10 9 24 88129 1.0646143046045686
25 27 15 5 113511 1.0536749245381087
18 21 24 1 97946 1.0309737324984813
3 12 12 4 57493 1.0957950577230684
12 22 0 17 73421 1.0900579753829223
3 25 26 7 131665 0.9194655775870895
18 19 24 26 47655 0.9104014355610414
20 27 26 19 57300 1.0656591628510224
18 4 5 23 106325 1.072046143795645
1 19 10 27 59502 1.0240545399629795
2 22 7 15 44402 0.9210920576843565
8 25 9 13 45825 1.0320412764868552
17 4 19 27 78281 0.9352462267495301
15 21 22 7 81985 0.9107489612350228
15 15 15 25 36975 0.9494448500079905
17 27 15 16 51080 1.0833241715132595
20 12 16 0 55374 0.981199376276678
16 23 7 17 63350 1.0475790158790381
25 11 22 29 93098 1.0490316336149297
25 7 4 28 141070 0.9510563308573889
21 3 18 16 58235 1.0609170807502533
13 8 11 21 70758 0.9087660834438764
11 10 13 20 55666 0.9933913016045309
15 27 9 22 36588 0.9890763586083328
25 29 28 3 111115 0.9220103517415469
27 11 3 26 122996 1.05351450656212
25 24 7 22 73691 1.0421667500261993
14 26 12 5 99347 1.0729324580397133
28 20 19 17 57451 1.074937879184515
10 28 20 8 108840 1.067204676116074
6 14 28 16 83791 1.0961487636742464
12 21 9 28 38169 0.9544455777088248
1 14 27 12 93996 1.0906305799257352
4 16 17 23 74104 1.0939579646824764
19 27 3 19 81138 1.0009316373923913
2 0 14 9 86012 0.9660239499956702
1 15 6 3 50845 1.0110888792678572
11 20 26 12 86852 0.9478593763070111
20 12 25 23 71291 1.028710657921247
29 9 10 2 112820 0.9556023362062948
1 2 6 9 43694 0.9645339099777154
9 13 22 1 92548 0.9785271264671207
15 1 9 10 55586 1.0354666296568489
25 14 23 1 64282 1.0157989708108415
15 13 9 2 61958 1.0432059563775677
28 9 9 26 125546 0.909463942162608
9 24 26 15 93421 1.0700904672285787
26 24 21 12 61777 0.988302981720161
22 9 0 23 128324 0.922819083893638
9 11 15 5 48377 0.9461034116896454
14 16 24 5 82276 1.051512920841385
1 21 26 23 101293 0.9633229915926836
26 21 2 22 102008 0.9645869405320964
0 28 25 27 114347 1.0814236032949105
24 21 5 2 136358 0.9529243596309166
18 27 12 8 96977 1.0693038390561274
22 27 3 9 124846 0.9492452075580919
2 22 27 14 105733 1.0986788864738666
6 13 17 17 56819 0.9549584497505565
9 10 20 2 72299 0.9952174368131187
28 16 12 11 74572 0.9722190840276064
9 3 2 6 36729 0.9856626489896653
18 8 26 15 52614 1.0743272262915906
13 0 16 9 47524 0.9529308661141679
16 8 7 29 111814 1.082051669990747
6 22 1 7 59258 1.0884413398644641
3 16 20 14 65675 0.927083311327429
27 16 28 7 42175 0.9437996489483151
27 1 19 19 90047 1.0285397343714813
3 29 22 9 129655 0.9698953503233236
7 26 17 7 112362 1.011082155064147
28 18 11 14 74949 1.0132278549589266
5 11 2 20 36417 0.9996874368211554
17 4 0 25 123651 0.9303038603267755
2 2 25 24 146688 1.0406196045845313
6 9 13 21 79562 1.0434120819064074
15 0 25 21 116864 0.9795447617266952
12 23 25 15 89751 1.0965257585838646
11 16 28 2 113652 0.9130873400270726
8 0 19 29 132566 0.9923046686826836
4 3 28 4 105845 1.0380283499173895
14 17 27 17 62771 0.9795473784309564
9 0 12 24 90718 1.0596035008976643
13 24 1 16 64884 0.9715447051273385
8 12 16 25 75408 1.0209995962357834
3 28 29 16 134581 0.9971021070038861
7 23 4 5 68703 0.9073289356905194
26 5 0 4 116393 0.9879569459843331
22 2 26 21 90766 1.0497515789936367
27 3 15 12 75405 0.9515607716694412
8 4 26 7 89107 0.9165143679751051
3 25 20 11 98563 1.0573534705765655
13 20 27 0 120880 0.9272617218153143
5 0 16 14 78121 1.0027904556823373
6 8 26 15 96194 1.0276511710232856
28 17 27 7 44930 1.0408579712486778
26 12 3 1 119487 0.9556234742290799
7 29 12 0 120233 0.9028000489463387
8 19 6 29 53633 0.9871643155244403
19 10 4 12 64800 1.0256935665529867
3 24 27 5 138139 1.0878857124976906
29 1 0 4 128644 1.0052968240984603
7 18 18 6 93308 1.090977031690069
13 8 27 7 75746 1.0817712408597677
26 10 1 26 128220 1.0270308986297743
28 25 29 8 79584 0.9822275485818073
19 15 11 11 43246 0.9910083205057085
0 15 15 13 60083 1.097436077091783
15 6 27 19 88035 1.0775159298642925
11 3 19 6 43320 1.0067159859457921
1 11 27 12 99051 0.9293160808406239
22 27 25 5 104300 1.0261165956651532
1 16 15 12 61431 0.9990696712907206
4 22 14 15 64431 0.9480227016785845
23 11 23 0 58460 1.0405362363936255
16 22 10 13 60564 0.9954338224338604
29 23 9 4 136257 1.0789725303251085
16 22 27 10 84705 0.9455217052554571
15 9 3 15 60506 1.0236335135042056
4 2 24 10 108374 1.0636471227687927
22 18 24 9 56609 0.9619365223991783
17 16 7 12 54963 1.0920852882382561
19 29 20 6 83046 0.9413124502164454
27 13 12 3 88992 1.0916202058043916
14 5 23 24 96523 0.9737078736624746
11 14 5 18 32925 1.0314982912999868
29 27 19 0 126085 0.9896916777713506
1 14 19 10 74477 1.0523265686904044
20 23 29 20 53178 1.0017876301011674
23 26 14 28 55907 1.0394402038094597
18 4 2 0 77565 1.012023355436553
6 9 26 4 108822 1.0737475373885677
26 17 7 4 108061 0.960182238667759
18 12 1 10 71609 0.9361090917172167
29 7 20 26 105328 1.0771774163586245
23 11 14 5 57852 0.9347832954290174
21 21 27 13 58669 1.047426175410067
11 16 2 2 73941 0.910172441659144
29 28 3 16 133819 1.0154578328641355
3 27 9 1 94484 1.0904632678989334
19 29 21 7 86078 0.9821382642651925
8 8 7 19 51998 1.0955827364078115
20 15 8 6 73973 0.929805228252566
12 6 12 22 76514 1.0320139641257502
18 8 7 20 92517 1.0814495099859724
23 25 4 5 130144 1.0699389665022627
2 0 29 5 123373 1.0324469677570023
18 20 6 21 73285 0.9789967147102113
28 19 16 4 94120 0.9639505694228092
14 16 12 3 70593 0.9798203263264972
13 9 19 5 41961 1.0449128824763927
0 5 24 22 147089 0.9080900858019655
13 0 0 21 107574 1.0837067583081474
20 9 11 20 79513 1.0450554776725902
19 18 0 23 89803 1.0655392661312637
13 27 15 6 88559 0.9939524067813
14 3 25 8 69873 1.026811233099161
25 1 18 4 45985 1.0123096281124886
15 17 23 22 53278 0.9428055381026179
21 9 5 2 88201 1.0719950944223995
23 14 1 17 81320 1.0414092915753896
25 26 0 14 126411 1.0615363834098324
25 17 8 7 99646 1.0403809084392077
25 1 28 28 109532 0.9324598649326599
20 14 23 25 58279 1.0250462114054546
8 3 22 11 81116 1.0577732886242954
20 26 1 15 102081 1.0552556568585674
28 27 26 4 93792 0.9694409979411878
27 27 10 6 135942 0.9957414330507672
11 28 22 29 65076 1.083096665891267
22 19 13 18 51202 0.940657235222734
28 12 1 21 121413 0.9139400205286052
5 17 5 3 43751 0.9008390294057455
3 27 6 3 80413 0.9193643235247285
26 1 17 22 104930 1.0579869139003943
4 9 19 4 76069 0.9748033112368358
9 13 11 23 46334 0.906795400633585
1 17 23 9 108127 1.0187589122856342
13 10 3 29 92694 0.9781764933952711
3 7 18 20 102273 1.0870367844147981
27 1 28 17 68657 0.9495081529692879
15 6 17 14 33770 1.0949924970486304
17 4 20 22 69498 0.966992510251499
14 21 20 6 83115 1.0209652517805736
9 25 5 15 46120 1.0851762035710242
24 20 8 5 115171 0.9184243273195147
1 21 10 27 54792 0.9467203061778335
10 2 13 29 119471 0.9292149790737596
4 6 27 23 135330 0.9681806658455212
22 23 19 1 88088 1.04949935189675
3 1 18 12 92606 0.9615532276927853
12 0 24 3 60973 0.9776864153253485
3 16 29 27 131123 1.0977325478677797
27 27 12 14 93022 0.9846272039495991
23 0 15 23 107381 0.9911897328308839
11 18 25 23 80682 0.9359377529832843
8 11 4 27 56437 1.0730600656222313
27 12 19 28 78284 0.9666885176135149
22 11 11 9 51873 1.0836101227005186
26 15 6 20 102037 0.9570058352301346
23 19 16 16 44229 0.9995465521136845
0 9 7 24 68239 1.0446841564989366
16 8 20 20 61381 0.9644083930748885
0 2 14 1 66516 0.9662896271732369
11 5 23 22 117048 0.9823079085677542
28 5 27 23 78806 0.9436515756398526
6 22 26 3 138098 1.0850155602298401
22 28 10 16 95945 0.9467543241605988
3 14 13 8 56120 0.9509154273562641
11 11 12 26 72819 1.0880621836534465
27 14 15 17 52510 0.9102587241217335
6 18 3 26 37284 1.0795334885755643
21 1 5 29 148914 0.9043654248841703
1 4 11 20 85102 1.0892669451532433
2 27 25 29 117333 1.0522278024298382
10 19 28 5 124809 1.0288079894386868
8 3 16 9 61132 1.0991151018892378
21 12 27 1 60274 1.0917129592434762
1 29 10 13 69086 1.0390400599547853
24 7 9 28 132132 1.071641798152534
19 23 8 26 50565 0.9801243306502598
6 5 2 19 56397 1.0619029136462996
1 19 0 7 41259 0.9647916774634937
19 25 20 2 76691 1.069995923592127
18 27 5 11 101334 0.9625190531957907
5 11 18 9 61466 0.9804414453028547
27 21 5 23 95953 1.0250444193475996
2 7 26 26 147507 1.0727748138795872
20 20 21 6 66412 0.9378736361936426
0 5 16 9 89552 0.94706853064726
20 17 16 10 44846 0.9062416929628908
25 16 20 24 55839 1.0109133722102113
19 14 13 4 55089 0.9520502736740588
12 15 25 29 104459 0.9049436654753894
6 18 21 24 80610 0.9103369733588762
27 26 14 10 101445 1.076734362654622
27 23 19 19 49239 0.9287458808135971
7 12 6 24 51338 0.9039843952816891
27 8 2 0 124058 0.9587413240690789
25 4 23 22 89580 1.087238329873813
1 29 23 6 148659 0.9270478270025712
18 7 3 7 86819 0.9902468472377814
0 27 15 6 112945 0.9898590395317791
20 11 11 8 49764 1.0746215270784074
8 28 3 6 87304 0.9442922741647853
9 8 7 20 49982 0.9214266603210756
0 10 15 14 60780 0.9882633203272397
4 16 26 17 89380 0.9706488004458389
18 25 5 2 118706 0.9902199489093582
29 6 2 14 120583 1.0791647471295052
29 1 16 11 85092 1.0879506762552784
1 25 22 21 92403 1.0488273476494898
7 5 14 29 114829 0.9542347459457023
3 16 25 12 92666 1.0778546931584891
15 19 2 28 78399 0.9161389907941949
22 0 29 29 131646 0.9131880997424703
28 10 0 18 124856 1.0661760123930941
22 10 11 22 91631 0.9888298811584444
15 1 7 5 50509 0.9752139347933281
28 24 28 11 59288 0.9768040984457924
1 16 22 16 90174 1.0999866888010557
15 10 8 1 65610 0.9062439488026831
3 25 8 6 78042 1.0529227785450785
28 1 1 23 166432 1.0333397486941758
27 3 28 27 102170 1.0519804295515287
2 29 20 23 85929 0.9300062376381144
