8294 8302 7526 8022 8129 7932 7690 7838 8397 7909 8140 7852 8070 7658 7980 7731 7476 7958 8340 7652 8195 8044 8100 7696 8193 7590 7818 7310 8099
5587 6025 5343 6011 6103 6208 6358 5951 5985 5846 6009 5615 5516 6230 5562 6164 6233 6291 6275 5696 5886 5655 5504 6020 5433 6220 5950 6461 5547
3808 3791 3622 4365 3640 3454 4520 4457 4104 4027 4443 3851 3506 3427 3459 3842 3953 3997 4376 3905 3900 4013 3775 3754 4306 3568 3433 3777 3682
5716 4927 5064 5949 5181 5175 5006 4883 5267 5008 6007 4973 4890 5363 5793 5980 5141 5797 5063 4999 5193 5113 5960 5846 5049 5440 5208 5019 5585
6381 6608 7056 6833 6175 6502 6776 6282 6045 7086 6264 6138 6919 7036 6384 6352 6262 6687 6169 6226 7137 6361 6855 7048 6487 7079 6185 6938 6522
7812 7805 7861 7490 7893 7536 6985 7363 7298 7028 6911 7434 7110 7755 6861 7169 7129 7487 7915 6889 7526 7841 7704 7524 7851 7829 7594 7840 7818
3894 3799 3695 3414 3706 3650 3825 3092 2800 3068 3839 3536 3546 3328 3200 3039 3801 3858 3313 3098 3399 3873 3046 3661 3075 3798 3874 3394 3891
1571 1441 1913 2344 2145 2001 1903 1999 2383 1776 1575 1695 2320 1603 2360 2270 1843 1889 2497 2262 2523 1908 1688 1527 1666 1649 1450 2272 2085
5791 5970 5636 5025 5098 5672 5500 4889 5635 5571 5133 5732 5611 5668 5354 5795 4917 5475 5232 5268 5973 5493 4844 5809 4922 5340 5919 5365 5720
5615 5652 6160 5191 5261 5857 5193 5872 5718 5498 5340 5574 5928 5199 5798 5693 5690 5604 5311 6051 5141 5464 5504 5142 5945 5657 5306 5909 5910
3494 3568 3594 3600 3897 3846 3775 3329 3594 4129 4373 4204 4292 4341 4002 4230 3963 4432 3973 3725 3776 3362 4129 4176 3851 3926 3515 3718 3944
8216 8028 8282 8115 8263 8426 7883 7479 8506 7995 7512 7533 7845 8002 8217 8427 8086 7529 8364 7815 7697 8072 7555 7550 7554 7496 8192 7635 7521
6553 5595 6170 6226 6141 5538 6101 6567 5516 5688 5557 6432 6120 5521 6630 5655 6606 5721 6119 6218 5631 6273 6598 5988 6595 5953 5544 6207 5632
5166 4893 4845 4443 4826 5035 4276 4524 5320 4749 4333 5121 4618 4860 4860 5013 4243 4355 4258 5117 4196 4788 4635 4857 4613 5193 4562 4836 4210
5255 5581 5713 5294 5487 5792 6082 5493 5951 5952 6063 6216 6106 6063 5373 5874 5369 5206 6053 5720 5380 5176 5419 5302 5408 5543 6183 5380 5516
6578 5956 5999 6304 5595 6373 6122 6436 5882 6435 6036 6043 5652 6166 5623 6511 5872 5612 6078 6285 6497 6364 5925 6194 5547 6122 6072 5532 5617
8041 8563 8646 8686 7791 7823 7844 8080 8546 8536 8063 7858 8337 8453 8018 8634 7936 8410 8272 8140 8749 8739 8245 8514 7996 7946 8651 8743 8289
7740 8073 8470 8233 8483 8626 7617 8237 7757 8434 7721 8085 8688 8232 8278 8013 7800 7948 8007 7939 8063 8476 7707 8615 8375 8336 8506 8261 7915
6143 5377 5779 6130 6331 6148 6439 6402 5580 6280 5968 6115 6383 5666 5723 5841 5753 5368 6406 5793 6309 5996 6010 6301 5711 6060 6239 5431 6270
7841 8752 7999 8595 8486 7917 8278 7977 8587 7994 8532 8018 7972 7943 8276 8415 8230 8758 8114 8185 8708 7793 7882 7791 8384 8152 7964 8411 8498
7425 6926 6982 6916 7501 7438 6780 6872 7480 7617 7511 7477 6624 7593 6610 7132 7373 7330 6728 6628 7046 7011 6779 7322 6930 6514 6554 7100 6677
2946 3223 2962 3460 3616 2608 3429 3314 2710 3542 2700 2537 3362 3264 2776 3146 3285 3010 2765 3495 3112 3435 3495 3303 3136 2923 3381 2934 2540
5865 6160 5897 5581 6355 6454 5734 5780 6299 5819 5778 5517 6266 6095 5620 5710 5806 5995 5725 6211 5844 5972 5630 5647 6348 6189 5902 5692 5958
7581 8330 7754 7694 7941 8406 7980 7862 8728 7988 8394 8275 7734 8250 7606 7858 8497 7861 8562 7984 8730 8705 8289 8327 7694 8462 8653 7972 8586
2525 2930 2176 2739 2845 2643 2686 2364 3011 2003 2284 2496 2774 2979 2642 3006 2830 2167 2595 2887 2630 2223 1999 2347 2163 2471 2096 2470 2669
7392 7426 7370 7600 8173 7865 7596 7720 7406 7964 7899 7357 7619 8031 8067 8191 8337 8329 7922 7276 7539 7580 7707 8224 7636 7688 8205 7838 8078
4088 4135 3429 4462 3594 4218 4386 4222 3403 4042 3617 4071 4257 3504 4481 3778 4441 4422 3978 4010 3379 3838 3752 3411 3957 3713 4434 3529 3972
3556 3490 3288 3361 3946 4333 4327 3947 4144 3922 3687 4250 3761 3828 4329 3821 3319 4155 3337 3429 3368 3434 3867 3891 3439 4141 3837 3804 3396
2006 1861 1647 1873 1988 1607 1367 1700 2170 2014 1964 1758 1464 2309 2234 1323 1616 2006 2219 2165 1863 1657 1866 1443 2186 1263 1625 2021 1878
5280 5751 6090 6157 5934 5621 5284 5360 5207 5807 5698 5176 5703 5550 5885 5827 5467 5610 5098 6074 5462 5191 5665 5137 5671 5567 5795 5668 5584
7001 3075 3384 6947 7153 7673 2535 7398 2639 5322 5904 8312 5218 6527 3505 6225 6791 5310 7341 4490 7481 6277 5412 8031 1981 2587 4185 5102 6060 4059
7157 2130 3951 6957 7331 7329 2334 7754 1969 4877 5628 7633 5503 6179 3671 6856 6721 5421 7624 4052 7375 5359 6350 7244 2825 2398 3875 5157 6183 2946
7161 2489 4061 6871 8048 6920 2362 8275 2603 4501 6399 7588 5406 6236 3643 7001 7047 5032 7078 4477 7182 6472 5996 7754 2904 2196 4161 4613 5852 3869
6606 2778 4289 7213 7150 7636 1888 8045 2592 4710 5463 8004 4421 6539 3545 6398 7353 4879 7208 3914 7182 6495 5894 7191 2145 1688 4162 4763 5267 3039
7301 2362 3516 7279 7957 7184 2557 7416 2352 4664 5349 8208 4732 6750 3450 6471 7167 5527 6852 3574 6620 5840 5929 7310 2780 1966 3590 5049 5936 4062
6832 2333 3914 7160 8112 7473 2546 8160 1912 5155 6434 7602 4884 5666 4008 7041 7093 5306 7656 3682 7498 5542 5971 7303 2747 2094 3257 5285 5942 3634
6884 2909 3786 7715 8065 7546 2802 7728 1631 5527 6308 7868 4591 5885 3630 6456 7030 4872 7126 4502 6737 6169 6234 7878 2964 2166 3902 4453 5529 3126
7347 2398 3598 6979 7462 7221 2478 8194 2140 4779 5443 7587 4418 6189 4465 6084 7093 5419 7257 4365 6711 5725 5585 7962 2904 1755 3358 5272 5480 3412
6851 2749 3477 7495 7593 7021 1976 8228 2153 5235 5546 7965 5187 6785 4480 6180 7056 5844 7359 4610 6862 6309 5603 7164 2712 2478 4134 4970 5700 3819
7093 2146 4192 6980 7552 7785 2517 7635 2244 4566 5902 8298 4729 5836 3956 6312 7641 5799 6891 3652 7449 5878 6031 7847 2820 1869 3369 4794 5133 3277
6966 2682 3223 7198 7923 7366 1854 7796 2053 4560 5814 8076 5116 6026 4019 6965 6723 5111 7354 3740 7136 6486 5576 7653 2998 2726 3356 4954 5552 3342
6927 2749 3533 6695 7269 6913 2213 7556 2319 5151 5962 7927 4977 6599 3852 7197 7358 5217 6873 4120 6964 5682 5678 7850 2961 1778 3961 4523 5722 3885
6411 2833 3835 7488 7919 6871 1835 8267 2686 4949 5387 8247 5469 5706 4172 6602 7072 5620 7028 4097 6703 5818 6033 7232 2612 1830 3904 5456 5546 4030
7201 2595 4055 7089 7908 6805 2373 8118 1801 4860 6031 7635 4878 6239 4026 6864 6739 5097 6891 4342 6686 6446 5909 8292 2964 2408 4026 5152 5213 3862
6759 2049 3762 7316 7981 7111 1751 7770 1918 5215 5528 7492 4888 6144 3990 6571 7006 4947 7541 4102 6961 5990 6000 7179 3007 1918 4161 4864 6127 3016
6876 2206 4128 7398 7891 6727 1888 7592 2036 4976 5697 7991 5085 5740 4463 6713 7424 5927 7045 4375 6604 5468 6220 7196 2195 2628 3915 4441 5905 3439
6588 1966 3560 7611 7604 7662 1861 8272 2336 5325 5967 7804 5282 6639 3818 6634 7704 5664 7253 3740 6833 5802 5756 7681 2895 2156 3587 5246 6223 3111
6648 1978 4235 6813 7298 6798 2744 7937 1915 4995 6458 7881 5155 6534 4042 6661 7396 5638 7009 3750 6691 5633 6215 7914 2696 1850 3806 4926 5437 2978
6931 2194 4152 6678 8211 7240 2088 8244 2231 5606 5865 7458 5176 5997 3775 6859 7406 4994 7517 4475 6662 6118 5519 7699 2663 1770 3794 4436 6225 3247
7396 2679 3525 7456 7859 7828 2228 7849 2411 4755 6065 7775 5261 6695 3833 6903 7855 5612 7734 4427 7299 5896 5572 8177 2359 1650 3198 4920 5099 3151
6553 2095 3518 6737 7546 7407 2723 7563 1605 4524 5326 8305 4578 6334 4462 6396 7436 5599 7053 3759 6880 5707 6429 8141 2941 1981 3499 5321 5688 3997
6453 2958 3967 6952 7423 7653 1855 7667 1939 5558 6406 8224 5230 6290 4461 6668 7057 4987 7129 3596 7140 6074 6357 7410 2459 2419 3427 4947 5154 3982
6447 2662 3496 6961 8179 7326 2062 7862 2610 4713 5764 7636 4558 5975 4430 6959 7632 5161 7693 3926 7554 5655 5418 7936 2414 2290 3671 4471 5837 3431
6800 2115 4095 7579 8118 7710 2366 7970 1604 4613 5611 8234 4638 6077 4112 6764 7584 5316 7403 3585 6641 6410 6369 7296 1932 2592 3563 5013 5748 3593
6720 1982 3419 7022 7726 6832 2206 8470 2755 4555 5732 7416 5514 6091 4184 6952 7456 4932 6864 4469 7554 6055 5829 8092 1890 2499 3566 5065 5860 4083
7397 2509 3796 6944 7739 7535 2333 8202 1940 5472 6020 8172 4788 6148 4330 6495 6949 5905 7433 3861 7543 5702 6438 8234 2763 2563 3851 4619 5161 3472
6842 2700 4056 7197 8183 7067 2596 8403 2427 5273 6024 7756 4491 6272 3402 7186 7416 4978 7168 3938 7337 5805 6472 7950 1969 1791 4031 4624 6075 3274
6448 2062 4277 6961 7307 7101 2094 8072 2286 5288 5780 8345 4450 6290 3501 6875 7086 5493 6904 4621 6996 6452 6114 8278 2765 1707 4142 5090 5642 3435
6335 2361 3215 6807 7653 6897 1867 7831 1969 4607 6345 7969 5530 6575 3503 6137 7681 5383 7623 4047 6824 5608 6045 7357 3019 2636 4037 5052 5629 3679
0 28 12 11 90346 1.072202557127461
18 21 5 18 72466 0.9816066437390717
9 9 13 23 61614 0.9072608030093523
22 22 28 4 61743 1.0827672366234637
20 7 28 0 35997 1.07416121156196
28 26 27 13 29170 1.0856780578549863
0 14 1 24 48975 0.9651123051992486
9 15 15 0 66501 1.04557794293307
19 29 26 23 36454 1.0536202520284508
2 7 2 28 70220 0.9230693194177838
5 18 4 5 52520 0.9215510551091086
15 14 28 18 59992 1.057274733963459
11 25 9 12 44789 0.916419575416818
23 29 17 14 69749 1.0456181229004293
25 20 22 3 67045 0.9449805705854334
24 10 1 25 86628 0.9460711045659649
18 17 11 3 92369 1.064028688194805
18 25 5 25 27656 0.9888746924676193
19 29 8 3 98879 0.9931052528105075
15 24 14 8 70493 1.0764720940673533
19 24 29 7 58892 1.0845652516305968
22 20 17 7 59303 1.0912752651871815
8 5 8 15 31848 1.0916004182393046
9 6 24 8 37408 0.9856149151660054
20 16 28 24 49076 1.0958541618557687
4 2 1 22 83059 1.0560942180682502
21 21 16 0 81269 0.9154987260619141
28 15 28 29 25131 1.0213472731204796
19 0 14 9 55630 1.0501473178624936
13 15 17 29 78304 1.003713426622875
14 7 28 0 47859 0.9485959126055407
8 5 15 21 80073 0.9419055328565262
20 8 0 8 43941 1.0636315833168313
16 6 25 5 27402 1.035070831660124
28 1 12 11 63304 1.0505255274687522
16 28 22 19 58319 0.9967631459977663
6 2 26 14 76153 1.0045827902201458
2 24 0 13 53808 1.042604906317869
2 5 3 23 68112 1.0396007415289539
16 18 5 5 84672 1.0829897635590755
11 9 29 12 58603 1.0548652436547343
21 4 4 17 74185 1.0375592186550362
13 0 5 13 55701 0.9654703897420928
26 1 9 16 88669 0.912751192593752
8 25 7 14 24188 1.0400005835457413
4 2 6 11 34859 1.0231433943291186
29 24 19 19 43785 1.0651825196659495
14 12 9 19 50651 1.0506424073343217
19 19 8 16 60627 1.0993665589351005
14 26 13 9 73087 0.9069335773654904
22 11 2 24 92683 1.0059296419522201
27 9 2 4 70418 1.007433394858253
5 16 18 13 67911 0.9675769771775082
1 22 20 11 106643 1.0874342666971542
21 12 26 24 49454 0.9445012790945337
0 4 25 13 91647 0.9286493595407329
19 8 17 28 85657 1.0438064597115089
13 17 24 6 70573 0.9915923802758007
5 29 18 21 61630 1.004203157522752
6 10 7 29 43390 1.016079573446738
9 29 23 11 92348 0.996262414768091
1 2 5 20 71643 0.9677631363811182
9 17 14 10 55000 1.083351865409219
25 25 3 12 83581 1.0946609109643988
16 16 24 6 65900 0.9401975954129096
24 14 18 27 52490 0.9083253435730686
25 25 11 20 58925 0.9028530617874978
26 4 17 8 31716 0.9360184515013115
8 15 28 17 82057 0.9642095404964027
19 7 3 21 81884 1.0126199437065202
16 6 16 29 96110 0.9862139560628177
2 15 15 19 65622 1.085902358219485
10 7 7 25 43651 1.0774250049337921
15 20 20 5 80666 1.0716058008282412
28 12 26 25 27849 0.9662053012276308
7 2 23 26 84908 1.0596914180026182
13 18 11 2 77848 1.0605468600018546
27 26 14 9 73626 0.9304765326203217
24 1 28 24 51367 0.949200760870091
23 21 6 29 61822 0.963185826093839
5 23 20 10 86780 0.9499145579237122
16 5 6 21 63775 1.0149021874746442
17 24 1 22 55487 0.9065419050077085
21 12 12 3 55628 0.9686344629916459
28 9 18 13 50618 1.0718242147616994
23 20 4 6 86123 1.032080857465858
15 20 26 13 67176 1.034870366322655
25 4 16 20 85805 1.073054890142804
14 12 24 0 65695 1.0219944807556132
23 26 13 26 31575 0.9259490251557458
15 16 23 5 73708 0.9190901676282351
27 0 12 26 89923 0.9337680188531206
4 2 1 28 84377 1.0650095278876768
15 1 9 5 35352 0.9163054740778193
9 2 28 20 84508 0.9067267022210065
21 18 24 11 33469 1.0907946252720997
12 19 3 17 45457 1.0553762024958488
8 17 19 8 49076 1.081402053681966
28 0 15 17 90124 0.9703318744137492
11 9 24 22 72286 0.9112519632379211
23 19 13 5 66396 0.9177900381513538
11 23 14 16 52446 1.068472509142397
4 21 15 29 60439 0.9436768438689701
3 7 29 24 91869 0.9174889889131891
26 7 15 26 75210 0.9721774519802795
3 6 24 14 65243 1.0593605664182575
28 6 1 9 67520 1.0927971702109205
28 15 1 17 105625 0.956598652460358
18 10 20 2 41014 0.9855424580242649
27 0 8 27 102947 0.9153113310746476
28 3 7 9 56327 1.0552706058918655
5 3 19 11 73521 1.0390997536564281
17 16 23 7 61556 0.9775455446691873
18 0 9 15 72216 1.038018957940619
23 14 3 12 81717 0.9676980166733504
9 21 28 20 68967 1.0747354493627697
22 25 11 11 84186 0.9864522174657957
4 18 19 13 85732 0.9583715252626285
8 20 22 19 62053 1.0024868334111907
24 29 5 17 71942 0.9594692452607302
13 14 11 4 58538 0.9502661153461336
14 20 4 3 87434 1.0042011852502144
15 6 15 18 71697 0.9853380563519442
10 23 21 3 88846 1.0063203243531744
10 0 17 13 82307 0.9823004803830521
10 17 28 20 78995 1.026598419186433
3 29 27 11 99026 1.0883861255020455
3 25 12 5 62177 1.0871726086776712
22 27 7 24 41714 0.9376232996589509
4 22 11 11 66223 0.9280973002084597
12 2 19 13 75263 0.9128569355454078
8 22 13 14 48081 1.0591104168979046
8 8 16 27 69322 0.9985007724153872
9 18 9 4 53804 0.9845342955497312
17 16 8 26 79213 0.9417883799996998
5 2 28 8 65211 1.0704094344604096
4 28 3 14 59844 1.063610106092252
9 18 16 13 55483 0.9937309909320567
25 14 5 4 77904 0.9266229940457077
21 3 19 18 61546 0.9060283652133028
20 25 4 29 45094 1.0736624941013257
27 16 24 27 37234 1.0454962433519257
16 19 11 4 86153 0.9127996781949691
13 15 21 22 60881 1.0865107666170635
2 5 24 0 68279 1.053599606293893
18 6 4 14 49832 1.0615002677818481
29 25 21 14 51534 1.0464923702008995
2 17 24 19 90443 0.9434963488376615
26 11 18 24 59332 1.0226812699188699
4 9 8 16 35015 0.9705457588477984
1 13 12 7 54676 0.9503710006113448
22 5 0 20 101294 1.0716874477850293
11 4 5 18 60750 0.9078173911828809
11 25 2 0 73038 1.0517359775321247
26 13 1 6 78477 0.9912050230923327
10 1 26 7 56019 1.0621803663950273
0 24 14 7 71354 0.9739579489026219
8 21 17 24 38916 1.033067177011591
12 27 22 8 84239 0.9421203348433519
16 23 15 11 79824 0.9084303849930221
15 11 27 6 49225 0.9909128232546602
28 27 8 16 72442 1.0197304968243164
12 25 11 7 60460 0.9682280226326038
2 12 11 25 56470 1.0553913996962772
1 8 21 18 73239 1.0896560043604355
20 19 5 5 83490 0.9460195853255886
14 24 22 4 88721 0.9341933137195874
26 21 1 26 71468 0.9204148830970645
7 8 26 27 83092 1.0845570946236818
19 19 2 2 101539 0.9887472964951111
25 24 3 15 83010 0.9348323006743633
19 9 8 25 69959 0.9955847826714158
17 19 20 11 48861 0.996226650542721
15 4 22 9 40481 0.9266176311355603
6 26 8 1 55480 1.0204809639162016
23 5 11 7 41910 1.080322034856922
8 23 16 9 66450 0.9481642816111919
20 0 16 8 42609 1.0998812847179604
26 11 12 17 85274 0.9617159645618604
8 14 22 26 62045 0.9294578518810188
22 19 14 28 54631 1.0643688366198227
28 28 6 19 65643 0.9202863428305844
11 16 9 8 42132 1.0786205987267214
18 16 25 19 43309 0.9549238326882187
14 27 4 29 44848 1.0198547086472332
3 22 9 4 72406 0.9510370354993658
2 1 7 14 37969 1.0179092872134476
9 25 22 17 55302 0.9707801873157199
7 13 23 22 73012 1.0491113925640123
11 7 26 28 91729 1.0862193160021154
26 23 0 11 112540 1.0487185525499378
29 12 14 24 62643 1.0486775472250636
15 16 0 13 78204 0.9526554964855651
8 0 24 4 52292 1.0166887351263272
20 6 11 9 36093 1.0627529328049108
22 13 26 3 46483 0.9137417258130515
20 18 23 4 62194 1.0520547329081906
8 6 12 29 65356 1.0354756161148597
10 11 17 24 71296 0.9232622966314498
7 17 3 10 36587 1.0539882832314678
5 5 3 14 42771 0.978912031371282
6 3 26 24 94173 0.9368406543031661
11 8 23 11 42943 0.9610867158127732
26 18 14 22 60676 1.0196523162887074
3 25 18 21 55328 1.018852223088455
3 14 22 9 64071 0.9082902552764215
9 26 12 10 65039 0.9698084333962927
10 0 3 27 76880 1.0852158597624473
11 2 14 24 78885 0.9867392695452586
8 5 15 8 28046 1.0710216067241074
25 29 19 7 74971 0.9781468703238045
12 10 1 21 77637 1.0797686919090075
11 8 29 10 47348 0.9425292021012455
27 28 6 20 70782 0.9027004730235659
0 24 25 26 61357 1.0642049181410207
17 6 20 16 47999 0.9294690320922392
16 21 29 23 62053 0.960307810707843
27 20 4 9 86476 1.0838058749897843
27 12 6 0 78111 0.9904045873698493
8 2 16 14 64678 0.9060014977005979
19 16 11 14 47333 0.9451561344408562
29 24 12 24 43543 1.0723314476335917
24 4 6 27 87539 1.0956893913123347
12 29 12 8 69885 1.0178125069175368
17 19 25 16 42566 0.9477137006065894
29 27 18 9 67585 0.9696074679056883
16 6 22 19 55080 0.9948503122188461
26 5 3 3 71667 1.0844615199078982
25 18 4 14 91497 1.0229826731071447
0 15 16 11 88175 1.0570474751762824
12 18 26 9 84962 1.0751571481715352
18 19 0 9 91199 0.9830834256843092
26 28 18 11 84832 1.0696891439223166
14 4 7 25 64212 1.0568025376909211
11 12 16 0 70180 1.058398105639994
11 24 25 7 85446 1.019160466564012
3 0 20 27 103513 1.0694445687799572
28 25 24 11 44244 1.0212165688642323
0 17 20 24 84573 0.9882143357912356
28 25 24 3 52780 0.9527450197809659
17 3 25 14 63525 0.99123684281728
8 4 4 26 61693 0.9489543814763897
26 15 7 13 74292 1.079411339333003
10 4 27 6 44719 1.0587329033804442
6 8 24 8 37632 1.0074181246558453
4 7 10 1 31818 0.9683019987535447
15 1 9 9 43958 0.9608152253476191
25 6 9 9 44682 1.0010432579386865
1 11 23 6 69206 0.9177901888673254
5 5 27 6 56831 1.0137761821272626
2 18 11 1 68600 0.9525896009130231
6 28 21 27 46001 0.9803064328013043
8 0 11 21 70760 1.0435610781254037
25 29 23 14 45390 1.0932047064735047
19 21 19 1 78693 0.9340438735196808
17 13 3 29 93223 0.9445485591432994
4 4 24 26 96838 1.0798083040598698
0 8 10 4 34314 1.0864751048473231
18 11 9 25 79447 1.0884489737124943
25 18 20 12 41716 1.0330399463093105
16 3 5 7 55000 0.9227367504351763
3 17 17 15 76576 0.9102089069331845
7 21 10 12 33901 0.906361782274143
10 29 21 13 76020 0.9856282175840174
21 6 16 1 26781 0.9375630026643221
14 22 21 3 94428 1.0805851288154775
15 16 8 27 69058 0.9175808220637794
16 22 27 7 82809 0.9130733455864418
8 29 29 8 89752 1.037674495527927
8 10 11 21 50109 0.9468107195496428
14 14 16 27 75922 1.0584896530603174
28 29 21 17 46478 0.9149659000623931
24 5 4 24 83967 0.9791707634466454
29 19 17 9 56604 1.0745782386103202
19 28 21 4 86065 1.0988403692053326
12 18 19 29 73709 1.0886149958973566
27 24 1 25 57391 1.0333282398919956
10 15 25 12 72724 1.0296013988798094
0 0 14 6 51460 1.045841380338125
8 0 10 25 61822 0.9747630614814908
11 4 3 28 83905 0.902667333297646
7 22 11 6 41631 1.0106291537711893
3 13 26 17 101810 0.9149555662607003
27 21 1 15 106017 1.0041549945912043
20 8 8 1 44387 1.0965526770285154
21 9 20 27 61988 1.0296228097180886
21 11 8 25 71163 0.9036576783676754
15 26 14 12 75739 0.9730118056040968
5 8 27 28 91760 0.9773748756550698
15 27 7 12 55312 1.0633266251172722
4 5 16 10 53637 1.0984828295112232
12 14 29 13 73885 1.051153685686146
15 2 18 23 105887 1.09021878594229
24 15 19 7 36335 1.0516430322513797
2 8 14 3 46811 0.9267389814145631
2 3 21 22 100032 1.0795975820340933
22 28 21 19 34368 0.9217023545083409
10 25 21 11 66816 1.013402750199133
4 26 23 8 80580 1.035749184217151
18 8 4 12 45237 0.9284219670967173
24 18 4 28 75720 1.0133867627050661
22 26 6 22 46262 1.0462406383526166
15 24 23 2 82975 0.962190084910854
26 10 14 12 56927 0.9277984969242569
9 3 0 15 69449 1.0381222592031838
16 6 3 25 64486 0.9101202790359738
16 7 28 25 66396 0.9912117685190907
0 17 0 6 59189 1.0102657728254405
21 15 4 28 83757 0.9959435899834521
23 23 6 10 81067 0.9959447031636562
29 16 17 25 47814 1.053724596345098
14 1 12 13 65284 1.0392444475504405
28 8 26 27 43902 0.9110210185389448
27 26 0 19 87357 1.032934561712089
18 16 9 7 72736 1.042629571766184
4 25 22 8 71798 1.0813442355639276
9 21 13 14 46022 1.0334441530216054
18 11 22 0 55510 0.9463679833518661
11 8 16 28 82768 0.9208106237395876
26 10 13 19 79602 1.061783108845267
1 12 27 4 89146 0.9683042712921734
26 3 22 9 32376 0.9188127186656903
15 14 12 21 45876 1.0909504391282665
24 23 4 7 86570 0.9583518767787653
3 17 11 11 57594 1.0103614513941632
4 25 5 10 48594 1.0889439243921544
26 19 2 9 88312 0.9495621598266504
23 21 5 3 101349 1.0520629507533588
20 4 16 14 58558 1.0417156353001906
25 9 20 21 53752 1.076460693982809
1 4 14 27 90837 1.0646623790061707
16 2 8 15 63827 0.9263849794383278
4 17 10 25 37767 1.057235311172965
29 16 20 27 52188 0.9908741602463015
8 8 21 2 47097 1.0103352686797165
7 14 3 0 41196 1.0482819710508104
16 29 21 20 44743 1.0226122515937646
23 7 20 28 74729 0.9914951197340869
23 9 24 20 33276 1.0055230499265932
1 18 25 13 107163 0.9787146430204983
2 10 15 8 36535 1.049926710674152
28 5 13 14 65489 0.9068860070456158
3 26 13 4 73775 1.0832675563094638
23 12 18 29 67354 0.9765518896685124
15 19 16 5 82809 1.0260342117981087
1 5 27 7 68971 0.9968034541571275
0 22 26 7 109868 1.0534541985527848
9 3 3 29 79767 0.9004988210563343
0 27 16 21 73630 0.9511454300042114
10 20 28 25 57850 1.0379042946134955
14 18 23 6 78438 1.0796497761844273
24 12 7 28 74711 1.0098466370096666
1 13 22 6 73486 0.9051747240105835
12 23 26 20 56158 1.0444208282943952
4 8 23 24 76486 1.0532537718173391
22 24 4 26 46790 0.9156600549363221
7 4 19 3 49577 0.9431979552935071
12 12 21 14 47356 0.9049642234323878
2 16 24 21 88879 1.0913979748287874
12 25 15 18 44558 1.0732479098629135
22 17 9 29 71813 0.9893565270327404
14 26 7 13 44423 0.9748117641393947
6 22 24 22 53722 0.9819659642650843
23 2 18 15 61609 1.0052885392429176
2 2 21 19 93353 0.9450148421840819
0 5 23 14 84518 0.9419909495320293
26 24 3 13 85343 1.089628229585805
28 6 26 19 32703 0.9156059048106305
6 16 24 11 64520 0.9074314667128397
28 23 19 11 69221 0.9594420567571675
24 2 16 10 49186 0.9484948988731511
9 10 6 25 42781 1.0738806792264035
10 15 3 4 52306 0.9229637754596812
25 21 9 13 87462 1.0454650965083379
0 23 4 12 64939 1.0081132980030565
17 14 5 19 60284 1.0503684463815164
26 24 22 1 60878 1.0508518209706885
8 10 11 23 52387 0.9379990486845102
28 28 6 12 80514 0.9001588994664638
16 12 29 19 73943 1.0904233223839297
11 16 27 12 88732 1.0661370940020454
13 21 24 17 58152 0.9774353231795454
3 16 9 25 45918 0.9208026161769205
28 25 27 12 28801 0.9293181600170914
3 29 23 22 70293 1.036924217550432
9 18 24 14 78237 1.0052945135584936
28 22 9 9 73596 1.0482700566590544
8 25 15 17 56570 0.9065302090370867
22 24 10 19 51309 0.9125124633913696
12 19 20 29 64439 1.0974223284255729
2 8 23 25 78381 1.09572992331735
14 25 2 20 44702 0.9551434820688421
2 22 14 20 62317 0.9032092241890727
11 23 23 14 71086 0.9326968614130743
8 25 17 18 62479 0.9315268515928491
16 15 0 2 94391 1.0572186045836915
7 2 21 11 51105 1.0346535465212847
13 2 14 12 52350 0.998235733801919
6 7 20 12 50638 0.9467690040802248
20 20 10 13 72737 0.9392565378065996
9 26 28 16 62872 1.005457296001539
22 1 12 26 97641 0.9754600391028692
4 18 22 14 90600 1.0544252385794304
26 10 11 21 96966 1.0221251315884485
24 16 1 12 90214 1.0840815749120891
11 20 12 11 56619 0.9144295203606569
16 19 26 8 64096 0.9311597761277299
21 5 8 25 72579 0.914680520863143
16 28 23 8 86688 0.9933152806298853
11 1 23 18 83057 1.0410968028041283
5 2 7 12 27434 1.0006404147958157
13 16 29 21 83458 1.03320988273574
13 1 18 17 83901 1.0520666097165448
25 6 1 22 102458 0.9580240376983606
18 16 19 3 72369 1.0970703277555423
14 10 4 23 74957 1.0788214362852562
12 1 27 1 35521 0.9413195603219743
5 26 25 9 86160 0.9696396696898444
17 12 4 24 83210 1.0944614426123842
22 11 27 29 66683 1.0202349617817408
17 16 3 15 77958 1.0123559007462855
29 16 10 18 90250 1.0778655110274276
20 18 19 6 49079 1.0543366658909266
21 10 16 4 40253 0.9895148929371826
26 21 25 5 54980 1.076787884688628
26 26 0 0 118774 0.9738694960859909
2 7 20 24 83078 1.078985923352809
25 17 11 13 74848 0.9945587280896963
28 2 18 11 49818 1.0273555050651777
18 17 27 29 66118 0.9090925963879484
10 14 9 26 44475 0.9499486182012813
3 17 29 17 101990 0.9225950152924898
21 27 12 11 92316 1.0925806116834131
11 19 23 24 57463 0.9604949617435343
1 0 4 10 53360 1.071832557375172
22 8 6 15 49969 0.9624273037421303
14 17 28 23 73910 1.0340907837544273
18 6 0 13 71119 1.0394579217461666
13 1 26 18 78538 1.0925195234179554
23 18 25 4 51859 0.9698322987525335
21 25 6 23 37088 0.9353333599043155
2 21 17 21 77813 1.0284119765115045
23 19 14 23 46534 1.0601347096146685
8 6 25 10 50130 1.080021393407193
19 23 9 21 50327 1.0925297732679298
0 12 11 2 65031 0.9778558206239504
6 27 14 12 68682 1.0821958419440214
14 10 29 22 74723 1.01368300547989
3 3 29 26 112763 0.9625226332292751
16 17 20 3 77993 1.085853657338837
0 3 15 17 101876 1.0003071402875356
13 24 14 0 86279 0.901133406704172
10 9 6 26 49467 0.9390461745952038
10 26 10 1 64852 0.9204033714335621
20 3 0 25 99732 1.0039634736865333
23 1 3 22 105617 0.9882649065206306
29 0 13 10 61567 0.9527170009308149
17 14 26 7 49297 0.9441117497513978
10 19 15 27 45873 1.0199040003097626
0 3 13 4 60252 0.9137185854310382
27 21 13 7 67895 0.9705988762335475
22 2 19 13 51236 1.0820787577095774
16 29 1 13 89853 0.9200053208382919
6 11 4 25 40709 0.9390737719713854
4 13 1 0 62316 1.0515521689141363
26 27 26 5 55877 0.9938441281102405
19 24 8 22 41176 0.9057837409409973
17 16 22 24 54428 1.017878605798244
0 21 8 12 58790 0.9523643158291408
8 10 24 27 75734 1.0851962612708344
3 5 3 20 61752 1.021005105626243
8 9 11 21 51221 1.0217575267798773
25 15 12 27 68788 1.0092298778361406
10 5 14 14 51035 1.0819842655702456
8 0 16 22 95371 1.0603273385046803
2 18 22 5 87619 1.063770433422741
29 27 8 8 83466 1.003829280649031
23 28 16 8 72472 1.0520414550616115
20 23 20 5 71533 1.0652259611532044
12 5 0 29 85838 1.0513505765429265
29 19 21 4 49927 0.9930536109801272
27 8 8 17 66367 1.0083939346196935
3 10 29 15 84221 1.098304498954552
1 18 25 26 84185 0.9073635284923577
0 19 14 15 73893 1.046595756717758
14 17 5 18 53765 1.0158910973800874
16 13 19 5 64844 1.0189893664296084
23 0 19 23 88477 1.0953013590891896
5 6 9 14 29547 0.9718132195869056
23 2 19 29 88811 0.9647829232132725
20 29 7 5 84260 1.0332725017576376
9 25 8 14 31131 0.9788681181613732
20 5 19 29 88757 0.9210613138883731
19 24 29 28 33366 1.0714826637469155
21 5 29 27 61384 1.0523063849529906
10 8 0 8 22235 1.0727259079700413
23 27 25 12 48336 0.9974449067712573
15 2 17 12 71592 0.9700973497768638
20 15 17 24 46101 0.9454912295757988
12 19 7 14 31346 0.9586858532171061
1 29 27 11 105225 1.0210810662262593
19 28 10 17 72673 1.0642807123869482
13 26 5 9 59713 0.9369567960548096
10 9 25 3 53357 0.9134703059655437
0 0 12 11 67786 0.9915302435193255
18 15 29 19 59658 0.9926389342311113
22 28 21 12 55976 0.9572107035902041
11 16 25 20 81804 1.0544844226829992
5 4 20 18 89405 0.9044582931858803
14 21 0 6 83163 1.0462761949573829
14 28 6 19 48026 1.0917474519435586
20 4 14 24 89206 0.9835348283043136
25 7 11 19 85054 0.9323524693166386
28 22 1 27 72421 0.9722425974172617
15 6 10 15 46065 0.9829629456485904
23 14 4 0 83391 1.0179497596689884
28 0 0 9 83553 0.9782951157559034
22 0 5 27 102510 1.0052532187077607
10 26 25 5 91483 1.0149663036894154
15 8 4 25 57325 0.9834478785468843
7 26 7 1 49180 1.0538252081374515
20 13 6 16 70353 0.9956090172526258
12 9 24 29 83350 1.0623092890429335
6 7 25 4 56653 0.9986280954350156
17 6 2 2 47252 0.9978908652937939
10 6 24 2 40244 1.057923435905183
13 21 13 2 88992 1.0332778192507714
7 11 16 10 41062 0.9633998653892358
23 24 5 9 78890 1.0540051669175168
25 0 9 29 111764 1.0454485439832701
14 21 11 7 78306 1.0603939307022499
15 23 29 8 70175 0.9301917832680658
2 23 25 11 97422 1.0975249052248888
11 2 24 0 39983 0.9512710397732435
7 6 12 12 35758 1.0140939898457386
26 16 8 18 89568 0.9645900136184082
19 19 3 2 98941 0.973080327193442
4 0 25 26 103651 0.9954088429266977
0 27 12 7 78631 1.0224186570537694
4 0 22 6 56213 0.9792708712939494
7 14 20 17 72159 1.0728343233152413
24 27 17 12 71701 0.9222067123976568
21 6 21 20 43335 0.933905481884468
24 25 17 2 82445 0.9518655313205602
3 22 3 8 61419 0.9188745122517479
17 2 8 7 50268 0.9974974937920932
10 7 28 13 51571 0.9817945306455897
17 17 15 8 61699 1.015053022395919
7 19 1 8 35270 0.9375898909438639
5 16 13 18 48994 0.9958372957662182
17 29 19 15 70632 1.087375929306199
24 17 10 28 60166 1.0107071000024204
20 10 5 15 66649 0.9137764665014001
3 24 26 24 55216 1.0440556038369118
8 27 21 29 48946 1.0647059507181171
14 23 1 11 82367 1.0666901831621447
27 29 6 12 85827 1.0396786415429422
21 21 6 20 58215 1.0744555161481502
6 17 0 26 42570 1.087253323515687
7 10 3 29 50943 1.0511880509576816
17 12 27 9 49078 1.0897493116618309
25 13 19 18 49077 1.0408505325619943
2 16 22 14 87391 1.0702521630425417
12 28 28 25 51756 1.0105583795544906
23 11 15 21 76979 1.0180310261935372
7 24 22 14 69882 0.9811118568640107
23 15 3 11 85723 0.9071658258170099
20 1 28 12 39032 0.9496854547184007
20 0 1 4 70616 0.9593940251714326
28 24 11 9 75238 0.9457538494453489
25 1 9 10 63289 1.0803166939736641
15 0 25 8 48569 1.0067270231221093
15 19 7 26 46251 0.9126940258711814
27 3 6 22 94627 0.9115504496720034
1 22 14 11 92900 0.9266326942391975
0 15 16 8 64134 1.0388870250826423
29 27 2 6 101460 0.9667656751536459
22 2 16 24 84276 1.0197680670346876
24 21 8 0 92240 1.099522438470216
21 15 15 29 63883 1.0053561501887047
28 26 20 4 65869 1.0339574103433997
16 17 23 12 53128 0.9545054095209962
6 8 26 7 46549 1.0892490178600769
22 29 0 4 115329 0.9370108018689886
5 5 20 1 53952 0.9408496387775004
27 12 11 6 52639 1.0020447541918835
28 18 17 25 36511 1.0579513965943308
7 25 28 6 79982 1.0049541058699711
12 3 25 24 91492 0.9821525919551466
10 21 7 14 30987 0.9757500153126717
4 13 28 12 81297 1.0365513280014378
13 18 26 10 82018 1.0344137129897735
27 2 12 15 86076 0.9237080365965477
6 21 11 29 34264 0.9389858014422878
1 10 15 28 93122 0.971960956149277
1 17 19 19 83311 0.9891256010362388
0 4 7 10 41146 0.9368750116961682
16 22 13 10 73891 1.0953592744425587
29 6 13 8 36748 1.0696674707960943
2 27 23 12 91089 1.0080660958814833
4 5 24 16 75505 1.019049578184567
23 23 15 14 67517 0.9897632400329188
22 6 2 15 69373 1.0506532628337826
1 20 7 28 42574 1.0686797927843164
17 21 14 13 62092 1.005642363094367
4 16 13 14 48768 0.903259427517526
28 29 3 1 108378 0.9188609096132948
17 23 26 25 33304 0.9730226588391604
7 0 17 1 25944 0.9588910570274258
18 9 10 6 29748 1.058284271215647
3 6 7 20 38168 1.054127516896409
9 13 22 15 63051 1.0531838925270727
13 14 6 27 54929 1.0443129606626638
25 14 22 0 48756 0.9001269125680392
3 23 21 4 89256 1.0729651906493087
29 27 9 23 58309 0.9309992192209979
23 11 12 9 46140 1.056535994510001
11 2 22 22 97957 1.0474656877403408
18 21 4 17 77086 0.9320568783038895
18 23 6 12 66346 1.095272578028938
6 19 26 18 78731 0.9941442444298448
8 23 5 11 46854 1.0651614063388517
18 9 25 13 36639 1.078173096510059
19 13 10 18 60672 0.9733924528650544
13 8 17 27 85768 0.9095652014375181
9 8 23 2 51256 0.9126322858331674
15 1 4 17 67477 0.9194932502806022
27 9 5 13 68499 1.0344158974529396
24 0 20 20 70533 0.940829494619059
28 3 13 11 54751 0.903475494232032
27 7 12 0 59533 0.9722023110963947
20 6 2 3 51420 0.9849864532742659
18 13 21 29 64472 0.9444267318293194
23 12 10 6 49323 1.0765103018523754
27 23 19 17 50692 0.9846353455075463
25 23 1 24 65616 0.9889657168266773
5 2 22 26 88937 1.0021511165697847
12 11 12 26 73774 0.934797884057432
19 5 19 27 89229 0.9805474144368409
26 29 19 12 74064 1.0012114458737156
23 2 15 28 99646 1.0498235752739857
22 25 17 8 62233 0.934180771346645
6 14 8 0 36917 1.025039641625965
16 9 22 28 86509 0.9570439592134514
8 13 2 29 54795 0.9264547147282179
28 27 26 14 30369 1.075573161061488
1 19 9 7 56577 1.048152547059467
18 28 28 19 50172 0.9450417151100594
9 3 16 28 98843 1.0055653323589218
10 11 22 8 37346 0.9843375023184057
24 0 16 3 38381 1.0085828608424297
19 2 0 24 100091 1.0509783980365863
0 3 28 20 109868 0.9305164134370809
27 27 6 3 102188 0.9326638742970021
9 7 29 26 84545 1.0488855640303385
25 1 5 15 81252 1.0184710290794423
15 7 17 15 59209 1.03309195976527
0 10 9 29 79225 1.0913432375231547
5 2 29 12 78647 1.0558507905257795
16 28 10 9 84309 0.9946931250406734
24 28 10 22 49189 1.0544173892541466
15 21 12 8 75642 1.0160154972783992
21 1 0 15 91849 1.010465774226568
29 1 16 29 90784 0.9246695523214536
14 20 2 19 54795 0.9993734612157777
29 12 18 18 65764 1.0765507243851642
15 5 29 28 81279 1.0003773231338335
4 18 16 9 68034 1.0177988651049088
12 14 1 13 48654 0.9043411085388801
4 26 13 18 52814 0.9389848457767739
25 24 4 5 92245 0.9143860429183592
15 18 15 28 60616 0.9695505477808006
18 19 8 25 57761 1.010979855811586
27 13 0 2 98609 1.0192004462067443
14 8 7 18 35110 1.0130888129239244
9 21 25 20 70308 1.0476541589711295
27 3 19 17 68511 1.0418767998541385
12 0 20 8 51365 1.0783764052969613
5 29 19 25 39382 0.9441888924513004
6 0 5 18 54760 0.9743482094333533
8 13 22 12 62505 1.0739067525240216
15 1 8 5 35265 0.9240313849161125
8 29 1 25 23376 1.0409317773664444
15 18 1 21 72419 0.9688419243198126
10 21 9 5 56552 1.0483360056468223
17 20 22 14 43793 0.9290403396861229
8 1 12 27 72032 0.971366559354164
1 17 11 10 64849 1.0273615994913299
6 27 12 14 50757 0.9360947423622862
21 14 8 24 66922 0.9848253121683105
4 27 17 6 76319 1.009399049047719
11 17 27 6 83888 1.0786524129380437
26 3 3 26 104666 0.9930411392545051
12 26 28 11 66114 1.0457305716582181
13 18 27 1 93391 0.903030147888579
13 11 25 5 51333 1.0972426535924964
24 18 29 11 39562 1.0572348198347776
2 1 3 29 81719 1.0995020023238924
7 21 26 23 53114 1.0500204348181434
23 5 16 17 73895 0.9113997594800117
4 16 28 9 82755 0.9337480510873857
20 4 26 10 37243 0.9539466394326451
22 20 9 5 81579 1.0137602669229173
9 23 0 17 59919 0.9193290596060427
13 0 22 28 110704 1.0791349768008531
29 5 16 12 63057 0.9550874879984741
12 3 13 26 84259 1.061440476237448
24 4 15 17 77205 0.995754937986801
12 6 15 29 84824 0.9935420045246168
4 19 26 8 74665 1.0523505391858996
27 16 7 0 82845 1.0488936059520202
4 10 2 29 72287 0.9328976064738881
21 15 25 27 47194 1.0186098384634992
17 24 7 22 31283 1.0388808996789678
27 5 16 15 68734 1.0072613819197085
11 20 22 22 65401 1.0398657750764184
26 23 29 16 30661 1.0382991902125243
16 10 3 27 87675 1.0195357790161907
11 2 6 19 53508 0.9326743458471144
26 22 10 7 81137 1.081258766907256
24 2 10 5 44090 1.0739842788908367
8 0 18 2 35121 1.0988444851552213
21 13 26 25 48664 0.9555388331070274
7 18 21 0 69725 1.0581314230838859
16 17 29 0 90074 0.9970522608272818
20 2 28 15 48656 1.086914697691427
12 24 27 11 71389 0.9023654720007237
6 29 5 6 53617 1.0497310100023485
23 5 7 14 58106 1.0765609914185186
16 19 18 10 60713 1.0517729878079005
6 11 15 7 35088 0.9735528635344676
2 10 21 9 51779 1.0908619069265326
2 0 21 25 93007 0.9891087120743564
24 14 29 7 32284 1.0229144892132815
23 3 13 12 62785 1.058744580995031
2 0 23 14 86085 0.9028880783983976
0 7 7 24 55655 0.9222360226041347
23 9 2 29 101154 0.989472996944839
0 17 24 9 90625 1.0991547744788648
3 5 16 25 72045 1.0239316034819894
22 0 3 9 69642 0.9492392761165177
9 28 19 4 96219 1.0284428993392656
29 0 18 18 84140 0.9644372767003029
28 7 7 9 49492 1.0764253942825974
3 23 25 29 68035 0.9855158401029243
12 6 26 25 73825 1.016008556394375
19 25 4 5 77260 0.9659320234584475
16 29 13 19 57324 0.9239683440137642
0 3 6 14 56402 0.9038454340292369
4 1 4 17 54880 1.0721372703261804
4 14 8 0 44375 0.9489255601621317
4 17 17 16 78150 1.0715153754539417
11 29 20 13 85696 0.9837940422014577
24 10 12 9 35622 0.9183633148230014
6 4 24 29 93649 1.0028559220842634
2 28 20 17 81035 0.9282036953646887
12 16 16 9 55189 1.0252278248541058
25 13 16 25 53267 0.9133881025248041
2 10 2 27 65508 1.0568429658242535
7 21 7 3 37388 0.9736804769044825
10 1 14 28 86774 0.9529147626849768
29 1 12 8 48904 1.0994214578024797
2 11 29 0 88757 0.9726560010684279
27 27 7 17 66889 1.008559866004104
26 2 21 18 59153 0.9571049105764604
20 0 23 9 43241 1.0340673158234457
24 7 5 15 63588 0.97712635411407
2 5 6 24 54594 1.0458829427733871
16 18 6 28 68149 1.0295741792245428
1 21 19 5 92921 0.9679265941982163
24 7 20 28 67627 0.9966157095208172
0 17 18 24 79925 1.0507158445322744
21 26 1 22 60015 1.0196902668211623
17 20 25 14 52881 0.9981846813451148
1 7 18 14 75645 1.068270024886867
7 21 27 24 51672 0.9344467341622834
13 19 29 23 69661 1.0269887621307228
25 15 5 5 77928 0.9245607494404265
21 5 5 3 53869 1.0361319732618948
23 8 24 21 35908 1.0139948077000256
2 18 18 2 90353 1.0950520758298177
8 21 20 6 64429 0.9460822431709389
6 9 29 11 63957 0.9185592124572627
23 16 21 4 46336 0.9251147462356882
22 0 25 28 84530 0.9197137757330948
23 18 4 4 94080 1.00304479236436
21 28 25 14 48212 1.0512226929913522
21 3 0 15 88899 0.9143044049237344
29 23 3 11 104957 1.0698770822771697
9 15 5 26 41145 1.0884704091032962
17 24 10 11 71296 0.9996542850313137
25 9 6 12 55587 0.9139640146430821
10 3 19 0 36255 0.9343573681947348
10 9 26 22 81402 0.9992186166973718
13 13 17 27 81747 1.0789750133963791
10 10 24 18 63379 0.9187547488388722
16 9 2 1 54513 0.9033975739962136
23 5 22 26 68144 0.9675198782381463
20 20 26 3 71488 0.9179469751214426
2 23 29 13 92290 1.0889920738639964
26 12 10 0 75398 1.087236259570751
29 7 22 24 51133 0.9504006162336789
21 8 21 19 33097 1.0359708081742607
15 1 15 25 84494 1.0889490062463874
25 23 3 12 93359 0.9110533145167575
2 11 18 23 86892 0.9742573162192996
1 13 21 25 79112 1.0658201345160143
23 7 10 22 87960 1.079565296143907
12 9 23 19 62980 1.0268080312136405
16 28 25 27 45983 0.989100744831842
27 6 9 10 55109 1.001968510168029
12 9 2 28 71098 1.0978246738824473
11 6 28 13 49653 0.9049130115058122
20 20 2 26 65836 0.9535186927021875
19 6 9 20 66717 1.0523105429257162
7 28 2 17 45467 1.053877261529602
29 8 23 12 25809 1.0164901090367675
16 8 8 24 54373 0.983352395769855
26 29 1 18 95409 1.0054886510592713
2 27 26 3 108423 1.0062431080265772
20 16 22 24 35795 1.006297574450068
20 16 8 6 66267 1.0634264948550587
16 4 27 27 86072 1.028187747136139
24 14 21 5 29488 0.9025657700001536
24 21 15 8 52991 0.9614227957873394
23 17 15 14 43748 1.0982548528234826
29 1 8 20 90997 0.9483755417055464
24 2 9 15 77093 1.0059096802434575
24 3 11 1 36185 1.0330613582643287
14 10 12 2 45488 1.0521114917843954
18 8 8 9 27096 1.0091903983135764
20 8 23 16 36537 1.0958192997897815
25 10 18 29 73228 0.9184958703566752
18 7 26 17 53664 1.0296883528022573
11 1 28 15 66288 0.9134705593592062
15 19 5 25 48862 0.9459358996576541
9 5 21 12 50164 1.0694580203500867
21 11 24 2 30558 0.9817206089667903
20 28 7 28 49094 1.0834721875885454
12 10 25 22 78652 1.0764915721440833
7 16 20 5 55128 1.0574613817281366
5 23 16 20 67797 1.0803162661199281
12 2 24 3 39031 1.0622986249757682
18 21 27 18 51040 1.0681380368996083
13 18 26 26 64901 1.0738467558676972
29 14 20 16 45281 0.9598107625596468
27 5 4 10 71208 1.0905305539110521
2 9 27 1 74708 1.0694445165524724
21 14 5 8 51506 1.00042252846681
23 7 12 27 89491 1.0690839741349207
26 19 25 6 39726 1.0056721733806913
8 7 20 1 49046 0.9448584421338833
16 3 19 25 99391 1.0632887207457449
19 22 7 9 78330 0.9564638737660086
3 7 3 25 55069 1.0372458513554985
19 12 26 26 65578 1.0754288804095267
17 11 16 20 70010 0.9606468034926647
25 13 4 12 76296 1.069543553786579
26 26 23 6 54130 0.9911375472610017
11 15 20 18 67607 0.9393080743838039
0 29 29 23 86575 1.0281236074024973
24 25 6 5 80237 0.9069125527056686
27 22 4 3 108659 1.0208884389235606
1 29 18 12 107281 0.9567873369348994
26 16 10 10 69507 0.9703899176733334
25 26 3 5 94790 1.062516979678986
12 24 15 12 68178 0.9923938345034877
6 15 23 28 75412 1.0569157532429632
3 0 18 8 53445 1.097235299390981
3 5 17 3 61056 1.0937870324639183
20 12 29 21 58658 1.05849566964591
10 24 26 10 82284 0.9530866574449773
22 17 14 2 75669 1.0202336303226995
6 16 0 1 53043 0.948237270247896
4 9 11 29 67031 1.0365907772597223
13 15 6 11 41854 1.098916612496219
26 1 2 14 88166 1.0137476037683115
11 4 6 27 67876 0.9122303519268203
0 7 16 28 97714 1.0494512549994917
0 14 6 9 39139 1.0837368246662296
24 20 10 3 77908 0.9822486904476069
9 18 26 21 79775 0.9394248574821414
1 11 14 10 58157 1.0473827086381027
9 17 10 0 53621 0.9333552887270609
1 8 12 1 39529 0.962338971130499
19 20 0 20 93691 0.9690522409294715
29 22 4 0 105744 0.9874489097875745
15 1 27 20 71276 0.9996240512962911
8 12 18 16 62495 0.9995887990858308
7 27 11 7 52953 1.005983802386462
8 26 26 22 53662 0.9048092869657391
8 25 5 7 46446 1.0566461341677844
5 11 15 0 59465 0.9607832113765512
23 29 9 0 106281 1.0050175980809843
23 8 10 10 35583 1.0748071767314151
12 19 15 8 59546 1.019390621904896
26 2 1 22 117870 1.0114533021225163
11 23 27 29 60180 1.0341208122843524
3 6 25 29 97367 1.014101733468561
14 18 6 9 60334 1.0095627111936378
26 8 6 2 56787 1.0213891514268911
27 27 29 10 42396 0.9844958859959213
3 11 0 27 77327 1.0915774103894285
9 15 25 4 79904 0.9620992203989869
16 19 5 4 81786 1.0894567418815682
4 2 20 26 90636 1.060577803612789
5 2 28 9 67381 1.0365305246369336
27 3 11 29 104754 1.0865840584283362
15 27 6 23 37247 0.9893304855521445
14 3 2 7 48494 1.0208421759174287
1 5 16 4 55196 0.9512423635121295
29 20 16 21 67550 1.094340244846752
8 26 29 14 72324 0.9029655407908376
18 11 1 14 74728 1.0265205711972822
27 7 7 4 52420 1.074919914954724
26 3 9 21 96557 0.9750632196521931
16 3 3 17 84978 1.0537725175088177
17 7 20 24 69277 1.0687476079697178
2 17 15 16 74542 1.082556020725477
5 4 18 11 63601 1.0102084086853964
23 2 26 12 39376 1.011260972454306
22 8 9 4 45875 1.0563092663118367
5 29 25 2 102537 0.9513941826617949
28 12 14 27 65891 1.0295635627226876
13 29 6 24 33851 0.9704198612889798
4 10 17 22 90441 0.946737318896034
9 8 2 19 46653 0.9542898704411835
26 13 2 8 71176 0.9483953223257888
4 18 4 2 63659 1.0272467858380558
21 29 10 24 38324 0.9241169378733337
3 18 1 1 71693 0.9395895129779588
9 6 26 5 41115 1.0558975018539578
15 4 5 1 43702 0.9293418102754749
27 16 29 28 34645 1.0576264523551
14 2 18 14 73545 0.9441502311120277
28 10 19 19 53075 0.9920242049341718
1 26 4 5 69647 1.0489838136228216
3 19 6 3 55357 1.0675854967457632
2 26 12 6 62403 0.9123804065593522
8 6 18 17 78321 0.9494750781554542
18 23 9 16 67351 0.9082798377010497
27 10 5 19 81584 1.073770793788381
14 13 0 15 68465 1.0456209207332274
23 2 5 19 84935 0.9083377773156851
25 16 9 25 61162 0.9691650257344715
16 10 14 19 61459 0.9663860600781418
18 3 0 23 104162 0.9306627430586417
20 13 5 11 69973 0.987301041979075
10 22 29 3 98311 0.9457094153619939
14 2 1 26 88817 1.063096306616645
8 19 15 5 53848 1.0712523393549407
17 15 23 23 67167 1.0595947144223452
20 18 1 8 80292 1.038637016064595
15 26 2 28 43772 1.090392257458167
19 27 26 10 72283 0.9454825690552973
6 3 14 25 66103 1.003430516478148
14 25 25 8 67045 0.9982814568857769
7 26 13 1 64737 1.038451337513617
1 0 21 21 103886 1.021877482009946
1 26 24 14 81140 1.0408280476816334
2 4 1 17 56104 1.0689030202541665
16 26 5 16 58525 1.0871282442428096
0 0 10 24 80671 0.9818288256020222
2 27 16 29 56649 1.0170142375055977
10 18 7 0 54128 1.0295692939318983
6 5 23 12 60787 0.957604519812497
5 18 16 9 62107 1.0467297355231737
7 6 15 1 30045 0.9031901060768153
27 29 1 7 106898 1.057955116440295
27 0 3 13 94017 0.9560758340029987
8 2 29 8 63078 0.971788368678383
27 29 2 23 73050 0.9556241807121045
28 17 6 10 69760 0.9120223190715245
20 18 4 15 88854 1.030096527392849
6 26 23 19 59483 1.0795803580189425
0 8 8 24 50721 1.0533070081053975
24 6 12 23 83048 0.9680591226816196
10 20 27 8 81686 1.056927225216887
4 25 23 12 80204 0.9820474028981966
1 6 2 20 58201 1.000239494828251
16 17 24 2 76435 0.9666629797311647
5 7 2 0 36472 0.9034622327007804
14 24 8 1 68234 0.9650336163037774
24 26 24 15 27318 1.0347880612236484
24 26 10 1 93393 1.0804806411209344
20 12 8 15 65711 0.9062203422273614
20 13 4 11 76323 0.994534486671396
26 27 8 14 76205 1.001021940096802
0 5 22 15 86265 0.9842398463295201
9 1 28 5 52529 0.9494513284735382
17 4 9 14 62054 1.0951020527146784
6 22 14 8 50534 1.0781210007402178
5 18 15 9 57407 0.9596011496834765
15 29 11 21 54017 0.9922037574114041
14 27 7 7 62354 1.0978406990276153
16 12 19 21 65270 0.9177964510989735
12 19 16 6 65485 1.0553899774575473
2 14 7 24 39043 1.038494294288912
6 29 5 5 61153 1.0658913636976433
13 15 23 18 64308 0.9435409482545628
