6007 5581 6178 6390 6340 5625 6119 5611 6005 6197 5662 5816 5607 5817 6034 5744 6318 6189 5675 6209 6342 6391 5671 5777 5810 5887 5599 6003 5732
1711 2114 1369 2181 1672 1393 1460 1479 1322 1317 1941 1431 1722 2153 1913 1380 1558 2013 1942 1331 1872 1462 2090 2138 1840 2166 1327 1808 1418
7590 7460 8206 8322 7594 7903 7415 7586 7996 8099 7805 7530 8104 7791 8104 7614 8005 8098 7656 7634 7444 7461 8147 7479 8259 8128 7928 8019 7675
3486 4102 3675 4221 4049 3562 3884 3490 3723 3701 3584 4211 3872 3800 3889 3939 4223 4245 4340 4056 3921 4338 4174 3465 4145 4320 3817 4085 3746
5362 5509 5180 5481 4785 5317 5407 5293 4882 4796 5121 5633 4890 4875 5013 5148 5248 5362 4971 5209 5075 5528 5246 5071 5578 4995 5613 5245 5509
5238 5768 5706 4948 5328 5456 5695 5610 5513 5725 4896 4892 5092 4962 4903 5772 5213 5125 4905 5306 5644 5626 5017 5365 5301 5482 5715 5099 5445
1782 1726 1594 1735 1862 1659 1012 1241 1123 1255 1372 1615 1497 1445 1158 1862 1876 1657 1572 1088 1872 1508 1680 1168 1411 1814 1012 1563 1346
2271 2345 1729 1927 1927 2104 1910 2091 2595 2579 1935 1770 2168 1978 2297 2415 1801 2311 2182 1694 2408 1806 2329 2171 2081 2370 1744 2605 2218
4071 3883 3913 4500 3772 3802 4261 4442 4175 4375 3857 4572 3786 4015 4402 4134 4030 3914 4204 4470 4305 4465 4548 3950 4401 3726 4145 4304 3914
8356 8217 8180 7860 8467 8195 8257 8314 8045 7858 8364 7966 7759 8103 8583 8397 8010 7916 8274 8075 7743 8470 7901 7924 8492 7886 8084 7933 7858
6789 6698 6181 6499 6057 6697 6818 5902 5945 6325 6592 6548 6224 6059 6312 6391 6115 6345 6617 6731 5921 6595 6596 6374 6825 6259 6199 6718 6646
6882 7325 7004 6455 6627 6849 6708 6432 6790 7309 6447 7105 6764 7186 6593 7167 7347 7245 6822 7348 6621 6738 6894 6512 6439 6513 6601 6920 6737
6536 6952 6862 6793 6579 6490 6404 6344 6916 7150 7120 6983 6772 6269 6805 6788 6911 6325 6492 7079 6688 6636 7052 6512 7074 6536 6451 6761 6972
1142 1968 1789 1070 1118 1134 1639 1595 1787 1224 1433 1763 1795 1131 1619 1347 1430 1315 1782 1686 1205 1148 1545 1464 1644 1623 1588 1591 1839
5073 4685 5323 5154 4951 4695 4580 5278 5130 4701 5048 5022 5048 4742 4853 5317 5233 5078 4564 4918 5041 5138 4904 5486 5097 4881 5187 5313 5205
5340 5422 5698 5345 6009 6247 5768 5616 5344 5743 5522 5778 5820 5526 6184 5738 5770 6072 5536 6243 5575 5345 5445 5944 5491 5871 5634 5821 5827
6352 6109 5634 6243 6342 5824 5752 5918 5613 6278 5770 6185 5449 6262 6263 6297 6102 5765 6283 5994 5730 5866 6093 5711 5498 5818 6121 5609 5894
3207 3358 3756 3409 3679 3453 3822 3392 3952 3457 3914 3312 3587 3691 3423 3470 3476 3559 3378 4017 3427 3369 3838 3706 3296 3856 3615 3482 3280
6930 6110 6215 6407 6409 6230 6380 6340 6988 6313 6574 6097 6727 6486 6825 6596 6134 6167 6781 6100 6900 6959 6585 6299 6517 6393 6547 6568 6685
5152 5559 4975 5466 4990 5575 4978 4732 5599 5163 5225 4834 4874 4747 4907 4871 5070 4947 4867 4748 5297 4989 5431 5114 5382 5316 4853 5227 4694
7485 6885 6632 7081 6645 6965 6894 6878 7372 7253 6601 6780 6608 7060 7459 7065 6606 6652 7418 6844 6810 7176 7302 7343 7407 6867 6891 7007 7455
8139 8329 8032 8154 7958 8169 8343 8649 8698 7998 8074 8550 8087 7887 8438 7939 8377 8090 8327 8552 7803 8430 8577 8624 8671 8230 7882 8143 7775
2311 2407 2140 2417 2089 2239 2274 2427 2379 2726 1987 1939 1984 2233 2794 2068 2512 2537 1936 2153 2777 2679 1945 2404 2678 2101 2648 2408 2758
2246 2256 2067 2623 1854 1991 2543 2153 1885 2075 2584 1962 1945 2408 2575 2144 1827 2457 1897 1902 1967 1802 1784 1970 2591 2196 1819 1891 2061
6963 7550 7784 7650 7043 7224 7012 7672 7369 7802 7812 7751 7629 7433 7154 7561 7802 7283 7842 7844 7257 7502 7408 7291 7594 7081 7466 7142 7750
8287 8112 8816 8621 8322 8306 8213 8563 8592 8142 8641 8742 8253 8702 8778 8498 8828 8745 8568 8667 8167 8130 8729 8588 8891 8278 8109 8152 8252
4358 3831 4137 4334 3781 3691 4459 4292 4546 4399 3933 4606 3842 4558 4040 3966 3717 4003 4465 4292 4340 3922 3717 4601 4047 4232 4579 4609 4302
1960 1948 2041 1785 1898 2631 2372 1973 1939 1994 1827 2689 2067 2163 1937 2064 2429 1959 1884 2414 1823 2211 1785 2208 1906 2300 2297 2113 2617
3551 2945 3171 3474 3227 3010 2776 2866 3626 2769 3318 2735 2695 2818 3001 3258 2763 3325 2761 3532 3176 3443 3611 3048 2889 3353 2823 3228 2814
6201 5695 5944 6317 5667 5922 6027 6533 5679 6369 6501 5630 6174 5703 6423 5674 6274 5640 6542 6489 5930 6362 5884 5860 6484 5827 6076 6152 6029
8202 5639 1862 4192 4377 7967 8383 1566 6090 6650 4532 7921 3549 4431 7620 7380 6790 1395 5074 6199 3979 3677 6658 2718 3902 8587 3423 8383 2005 3547
8136 5521 1901 3988 4245 7917 8829 1235 5924 7281 4831 7619 4095 4428 7293 7160 6574 1684 5617 6495 4370 4356 6417 2019 3999 8565 3498 8031 1854 3209
8459 5379 1911 3944 4374 7697 8352 1729 5916 6613 4540 7611 3479 4372 6861 7104 6197 2005 5606 6257 3989 4505 6431 2662 3865 7726 3633 7820 1785 3110
8471 5363 2007 4481 3838 7588 8618 1694 5784 6940 4135 7824 3950 4122 7063 7647 6557 1905 5824 6404 4042 3911 6791 2044 4311 8046 3129 8090 1969 3287
8147 4949 2666 4321 3973 7807 8701 2083 5867 6989 4586 8043 3594 4014 7785 7168 6423 1843 5932 6765 3750 3786 6511 2378 3818 7756 3662 7771 2077 3383
8139 5147 2100 4791 4377 8050 8055 1666 5986 7125 4991 7592 3517 4091 7659 7311 6486 1234 5664 6146 3936 4321 6646 2304 4229 8052 3862 8521 2473 3136
8398 4829 2374 3988 4407 7627 8814 1779 6194 6416 4303 7571 4151 3971 7189 7315 6764 1791 5417 6641 3619 4199 6414 2337 4504 8127 3591 7958 2162 3626
8212 5445 2048 4790 4504 7596 8241 2056 5664 6573 4645 7659 3918 3817 7076 7242 6331 1240 5065 6965 3698 4506 6662 2073 4409 7781 3638 8455 2203 3167
8375 4866 2675 4331 4283 7893 8505 1241 6143 7039 4870 7678 3528 4007 7351 7805 6181 1726 5422 6640 4115 4169 6111 2017 4025 8042 3940 8122 1713 3234
7699 5187 1971 4738 4300 8182 8580 1533 5589 7285 4901 7879 3855 4561 7490 7777 6117 1978 5463 6504 4308 4312 6810 1939 3820 8300 3348 8543 2302 3365
8102 5417 2434 4686 4030 7538 8395 1625 5359 7238 4696 7782 3332 3987 7523 7238 6710 1574 5326 6753 3882 4265 6882 1891 4269 8626 3484 7954 2501 3355
8244 5004 2395 4338 4088 8328 8458 1575 5286 6692 4505 7474 3984 4298 7766 7838 6609 1908 5089 6110 3925 3828 6448 2221 3938 8154 3552 7738 2168 3562
8122 5311 2401 4766 4597 8123 8827 1930 5514 6924 4140 7727 3290 4351 7233 7510 6272 1607 5698 6509 4216 4458 6486 2685 4089 7995 3185 8544 2592 3829
7770 5289 2152 4814 3805 8270 7931 1921 6133 6657 4429 7893 4125 4198 7306 7364 6181 1593 5585 6865 4007 3942 6421 1885 4459 8331 3211 8131 2169 3129
8383 5453 2634 4180 3793 7583 8185 1644 5865 6399 4276 7997 3357 4212 7087 7803 6007 1925 5497 6750 4132 4372 6687 1868 4047 7745 3804 8006 2304 3180
8494 4774 2061 4606 4524 7571 8657 1745 5426 6702 4233 8116 3520 4385 6955 7699 6055 1466 5049 6837 4010 4323 6597 2692 4185 7717 3104 8642 2584 3582
8395 5016 1998 4233 3928 8032 8063 1379 6165 6505 4284 8245 3871 3908 7756 7384 6054 1980 5791 6208 4049 4458 6100 1975 4578 8432 3102 7764 1945 4008
8319 4815 2681 4427 4342 7785 7940 1866 6087 7007 4368 7492 3386 4004 6972 7232 6368 1574 5374 6640 4321 4132 6837 2559 4606 8424 3317 8158 2100 3863
7905 5460 2015 4470 3976 7986 8326 1193 6166 6580 5027 7520 4144 4236 7229 7754 6407 1794 5850 6415 4264 4132 6180 2140 4091 8492 3301 8022 1872 3414
7911 5099 2094 4761 4433 8021 8009 1883 6000 7242 4187 8163 3848 4380 6865 7266 6111 1662 5648 6698 3912 4157 6874 2220 4568 8112 3774 8239 2101 3822
8559 4947 2495 4835 3829 7833 8272 1630 5902 6560 4216 7408 3254 4539 6855 7300 6609 1201 5670 6575 4164 3748 6156 2086 4353 8476 3260 8018 1726 3467
8087 5296 1977 4618 4061 8389 7944 1754 5520 7145 4247 8290 3944 4525 7002 7174 6828 1311 5579 6743 3949 3751 6265 2086 4351 7781 3447 8552 1712 3145
7681 5086 2111 4728 3982 7663 8368 1347 5650 6903 4855 7647 3289 4095 7361 7929 6049 1275 5051 6903 3836 4345 6359 2370 3738 8060 3815 8668 2231 3350
8062 5312 2049 4463 4350 7470 8393 1499 5919 6817 4173 7651 3954 4247 7542 7405 6735 1414 5740 6984 4391 4030 6164 2600 3957 8311 3981 7860 2059 3620
8569 4796 2088 4157 4465 7588 7914 1747 5848 7170 4674 8217 3662 3993 7623 7023 6005 2006 5799 6585 4304 3738 6861 2073 4169 8271 3800 8296 2108 3902
7838 5396 2702 4502 4219 7537 7968 1971 5491 6459 4179 7960 3305 3873 7708 7287 6832 1519 5927 6069 4013 4189 6284 1950 4629 8077 3962 8077 2553 4005
8121 5002 2055 4278 4327 8396 8641 1686 6119 6616 4525 7994 3494 4531 7532 7470 6136 1700 5591 6500 4244 4030 6563 2657 4024 8460 3781 7883 1984 3188
7998 5035 2302 4404 4625 8331 8744 1537 5271 6904 4631 7685 3348 4526 6999 7353 6435 2047 5778 6164 4174 4499 6267 2459 3906 8276 3776 7843 2432 3866
8551 5304 2204 4630 3865 7829 8742 1930 5761 6651 4957 7525 3475 4086 6911 7875 6057 1347 5170 6392 4342 4416 6611 2659 3907 8108 3777 8502 2365 3587
29 18 23 2 48097 0.9501471250997892
5 12 26 7 43441 1.0715661875609175
14 1 4 19 53180 1.028000807196674
6 22 22 9 52270 0.9509983066595992
5 7 25 9 47792 1.0524164387473292
11 7 24 21 46663 1.0197199753379302
21 23 15 16 32871 0.9152446925765555
11 29 23 12 52501 0.9372082189918726
0 27 8 7 52790 0.9025580644468988
22 13 5 18 42296 1.0368117463080502
6 1 22 2 38131 1.0616319662085458
7 4 6 25 34120 1.0451658917142739
12 13 20 27 48551 1.0915302844143762
20 24 0 29 59936 1.0508256056632848
0 8 24 3 57159 1.084873649427785
11 0 18 29 73613 0.9345048122886334
24 18 14 25 43679 1.0472009743287378
26 7 22 23 40954 1.032770959201582
20 11 2 3 66870 0.9075608533084386
21 0 16 8 39587 0.9047435379002925
25 14 14 18 40977 1.0094686693755806
4 29 19 6 65119 1.0636759387250325
29 18 5 17 44512 0.973026216019711
26 26 14 22 43400 0.9174033387986692
1 17 14 7 36775 1.01603867664581
27 19 26 29 24862 0.9644908419369472
2 24 26 1 87726 1.063241531917584
13 25 4 3 53437 0.9977297145787176
24 28 0 16 67602 1.0242898638212836
27 6 20 25 62787 1.008727431003987
21 28 0 13 65322 0.992795565423813
15 29 16 20 32105 1.0931549458590322
12 15 18 23 29947 1.0274763402797267
1 6 11 12 35257 0.9911635977130426
10 0 26 22 80521 1.0617996378623211
23 18 25 4 39218 0.9122274089651743
12 6 22 14 39024 0.9228228745832435
5 12 9 21 30374 1.0169469826823618
26 26 1 22 69041 1.0610236271328182
25 21 9 2 62847 0.9391061244368727
19 17 14 28 29092 0.9246737506422463
25 8 12 11 41937 0.9991295177367281
29 27 4 14 84849 0.9110720352804117
6 14 2 5 28725 1.0065467491273534
11 25 4 20 35954 0.9628415060919127
18 4 22 27 69808 1.0289278122082985
29 14 21 25 51661 0.9948876325014029
2 24 23 6 68521 0.9178482461278593
16 0 18 26 71132 1.0142588979489728
11 12 19 3 40342 1.0572658141913354
14 27 2 19 52755 1.0961489924638412
9 2 10 23 46553 1.040755314525387
22 18 21 29 29632 1.0147873589802796
2 10 27 29 85361 1.0349907525049757
14 20 29 22 50068 1.0757306564720914
6 18 17 5 41804 1.0121849226123778
4 12 19 29 61032 1.0062389721786194
22 16 6 8 42045 1.0061649566354811
23 22 27 13 25257 1.0981932511096348
27 5 18 28 64642 1.09475536261122
4 0 25 13 72444 1.061417469841781
5 8 28 27 78522 1.0900558911269767
0 16 10 29 46875 1.0762603526616457
16 20 9 12 38715 1.005080543693882
9 15 23 28 60809 0.9075798045019023
6 25 11 4 50715 0.9050768123705809
23 17 10 22 37855 1.0291938726916248
7 3 0 29 55559 1.0372830371640032
5 29 27 9 72241 0.9772480955822785
17 24 7 0 60104 0.9002707905172491
8 6 23 24 56849 1.002191174887734
4 28 12 9 51385 1.0385997355541399
12 2 17 16 34715 1.0596925683683054
4 29 8 4 50878 0.9394544043180326
26 0 8 1 53005 1.0248668031741124
7 1 25 3 49174 0.9347538489385121
0 24 6 17 25421 1.0062185308126896
0 8 11 24 55644 0.9174953147966751
10 19 13 1 41893 0.9149716060621074
23 11 0 12 56244 0.9908397515662658
22 5 20 18 36726 0.9319092669870503
28 11 9 28 65317 1.062525678754021
20 12 17 2 41077 0.9763167466350103
1 14 8 7 23607 0.9847998056980439
7 25 0 22 26385 1.0795363926707635
4 15 16 27 54554 1.094347082056375
22 12 18 2 31198 1.0287839141860875
24 1 7 10 52233 1.0797060241665093
10 25 0 24 39012 1.0759904710617205
14 2 26 17 44746 0.9176695130576421
23 20 6 12 41699 1.0580616727101806
5 8 21 17 44208 1.0816956026054645
22 12 4 6 47368 0.9059959969331992
1 3 19 20 66275 1.0337929710179765
15 9 10 19 42849 0.9999606680240265
6 10 23 26 56996 0.9958114008131281
25 6 14 1 41408 0.9426481628323935
25 26 2 14 74767 0.94994293485199
13 24 4 2 49041 0.9719591505976066
0 7 26 11 59341 1.0612319639421308
19 21 15 6 54066 1.083541656968312
19 3 3 26 75872 1.0750384468775358
5 6 4 28 42700 1.0928228817011687
24 9 3 1 57693 0.9704307591001096
6 1 25 11 61290 0.94560740805428
25 9 22 24 48090 0.9227276782108181
15 27 8 3 63724 1.0212449698138328
7 2 19 9 39636 1.0089252098896355
13 16 19 29 35689 0.903837904094576
17 21 17 3 55820 0.9801463426727876
6 6 22 5 32279 1.034146689953111
2 24 21 22 55221 0.987183055318868
2 28 1 18 19830 1.0731496461951522
3 9 12 5 35291 1.0222538444001332
18 8 25 17 39125 0.9294387588417414
17 19 9 17 20968 1.0227357340062984
16 2 7 5 26354 0.9267672570498486
14 23 10 1 46368 1.0026508324313055
12 18 23 6 41042 1.0314434203249803
7 17 11 29 35637 1.0523247752268183
17 16 27 7 40014 1.009957834622963
27 10 5 21 59930 0.9454753762591965
0 2 10 4 31564 1.0792324760214669
10 17 25 24 42775 0.922156208501225
21 10 0 14 65925 0.9251413824114211
24 1 1 14 66519 0.9881173050693989
6 26 17 10 53334 1.051622166896146
2 26 18 2 72515 0.9498175128491704
27 5 15 19 56595 0.9175812013667723
4 0 19 3 50451 1.0363329555407728
20 25 22 12 44133 0.9921164022666129
10 21 27 6 59300 1.0790546670879586
15 11 4 1 48709 0.9062317728158074
28 13 10 26 59172 1.035919932520687
28 7 23 25 45628 0.9269450833337975
6 14 9 1 30581 1.020136395743443
5 6 25 0 67076 1.0722709788967306
16 6 0 20 55181 1.0451598068759667
21 13 13 2 39732 0.9901746821578732
27 15 15 7 36289 0.9843068838623328
0 4 23 18 61815 1.0485854055904833
27 23 29 4 47573 0.9469215204328982
27 7 14 4 30961 1.080821439578274
7 2 24 3 42672 1.0166861061319838
14 14 11 5 35096 1.0073335906009875
25 27 17 8 69079 1.0699388786196085
24 6 0 21 70562 1.0235463816087793
13 15 4 23 28660 1.0782563095027962
11 17 13 27 18515 0.9476714369433697
3 3 24 3 55494 1.0801795056724508
26 21 9 20 55644 1.0297726013686308
1 2 11 14 52114 0.9397060413306076
14 23 24 20 29940 0.9670569774186862
27 19 2 11 64534 1.0800283489943512
12 0 14 15 37693 1.0463719246119951
20 6 1 28 71211 1.0494143850386703
3 2 29 26 89366 0.9943913803381551
18 10 10 17 37197 0.922035537176164
6 7 0 16 29855 0.9608594191845921
1 3 19 26 74632 0.9792798502297161
20 13 4 19 58411 0.9559673992081203
1 2 12 3 31344 0.9803714583549661
11 25 3 19 44052 0.9969915831113928
7 16 28 10 54061 0.9977202486398289
28 29 23 12 45684 1.0503156077209332
6 29 4 2 44763 1.0219337107409603
22 7 16 2 24419 0.9042871521268789
3 2 7 19 35363 1.0870811269252914
25 23 29 0 64894 0.9019121771572409
12 26 21 25 38288 1.0286534575331983
19 13 6 14 45984 1.0900706119447463
25 7 4 13 47555 1.0489399802937203
0 0 7 15 44858 0.9708235462334536
22 16 0 20 46778 0.9572990046074783
17 11 4 1 51280 0.9663764797817329
18 16 6 1 50528 0.9300382519809062
16 7 28 12 31725 1.0806972395622316
26 4 6 24 70238 0.9550977269008522
22 1 0 7 50293 0.9131699162555719
3 1 7 13 30811 0.9716717423437149
13 16 8 6 25859 0.9742078682055202
17 18 24 6 42445 1.0988032222802555
26 2 9 2 38258 1.0280552465660915
26 23 14 22 31523 1.0403533851569846
9 29 5 2 51532 1.0220119928958031
15 6 25 21 56114 0.9574187786161311
1 14 5 29 34349 0.9029844048451217
13 25 23 11 40431 1.0311390781070657
25 15 8 25 61965 0.9172083823026267
3 0 8 5 28667 0.973290472181073
4 12 13 17 26773 1.039571876590667
0 29 26 12 79866 0.9681925201217455
11 6 20 29 63418 1.0607138603875634
10 10 23 25 56010 1.0400396055370342
10 4 2 9 39296 1.0031304740039118
26 25 7 8 70036 0.9245511419686028
11 20 4 2 51011 0.9743163599990468
23 0 14 9 40429 0.9764806762155613
29 7 1 25 76274 0.9063328938471711
15 6 13 17 24457 0.9393101822939842
27 29 7 24 54344 0.9025470128772694
3 18 10 2 40601 1.0167399891678932
15 2 29 20 63853 1.018152861697409
7 4 6 26 35934 1.0476293503341094
18 18 14 1 43416 1.0365216755387863
14 13 23 22 35531 1.0315467322750895
17 13 28 14 40585 0.9977663621121711
9 20 1 24 30037 0.9808165710636285
27 0 14 27 74834 0.9220438538431739
3 5 27 17 61577 1.0971868281806958
2 2 12 7 26355 1.0143174978290022
26 24 8 19 55725 1.0279575529827842
2 5 10 26 61908 0.9906461221863034
3 2 19 16 56305 0.9047270682739883
11 24 12 9 36838 0.986560062171909
15 3 20 18 47725 1.0466847580037628
15 2 17 11 32940 1.0927814273952785
17 13 1 16 43077 1.0500381354346822
29 26 12 20 53242 0.9864031934086287
11 19 24 23 42684 1.058308287989608
11 9 29 26 73821 1.0722406672296807
27 3 17 15 52170 0.9874111018448902
7 25 22 24 38993 0.9978759332901305
19 1 14 20 49764 0.9729485316837045
27 3 18 14 54544 0.9858895247648927
15 22 1 6 54014 1.098927574684523
19 9 12 12 31171 0.9136972624522472
10 26 0 14 49429 0.9995390321720071
14 2 0 13 42691 1.020607948218846
9 15 4 22 38305 1.004706982167315
13 28 28 14 50080 0.9354905583425259
25 3 14 24 63721 0.9000275185194896
9 11 22 10 52776 1.0610977165873612
25 7 17 1 30372 1.0424518786053367
4 1 26 6 55914 0.9834815112531575
6 29 19 4 69165 1.092102700127582
4 22 17 6 55999 1.0201059397640964
0 24 1 3 39672 1.0450951034938565
24 10 25 1 33613 0.9255487730428306
13 19 17 12 25292 0.971654938804172
22 17 10 23 29984 1.0387967222692516
12 13 15 0 36246 0.9618574471903232
17 23 4 6 52525 0.9682424374731305
8 23 21 9 59328 1.0312656165990572
1 19 17 12 46645 1.0388807369486917
11 24 21 15 44432 1.0043507911057683
16 2 25 22 67552 0.9932403594439851
4 27 16 26 38734 1.0232502678569622
12 4 24 6 33361 0.9239097099405014
29 2 8 4 55907 0.920021679750957
3 17 24 2 60654 1.0515565400063047
12 1 15 26 49580 1.0131646271001147
2 5 29 11 75561 0.941397775150274
2 9 27 10 59399 1.0883020854029917
4 20 12 17 22220 0.9059795422273812
20 18 13 9 30388 0.908305352251881
0 29 6 4 50445 0.9702973309514832
9 12 22 11 46797 1.0298455183455766
13 21 24 21 32190 0.9791146980403294
8 9 15 24 50023 0.9554710730963231
26 7 23 29 51112 0.974364666926621
15 14 25 8 51704 1.034141766142107
25 26 13 3 62213 0.9075277668483906
13 13 1 29 45272 1.0490955247479359
2 13 16 12 50251 0.9006056793192448
6 9 23 2 41543 0.9314070554164346
10 26 1 5 53991 0.9600728031002174
2 27 15 0 81149 1.000958551753189
5 10 17 11 41753 0.928049530162579
0 12 6 1 29034 1.0391683172772166
3 1 27 21 75505 1.0452033028168006
5 11 26 9 54739 1.0647464381805885
6 0 26 20 70559 0.985533829209288
9 15 29 19 60419 0.9827642656493162
2 5 25 16 73474 0.9780658939576017
6 5 11 22 43643 1.0661414524545851
7 13 21 17 31719 0.9746253955039277
13 22 28 22 38776 1.0690583424758988
21 17 26 25 29666 0.901904523700534
2 5 5 18 39548 0.9274210874576901
15 22 7 3 50831 0.9509210603595862
18 17 23 5 33335 1.000091133018596
14 0 15 11 36463 1.0216414540387098
2 8 15 22 58905 1.0188141566853062
6 20 18 19 36682 1.0513554776190968
14 14 24 2 47523 0.9046848205978124
24 14 10 21 48408 0.9051850739896815
14 29 7 21 29839 0.9157165627244194
5 21 4 12 25459 0.9341455174229593
21 16 15 3 50651 1.057059128749387
20 3 8 11 53770 1.0788466332523738
20 14 24 28 46841 1.0220394163713684
11 26 14 11 36618 1.0330572315638415
18 19 8 11 49723 0.9689301079805787
3 18 18 10 53159 0.9999893536261716
22 24 8 10 59638 0.9040030946815902
29 1 13 26 72729 0.9511687843647717
2 11 27 20 66948 1.038270601964346
14 9 6 15 32484 0.9348046404608179
7 6 0 19 36958 0.9172709422133474
4 14 7 4 28803 1.0944475746127167
9 7 3 11 25017 1.0385276226986209
29 25 19 29 38958 0.9253400118782162
14 3 25 19 58603 0.9714151626417471
24 22 7 0 71267 1.0431131441674002
20 27 29 15 56933 1.0080208076019561
28 26 21 5 64500 0.9515658085487397
6 4 19 20 55695 0.9416847841544368
10 3 26 15 62278 1.0236849377938313
19 16 11 7 34031 1.0840855086223353
24 0 15 7 36439 0.9158178697133695
23 3 10 5 44018 1.075900791124551
9 23 23 29 39451 1.058369817800784
0 13 26 8 59660 0.9072207296953496
21 2 1 19 63689 0.9582219907098665
9 15 1 21 34829 1.0240086863524835
22 20 16 26 32452 1.062724042412251
5 24 4 0 52717 1.0147029331709057
20 21 6 26 47252 1.071247973151355
13 15 28 21 37776 1.0320788047957683
5 11 22 21 51980 0.9544831773262233
23 29 17 21 33196 0.9758915335590138
10 4 25 4 48171 0.9636779223948675
3 7 8 13 21334 1.0420995869430905
8 11 27 3 56704 1.0803886227644555
21 28 11 26 26717 1.0383012772660087
26 28 12 28 30056 1.0248836904392227
7 29 10 19 38584 0.9597898420073805
16 4 13 18 32452 0.9275875734378847
5 27 21 1 82695 0.9016548979977665
1 22 27 20 57792 1.0171539963737208
26 0 23 16 45837 1.0955043133131965
10 11 22 10 47086 1.0846285637675792
14 13 9 24 35066 1.0464974503489382
23 22 29 12 34147 0.9293804342827402
10 27 12 5 55852 0.9609579870310289
6 17 15 15 26850 1.0289130020907005
23 18 8 26 49159 0.9873874566445996
19 29 16 18 45008 1.0429363420112177
19 8 27 5 23252 0.9700620920656674
4 11 13 0 39916 1.0868858761588474
0 1 18 9 56704 0.9979417040910179
18 5 2 27 80016 1.0481662305099415
3 2 8 11 31059 1.0935344520087327
2 10 29 1 73288 0.9708794812397913
25 19 20 11 44767 0.9457823626847107
28 4 15 2 34777 1.062985381027255
27 1 23 25 56766 1.0674152759682087
22 4 0 7 43329 1.0436259388927955
8 6 3 0 30319 1.0553222679734884
14 16 25 18 31586 1.0226734318593653
4 12 7 2 23953 0.9056260434843765
7 12 15 22 38571 1.0269417810539492
17 10 0 20 57500 0.9889954158922042
0 21 19 24 52032 1.0980336052630368
18 5 4 23 61407 1.0384936667091558
16 17 1 15 28417 1.019169052499875
29 21 27 7 38077 0.9275540952757878
17 28 17 1 59670 0.9174098871215894
24 22 20 7 42478 0.9787236685816721
8 12 1 20 29864 0.9404109842040862
15 20 26 1 66156 0.9746706983506818
9 5 19 14 62364 1.0371453803815098
9 28 29 27 49960 0.9331291032036189
25 26 2 20 72279 1.032239055035379
13 18 26 7 38018 0.9740432333509803
14 29 21 15 47819 1.0087212300555732
3 29 24 14 68303 1.0410458600081989
5 7 27 12 47092 1.0479255503860976
25 22 18 5 65025 0.9857505348501903
5 12 1 20 25312 1.0914887466506127
13 27 13 13 20527 0.9882425039818645
22 0 9 16 61093 1.0832871989503041
9 26 28 9 71977 0.9782249204399958
11 11 29 8 52963 1.0963048955989392
28 12 16 11 49684 0.9909557034248031
6 20 27 27 59230 1.0187010987665803
20 27 24 16 43514 0.996421107858895
26 28 26 8 50112 0.9737238506556084
25 16 2 8 69055 1.092651091842289
11 19 22 18 32759 1.0999345405641245
14 4 7 14 32772 0.977536389066846
4 13 27 12 59350 1.0415926508075088
15 20 27 15 38962 0.9586211282914198
17 6 0 11 44637 1.0456744413015933
13 4 3 21 48281 1.0030359029327622
15 24 14 7 35423 1.0076094971314917
15 20 27 20 40726 1.0222465172332311
4 6 9 21 42619 0.9618715724015608
25 4 7 13 54663 0.9388271443499631
7 18 5 5 29267 0.9156939053258604
0 15 28 19 61366 1.0473220123672544
17 29 18 13 53901 1.0323179539291265
15 8 0 18 51122 1.0555159313723352
5 23 25 12 57801 1.0673579949399576
20 15 12 8 44708 1.038577390303839
12 17 19 22 28838 0.9140618077294146
18 26 13 13 35477 0.9518655685732378
20 19 16 12 40618 0.9480099794805118
16 25 27 14 51523 0.9048716046838309
23 27 20 18 30824 1.0336735123110778
18 5 22 20 48745 0.9093477759784876
0 28 12 0 72673 1.083392269839861
0 1 3 10 29007 0.9165474786530884
2 9 19 13 64730 1.0653201125483567
25 0 18 13 64083 1.0927687491266402
21 22 17 6 53544 1.03301730404499
25 7 0 23 67890 1.0281482977938017
29 4 15 16 60169 0.9678751619743773
16 27 23 11 54433 1.0473621209296224
1 5 24 0 63003 1.089062720753301
3 17 15 9 41604 0.9544785320578592
22 25 10 8 59430 1.0479068888970375
3 10 26 21 70891 0.9188211065274985
16 23 23 17 27245 0.9127407227665184
6 22 20 21 44539 0.922224940688073
12 11 18 15 37954 0.9928790651514091
18 0 13 5 27706 1.0869024740163435
28 1 3 1 63532 1.052410080279854
20 12 2 3 64511 1.055853317473911
20 9 13 18 42320 0.9871169281084942
18 13 5 15 47901 1.0114356193526206
16 25 24 15 49830 0.9812970588822423
12 1 29 0 54793 1.0291053026315267
16 11 24 2 43655 1.0933489169198283
9 1 21 19 65014 0.9686781192704925
15 6 27 14 40120 0.9276504659167079
25 6 15 23 55379 1.09613789178464
27 4 13 8 31761 1.0053082413111851
23 18 11 14 37633 0.9237738577467444
3 1 10 4 29992 1.0639975540660231
0 24 29 10 84429 1.0393913414943206
19 10 5 7 38647 1.007986190688107
14 29 0 18 49141 1.0000555198640788
5 0 4 29 58163 1.0569827693571912
10 6 6 15 24133 0.973795553875163
1 13 15 20 40421 1.0628785063457278
13 5 21 7 16034 0.9523901479525859
13 5 22 20 39029 1.0071663351953228
27 23 29 15 27418 1.0050720200369134
8 11 13 2 31503 0.9578695817580506
9 4 2 12 36499 0.93633866496711
18 27 28 8 69505 1.054455080607673
5 29 28 29 54817 0.9446488482098642
19 27 14 14 46494 1.0751839459661068
21 21 8 3 65323 0.9409048602377323
26 25 27 14 28785 0.9488200342967587
6 2 22 14 50291 1.0096615651861252
1 23 5 9 38586 0.9285521346003105
16 11 23 27 56905 0.9707880448420179
12 12 3 8 31764 0.9145842618850625
6 25 16 17 28764 1.0613611383619546
23 14 13 19 25424 0.9512330450172265
29 9 0 14 77076 1.0082545586693623
2 10 23 23 65014 0.9004483362286367
0 22 15 13 49710 1.0763657489932634
1 7 26 18 59398 1.0097681007882608
29 13 8 10 64712 1.0639288257531427
5 24 29 11 72131 1.0449764016227518
1 12 1 29 30133 0.9576841157158134
13 5 26 13 43058 0.9760785074592444
18 9 2 25 78662 0.9745323941665729
29 2 23 20 49210 1.0616346855643082
10 12 20 4 47915 1.034169251479423
7 2 26 16 59118 0.9242307391336356
3 10 22 29 74223 0.9167491263830855
7 16 14 10 26781 1.0262303896308114
19 11 6 6 43218 0.9379655125627564
13 15 16 23 17903 1.0925404313155436
17 19 23 11 28615 0.9956982754460451
3 17 12 16 22110 1.0730505759724942
2 15 25 7 60192 1.0169745579063063
13 3 18 19 40626 1.0346503086721608
4 27 18 24 48658 1.0966932212854283
8 4 29 0 67803 0.9154529237115381
22 20 0 13 53062 0.9567737565879602
3 12 21 25 71778 0.9295448817543773
1 6 15 6 30939 1.037358452007832
28 13 19 29 54498 1.0639747927593406
14 26 24 23 32423 0.9058813355863894
23 3 5 18 57915 0.9519776255968873
15 2 9 7 18199 1.0283065501085944
7 1 3 8 21514 0.9364199563928581
15 25 28 5 69581 0.9318277204966604
18 4 29 20 67006 1.0717347456524602
29 26 29 2 62358 1.00071113798456
24 7 3 6 38927 1.0866202351400245
3 0 22 23 76683 0.9146486616355868
11 28 8 4 53894 1.0124924433591005
15 14 8 20 38707 0.9573174091656399
17 15 21 5 49956 0.9542213813817133
8 3 17 2 24634 1.0111294664991133
15 27 6 29 27281 0.955760633652127
3 12 20 19 56787 0.9996387142272696
19 29 9 4 70289 0.9412483767817994
14 0 15 29 57493 0.9087382353387768
2 2 26 9 58702 1.0941155080454659
10 17 23 16 22697 0.9298963493769037
22 4 5 6 40717 0.9078121744042449
20 13 28 0 50281 0.9687222576918205
4 23 17 26 37797 1.0585114551627726
21 27 15 2 68195 0.9866031887809014
28 10 16 27 68018 0.9401910046784978
6 25 2 7 33572 0.9566332518804725
5 6 17 20 51547 1.0099019336384552
17 8 25 4 28268 0.9545526093421198
9 3 3 22 53489 0.978796094983528
14 26 3 3 61201 0.9071853798012363
3 5 29 17 64971 1.003162385485669
6 4 13 23 39482 1.0402700896844432
6 22 27 12 52601 1.0017571863201908
12 26 27 9 56187 0.9175330352591866
7 5 25 25 75675 1.0865697377026144
5 12 28 18 50971 0.9789389692375331
23 1 29 27 73438 1.0800038093216193
19 24 9 29 42093 1.0442928471004886
6 8 19 13 47482 1.088044947641054
17 3 23 11 32733 1.036503657990672
9 18 0 16 28751 0.9741502542471062
11 2 22 19 45649 0.9662749723332624
19 29 23 3 65309 1.0862114459359546
14 29 28 22 49378 1.053398303630328
7 25 19 21 40617 0.9962048649347606
22 18 5 2 53273 0.9769319699192381
10 25 19 6 58527 1.096297241105161
12 29 29 24 51545 0.9273448761098235
17 0 27 25 74508 0.9319821680684098
29 22 24 29 35538 1.0498193554987436
6 26 12 20 27670 0.9880961528829193
1 14 19 11 59905 1.0268583533645406
29 11 6 23 66734 0.9671732976330338
2 6 4 26 50325 0.9337100579997457
22 0 15 14 54425 1.046525418516183
24 15 13 0 51214 0.9289384272479366
18 28 24 19 34548 1.0379995885306863
4 28 12 24 30508 0.9927999918853114
4 25 20 2 72738 1.0764720127402685
19 24 29 26 37123 0.9973291806484255
26 4 10 24 70486 1.0024930017998466
13 1 27 19 50105 1.0017893288359094
17 20 14 1 46629 0.9894213729752674
10 28 23 13 48587 1.00741283742314
19 19 8 5 51237 1.0932129672340127
4 14 19 18 45589 1.004240280887924
15 28 2 11 59335 1.092701686560065
0 13 20 5 59279 1.0343852470572614
26 15 9 16 43480 1.0306260471440087
11 1 29 25 84389 0.9685239394549141
25 11 24 28 51592 0.9630668455790916
23 5 4 14 53718 1.0166148023973625
3 8 17 12 43347 0.9483910998176954
8 13 15 4 38404 0.9386306954714233
18 26 29 20 46950 0.9994041052704637
21 20 13 3 45166 0.9479779248134526
13 4 5 13 27824 0.9761442800511992
0 29 21 13 71930 0.9651387525368669
8 2 25 11 58589 1.0494486201612527
21 25 24 4 59338 0.9426335109696864
13 3 22 21 43994 0.972908966122893
16 0 17 17 48146 0.9993660537544711
16 1 27 19 61093 0.9787984197574313
6 26 27 28 47664 1.014239040458422
17 29 11 13 43049 0.9627478485886414
5 0 26 27 94441 1.080991888708652
0 27 28 29 68501 1.0787382105606913
20 25 17 12 57731 1.0282657769170473
12 14 21 16 33201 1.0536581013145083
15 8 29 28 74095 1.0348593774906716
3 2 21 25 81958 0.9106008573426264
21 28 14 10 48339 0.9852925861738739
1 23 13 29 35855 0.9734146346298387
17 14 7 11 39795 1.0858488633414467
6 17 28 4 59998 1.029864755477911
23 6 14 16 38780 1.040653506910144
12 23 25 1 66179 1.0345193750308352
3 26 24 14 66116 0.969249067636514
17 29 9 16 43950 0.9311152868106445
21 24 19 16 30026 0.9390483751398722
19 0 26 8 39292 0.9777021440752466
24 7 13 20 37768 1.0456981881790026
10 10 0 18 45302 0.9210222136922988
5 28 3 5 46151 0.9737914312052584
23 12 7 2 46578 1.0340094263529647
7 22 26 17 41154 1.0588610791936348
14 4 0 23 55978 1.0619931322756653
18 27 16 17 39245 1.0306746273082825
3 27 3 10 49182 0.9296898190500341
19 4 15 20 53337 0.9058123713111124
22 8 13 14 28170 0.940143457585891
6 3 25 22 71367 1.0210268869655916
8 8 20 4 41853 0.9131237979677359
24 17 15 4 43808 0.9540721650713417
13 16 14 27 23240 1.0008761467126934
8 26 10 11 50837 1.076727904403638
19 12 14 0 47835 1.092414637671913
22 13 8 23 43547 0.920548018241922
17 3 26 21 64131 1.0844813156301563
22 1 6 16 52888 0.9877905560046789
20 21 23 7 39735 1.008701780714037
24 16 3 28 59031 1.0152579506678845
12 13 13 4 17839 1.0139927114621026
0 13 25 6 61610 0.9384723894017801
18 25 22 16 37887 1.0030970766742762
12 16 0 2 49916 1.0682297771676597
12 5 23 29 65416 1.013625618117225
0 25 14 24 44343 1.0011101272409713
6 21 25 20 48745 1.000896818632124
27 5 28 17 28132 0.9738278188006984
5 24 13 17 26598 1.0914883644354192
27 12 2 11 67511 1.0813582851009762
27 12 12 23 44446 1.021494149287646
6 6 1 22 32747 1.0670473020490951
5 7 25 13 50611 1.0963117562611693
17 27 14 20 28299 0.9391150180267408
13 10 22 18 27561 1.0770368882904802
22 7 4 22 60503 1.0782227369745356
17 11 10 19 43558 0.98619951171461
19 6 3 8 35398 0.9880974053159219
2 2 24 17 60009 1.033461583749948
5 21 26 14 54777 0.9955431182118788
1 19 24 14 54319 1.0787145987988898
22 13 6 18 37594 1.0405478936183585
10 25 18 13 53705 1.0106207092601014
24 13 20 0 48199 1.033033414453386
19 16 17 27 44477 0.9517094451979294
26 19 4 4 68339 1.0034739971457247
15 29 9 17 31806 1.053858461741513
27 6 19 27 65366 1.0835352737664945
11 9 19 27 60150 1.0188513231690435
14 21 4 29 36631 1.0058173735440132
29 27 6 0 92177 0.9169664672055311
1 1 21 1 55456 0.9845261359503873
10 19 5 25 38162 0.9816714863248731
22 13 28 7 23229 1.0581809722713786
29 11 2 20 75684 1.0927114449101065
23 26 8 24 43341 0.9660107433703835
10 5 4 22 53873 1.0887875208387028
26 20 3 22 65022 1.0994324267313522
4 9 29 12 66173 1.0507833934746542
28 2 3 14 72163 1.0529723306411027
0 29 22 18 60335 1.0790821551937255
14 7 4 18 36543 0.9250838458296892
11 4 28 18 55492 0.9487046109866678
12 7 25 10 33252 0.9861888210337789
22 6 3 17 48454 0.9691288256058723
21 3 10 13 50885 0.9343833435690058
21 13 26 6 28990 0.9500086768018341
1 17 13 15 23272 0.9124472837519224
21 16 6 13 39737 0.9893268855983923
14 4 2 6 34022 1.0947108262926304
12 5 6 28 53424 1.0955543631287141
27 15 6 3 57861 1.0070785576353398
21 1 8 9 49730 0.9829021444108187
25 15 28 3 44436 1.0361203055544659
0 0 5 17 43755 1.04272204923885
19 3 4 16 59774 0.9745914290651253
3 1 16 20 61937 1.0292862542097347
19 11 7 25 60318 1.0486752762601237
9 23 17 8 42622 1.011044129262624
5 20 24 14 49946 1.0138415226635074
0 1 18 0 58055 0.9686057551094757
22 4 13 28 53332 0.9148785238262626
24 12 16 20 38673 1.0810046312410766
9 15 17 12 45669 1.071163085471817
11 10 16 15 36546 1.0951169247825885
13 28 26 19 45779 0.986219470091412
4 0 5 17 39177 0.9782638934644331
2 23 16 18 41338 0.9869088334524303
6 22 28 24 53511 1.0483637979129057
25 27 1 18 72162 1.0827506216044207
28 5 13 1 39306 1.041812261806909
20 8 1 3 45361 0.9989384898122597
8 23 23 23 32634 0.9558238667550378
22 17 23 4 29221 0.9561717188874481
27 18 18 27 45855 0.9378785539723835
12 24 14 13 23959 1.0728508677624657
5 5 17 0 44620 0.9509554783553642
3 11 9 29 50236 0.9612291767748649
21 4 29 8 28913 0.9906150490388193
7 14 26 3 61305 0.9474959199452065
12 29 21 1 70592 1.0088826575055934
1 9 12 1 36976 1.0976492406857359
26 15 1 4 67603 0.9078954218651774
17 28 1 10 58186 1.0514356412026689
14 16 6 8 31853 1.0303067749669013
29 14 1 13 67899 1.0945883073950795
17 16 20 8 43062 1.049345126745438
7 24 16 3 57363 1.0266887541811498
7 29 24 21 53104 0.9026738817173967
2 14 9 25 50995 1.0444315310539365
2 14 21 3 67456 0.9652154512563689
8 0 28 1 56189 0.9690316681673408
12 6 3 15 43801 1.0987046260097604
13 22 26 29 41221 0.9886680522946003
10 1 14 18 42473 0.9134656576741035
20 10 1 3 56281 0.9001697735768889
29 15 12 3 62613 1.002238524052837
3 24 8 3 48449 0.9264013053843834
3 9 18 1 48163 0.9996039840276894
5 17 14 25 32759 0.959305817875355
27 4 14 12 42093 1.0858073056544955
9 9 23 28 73953 0.9939568815182513
16 0 22 19 60161 1.0955309071642914
28 21 17 2 64332 0.9042790280727719
25 22 8 28 54469 0.968273477410198
14 22 21 7 41942 0.9355633839533588
6 5 17 25 53042 0.9658436701858697
28 11 12 23 50529 0.9907330995263249
25 29 6 19 59084 0.9037321643048182
28 16 3 2 68133 1.006912238167605
15 29 25 21 43919 1.078052854061177
27 18 14 27 46189 0.9874185922582158
27 15 14 16 30553 1.0504817277280067
3 18 18 10 53159 0.997860606440173
20 8 8 13 45424 1.0683446001869443
29 9 17 0 51916 0.9416134947578376
15 19 6 14 31846 1.0018116046136742
6 5 27 28 74259 1.0064038609155632
25 25 15 23 37115 0.9379030463372732
14 18 9 2 37746 1.0370213306165685
5 8 16 5 35852 1.039586263373618
20 27 12 24 32617 0.9535110827783322
4 20 20 25 57998 0.9185605282458912
0 15 5 0 48224 1.0584934002105846
7 8 14 21 37105 0.9187954726587598
21 19 12 22 39344 1.0296772587563467
7 0 4 11 33169 1.0188217052423838
13 0 26 2 32167 0.9960255141293576
26 19 4 5 69929 1.0063815522385444
27 18 8 20 44297 0.9762284354055758
3 29 24 18 62412 1.0040838101148803
11 11 16 20 38633 1.0016874243188152
12 19 29 8 57995 0.9202827033728996
25 20 28 6 39909 1.0894578804509991
21 14 11 3 51757 0.9803991987512163
26 6 9 5 49153 1.0826323990077236
7 24 25 29 52606 1.006987753953435
13 2 27 3 33153 0.9252500583100517
29 20 25 26 28492 0.9820521542055318
15 3 8 19 45990 1.0116134466662001
22 1 0 10 57377 1.0100214607239015
18 25 0 14 64896 1.027869894884612
25 9 0 14 73518 0.923011388279413
0 26 1 3 43199 1.0080219689086867
9 15 29 22 68527 0.9249851268453451
21 2 21 22 54532 1.0192629918387839
23 14 29 19 27710 0.9865891562178295
8 22 1 27 27836 1.0582626626201244
4 24 4 9 43790 1.0785093894383555
22 1 13 11 34620 1.0977230476450575
20 10 22 1 29561 0.9791254760488454
11 25 17 14 41944 1.0602436424176718
24 18 7 27 53851 1.0617183590818158
28 18 3 21 57823 0.9464977760290257
25 13 5 24 59573 0.9727375162312903
4 15 14 13 35022 1.0437518721088976
27 21 10 17 35589 0.9726208561920049
14 20 12 4 32402 1.0130140197073867
25 29 1 3 88299 0.9356992705328632
16 9 0 17 51624 0.9803905600474877
16 26 13 17 23531 0.963949672283246
29 5 29 21 53229 0.9294151160936504
3 2 29 17 66717 0.9332216696644327
11 28 12 14 32980 1.0566838819075999
1 13 3 25 30005 0.979914825914696
25 26 3 18 63179 0.9717426553995572
11 20 21 8 49958 1.0772389188515985
23 25 25 11 43627 0.9296313912406711
17 11 26 5 37755 1.0862034587436011
10 19 18 1 56943 0.9330111347256066
7 10 29 29 78550 1.0781555900994617
20 23 13 29 25088 0.9859642271506182
4 17 5 1 32256 0.9760165546947758
16 26 4 16 43680 0.96977106276074
29 15 16 10 59955 1.0351504484507899
1 20 12 1 54169 1.0487691235428482
23 6 28 23 45063 0.9748410238391707
7 15 18 22 40494 0.9954689502754351
26 11 10 1 58307 1.0719198678282922
10 1 24 5 49044 0.9980231964290083
20 11 2 13 69816 0.9425791102366314
6 8 26 23 59240 1.053133830415481
25 3 29 21 55543 0.939409663269096
25 25 0 1 96770 0.9591010592885513
19 0 17 20 64044 0.9204128961661907
8 20 7 1 38659 0.9324815439125342
14 25 25 21 41933 0.9843666941381164
5 5 25 23 69252 1.0574580814113668
15 22 22 18 32693 1.0738503461088809
26 4 4 19 73103 1.0696166942744774
21 4 11 7 29183 1.0430156030696074
1 21 28 20 60504 0.9985038878554562
2 6 17 7 33015 0.932256291379174
11 14 6 5 38303 1.0144804808175594
21 7 24 27 52904 1.041955929394616
14 3 9 27 58986 0.9799256366563683
15 28 22 6 53477 1.0439190078483922
5 11 24 11 57032 0.9191825158795598
17 27 24 18 40783 1.0107353760322968
12 13 20 16 28478 1.0526336880569644
21 11 20 27 56628 1.0838004422325522
16 7 27 4 24856 1.0164450953888597
7 5 13 18 30413 0.9851955070873796
15 1 13 28 48673 0.9837116470733942
22 17 11 26 34655 0.9881635322221418
9 4 22 19 55009 0.9446712078810507
6 26 17 1 58906 1.0601364649075706
23 25 6 2 66281 0.9439865262031991
8 3 2 24 52314 1.0584018352650422
4 29 22 8 67835 1.0023415293183584
8 25 27 8 68147 1.0324277412968592
4 17 26 29 63258 1.011777042396258
17 21 13 1 45187 0.9823545256790908
28 4 11 0 58566 0.9396959506940649
22 10 11 20 42947 1.025719187780055
12 26 18 9 52761 1.0238820432699063
7 21 28 17 43095 0.9714380930198195
27 12 11 17 36595 0.9401093823524331
27 10 29 25 43150 1.0386594710927302
10 19 4 11 40279 0.940437562587664
8 5 17 20 49009 1.0010242762042811
26 10 21 2 31817 1.0533694676146532
28 25 10 7 63146 1.0580154859830901
4 1 10 8 30648 1.0171662106145636
2 25 8 14 46819 0.950688771822961
28 22 24 28 23539 0.9001150030237969
4 22 9 7 38825 0.9374989092084203
14 6 23 2 30099 1.0625443383274729
22 21 12 17 25516 1.0999747613763422
28 5 25 16 38944 1.093181514726252
2 1 26 17 70994 1.068878791543237
14 25 25 28 36182 1.0806092534519107
17 25 28 13 52030 1.025055457206964
26 4 8 20 68552 0.9857862555423166
29 1 9 8 59170 1.0903438456044732
15 17 8 25 31303 0.9999997364712243
9 5 22 11 47649 0.920963784609362
7 2 28 8 47225 1.0293018180248135
20 19 7 19 40590 0.9655258094177133
3 24 29 9 83039 0.9746602349527888
16 23 25 29 35486 0.9451412016491558
3 19 21 7 53011 1.082330930432049
14 21 2 8 50956 0.9171250668876888
24 29 8 0 84720 1.0550295127685336
26 17 4 0 70487 0.9124193434453672
24 2 3 4 55234 1.0138730887970329
8 24 19 4 63799 0.9049272264800742
17 16 13 22 17576 1.0802221371992382
19 27 14 10 49739 0.9830221622689501
13 5 19 12 32978 0.9503943601875426
17 21 13 9 33087 0.9130465273889152
24 1 22 9 24799 1.0614312039783393
2 17 17 19 32712 1.0041264474917058
24 12 16 26 54083 1.0741500104015924
7 9 17 9 28679 0.9550665198124126
18 22 8 25 36668 0.9560714359953013
1 10 24 0 64268 1.0343932500442055
4 12 24 1 60464 1.098553896895068
13 9 18 18 26447 0.9641195101514828
15 29 9 6 54783 0.9405455632469008
3 1 5 19 42556 1.0595089137102336
1 28 4 4 53187 1.018868367563633
27 16 22 11 23873 0.9692044280259507
25 18 18 27 47568 0.9325008381181216
2 26 17 18 50403 0.9319207508356833
27 4 27 26 46473 0.9965876856539746
5 22 19 6 55252 1.0633534867334589
24 24 23 14 24282 1.0228857414928825
29 27 7 25 60595 1.0506024648635557
21 11 25 24 45000 0.9526723010900413
14 11 16 22 37688 1.031915059236153
20 27 28 22 38274 0.9008248879684836
11 7 28 19 49182 0.9653598253611775
13 20 24 10 40182 1.0502871150018005
14 26 22 8 49189 0.9416883852826612
5 5 18 16 51661 0.9058695834052861
16 17 0 17 26874 1.018505038931349
4 17 14 28 33661 0.9504915774936841
0 17 27 19 48153 1.0997606593042817
10 24 0 25 37997 1.0002310946050352
5 20 24 8 58870 0.9250179943570964
13 4 18 20 41254 0.9460926994013973
26 2 17 22 66042 0.9463154389390138
11 2 29 28 76787 1.0921224307456685
22 21 19 5 48272 0.9146075556619334
8 16 22 5 47475 0.9918643294396828
27 7 9 14 58162 1.0710901106200719
16 27 11 11 50958 1.0634007003371369
5 22 14 21 29119 0.9027893131641108
1 6 6 19 27540 1.0901102863263876
4 12 9 18 27316 0.9074999919983214
5 15 9 9 34760 1.0098058154923524
6 1 21 18 57141 0.9414042018703227
10 24 4 7 42310 0.9289444524219448
14 13 6 7 25534 1.0668707973391214
4 0 25 25 96344 1.001376404299914
1 19 13 29 42610 0.9003489313601676
19 11 28 24 52968 0.9335478871914897
10 28 15 8 48157 1.014452913575283
21 24 15 20 36322 1.0161633612922552
1 9 21 21 61570 0.9966070639453901
16 22 6 3 53755 0.9319625106965761
16 13 8 16 31145 1.0175941231757988
11 13 26 3 54475 0.9592690000437603
4 7 14 12 27415 1.0221975968841903
19 18 29 10 41799 0.9565443081478716
2 21 12 16 37313 0.9070190741512201
19 26 20 12 50480 0.9047453160822235
11 15 24 4 54795 1.0609826854853426
28 7 5 26 68617 1.0669076638777555
16 1 14 12 31633 1.066922186368731
26 14 12 12 43055 1.0756423949798442
11 28 5 18 31233 0.9178225865772286
1 20 8 11 34436 1.0792964472940685
4 2 25 6 52188 1.0769145116099206
17 22 15 2 47599 1.0026781519778696
9 2 12 25 50859 0.9898482857924378
17 26 27 26 31953 0.9894238890721073
10 0 29 1 62030 1.0872232065879162
23 18 24 27 25788 0.9458597513449994
22 0 17 24 66823 1.0343307221515148
21 12 3 28 64729 0.9561884471479625
17 28 19 16 40995 1.0236132441932857
22 3 3 29 76827 0.959227126164531
19 14 11 0 65002 0.9315203333377984
23 21 19 14 28520 0.9113808648485676
17 3 13 24 44620 1.092684690769485
14 29 27 5 64951 1.0376569230418111
7 13 17 8 33179 0.9661459994642687
29 3 13 23 64790 1.075277359041235
1 19 4 28 21642 1.0193567426178973
16 14 27 6 50732 1.0084230735300979
22 0 12 0 36057 0.9993359781340323
0 18 24 19 54701 1.0020624427301468
17 5 12 22 42710 1.0375969098543298
18 6 4 17 44195 1.0720088118939919
19 17 28 12 26096 0.9498420538610988
17 9 13 2 20783 1.0146094658185665
20 2 21 22 57027 1.0097780752632013
12 6 3 17 35639 0.9985479291008206
13 14 27 0 48628 0.9687240627396829
6 0 1 7 19777 0.980548978460621
8 1 1 29 58532 0.9899586326388107
15 16 7 19 23814 1.0754164675283449
8 2 13 13 28223 0.9545370228960106
4 14 29 15 68072 0.9198530188328562
2 26 0 2 46505 1.0966616152313584
23 0 28 17 45612 1.0457037518285948
25 3 19 12 41482 1.0707115618859855
17 11 12 17 27114 0.9933092723891515
1 9 8 2 23492 1.0187497339954523
6 19 20 1 58682 0.9888008760972369
16 9 0 1 52505 0.9295546897069639
27 26 19 16 35648 1.0669598913821088
19 4 2 5 56207 1.0289183784742388
7 6 20 27 65667 1.086734852189182
25 17 6 19 34254 1.0869876789614779
11 15 18 0 58174 1.0806474720690902
24 12 7 7 40935 0.9986901959478569
4 8 20 28 66976 0.9743560843353096
25 25 23 14 37342 1.0939121096823454
20 6 10 0 45992 0.960542936336176
15 5 11 18 41464 0.9566162625441796
19 20 6 16 38594 1.088549525422468
16 15 14 5 43550 0.9795831233191872
28 28 21 9 58634 1.0129576534982578
20 14 6 18 45526 1.0631815046811743
3 21 23 10 61257 0.9977871146494721
12 1 29 1 48592 1.050343714513226
14 26 13 10 27141 1.0534100517332519
26 20 21 7 41587 0.9759570957174576
6 6 18 8 27646 1.063347714487176
3 5 1 19 30581 0.9800713701503084
15 8 25 2 33628 0.9276626728133265
2 6 19 10 51568 0.9955353855143471
20 0 8 13 63670 0.9602232086259158
22 10 18 28 48710 1.044185484635499
5 5 17 28 62582 0.9072126180106447
29 25 21 19 43463 1.0502668537743358
8 22 28 26 56652 1.0947819912434305
6 4 16 1 32583 0.9845267592882525
10 25 29 14 69077 1.0431256114170295
17 27 5 16 47346 0.9414441580969758
13 26 23 18 31650 0.9684653425887794
11 27 20 2 64259 1.0720140950020518
1 24 14 11 49812 0.9859679562259384
15 13 20 22 45259 0.9655867249108364
9 19 22 22 49760 0.9165530732916615
0 10 10 29 55792 0.9743391117099072
10 14 19 12 42893 1.0623524362027323
22 17 13 22 21642 0.9465194910294809
11 20 2 0 66826 0.9958409085667441
26 10 12 12 44788 1.0345454808171912
18 1 15 21 53194 0.937200176694364
19 15 3 18 41324 0.953500671229923
18 14 2 11 62576 1.025339298934625
2 12 21 4 57409 0.9119601517150141
16 3 21 27 75220 0.9585509702936638
21 13 29 21 39041 1.098164270824863
10 18 26 9 56975 0.9708188405927873
