8026 7982 7917 8786 7610 8834 8182 8493 7912 8538 8267 7828 8325 7599 8126 8294 8690 7924 8818 8519 7876 8592 8264 7668 8836 7858 8165 8401 7779
6015 6252 5315 5146 6112 5332 6057 5577 5281 5231 5603 5435 6347 5808 6279 6432 6449 6117 5153 6428 5284 5302 6339 5608 6219 6085 5818 5941 6259
7491 8246 8026 7993 7913 7650 8360 8283 8766 8041 8223 8543 8139 8473 8080 8525 7979 7638 7886 7969 8398 8688 8391 8732 7549 7891 8064 7944 7855
7142 6470 6318 6163 6843 6462 6249 6653 6517 6991 6509 6474 7057 6733 7147 6377 6378 7196 6374 6095 6686 5961 7170 6768 6571 7010 7204 6792 7126
3578 4074 3694 3181 3572 4220 4143 4156 4229 3315 3183 3913 4463 3263 3870 3403 4404 3638 4339 3451 3794 3525 3283 3608 4232 3466 3286 4343 3550
2268 2738 1884 3087 3180 2706 2023 2980 2973 2656 3182 2605 2294 2767 3072 2447 2950 2692 2355 3087 2846 2217 2960 2189 2933 2428 2172 2860 2343
1954 2516 1989 1817 2446 2204 1828 1613 2124 2794 2585 2179 2779 1897 1902 2410 2103 1600 2581 2377 2366 2736 2641 1794 2200 1860 2340 2258 1981
8133 7882 7471 8142 7783 7480 8119 7703 7234 7437 7150 7510 7213 7441 8261 8020 7132 7198 7138 7007 7362 7893 7851 7399 7588 7901 7476 8145 7099
4640 5039 3996 4326 4401 4791 4436 4267 5073 4018 4903 4416 4371 4485 4920 3936 4769 4236 4758 4945 3800 4837 4587 4908 4757 3755 4566 4784 4659
6101 6416 5690 6023 5632 6470 6335 6223 5634 5490 5620 5547 6317 5576 6672 6560 5795 6159 6050 6243 5849 6373 6450 6671 6074 5901 6117 6401 5817
4902 4971 4617 5215 4868 4821 4734 5209 5264 5745 5309 5416 5141 5494 5198 5369 4995 5502 4533 5059 4792 5181 4696 4999 4765 4574 5202 4770 5074
7722 7617 7108 7037 7295 7058 6914 7854 7854 6861 7840 6845 7891 6880 7040 7708 7917 7087 7962 8040 7338 7117 7226 7535 7432 7351 7427 7018 7116
7129 6646 7741 7140 7674 7333 6707 7192 7710 6944 7564 6960 7210 7505 6831 7657 7466 7108 7799 7514 7751 7055 6771 7851 7579 6695 7202 7665 6698
7175 7472 6350 6667 7126 6395 6403 6511 6685 7475 6854 7375 7022 7209 7420 7133 6870 6862 7471 7240 6941 6994 6690 6702 7542 6943 6523 6547 7181
8147 8814 8478 8667 7721 8619 8750 7574 8669 8162 7943 8096 8180 7961 7581 7936 8166 7964 7924 8323 7917 8154 7761 8172 7742 8054 8614 8769 8207
3030 3099 3204 3360 3714 3945 3155 3166 3324 2744 3679 3697 3686 3748 3778 3623 3676 2822 3349 3276 3508 3716 3640 3615 2656 3179 2990 3314 3425
7774 7774 8082 8066 8695 8004 8580 7975 8302 8389 7860 8971 7720 8321 8244 7960 8631 8167 8385 7722 8896 7886 8394 7891 8505 8537 8771 7809 7727
1896 1879 1991 2274 1499 2005 1740 1395 2410 1738 2444 1694 2080 1611 1747 2505 1831 2569 2442 1384 2473 2483 1659 2183 1577 2495 1872 2566 1861
3268 3168 3386 3475 3704 3205 3755 4054 4392 4175 3242 4095 3742 4289 3391 3756 3140 3636 3440 3381 4269 3577 4278 3116 3391 3381 4049 3294 4202
3435 3423 3383 3861 3981 4210 4148 3487 3851 4535 4510 3431 3563 3686 3898 3292 4439 4368 4561 3693 3582 3549 3605 3489 3364 3912 3355 3541 3381
6481 7655 7645 7203 7647 7168 6459 6574 7453 7189 6976 7532 7059 7045 6830 6933 6696 6867 7223 7509 7327 7582 6583 6777 6876 7381 6873 6972 7044
3363 3702 3564 3468 3075 2924 2875 3337 2829 3377 2601 3176 3601 3244 3418 2829 3034 3425 3640 3204 3414 3037 3775 2554 2986 3080 3716 3700 3197
5708 5764 6314 6682 5999 5925 6620 6600 6238 5960 6462 6035 5812 5663 5505 5771 5503 6295 6578 6360 6063 5679 5834 6526 5549 6134 6729 5563 5634
7163 7969 7623 7470 7818 6994 7140 7524 7946 7408 8276 7260 7068 8083 7928 7591 8271 7421 7727 8305 7767 7576 7023 8273 7492 7238 7007 7959 7188
7350 7240 7652 6925 7898 7502 7408 7014 7276 7146 7091 7102 6910 7653 7002 7503 7411 7093 8028 8131 7167 8128 7377 7090 7452 7462 7898 7006 7195
3564 3682 3560 4359 3880 4199 3665 3561 3945 4447 4611 4783 4228 4605 3535 3581 3734 4420 4700 3654 4658 4256 3811 3756 3625 4359 3985 4787 4041
3376 2742 2816 2837 3021 2855 3197 2307 2682 2263 3339 3089 2838 3333 3379 2737 3401 2242 2199 3384 3067 2939 2493 2416 2470 3112 2522 2935 2198
7042 7826 6935 7261 8051 7577 8063 7616 6959 6958 6866 8026 6988 7386 7429 7264 8000 6963 7650 7230 7103 7771 8015 7999 6878 7333 6960 7357 7470
4170 3358 3424 4458 4317 3376 4196 4544 3358 4509 3295 4031 3399 4078 3784 3423 3750 3666 3410 3957 4108 4516 4041 3339 3911 4440 3874 3423 3418
2969 2568 3125 3529 2980 3573 2633 3740 2844 2837 3001 3550 3201 3561 2534 2961 2558 3250 3789 3736 3235 2690 3677 3461 3626 3254 3111 3786 3620
3208 7791 4196 6404 7059 5097 1838 2646 7633 5792 6613 3089 7489 5198 3516 8634 6462 1546 4252 6442 2219 6337 6077 3969 4501 2323 2176 1671 7870 4068
4180 6820 4687 6838 6928 5476 2065 2316 7745 5905 6145 3582 8442 5582 3619 7874 6204 1414 3575 6212 2234 7206 6254 4650 4422 3005 1751 2306 7791 3789
4150 7085 4745 6014 6458 5254 1740 1746 7147 5293 6788 3505 7352 5507 4434 8262 6462 1682 3978 6047 2163 7286 5818 3793 5393 2258 1829 2516 8618 3669
3461 7332 4337 6921 7076 4564 1079 2061 7046 6443 6365 3538 7386 5939 3513 8954 7086 2046 3274 5994 2414 6464 6274 3981 4650 1997 1667 2492 8687 4575
3733 6991 4236 6971 6594 5821 1640 2554 6535 5884 7303 4038 8154 5325 3698 8799 6948 1197 3179 6051 2546 7536 5881 4319 4534 2223 1973 2672 8044 4676
4400 7298 3676 7037 6097 4981 2285 1807 6476 5282 6957 3205 7530 5588 3924 8428 6995 1475 3797 6645 1505 6798 5674 4132 4472 2398 2033 2231 8074 3462
3863 7380 3692 7154 7041 4893 1297 1869 7040 6328 6423 3951 7573 5774 3824 7800 6762 1273 3244 6666 1422 7157 6042 4332 4164 1783 2708 1969 7697 4590
3493 7259 4371 7144 6085 5154 1115 2112 7745 5920 7090 3107 7713 5250 3919 8498 6920 2153 3523 5747 2095 6340 6725 3605 4900 2809 1929 2160 8315 3746
3681 7729 4017 6292 6705 5018 1566 2512 7599 5732 6530 4189 8204 5070 4135 8151 6861 2081 3814 5715 1595 7100 5620 3642 5364 1996 2217 1537 8269 3747
3792 6828 3903 7044 6369 4683 1100 2349 6821 5415 6736 3157 7865 5893 3637 8371 6958 1140 4145 6319 1399 6352 5799 4261 4286 1833 1584 2240 7770 3965
3533 7990 4339 6671 7312 5667 1815 1665 7625 5448 6579 4150 8188 5733 3873 8951 7024 1148 4085 5537 1657 6885 6213 3576 5403 1963 1629 1809 8363 4026
4480 7100 4325 6672 6879 5435 1958 2137 7675 5452 6633 3082 8108 5415 3438 8428 7421 1419 3648 6034 2612 6904 6081 3558 5122 2388 2288 2708 8855 3770
4440 7959 4586 5967 6536 5442 2253 2606 7295 5496 7240 3139 8423 4957 4340 7714 6563 1283 3707 6563 1788 7222 6241 4243 4735 2925 2340 1751 8886 4692
3595 7818 4210 6600 7134 4767 1947 1924 7221 6479 7287 3851 7922 5406 4263 8379 6587 2090 4122 5500 2216 7479 6196 4610 4987 2116 2438 1952 8394 3987
4257 7076 3684 5964 6360 5435 1637 2435 7677 5987 6740 3330 7691 5739 3525 7757 6221 2276 3665 6184 2342 7565 6269 4544 4857 2523 2516 1733 8227 3709
3496 7930 4586 6186 6967 4679 2036 2451 7114 6308 6447 3525 7379 5017 3525 8380 6746 1415 3905 5746 1790 6949 5756 4452 5154 2296 1728 2117 7880 4531
3937 7294 4544 6596 6336 4647 1104 2182 6589 6276 7177 3983 7678 5691 4343 8323 6954 1495 3920 6107 2267 6394 5944 4474 4733 2521 2464 1986 8591 4219
3780 7122 4176 7035 6686 5116 1215 2702 7027 5444 7302 3614 8258 5662 3606 8752 6409 1625 4282 6707 2376 6752 6538 4328 4162 2583 2754 1490 7926 3613
4411 7937 4424 6610 6377 5642 2327 1848 7711 6502 7285 3181 7264 5582 4188 7993 6724 1384 3596 6728 2479 7405 6169 4313 5310 1900 2018 2385 8292 4002
3284 7046 4246 6432 6902 5686 1262 1988 7191 5368 6421 3217 7241 5320 3829 8479 6388 2357 4139 5619 2189 6648 5985 3530 5079 2892 1714 2298 8132 3852
4220 7922 3809 6690 6530 4629 1333 2238 6988 6431 6595 4004 8322 5799 3361 8376 6738 1794 3553 5980 2213 6958 6273 3503 4435 2120 1791 2618 8677 3778
3762 7011 3795 6742 6742 4882 1652 2020 7573 5408 6351 4098 7199 4929 3465 7736 7306 1139 3384 6506 2572 7083 5736 4122 4320 2994 2544 1524 8587 3877
3785 7187 4213 6975 6538 4637 1625 2695 6972 6273 6518 3654 8007 4882 3864 8282 6653 1914 3846 6728 1654 7296 6151 3477 4357 2311 2120 2200 8692 4259
4098 6793 4553 7211 6967 4558 1772 1719 7602 5286 6725 3822 8243 4809 4064 8259 6373 2192 3678 6447 2046 6731 6675 3557 4637 1914 1685 1909 8805 3786
3603 7862 3590 7101 6012 5247 1491 2652 7236 5678 7060 4082 7739 5238 3427 7806 6814 1977 3271 5590 2331 7092 5672 4311 4879 1892 1571 2426 8855 4418
4310 8042 3566 6977 7223 5621 1425 2339 7483 6011 7026 3266 7960 4804 4121 7929 6478 2071 4324 6299 1444 6713 5508 4228 4533 2023 1739 1845 7892 3913
4234 7967 4357 6622 6738 5458 2322 1526 6533 5924 6344 3147 8188 5346 3776 8381 6469 1106 4158 5580 1494 7320 6327 4605 5316 1939 1929 1940 8444 4527
3578 8031 4196 5897 6115 5442 1537 1452 7528 6506 6503 4195 8097 5013 4015 8251 6362 2383 3516 6703 1826 7499 6210 3571 4962 2877 2523 1683 8065 3651
3997 7346 4294 7176 6979 4884 1547 2554 7479 6171 7363 3574 8003 5998 3842 7770 6504 1525 3715 5710 1384 7530 6752 4105 4715 2568 2552 2157 8369 4547
2 5 10 29 78570 0.9759103509905641
17 23 2 2 77483 0.9796975755619709
6 22 4 6 39516 0.9589478836587624
5 0 17 26 75426 1.0722463674250022
27 12 6 23 72403 1.0275732726239295
7 4 11 16 51617 0.9401412227851692
15 18 4 5 49761 1.0965731415942712
26 26 6 28 44028 1.044839493385361
19 1 10 24 79254 0.9566239546660674
8 4 5 24 54093 0.9045194048381916
9 29 29 21 69850 1.0720238867409368
21 13 15 8 35496 1.0993311133330472
25 0 1 20 92309 1.0655416945382645
23 16 6 1 68479 1.0338226605580259
21 5 27 21 59876 0.9798330850812937
6 3 24 13 66848 0.9824121226542899
25 26 19 22 25795 0.9022445487654316
0 1 22 4 79021 0.9822714363008003
6 4 22 21 67960 1.049522773266864
16 0 6 0 38630 1.0700837212274117
28 13 9 2 78836 1.0562909719742417
25 1 12 3 63481 0.9569789145062007
11 27 4 12 53578 0.921069680517838
25 17 6 28 56908 1.0256089844000778
2 22 16 0 84469 1.009475057660349
4 20 13 24 39027 0.9495467411453168
18 29 27 8 76511 1.0551181455496468
23 28 4 4 92351 0.9156875531874812
13 28 17 0 68211 0.9827220616929869
14 0 7 17 60929 1.058583533373132
22 11 1 13 78371 1.0450754139718748
24 10 9 17 56415 1.0715972958747741
1 14 26 9 77103 0.9086817458653921
19 16 6 14 31636 1.0966549112628203
28 16 6 3 69182 1.0727929353189982
18 18 4 1 64726 1.0319506670846104
17 13 2 1 65025 1.081229380627168
25 24 9 13 74902 1.0518822629732216
19 23 6 29 41904 0.9924911831958626
7 15 13 20 31439 0.9808704776624491
28 16 8 9 70714 1.0554828495980648
25 26 7 16 59094 1.0089910935380826
12 3 4 9 45572 0.9902185855132819
11 9 2 16 58555 0.9305598616833176
9 10 21 18 55890 0.9268638746103265
24 27 13 22 45723 0.9568184897924026
13 14 14 0 54002 0.912931710209721
16 6 23 2 28280 1.0883532502667097
25 29 8 20 58086 1.059461688971348
2 22 20 1 95826 0.928193535386761
13 22 28 6 68101 1.0169604702167496
1 18 19 1 72691 0.9852597328396688
25 27 3 29 55497 1.0464798613688273
11 27 4 16 39286 0.9290926139519902
20 8 19 19 44505 1.0655926820087347
24 17 8 9 59427 0.9634560964344656
22 17 10 22 39339 1.0153175916151111
10 7 21 1 39932 0.9828582328408022
8 4 1 7 23916 0.9142522626907646
8 28 10 10 64391 0.9030064367125149
16 17 25 6 35367 0.954922070733131
12 12 23 20 56134 1.0810267065316717
3 3 27 11 70684 0.984588968413171
4 25 0 1 89445 0.9652257515953482
12 23 13 13 59678 0.9684401098631763
12 17 13 29 48234 0.9111835819045562
16 4 1 3 53067 1.0521093390671683
2 6 3 15 40297 0.9958290147138924
22 22 1 22 64075 0.9261418520333743
29 28 18 17 50914 1.0262353969798117
12 16 18 24 35380 1.0251596807042143
8 29 28 26 51536 1.0694294420029342
23 7 0 25 83218 0.9270433674330439
18 10 4 19 46746 0.9636152662928826
19 12 21 1 42404 0.9824606645812348
2 7 29 20 77309 1.052175810343029
10 24 22 3 81808 1.0685698739348783
28 14 12 25 60050 0.9949689155700029
19 25 11 12 60476 1.0820179302109783
2 26 21 12 68716 1.0323727531343903
5 24 1 11 49144 0.937801245638265
6 19 1 0 61057 0.9191649358757101
17 0 1 7 41684 0.9519076446533322
8 4 1 20 53238 0.9802640696620114
4 11 19 26 62323 0.9073597880787515
2 7 6 21 39478 1.091236963628076
12 25 20 21 37127 1.0854298867479664
1 13 18 22 65406 1.0716442796172188
19 21 13 0 62856 1.0881858752430602
18 5 25 0 37911 0.9209658276855089
7 19 14 28 49261 0.9381502409700408
19 22 16 1 56518 1.0653121448337646
0 11 28 24 95602 1.0563526617605978
23 9 19 27 68155 0.9088088011230078
17 28 6 19 40868 0.9522915154423736
28 16 16 29 53475 1.0101570240397058
27 7 6 15 56354 0.996940788775271
3 15 11 23 48787 1.038575034529946
20 12 23 3 49701 1.0789760586479091
12 3 22 6 38913 0.9017679463324221
27 26 6 4 82803 0.996357096697677
10 19 29 28 62625 1.0769172960235394
25 18 8 23 56087 0.9963337328365189
2 12 24 16 73688 0.9774467368716221
5 27 8 10 49591 1.0030777181568864
0 12 12 3 70727 1.0535513304058297
19 24 10 6 58562 1.0987776827565787
12 17 22 14 28465 0.97803454340654
22 14 16 7 34003 0.9414443314964336
22 22 29 5 68148 1.0810951997324938
13 15 9 25 49383 1.0309516133870265
25 11 11 26 71535 0.9241778413524607
24 26 4 4 84631 0.9145634114711267
9 26 20 5 69419 0.9041478445014269
22 22 18 2 60979 1.0284739119643551
27 0 11 2 69197 0.9172840681007596
10 12 23 20 57201 1.0496385600425524
7 4 18 28 76635 0.912059182732459
0 26 23 17 59570 0.9436261730293619
19 26 8 21 39108 0.9057444165634321
5 27 21 19 51396 0.9635205507785802
25 4 16 1 37698 0.9909899021855156
1 9 29 13 82312 1.0252440317806564
17 11 6 5 29759 0.9970703899282701
20 27 4 11 65596 1.0197441402026395
11 28 16 11 55853 1.0343180105168255
8 24 7 14 35398 1.0540120817863707
25 25 25 13 40759 1.023363886460159
4 23 12 1 84368 1.0981212487808012
21 15 28 26 43930 1.0861547038451593
17 6 13 25 47421 1.0632434344398343
20 25 20 9 56821 0.9953345771717005
1 26 27 24 61928 1.0236113643331777
5 15 1 1 59233 0.9135731787587621
1 1 23 11 83125 0.9018461190675665
6 16 11 28 41331 1.0475856646092878
22 25 18 0 65778 1.0342093295526522
10 21 2 14 39450 1.018126555124419
8 3 19 8 38711 1.0046076809467184
5 11 2 23 44385 1.0175185453802669
23 29 8 23 58320 0.9132253954100603
2 0 17 13 59811 1.0389169521451007
2 4 15 28 89884 0.9078097656506002
22 9 29 1 43595 0.9760316948055305
4 29 1 16 48502 0.9077141519848121
14 28 6 20 40832 1.0158520630460641
22 0 6 26 89118 1.0063330856523587
16 1 11 20 57547 1.053105660958547
21 2 24 19 67718 0.9972015143830459
18 25 5 9 59439 1.056649916454016
27 15 0 29 99085 1.0743068879324136
15 25 17 9 37237 0.9630208667155026
10 9 18 28 71249 0.9887607126724038
29 25 4 22 68288 0.9035555131570746
28 28 15 5 75049 0.9396676261726394
28 1 7 12 75418 1.0397326594588001
3 18 16 24 47283 1.0082414929832741
0 12 24 9 87083 1.0915115052094129
21 10 3 7 44633 0.9341728847955958
20 25 11 20 30765 0.9767093750733612
27 12 14 19 55594 0.936687506698784
9 25 3 4 67123 0.9224954399665867
1 24 25 0 111284 0.9568717635301466
24 22 28 7 56201 1.042187339208905
14 20 1 7 54212 0.9000085068155937
21 6 1 14 60952 1.0964266578135777
19 15 28 2 60340 0.9713726910746169
4 2 15 26 78848 1.0313797325843828
21 14 25 24 41847 1.0252305053586608
2 18 14 15 42251 1.0553828419656184
6 17 29 6 58476 0.9231778446035109
0 19 1 29 59752 1.046715035403955
18 20 20 10 37227 1.0489595289713995
11 11 8 24 56983 1.0933207098561222
2 6 11 1 43139 1.078281604559318
15 4 12 14 45907 0.9654311232213977
0 21 24 13 79593 0.9494957321672158
1 24 6 7 58781 0.9188681103712922
20 20 8 20 24710 1.0930901738108822
28 0 20 22 85122 0.9704013386480751
1 10 28 2 79765 1.0813603541602348
1 3 2 21 72914 0.975170610441352
12 20 4 14 30980 0.9656945512101196
27 23 20 3 77616 1.0793699719663543
19 14 19 2 39275 1.0956266766012475
7 17 19 20 27750 0.9239217680763189
6 15 13 1 63978 0.9948352754142946
25 29 13 12 80347 1.0260589257998254
17 15 7 0 51476 1.0698425559408533
26 18 14 4 57049 0.9678672854463723
9 12 0 19 55556 0.9536336286055169
1 24 26 1 103736 1.0615899678758427
0 25 23 5 87875 1.052664308063336
3 21 12 17 28923 0.9240514888023665
26 29 16 12 62308 1.009725999256154
10 27 8 1 76173 1.062215114006185
2 1 16 2 63837 1.096586478162247
22 21 13 15 45566 0.9002119999699559
13 18 9 27 45520 0.9333925010546584
29 12 22 19 40856 0.9129318412256574
18 15 29 21 37488 0.9641136526518654
18 6 7 16 46042 1.0828418764103203
22 11 28 24 59842 1.0274421861198062
5 10 19 4 41805 0.9394384411594046
29 8 21 15 46280 1.0502692508621274
7 6 21 1 39401 0.9153854328341268
19 21 10 3 63681 1.054425300132957
24 5 9 9 49956 1.0279853053887735
10 23 23 23 49130 1.0331657510665146
25 28 1 16 74810 0.9336984524925358
14 26 25 16 44089 1.0402027776471068
13 11 14 29 61845 0.900878515927993
13 3 0 3 63095 0.9674384607502515
4 22 10 8 54365 0.938461821891254
5 11 28 11 67209 0.9448241397862995
20 21 11 10 60984 0.9433040703084533
4 8 26 8 47779 1.0718871842530073
2 18 27 28 80355 0.9655898962589617
12 21 28 3 75856 1.0196884534342532
22 8 27 24 69031 0.9744126883174717
1 15 16 1 76605 1.094945223284132
14 29 15 16 42274 0.9325019152278109
22 8 0 10 70474 0.9386829607990788
10 28 18 18 41676 0.9394030830955702
10 6 4 11 23265 0.9914935028502287
16 24 4 27 36741 0.9056208206905499
13 15 7 11 41721 0.955036171923701
19 21 11 3 68352 0.9474375007425596
20 16 6 20 36393 0.9096553307972318
13 20 1 17 26940 0.913707231668118
26 14 20 23 41118 1.0804506313617992
19 7 26 1 28979 1.0864486845607366
28 9 23 2 37315 0.9251492978214326
4 15 19 14 42129 0.9351275264799019
4 7 22 25 73779 1.03606070661449
3 27 11 11 61348 0.9222926142058973
3 20 17 27 42390 1.0914089482416498
23 20 14 29 42776 0.9865748585656059
5 5 10 21 46783 1.0510982310096022
2 11 18 22 61946 1.031416379191209
22 13 2 18 55949 1.012117244329015
23 11 25 29 65837 0.9414353363186979
23 12 24 0 57778 1.0365614614985157
29 1 4 7 59300 0.9722906122475039
24 22 5 21 56358 0.9148887259139226
24 2 2 1 83253 0.9289997183296013
1 6 20 10 51221 0.939696073687643
20 26 28 10 65021 1.0108975274491094
13 29 9 15 64296 0.9421236221939621
4 10 20 1 62555 1.014845952411686
17 18 7 14 30581 1.0872195268588194
29 26 18 9 65299 1.0911887901308073
29 24 8 17 56392 1.0265859946828124
10 4 29 10 54001 0.9203405222902346
21 19 19 28 32451 0.9335907732289437
26 16 4 22 55555 0.9362585953884479
19 2 26 15 52422 0.9957002055861163
4 21 13 20 20413 1.071870309617225
12 28 8 5 74000 0.9669771205387506
26 22 2 15 70961 1.0524024525743108
3 9 2 26 61111 1.0516523022768345
24 27 12 29 37654 1.038500035706885
12 24 15 10 59385 0.926474106236497
18 14 23 7 30469 0.9057600493207525
27 1 15 1 56338 0.9898495196168434
19 10 2 27 72586 0.9184048748078787
4 12 16 9 51749 1.0811126489365521
10 2 2 23 76832 1.0498562507560432
19 15 29 25 49769 1.0751145421012034
17 20 1 0 78080 0.9494905954595022
14 22 28 24 50353 1.0830637625857276
29 27 2 20 68919 1.02657939137098
14 3 19 24 65935 0.9366687843062491
18 9 16 26 42823 0.9102712174583933
20 2 29 28 91099 1.09613148924815
4 22 28 10 81403 0.9045019105732239
28 4 26 16 40716 1.0974288878951899
4 8 29 4 54234 1.0007813618662167
1 19 11 24 46843 1.0198998734936076
1 17 26 12 57728 0.9978169400094574
29 17 18 8 46554 0.984754392924333
14 24 0 1 109549 0.9066086039616865
1 8 27 15 84072 1.078303605744566
2 1 25 7 67866 0.9286751420052188
2 13 20 28 80406 0.9898823278951145
17 4 0 1 63647 0.9305017752944224
14 0 3 20 75225 0.9921325850694858
23 6 13 20 45619 1.0283323419224688
23 1 26 8 36711 0.9005915200573779
2 5 23 4 56448 0.9330793070900161
0 28 28 21 85725 0.9917201905395641
23 27 13 15 54931 1.0948823701756982
29 20 21 24 27531 0.9496202695504398
12 17 6 4 38078 1.074844104602465
22 8 5 0 52598 0.9911771856588295
6 17 3 0 48546 1.066226060900084
25 15 6 11 52740 0.9923854500219651
11 1 3 20 73632 0.9047680530691049
7 19 10 8 47284 1.0714643456906272
13 22 0 21 47460 0.9266672731544836
18 6 24 24 63346 0.9116277475569591
14 0 20 10 47818 0.9725418266602314
28 11 5 8 59675 1.0208628325541362
12 18 0 0 76406 1.0483180049955163
2 15 17 13 48371 0.9519693704417281
23 20 21 3 56677 0.9223952824173731
8 13 5 21 29552 1.0096803876623393
18 22 3 0 79972 1.0650726430121555
24 4 17 27 68918 1.0339379165725
0 1 10 7 52127 0.9299354160362582
28 19 25 9 40955 1.0952436814880544
28 16 6 26 61620 1.0057596133471904
5 11 19 12 51930 1.0566852388857508
20 13 23 5 37866 1.0473271178100756
10 3 16 14 47109 1.0195007334645911
9 7 21 29 74029 1.0662145510844394
10 24 28 22 58233 0.9822605732959335
20 29 25 1 89338 1.0260001882699106
14 14 0 24 70361 0.9919039287718839
18 5 20 24 55311 0.9197651565167664
22 15 24 6 39059 0.9602444192415341
23 24 24 7 67148 0.9556254380594913
23 13 7 9 67465 0.9685748986043068
18 4 18 19 38020 0.9783961293014306
6 27 19 12 61394 1.0375293986719007
6 25 20 3 79289 0.967269274190749
29 1 20 21 77244 0.9077000004894564
9 20 0 7 47186 0.909407162635069
26 3 23 29 85372 0.968054291507292
6 8 14 17 33360 0.9112231463487526
23 0 18 22 71592 0.9947702054423464
14 18 17 8 27457 1.0636264081030231
17 2 24 15 56260 1.022288753276475
22 26 13 23 33558 0.9793027162610378
21 20 0 12 75480 0.9976759046493018
6 20 24 7 58996 0.9862316060132987
10 27 10 16 42043 0.9860908839319733
14 6 20 12 31971 0.9894961349508966
19 29 2 28 50614 1.0408554530284349
12 0 4 28 91357 1.0768416357604937
17 8 1 7 33275 0.9313284729300009
24 16 25 1 59876 0.9922299891947755
24 18 11 22 53363 1.0460694799517414
16 2 22 16 47310 1.0008122219793718
28 14 10 18 47527 1.0672857250887666
10 5 29 8 43452 1.0424763596339144
22 20 15 9 43623 1.0812561181516747
9 7 21 20 52856 1.0546655307261268
29 7 25 19 45640 0.9236882752969998
3 4 12 17 51454 0.9463585622383199
27 16 26 2 47162 1.0456839851113444
17 8 12 3 34259 1.0656699353522918
25 12 25 2 36932 1.0997878129400733
10 25 19 24 24579 1.0901845436269084
7 1 29 16 81400 0.9319692356558146
1 28 2 16 54666 1.0062022674306734
13 24 1 6 74274 0.9694992337699581
24 23 10 8 77098 0.9740500624700605
17 12 26 10 35972 1.0417467321154603
1 10 0 24 77637 0.9982206437528982
0 3 7 24 75993 1.071358989073349
3 24 13 12 72879 1.0519937004372741
24 19 14 27 44238 1.0923663916022857
5 20 2 28 33369 1.0302949517768085
25 19 22 7 49513 1.0309239404399861
21 29 6 13 62910 0.992348111109852
14 0 8 17 58776 0.964077876173693
11 23 17 5 61471 1.0237894186982965
7 14 17 29 53576 0.9436966115364593
23 16 9 4 65631 0.9878356386962037
26 13 11 1 75138 1.0790007902910406
29 24 17 1 72888 0.9328257723903105
6 2 22 20 65703 1.009143740239164
11 15 22 21 49890 1.020237973265984
4 8 26 19 69570 0.961913456394979
17 0 10 15 54229 1.0717800349938236
12 19 25 2 73336 1.0520510454579597
25 25 23 16 37744 0.9139328571951292
13 28 2 17 49616 1.007736377170195
20 20 4 9 58223 0.9466907471534123
2 23 22 8 82803 1.0490688667642734
27 0 0 14 94314 1.0301552135656902
15 23 22 10 55752 0.9702675312602698
20 18 2 11 56845 0.9392564586330515
10 16 21 7 44352 0.962559584012258
12 0 29 17 73931 1.026480216267538
12 16 0 22 50763 1.0735139574462507
23 0 22 19 75351 0.9940255944356129
9 17 13 10 45277 1.0405969487254532
5 12 27 0 70565 0.9078608591273309
7 5 26 29 90062 1.0556193235996958
28 11 20 4 41624 0.999211150246781
10 19 24 17 33566 1.0204918887641492
26 13 0 4 78493 0.9784260034935144
8 6 10 26 55219 1.0960810473589468
21 9 9 1 57768 1.0112199423505883
12 3 27 20 78091 1.0239682065036484
10 6 7 13 26754 0.9082303896167675
27 13 13 2 63956 1.03570807550622
24 4 18 14 45304 1.0564223263045314
8 16 18 29 48293 1.0929892405375596
18 25 14 19 26475 1.0463281306156118
9 5 10 26 63255 1.0619173820956342
19 18 1 5 60541 0.984938499852427
3 27 23 24 54249 0.9612137942601132
3 15 23 23 68723 1.0111032320311493
16 24 1 18 51630 0.9870618166205632
15 22 27 21 39182 1.0428031782323128
28 17 9 23 59939 1.0816386979683255
4 18 10 28 38739 1.0185485299423822
18 10 21 18 28909 1.0557635554200893
29 25 16 17 46278 1.0999499200828107
9 13 25 6 62364 1.002866643037476
19 8 6 25 63560 0.9602953467819281
19 13 23 1 58242 1.0527206958851998
21 21 23 8 56337 1.0429659594137881
18 1 17 12 26534 1.0983869451216441
1 8 10 19 55129 0.9261782511062808
15 29 1 13 78109 1.019035431960916
5 13 25 21 59397 1.0672040518331891
5 6 1 15 43023 0.9527433244694733
1 17 4 5 39890 1.0395862317535989
2 14 15 29 68682 0.9375922361436
14 20 24 20 21928 0.9053350538104425
8 24 14 28 33844 0.9245448549655738
29 9 9 11 66669 1.0674959038378287
2 21 26 9 82189 1.006301933276788
17 21 3 4 66200 0.9414946576093438
24 23 8 4 82837 0.9329248832137595
11 15 19 0 65321 0.9762725402509944
6 18 7 29 29724 1.028667662549165
20 3 15 9 34811 1.0379069133241527
11 17 24 14 37812 1.0507332093212973
12 26 3 20 32417 0.9227943742852436
4 11 28 11 71247 0.9853241749326339
22 23 18 11 45082 0.9004988159101414
26 3 3 12 68842 0.9342811259508487
2 20 22 18 46928 0.9525065953773436
10 19 19 14 35038 1.0604786244610134
3 21 9 16 31011 1.0681597510592444
3 1 5 25 72082 0.9909678391652892
26 7 2 18 69829 0.9521472868406253
12 0 11 12 68751 0.9507528489013185
4 6 6 18 29456 1.086609358214453
23 5 21 21 56669 0.938019707850453
10 2 19 11 48793 1.007408606065648
12 5 27 1 52650 0.9796242315312348
4 21 9 28 34914 1.0451215055222107
25 29 15 13 64514 1.0052693561753447
23 3 3 25 93202 0.945241382678572
20 17 11 9 52445 1.099243993130008
28 25 20 4 79085 0.9054228062217452
26 4 15 3 34137 0.9995652609930329
27 9 3 23 88915 0.9892363512795559
4 29 29 23 71225 1.0876316416505043
21 23 4 17 46323 1.0206568188747074
8 19 23 2 71712 0.9880381005565959
13 20 29 4 62266 0.9372435308973592
8 6 23 14 52841 0.9960337295930726
25 15 6 27 61965 1.0612138587867213
23 25 12 12 67826 1.0270097459776828
12 27 0 20 41441 1.0065163923015532
18 29 0 15 73294 1.0280883420424602
22 29 29 13 63049 0.9527349212972197
7 1 29 22 92282 0.9997839594411483
22 11 5 2 55214 0.9975053814674055
15 18 26 13 35035 1.0865535381353701
23 14 6 2 63709 1.0554937716259978
2 27 21 17 56973 0.9130181106088048
24 22 3 8 90453 0.9097113134968741
17 22 4 5 58519 0.9079111607965994
25 15 5 4 68891 0.960062999587989
13 3 26 28 90576 0.940571626588115
25 18 11 13 55199 1.057195415735555
27 22 1 12 90957 0.9022053503976877
25 17 8 17 28729 0.9937716617316357
18 26 9 29 32491 1.056195629282781
8 1 17 13 51470 1.0292847325177936
13 20 1 5 57198 1.0069979539519354
3 6 0 26 60519 0.9558497031002682
23 11 10 15 54726 1.0393583052652682
26 23 2 25 59544 0.9390583475316817
27 8 24 19 49924 0.9123675550547695
10 11 2 29 70157 0.922689685673063
20 22 1 0 96051 0.9599446640045123
4 0 5 13 38309 1.0334738273161277
3 17 23 13 51987 1.095561578466031
9 10 20 23 70486 0.9326688540670534
18 2 19 28 61693 0.9539731458877977
27 29 7 26 51251 1.0765642473877695
17 12 4 23 47952 0.900895054108558
14 16 20 29 48593 0.9012791930579238
22 8 2 11 60690 1.0272126833746793
4 27 3 16 38128 1.0216602293882955
20 28 18 2 67422 0.9306479511818139
14 20 3 20 21249 1.0472961096860014
15 10 18 17 24280 0.9345717974739242
19 11 11 4 41810 0.9400573571012378
9 10 25 26 80767 1.069645068859491
19 16 9 16 25509 1.066115909318302
2 8 26 11 63997 1.0266458127437883
10 0 16 10 53742 0.9091792325603293
14 27 26 4 68146 1.0834535460886023
21 29 6 19 53990 0.9731088856856338
3 6 21 1 45702 0.9916188718578398
21 3 7 21 69914 0.9762683590253932
10 15 25 21 50403 0.9400398717067777
24 2 2 17 77097 1.0561203406764261
22 20 4 29 60643 0.9206808176025784
26 7 26 28 59147 1.0360746761871913
22 28 12 6 67187 1.0270518118839989
3 23 26 5 80311 0.9602587787844621
4 11 13 29 70910 0.9850756397418687
19 11 25 22 51432 1.0951213516030676
10 21 0 25 37244 0.9373893377056133
18 15 7 13 40380 1.0176138455073427
18 5 13 24 59383 0.9837474021427561
4 12 8 26 46160 0.9454732195652273
20 23 13 14 46920 1.0454157346546196
0 7 14 11 48982 1.0290358748716164
26 6 3 15 68011 0.9960490095904407
19 13 28 29 66067 1.0892727753166507
1 1 19 17 78421 1.0187888523824766
1 17 9 27 35975 0.9474944582517335
28 1 6 21 84786 0.9533721124016431
7 13 16 9 51325 1.096520976179854
15 3 1 5 39848 1.0741606236874666
10 1 20 25 82582 0.9731058393844164
2 12 26 24 89065 0.921331643664494
18 28 26 9 66753 0.9605792064629513
21 5 6 9 32454 1.0983638240303228
19 24 6 9 61039 1.0944047882522114
6 11 2 18 26832 1.0756400420879126
13 27 24 19 46190 1.0362901939694544
3 12 16 13 59912 1.0382644174005295
13 4 26 25 78839 0.9910063887769567
11 8 21 7 30365 1.0454421292026492
27 21 0 18 67932 1.0238638407818847
14 22 0 1 103706 0.9679307946197298
27 12 23 25 50915 1.0233238913787506
9 4 22 8 43584 1.0193102730129815
0 14 19 10 69270 0.9183887421085971
16 11 2 26 60881 0.9456395528554767
21 18 29 2 63458 0.9389240432097015
22 27 6 5 72679 0.9752693488797501
18 2 12 25 62291 0.9087472425230448
10 25 17 29 25526 0.9611555496764213
10 6 14 22 57890 1.0795139487363132
24 23 7 10 77085 0.9871644983447276
21 19 19 0 55155 1.0767814254020922
5 29 20 7 73329 1.0893072299866322
5 1 10 15 53382 0.9861321983416693
21 10 9 22 62773 1.0659373594593748
6 21 28 28 61274 0.9216002380324884
20 11 24 19 43672 1.0546131214448362
19 10 17 0 29707 0.9476470315154625
10 13 29 14 61702 1.093227716921893
24 16 27 24 35515 1.086131169039329
21 1 2 10 71740 0.9524530810305479
20 26 15 9 51150 0.9497097655088194
27 13 15 11 51719 0.9467640518535216
6 0 5 17 38615 0.92622394639187
10 7 20 29 70641 0.9499216777608578
23 1 2 11 78203 1.0169799683579555
25 14 10 10 65558 0.9908077875048018
5 22 8 7 39493 0.9919547690151562
7 21 18 9 54209 0.9145841274538076
24 18 13 22 48443 0.9794328705554721
23 12 17 26 55829 0.9025247309442387
22 27 0 18 66509 0.9113532387980146
18 3 26 6 23271 1.0758016024900272
25 12 15 8 45400 1.0535211357720462
10 24 15 6 62602 1.010280376548197
7 4 25 8 49422 0.9970226328803828
29 12 2 25 81226 0.9660584954744762
8 15 19 19 34990 1.0356689023909063
20 1 16 19 59151 1.0417336227569671
8 0 12 27 79414 0.993299910389294
11 25 5 9 50992 1.08081151459432
3 7 16 13 45270 1.0541924124410307
26 28 20 8 74169 1.0340908787299325
11 1 12 28 100857 0.9638593668573697
13 19 28 4 67614 1.0241708755470684
7 20 27 2 76936 0.974972062886784
18 23 29 28 37158 0.9880778932513391
13 10 28 18 56619 1.0979419723070711
16 19 3 5 61607 0.9298579743098115
22 28 12 18 52682 0.905853650276146
24 26 22 12 58730 0.9160663835936268
17 6 1 1 54217 0.9205037424684818
1 24 15 4 82956 1.074854815618211
5 1 24 4 59284 1.0484752398574153
23 12 10 17 47690 0.914323300697715
27 24 21 14 42630 0.9007229302311435
23 14 29 26 51738 1.00064712003506
7 20 12 9 57394 0.9881165222853254
9 2 27 13 75337 0.9574531128513742
1 3 29 0 81479 0.9809466389074091
26 3 17 28 67713 1.0218279562406671
3 6 16 26 65756 0.9443513037370648
6 15 6 4 24351 0.9007697082004449
26 1 3 28 103657 1.0861151281888841
8 26 19 6 63206 0.9445040674745877
29 1 25 25 76541 1.0401533758531358
2 5 11 22 67506 1.0770027238196107
3 29 1 4 82998 1.0787850032924524
17 10 27 0 43266 1.0956750227674366
1 2 2 25 81522 0.97112096275296
4 10 20 12 62911 1.0753871916484723
1 1 22 0 84212 0.9681653665839409
23 3 5 29 97852 0.968917289375097
13 29 28 22 57565 0.9771129270376713
10 25 22 19 45296 1.0716011518982544
28 11 13 4 55477 1.0526312782142608
19 0 7 23 77336 1.011608793928664
14 15 4 14 42331 0.9274143055330234
28 29 16 18 51538 0.9530400482712188
3 12 28 4 71681 1.079421307960252
7 4 21 24 79146 1.0062142591132313
1 16 4 0 59348 0.9421427121387731
26 14 8 17 40317 0.9642551617267165
8 27 23 11 72206 0.9790807176016011
15 12 24 19 48911 0.9900202612488225
4 24 23 2 88953 0.9143745247818591
13 15 27 9 66400 0.9763214993238125
23 23 6 25 47787 1.0243962620093354
9 6 20 7 22128 1.0448091390119638
22 5 8 1 51683 1.075514578861792
23 20 5 16 42076 0.9071111971549337
23 15 16 3 57727 1.0416737275165318
26 8 26 22 40892 1.0067438763749863
6 0 1 14 49913 1.003243123057851
23 29 4 8 93637 0.931652983603577
27 26 11 17 49108 1.0980937596392595
24 5 22 26 69969 1.0889929930520605
2 14 19 21 54194 0.9897611120795758
17 25 28 22 36736 0.9493179676407524
14 16 4 20 31362 1.0952906479650568
23 15 3 7 71431 1.0761279642305503
25 0 0 8 77200 1.0048376873473532
13 2 8 13 63594 0.9299648682394879
26 17 14 0 60882 0.9837797816547513
24 18 16 5 47345 1.006670021961905
3 18 22 19 47904 0.9782296427626374
16 9 27 22 58537 1.0068640053651268
13 21 5 23 29037 1.0669270180671782
18 23 7 8 62924 0.9728569401390967
22 4 29 0 42387 0.9381049907206289
8 2 25 9 56778 0.921686406815173
18 18 21 2 45624 0.9298109780455258
22 12 5 29 77762 1.0755946655956334
15 20 11 5 49640 0.9666263771191428
14 19 17 10 29177 1.0493269898706605
24 6 14 25 56491 0.9368741919659627
20 29 24 13 70091 1.0881278086925208
11 9 8 16 45976 1.0077603760802776
21 8 5 16 53766 0.925945073447376
17 15 3 14 39264 1.069385663418113
26 7 10 25 71996 0.9819076741281169
1 1 21 10 72772 0.9602369035183186
8 1 1 20 63192 0.9758870887145105
20 11 24 2 44615 0.9525044503123484
16 25 2 16 51443 1.0917602852165493
29 17 2 0 88972 1.0022126913968237
29 29 10 16 69030 0.9713127492802011
27 8 5 15 68762 0.9865014576906027
24 17 15 28 40959 0.9084007403499155
22 23 10 26 36422 1.0655372972932642
7 18 10 0 56813 0.9679142640805452
25 29 5 15 71460 1.001656246105188
12 19 29 1 79944 0.9503672105899849
23 18 4 23 55812 1.0891037468863654
18 29 24 14 57011 0.9390745085789194
13 9 10 2 43859 1.0532687229249642
12 7 0 17 44390 1.078327658137408
1 12 11 14 49546 0.9161537637545781
8 9 23 21 74667 0.9026594361190158
3 19 7 28 38452 0.9458757949443217
15 27 4 11 60867 1.0967743158208898
10 17 26 16 30980 1.0187977488396973
11 2 20 26 80650 1.0926257787661258
6 1 19 26 74032 1.060455912433159
8 26 21 16 48663 0.9050567028268681
23 9 15 5 33944 1.0518715655211803
9 4 12 14 56705 0.9957263765062824
7 7 5 22 37381 0.9832308376216203
21 14 18 26 38460 0.9917789162374439
22 26 13 15 51365 1.0081544838227146
9 14 2 20 33479 1.0526786019606384
25 20 4 1 83720 1.0826558850443284
14 26 24 20 35107 0.9305297695174715
20 14 17 28 41409 0.9911365084370641
25 19 16 7 45139 0.931237941000571
12 10 8 22 61182 1.099291696146492
13 24 12 13 64480 1.0085532560854942
11 11 0 0 65368 0.9443662096927111
2 2 29 21 96690 1.0466383000833748
29 18 16 0 61393 1.0317762298960091
21 14 18 24 35796 1.0408523883605103
15 7 23 1 41440 0.9082858223940456
1 20 16 29 55433 1.0767693885768725
18 11 6 4 35819 0.9741805216934041
15 13 28 22 53921 0.9710544406978581
5 27 15 9 67532 1.0375650356077588
12 13 1 13 55327 1.0782105609903667
29 18 20 7 50710 0.9516863799865719
26 25 6 23 49776 0.9734418127390635
10 0 4 7 33944 0.9864798075620138
23 2 4 3 59902 0.9626503616705825
26 28 1 20 68308 0.9772090438101194
17 20 26 22 25310 1.0053467790319246
29 10 4 14 74248 1.0635449094648233
1 22 18 13 59135 1.0252902537946387
6 26 9 10 50292 1.0788821896573348
25 0 13 1 53403 1.0646234100635155
2 29 23 23 68684 1.0226507477856455
23 18 29 7 48340 0.9575249847346927
3 29 4 13 55719 0.9187131481598002
12 27 1 7 67788 1.0473476821195882
14 23 27 25 38200 0.9652902059352748
10 12 24 10 63157 1.019970785334917
9 28 7 17 35835 0.9958087893447529
10 26 28 23 48517 1.0281677546350734
8 20 25 20 35526 1.055579168969585
18 19 12 7 39754 1.0156882405918086
28 25 17 3 69188 1.0991486720051402
17 0 9 18 51164 0.9373501469462671
21 4 3 6 34968 0.9931060446753773
20 10 1 11 71224 0.9992678386509591
19 21 28 0 75588 1.0494184826908817
13 27 10 9 74253 1.0743166347586766
26 6 20 21 56063 0.9210909833867635
25 13 10 10 69052 1.0967587774923295
16 16 13 4 46563 1.0328056335363278
20 25 0 19 60533 1.0945768004570549
6 29 5 14 36678 1.096010267567977
25 13 5 28 74830 1.0716431189263056
18 11 1 6 39978 0.9573454109251697
26 12 22 0 48700 0.9924222637480408
10 15 11 6 45405 0.9022321149423332
24 19 15 13 45225 1.0812430115065166
22 4 20 14 41142 1.0986681537516043
4 23 28 20 57654 0.9508942142024434
9 13 1 19 42797 0.9154101569556949
8 2 11 27 72943 1.0071943145713849
20 17 8 25 42697 0.9184245623531971
24 4 6 25 83849 1.0427694805402687
3 9 13 10 51813 0.9498362127408195
3 13 16 1 65082 0.9007369917938184
26 26 5 29 49204 0.9685651073149086
3 17 19 28 51044 0.9957028282671765
13 3 8 11 49294 1.0945024531214096
19 20 28 26 35398 1.0289706449156661
28 20 25 10 37799 0.990767169510698
7 22 16 1 73612 1.0414505416376523
27 21 2 17 57048 1.0705230695824592
0 29 4 12 71708 1.000364629852486
8 28 27 0 100932 1.0084012166444325
11 25 5 8 53965 0.9410355772799617
17 28 24 20 32837 0.926431408650306
13 5 28 17 54256 0.9214560575326992
24 28 25 10 64775 1.0040500180888388
6 1 22 8 46432 0.9556482737839284
5 17 23 12 55812 1.0590724003548522
5 9 11 5 23539 0.9492626788969984
10 2 23 12 68439 1.0560275940287946
11 8 19 26 65081 1.0028020021317763
9 1 10 14 60266 0.9829015790826295
16 16 1 27 59255 0.9181108954864932
19 11 28 26 59916 1.0162234941628532
21 25 29 7 67244 0.9203605527513321
6 0 6 18 38740 1.011561227700059
3 25 23 6 73295 1.0499971857323234
27 7 4 17 60465 1.0290820041357644
29 23 11 14 68101 0.9851185664551568
17 11 13 24 45236 0.901669027085423
3 7 29 29 99490 0.9146008324569608
4 1 13 26 79506 0.98110998479203
10 16 19 0 57051 1.0607905439308316
26 7 3 10 59381 0.9972601923222296
14 10 28 8 47090 1.076091884968233
13 20 7 8 46939 0.9654861841625573
8 19 29 24 59682 1.032861169357373
5 20 24 28 58860 1.025424754032166
24 1 6 29 104671 1.0425449502257824
2 3 8 28 83172 0.9580665752740092
2 25 19 0 85874 0.9756045168837753
3 16 18 20 37640 1.0521720649106552
15 4 29 12 48912 0.9386660487568825
1 2 4 13 52467 1.0137324498720284
0 29 12 26 42540 1.041851624306016
28 28 8 9 93791 1.0572974287876997
1 4 15 6 34941 0.9523393605381139
13 2 24 15 73284 0.9588575891625214
25 0 19 22 75497 0.9796278140363338
2 11 9 22 51448 1.0987774534555077
27 8 14 20 60128 1.0897986359190037
15 9 25 28 68173 0.9613767050607246
5 24 11 6 49382 1.0389718854782044
12 14 27 22 62690 1.0900337849755188
20 6 6 15 42333 0.978047571573528
1 2 25 10 76260 0.9805316259122921
23 20 5 8 62937 0.9183086801944657
7 14 18 13 41368 1.0658366118544935
6 13 10 6 20980 0.9059937290236045
7 9 20 27 70060 1.0340724612272536
13 22 26 16 48799 0.954897542197492
6 14 21 8 47976 1.0385277050206196
2 9 26 22 86804 1.0320605213949274
0 22 21 5 82112 0.9344950932948536
25 11 29 27 54667 0.9103092421823817
18 27 22 14 42533 1.0892350342809443
12 18 29 28 64956 1.0664193342623234
4 2 4 23 60987 0.9144733859041733
27 8 7 14 65590 1.0713671636168498
10 14 24 29 75435 1.0519657331190109
7 22 28 2 90206 0.9839881196247993
21 4 5 24 69379 1.0269894523046386
4 12 23 23 72618 1.090376110175203
2 12 6 26 56254 1.0838705765285408
25 3 8 29 94723 0.980213410102631
14 11 21 1 43435 1.035898542469472
8 13 25 4 65373 1.0410257882557283
7 1 10 11 43700 1.0124195387318233
21 16 5 29 57530 1.00253355872582
27 12 3 29 96916 0.9348000749286456
29 17 29 27 33829 1.0169477199137353
15 5 4 19 53496 0.9881253139468649
14 19 24 13 49570 1.0322868141046302
18 15 5 5 44928 1.055176117166054
14 9 26 1 47145 1.0533596843028594
14 27 8 16 46089 1.0232648441989232
21 7 20 24 57927 0.946334738897217
11 24 0 11 70338 0.913251420475552
9 0 15 10 51040 0.9660580654593658
19 4 9 16 50989 1.0195773874993201
5 22 17 20 27751 0.9609229183449495
14 19 21 4 48596 1.016679866857161
10 9 28 13 70197 0.9462074998268875
12 1 26 8 55631 0.983837669576654
8 19 21 23 42094 1.033593327715502
18 8 20 16 37149 1.0501251158053129
15 13 7 5 44322 0.916383759296749
22 23 0 7 83289 1.095851995097318
23 11 10 9 54545 0.9575883169948499
8 9 23 4 53418 1.0804572119728153
17 7 3 21 56937 0.9706719565079476
16 8 28 16 48341 1.0604871491271695
19 11 9 19 42738 1.0040843375729755
13 17 21 19 21501 1.058504201865593
15 13 3 29 68502 0.9200917370511256
6 12 21 15 41887 1.0506940125593915
29 3 9 16 68846 1.053435457823402
15 16 7 24 38798 1.0475269172032577
26 0 4 22 88645 1.0216849430547144
19 9 29 21 59525 1.0672266285752001
15 18 29 4 52988 1.0391346530557157
28 9 16 27 72497 1.0110131307387054
19 24 2 5 78034 1.0155665680311081
14 22 4 5 69253 0.9956543244806191
13 7 23 23 61924 0.9408631921976061
5 28 25 27 43903 0.9554529296953823
1 24 8 21 37154 1.005260016354719
19 17 1 20 38202 1.008275145287971
22 17 7 5 53505 0.9212131644856696
23 4 24 16 60599 0.9621261278548936
24 10 17 0 46899 0.9145528019324881
29 12 17 18 38851 0.9371582693673933
15 7 20 19 41645 0.9327076119814239
23 7 17 20 39341 1.079498120910366
15 4 4 10 40236 1.0708656764251574
21 26 2 23 53591 1.0249161166790763
4 1 20 4 56905 1.0300357892620573
18 17 1 7 52268 0.9927174861665815
20 24 24 16 40140 1.084552260294633
1 17 21 11 51071 1.0234425454779894
18 6 16 18 28899 1.0128114089766955
23 27 15 18 37939 0.9316388773800035
2 3 20 6 50465 0.971342320956348
27 27 21 21 29553 1.0660227767183352
21 22 9 19 38022 0.9539473781750624
5 22 8 4 48944 0.928352460542302
10 12 9 0 54727 1.0607033547359497
7 20 27 27 55029 0.9950821696641048
2 9 10 14 47847 1.096531880221421
15 13 3 7 46327 0.9889106673243823
25 28 5 28 48690 0.9692379404286593
18 1 15 21 50268 0.9846310802654349
4 22 0 9 65423 0.9497445349038544
14 13 1 14 58578 0.9018407727752261
21 27 19 2 67492 1.0125163944624982
11 28 3 9 72682 1.0352213622390773
14 17 2 3 64351 0.9329935847748181
10 22 24 22 55469 0.9819477090749062
28 26 27 3 76674 1.0377392058650172
11 0 12 13 76060 0.9423559599600055
19 11 0 6 44997 1.0377834419933067
0 11 24 25 85484 0.9301578382329149
29 7 14 29 79024 1.0243048975222917
10 21 21 20 28721 1.0425539745414174
28 26 25 5 66963 1.0589792439874754
28 18 5 29 70944 1.0756616319729404
17 10 8 4 31891 1.080197220129907
1 19 19 11 55120 1.0682915379273965
28 23 24 10 57026 1.0883966695761662
29 21 22 6 54642 0.9883614131655879
23 23 22 10 56348 0.9677404697292529
7 10 25 22 73220 0.9433936507494314
26 7 11 0 53048 1.0114886733084267
1 16 11 21 36327 0.989389648852427
12 25 16 19 30247 0.9292527676009266
23 4 22 17 53549 1.0235985758855877
8 10 20 12 54776 1.0876020469357752
18 23 24 9 65767 1.0801446333914195
8 5 15 16 47988 1.093843988759144
22 0 7 0 58161 1.073138700506881
22 5 9 21 63224 0.9127742756986351
2 20 27 22 61448 0.9216664837776679
22 21 10 28 51460 1.0475342796216789
5 0 18 23 73499 0.9549380972247474
23 10 6 2 57708 0.9568034573226039
24 20 17 13 29618 1.0348627879548176
2 0 25 16 85621 0.9907396382428537
29 6 24 16 46067 1.098334129238774
13 19 27 16 46324 1.077622146970013
12 14 24 9 62342 0.9735435866816236
10 6 29 13 54064 1.0382990643688454
3 19 22 19 51932 1.0509418170390674
24 16 29 21 27223 1.074407828571053
14 21 8 0 73755 1.025516339711868
24 22 1 16 69255 0.9928157214096542
17 2 22 27 60416 0.9403047682898499
22 20 5 4 65418 1.0087070604057011
19 19 11 21 28901 0.988410854788567
12 14 19 0 54843 1.0914962114347162
5 19 23 28 60991 1.0616853062023583
4 19 26 2 75248 1.0962707007750705
5 16 17 5 45398 1.0786085141301147
3 5 23 14 66719 0.9803057913462769
3 5 26 3 52109 0.9269526786461924
0 10 27 14 90013 0.9054884556702228
23 11 21 26 56169 0.9854267957774467
6 6 10 23 51952 0.9658047746153693
24 13 3 22 76280 0.9345403508918805
24 28 23 9 79475 0.9384491441209791
16 29 29 29 40527 0.9022504280105093
10 29 13 14 66776 0.9344966441296779
27 10 1 26 92094 1.0984556639745189
4 26 2 9 62908 0.9583078782175315
24 25 11 20 40104 1.0726988851096935
24 16 14 1 68085 1.0859467767240376
1 14 15 28 68876 1.0251961996341488
14 18 28 15 36512 1.0866888711001856
7 12 11 26 48886 0.9745860360219205
17 28 6 1 73698 1.0771648957255964
20 8 17 29 58131 1.0258536242493699
4 5 12 17 41290 0.9545310674426875
29 4 28 20 52132 1.062044342062373
20 2 23 9 37562 1.0964617430611723
17 5 24 28 65767 0.9265821772269971
15 12 7 25 53452 0.9772780772360329
16 18 23 29 46312 0.9848004007253219
11 16 25 22 51064 0.9927492039538863
10 21 20 6 51858 1.061883509105124
24 25 17 20 27089 0.9974469865424346
3 12 5 20 35413 1.0163176676986307
12 8 11 26 71284 0.9120734680465122
27 17 10 17 28685 1.0014170359933747
29 21 26 14 25281 1.0351486164792336
9 21 23 29 60486 1.0693957291974163
8 10 17 19 48015 1.0252764277236177
21 19 5 17 33473 0.9498445752637319
22 15 2 29 79829 1.0375361431353896
17 9 4 29 67662 1.072104410674525
29 11 5 0 69529 0.9979002362900671
26 6 8 14 57472 1.0000192814122664
19 6 24 27 60298 0.9585253633864346
29 5 15 18 50008 0.9945637946440112
14 20 23 27 33656 0.9629167772370407
8 20 18 29 40448 0.9644689151383403
19 17 23 27 36661 0.9760291118206321
16 25 3 11 61115 0.9028765523427591
0 18 21 20 50709 1.0462270822923132
3 5 13 12 54277 1.0394279029435587
18 6 8 11 37045 1.0268894547061835
27 21 23 29 40522 0.9927208763123863
1 17 19 20 36837 1.093464990365946
20 9 14 23 58536 0.9749928073037448
21 10 12 21 52634 0.985971830018819
16 15 9 0 66973 0.9697686231081781
3 5 26 27 90212 0.9414342521142094
1 4 27 15 86436 1.0806553416742055
16 21 7 23 39658 0.9509748716293032
23 18 11 15 43237 1.077136998041599
12 28 0 25 38492 1.0167502080140787
6 11 29 8 54653 1.0104802701217974
24 28 21 20 35201 0.9620928717712334
26 4 13 15 58166 0.9209539853369357
16 24 6 23 32140 1.0272239961890994
27 1 28 19 65368 0.9881584592177306
