5870 4677 6392 3558 5202 5084 5262 5090 3673 4089 5620 4123 5377 7006 3977 3677 3748 3491 3082 5089 3881 3490 2993 3593 2214 1689 3206 2371 1705
6099 8056 5375 6058 6802 6380 6407 7327 6038 4496 5502 3868 4894 6078 3989 7359 5843 4917 4824 5025 7477 5812 4338 6743 6408 7217 6698 6126 5740
6356 6552 6058 5721 6174 7221 6726 4735 4671 7591 6387 6565 7881 6754 8155 4972 4063 5396 3516 5222 5945 4746 3267 4835 3578 2324 4269 4874 3907
4388 3289 4154 1397 3734 4868 2047 4083 5000 4162 4979 4531 3867 2499 2318 2321 4175 2029 2784 4842 2220 3398 2166 1951 3024 1990 1314 1880 4244
5633 3604 5174 1979 5063 3232 2920 2767 5244 2882 3301 4148 4229 5731 3409 3572 4032 4681 4182 6000 6118 5991 3047 3702 6260 2794 3799 3151 6390
4872 4650 4638 2378 5237 4862 3200 5638 4379 2942 5232 4852 3919 5703 5837 2638 4662 4114 3668 3422 5276 5129 2222 4911 5558 3326 2906 5043 6064
5100 3809 3707 6561 6192 4837 6504 6307 3479 6580 4097 4643 5287 3519 6530 4420 4776 5360 6014 3243 3086 4753 4966 3603 3925 5552 4793 4465 2819
2482 4996 3312 4415 2584 4959 2818 2623 2008 5767 5292 6494 5611 3723 4047 5728 5832 4387 6476 3198 4835 6513 3779 5056 5247 4087 4963 4546 5469
5573 4970 7068 4800 6264 6146 6540 5417 6852 4631 4579 6616 7908 7168 5763 7157 4459 6668 5580 7125 4453 5712 4859 6618 4913 4629 7106 4342 6733
3384 5416 4314 6239 4865 7024 3839 4912 5155 5888 5366 4648 3462 3872 4651 5427 5850 2831 3803 4408 4787 5486 5280 3879 5298 5726 5416 3740 6390
5685 5175 5848 5974 6035 3759 5861 6774 5914 3685 5991 3444 6289 4198 4418 3809 4759 5682 4171 5487 4925 4965 4401 4762 6592 3822 5765 6787 6233
5279 6175 4329 5889 5797 4373 5863 5103 3479 4543 5466 6895 6120 7100 5951 8225 7544 5923 4805 6520 5026 6811 6801 4782 7917 5618 8136 5350 5209
5521 3443 4783 4772 6094 5032 3763 5517 4947 7039 4384 5699 5797 6053 4843 6067 3445 6399 5061 3775 3579 5378 5037 4317 6603 4517 3489 5837 7144
5040 5585 3376 5152 3762 3509 2750 2115 4337 4575 2046 3235 3330 2759 5779 2762 5376 2311 3288 5367 4937 4045 5210 6022 3478 6390 4145 5253 6065
4530 5353 5666 6129 3966 4396 4182 6288 5414 6328 4491 4973 4745 4897 5097 6869 6911 7474 5612 6637 6273 4870 6661 6598 5490 5940 6427 8253 7088
6349 6608 6447 6867 4737 5510 7249 7905 7155 6038 6244 7568 5484 6413 6993 5107 8250 5034 5992 6758 4655 6336 7199 7537 7537 7642 8327 5619 6865
6695 4550 6417 6944 5601 5691 8070 4927 6401 5362 5619 6264 6946 5916 6274 6206 5812 7556 4440 5443 5848 5190 7402 7742 4392 7647 7294 6150 4569
6545 4880 4132 2958 2345 2432 3520 2064 1936 3662 2554 1991 3703 3500 2857 3247 4117 3348 2862 2442 3036 2058 3106 4879 4891 2201 5348 3034 2193
3019 4665 3361 1507 4489 1939 3969 2914 2795 4710 2053 1651 2125 4659 4161 3229 1571 1164 4041 3203 5910 6507 3920 4068 3422 4468 5024 2843 6236
8490 7644 8371 4876 5456 6635 5232 4967 6755 5769 5218 5770 5312 5568 5884 6154 5173 3712 6245 4941 5997 4330 4406 4354 5076 5925 4467 3525 6504
3614 4529 3568 6248 5071 5657 3343 5201 3191 4018 2979 3198 3439 3644 3089 5722 5725 6061 2676 2188 2221 3777 5123 1664 2988 3758 4470 4883 4568
6961 8346 5588 7581 6067 6846 6543 7061 5629 8627 8012 7572 5423 7239 5424 5710 7566 4995 6826 5947 5131 5534 4000 4542 6324 4112 6888 5385 6281
7204 5916 4322 7206 5987 5955 5930 5590 4152 5870 2947 6282 2928 3183 3125 2963 5167 5843 6607 5217 3630 4718 5070 6374 5061 4856 5325 3992 6408
4385 6184 6848 6538 6348 4757 6327 5298 6840 5313 6683 5425 6877 5675 3218 5255 4072 5975 3809 4717 3976 5945 7628 8281 6275 6834 7708 7696 6440
7520 7311 5826 7606 6005 8065 5400 5814 6899 7772 7209 7524 7154 4805 7715 6909 7642 4360 8069 6414 5156 6025 6632 6708 5523 3062 3398 3240 3595
2055 4766 3431 3085 3705 2127 3465 3574 3656 5091 3755 4441 3212 3194 1880 2600 2498 1931 3796 4081 2252 5254 1828 3388 1539 1436 4462 1178 1278
5717 8099 7802 7995 5540 6229 6817 8427 6197 8147 6529 6646 5818 6615 6860 5474 4917 4952 7977 7923 6725 5432 5301 6315 5844 3976 6039 5030 3540
5985 6670 8694 8185 8862 6058 8566 8204 8629 8611 5361 7812 8584 5943 7823 8246 8668 6486 5833 7278 7858 7024 4372 3922 5735 4715 2549 3581 5100
3353 3344 3023 2444 5396 2120 3302 4797 3212 2666 5367 2920 2803 2498 3241 4790 4344 4061 3324 3573 3502 4238 5290 5203 1774 4679 2456 2009 4902
4899 4797 5326 3606 6502 4869 8374 6085 5388 5099 4859 7720 4909 4700 6532 7876 5461 5674 7449 8083 7993 6171 6436 5848 5240 5155 7718 6041 7454
7294 5346 3123 5925 6968 6512 5715 5058 4163 4816 5575 7500 4599 5376 3366 7493 5671 2734 3859 5393 5791 4341 5015 8834 5728 3887 4863 7482 3108 3785
6074 4918 5486 6586 7700 4027 5191 4757 3999 2493 2842 5807 4512 3734 3508 5559 6081 2343 5905 3522 7893 2767 6026 8607 3533 4042 5113 6005 3036 5393
7035 4902 4008 7007 6553 4736 4518 6324 5375 2868 4187 5496 4184 5535 2075 6051 6393 3933 5158 3934 7704 3281 6866 6462 4331 3070 1845 8525 3133 3750
5396 7556 2004 7244 7296 4736 2516 6111 3939 3118 3026 6544 2326 4811 1941 6986 6639 2126 6198 6539 7422 4878 4173 5380 2749 2502 3214 5404 1350 3682
7014 4452 4442 5763 6273 4021 2148 5394 6117 4057 4682 7399 4949 5973 4648 6951 7928 3729 3567 5751 2787 5087 7059 7333 3102 2519 2102 7538 1934 5800
4500 4213 2573 5282 7877 6999 2672 5460 6564 2687 6090 7010 4415 5633 4096 6198 6339 3924 4083 5307 5612 2672 7190 8884 3666 3396 2983 7715 4101 3324
5048 4431 4174 5674 8391 4810 2961 5471 6875 4277 3170 5395 5191 3518 3084 6389 7939 2553 4218 4602 3167 1686 7131 6067 2842 4717 2009 6313 3186 3052
6398 5875 2846 6297 7474 7042 4324 5094 4651 2781 4118 7245 1824 3807 2282 5403 5859 2110 6197 5376 5269 7634 4852 7934 2605 2451 4901 5222 2669 4652
6698 5224 5507 6888 6030 6913 5412 7761 6628 3590 3034 8725 2941 6531 1823 4803 8307 3320 4746 4466 5314 6998 4335 6711 2824 4366 4349 6650 3551 3188
6447 4634 2953 4946 5680 5004 3879 7300 6140 1673 3790 5286 3967 5227 4018 6052 6175 4962 2948 3844 2434 5747 7393 7668 2799 5433 5334 3986 2635 5615
6607 7237 3790 4837 7802 4160 2888 6418 5844 2108 5287 7002 1494 5284 1696 6626 5393 2616 2911 5167 5791 5178 4605 6633 5456 3303 4625 3429 3085 5284
6233 5281 5589 5259 8136 5546 3022 7389 6182 3801 6020 8040 2816 3554 4907 4371 7484 5358 4117 4493 3929 5176 3980 6824 5882 3753 3984 4409 4465 4197
5475 5581 5855 6495 8482 6747 4785 6482 4751 3959 4045 7986 3206 4844 3746 7437 5843 3529 5017 4458 3080 7291 5717 5188 4255 3481 4517 2127 1484 3627
7667 7200 6888 6132 6703 4922 4304 8357 5741 2864 2586 5803 3423 5086 2209 7413 7928 5816 3325 5122 4988 5372 6451 5238 2457 2585 4745 5519 2745 5204
7762 7082 5005 6027 4818 6283 5173 7478 3020 4468 4762 7516 2292 2448 2661 6539 5139 3984 5480 4697 2788 7901 5466 7531 4070 2357 4178 2438 3561 6093
5315 6676 3458 5641 7118 5272 4425 5311 2632 4382 5283 4754 3501 2356 3598 5443 8411 4350 3278 4365 2900 6820 6060 5785 3262 5024 3998 2978 4788 3165
4837 6223 6158 6154 5832 3769 6109 4897 5474 2466 5477 2622 2144 3691 4460 5282 8198 5106 4259 3344 4213 7797 4518 7252 4533 3539 3563 2973 2593 4330
4482 6964 4985 6963 7951 7082 4144 6573 5098 1823 7911 4767 3181 5130 3753 6521 8126 6664 3461 5845 4214 7425 4346 7104 5237 4169 4514 3115 1724 3910
6771 7458 5427 5577 6581 6067 4810 7296 4371 3193 5073 5069 1983 4069 3828 6772 8006 6080 4601 5588 2473 6527 5131 7440 6010 4180 4047 2864 4125 4781
5763 2162 4144 6184 6211 6840 2962 6798 2542 2647 8499 2739 3405 5770 3445 7540 6408 6739 6209 2932 4191 5442 4614 5039 2473 3647 3476 1962 3189 6016
5523 5219 6650 5027 7552 3836 5638 7729 3628 4020 6993 2575 3942 2474 4894 6443 7205 4326 3256 2983 5634 6499 5601 3867 4319 4768 4636 5272 4584 4031
6783 4151 3647 5012 5851 6776 5870 5793 2182 1264 8347 2813 1836 5397 4883 6353 5933 5473 5779 4307 3303 7046 4024 1592 5519 3622 4123 4858 3039 4976
4390 2615 7012 6536 8092 4404 5626 5757 2470 4112 5038 3653 4537 5038 1936 7076 7330 3875 2869 4673 3831 5337 5030 3226 3729 3318 3917 4791 4763 4825
7873 3820 6173 4938 5895 6045 5139 5204 2380 3389 5792 2356 2003 4528 2276 4434 6011 5512 4289 4765 6042 5984 6783 5077 5685 3445 2377 3507 3875 4105
7433 4619 6595 7550 8202 4643 3749 4709 3738 1617 8414 4024 2736 4409 3531 6527 5036 4105 6118 5784 5941 5108 5867 3867 2719 2980 2798 2555 2632 3576
4351 2444 4744 7765 7094 6614 6293 6441 3124 3518 6867 4088 2496 2592 3015 6395 7171 5440 3838 5814 5222 5933 6597 2678 2561 6571 3429 3298 5454 6544
6187 2739 3890 7409 5082 4968 2985 5505 5677 4344 7465 5715 3941 3643 1266 5834 8185 5731 5429 4007 3038 6375 3192 5161 4858 4145 1930 2168 4098 3471
4988 3369 3496 5530 7250 6527 3622 5477 3782 4379 6314 3732 3347 2366 4118 7603 8057 5055 3902 5254 4604 5006 4926 2304 5312 4224 2852 2088 3116 6321
5706 4829 6089 8172 7199 5564 4027 5815 5180 1733 5253 3217 3596 4341 4579 5008 6999 3213 4044 2949 2817 7767 5736 1948 3754 5210 4215 4870 3219 5722
9 9 12 20 55235 1.0508131031593708
24 2 20 25 97732 0.9472185247112694
14 20 11 0 90675 0.941195405896536
24 7 7 5 71828 1.0349495788120344
14 13 0 2 80452 0.9496400797762644
21 27 9 3 124251 0.9355456464986371
11 24 8 15 52921 0.9445877500846307
13 22 15 10 52583 1.0990346288528565
28 13 11 27 94086 1.0731091197173197
2 17 19 12 65962 0.9993095304220744
23 17 7 3 93474 0.9413222976926039
6 23 13 29 48552 0.952147318756629
23 6 8 19 95812 0.9965821109329625
8 27 0 0 122196 0.9899859038294501
20 24 16 11 51396 0.9233908909802865
18 3 15 11 33028 1.0402655675658572
13 22 1 15 69573 1.077497047279086
14 20 10 1 91226 1.0713310888277674
1 10 15 24 93816 0.9190956183333084
4 15 0 22 35484 1.0101335819890098
28 24 18 3 92513 1.0849760877241557
22 2 3 23 125176 0.9869626654211056
21 15 0 22 100295 0.9427918681001195
0 13 17 8 73144 1.0376415184511207
16 8 1 8 57380 1.008162844051888
28 28 9 5 122565 1.0422720470128002
9 26 28 21 87146 0.9817516001326777
21 29 16 24 36151 1.0665722588020172
27 5 7 9 78092 1.0109536899251337
22 29 3 28 64760 0.9686918813393977
22 5 7 26 124157 0.9186404746007081
28 4 18 9 50884 1.043491212435757
24 27 6 13 103175 0.9935164649560515
27 12 26 25 50461 1.0276155578133284
28 21 21 15 49698 0.9623827996165393
23 7 8 12 58423 1.0339146789641502
9 9 2 5 33721 0.9830735932834672
29 3 15 24 116122 1.0723014000565252
16 20 7 28 64342 0.9257162289852633
5 14 28 5 96980 1.0402130898026456
1 5 9 17 71375 1.0544500286479042
11 5 24 5 70825 1.0885037254840093
16 10 28 17 58997 0.9012638205141742
20 7 28 13 45454 0.9997117319514145
22 22 14 11 62531 0.9028927120282341
2 2 7 25 93691 1.0517654991746723
1 25 22 24 81360 1.0837451681650205
10 28 14 3 116579 0.9060593558697306
17 4 23 12 38237 1.0180172666116167
9 10 4 15 36690 1.082672909386502
5 15 20 28 91938 0.9629833385025744
22 23 0 7 122785 0.9686727293993195
29 20 0 22 124785 0.936563628115064
25 24 2 27 84843 1.0439029313320556
11 26 21 21 55536 0.9555062198515805
4 17 20 17 67246 0.9389375572564945
5 29 11 10 88790 1.053465700145328
22 1 28 21 90333 1.0194255660200962
21 24 15 11 60469 1.0661188697903157
17 15 8 25 67231 0.9947382358307548
22 22 26 6 76702 1.0021638978850669
28 8 12 3 79642 0.9444986476638564
2 21 1 1 82400 0.916426177743656
21 9 0 21 99019 1.0176110967416037
27 12 29 3 43403 0.970147452333086
14 29 22 2 119264 1.0811700918978688
6 11 22 8 61790 0.9989471090406489
3 24 20 7 100517 0.9240497894482103
16 0 15 23 91169 0.9170910406480133
1 8 29 19 121218 1.0457515311658414
28 12 19 14 34665 0.9856948215966883
8 10 0 12 41013 0.935368203973922
29 5 8 13 93918 1.0183191580222666
22 25 14 7 84567 1.0390247302020592
16 4 0 29 121781 1.086200551932166
24 29 14 17 76958 1.0930057751918039
8 2 20 12 73262 1.0042505406687405
7 17 23 29 100891 1.079880106679943
7 19 12 14 40844 1.0078681074473184
6 22 11 14 50083 1.012211588834986
22 21 13 8 72118 1.0359974812145412
2 10 18 13 62131 0.9971061054625385
26 14 2 3 105096 0.9406715357508193
5 10 3 24 49027 1.0788882745369546
7 27 6 16 52250 0.9104822316946177
21 29 17 7 82537 1.0133450882548432
13 21 25 29 69960 1.0501538320810069
27 11 7 2 94695 1.0254192053025126
8 1 14 8 55069 1.046410618927018
0 11 11 29 87916 0.9012167489066533
17 20 29 14 56661 1.0180044078779984
16 22 2 27 71707 1.0958644301108087
27 19 29 1 73735 0.9813917735572812
28 9 17 13 46216 1.0900261664111541
22 6 17 1 40171 1.0908599723982126
16 24 27 18 64024 1.099551599482422
14 28 29 16 90849 0.9784635436657457
17 8 5 22 86351 1.0030113493452986
6 13 25 3 86152 1.0450019415835494
2 8 12 12 47152 1.0620911681042922
29 11 16 26 85771 1.0367728519442663
21 4 15 25 93631 0.9944861232513296
24 29 7 4 125298 0.9673057645635864
14 14 29 1 88088 1.093679269877586
5 15 11 2 73264 1.05537540159483
9 22 24 16 83820 1.0057758648067938
3 18 11 1 84877 0.9305581589429607
25 15 10 9 61165 0.9123102993932503
7 21 26 9 102575 1.0827666111955008
28 16 11 3 98915 0.9200708941226062
22 22 4 24 73666 0.9928228320571771
21 16 3 21 91155 0.9140432576266416
25 3 0 27 144588 0.9402974637756427
26 15 20 23 48264 0.9676211710831115
7 19 26 5 109991 1.0124214596456826
3 15 2 4 48641 0.9651301217406292
27 8 1 7 97019 0.9350167740064179
0 5 9 13 61811 0.9705080574593906
6 22 24 2 134339 0.9193299843605809
26 25 2 20 104662 1.0739333644827491
13 19 28 21 71965 0.9235851827261242
7 5 21 18 85692 0.9782350152290772
21 13 3 11 63502 1.0555428393411388
9 25 15 10 81269 1.0662636188170556
6 25 28 21 94957 0.9933710983356925
3 18 13 28 54029 0.9654191319945387
4 14 8 24 45109 1.0333267015356906
14 27 3 8 100682 0.9595397597111603
0 24 9 1 106957 1.094818765684777
22 12 1 29 110719 1.009272586337676
18 9 17 24 47167 0.9133097356752718
12 28 11 12 77958 1.090899305939643
14 28 22 6 99944 0.9804812594361825
21 7 26 18 53927 0.9044915984330175
24 5 20 26 87492 0.940535287995834
22 7 14 9 33570 0.9782299885734278
16 21 18 1 69788 1.0090595545989893
23 15 8 17 70502 1.0755488922904206
19 8 7 1 68796 0.9474602842124562
26 13 13 9 50643 1.086406756318064
11 17 13 25 43545 0.9446037218396419
24 13 1 19 95975 0.914877485279837
12 18 6 11 49373 0.9627123996724527
16 9 8 24 85366 0.9000004045450384
9 23 22 11 85324 1.0727740114654605
25 17 28 3 52902 1.0733693037562069
27 29 24 11 63943 0.9610484526982568
15 17 9 24 53136 0.927044894011631
11 26 11 8 87741 0.9587922063577748
7 16 9 0 75805 1.0978315493682107
20 15 28 23 56872 0.9013835345103974
14 18 29 26 76738 0.9774997961314777
28 9 7 16 86570 1.0578836754691392
11 29 28 18 92017 1.055946955159343
8 20 29 16 99394 1.0710739422050701
4 18 6 1 71220 0.9673203137582241
26 24 29 8 63843 1.0960404996728978
15 7 0 0 87888 0.9504721334130135
27 12 4 5 87650 0.9178196005303028
21 18 17 5 51164 0.9393331452019272
7 12 7 23 54129 1.01821420456693
14 29 0 29 49275 0.9023857901088973
29 15 14 4 80453 0.9859808111430179
1 18 17 18 63121 0.9772589281048771
3 18 18 12 62075 0.9386509835368536
10 26 16 21 47960 0.9802256999669241
17 7 14 27 72191 0.9178250038844364
7 2 5 16 60806 0.91117032159786
19 17 10 10 53317 0.9203422643197661
5 19 29 13 102158 0.9412275108011402
25 18 5 25 95893 0.9607331989274598
21 19 6 8 82518 0.9935755913316315
26 29 12 15 96008 1.0078115132421548
27 5 21 22 87979 1.007373522791505
21 10 12 19 63016 1.0802818437513
4 3 22 8 74260 1.036499922002521
16 4 6 16 74652 0.9447867668698483
7 7 7 24 75238 1.0160969332478753
6 2 7 25 96152 1.0893862563506094
5 4 19 22 102443 1.0590051480021159
0 9 19 11 70063 1.0703077505142038
0 23 2 14 39636 1.0810899024314298
0 21 17 27 71293 0.9244332306153554
3 13 25 29 110267 0.9917346724281533
24 14 26 3 50601 0.9885803126588282
18 1 6 12 68468 1.0442511757829596
20 28 20 12 61428 1.0372107242762678
19 12 2 29 96667 0.9922120409573572
8 17 12 4 72517 0.9232704418370002
15 24 1 24 50571 1.0335427892979947
11 16 28 28 96411 1.0533816781449592
28 1 14 5 72820 0.9155738726541748
17 24 2 15 82439 1.0965386645943305
16 12 16 27 56712 0.9962919192354889
18 23 20 0 86136 0.9772754727635405
1 29 14 28 43114 1.0449499925006975
21 18 24 3 74819 0.9136917439238109
25 29 12 19 74653 1.0289692156894517
14 5 28 0 76173 0.9582689187920426
24 14 7 24 91374 0.9709668495942458
9 16 8 7 47360 0.998289485721535
6 18 8 5 65488 1.0071438398828207
26 0 1 17 127159 0.9715684434708945
3 22 11 17 40613 0.9359166146551917
12 24 4 13 67439 1.0065899744850153
5 6 19 23 96750 0.9462143933356669
13 9 27 25 91180 1.0442998442858182
13 9 2 16 57579 0.9965833072758731
25 12 17 18 40812 1.0450093361985495
0 13 24 3 119966 1.0928949283278018
13 22 22 24 49112 1.012845929934059
25 29 27 8 71048 0.929427820707957
3 18 22 29 90329 1.0022841060059144
21 6 18 19 52452 1.0646251752032896
25 12 14 3 63756 1.0535451497182642
11 16 27 3 103223 1.0625633078168675
17 29 27 8 97064 1.0216376795659396
6 0 11 28 119622 0.9649778741694834
20 3 29 27 105887 0.909849341312403
11 29 3 0 117130 1.07400325440469
29 26 18 17 62611 0.9813213002628921
14 22 28 16 80671 1.0535425233505804
7 12 20 3 67012 0.9244783983995625
19 24 15 1 91561 1.0335335416411402
24 19 5 19 82217 1.0209526312770092
20 0 2 5 97376 0.9167975652857419
9 5 11 17 61812 1.0197314266065278
21 14 5 9 66638 1.0741973932002054
13 19 15 0 84995 1.0048350678404243
18 14 12 9 35140 1.0126558639005807
21 6 27 27 87591 1.0526917302563432
6 24 9 5 91974 1.0746729256631575
8 13 23 16 63703 0.9764387182936611
27 11 16 24 77096 1.0907358704168069
2 12 2 0 57686 1.090981190407607
1 4 20 21 113526 0.9843888997165362
17 25 26 9 75818 0.9761448999053277
15 20 21 14 38170 0.9771084298961439
2 29 27 18 113742 1.0527932737898311
20 22 17 9 47052 0.9965416472506906
10 19 6 9 57193 1.0097107260013691
11 4 7 26 107692 0.9056245574513775
23 2 7 27 144658 0.9178479628608699
24 18 16 29 60974 1.0610825190811664
26 22 14 18 65928 0.9370250699041841
0 28 27 22 100672 1.0584575404882042
9 14 25 14 55841 0.985976762617065
6 14 11 19 36612 0.9379748000428287
27 12 0 8 97177 0.9213606019311872
20 0 14 25 101666 0.9432634445902867
3 7 22 2 91973 1.0536586227128495
24 25 12 18 68467 1.0727014915795043
24 9 29 18 47432 1.0987745857039608
17 2 13 10 38142 1.0585364458079356
17 12 0 27 95173 1.0341358617680116
13 11 16 4 38930 0.9688818203479033
28 19 13 2 99820 1.0211800010956862
19 19 9 21 46538 1.0420724989427306
19 28 24 8 86078 0.9900437610547255
29 5 24 21 67794 1.0320004339698847
9 24 3 19 32365 1.0456730282297426
29 13 4 20 108367 1.0094951483392396
9 18 16 28 67785 1.0358244608541305
5 25 27 13 114231 1.0711002627631707
14 1 24 17 85701 1.060254297357793
7 23 29 14 110023 1.0232712012179244
11 21 23 6 89748 0.9059116212721395
13 8 20 12 34122 1.0814909955506926
14 17 0 14 57806 1.0788178548326628
29 18 11 1 115119 0.9286752275841023
19 1 1 26 131354 1.0379649432220146
15 14 14 24 51875 1.083875885584064
29 18 18 9 59556 0.9428989691682769
11 29 18 0 116144 1.0999477240440059
26 5 10 2 94954 0.9349792959953305
15 16 29 15 63883 0.9374446516655192
5 17 1 29 45362 0.9466451257129871
25 17 8 0 110415 1.0634697238862294
7 8 25 6 66391 0.9730366488002877
6 1 16 20 100118 1.0828600235596526
2 6 18 19 85523 0.9763256822702812
7 21 26 1 128841 1.0711159507481576
0 17 5 24 34251 1.0656486801604756
19 22 6 1 109964 0.9499048271912747
21 11 4 5 67789 1.0598545392662047
21 7 20 29 90071 1.0397339451230407
22 6 12 9 46323 0.905134059206417
15 5 19 21 61853 0.9483642373059086
11 18 21 17 47246 0.9725159583736553
13 25 16 18 40442 1.0113045744445441
21 22 29 5 87530 1.0811665178125494
10 10 21 21 71029 0.9349327381655155
26 27 17 12 68444 1.0133011174325675
28 26 4 2 138701 1.0772336611670075
27 29 18 16 68345 0.954624717235472
8 7 23 13 70929 0.9064244498409931
7 13 21 29 100186 0.9823861587980145
2 28 21 7 117346 0.9298551873901748
23 18 7 16 71603 1.0012534552651153
21 3 17 24 81568 0.9711711305931376
28 9 21 12 31849 1.0381717363671568
7 10 1 28 72547 0.9178296018614739
0 20 2 5 70258 1.0646328720113392
12 24 27 29 68953 0.9346541910519832
20 16 10 8 61461 1.010237890972488
29 12 15 1 79670 0.9478523747418373
27 2 28 20 67377 1.0148133472364622
5 7 22 1 92064 1.0406933746066982
16 22 5 13 72121 0.9559969304615755
29 16 14 28 90849 0.9432327258259784
26 19 3 2 117747 0.9032322420254597
15 19 1 28 79084 1.096361485231869
6 22 1 0 102608 1.0795210566473974
24 3 18 24 98451 1.0402696209194797
11 22 15 1 100133 0.9696100040583558
27 18 22 0 82892 0.9583316647900813
28 5 9 10 78834 0.9285156280894118
5 26 3 14 38534 1.0716377354318793
17 17 24 29 63751 1.0303277445298487
25 9 27 29 68765 1.085973882913824
6 17 17 11 54433 1.0326694957869176
6 22 24 23 78700 1.0925195256097238
11 20 17 24 34977 0.9895751092869525
4 7 8 14 41728 1.038639302902528
10 14 17 2 55392 0.9651318257062549
15 28 0 17 71374 1.0906873105707147
27 5 19 23 92885 0.9520694679307566
11 1 8 13 70196 1.0265303749608174
23 16 0 14 85330 0.9584461183934698
14 10 0 14 53507 1.0076929419803022
25 24 19 11 55077 1.0593709363368662
6 26 23 12 101139 1.0287958290610915
15 18 3 5 81504 0.9343818722648278
18 17 6 4 79493 1.0288339267102933
0 26 10 4 104818 1.0964254957532662
28 19 21 24 44075 0.9315579633585268
2 25 16 4 108685 1.0750078411683923
3 23 9 5 80506 1.041441119151939
16 10 0 20 84089 0.9489487497208192
17 19 0 0 117825 0.992983904067686
10 2 18 14 71416 0.9094774275485437
17 25 16 6 65882 0.9358733929782392
15 1 10 9 53370 0.9751716054232028
1 2 12 11 66492 1.095131272675942
24 9 9 2 77816 1.0880329414043257
2 11 6 20 47394 1.0482783459515936
12 4 18 11 47721 0.960780082922262
2 15 18 4 82556 1.0123727450616935
20 27 1 25 62945 1.0049141707320322
19 26 16 11 59421 1.014236609926613
12 18 11 29 56724 0.9198533744366176
16 29 5 22 64070 1.0942506663338458
13 26 5 19 58378 0.93063641698054
9 1 2 20 88586 0.985653235158777
27 0 0 16 133434 1.0596127868516787
5 1 7 21 88470 1.0306259367024062
8 24 15 4 102439 0.9433197185904424
6 11 24 15 67488 1.0410579693641657
7 10 21 0 83893 0.9250429062344802
20 13 3 16 64478 1.0599059522697378
9 5 14 23 88918 1.0237020304115176
16 8 25 9 29475 0.9428413395795061
11 1 20 12 69365 1.017101023171019
11 15 3 22 53191 0.9038838725965698
9 8 19 11 44531 1.0774057321738517
24 27 2 11 121396 1.065383953784733
2 0 14 21 115495 1.0882058667004328
18 4 22 15 44922 0.9348964064874096
1 1 22 16 110682 0.962436448685822
24 12 7 12 48495 0.9559146428032892
5 19 27 26 103254 0.9784690804290312
11 7 8 24 84337 0.905728804019111
0 13 21 5 99974 1.0615540125984693
6 29 19 15 87635 1.076686658854296
20 21 8 8 79418 1.0773356108893302
24 6 10 28 116267 1.0572199981119568
2 24 23 23 78902 1.0511007815442135
20 16 0 3 110240 0.9648749123776547
16 11 1 0 91714 1.0494309516344575
26 0 10 14 91816 1.006812477728781
25 9 13 4 52718 1.0262775769209802
2 29 2 1 96964 1.0609315257022272
6 1 6 25 95244 0.9153212591550631
25 25 22 12 44901 0.95696834084026
24 19 1 20 101972 1.0534266101854102
1 9 11 1 63329 1.0078790102155915
7 0 0 6 48469 0.9520371350959445
7 6 24 1 89666 1.0083952741774493
27 15 14 4 75909 1.0714419250691403
8 21 23 11 83191 1.039630639171191
22 16 29 12 31127 1.082974491025077
17 13 24 16 40581 0.9729013984435719
17 1 0 12 90258 0.9900568093624897
15 8 16 28 75471 1.046824797536018
12 16 16 28 62077 1.0980755543031158
17 14 9 4 61944 1.021723939252221
27 14 20 1 70916 0.9404125307806669
20 11 23 23 55548 1.0300095593581555
24 3 5 2 94433 1.092673246251745
22 8 1 7 79630 0.9444377205629821
4 9 25 17 85328 0.9609506286205305
7 25 19 23 54071 0.9745476211903709
28 12 0 28 127147 0.9613282712201437
26 8 13 12 47943 0.915663516229477
6 25 3 5 75681 0.9771969373935273
1 16 28 22 124412 0.9454797006112541
25 23 20 29 34794 1.0024156645473763
26 15 15 27 73211 1.042474090502112
2 5 12 4 50552 1.016671114773638
24 1 24 13 53336 0.9267477428740958
23 14 25 23 31927 0.9725451022387748
9 22 14 5 83190 0.9483337806933155
26 25 14 16 79896 1.0002427319031055
5 5 7 19 68973 1.0226333918768924
19 18 8 24 61983 0.9074690050651208
10 25 18 10 70794 0.988270892656587
24 26 6 27 68143 0.9960208312143911
7 17 25 9 80161 1.0703004579808666
6 13 21 14 53923 1.01359181000482
21 13 13 10 31123 0.92508316859233
8 19 3 7 64625 0.9620130272054221
5 26 14 8 93359 0.9648564801721271
20 22 14 16 45646 1.0873046196677871
28 27 10 4 121587 0.9571592357008507
25 16 14 16 55711 0.988660680187307
10 2 26 18 102399 0.9007585655808923
6 26 7 17 43055 1.0300270181386366
0 4 14 15 84254 0.9134513672191608
9 26 10 0 127705 1.0099108340081804
6 25 15 4 111811 1.099547564077628
12 29 12 14 75491 1.0354404790848446
2 19 26 5 114851 1.0502518084650732
0 23 7 17 41079 1.0640611487581075
16 2 29 22 103253 0.9908033395206209
4 7 8 27 80745 0.9180478267343327
8 3 2 14 57823 0.9101139115991502
16 13 14 28 65559 1.0044121323347173
2 10 8 26 68490 1.0282754177361364
1 2 14 2 56115 1.0963398871947287
0 20 24 25 100155 0.9758887014123057
25 21 11 23 69336 1.0380620887617735
4 4 16 5 59979 0.946993982366659
19 22 0 23 85149 1.0950031811062146
16 28 10 6 98335 1.0027326005488977
26 14 9 4 85957 1.0287485893286035
17 3 11 20 71436 1.0485721823094762
26 15 1 9 95104 1.0767389497426543
14 15 16 7 39296 0.9209614568695226
0 2 18 13 88950 1.0130430777655475
18 27 17 9 62917 1.0172635334829794
8 2 19 16 90054 1.0584814922129222
12 0 9 9 50893 0.9162964973834776
27 16 1 13 105212 0.983000410139367
12 7 1 28 97042 0.9788339601091766
11 7 29 24 109818 1.0816690974177436
29 24 0 25 106765 1.0661211618714803
29 14 0 15 99619 0.9819384288594064
7 23 9 15 45558 1.0419428479572717
2 22 17 24 61485 0.9192862407798279
10 28 25 23 60798 1.0191525706899012
5 28 10 2 103765 0.9150008271623712
14 3 8 15 63987 0.9859612453380061
18 28 17 10 60898 1.0649186448061558
28 29 27 18 44852 1.0809443649058728
11 11 5 1 54277 1.0846050308068687
24 10 1 10 84214 0.9868968575659042
13 9 8 15 36259 1.0584694008136
14 27 9 2 122660 0.973005928468811
18 22 14 28 36411 0.9932244398702983
29 28 7 28 73467 1.022470098283484
9 25 18 7 86646 1.0481050333280941
5 6 24 9 65622 1.031020863050723
14 1 3 8 68606 1.0541882746115223
9 22 26 16 90049 1.069020059323148
1 3 6 13 61871 0.9039823238489937
24 3 16 29 116099 1.0577538606675003
16 27 25 20 48932 1.0692171129227617
14 27 28 15 82774 1.0030331798175753
12 21 22 3 95049 0.9446913014129659
2 2 23 12 93919 0.9665722304630062
11 18 3 2 80587 0.9234704156715458
11 23 11 7 79774 0.9622060539821432
26 19 1 16 108395 1.0889456247846603
6 9 2 24 58302 1.048419587368754
5 14 28 13 76898 1.0925414559941493
4 2 16 20 100094 1.0373263421558894
26 1 10 29 141621 1.041293729517526
21 17 5 27 89161 0.9625954066650658
10 1 26 8 87473 1.0992679260919165
4 13 1 23 44197 1.0672355292789857
14 5 27 13 65402 1.0278478956673534
1 14 20 6 81114 0.9284289673440951
27 8 11 27 112281 1.010518789111724
4 25 21 4 124821 1.007277572655393
7 0 16 6 60960 0.9863161802771142
14 14 26 8 53678 1.0170046869395748
6 27 10 0 121239 0.9953566404128941
27 3 12 26 127524 0.9487853589294672
18 19 28 8 65059 0.9397192134752559
3 19 27 26 102005 1.0920952704724447
28 4 5 0 121190 0.9146010958161196
13 9 2 22 75263 1.0824839940035813
13 0 1 5 65990 0.9558570110913275
20 29 13 17 66116 0.9780840962474452
26 26 10 15 92153 1.0718652228580827
11 29 26 3 134636 0.9606127722704457
2 14 5 0 60405 0.9547780865468475
25 16 4 15 79663 1.0427190898702754
5 20 17 18 54789 1.011198453789199
20 10 8 6 55049 1.053238397005133
12 17 0 26 65800 0.9978944489740816
17 23 10 6 75389 0.9242796525149939
14 27 29 1 128254 1.0981746322422703
29 18 5 0 132439 1.002391752099127
9 13 21 12 38816 1.0617371230832522
23 12 0 4 101103 1.0869026093027763
17 26 1 10 104531 0.9948173901346548
0 27 27 18 118350 1.062607267920357
0 25 29 4 157862 1.0665749315243351
4 2 9 8 39949 1.0987612353884475
14 21 7 5 81457 0.9872273613489603
20 25 27 9 75956 1.05329486948365
28 23 13 25 57925 0.9972109444697222
18 19 16 9 33653 1.0340221434827264
6 9 13 6 31391 0.9350242687722463
4 22 15 9 82139 0.9523955379470753
4 9 28 8 80631 0.919821594929497
3 16 8 1 65218 0.9982063705828028
14 11 27 23 75070 0.9256666794997331
11 18 22 13 57850 0.9340505454525325
2 17 15 10 62067 1.0983774574474856
15 21 25 7 72859 0.9544759078738494
1 12 13 13 45155 1.0155643212544487
12 24 7 17 45384 1.0892594423484465
0 9 6 21 63541 1.0602523679081712
21 18 16 0 76861 0.9338748935767495
18 4 12 18 64830 0.9237893447435228
17 24 4 26 51768 1.0517122384339506
18 27 4 0 133753 1.0727925748087976
17 28 25 4 98941 1.0775595510325453
7 2 21 6 77145 0.9190391644925822
7 9 23 29 114411 0.9316059697297893
4 16 18 17 58459 0.9602659760239702
22 5 28 13 53014 1.0892198855625737
20 23 5 9 91211 0.9347147860764414
25 27 28 2 85892 0.9631270878459445
9 17 9 27 46914 1.079490842700026
16 9 15 20 43862 0.9124087667876182
26 22 1 25 98794 0.9341483668129644
29 25 9 28 73845 0.9906570076544396
11 19 22 19 46593 1.0364999425096422
28 16 0 1 132952 1.0596162175816668
14 14 3 29 75106 0.9139459366889927
24 8 7 22 103362 1.0254758589142092
19 15 24 23 50995 1.0127062192334557
26 1 17 10 55511 0.9726144317687292
22 11 13 19 53974 1.021940959628361
15 7 0 7 68757 1.0908474001329012
24 23 1 19 101681 0.9325459613558993
4 26 11 8 80107 0.9769461265113825
13 10 21 18 50797 0.9493311930180371
23 27 2 29 73501 1.01263925174982
0 25 12 24 45749 0.9859947114260655
11 9 25 7 50766 0.9807420355468891
22 10 2 7 77026 0.9265350311322667
19 10 11 17 52211 0.935834971699153
11 14 27 20 75173 0.9454726818471588
19 3 9 26 107850 0.9483908308725453
17 8 17 25 54189 0.9415014474284513
29 18 28 8 39946 0.9333289107996288
8 6 12 18 66378 0.947848907556925
17 27 1 13 93254 0.9014823826442058
12 18 26 23 68969 1.084159671237402
26 19 21 28 45541 1.0239136224230094
14 20 3 1 98916 0.9704756291437919
18 2 0 8 82878 1.0105636794129678
12 9 5 2 43419 1.0365878268747546
8 2 15 19 88757 1.0833228998204263
3 20 28 4 127434 1.0638464210308327
0 15 24 21 107273 1.0885791213048714
5 23 16 22 60173 1.0577843845067716
21 26 15 4 88951 1.07638148935918
14 5 5 8 46888 0.9012668959300666
27 5 10 13 79372 0.9245907428351059
11 2 24 17 96945 0.9052328845667107
23 14 12 11 42659 1.0485276481379644
28 19 2 9 109738 0.9396541096145707
15 5 7 28 113405 0.9257009834371634
23 16 2 25 106800 1.0431157557365407
24 22 10 18 72005 0.9352024481457328
3 0 23 14 101098 1.0994601990421204
6 7 13 11 34635 1.074175743294874
21 2 28 28 110651 0.991864646892189
28 9 14 23 94276 0.9377606023901506
15 4 26 26 94899 0.9180035271112067
25 21 4 15 94221 0.9695308528439653
18 23 3 19 74384 1.0433759028728096
7 28 24 0 151287 1.0545184199395685
6 21 3 2 78647 1.0870696355359926
23 28 18 19 51137 1.0734084570773634
28 23 26 11 51198 0.9269176594594795
29 3 25 23 79876 1.0124965011495608
25 24 14 10 75110 1.093882755385866
27 26 11 11 90320 1.0200411878762325
25 15 4 13 76473 0.9368135594095799
6 22 28 15 107035 0.9786461517435807
23 9 14 2 51067 0.990605338167317
19 15 9 9 52434 0.9978924797970812
11 16 20 29 80574 0.9844606676834948
4 23 13 18 54886 1.0781651958266343
10 15 21 5 69189 1.034267076779509
20 12 5 2 77163 0.9920443697701771
20 26 19 9 61955 0.9314095189866656
27 12 15 22 68225 0.9269008595304815
19 27 25 12 63172 1.0961828376639844
3 16 17 20 61407 0.9598356476630325
18 1 9 27 113105 1.0300482470592767
1 24 12 23 44106 1.015292319717536
13 9 25 8 39432 0.9443547199817446
29 2 3 16 123755 1.0422520703063087
3 26 13 15 66769 1.0115940346826104
7 20 28 16 100333 0.918712491111827
11 9 7 27 88685 0.9541310612139273
2 16 10 13 37122 0.9424783008366026
0 18 8 1 81894 1.0554756854964633
8 28 6 6 84426 1.0361406252300767
4 8 12 21 76065 0.9335244610524006
2 19 5 9 40641 1.0089054995664193
22 8 19 16 41498 1.0893789224569528
29 1 9 24 140844 1.0152387432789398
19 29 10 18 73128 0.9766499174112592
19 7 0 29 117608 1.0365957068588552
26 29 27 0 104615 1.0452024299126168
21 23 21 12 51474 0.9392022470714486
25 29 27 3 90855 1.0556968591257343
8 18 20 6 80803 0.9869564169643334
2 29 23 21 92044 0.9561312386839032
14 28 27 9 101687 0.9618565933782508
6 17 16 7 69546 1.0764135989883634
22 21 11 18 54225 0.9831810856803079
11 29 21 29 42482 0.9485010608690724
0 2 7 11 55575 1.0136531821728312
18 4 28 10 51255 0.9300263228204223
1 28 14 0 130900 1.0842962991646055
1 6 16 12 64439 1.078638861307211
5 0 3 25 89558 0.9359243275086133
27 17 2 6 107742 0.9209693054229359
25 26 24 16 33039 1.0284462236923475
2 17 25 0 120465 0.9414496590273702
13 14 22 2 68321 1.0152286107258672
10 24 28 2 132028 0.9071692536444723
22 3 5 14 90905 1.0340566783950937
10 0 15 5 49589 0.9952450589361256
7 21 5 7 66640 0.9282903975416255
26 3 12 0 84563 1.0442854989489971
29 9 13 4 66692 1.0063995622177355
5 1 21 2 80652 0.9641206128513498
10 4 22 14 71365 0.9108276397708837
7 10 20 23 84372 1.010450895180294
26 12 4 27 114106 0.9103529316611743
28 14 8 12 62384 0.9637869873939385
15 18 0 8 86879 1.0546854820310954
23 18 15 4 71211 1.0569798103983263
19 3 25 22 80916 0.9166199297954892
14 13 4 21 64914 0.9096757625906114
10 15 19 23 63005 0.9494529289624576
22 29 17 9 83513 1.0502366821219475
25 2 12 8 67414 1.072821820504628
4 16 7 4 53285 1.022510497689092
18 5 22 20 59785 1.0250552188492885
10 14 28 29 101213 1.019384150524091
13 10 9 29 93301 0.9768552421712644
16 20 9 15 46676 1.048483251444397
1 1 1 13 62513 1.075143828038804
15 23 9 13 69088 1.0675373688211265
11 22 15 11 60058 1.094779423782735
17 18 8 22 50035 1.030563422480793
14 9 4 2 51454 0.9556918844211486
22 20 26 12 40575 1.0138785831602644
21 0 1 24 138360 1.0827841384290269
1 16 10 7 67707 0.9774525064445971
14 23 3 11 81626 0.9350316142114411
19 8 11 22 72160 0.9303681419664785
5 18 19 1 101840 0.9636807001477137
10 8 7 24 82166 0.9219784198633798
25 7 6 25 119080 1.077692691501679
26 20 22 4 75602 1.0586307533281762
15 13 28 25 81191 0.9291604538336892
19 22 8 18 55956 0.9087186747254982
19 9 11 17 53476 0.9271232464582644
26 25 18 21 49429 1.0009041219198105
21 5 27 29 100127 1.0218917272170258
11 13 28 12 56495 0.9417892974484724
11 10 6 18 52781 1.0692351988962279
7 7 25 13 70594 1.0705828495980967
5 6 24 1 95299 1.0136020527732383
12 16 29 8 81467 0.961667608444945
20 28 2 29 58225 1.0619342543352572
23 15 6 9 69017 1.0263961435491258
14 9 8 13 34196 0.9265023277790653
19 11 17 26 52565 1.0567611239227683
6 3 20 13 76217 0.9606430423019755
27 7 7 25 126703 1.0295497136069847
26 25 26 3 84688 0.9312649619369623
18 7 29 16 62572 1.0878169507867528
25 21 17 7 58295 1.0233572393379065
23 26 11 10 92565 0.9508848474742809
24 13 0 9 90285 1.0845373218687704
12 24 28 27 62799 0.9307999085704971
25 26 26 7 65847 1.0789360404961557
20 23 12 6 80322 0.9620546159309384
25 19 13 6 71324 1.0211024722776334
5 28 24 17 97674 1.0234963361021048
7 23 3 9 65342 0.9546601227816685
16 15 24 24 63266 0.9351795122278495
6 15 7 6 40462 1.063844467651208
10 29 0 26 40513 0.9435776666651637
17 14 29 13 43784 1.0274444354987304
5 7 15 16 66389 1.0722237942509163
13 21 5 2 93143 0.9294529158743965
11 29 16 3 109090 1.019417442866871
16 27 12 10 75254 0.9867555114095241
18 18 5 5 77162 1.0894250908807437
5 1 9 16 71988 1.076107918919993
8 25 29 0 150496 0.9107271047253045
1 9 24 19 105318 1.0339155323367955
11 19 0 8 73959 1.002437786808799
13 0 18 28 113195 1.0333394222594399
26 21 18 8 61200 1.0222428669256494
26 20 7 18 88433 0.9229172294329688
9 24 26 28 75309 0.9329593230722852
18 12 12 3 52517 0.9246549387020427
22 21 4 5 104155 1.0895249907929012
17 21 21 8 49783 1.0646793302299848
16 0 3 8 83132 1.0341551218922134
0 14 22 17 86176 0.9682086068511917
6 22 16 14 67204 0.9753550672224688
25 25 23 0 91373 0.9552092552131323
6 27 15 20 61437 1.0817481740204151
17 5 27 24 82136 0.9506078707857373
2 22 3 5 64752 1.094079362539059
14 20 13 29 50533 1.034093409568375
10 25 14 3 102785 0.9382235674403103
12 9 2 3 48705 1.005889303996122
24 4 10 28 128605 0.9018973586653172
20 9 0 0 94818 1.0633260869898862
4 4 22 6 83801 0.9788818386894584
0 22 10 13 60658 1.0006572681214485
8 11 29 20 92393 1.048258860833627
18 12 29 19 53371 1.0820581631599304
24 14 0 26 114100 1.074272433917181
12 17 20 13 45044 0.9924130363337088
9 16 0 17 32622 0.9400895807831824
4 3 28 26 133527 1.0570171267571191
24 21 0 4 134566 1.0696200792605317
25 18 29 12 26205 1.096953592176064
27 2 5 3 110796 1.0835770591023501
11 3 8 14 58856 0.9394409251204121
21 22 8 7 94213 1.0961458879261294
12 1 18 14 65480 1.0450034636971548
2 19 25 21 103860 0.936841523192763
0 6 25 21 119537 1.0151370550100653
14 8 1 23 91712 0.9435440328252849
16 5 3 29 110635 0.9194762374975245
2 24 9 21 36764 1.0113399604658826
9 18 25 10 79467 0.9351662652632237
4 18 9 7 62103 1.025407036224187
13 12 27 15 51665 1.0147391973694528
17 12 21 0 54241 1.0931164404226752
11 19 27 9 84050 1.0535916488048136
16 1 24 17 76435 0.9156366855302177
24 6 10 18 86657 0.9932287024200287
28 13 16 24 72192 0.9065925997911578
20 21 9 22 53495 0.9592171187116739
1 3 8 0 41008 0.9851848885133474
17 1 9 12 55317 0.947933424603475
29 28 23 18 49205 0.9004600129033217
18 5 27 4 53741 0.9360941993407772
29 28 6 26 84985 1.0767297683287977
14 28 7 22 48312 0.9216643836423897
1 26 18 11 93059 1.0770804164030552
6 16 18 15 53348 1.0091045581085614
3 21 10 24 28102 1.049146708289521
11 6 2 9 40798 0.9925064617106416
7 29 20 1 134760 1.07879722640785
8 6 28 22 115320 1.049957086119866
18 28 24 12 71615 0.9509150580658694
26 27 19 18 53946 1.02378221648403
9 16 0 12 47613 1.078116513595575
14 28 7 14 81386 1.05758601042636
15 20 6 12 60187 1.0083063037568136
6 9 15 5 46105 0.9464841181571307
18 8 20 23 53147 0.9952053994007792
17 9 6 14 45573 0.9161442819869894
17 1 3 20 98994 0.9684486271413092
0 29 11 29 38702 0.9829824595467245
27 22 0 10 127038 1.0959875896997526
21 15 13 19 49810 1.0144298256373099
3 0 11 4 46184 0.9285877799229296
14 19 19 13 37582 1.0379090271002118
15 14 25 5 57886 1.0725725570566758
2 16 17 26 80808 0.9090396944822415
20 0 29 8 62196 1.008877387196596
27 11 6 22 111196 0.9639857957979439
26 20 11 0 116284 0.9441897369985144
14 25 26 6 99739 0.9868051676200017
14 16 2 3 82784 0.9191196734112045
10 26 23 5 113019 1.0477891823965653
13 4 4 10 48288 1.0392909901067833
25 13 2 11 81351 1.0151471500177074
2 19 11 25 48993 0.9419790858894181
9 2 2 10 52188 1.0273073606268532
23 5 7 13 76942 1.0623543551058736
7 9 21 2 71110 0.9192307682593742
29 28 22 17 54221 0.9776926764715598
25 25 10 21 74271 1.0845869506703052
7 29 12 5 111718 0.9838215890534973
17 14 29 19 56897 1.069980271997666
22 3 2 9 90335 1.001126964907143
24 5 23 27 79344 0.9651752640589342
8 26 18 24 45138 1.0137492374131956
26 16 11 21 76377 0.9724526715228162
21 29 10 22 67397 0.9167825657065691
8 29 6 12 72376 1.0800644014759724
3 1 28 11 109619 0.9205959530237342
12 29 11 11 91997 0.9690489720640519
4 1 4 15 53683 0.9080374728214494
4 2 22 29 146263 1.0027648384813883
27 18 16 3 74842 1.045848943868288
0 8 3 20 52357 1.0404951456312934
7 29 6 14 60353 1.0563388484408223
10 21 3 7 74098 0.9021982601582011
28 15 29 28 52462 1.001919121636956
3 7 19 7 65841 1.099634896867926
18 9 7 17 59919 0.9883477952512665
2 10 26 8 81584 1.017303508315204
27 16 0 17 111375 0.9522876359674819
10 14 27 11 64789 1.0804220128758475
24 11 5 24 103387 1.061021600147582
8 11 18 21 65644 0.996056945004454
7 4 16 13 55732 1.0680503994362747
22 22 6 10 91160 1.044769838757224
7 5 24 0 100770 1.0138856619829708
26 3 1 8 106603 1.0384458609473464
0 22 16 7 99723 0.9894070613992973
22 13 5 0 95391 1.0069727578395669
12 24 23 9 80980 0.99961276712831
14 24 24 3 105967 0.9711712895276542
28 10 21 19 54092 1.0016330970134348
15 19 23 8 56666 1.0146421097997504
7 9 17 13 42831 1.0161967275973087
25 16 15 9 46585 1.0645555733337266
15 13 5 18 52457 1.068483689177314
26 0 27 9 42077 0.935618980101246
24 3 21 20 81831 0.9817036940396355
29 27 7 27 77655 0.9220279829672066
7 5 25 0 95960 1.0250607615329728
8 2 18 18 84783 1.0136934426590167
17 25 18 9 52058 0.9709090951005271
7 22 25 20 85212 0.9350532754361087
15 8 9 19 62174 0.9265947728332669
7 5 27 10 83038 0.9040865140856671
11 28 16 16 67759 0.9254899285530079
8 10 22 25 93296 1.099177023530414
5 19 4 29 39314 0.9145583309399928
8 19 21 25 70416 0.9150211106248971
5 12 18 3 64857 0.9736551291050695
11 27 20 14 72126 0.9429109854935427
1 27 17 13 93179 1.0967047279147746
23 7 13 15 55867 1.0637725115592496
28 14 7 0 105925 1.008581993080284
19 24 3 15 87059 0.9136328197062862
14 29 16 17 58092 1.067943020017586
4 27 12 10 83504 1.0191549768100232
8 20 13 9 60598 0.9100603079131319
21 9 28 29 79465 1.002085600455539
11 10 27 25 96670 1.0993148373590103
8 0 12 20 97714 1.0588809619082797
8 4 23 9 70794 0.9410976380976346
26 19 17 2 73163 1.0219996247797354
5 21 11 7 76013 1.0586464683959833
2 28 21 19 83845 1.0943187322198658
10 14 8 1 62186 0.9179301693652286
26 4 6 26 137244 0.921672307219137
26 16 18 12 36671 0.9047161150949962
22 11 6 17 69597 1.0552450450374256
17 5 25 29 84610 0.9336385335175311
0 23 11 1 111595 1.0049573011250763
15 12 8 18 47678 1.092249292235143
3 10 9 27 72819 1.0431704075089434
28 6 20 18 67184 1.0818887187120072
3 15 23 10 75509 1.0486209210960973
21 25 4 8 109932 0.9256890413807878
4 29 9 9 80567 0.9443339275026928
28 14 27 27 48790 1.014899675833862
23 5 14 25 96671 1.0786899080798351
25 4 17 25 88358 1.0412585171389481
4 4 5 26 76783 0.9756086363545086
22 5 15 20 73517 0.9589696340102001
0 10 9 8 39931 0.905354367803746
23 12 3 20 85404 1.0358492982829604
11 10 15 20 54094 1.0019764916438425
26 16 0 20 114852 0.9548836818201539
26 3 6 5 96312 0.925586689036863
17 1 20 9 31930 1.099382685590114
0 13 5 2 60932 1.0263458453127121
2 12 4 23 41857 0.94909146677923
5 28 7 14 53465 0.9615681630836684
11 19 11 8 55524 1.0548112873334936
7 23 23 27 73835 0.9596371745672037
5 0 1 18 78337 0.9296668652504478
24 10 12 23 84829 1.0444829727362763
22 5 6 29 132538 1.0698162883761317
25 3 23 23 74369 0.9147194660306349
21 18 16 13 35135 0.9107371150846421
5 21 20 6 98559 0.9267661616001428
8 22 4 9 65400 0.9324990766725028
7 20 25 16 83188 1.0563020974641018
26 15 17 7 47532 1.0254726903614306
19 5 3 12 72203 0.9791552387092648
17 4 24 1 41980 1.07798613702571
11 18 22 26 69948 1.0613648646767373
18 29 7 27 42225 0.9395797772943615
3 20 18 1 102189 0.9496204455016737
14 13 2 8 57614 1.0829159514052973
2 10 20 23 101944 1.0870552707472885
23 22 17 27 36380 0.9711857103010479
1 4 19 22 117441 1.0732229862125229
22 24 12 21 55049 0.9217593331222531
11 17 2 12 44704 0.9148154040995334
17 3 25 10 42411 0.9101995074078765
13 29 28 24 65324 0.9361041992054278
2 8 28 14 97406 1.0407764761736173
28 1 2 5 117399 0.9238259651268338
6 22 4 4 76328 1.009254872387415
11 8 6 2 40524 0.9052354825838961
24 21 8 19 72603 1.0560594345915335
10 24 5 18 39364 1.0599782670713553
3 21 12 27 47993 0.955649009607038
11 24 24 12 80918 0.9030361976165848
23 20 0 5 123783 0.9321629096600564
17 24 13 6 69573 1.0410138101967978
23 12 26 21 36116 1.0556834243946436
11 16 15 10 39903 1.018177231683834
7 22 5 6 73627 0.9945049460302229
7 18 24 7 89811 1.0469393367722037
20 17 0 13 86657 1.054861065851122
4 19 26 3 123166 1.0676796587520017
25 7 13 23 90172 1.0332367814292858
7 17 18 10 56774 0.9638585860875952
26 29 26 10 67409 0.9304741248441435
3 9 20 6 65504 0.9404641760538303
24 15 16 3 58511 0.9624845998289567
23 23 29 2 90100 0.9710997068788836
28 17 5 21 104914 0.9695372908757441
19 21 29 8 75521 1.0190042730696975
17 23 19 4 64975 0.9518039787147552
5 11 23 18 82491 1.0746971496778719
28 0 1 8 118940 0.9946890886797365
10 11 13 2 44545 1.0311846171017351
22 22 26 14 43036 0.9914263181071722
9 13 21 22 70552 1.0476260329139457
11 1 26 29 134942 1.0433170170031132
20 0 21 25 98460 1.081036303302483
28 7 0 8 102396 1.048395679957315
28 0 1 20 143676 1.0832249224745227
21 28 29 21 51010 0.9446531669723598
23 16 10 25 78346 1.01161447012707
22 28 0 14 104169 0.9106323933472434
18 27 2 12 93676 0.9939832091743671
6 23 22 27 70433 1.0034799586397893
29 5 18 24 97544 0.9431858106971358
3 3 1 14 46750 0.99735252667616
9 29 21 6 117475 1.0480873978117686
21 29 1 13 107857 1.0865905048607374
13 9 23 8 33314 1.0915899360313777
29 2 23 21 85166 0.9160859550680664
13 15 0 6 72806 1.0780164556392395
2 22 29 6 134192 1.053354590430196
22 14 8 28 92144 0.9749361643103595
7 14 27 5 88489 1.0263822055277962
19 9 5 10 47014 0.9823989767483324
13 2 2 22 100264 1.0141882115315168
4 4 28 28 135342 1.0479059098977113
0 10 9 4 56740 1.0426803970685474
10 17 0 12 51199 1.0848999656413314
9 13 0 27 68868 1.0652427374995566
26 23 21 15 46019 0.9325770404177942
23 5 10 14 71521 1.0620200654584502
10 14 18 12 30979 1.085476180719446
22 22 0 9 113065 1.0330014264263432
12 16 3 12 45771 1.0440986964812407
28 7 19 13 52517 0.9425982867177611
17 13 12 5 43938 1.0320649289387607
11 18 8 9 49631 0.923861574314157
10 13 26 7 68639 1.09967451854706
27 10 5 3 96189 0.9752159779179936
14 4 4 15 69614 0.9424453065820532
1 21 5 0 85067 1.0015888319991282
0 5 11 5 51316 0.9589676686181557
