6652 5888 4817 5525 5313 6362 6453 6259 5636 5799 5600 5249 5222 5453 4947 4959 5548 4992 5252 6174 5033 4269 4685 4786 4937 3899 3524 3641 4589
2941 2360 2851 3140 2691 3479 1637 3336 1517 3328 2217 1589 2818 2484 3128 3134 2770 2302 1957 3289 2971 2218 1890 1627 2596 1990 2358 2533 3027
6676 6218 5285 6648 5944 6076 5518 6394 5550 5600 6753 6720 5427 6164 6224 6147 7314 7487 6087 6599 7405 6177 5997 5993 6951 5955 7109 7311 7657
6507 6530 6553 5344 6280 5339 5926 5813 5432 6785 6335 7092 5698 5666 6399 6593 6393 6729 5578 6420 5676 6962 5386 5566 4782 5216 4257 4783 4173
6049 4429 5855 4810 4525 6092 5460 4573 4672 5217 5378 5745 5264 4924 5683 5929 5043 5183 4982 4586 5597 4902 4933 4387 4812 5843 4534 5368 4811
2074 2247 3016 2919 3316 3266 2610 2753 1916 2152 1812 1865 2666 2429 1597 2887 2721 2915 2829 2064 1840 3241 3043 4318 4294 2811 3229 3891 4261
4808 6329 4787 5208 5593 4629 5840 6331 4591 5866 5234 6229 5907 6263 7515 7158 6567 7007 7384 7149 7590 6364 6222 6845 6794 7137 6335 7261 7838
5738 5161 5065 5180 5246 4537 4603 4484 5017 5530 4967 5444 4732 4836 3998 5463 4530 6451 6336 6587 5838 6156 6668 5903 6218 5081 5951 6058 6575
6480 6452 4827 5755 6209 5062 5359 8136 8233 6548 6970 6538 8122 6632 7001 7282 6904 7638 6537 7528 6860 7247 7081 7126 7886 8215 8228 7508 6527
4949 4504 4830 4772 4294 4219 4926 4780 4122 5588 5734 4834 4645 4628 5723 4526 4229 4955 5743 5269 5613 4606 2284 3039 3557 2880 3954 3898 3429
5766 6875 7339 7301 6615 6619 5746 6012 5760 7024 5609 6015 5727 5692 7450 6974 6537 6775 5986 6660 7027 7064 6080 5305 5627 4452 4899 5328 5337
4342 4757 4300 3242 4065 3566 3796 3713 3953 3526 4142 4907 4232 4833 4285 3794 4486 4181 4035 5060 3703 4901 5093 4914 5072 3448 4257 3231 4469
2022 2312 2008 2648 2193 2659 2382 2250 2956 2322 3328 2603 2410 1784 2643 3190 3461 2020 2321 3238 4119 4123 4879 3603 3722 3978 4601 4571 3117
4671 4634 4320 4208 3865 4032 4130 4230 4809 3296 3067 4311 3892 4423 4108 4173 4610 4220 3153 4477 3772 4195 3194 4212 5792 7566 6041 7267 7503
8283 8242 7826 8331 7125 7960 8023 7247 8113 8114 6593 6940 6545 7840 8008 7281 7398 7726 7696 6971 6937 7826 8380 7625 7255 8480 7431 7985 7273
4327 3198 3477 3919 4713 3348 3183 4056 3794 3971 4447 3584 3125 6047 6243 5459 5207 5856 5594 5302 5092 6403 6233 5428 6713 5754 6054 6125 6719
6953 7343 6487 6005 6790 6367 7598 7425 6974 7590 7301 7303 6048 6534 7408 7062 7145 3611 3094 2889 3106 3195 2348 2442 2614 3157 3185 2586 1964
4040 4246 3096 3599 3134 4621 5112 5109 5796 5915 6367 6339 4827 5222 5329 6179 5467 5471 4800 6373 5731 5704 5982 4575 4558 6230 5823 5431 4573
7974 8020 8221 7813 7326 7335 6926 6465 7529 7003 6939 5485 6682 5472 6194 6288 6147 7014 5727 5613 5940 5559 6303 6838 6366 6148 6303 6534 5345
6803 7829 6942 8004 7903 7662 8015 7938 6596 7406 6677 8065 7670 7033 8191 8012 7255 8122 7194 8105 7456 7885 7292 8536 7066 8565 6983 8245 7235
4342 4236 3863 3903 3969 4086 4342 4445 4379 4214 4175 1732 2078 1860 2291 1689 1237 2360 1828 2441 2716 2950 2986 1674 1985 1658 2160 1689 1985
5542 6936 6187 5931 5793 5434 2372 2630 2587 3211 2988 2790 1814 1975 2947 1940 1998 2042 1992 1892 1858 2505 2069 3124 2606 2934 2989 2137 2158
6674 5232 6425 5904 6691 5355 5636 5984 6690 5586 5566 6249 3055 3424 3029 4413 3888 4668 4512 3805 4265 3583 3414 3176 3939 3297 4273 4222 4489
1916 1963 2683 3176 2372 2324 2493 1706 2169 2296 2194 3069 3262 1844 2942 2572 2623 1914 2255 1627 3431 2293 2769 3285 1724 3438 2496 2075 7502
7969 7808 7205 8226 7486 7278 7319 8700 7394 8271 7982 7121 7605 8169 8720 7633 7074 7251 7597 7073 5267 6743 6437 5464 5551 5285 6425 5458 5460
5005 4333 4709 5144 5501 5285 4974 5893 4319 5029 5767 4905 4843 6040 5279 4940 5582 4342 4712 5440 4977 5601 4614 4462 4786 7430 6800 6830 6754
5602 6602 6105 5911 7099 6534 6631 5980 6724 5916 6814 6282 6589 7196 7268 6867 6715 5559 6311 5741 5778 6369 6422 6151 5418 6148 6526 6347 5404
1076 1735 1032 1913 2734 1734 1206 2478 2321 2340 5917 5905 7197 7626 6265 7667 6605 6520 6001 7383 6448 6773 7541 6120 6853 5818 7339 6741 7189
2803 3068 2481 1642 1658 2805 2615 2837 2573 1494 3065 2131 1611 1977 2967 2533 2499 2116 3075 1486 1481 2741 5574 4868 4959 4718 4341 5277 5221
7162 6586 5899 7126 5903 6799 7217 5875 7236 5978 7275 6790 6464 6715 5900 5739 6566 6234 7174 6884 5989 6979 6807 7115 7311 6306 6468 6245 7291
4552 7383 3146 5803 4919 7992 6465 8070 2412 4256 7238 5221 5085 7575 3919 1116 6931 2663 6533 3561 2851 1690 6344 7634 7174 7005 3627 6594 4750 5783
4971 7395 2531 6342 5250 6445 5782 7436 3238 3645 8072 5418 6023 7250 6750 2198 7487 2646 6919 3904 3490 3004 6344 8517 6947 7242 3259 7126 4924 6480
4059 7509 2502 6478 4950 4141 5306 8040 2637 4218 7192 5308 5408 6587 7194 1538 7159 2667 6351 5135 2189 1856 6142 7449 7244 7953 4208 4934 4832 6103
4254 3725 2594 5860 5090 3238 6065 8131 3297 3507 8260 5714 6372 6987 7166 1358 7547 3323 7814 3909 3992 3188 5024 7410 8254 3315 2846 4859 5448 5807
3773 4155 2836 2993 4855 4872 5984 6998 2189 4929 8206 5914 5411 7690 5591 2514 7680 3035 6432 4637 3157 3163 6048 7518 7608 3198 3501 6414 5153 5729
4180 5066 2760 2406 4804 4976 6388 6389 3272 4516 8091 5802 5041 7181 6714 1328 7546 3210 6846 5030 3838 2680 4687 7039 8121 2122 3469 5720 5803 5585
2833 4851 2908 2176 5211 4715 6518 6435 2665 3375 8149 5496 6396 7772 5827 1767 7487 2978 7634 4706 3209 6257 5206 7724 7328 3053 3693 6143 4633 7026
3776 4687 1546 3522 5203 3689 5955 7917 3416 4182 8838 6412 6484 5055 5488 2389 7254 3893 7363 4265 2180 5600 4623 7518 7195 3266 3096 5280 5173 5328
2829 4183 3014 3736 5459 3374 6456 6969 2668 3324 7596 5402 6408 4816 6641 2419 8584 2213 7344 4477 3808 5771 4735 7649 8029 2929 2959 5394 5470 5582
2798 3711 1499 2765 5151 4126 6224 6829 1789 4130 7025 6081 5129 4160 6879 1910 7889 2144 7158 3491 2917 6548 5671 7237 8185 1752 4035 4619 6033 6105
4147 3350 1769 3074 4835 3799 6677 6702 3186 4066 7070 5733 6325 4146 7079 1731 8483 2310 7080 4988 3898 5357 2479 7098 8001 1855 2982 5677 5864 6034
2564 4641 7305 2829 6177 3931 5535 6954 1997 4961 7710 5357 5886 4618 5923 2560 7892 3093 6171 4746 3783 5793 3402 7318 7585 2290 4064 5540 6153 5942
3082 4729 8100 2218 5583 3310 5874 6820 3174 4042 8261 6728 6261 4069 7168 1756 7528 2327 7554 3417 3589 5302 2096 8561 7997 2821 3381 5348 5559 6405
2751 4771 7912 2799 5504 4516 5192 6802 2322 4362 8238 6029 5346 5417 5982 1498 8418 3532 6629 4373 2444 5129 2507 5304 8059 2676 3659 5789 5971 6242
3559 4049 7118 2854 5658 4129 5759 6446 3183 3801 7727 5114 4347 4439 5369 2289 7361 8057 6962 4623 3713 6513 2768 5174 6570 2658 4071 5926 4979 5749
3869 4287 8097 2575 6661 4793 5900 6850 3321 6719 7063 5218 3654 4320 6625 1261 7090 7163 6986 4641 4099 5091 2946 4294 6890 2400 3253 5021 4746 6913
3525 4747 8775 2372 5891 3933 2239 7478 3262 7281 7735 6211 4541 4735 5559 2662 8369 7054 6868 4654 4805 6772 2568 4898 7019 2799 3831 4934 4708 6179
3269 3742 8880 3108 5289 4445 2881 7258 2301 6509 7606 7135 4359 5368 6524 2204 8739 7427 6521 3626 3379 6479 3549 4339 7750 2114 3634 5519 5128 5691
2580 4124 7746 2811 6568 3653 3027 8136 3440 7924 7961 6691 4915 5443 6711 2843 8193 8166 6897 4848 5072 5875 2775 5323 7642 1849 4633 6030 5213 6342
2721 3967 7867 3101 5047 3792 3729 7077 3324 8029 8462 6456 5127 5075 5520 2709 7617 7264 6196 3865 3697 5491 1856 3937 7688 2448 4303 5441 5248 6043
3449 4643 8732 2223 5090 3216 2562 7742 2561 8254 8615 7265 4370 5248 5542 1614 7278 7466 7645 3939 3640 6613 2783 4802 7081 2724 4662 4832 4172 5844
2481 3369 7211 2730 6041 3695 2363 6303 2532 8274 7174 7405 3717 5092 5709 1373 8864 7033 7709 4151 4337 6030 2723 4655 6603 3218 7949 6007 4994 6236
2858 5007 8051 3776 5511 4676 3232 6567 2028 7948 8794 6304 5379 5448 6548 4764 8449 7497 6812 4149 4800 6444 2820 4904 6995 2457 6511 5418 5236 5602
2576 4605 8682 3049 5783 4474 2214 3369 2843 6768 6991 6362 3981 5403 6609 4723 7564 8211 7011 4058 4862 6704 3063 4620 7338 2137 7814 5709 5577 5656
2675 5079 8321 1999 5414 3246 3297 3537 3272 7324 8715 6139 4683 3904 7170 4648 7829 7675 7854 2929 4367 5714 1956 5104 4250 3169 7632 5388 4304 7329
3323 5012 7918 2826 6101 3938 2103 3615 1703 7090 7773 7360 4556 3845 6996 4507 7716 6889 7566 3052 3890 5754 3572 5427 3695 2607 6570 4701 4422 6229
2441 4039 8071 2131 6308 3949 3449 4424 3030 6750 8537 7446 4918 4189 6004 4533 8511 6609 6371 3230 4233 5868 2187 5462 4465 1791 7365 5523 4909 5861
3274 5155 8236 2892 5793 4506 3701 3092 2026 7754 8041 6727 3864 4326 5347 4794 7493 7189 6305 2054 3611 6717 3289 5758 4130 2718 7461 6295 4193 6275
4166 3960 7729 2784 5914 4945 3243 2693 3171 7951 2837 6984 4769 4089 7144 4007 8473 8173 5214 3448 4677 5998 2866 4412 4714 2141 6523 5246 5551 7049
19 1 15 28 96264 1.0506941237309413
11 23 16 15 37771 0.9288592551195402
25 2 10 12 75876 1.033130304057192
4 5 18 25 85427 0.9673098457826055
27 12 11 8 59446 0.9062509867214472
0 4 3 26 67354 0.913762888928079
4 26 11 16 51802 0.9504144499683608
20 0 1 29 118250 1.0248884969332615
13 5 26 20 77730 0.9463340268872529
4 10 18 16 50637 1.026062264076989
10 4 1 23 77404 1.057808373395335
26 3 22 12 35052 1.0488865387886592
2 1 26 6 80828 0.9282412219480158
27 19 7 0 100240 1.099142881597108
5 8 15 1 45671 0.9685423134272322
15 18 24 9 58327 0.9018809474084141
20 28 23 20 26202 0.9329108078597047
21 4 14 15 50123 0.9146384098757411
22 1 28 28 90751 0.9771252616764687
11 3 12 13 28580 0.9681311337857231
8 1 26 5 66857 0.9032682581430119
20 1 28 6 35830 0.9002762221717447
1 21 15 15 43678 1.0828747873834579
1 12 27 0 95209 0.9314323795945115
24 4 26 20 56564 0.9896235931584079
26 24 12 25 41495 1.0901367393268202
18 24 3 15 67727 1.0007151593495103
20 28 1 6 88361 1.047133910083434
20 6 2 13 76614 1.072276933428294
29 2 6 20 105554 1.0252528745910146
11 20 4 6 57901 1.042111438567408
21 20 10 27 47052 1.0435433292342318
15 28 5 9 80492 1.031288201675765
26 3 29 19 43711 1.0189438065645757
29 29 8 20 95996 0.971001196586993
12 12 28 28 79979 0.9397000229725844
7 29 23 12 88398 1.0837210197239757
15 7 16 17 50735 0.9018114604455084
9 5 22 5 51338 0.9792530320687327
17 15 21 2 55614 0.9060818355946981
8 7 17 16 51467 0.9494238501522323
5 5 10 15 32879 1.0705233648335484
28 3 17 19 67744 1.0481943327005196
28 2 28 19 40079 0.9493178511907201
29 19 4 3 99506 1.088435642499376
11 18 18 26 48315 1.0510575037844123
17 20 18 5 60724 0.969711585761799
2 1 28 21 113198 1.0310409739375577
5 18 11 7 43669 0.9423182146268277
15 14 4 3 58184 1.0509358172322698
15 0 2 24 96729 0.936676608685165
21 18 6 8 56629 0.9873844390996482
21 18 4 28 69791 1.0117428960790311
23 25 13 17 53051 0.9088885827468567
1 8 22 23 77993 1.0869124624516022
2 19 18 11 70467 0.9108422927797454
3 16 23 16 52114 0.942096230891241
22 24 14 13 53562 0.9697892850037494
10 16 28 4 75403 0.984319676867804
26 19 0 2 103449 1.0070202661279677
6 21 28 25 75429 1.025933023722897
11 6 5 17 44550 1.0663574706187526
15 5 21 9 31275 0.931404820087424
5 14 29 15 67886 1.0264793899793632
26 1 24 22 61650 0.9957878682653746
27 29 9 21 81124 0.9645799199608206
0 2 15 25 100543 1.05714789530379
7 24 14 3 88181 1.0818474254779218
27 17 19 10 61032 1.0784096076716294
22 9 17 23 54996 0.995940669859068
5 12 13 21 42387 0.9846076640653532
15 0 0 28 104009 1.0321493441314287
2 7 13 5 44111 1.0678999590699916
1 12 20 1 81074 1.0134385715025889
2 6 26 9 85018 1.0332085447647295
7 5 17 8 41472 1.048332805707798
10 25 21 9 63115 0.9786070841827025
7 26 28 11 88252 0.967938451261845
11 7 1 9 33587 1.0499776545965687
1 4 7 9 32311 1.0864969095304684
10 8 9 29 77963 1.0647195669548388
9 17 18 13 37534 1.097576448182172
6 24 13 0 87685 0.9627934832935914
2 16 9 24 52724 1.030907655112796
0 21 22 5 89693 1.0350955926334122
7 20 18 10 72443 0.9213678120782974
22 8 29 1 34823 0.9336040869366665
17 11 23 20 45711 1.0133530718595973
18 25 24 8 53492 1.0738455669726281
12 16 5 7 34484 1.015199259790897
10 3 15 14 47867 1.0512004238269101
12 7 19 0 38859 0.9966087718347509
6 28 14 1 103988 1.0384729222974949
28 27 1 28 88428 0.9123890781708882
10 0 29 23 105577 1.0972932783627602
25 20 24 6 44409 0.9190777402897637
13 20 9 11 43850 1.0446751154329048
13 12 22 3 56393 1.0331768673312485
27 28 29 16 55801 0.9062385067049264
11 9 1 8 32310 0.9849296848228483
1 15 11 16 22946 1.0431055722438645
11 16 12 0 42874 1.0062038458073699
23 3 8 19 82473 0.9018801681424283
14 29 22 17 59514 1.0982205704032473
0 12 15 28 89094 0.967338525482583
26 1 19 18 63687 0.9134692899582181
16 23 27 11 66833 1.0144076544649294
18 1 18 19 71465 1.077973138785577
14 15 19 26 41795 1.0090204235305134
26 5 26 20 46764 0.9527477809617179
29 28 25 12 71112 0.9331576800351442
11 20 13 4 50525 0.9929313527433262
6 12 14 21 52557 1.0065661397504722
17 11 26 14 55866 0.9389554834608411
12 14 24 12 39645 1.0391607029450411
10 20 4 16 31838 0.948465500885826
22 14 19 4 41740 1.0561892812048561
6 0 20 7 63427 1.0696031644594028
9 21 27 27 70408 1.0674175104059827
10 13 0 2 67383 1.0829745841832887
23 19 0 24 85381 0.9549203462372249
12 9 2 0 52120 0.9533442566684892
15 27 23 20 41268 0.9004766569777346
24 2 14 7 53688 0.9607726251212952
25 22 7 9 78141 0.9741207948905053
6 26 24 29 65735 1.0308533016981103
22 17 19 29 40285 1.0515944502856513
12 29 11 5 80211 1.0514983283305797
8 19 29 18 86022 1.060556547550481
29 11 6 15 74928 1.0915859690117065
21 2 18 25 74021 1.09420921351681
26 11 11 15 55083 0.9898292200008931
7 19 11 2 66901 0.9037765251136468
25 17 5 19 70322 1.0931999333053093
19 2 8 0 44359 1.0779836295674625
28 9 11 16 63509 1.061818538825219
5 8 28 12 72578 1.0632712601739076
18 11 28 26 67410 1.012296885911975
10 27 29 28 73969 1.0583939480806788
23 26 1 12 79964 0.9454842019793511
11 14 20 24 43948 0.963586047455147
13 16 2 18 42153 0.9040978668378058
22 12 13 25 50877 1.0715436210557217
17 15 7 4 58968 1.0718106450986145
9 1 26 2 59447 0.9186006128102696
0 3 24 21 104972 0.9797766883662073
21 29 22 0 76607 0.9439961790329651
11 26 28 20 58763 1.0947698783490702
12 22 27 16 64349 1.0334071200241355
15 18 29 1 85482 0.9523159361930486
9 16 26 15 49578 0.9202492214236775
26 26 3 17 86515 1.0875407037661293
11 1 4 26 87034 1.0945706570554372
3 3 29 27 125369 0.9647939972996808
0 28 25 20 93222 1.0736990856000848
0 22 4 5 57928 1.031738456853414
7 7 25 9 59422 1.046977533055096
7 0 21 21 83192 0.9628782544594308
5 21 27 27 83188 0.9909946441563828
7 5 1 21 56788 1.094961646648631
24 20 13 4 73338 0.98199440569253
28 20 20 9 50274 0.9704795035488646
6 7 26 26 98128 0.9858669600926394
7 20 18 19 41600 0.9331682631844
13 2 12 15 36716 0.9060298476641586
17 25 23 13 40814 1.085610236538733
3 20 20 22 60070 1.0002325910433743
29 21 24 14 43203 0.9879220811974083
3 19 25 10 86359 1.002263528650854
24 1 27 15 49600 0.9831659477460831
13 20 25 12 59504 0.9803027919702072
15 28 11 7 77623 0.963650033618219
25 11 9 17 60788 1.0298014456093982
22 23 1 16 64046 1.0191369250136089
4 4 28 7 79533 0.9794275341075784
18 2 13 12 53749 0.9575628489309866
20 26 26 4 73290 1.0752334129112053
29 5 9 4 65149 1.0949384386024317
8 20 25 3 87463 1.0689346806546656
12 22 21 13 42822 0.965357499311637
10 5 25 0 54951 1.01438061233696
1 26 0 2 64105 1.0396328538362751
15 5 24 27 86191 0.9385507974674565
22 28 6 20 68631 0.9452562846174006
9 15 23 12 39222 0.9433063933535893
6 8 19 10 50726 1.0102311702031779
19 23 29 19 38472 1.0223029456433113
14 25 25 18 48289 1.0926283307677793
20 11 22 0 41380 0.9262642325880351
4 13 12 28 72285 1.0860041281305384
13 6 15 28 82419 0.9111082713458807
12 9 5 18 37717 1.0939603355048924
4 2 6 24 69132 0.9737934670897356
4 4 26 7 79468 0.9602035447140428
14 0 6 24 90436 1.047085584905274
10 8 3 3 37527 1.036527770169822
27 2 1 22 104006 1.0413498205275984
15 9 4 17 50042 1.025353005025857
29 17 22 11 51135 1.059966075945487
29 21 2 10 100645 1.088109940445827
17 17 25 4 63632 1.0481022291246365
22 15 0 19 55645 0.96145475108913
20 18 18 2 58867 0.9116185474429466
16 25 18 9 63379 0.9978488812852564
0 25 23 4 104074 1.0468165068655173
19 15 15 4 54386 0.9777858136129538
9 25 21 10 61656 1.021288435072166
26 4 6 17 89910 0.9862491524646829
12 4 20 21 57023 1.0009873136259777
7 25 3 16 42470 0.967820294306593
8 20 11 8 48679 0.9421757063390573
13 20 14 5 50982 1.0460771782576295
13 22 28 0 86706 0.9838998318418036
29 22 13 11 70517 1.007408781036372
1 7 28 22 94802 0.9303880769284624
8 6 29 1 77587 1.0910514896861008
27 3 29 22 46706 1.0893327552111425
13 14 6 20 37222 1.08468510677287
10 22 29 29 80239 0.9775791906848312
25 16 9 7 69082 0.9521471473162699
9 9 21 24 66503 0.96788287894126
6 23 21 29 60386 0.9746966209256446
6 18 24 2 93506 1.0558630372433548
0 16 22 24 70163 0.9168586014963936
16 5 14 26 87238 0.9615116352551873
17 8 10 0 40447 1.0495146093146135
3 5 6 26 67608 1.0535935793957012
27 21 4 17 78904 1.0980257642043751
7 24 19 15 62650 0.9998874101531853
8 10 22 1 71047 0.9706297417538374
12 23 4 6 67239 0.9971114107147727
17 17 17 29 47424 0.9205360527660947
28 12 1 9 85456 0.9081554005247127
8 26 23 11 72235 0.9643900605951832
29 25 8 20 71531 1.035924550079173
3 3 10 7 43539 1.0711161557925393
7 17 23 2 76766 1.0238100411482036
7 9 25 18 80552 0.9181137845058736
11 21 27 18 64315 0.9584857090725157
20 23 15 6 61823 1.0798264002314217
12 27 21 16 50059 0.9665350312167507
20 22 9 20 39886 0.9517678603247339
24 29 27 9 74484 1.0840416142778178
4 29 29 20 94864 0.9549744416834371
19 16 28 7 49503 0.9238582502620966
1 11 26 21 85297 1.026892523442353
4 3 21 11 71307 0.9965712597481138
2 18 9 27 56442 0.9581439739809354
9 22 11 5 63292 0.9339355438408365
14 3 0 20 73210 0.9063039061562757
17 11 11 16 37537 0.9019742240169423
21 20 2 20 65558 0.9554468892074353
16 27 5 3 89940 0.911961271054949
17 29 21 16 47283 1.098926931072681
11 8 17 18 46626 0.9607089275527587
9 26 2 4 85484 0.9113960516466847
1 4 17 7 61868 0.9523830197176486
12 25 0 2 92388 1.0979568083647617
15 28 24 14 62052 1.0942746302785054
22 3 14 19 73704 1.0414810768587008
5 1 12 7 32754 1.087965081392932
21 10 13 19 45750 0.9242007832846795
8 1 2 24 82696 0.9979252964053075
23 23 6 26 51698 1.0538909384165995
26 6 17 15 44055 1.0772881452255458
27 17 2 21 95223 1.0838173485363962
16 22 10 0 76020 0.9429533070722423
22 3 20 12 36353 1.0973890789967033
12 26 18 18 45134 0.9411049815386083
12 5 14 24 65370 1.0692622169029482
22 28 11 5 83029 1.0913305093515167
27 24 26 4 62807 1.0267643826834885
12 5 23 1 40054 1.0392179095785852
22 20 29 13 41006 1.0227294033670362
4 12 13 1 53330 0.9267023729705531
3 15 19 12 46554 0.9741994387883943
3 3 12 11 50099 0.9705080091853147
5 22 17 28 53113 0.9378556251012607
1 1 27 15 101671 1.0953173683169273
19 3 11 17 58659 0.9054278385607252
7 22 29 9 100865 0.9086891232313723
22 16 14 26 48957 0.9003171176276779
8 19 8 9 49947 1.0524518852062146
5 18 7 26 31602 1.0008211460657357
24 2 2 24 114850 0.9637120626231281
0 3 19 11 90518 0.9584010445535938
15 11 6 9 41203 0.9831921362080334
15 25 22 11 51792 0.9170175217605842
28 1 16 29 95289 1.0087959994435647
29 7 13 20 77931 0.9262385717289976
16 9 1 7 52664 1.0786562819854897
7 19 24 15 62655 0.9663450561468809
12 9 3 19 49092 1.076300561329079
14 9 23 20 59131 1.0715547431259875
0 6 12 26 87524 1.0610925835477392
15 17 25 14 44746 1.0809743061012986
12 13 2 8 40735 0.9687794756166358
5 6 17 9 45414 1.0782473701391022
19 8 19 27 55178 1.0358501979502412
17 29 13 11 73432 0.9761134903605071
27 23 26 10 55090 0.9784255056238782
29 29 23 3 93368 1.0178880903699985
18 17 11 14 30950 0.9733497900779063
3 9 17 1 61637 1.0326556181281314
19 2 8 24 103233 0.9086668418996842
10 4 8 17 54579 1.0706624458829697
12 10 16 2 34343 1.059571575642907
6 24 2 10 61895 1.0208703417085558
0 25 17 12 78315 1.0126299892783857
17 10 5 20 65070 0.9746534740053303
24 21 11 14 52938 1.083230486717355
10 27 2 3 97257 0.9422346715588762
21 26 4 22 60020 1.0136072207281812
6 11 24 0 82512 1.0293138689005308
21 26 4 7 79099 0.9889710249000965
18 16 20 27 37524 1.0262911055440804
23 18 5 27 67649 0.9521419143698678
5 27 13 22 37607 1.0590096116823693
27 8 22 27 63144 1.0887084622699683
15 8 28 21 64651 1.0972288666500536
0 15 2 26 31119 0.9855581865650005
29 20 6 19 86309 0.9119225268127603
4 8 11 28 72691 1.0903956350444983
7 14 21 8 52155 0.9125257114042856
20 7 29 17 53463 0.9705227771786126
14 28 23 24 37986 1.0990501561658645
4 15 11 27 55348 1.0726805072357202
14 11 11 0 40428 0.964207707458996
26 16 12 13 50145 0.9777108010683082
1 8 13 22 63361 1.0698525720898178
27 10 16 19 64102 1.0430054461336093
9 0 3 21 71863 0.9529641895179033
3 9 10 15 30770 1.057990771781035
8 18 5 3 52628 1.037320460566039
26 27 21 21 36413 0.9583821806704004
17 4 6 2 34282 0.9264087970063523
22 10 3 25 86713 1.0989219877361187
23 17 1 11 61899 0.9703533734351388
13 10 1 23 61478 0.9213439892887042
16 20 2 8 64739 0.9423253668603473
25 11 12 7 52858 0.9526219476929
6 15 25 6 64194 1.096952527062511
4 25 23 0 105215 0.9193976524752546
10 5 11 15 35627 1.0778743828573254
22 23 2 3 97936 1.0746792262511906
5 14 15 5 51079 1.04398140036236
29 22 9 6 90263 0.9637704872312931
6 28 28 22 80277 0.9658903939021428
3 6 26 21 99332 0.971623532545694
15 8 6 11 39354 0.961864492011421
17 23 13 7 65485 0.9957032049196846
24 15 4 2 78953 0.9718193094543494
16 24 12 15 37579 1.0951975992718763
8 19 25 0 94286 0.9124076769928378
17 23 28 6 72102 1.06659563211515
11 16 3 24 54635 0.961513366395422
12 28 0 27 54193 1.088252161291735
26 29 9 18 91369 1.050292946167262
21 15 16 6 37752 1.0738706885486766
12 23 3 6 73117 1.0293581370529192
12 5 19 28 75180 1.0876772458089594
22 17 8 10 66629 0.9522794393974117
29 17 6 2 99551 1.057159066954567
11 23 20 19 37667 1.078261599702852
25 2 0 13 96764 1.0857279039520964
25 21 8 23 61496 0.9431593284350832
19 14 21 0 53936 0.9378966881625357
29 28 14 1 120069 0.9685986648398236
15 22 29 1 86196 1.0140936011273434
16 26 10 2 82426 1.012829671046426
15 21 25 6 68451 0.923922151852142
4 16 7 3 42326 1.076114033735573
19 16 5 14 38226 1.0244177187412193
5 5 13 22 61738 1.088993850248287
29 2 23 14 47322 0.929263128839993
0 5 19 0 74237 0.9344025575427358
16 16 16 5 54914 0.918196085267097
29 6 27 24 55016 0.9731790268720133
4 4 17 19 76724 1.0477773099103875
3 13 23 14 57956 0.9097968204737795
28 13 16 27 65465 0.9376339459945195
7 24 0 4 81712 0.982211702988357
15 15 0 26 57626 0.9669001225049869
0 24 22 25 71359 1.0938172864608684
1 14 7 25 46063 1.046988485693433
29 22 17 23 39421 0.9083461857168035
2 27 18 11 92628 0.9330124573329517
14 7 13 23 58551 0.919831561781625
2 24 15 7 81598 0.9888156744692721
27 27 8 13 90613 1.0239773068570706
28 9 14 24 79737 0.9937660430180968
18 26 22 20 28573 0.9667949285766224
3 2 8 8 32663 1.0526670350522669
24 20 18 12 39875 0.9834375106881228
8 29 12 21 41967 1.0764563780776573
27 0 11 20 84477 0.9843727653072788
14 5 11 15 35723 1.0651736645120495
8 22 21 25 42001 0.9443215040549097
12 2 8 16 48088 0.9232445267903353
12 12 17 18 33420 0.973857076424973
12 4 29 9 64213 0.937630708392768
7 11 4 21 38274 1.0292049812775863
13 0 18 20 75148 1.0565508904938288
20 3 28 26 80209 1.056823852989474
13 15 24 20 39070 0.9674166996333178
2 25 16 22 49692 1.0271630322208791
2 20 4 12 34857 1.0869750237460714
21 16 13 28 55549 0.9076342255892672
16 6 10 24 79602 0.9041968845249747
6 9 18 18 62260 1.0088640586574726
24 3 18 22 59458 0.9086114530604615
6 27 28 8 103851 0.9678246498527137
1 21 19 11 69774 0.9451957416193677
19 12 27 19 41740 1.0582359721793868
26 11 8 9 72386 1.048876620894072
25 12 21 2 43156 0.9941307472469322
11 24 19 2 91738 0.9419656033821541
18 3 20 21 57631 0.9194057730688052
22 9 12 5 43401 1.084254320004548
26 24 10 4 94564 0.9313010106467282
8 15 28 24 71735 0.9513632889965955
20 3 29 8 33996 0.9171596099471808
15 17 4 5 58251 1.0862113432830347
13 29 29 18 82041 0.9988732681564734
20 28 2 18 80819 0.9176210539153409
26 11 14 5 63897 1.0008498497272358
4 16 17 12 47391 1.0556412068809693
24 27 9 11 84058 0.9836470246901607
5 11 23 13 52420 0.9713312039816459
22 6 5 18 67140 1.0469470348736563
15 29 28 23 57663 0.9929878802127252
13 20 20 10 47177 1.0493098406236354
28 4 11 5 53878 1.0556146417421426
13 11 23 13 44737 1.0922743544100322
16 25 27 27 40470 1.0079776369708502
27 4 23 24 59545 1.0813816186297678
14 18 5 8 48368 1.098444307127517
6 5 12 9 33881 1.08979329129801
25 10 5 0 83047 0.997137146354501
12 4 23 12 50660 1.061582377549065
16 10 24 8 36855 0.9412930301323679
7 10 5 25 54974 0.9944654292549184
19 0 23 12 39870 1.0509887310949788
14 24 27 25 39626 0.9503728405569624
21 11 27 23 47615 0.9527935588374808
17 9 26 5 40163 1.080050288235134
14 0 3 2 36179 1.031453592752219
29 3 13 9 59672 0.997794470200036
21 14 0 13 55011 0.9624953296874987
26 25 4 8 85027 1.079280096211034
10 3 23 20 72045 0.9817005591079428
19 17 12 7 47708 0.9740510254439843
18 24 11 19 44966 1.0222111294839766
11 4 13 28 86718 0.9424744593766821
28 6 12 27 92929 0.9976742381942535
22 27 8 6 92830 0.9339264285818798
15 25 4 15 58088 0.9735153054121992
11 22 17 0 79180 0.943570028696719
26 9 14 0 61486 1.0345567449777076
19 16 16 24 36687 0.9113265900319621
27 13 23 5 34297 1.0032626728895164
24 19 3 12 70974 0.9955984800384058
22 17 5 22 61111 1.0956993686664944
21 27 9 24 37866 1.0693664609953817
6 5 28 21 94773 1.0343176579796294
12 26 19 22 30829 1.0372997554942598
28 14 13 25 64880 0.9507367555773605
13 23 4 22 42141 1.0484646693264652
23 28 29 11 61455 1.0930989229540107
25 24 25 0 71571 0.9626808900001739
5 4 19 7 59879 1.08424188326149
13 17 4 29 66607 0.9525190206888472
19 21 25 28 41375 1.0026312717696229
20 24 2 23 63327 1.0327899921053496
22 8 7 4 60876 1.048627607005669
29 3 19 21 68837 0.9421550970970481
25 14 2 7 82681 0.9996962512228404
11 2 4 24 78454 1.0226629389632935
7 23 10 16 49298 0.9731246016649291
16 29 13 17 46334 0.9285753179903106
4 13 16 11 55580 1.0895549457674192
14 26 5 25 28285 0.9892960859384924
12 1 3 29 101125 0.9957108712497118
6 22 6 4 54370 1.0727878057510918
11 13 4 27 61660 1.0422932568785144
24 16 3 12 67688 1.0913609989177075
2 13 19 4 87946 0.9795968168589168
17 6 0 20 80118 0.9367504544366714
0 27 8 13 58487 0.9336182765638725
26 24 17 5 77694 1.011458733226444
24 28 2 9 99249 0.9542735366251935
2 12 26 3 94502 0.9399935059867763
5 1 9 13 52818 0.9248507084133467
21 29 2 20 74943 1.0078347209057292
0 26 23 17 82251 0.980400977029761
5 7 19 18 59998 0.9652706944552758
19 7 6 17 69909 0.9728870578687786
13 25 23 4 72191 0.9139155028342146
15 10 14 1 37708 1.0404383140431372
21 28 11 9 68818 1.0035749146069228
19 2 1 27 106671 1.065045872258176
4 28 15 17 73368 1.0650435559751372
9 3 13 27 86922 0.9929433950522516
8 9 27 27 100816 1.0141911165953736
10 4 17 0 34034 0.9655174552487653
6 9 3 18 35732 1.0286712361133012
14 9 29 6 51840 0.904308896021702
14 19 1 17 43643 0.9040516347119902
26 14 3 25 94308 0.9055971745222684
3 12 15 25 74049 0.9020290377036231
19 12 9 11 53197 1.028399466860262
12 6 1 26 71134 0.9086143496110585
14 7 8 15 39409 1.0851968158737546
6 2 24 10 71959 0.9755988026758615
14 21 18 8 62329 1.0386067856386236
23 28 9 16 65120 1.097058524742931
15 6 19 25 67930 0.9714930620549412
16 6 7 17 60168 1.0988982317331963
12 29 21 8 77824 1.04582823206081
21 0 21 26 71804 0.9363650909999458
17 3 1 22 83349 1.0700233579441085
4 26 25 1 115857 0.9460546407210062
28 9 19 21 57695 1.0576119084902396
25 3 7 1 55733 0.9981516304029453
5 15 26 2 81862 0.9061760077485176
15 18 18 1 76145 1.0275983276444354
19 3 28 28 92928 1.0215283862294537
6 23 29 0 116587 0.9458064340369714
12 17 1 29 58939 1.0104258633413026
20 16 29 20 39150 1.0430574187652755
6 5 15 18 64211 1.0154749929419224
2 3 9 17 61290 0.9767507474782569
15 20 25 29 60057 0.9624362522124552
13 11 10 29 74573 1.0428741010549252
8 21 21 14 57279 1.0366535860051356
25 25 12 5 77027 0.938889432517594
3 18 18 27 77541 1.0661714157527957
8 14 20 3 67637 0.9084212918771414
21 25 29 5 70615 1.0433614411934378
28 12 21 29 60113 1.0918264105418305
7 15 15 24 52513 1.0623603021800023
13 3 5 23 68040 0.9695138359939229
1 7 15 14 53915 0.9552998122948573
0 2 8 22 77982 1.0953031594208693
17 3 10 10 41496 1.0475614684170098
24 2 25 29 89238 0.9263290569402465
5 23 25 19 74953 0.918162278398393
27 27 4 1 122068 1.0243981288172126
18 18 7 16 47591 1.0935807104602264
19 1 20 20 61069 0.9941518520835545
5 5 13 12 45092 0.9515504280855294
23 15 2 24 75790 0.9502856974854668
9 1 10 22 73432 0.9602100017350649
11 12 18 1 53129 0.98124726247875
16 26 13 15 45106 1.0629376210121353
18 16 2 28 76229 1.0633871916776145
0 7 10 21 69755 1.0179463058663456
1 9 22 21 73864 1.0622170949620333
24 26 29 0 81887 0.974670689663213
9 16 5 22 29412 1.0216253207709582
8 18 13 24 42721 0.9421788070427191
3 20 12 0 71189 1.0516062327081321
19 19 2 18 64425 0.9844180150204445
5 27 14 20 48018 0.9719825790663249
21 22 27 16 40501 0.9070849557383007
20 3 6 8 49691 1.0660013244883328
0 25 12 28 54568 1.0111786347222491
3 22 12 2 74635 0.9065577866038823
25 10 13 11 54909 1.0474407662261607
22 23 3 7 79040 1.033534998371999
3 10 16 23 75761 1.0091570263030196
19 4 13 18 69061 1.0594290321197026
16 10 13 25 73549 1.0674512183824074
8 21 27 12 86655 0.996210379133746
2 21 21 8 74715 1.0132479627288304
23 3 26 10 32529 1.0143377483989764
25 13 11 3 67764 1.0135685784660167
5 10 24 1 75011 0.990144984926813
4 20 5 11 25130 1.0010781668130435
18 13 24 22 39116 1.0406619462506144
27 11 6 11 83549 0.9698943369826444
17 2 2 11 69855 1.0347303326615518
25 29 19 20 49051 1.0146598170583851
0 15 8 7 40650 0.9969824817518051
0 9 11 27 80262 0.9411644792110724
2 12 28 22 88838 1.0449568092207524
22 14 27 0 46138 1.0089840501140601
26 24 9 27 54226 0.9858228798015777
12 11 29 15 61625 0.9194763782207548
27 23 28 12 33316 1.0371644735705838
26 4 13 26 94982 0.9308229339104397
20 26 27 20 38529 1.044375702158272
15 23 15 10 61451 0.9227259441038996
13 17 15 0 54890 0.9101086016777411
28 7 1 14 82259 0.9851449183123393
26 14 7 8 77221 1.0409506012703775
4 23 0 1 77555 1.094093053262991
22 25 22 10 44932 0.994880149321426
0 26 21 20 71075 1.0804992743837585
28 3 1 10 90452 1.0458664714105843
9 7 24 16 64907 1.0770860667858604
18 25 13 7 68835 1.0605445047246942
5 0 24 27 108769 0.992035281322916
23 18 10 16 43347 0.9642469287822266
12 24 27 20 59773 1.033620563297868
6 25 5 8 46711 0.945878942722416
0 29 22 14 85395 0.9320870630780587
2 6 21 12 74148 0.9819186652681428
16 12 6 7 50181 1.0206659322183655
10 13 0 19 43746 0.9151465313624183
22 28 3 1 110309 0.9910104519932648
10 29 16 6 98269 0.9196734011433505
6 13 20 16 44222 0.9324265482830125
13 21 2 5 71012 1.084020383462173
0 21 9 3 66862 0.9789119882033974
26 20 10 18 67912 0.9600767181036023
14 25 19 12 47490 0.9774785872075064
1 2 23 2 64338 1.0209619786932027
5 28 0 19 41076 0.9441904933561787
21 12 12 7 40714 0.9149474091496452
23 9 26 28 62412 0.9100224523961181
8 5 25 6 61977 1.0907590511541319
5 15 13 8 35324 0.9442526813812189
24 3 15 24 77255 1.0582878411881795
29 28 22 13 67036 0.9472392006361804
20 27 10 8 66135 1.0840226927571195
22 12 19 19 23046 0.9835119542717097
22 0 5 4 61055 0.9544597906285693
1 10 9 12 42743 1.0930051329575827
29 24 11 27 60033 1.0860484171217277
7 8 19 13 57550 0.9881455123135138
5 11 12 17 29312 0.9645299702797294
3 23 15 23 54033 0.9086105648652161
9 10 0 1 59108 0.981896968733426
9 24 18 13 62683 0.931323505225457
7 10 28 19 84646 1.0341582658631197
19 12 9 23 61478 0.9339708171687846
2 13 2 26 42865 1.0227495263210864
23 7 2 15 62928 0.974607957078538
18 4 10 25 90705 1.0767395796982742
15 4 20 11 43716 1.0829356884689902
4 13 16 13 46566 0.9372974733348741
17 14 12 8 32841 1.0879722431282337
23 0 15 28 87869 0.9844162092741763
20 6 19 18 38972 1.0799494094295268
2 6 27 14 98225 1.0623957244056383
4 0 18 24 104266 0.909425334503097
3 3 15 25 93728 0.9739779249925051
16 28 7 4 98623 0.9081056237961893
3 17 14 28 72849 1.0283640316843512
11 7 22 7 41114 1.0967405394061311
16 15 25 14 32819 1.0267258000470902
6 23 19 20 62212 1.008377221894883
20 22 2 10 74463 1.018274825447822
23 2 14 19 72611 0.9086939806548863
4 0 20 17 74663 0.9461973377490782
6 4 16 27 91825 1.0750499297078262
29 26 10 12 86171 1.077187336268253
28 24 9 25 51442 1.090053012975214
13 7 20 24 62553 1.0505411633853126
14 13 18 5 47118 0.903273917222096
29 0 8 12 97302 0.9456648285541215
0 2 15 4 46024 1.0930944830610612
13 21 3 6 67357 0.9047978297081617
28 21 23 8 41882 0.956988979644539
18 12 15 19 45019 1.029717100444416
3 8 14 22 61102 1.0333006944077503
3 3 24 24 103717 1.0432344067688586
9 27 24 19 58876 1.075499965120514
26 9 12 15 56250 1.0859013973821974
28 6 21 0 29194 0.9266216735049214
9 21 4 1 70783 0.9616415228078841
11 10 28 24 82054 1.048275832370012
7 19 20 18 55467 1.0957091181236671
11 16 3 8 35261 1.0892877380151216
22 18 8 3 75107 1.0530522729146354
5 11 2 1 37910 0.9073722432894076
21 15 28 25 39970 1.0801476887915733
20 12 3 4 73882 1.0457041188907552
10 29 15 14 70191 1.0185389770285818
0 20 15 1 82739 0.9668373455621901
9 28 12 2 83491 0.9020356741452468
27 15 14 11 61954 0.9099498374270181
17 18 18 28 44812 0.9975418444427808
22 13 28 29 66706 1.0195723002539925
5 22 18 12 61804 0.9063327898157015
0 21 9 22 35393 1.0661659459090103
12 13 10 23 38860 0.9750841895258151
15 6 23 18 54785 0.902795409257472
0 3 13 29 114866 0.9947064284738061
17 24 7 17 51600 1.0786213585331896
19 20 3 3 82732 0.9221382426561044
6 26 2 12 58480 1.033114557837218
11 4 0 16 60256 0.9015376782946354
20 17 6 29 75749 1.051735715502119
5 5 25 6 68780 1.0946016877768092
13 4 29 4 53010 0.9973498436349486
23 5 8 24 89352 0.9571630369229123
28 4 12 28 101697 1.04340072540621
2 4 26 20 104269 1.0477813279123736
5 29 0 2 89300 0.9821060389815233
19 26 11 18 52864 1.0971520036399258
0 8 8 19 52454 1.0145684566621223
11 4 26 21 86899 0.9783942843298046
23 16 0 28 85642 1.0897754245791609
24 25 29 2 75971 1.095201013551162
3 24 18 28 57881 1.0358489649342366
19 28 6 25 45665 1.0850877863388353
1 29 21 11 84736 0.9996411830645158
25 20 6 12 71030 0.9809572096995499
19 8 15 16 41191 1.0075832902816493
1 9 10 10 39472 1.0364916515574842
6 8 0 1 40649 0.9122981298353403
6 15 28 7 70195 0.9480062769098494
25 20 6 14 65484 1.068731677767768
21 24 1 27 61345 0.9586836226801201
27 18 1 20 88771 1.0545474355244817
6 22 28 10 95521 0.9091316019630732
25 3 13 22 75795 0.9359126987095372
13 19 20 5 63198 0.9980166947821116
17 26 3 2 99032 1.0897024238731428
24 27 6 14 78318 1.076108456299479
27 13 4 23 89458 0.9026494160110821
23 11 23 26 39048 0.9103376213230995
13 1 26 18 89914 0.9878499996788226
15 27 28 24 46353 0.965259746624184
1 14 14 21 51560 1.0224230729549648
8 27 24 0 105451 1.0586081528634328
24 1 24 27 75234 0.9102119169816112
5 0 25 18 96778 1.0472889882977279
13 24 19 3 80889 1.0687984080642008
18 19 11 1 72188 1.0802848792051831
6 27 2 3 86544 1.0149315655325195
17 24 16 2 90162 1.0235759545516556
22 11 11 21 57254 0.9264892102427081
25 20 5 17 64905 1.044461137877704
20 8 4 16 60498 1.0555372274718533
29 17 20 9 53397 0.9790561453110522
16 12 3 2 66316 0.9807989039774268
20 5 25 10 31673 0.904464801361624
13 0 27 17 86050 0.9327654138041583
25 4 1 29 117826 0.9845155972414326
20 28 16 11 59847 1.0639611197607526
5 2 10 21 68712 0.9403088217920971
13 13 15 0 45554 0.995674319150816
8 16 13 21 31604 0.9982992650982091
24 2 4 4 69103 0.9269508409293257
16 4 4 11 59370 1.0414435263152342
26 25 22 19 27191 1.0744950456393227
3 21 29 4 105763 1.0221115393736704
23 24 6 15 57436 0.9344873930704065
24 13 28 26 51822 0.9314374552996885
7 17 20 29 63897 0.9970119737181252
2 14 18 25 69123 1.066572161535675
28 28 14 25 49425 0.9273183182773606
4 19 13 25 43525 1.00025658533951
8 27 3 10 77876 1.0137501133298608
18 24 8 6 90931 0.9118382851554049
12 16 9 9 31437 1.0168616099502126
6 20 28 4 95496 1.0820896891496425
15 28 11 0 92951 0.9604837616300076
17 11 29 12 60977 0.9649628161361403
6 18 14 12 47207 1.0440174640964304
9 29 27 7 99501 0.9327740288852356
11 15 22 13 29222 1.015184539595877
23 8 16 18 51687 1.0252323613324132
10 14 16 19 39457 1.0959772636173788
9 13 15 27 68108 0.9236831496764659
3 11 9 18 41798 1.0579153377497825
18 4 19 25 70661 0.9487781889488589
21 12 0 17 55851 1.00066781500727
10 25 5 11 51831 0.9278338759046239
27 19 0 7 95070 1.0590595267180904
5 4 2 16 37939 0.985047039823282
24 8 2 9 66957 0.9881028836124122
29 14 16 24 63769 1.045285395670944
23 4 26 16 47416 0.9717725410811808
17 17 15 6 54019 1.0842637492270335
2 18 15 11 60766 1.0998272605469972
24 29 21 0 85287 1.0750564700812901
26 28 1 27 86726 1.0313108733978158
5 11 9 2 33988 0.9682884014109935
2 6 9 28 86726 0.9185996807608497
12 14 23 24 47303 1.015593909907483
15 4 0 20 79983 1.067828788851946
11 3 10 23 67440 0.9349222590404612
25 21 3 7 89066 1.0352113890486312
14 9 15 25 66087 0.9355905129987149
0 1 23 21 104356 0.941272145434214
15 6 8 21 69460 0.9266783475888885
27 26 0 24 89338 1.0078943746716844
18 23 25 20 34213 0.9198232205870918
8 6 5 23 56956 0.9585532542432695
25 24 11 13 61746 1.0384374553880862
3 23 9 4 77845 1.0513408080429159
3 16 14 15 27823 0.9801716631834371
14 28 14 2 101867 1.0095365968037782
29 7 7 13 79955 1.0819537400857533
9 19 17 21 39590 0.9247829400497384
11 18 6 12 35738 0.9265035334724335
22 17 3 9 63571 1.0927129389228019
10 11 17 22 55887 1.0219079077215274
22 17 4 3 74908 1.0021960350082268
8 22 7 8 53387 1.0787672368833061
7 20 17 8 64124 1.0101490910940734
19 17 7 29 76937 0.9010470081053573
13 19 28 21 56547 0.9103391417071549
15 9 29 0 58759 0.9742695237169134
9 22 0 25 44401 1.0451413082255767
7 14 26 1 84434 1.0447093763075375
14 25 3 12 71391 1.023760759471287
11 17 22 6 54257 1.0789999659240066
22 24 13 13 49151 1.0614378756882643
1 21 11 2 69844 0.9601916231865728
15 1 11 25 81690 0.9989633557890029
10 14 19 27 60088 1.0582757339456212
12 2 8 27 84987 0.9339013120348157
11 6 5 15 38942 0.9289797824495037
22 13 23 29 50238 0.9561992992161349
0 22 3 5 58501 0.9502574448260287
3 8 22 9 60589 0.9293893390647706
16 0 24 6 37531 0.9451172398230323
25 28 11 20 65226 1.0150219474195261
9 9 13 17 37225 0.9443765395445096
11 21 18 25 30937 0.9897919205446204
27 26 8 6 103086 1.0388718415380738
26 24 27 7 54302 1.009597159423196
1 24 15 24 53346 0.9778951870271959
9 18 3 3 59767 0.9837882464440929
27 5 28 18 30410 1.0174779414911959
14 29 4 5 104271 0.9096505699379084
14 17 10 26 42481 1.0771455321277803
0 13 14 14 44490 1.0059959027011869
26 29 10 1 116589 1.078758883087001
28 0 15 14 70438 1.0109453385854155
4 11 26 12 74816 1.0575263333611922
28 4 17 14 60001 0.920961178286961
8 0 22 13 75520 1.04440323345173
10 14 22 23 50941 0.9751981986146583
7 26 20 4 92008 0.96524067822378
4 23 1 8 51387 0.9486411423353847
20 12 2 15 42965 1.0197003282930128
2 1 4 29 94335 0.9729096448810929
17 11 23 27 62065 1.068033104238236
9 14 29 16 69848 0.9384175232154872
8 23 22 7 86213 0.9157745065791896
10 15 25 22 47916 1.0840642271377638
3 23 19 8 86884 0.9961544245705594
24 17 0 20 76394 1.012408063346988
23 27 11 23 46374 1.0214191548989948
27 18 6 23 88350 1.0731748615389938
9 16 27 10 67944 1.042811759357256
19 5 12 14 51473 1.0190560870353371
25 14 9 6 74347 1.0077721172135097
28 26 2 18 99748 0.9933132847302201
25 6 22 20 43277 1.0309183765651642
19 2 23 28 81121 1.0729700791951973
22 12 9 5 61328 0.9269453238749576
7 6 16 4 44748 1.0578003870432817
7 4 1 24 66163 0.9694055848940148
4 10 12 16 35869 0.9985182411112968
25 2 10 28 106769 1.0434767449884794
2 29 18 13 86190 1.0885834515164552
18 0 14 23 89641 0.9580330400185509
24 5 5 23 88349 0.9481946776312916
27 21 17 14 52020 0.9514760692820532
23 2 23 18 39639 0.9780393758955643
27 6 24 18 46428 0.9976285672969137
9 14 25 8 59747 1.002317079980122
16 17 22 23 35563 0.9660378569144841
20 4 14 25 71679 0.9926032355693102
9 12 22 22 56983 0.9238392964972096
25 19 2 15 60838 1.0728323300079774
3 3 21 10 74179 1.0720452056928793
14 9 0 22 67588 0.9184673360330554
1 1 24 21 104380 0.9841902327257105
28 29 19 21 55464 0.9146654587749595
0 0 14 13 76178 1.009749234372489
1 9 11 12 46402 1.0089906423209651
17 29 20 4 82979 1.048896877039545
6 8 8 28 73401 0.9855277191792002
28 24 24 8 52222 1.0855701152463109
17 27 19 3 82879 1.0838960357295364
4 8 11 18 40631 0.9306535671719416
26 23 13 8 74839 1.0603858778073931
14 29 14 1 107588 0.9676753773014315
27 9 4 25 99751 1.0592753706364793
7 23 15 4 91130 1.0189057983806311
13 3 24 25 80917 0.9134243119735964
11 1 11 13 39330 1.0017382532627512
5 3 21 17 66179 0.9528733182891371
3 17 22 22 61856 1.0310607313169462
1 24 14 19 53447 0.9228556154183933
24 24 12 7 71755 1.0879900229912085
7 18 4 25 38070 1.0748022803233641
16 9 26 6 38235 0.9485320989619808
17 8 7 19 66267 0.9263679939917019
11 6 14 22 54627 0.9007572307356562
0 13 19 12 61806 1.0357639631232338
29 29 1 18 115330 0.9238147014100561
21 20 6 1 82434 1.0121981980260888
3 3 13 3 31579 0.9215792103305251
1 10 5 25 49996 0.9847541801594777
8 23 24 11 83001 0.9134702003820857
17 1 21 20 64060 0.923110032753317
10 10 18 7 40574 1.002871468673282
5 12 14 20 41059 1.0804726938534206
26 11 1 19 84398 1.0495492785575669
16 16 6 22 51154 0.9613680759130088
3 29 27 5 122021 0.9301180990656116
10 8 25 19 64553 1.0830032880647722
19 26 15 9 66923 0.9679405294256566
21 20 12 1 63198 1.0459085133774135
20 5 28 8 29016 0.9485648479252975
23 20 20 7 40333 0.9628383677327216
16 0 24 2 33444 1.04760577372483
29 2 20 1 38408 1.0740466660937478
15 8 21 12 29785 1.0261918502221565
12 25 6 6 73607 0.9390891090338995
22 17 8 25 55341 1.0337838226885718
19 19 19 8 35032 0.9449485388746565
16 12 25 17 52815 1.0934495715843584
22 26 17 10 63491 0.9702655099376607
13 12 1 17 40004 1.062979330044785
1 8 18 3 58412 1.0126877971327097
23 25 0 29 75757 0.9055529733005979
3 9 24 24 86520 0.96828031725523
13 20 10 9 41936 1.0456696773686476
26 17 2 8 88419 0.9168974188642268
25 3 5 25 100503 0.9252208470118689
7 2 20 28 89730 0.9861940812532353
14 20 9 8 45281 0.9136252502427934
6 2 14 29 111410 0.9419868622779216
13 9 6 6 34890 0.9632149882703367
22 5 11 23 77427 0.9511628972903279
6 4 25 16 84574 0.9142363456786864
27 13 5 23 82744 1.095873931258165
6 11 20 2 68508 1.082338306884596
8 21 26 26 67379 0.9756244865813313
6 0 27 9 78247 1.0472668939135903
26 4 5 2 64977 0.9980524110830598
17 25 11 19 36746 0.9465510614340581
26 17 0 14 79530 1.0019341577840037
5 4 23 11 69045 0.9469510060760111
6 21 27 10 89257 1.0522787950660726
13 20 1 13 45143 1.0571003020622503
11 13 3 5 51838 1.0941118839671422
20 13 6 27 70642 1.080873265443094
13 1 21 28 87994 1.078410924508543
15 11 0 24 75586 1.0885171466868875
29 10 6 16 81004 1.0682788334936668
13 4 8 13 45825 1.0227569191404873
22 25 25 12 43662 0.9729774917967788
14 15 27 8 49302 0.9262074759315861
17 9 24 24 68357 1.0771407346192545
17 29 3 3 109522 0.9479493336746918
28 14 7 13 70988 0.9213875287123023
9 4 11 28 89389 1.0081853826419183
1 19 29 23 94221 1.0066303624209891
10 10 3 28 87422 1.0453223003190146
26 28 17 29 48766 0.9744142788000412
3 4 26 7 84558 0.9581838170181083
2 6 13 29 104563 0.9614034257501552
22 10 8 4 68590 0.9558740539013926
11 2 0 1 32993 1.0412000492190767
23 5 14 24 74398 1.053899553767065
9 3 28 8 61331 1.0657449123863794
27 9 14 15 51623 1.015985936845055
6 4 29 22 100829 0.95887240163254
2 17 23 3 82516 0.9833395818890251
8 25 28 26 54130 1.0791624221508096
17 7 4 18 66347 0.9245004346422655
5 12 9 27 55048 1.0955622244091368
4 2 13 15 51013 1.0762469894551066
27 26 19 15 47393 1.0090270064244713
0 3 26 21 112445 1.0224561668885648
7 3 0 18 55050 1.0835853094551955
22 28 17 23 30217 1.0076689824853193
27 28 17 6 90282 1.0049863814548545
19 4 8 21 92415 1.0635601564381179
26 8 25 22 45853 0.9319391461159768
11 20 16 12 42625 1.0333606301084834
8 12 3 21 44752 0.9411911768866028
11 27 0 26 41932 0.9445658074847052
19 22 2 15 53813 1.0382998110456556
0 10 12 20 55416 1.0654979233215687
2 6 26 15 87427 0.911894611316055
15 3 24 29 96082 1.0150697352712705
26 10 2 18 95561 1.0208846100250304
17 24 21 4 68990 1.0540383662351462
3 16 13 10 43804 0.9858545893775656
4 29 13 28 54652 0.9541711879247682
1 26 19 10 86276 1.061566692752645
1 13 17 16 42969 1.0181024991889494
24 21 24 8 41739 1.014879742095713
20 18 0 28 79878 0.9141133327835855
23 5 16 26 65242 1.091935555701033
28 27 17 13 68950 0.9623928016958914
25 27 4 5 105457 1.0804108846282445
13 9 8 29 79448 0.9648902080873782
