6462 5800 5426 5491 6373 6201 6179 5331 6054 5928 6005 5535 5678 6207 6321 5491 5787 6541 4777 5341 5730 4714 4783 5725 4603 4566 5477 5213 4679
6864 6219 6355 6137 6792 7129 6282 6637 6504 6637 6551 6072 7142 6195 6290 6378 6671 7032 6791 6588 6143 6155 6882 7036 6602 6312 6266 7086 6088
6519 6230 6180 6922 6370 6988 6056 6200 7214 7013 6328 6254 6880 6355 6906 6971 8599 8551 8567 8212 8432 8509 8236 8216 7995 7599 8667 8628 8609
2551 3311 2452 3466 2983 2425 3171 3359 2627 2563 3344 2748 3430 3308 2976 3278 2859 2877 3148 2560 2914 2559 2637 3506 3381 2436 2645 2465 3382
6901 6873 6906 7113 7459 7067 6835 7136 7669 6763 6757 7005 6650 7019 7017 6666 6836 7198 7094 2043 2901 3007 2438 1830 3024 2082 2760 2854 2422
3831 3511 3501 4010 4108 4397 3265 3275 4056 3451 3452 3376 3857 3343 3259 4019 3617 3883 3600 4081 3759 3920 4166 3467 3247 8502 8099 8058 8494
5819 5098 5135 5567 6271 5398 5591 5113 6218 5176 5112 5577 6096 5480 5368 6265 5813 6068 5591 5948 5410 5287 5085 7367 6872 7636 7753 6862 6956
6728 6782 7215 7216 7214 6423 6789 6748 6848 6773 7000 7053 6751 6425 7321 7472 6639 6720 7393 7466 6948 6826 7403 7557 7267 2427 1542 1724 1584
2130 2740 1820 2324 1862 1858 2724 2145 1946 2450 2027 2722 1901 1671 2489 2416 2618 1702 2171 2746 1740 2032 2505 5120 4111 5261 4151 4705 4286
7188 7385 7524 7984 7325 7388 7550 7052 8112 8147 7000 7440 7059 7301 7239 7140 8322 8183 8476 8648 8632 8984 8204 8069 8042 7954 8496 8011 8075
2632 2100 2151 3044 2797 2689 3134 2155 2324 3268 2867 2484 2557 2591 3260 3290 2770 3077 2969 2320 2583 2455 7048 6320 6438 6207 7008 6908 6589
2790 2651 3044 1915 2456 2149 1565 1280 1397 2275 1569 2231 1601 2276 1492 2182 1429 1998 2216 1452 1815 1965 2220 2004 1534 1504 1882 1302 2174
4120 4584 4620 4702 4354 4678 4508 4266 4970 4468 4090 4384 4762 4768 4947 4861 4659 4658 4464 4552 3895 4685 5002 4046 4559 4351 3907 8636 7559
5880 6008 5504 5491 6536 6166 5655 5529 5519 6665 6288 6165 5651 6454 6432 6570 6677 5793 2853 2708 3198 2271 2447 2509 2507 3155 2149 2639 2551
7886 8141 7588 7479 8230 8594 7815 7535 7888 8032 8467 3344 2706 3317 3456 2491 3284 2921 3169 2528 2636 3106 3378 3700 2886 3721 3286 2855 3183
5088 4235 5043 5188 4641 4200 4423 4891 4609 4206 4454 4444 4222 4835 4577 5297 4590 4340 5027 4708 4284 5440 5535 5711 4793 5831 5693 4807 5705
7150 7105 8306 7227 7572 7317 7422 7304 7787 7908 7145 7324 8115 7793 7947 8083 7859 8106 7878 7158 8033 7715 7429 7480 7366 8352 8243 7636 7473
3881 4244 3679 3587 3890 3869 3445 4031 4500 3757 4196 4286 3476 3282 4436 4146 4182 3303 7694 7951 7829 8358 7904 8122 8185 8459 7705 8360 8118
3972 4328 4598 4299 3920 4115 3865 3693 4643 4598 3637 4701 3963 3878 4127 4687 4267 3656 4047 4714 3896 3779 3855 4525 3344 3557 3501 3737 2940
2264 1509 2543 5362 6081 5369 6034 5991 6271 5979 6001 5289 5375 5908 5601 6225 5915 5234 5993 5635 5495 6098 5735 5519 6112 6097 5485 6151 5314
7848 7325 7864 8253 7853 8165 7438 7482 8167 7466 8204 7434 7454 7976 8133 8251 5382 5498 5369 4887 5423 5800 5657 4793 5399 5408 5753 4780 5778
8187 7759 7918 7661 8574 8367 8221 8677 7738 8070 8405 8085 8067 8542 7834 8241 8680 7588 8035 8355 8133 7940 7999 7589 7931 4431 3561 3606 4253
2785 2835 1983 2267 2912 1923 6221 6477 5665 6406 6540 6442 5639 5749 6597 6587 6094 6350 6047 5605 5569 5726 6197 5757 6356 6391 5670 6572 5466
6768 6570 6290 6882 7007 6967 6627 6338 7289 7193 6357 6601 6762 7384 6430 6567 6298 5715 5514 4841 5375 5006 5100 5505 5730 5307 5553 6003 5124
3993 3265 4018 3942 3649 3651 4114 3926 3751 3340 3727 4177 3528 3949 4221 5000 5946 5550 4955 4888 5783 5540 5111 5931 4838 5101 4949 5449 5387
3104 3095 3137 2461 2581 3315 2538 2353 2510 2833 2452 2397 2663 3109 3339 3074 3872 3463 3830 4079 4055 4049 4342 3657 3537 4441 3340 4287 3881
5022 4741 4894 4176 4584 4270 5091 4872 4477 4061 5083 6410 7148 6405 6451 6652 7017 6781 6103 5995 6504 7029 6189 6422 6952 6940 6342 7234 6606
8364 8031 7829 7878 7396 7810 8147 8249 8378 8115 7467 8044 8311 7274 7942 7708 8012 7198 7326 7859 8225 7618 7633 7542 7884 7284 7565 7764 2452
4251 3926 4010 3487 4227 3896 4000 8859 8484 8019 7788 8948 8410 8799 8682 8780 7934 8606 7885 8205 8045 8082 7801 8766 8434 8836 8632 8560 8442
5062 5161 5738 5792 5586 5413 5665 5149 4835 4830 5535 5000 6023 4910 5665 5476 8618 8508 8313 7697 7796 7695 7574 7841 7956 8153 7517 7579 8148
7848 7996 5343 3315 4642 6487 5740 5755 5271 3374 3340 4621 2945 7928 8318 8540 5307 2843 2928 7613 5345 2797 5298 6791 8165 4840 4325 5446 4342 7186
7845 6980 5820 3235 5124 6362 3657 5506 5940 3200 3707 5522 3695 7676 7577 7909 6014 3184 1900 6677 5536 1965 4679 7084 8813 5719 4554 5482 4714 6942
7651 7267 4690 4144 4661 6593 2696 5083 5960 3244 4034 4631 3224 8566 8162 8299 6463 2744 2589 7407 6322 2015 4963 6850 8238 5466 4541 5726 4524 6558
2129 7028 5444 3766 4263 5047 3724 6309 6159 2679 3069 2143 3568 8034 7769 8145 6042 2780 2225 6920 6537 2664 5478 2580 8087 4747 4306 5112 5048 7039
2740 6890 5637 3885 4995 5211 2755 6276 6345 2892 3436 2136 2729 8736 8441 7979 6066 3270 2724 7362 6333 2964 4831 1795 8165 5492 4926 5000 4426 6544
3111 7439 5759 3452 5228 5536 3403 5819 6133 2293 3875 3031 2567 8272 7651 8599 6326 2937 2948 7176 5361 2746 5105 2724 8736 5842 5280 5464 5052 7013
3069 7152 5482 3862 4667 5804 3116 5433 5837 2837 3064 2304 3479 8123 7644 8635 6237 3309 2476 6777 6453 2923 5068 2434 8850 2792 4292 4641 5284 2360
2411 7718 5273 3245 5145 5071 2771 5805 6183 2621 3390 2157 3383 7706 8119 7865 6556 3313 2181 7713 5597 2907 5054 2526 8857 2456 4172 4708 4888 1956
2993 6929 4658 3231 4590 5105 3599 5315 6324 2872 3209 2593 2854 7765 7268 7663 6659 3286 2666 7421 5567 1974 5683 2292 8202 2366 5223 4801 5008 2430
1928 7526 5473 3688 4353 5584 2833 6480 5935 2173 7318 2390 2836 8677 8181 7757 7214 3723 2971 7288 5588 1993 4530 1797 7724 2080 4484 5187 3458 2547
2425 7137 4887 3905 5155 5751 2659 6094 3634 3183 8065 2246 2595 8506 8076 8655 6422 2998 2114 6939 5615 2090 5405 2000 7884 1834 4955 4995 3814 1693
3057 7477 5515 4121 4729 5033 2795 5895 3485 3189 7893 2244 3788 8479 7524 7723 6583 2703 2020 7553 2294 2901 4766 2580 8658 2321 4738 4933 2864 2064
2136 7245 5588 3974 4659 5520 2516 6479 3846 3385 7367 2700 8274 8126 7696 7807 6501 3634 2139 7773 2292 2117 5479 2496 8159 2745 4842 5645 3584 1922
2273 8020 4714 3501 4993 5651 3521 5263 3444 2402 7436 3226 7941 8562 7701 8528 6646 3274 2607 7466 2721 2645 4576 1853 8800 2551 4340 4636 3829 1770
2203 7430 4866 3249 5419 5500 3285 5511 3344 2228 8028 2959 7693 8112 8470 8291 6845 3124 2630 6907 2356 2751 4879 2625 8408 2861 4487 5350 3425 1751
2415 7567 4770 3673 4294 5375 3295 6089 4401 3349 7086 3281 7930 7712 8416 8685 7125 3461 2665 7299 3177 2323 5704 2119 7908 2627 4817 5321 3833 1939
1899 7576 5226 4052 4305 5221 2911 6308 4452 3081 8080 3111 7690 8604 7800 7973 7104 3074 2964 6931 2929 2499 4810 2138 8746 2780 4159 4618 3484 1460
2114 7599 5835 4036 5035 4821 2653 6467 3849 2609 7781 2291 8235 8816 7881 7913 6762 2969 2302 7353 2223 2500 5330 2187 8313 2549 5237 4965 2611 2267
2805 3226 5019 3472 4852 5421 3020 6021 3702 2482 6881 2605 8527 8461 7754 8416 7064 3610 2013 6838 3030 2662 4853 1804 8895 2153 4328 5274 2644 2361
2014 3562 4975 4060 5088 5830 3120 5359 4209 2209 7031 3165 8477 8678 7627 7847 6867 2808 2819 7208 2416 2493 4545 2433 8688 2858 4480 5677 3325 1787
2732 3265 5619 3917 4807 5393 3674 5821 4125 2755 6949 2726 8343 7792 7841 8697 6931 2978 2742 7077 2383 2091 5688 1622 8425 2723 4123 4734 2833 1916
2501 3224 5531 3459 4634 4952 2592 5488 4360 3284 7285 2216 7775 7951 7459 7735 7277 2960 3078 5753 2057 2066 4478 2113 8761 2815 4400 4657 3072 2300
2912 3294 6037 3378 4402 4950 3379 5797 3640 3265 7366 2404 7303 8121 7786 8389 6275 3161 2446 5575 2784 2652 4593 1964 8239 2299 4892 5291 2873 2465
2296 2925 6617 6895 4697 4713 2531 6498 3370 2794 7339 2198 8084 8562 2209 8764 6391 3446 2129 6523 2839 2227 4792 2583 8382 2879 4167 5386 2691 1401
2387 3249 6796 6793 5018 5237 3235 5425 3537 2607 7152 2976 8381 8416 2235 3767 6606 3047 3073 6516 2940 2359 4918 2489 4965 2533 4545 4701 3273 1574
2771 2597 5767 7119 4460 4693 2778 5494 4471 1717 7133 2729 7762 8741 2080 2821 6374 3289 2384 6426 2522 1917 7824 2770 4287 1925 4733 5241 3537 1879
2304 3020 6693 6147 4993 5237 3434 5647 4430 2296 7133 2299 7693 8042 1951 2741 6966 2601 2760 5615 2584 2386 7444 1935 3830 2642 4055 1171 3300 1610
2350 3089 6646 7164 5336 5458 2549 6351 4143 2870 7517 2900 8294 7946 2793 2885 6234 3210 6506 6503 2729 2242 7064 1873 4072 3015 4882 2112 3419 1771
2977 3573 5761 6093 4520 5620 3115 6396 4358 2597 8001 3186 8043 8413 2492 3399 6381 1710 6800 6416 3124 3190 8018 2605 4179 2469 5247 1652 2776 1505
6 7 25 18 75871 1.0337371362462577
27 26 23 7 82357 0.9791303371915232
8 9 25 16 64390 1.0960523084591889
19 12 29 3 60124 1.0798602127265153
1 18 23 12 77532 1.0635437391747407
5 18 26 1 91101 1.0248144843069393
29 0 4 1 69724 0.9117338747482143
28 22 13 23 40309 1.0457072047270928
24 27 5 21 65457 1.0379512294961148
9 6 17 17 44059 0.9343884020966116
29 7 9 21 85626 0.9877127674608686
5 18 28 8 86719 0.989459734158606
7 13 19 22 57684 0.9376018212828838
25 20 22 10 43944 0.9862655936031312
10 16 19 4 58153 0.9507503527212019
4 7 19 20 70963 0.9975165196892097
4 14 1 3 48572 1.0036425360026013
27 28 26 6 83835 1.0297301152669234
28 17 20 14 46458 1.0062416584451663
26 7 17 21 68573 0.9241932845539967
15 11 3 27 63461 0.9284100016537469
4 23 26 4 99414 1.053923475615836
20 13 13 18 50922 1.036774087653768
6 9 14 23 46970 1.0312926333801706
14 23 11 10 31375 1.0685623220866178
22 23 25 14 41139 0.9156587053114803
16 0 28 28 104789 1.0852049781934716
15 29 26 26 35711 1.0185273020267
16 12 6 23 55660 1.0158208654826308
0 15 22 1 101843 0.917201162566972
29 3 4 23 115522 0.9525716189088517
18 9 20 1 35621 1.0748431869608168
27 27 22 14 67720 1.0135269720999747
5 15 18 9 52643 1.0749230040384052
24 2 0 4 83723 0.9577387192684437
10 0 0 15 71536 0.9880965065029774
19 0 26 9 40215 0.9744315791422791
1 19 29 21 80569 1.061110142870179
16 25 27 2 107118 0.9760102378963502
7 19 14 9 43354 0.9814272294676959
12 2 16 21 54594 0.9663846523780197
24 4 6 26 96548 1.0067628518042866
10 23 4 1 72559 1.0302292155375365
18 6 7 14 50704 0.9611752863797489
2 26 11 15 46628 1.0049652248168348
21 27 11 21 41681 1.0511108003089595
24 8 21 26 75755 1.06442295725261
6 7 20 2 59208 0.9672740655655861
1 3 26 26 118752 0.9057148909829296
10 0 14 11 33564 0.9546064651503497
9 18 18 10 41743 1.0825910774075416
16 3 19 20 71023 0.9788546471716714
19 20 21 9 56751 1.0108716719073123
11 1 20 16 65551 0.9215765148544496
12 1 6 6 33144 0.9812430867287016
17 10 1 11 50870 0.9864350940391147
18 8 16 28 77368 0.9578402417448179
5 8 28 29 89027 1.088921161041739
21 5 0 14 90740 0.9582292472525342
11 23 1 24 38705 0.9168327747180113
24 9 9 22 68643 0.9834303772905382
13 27 8 14 40032 1.0900618027725903
19 24 1 8 84053 1.0990904508959014
13 15 28 2 88350 1.0895457717664319
5 28 8 12 50446 0.9866142140351433
14 4 19 20 64971 1.0247406648169461
5 7 24 8 64093 0.9378079036605688
14 22 14 7 52825 1.0611604092391038
26 17 3 8 83122 1.0205424088017443
19 19 4 9 60891 1.0379242222562877
23 13 18 25 68808 1.0495792076001993
19 23 6 27 38686 1.0112751776972464
18 9 6 18 49704 0.9589161330155257
11 16 21 9 41315 0.9634721925218652
9 12 26 1 70102 0.9853540456647618
15 7 10 1 31216 1.0139518912491836
0 5 26 1 91123 0.9789251928791121
10 5 18 17 46884 1.086261176909919
9 10 28 9 60025 1.018163484483643
0 20 26 4 112018 0.9382976020662875
22 19 16 28 51780 0.9251464049946235
0 16 7 12 42752 0.9960025193931559
25 24 0 28 80163 1.0808175069010824
18 2 12 18 61039 1.0182212393400552
10 16 12 7 28620 1.0037354171574955
22 0 21 29 101754 0.9017388359395684
2 12 13 13 41732 1.075409904495744
28 29 0 8 106293 0.9637541544717864
3 29 14 28 40521 1.0897170712374968
4 8 20 10 58780 0.936435535094414
18 0 29 10 55613 1.0576422241531636
19 1 7 7 49775 0.9939800593269689
2 21 20 28 57841 0.9995191736632746
3 15 9 19 31160 1.0586927260124563
12 17 24 12 53217 1.070196446243485
29 1 11 1 51783 0.9726096505614288
5 8 16 8 39952 1.0212044295114913
9 29 29 25 57217 0.9871145523003406
14 17 27 26 60860 1.0903429699116927
3 15 26 6 84853 0.9293060473988786
29 7 17 14 56374 1.0440336901903104
15 19 10 2 48294 0.9249803973312387
16 20 13 3 52418 1.0583824111240987
15 8 22 25 74758 0.9207251617137607
28 10 19 13 42065 0.9199072406525147
20 1 20 24 95724 0.9629447299368659
17 9 8 2 38831 1.0300283184168164
15 3 21 14 74481 1.0823006879668917
23 9 0 25 102019 1.0483721586122625
15 0 2 13 64612 0.9511972622629897
9 28 24 26 50634 1.0407146199277604
18 9 12 2 39564 1.0739030339386617
14 16 27 0 80700 0.9549474495858556
9 24 21 5 81986 0.9881682131909308
0 28 21 7 115474 1.005252491841725
28 13 24 7 39050 0.945652364490283
15 13 5 24 57255 1.0125548770618453
4 23 9 18 23339 1.0547098272406035
17 16 22 0 69319 0.9360656618432294
10 19 24 25 48877 0.9954745327409501
23 24 12 15 54439 0.9317866205281443
13 5 8 14 33086 0.9027282664004164
6 13 14 9 35729 1.0142483421285604
24 16 12 19 46494 1.0362950189475764
8 10 0 26 62881 1.064630140546776
4 13 28 26 102357 1.0526611254451415
1 9 7 13 32803 1.0185985945866325
8 5 24 19 69753 0.9633177051192409
2 15 8 19 32038 1.0544723043420179
11 15 22 8 48082 1.0337698356093283
5 4 24 24 92297 1.058400689134389
27 8 22 23 65217 1.026504699184857
25 3 5 0 59017 1.0209520430154775
2 24 22 16 78974 0.9744532425143042
7 13 20 21 54207 0.9605854231279225
16 0 0 23 90402 1.0628849795387296
13 5 5 19 51728 1.0614369050973396
1 29 28 22 92631 0.9448906866191629
7 8 21 4 62994 1.0052642982988707
7 10 13 24 43108 1.0099721529073753
2 25 10 13 55776 0.9707844630147952
28 25 7 22 59430 1.0296938160159774
9 21 4 2 61183 0.9153860920660697
20 10 11 16 43568 0.9865501359597575
26 3 20 8 38455 0.9584582682964954
16 0 13 28 72726 0.9141484742303703
23 25 19 5 91464 0.9316761980544699
25 7 0 7 87255 0.9576337181053532
21 10 12 17 50627 0.9146451707505677
3 1 2 16 51904 1.0434345036772252
28 0 13 6 57796 0.9889479694093886
28 13 21 8 46494 1.043148744127749
11 24 6 0 60272 1.0472192745851747
12 24 5 8 53016 0.9839467635608793
5 12 22 7 65056 1.0752534306067385
26 14 12 29 73587 0.930180194167655
5 25 27 26 65915 1.0997238786332448
29 28 18 25 39675 0.9586979630611974
13 8 14 25 46604 0.942499375652302
19 29 5 17 54094 0.9131407487381511
15 2 27 19 95032 1.0060854327292548
18 16 16 29 53545 0.9540528783580867
6 19 26 27 77933 0.9662527256755349
4 21 10 14 35776 1.0484674853250335
2 26 18 2 100038 1.0364575478447036
7 19 24 18 49879 0.9657660710978887
0 15 26 25 92504 0.9395181429245711
29 27 8 6 94900 1.0944586902132678
12 10 25 25 67411 1.0176357835183063
3 14 16 3 61610 1.0614926744630204
14 3 26 27 99865 0.9855220652845478
28 7 18 13 52401 1.066643240906012
14 10 29 4 67500 0.9168752424403627
4 17 29 23 71619 0.9038231908888102
17 4 7 12 47502 0.9282881260104882
8 17 24 21 46343 0.9306976193024847
22 7 9 17 64891 1.0092082269195812
23 20 5 17 53342 0.9482984579536553
29 7 7 2 82296 1.0206308525965173
7 15 3 7 40312 0.9979538770296936
1 25 2 12 53842 1.0884966165909593
7 6 19 1 44017 1.038261354105256
13 9 2 14 47066 1.0455117439057033
24 26 11 11 65677 1.0236149895827795
19 17 11 3 51666 1.010579777810865
24 11 20 27 75694 0.908790248367903
3 3 7 22 64808 0.9763056639808809
5 11 10 6 24627 1.0475073601943625
16 12 5 13 43688 0.9288935556574451
28 13 2 21 92757 1.076890816307314
12 6 25 15 60491 1.006530997930413
9 26 16 7 67698 0.9903181244052186
4 4 5 18 51160 1.04741659798423
10 8 29 16 75603 1.063985535498499
23 27 10 4 84637 0.9356894413656911
7 1 23 1 48713 0.9476279944245696
4 11 27 1 82413 1.069619572506151
3 6 15 14 57576 1.0952465301807888
28 28 5 23 60510 1.073837123825716
16 2 4 9 54291 1.0014496084245876
3 26 12 16 45838 0.9053841205923825
25 22 10 6 67772 1.0889330709553786
13 8 11 23 35449 0.9184497935244972
1 0 23 29 116146 0.9910912865080146
23 17 10 13 51888 0.9018471407485178
1 29 6 2 97448 1.0966297373641443
12 14 27 6 68670 1.0142917713271977
10 27 7 12 44233 0.948668883699195
11 2 1 17 59969 0.9927274928089492
5 6 12 21 48060 1.0867597848657515
23 4 11 12 52936 1.0452561656413892
21 27 19 12 76991 0.9676021792730438
10 25 7 7 49851 0.945658232868918
0 4 18 11 72593 1.0738810081237755
16 0 15 22 69515 0.9790663854144241
22 14 13 10 49698 1.086187282999327
8 11 11 2 24879 1.0160493169519045
28 10 2 0 100759 0.9423736041174449
26 8 3 23 90606 0.9923053325881939
18 9 0 8 57665 0.9728849298664515
28 12 10 28 89895 1.021070049473
20 22 14 8 63399 1.0558254267756029
8 21 9 10 27412 1.0740434779206707
29 27 21 29 25209 0.9415677948326544
11 13 4 29 49585 1.098966424427705
6 2 17 2 45079 1.0886996321252094
14 8 22 18 57204 0.9875435691565966
25 15 9 23 59501 1.0563466667324763
25 29 12 3 78981 1.0997639331710358
6 0 8 9 25029 0.9004192932066327
0 21 29 26 86525 1.0664011266778426
15 3 20 9 38347 1.0827357942613922
15 20 5 13 45880 0.9861756383209236
11 18 5 2 50490 0.9490097929480924
28 2 24 13 47748 0.9812632204430454
26 5 14 4 51718 1.050458510100938
3 0 19 10 68231 1.0036513787551407
23 12 4 9 61878 1.0506346449741004
22 18 11 8 46429 1.0332902752943405
4 18 8 24 26643 1.0836863590855301
28 1 16 21 91411 0.9393962375814701
27 21 11 4 69972 1.0180439969626376
19 23 1 29 65048 0.9432307191453912
18 4 4 6 50147 0.9517934969639187
17 14 24 1 62149 0.9181386265030037
17 5 28 27 106349 0.9481295865380175
5 4 12 10 38785 1.0420772908380695
26 6 12 8 51284 1.0842669746899245
7 18 27 5 86039 1.0769536078084319
6 27 13 3 66462 1.0214014418773436
26 19 18 21 29122 1.0191614340660964
23 19 22 0 69169 0.9003775923611995
7 20 24 27 64218 1.0616647183593602
4 10 14 27 62648 1.031810806410033
21 1 26 25 88366 1.0586484299499468
2 7 26 18 87196 0.9132833955238746
0 18 5 25 32324 0.919343537397359
18 5 0 29 106233 0.9924802143501104
18 24 3 1 89322 1.0284461127631628
13 3 20 11 48283 0.9224541610210095
2 9 22 6 62418 0.9315357363664021
19 20 19 6 64526 1.0092390399183182
1 24 9 19 49060 1.0547779439471536
10 14 10 4 26109 1.0912980916760555
28 9 5 25 93634 1.0560452378312344
9 27 29 2 117228 1.0501175198530046
0 17 9 28 56599 0.9947381257014923
7 13 16 12 41292 1.0013362949515938
28 19 13 13 71865 1.0030689272553
21 11 4 22 67604 0.9294596110544281
16 14 6 25 60425 0.9764908666113512
4 23 11 13 34613 1.0878483435300077
11 16 23 29 47497 0.9838136222422533
12 18 24 7 63782 1.054991765335825
21 5 13 11 52187 1.0631710294257932
21 27 26 6 83448 0.9257319646758919
18 1 9 3 33065 0.9081752858722911
28 12 25 22 53794 1.005456944821093
13 5 21 28 76330 1.0428244555933244
13 17 27 4 79839 1.0375451920929455
20 14 11 16 51852 1.0855619419752751
16 12 23 25 73825 0.9479072193192937
4 18 16 15 49463 0.9852764230705531
18 4 1 16 84314 0.9322542794383334
24 6 3 8 67711 0.9080767091236176
23 14 2 19 84679 1.087899700689925
17 26 27 23 36376 0.9580435380518937
16 21 25 26 39276 1.0964908838445504
21 10 1 8 70257 1.0352830791714362
12 16 22 5 59756 0.9383534059191404
11 3 21 9 38451 0.904747644590229
26 20 0 22 72530 1.009330687199883
18 5 4 11 50034 0.9225767903367076
3 6 15 7 41400 0.9047632884357358
12 13 27 11 50032 0.9527248917650489
20 19 6 5 69199 1.0612558921536723
19 0 23 25 98661 0.9591845572753086
8 16 5 27 39689 0.9308700439126609
19 22 3 24 45191 0.9174506840969271
18 10 28 2 55776 1.0217923952018033
0 21 20 7 88370 0.9199251921643848
13 11 24 21 55563 0.9461844735379344
9 20 1 11 47927 0.9154414461997784
0 9 21 3 79553 0.95917496166457
9 6 21 15 73345 0.9870691998131225
20 11 0 18 66513 1.052987932415035
9 24 2 17 39730 1.0694791681441578
4 5 26 3 85048 1.098942837516101
13 4 8 25 54774 0.9515248280945857
27 27 20 4 99766 1.077776463051432
9 0 6 24 66059 1.075963630393359
27 11 14 14 44327 0.9905377833566572
15 16 10 21 24974 1.051502085499577
17 18 23 27 54170 0.9265237921566873
8 23 6 9 36648 0.9095187455617267
24 12 27 3 40518 0.998984562482414
24 1 13 10 62899 0.9547916213848059
22 6 4 18 72757 0.9441555704083446
8 21 17 8 50727 0.9053380888929757
15 12 1 20 64649 1.0417656750375968
2 29 19 19 74517 0.9200530953418329
8 15 25 18 50114 1.0764979651382371
1 1 2 27 96107 1.0216338158548213
6 0 15 2 31818 0.9414467043724232
1 21 7 7 54733 1.0135651624207658
22 10 1 24 98646 1.0473435230321033
10 13 26 29 65054 1.0693446427569253
25 29 9 26 41774 0.9243289968258508
15 16 6 29 48455 1.0878164824751007
18 24 9 27 35346 0.9865204283420327
25 1 21 26 91698 1.0483773900878262
20 3 20 17 70355 0.9291212058579638
4 28 4 17 34605 1.073760330773925
29 14 20 13 43038 1.0489840634988195
24 5 16 25 90050 1.0481975912662922
6 0 13 14 56719 0.9532232144093536
22 23 13 26 27065 1.084612758647056
0 9 25 1 86883 0.9450098795411095
28 6 4 14 93112 0.9985984984375735
7 15 28 1 92388 1.0544516909284525
0 28 12 16 64528 1.0691276960000757
12 28 0 15 63469 1.0102443404878387
14 12 16 1 53839 0.9537587270014994
2 9 5 21 44877 1.0493663837254996
4 7 14 2 52755 0.9765261026824464
5 7 15 5 37963 0.9555079934284227
14 14 3 2 61420 0.9617891989284546
23 12 3 16 74269 0.9290910164025769
13 20 23 12 60992 1.0995416096377386
28 20 1 14 95978 1.0936595103148077
25 13 4 7 76226 1.0054959549770377
25 19 4 5 88741 0.9318527606891108
10 5 2 23 61309 1.0757673755316899
26 17 28 26 50719 1.0410545254133692
7 19 25 28 63699 1.0617228061419222
19 7 10 3 40455 1.0705848914803247
23 0 16 6 35587 0.9187094630225473
20 2 3 7 66670 1.0217647671248862
25 27 23 9 67933 0.9626449062772114
28 18 6 19 65276 0.9979514908316902
7 24 27 24 58952 1.0118341760355263
8 10 18 14 41610 1.0988656526966958
24 19 11 24 46393 1.0754168612910306
16 16 23 13 55500 0.9645751999945341
28 11 11 13 49862 1.0828444296794872
16 23 7 29 30699 0.9435242502647185
3 26 18 9 73774 1.0736518044408119
6 27 22 23 44854 0.9319564852296134
28 20 21 2 74108 0.9280854792974761
11 27 9 6 43379 0.9731385486555183
3 20 16 14 61704 1.002458412025073
22 18 14 16 27418 0.9880885570241502
18 20 1 6 74168 0.9003734338068784
28 0 15 1 36588 1.0838476741119503
25 20 12 10 59652 1.0337821729219578
10 2 5 27 69887 1.071430314975963
15 3 12 18 44680 0.9911588212235249
11 7 0 25 70458 0.9179880268119304
9 7 5 21 44635 0.9596202808969357
10 28 14 11 43087 0.9644431572717929
2 5 18 17 75414 1.000827565112436
6 27 16 14 66243 1.070156810408879
10 24 16 9 49594 0.9803195397590541
10 5 23 1 47377 0.9020647627632804
22 20 6 20 46990 0.9642616287628551
29 21 7 16 67611 1.0353408851591588
1 6 15 0 51871 1.0830361348824085
1 2 17 21 88321 0.9698814643231554
4 7 11 0 38911 1.0461751441230958
4 4 17 7 53649 0.9743778477246151
13 0 6 14 56673 1.0630833174959196
29 16 25 28 62508 0.9161272689673787
2 18 2 7 41041 0.9756471902404932
21 28 21 3 103982 1.0299879758453354
0 8 21 22 92393 0.985299105823812
3 11 20 23 62112 1.0159369726850143
24 15 11 26 63760 0.993626354113905
20 9 10 22 52015 1.0300018223913197
21 25 11 20 35706 1.0698262115350836
21 18 14 22 29574 0.9493742102554199
13 12 14 0 41666 1.0498412219851845
14 0 8 9 34361 0.9899562272552415
8 22 15 4 55825 0.90513969551945
1 0 7 27 95351 0.9022272486780053
15 28 1 22 52355 0.9706064780791173
18 24 8 25 28058 1.0284303039091776
15 20 8 10 35796 1.0936366681839773
10 16 20 4 63241 0.9578500091934301
17 11 29 16 49207 1.0735004438845523
2 3 28 12 100553 1.0529942550927247
4 27 22 18 62911 0.99265578592478
19 18 0 17 51293 0.9477507371249081
15 25 2 11 60524 1.0602473021461036
25 6 5 1 69767 1.0517375085995833
22 16 17 4 71705 0.9625828661345056
8 3 12 22 48644 1.035011158924075
16 21 22 15 46330 0.9688567711319036
1 13 15 27 82198 0.9684833483962121
24 11 28 5 28319 0.9675824013223677
9 18 29 26 71157 0.9536161658804749
29 1 14 9 64932 1.0141886305841639
5 18 15 24 39769 0.9291040075155858
16 13 24 9 41038 1.0861476977300137
23 18 29 14 28266 0.9581274509752745
6 1 16 14 73607 1.0937877030394767
3 9 21 24 77230 1.0206652876698519
2 16 17 10 62920 0.9627773704659608
4 17 11 5 44110 0.9869149932517348
15 23 3 6 65377 1.064988346232999
16 27 5 29 40464 1.010739255349415
15 3 17 15 54480 0.962605285145518
15 12 14 3 41775 1.0264120824843685
15 28 24 11 79931 1.0122197084725622
0 28 25 8 114274 0.9537794698582129
22 7 8 22 73740 0.9653246311590358
18 7 9 5 35773 0.9789902342969165
19 11 3 13 47595 0.905028270046346
27 12 17 13 41415 1.0969025309369962
14 20 26 29 50379 1.0312478522700106
3 10 10 19 39240 1.09987966082771
15 17 26 3 77186 1.0485017067297027
2 24 16 23 41565 0.9046411134619375
22 5 24 20 56520 1.0770173836288743
18 4 1 11 66250 0.9064214035914401
29 16 18 3 72467 0.9360965725205174
27 7 13 4 63179 0.9660528392900463
19 18 2 17 45266 1.0554114295251071
23 26 9 11 67640 1.0704977841558383
16 23 19 12 57721 0.9072747049444254
21 18 11 10 39679 0.9066234739979818
20 13 11 5 50705 0.9098080523368156
9 9 27 10 57123 0.9559590836129338
11 0 16 6 30417 0.9578473163661468
4 1 2 9 34066 0.9322426876138141
0 27 26 2 135861 0.9144767693562195
20 1 11 15 55419 1.0533404711956427
5 1 27 20 99216 0.9781515753468032
17 8 2 11 49609 1.0661370907592658
12 8 29 2 75489 0.9178536834238632
22 15 1 26 91574 0.9167941730753065
26 28 3 3 109103 0.9070347456514772
29 8 19 23 75076 0.9350317283460725
6 20 20 4 83026 1.0143719789409413
5 4 15 8 43850 1.0882955075167315
23 7 20 28 95463 0.917020103208633
19 16 13 9 49724 1.0446021254730582
15 25 10 9 43920 1.0293121938489813
4 2 4 24 71538 1.0561099353098031
17 14 4 1 76247 1.0259199346814605
4 23 16 7 68785 0.9618385530591156
18 1 12 8 41404 1.0340783697588847
2 28 2 13 56639 0.9602944262099938
0 27 5 2 97727 0.9655286239239835
25 10 3 0 81039 1.043290475593822
22 14 10 21 60171 0.9785463350967383
18 25 13 3 67550 1.0800271602987555
25 9 6 28 89515 1.032262428407647
29 14 8 1 83368 0.9829394042040515
7 19 24 12 69837 0.9618314998438893
27 29 17 23 41084 1.0465959225192676
5 24 28 13 91906 1.0630448793954286
23 11 3 4 71282 1.052771998659535
20 6 16 24 77232 0.9563384869355408
14 26 7 0 70075 1.0317470209026436
25 12 7 6 60447 0.936574076401567
28 24 6 24 64766 0.9418427466524298
0 0 10 13 70854 1.0688771106176673
9 8 23 20 62349 0.9323046879326122
29 15 10 29 79643 1.0781278879196694
16 22 22 2 89697 0.9416059926934904
18 17 0 19 53482 1.0272482859379333
20 27 12 16 56290 1.0101666668652831
21 23 2 1 97923 1.0874153409093386
8 15 1 2 57291 1.026079392987306
20 9 3 13 53956 1.0361131823678804
15 9 3 3 48791 1.0459907566865154
22 9 15 5 35721 1.0763129186097455
27 14 17 15 47623 1.085755502467396
6 7 18 11 46847 1.0553016227798828
18 12 19 2 43486 0.9892774804162826
4 10 18 16 59326 1.036009399414957
29 22 19 2 94223 1.0742228194339407
10 3 4 8 35138 1.0758339184180281
11 23 19 28 29157 0.963097831065679
26 12 15 1 67243 0.9948968499855076
3 10 17 22 64630 1.0875145924486551
20 26 1 6 94567 0.9920654562236508
17 25 7 5 66406 0.9703792652237558
0 10 15 22 67765 0.926192168886146
13 16 26 2 81839 0.9504239042294981
1 26 9 29 37135 1.0034769599467765
10 10 13 17 22661 1.064912650708687
5 13 15 26 61580 1.000239150342351
25 29 19 6 92336 1.0382201332145735
17 23 16 7 67028 1.0861332514618198
2 10 28 27 102449 1.088557255278324
9 7 2 19 52511 1.0568553289319018
7 2 26 8 72303 0.9242912528373713
10 24 28 8 89351 1.0400579716219327
7 12 27 26 82365 1.0476340062645941
29 14 18 26 69853 0.9783020607109048
16 19 11 9 36992 0.969984268700706
23 14 11 11 48989 1.04487300465311
13 29 15 17 36865 0.97332990932451
18 16 8 24 46127 0.9396221053454042
9 15 22 27 70634 1.0501229303563064
27 27 18 12 81264 1.0892485053831653
5 9 22 12 56423 0.9756247659682218
5 12 12 18 30712 1.0736113548491806
6 14 7 24 46265 0.9891648338418803
26 27 13 0 101947 0.9784338486774067
25 3 2 7 83998 1.007126122203589
25 22 10 12 57391 1.0922240949537445
12 10 22 2 54366 1.019397750423685
2 3 17 23 82263 0.9674785104159824
23 14 18 26 64981 1.0687575614492835
12 7 23 13 58707 0.9041981941650434
0 25 19 22 64597 0.9940553433609856
9 5 12 22 44441 0.9666168512221097
19 15 23 4 65737 1.0530672036053101
14 12 7 2 41828 0.9415134669652991
29 2 8 17 98291 0.9969336823097373
28 29 1 11 94667 0.9458801088274482
1 15 6 6 53616 0.9400721311478403
23 22 22 1 77224 0.9867520753235509
27 5 16 2 56381 0.9550399702215083
17 10 28 22 73285 1.0996335221791758
12 6 26 0 54315 0.932498782845045
15 29 9 4 61368 0.9115480156545993
13 10 6 24 52525 0.9879670511025335
5 28 13 18 42130 0.9941543925404561
8 12 13 23 34007 1.0292102061133395
0 3 24 14 98905 1.0254858128951965
5 25 16 7 73704 0.9114601256208
17 20 12 0 58794 1.0998768406860449
2 4 19 14 82004 0.9056136588034644
7 10 21 22 64260 1.072398786469766
17 23 9 5 55706 0.9764876323578386
1 10 2 22 48705 0.9539345978462493
17 17 29 13 49490 1.0375440613387756
14 12 16 20 29405 0.9332567495228086
25 11 24 28 64807 1.0759619392928412
8 10 20 26 64524 1.0782024424927987
10 9 1 7 34942 0.9532944858910327
10 23 27 7 84268 0.9831787743777344
23 10 17 6 35773 1.0135485217884868
9 24 0 8 70624 0.9531131446069001
1 12 7 1 51052 0.9220747798446165
24 22 26 8 53259 0.9837439945007311
9 8 27 12 65984 0.9373450160858867
1 7 23 3 81357 1.0097766607956666
3 29 11 4 70870 0.9048145915039861
16 17 17 28 50245 1.0346869341392713
3 11 14 4 46072 1.064969568731191
6 9 16 19 50312 0.990359525675287
16 10 10 19 39847 0.9566041668233325
25 4 0 16 107458 0.9430852153113354
16 10 26 15 45166 0.9589396801686334
2 9 26 11 68982 1.0252800645182796
10 8 11 21 27567 1.0300217145113446
0 0 4 14 69575 0.9381298326279356
15 22 25 23 26987 0.9800260887110074
8 29 11 12 37716 1.001864148400173
14 21 4 7 59419 0.9057681622851211
0 28 10 28 46744 0.9904642141287245
8 20 12 8 34603 1.056655540893417
22 12 26 29 81314 0.9439589040622478
9 28 23 10 77660 1.0362189055731121
26 27 1 0 132530 0.9459987322212047
15 0 21 10 57565 0.9945181676025401
1 5 8 16 51516 1.067224133919494
24 24 29 7 75441 0.981187097018356
13 18 4 22 30246 1.035495691937516
27 12 4 11 68031 0.9508203356144769
0 18 25 16 70684 0.9161089298380068
14 23 20 27 33110 0.9680175480241545
14 11 19 6 34953 0.9538161018061324
8 22 11 11 26781 1.0695753018030973
7 14 8 24 33658 1.0584097578680662
15 17 17 2 64801 0.9229670412750832
17 7 16 28 78492 0.9595468779550017
22 12 27 28 82391 1.079836064830905
24 9 0 22 91320 1.0967243407322582
21 22 6 21 44809 0.9843805781649614
17 6 8 2 35278 0.9028572677835032
19 24 16 7 76538 0.9392886118916031
14 7 8 1 35924 1.036457262662736
0 14 11 29 69100 0.9389976281125312
18 8 8 16 47158 0.9656955586572336
4 7 25 1 75759 0.9525713926212814
12 12 18 5 39196 0.9346598848366647
24 12 19 29 78401 0.905946625007744
24 1 7 8 66285 0.9418139678805306
22 18 13 21 32191 1.029201890454324
13 2 7 14 49847 1.0677213752572403
12 12 24 7 52010 0.9516202106235792
15 27 7 17 45426 0.9273091110845979
24 2 18 20 79251 0.9618231957428197
14 21 3 3 67786 0.9564795057931732
14 8 17 17 46144 0.9590722667244149
8 29 24 22 50698 0.97488049451767
9 13 6 24 42182 1.0148526565612084
6 4 0 11 48700 0.9289973464806669
2 4 0 26 83170 0.9237115838975885
21 24 19 16 46901 0.9811070375639527
18 19 2 19 52234 1.0310878889656778
9 6 10 20 34190 0.9928754867432777
14 10 4 1 60846 0.9762885757104961
24 18 20 4 61097 0.9452555802513207
1 17 22 24 67985 1.0715413715604623
24 7 25 16 29840 0.9793583966850854
5 24 17 5 70395 0.9540646030160527
23 20 21 5 64311 1.0691131534636797
5 6 23 26 89471 1.0654462670686375
28 23 24 3 76013 1.0693161252545544
0 6 10 20 65373 1.097237298113101
28 26 26 4 88926 1.0586093350347505
18 18 26 12 45582 1.0639996787735866
8 28 22 1 95408 0.9422600698233763
1 12 20 16 73917 0.9423988817117555
6 4 17 20 63355 1.034795688691171
15 6 22 15 63565 0.9109727828297444
15 0 7 20 64234 0.9881766752202511
11 27 8 11 37030 0.9984543628525189
1 26 13 25 43411 0.9231491535702703
3 23 1 12 39465 1.0658900489451315
19 4 6 12 58762 1.0543438559169256
5 11 27 26 87649 0.9328314626753218
15 24 2 29 57125 0.9258259531904748
29 19 27 5 71056 1.0580278524678104
21 21 5 25 49654 0.9909107412945328
1 23 20 9 83737 1.0812195665500477
12 1 7 20 59223 0.9973757233778655
10 15 16 25 37367 1.03639993761366
17 6 7 1 45736 1.0352469429414772
22 16 13 21 43626 0.9258703255319086
27 23 24 1 77501 1.057477045239886
2 13 27 8 85863 1.0556401650662717
11 12 3 15 33693 1.0977641080434188
16 16 1 18 48925 1.0895145747992525
0 13 1 29 77847 0.9319597551879649
5 1 1 10 42998 0.953707631846255
6 3 10 15 40318 1.0808111277540031
14 0 20 14 77173 0.9169507203630407
28 15 13 9 58305 0.9919948806648344
8 0 17 10 47458 0.9216471044182301
26 20 4 12 74052 1.0960177805183575
20 18 6 7 62403 1.097560587208055
14 14 3 10 39881 1.0372477061285332
4 12 12 21 39805 0.9949467682335573
5 1 23 14 89781 0.9179644766849063
24 11 16 6 40445 1.0295437183666962
8 23 9 14 27687 1.0996162548515398
28 10 18 20 63991 1.0223517577551178
15 8 17 26 70119 1.0269305218260953
12 11 26 9 42860 1.0355245298253117
18 16 10 23 36918 0.9633931398217264
14 10 20 17 46111 0.9293315723312452
17 2 2 21 81823 1.0039628476603066
25 5 7 20 85402 0.9848486845993796
11 21 13 6 32089 1.0252065016185044
13 12 2 4 54124 0.9819929849809881
27 26 10 8 81803 1.0354694741859742
14 9 29 21 75533 0.9023741318491432
4 8 0 18 43586 0.9900814365716212
6 21 20 2 81320 1.0085796420393414
12 7 24 8 46830 0.9365590157365983
28 15 21 21 40124 1.045345010426839
29 21 21 0 82653 0.9183293376319149
18 15 4 20 55918 0.9135810630581183
10 28 15 19 32411 0.99121407510561
26 29 6 15 76557 0.9954668778218955
5 26 9 6 60728 0.9959045344819848
20 15 15 5 65251 0.9471018072301403
29 11 9 10 60852 1.0416699272527712
2 16 9 8 46721 1.0298774798644619
26 28 16 22 49561 1.011215387703746
14 20 1 0 83051 1.025800919384648
26 2 11 24 92158 0.9932050691635377
23 7 15 21 78793 1.0651146051867553
14 12 7 19 42048 0.9327227243316085
20 1 18 20 81896 0.9785469430102318
19 17 5 16 47203 1.0659694291656425
13 27 24 14 70860 1.067329053774304
21 17 18 29 54928 1.0385395787720986
8 12 22 18 47242 0.935142807960788
3 13 15 15 54385 0.9906429418816937
27 21 7 17 56318 1.0988761855158582
14 1 4 7 54263 1.043872815123763
17 26 13 19 34918 1.0076420765859349
1 26 12 1 86531 1.0055169890629334
13 26 12 15 34759 1.0810729152312628
22 26 13 18 48426 0.9969436242998113
7 9 24 8 51632 0.9735177532366686
25 29 8 24 44230 0.9697871222734995
15 29 6 2 76247 1.094603253559945
0 29 27 27 88961 1.0878420005143883
9 4 25 21 73562 1.006349061892379
2 21 12 22 29007 0.9894667036594653
7 23 19 5 68943 0.9553011077731903
11 5 1 4 42202 0.9400551299914102
2 5 28 7 89166 0.9921314806755169
11 2 4 25 60949 1.0878058694037487
22 22 24 3 74008 0.9395554660162471
23 12 13 26 74165 1.0760188186504058
14 8 12 25 44752 1.0229108763489931
20 18 8 18 29910 1.0855921672564117
12 25 21 2 84820 0.9048701200151593
7 6 28 16 86785 1.0986654714459565
23 11 1 20 82004 1.0164647086005214
21 27 9 14 69661 0.9866136741924542
16 20 2 21 36931 1.0552782165111403
17 10 2 28 81038 0.9238554440942361
8 22 29 24 56624 1.0330565310818698
8 8 28 13 75546 0.9389907139374101
17 23 2 9 64839 1.0986017296518025
24 29 9 11 63316 0.9024468231246872
14 24 22 17 45071 1.0170988086929258
1 24 1 0 101899 0.9833060779162336
9 12 0 29 70935 0.9185438975993637
5 11 18 22 54928 1.087399640096937
5 6 29 7 78449 0.9397093453317582
13 3 0 11 56475 1.0635078572022427
28 27 2 18 85236 0.9848135249614344
21 11 3 0 71679 0.9655665269707169
5 4 16 16 70238 1.0368116431729326
10 10 16 1 44932 0.9858677209418444
24 18 20 24 38451 0.9244744156840375
4 3 13 16 60531 1.0078410883083575
6 22 10 10 40979 1.0914366466255276
14 11 27 21 60778 0.9444392225684536
17 4 14 18 54143 0.9758677890415454
16 10 22 14 41089 0.9034218231271725
18 29 7 7 68052 1.096189969295408
8 5 22 16 70935 0.9181350229088285
23 13 2 21 87259 1.0164581913633337
23 18 22 29 54140 0.9159207451026325
1 11 28 15 87210 0.9684160906884212
2 1 16 22 92333 0.9333585448044217
18 19 6 2 70046 1.045663607527484
3 17 13 24 39915 1.0583714956281431
14 20 29 8 76075 1.0951125190999345
29 25 8 16 69470 0.9823102934845849
25 21 21 4 65181 0.9803689620835301
15 9 12 18 30277 0.9795660400782913
4 3 25 10 76293 1.0108112769413171
6 17 21 27 62719 0.9686182978132575
17 23 5 28 42114 0.9735359466920043
28 1 25 11 35981 0.9036226154547521
12 19 19 1 63950 1.0093543982461703
7 19 25 10 71088 1.0122887786336139
6 18 9 11 22769 1.0174978695754635
8 11 19 13 40310 1.074915772872106
29 16 18 1 75654 0.904977163558709
16 13 8 11 34736 1.0185838116825607
3 12 5 4 32478 0.9936852412854988
6 11 28 10 65508 0.9675792985394183
24 0 23 22 76239 0.9411196089930964
27 0 8 29 101857 1.070003306013903
15 29 19 9 67353 0.9896470693644848
18 2 5 9 57945 1.076594280065301
12 28 28 5 97237 1.0060598929412394
0 7 12 24 75613 1.0576868995190631
29 29 7 13 79643 1.0899404427359929
20 25 3 15 65450 0.9190571889285352
18 1 10 25 71409 0.9808074843543794
28 2 22 18 66632 0.9791486238610091
12 26 0 5 83897 1.081798439839248
22 26 24 15 55827 0.9056240727527883
22 17 0 12 77418 0.9993566968711334
20 21 22 29 42523 0.9247804475163784
22 28 7 8 79674 0.9210590524749163
18 25 23 20 32069 1.0272353902469353
8 13 21 7 58949 1.064849634196207
18 16 0 2 95268 0.9179743965172106
14 2 10 16 49123 0.9267462182659851
2 29 18 22 61713 1.0240563645784553
26 13 4 15 88438 1.070078265779792
1 24 15 13 78720 1.0660050484611703
8 22 29 21 52110 1.0919360731605539
17 16 13 6 48060 1.0506916974065752
7 3 20 23 69578 0.9611826762394793
9 16 13 25 33252 0.9183548329554196
14 25 4 8 63890 1.0382030885737477
18 6 5 28 80242 0.9399563342470524
7 18 16 9 41538 1.0266180268679237
7 5 20 20 64421 0.9249799025108738
9 24 24 20 51367 0.9252292201832204
26 18 11 24 49683 0.9965705028317959
19 27 14 16 50292 1.072815357168728
6 25 23 27 53519 1.0323612194168916
17 27 10 8 65203 1.0108627166199113
17 10 5 3 51327 0.9923290914940978
17 0 5 14 62371 0.9905550554143918
20 4 22 29 101851 1.0275064301508463
13 7 3 16 52841 1.0513169782640552
1 25 11 3 73703 1.0356138985522771
10 24 1 5 77439 1.0516412167656888
11 27 14 1 68244 1.025013774580745
2 10 20 22 73761 1.0567522036747774
4 27 9 5 64143 0.9205822624858747
27 22 10 11 67145 0.9017412150782412
16 11 25 4 42274 0.9994171764292973
27 6 8 12 66776 1.0069616506216108
19 16 7 22 49115 0.9125321070510055
26 11 17 28 81284 0.9501230985625948
2 29 21 8 104008 1.099290271376726
2 7 4 21 49738 1.0775705210508832
14 20 5 26 37580 1.0978344668297408
1 24 21 17 78733 1.0361359831738466
19 10 3 8 52881 1.0719555306884276
24 27 29 7 86697 1.0111660421861548
23 14 23 24 49124 0.9069595161080686
7 16 22 12 61950 1.0381409636422254
14 7 15 26 65604 1.0795301027604436
27 10 19 20 57740 1.0300496360723521
13 12 21 22 59708 0.9882407960029674
19 12 29 3 60124 0.9979768062066903
27 5 27 21 63155 0.9297077545536877
24 28 23 12 74434 0.9388184224879597
20 28 2 5 97323 0.9940828396996768
22 17 19 5 64694 1.0876053400941157
20 22 0 9 82108 1.0161009574797393
10 4 4 15 51927 0.9232378108826674
3 9 19 5 55157 1.0691048229435463
4 4 29 21 102680 0.9010266421897876
0 22 3 2 67979 0.9769579688821417
21 1 5 23 87734 1.060684453268812
3 5 12 27 70105 1.0428255536680584
25 14 2 24 88935 1.0025393593520768
24 3 10 12 63350 1.0136210692045284
1 10 10 21 48999 0.9032527605225594
3 0 7 11 39643 0.9037726929861108
13 23 15 7 52204 0.9116266157691432
16 5 17 22 72064 1.0207924390423495
0 12 23 22 85010 0.9942885541935031
16 7 14 26 68093 1.0836955909372086
18 26 9 5 67424 0.9695979463209237
20 27 2 23 62260 1.019774697934296
23 24 18 14 52469 0.9738688867962956
26 10 3 26 95601 1.0843251399018847
9 8 0 11 39292 0.9088779500517269
21 6 23 26 84608 0.9633618471557905
4 27 29 26 79002 0.9842157202022288
29 21 22 2 74532 0.9905369492891032
29 19 9 7 89484 0.973293059367113
7 14 28 13 83536 0.9014603845669649
10 8 23 24 63191 1.0922942271557559
7 0 26 27 105985 1.0383539354676805
10 23 28 22 47385 0.967782488323658
1 27 17 6 89949 0.9363310513083798
0 24 21 12 97345 1.0576411339501985
0 14 12 13 54278 0.9016198000282453
27 25 15 19 50717 0.9629920326679555
29 4 9 4 76429 1.0136821611111961
28 22 17 24 39696 1.0916088522135265
16 3 3 20 72346 0.937383564267428
26 19 1 13 93132 1.0554944836215576
12 17 2 2 62487 0.9666816131422894
13 9 23 2 53217 1.0897234555592896
0 22 18 26 60364 1.0808705179019125
17 14 9 4 49149 0.9144306278865802
9 11 1 17 37947 0.9408498931155514
8 22 25 20 46345 0.950001295531416
11 13 25 7 52082 1.0976937472425055
17 3 14 17 57998 0.9362144457669498
10 16 4 4 53247 0.9574402361225505
27 4 9 6 63368 1.0334440087277539
17 9 5 14 46775 1.022359192718075
22 24 1 6 91903 1.0547438955225164
11 13 18 18 26704 1.0150817037918853
9 4 28 11 66614 0.994184231384037
4 13 19 10 55894 1.0407400223396341
15 23 28 5 89067 1.053143980266989
25 4 1 13 92318 0.9554116249299346
17 20 18 29 35357 1.0225035865671248
0 3 8 23 72953 0.981333169171053
9 17 7 25 27869 1.089928313785707
12 7 3 13 37594 1.0628986117260815
29 17 16 23 53961 0.9761453151747855
29 9 2 10 77266 1.0171615797181102
22 21 9 1 76028 0.9912752403403172
15 19 29 2 96003 1.0111878088210473
9 3 23 1 45224 1.0351378787973426
16 13 23 5 58227 1.0759549240707327
9 18 25 25 52953 1.005257463136903
22 7 11 0 47075 1.0979173933759134
0 22 6 1 82547 1.0179602989611911
14 15 19 8 41045 0.995434498810605
24 7 2 11 72184 0.9535467684070597
13 23 20 13 64011 1.0569909444493468
7 14 16 16 49226 1.0886259698985703
15 12 0 0 82288 1.0649370805985863
28 2 7 16 97421 1.0297463742363195
2 19 22 4 90372 0.9373623708563036
10 21 28 1 89293 1.0336705709726746
22 17 11 9 49650 0.9550664601378094
13 25 10 9 38508 1.0228572369417939
19 13 9 9 42281 1.0147181049935103
25 8 14 21 66906 1.0478217642829242
2 9 24 22 84310 1.0437890717971128
1 1 2 27 96107 0.9549666917903931
17 0 23 15 67745 1.0059309231723306
13 5 24 29 78243 1.0334748050816218
27 7 0 2 105508 1.066010100761146
22 27 8 13 69948 1.082184888746367
17 24 19 0 86803 1.023976544874391
24 17 3 19 61557 1.0061770327649817
11 5 20 28 65594 1.098797416045091
29 3 21 22 90275 0.9539350170248715
5 26 23 20 60935 1.0136520825179782
2 1 11 8 47948 0.9533830314938959
18 10 16 20 46829 0.9251410024616605
14 12 3 17 47905 1.0841562986234174
0 21 11 18 32521 1.0904367742731411
6 22 27 10 86463 0.9028542144737964
7 20 23 1 86793 1.09125641665982
1 8 12 9 37687 1.0480302422096157
4 28 9 5 66997 0.9052349962245253
7 7 0 19 54640 0.9014326705917136
9 12 9 26 40558 1.0325106643229254
29 16 18 22 55184 1.0728582466922556
24 22 11 5 66394 0.9938877437463607
22 3 24 23 73694 1.077844546941822
28 16 7 29 84818 1.0786647805109897
25 18 5 27 71643 0.9501577082673639
23 28 26 7 83140 1.0932329511188903
9 10 17 2 50514 1.056329790114205
6 20 16 5 65767 1.0200159301159983
8 17 27 0 82956 1.013998503131294
1 3 3 24 70117 0.9253822776713824
3 8 16 28 76172 0.9655162672156226
26 16 1 16 85117 0.9462778848135039
26 17 29 8 41343 1.030297278930857
15 27 6 13 65401 0.9755163291441495
19 19 0 0 105257 0.9610911805918492
5 17 14 18 25778 1.026906032695094
20 26 6 9 72432 0.9263461359101847
2 11 14 21 49986 0.9153467639631303
21 25 12 13 57230 1.0160715368345767
23 21 11 23 33885 0.9876250813755296
21 7 25 25 79773 0.976218168390926
15 8 20 18 53140 1.0456141964054715
5 14 27 2 98884 1.0780273175338952
8 11 6 22 33293 0.9479601554270096
28 5 18 0 44973 1.0518060948698804
27 13 10 22 70708 1.0582014192842666
13 24 22 2 81015 0.9199381167973505
22 29 8 1 82595 1.09276600157917
21 12 28 23 66729 0.9315763285399652
9 7 9 20 39886 1.0873796574254204
1 16 22 0 96457 0.9394878645881434
12 22 23 12 64952 1.036594669091373
24 25 18 1 99027 0.9174190323518471
13 29 22 18 52033 0.9653234855553996
26 13 5 29 95927 1.0052180085139393
17 9 27 29 85221 1.0705564601245168
14 28 24 9 82256 1.0237302861114894
17 25 9 6 55878 0.910809657105859
24 8 11 29 77904 0.918207283165052
18 13 28 22 64449 0.9112367795293603
9 29 14 12 49031 1.0563210874383246
19 21 27 23 26984 0.9400225364282011
7 16 9 2 41569 0.9424754410840037
10 10 4 25 48412 0.9478850513081152
25 24 4 14 82159 1.0117227933340325
25 16 0 26 92860 0.921863196906953
25 14 4 5 82346 1.0580982553177878
22 17 17 5 62931 0.9599799694446287
11 23 25 7 71127 0.9065752992834423
21 4 13 26 85573 0.9302082681744962
2 21 15 14 55034 1.0754926965658096
20 1 4 6 56853 1.0122128788802716
11 17 24 19 39507 1.0977902196480545
10 8 9 24 43618 0.9469850556160488
10 21 1 0 79125 1.0982144626311496
7 24 7 10 42213 0.9075239992044436
0 5 14 1 67030 0.9771824814756535
3 14 12 27 53300 0.9079893739645016
17 16 21 25 45681 1.060462539931859
