2942 4590 3930 1647 4180 4790 3413 4888 2371 2335 3266 2279 2821 2652 4226 2912 2772 2533 4471 3480 3019 4835 1624 4215 4260 2217 2786 4422 2903
5610 7965 7419 4826 5128 7579 7999 4758 4708 7391 6633 6233 7620 6832 5681 6715 5607 5713 6644 5124 4980 5402 7113 7577 7168 7981 4806 5105 5144
1671 4508 3209 1523 1600 3643 1705 2238 2518 3448 1910 2004 3653 2656 1332 3477 3803 4367 3289 1278 3164 4526 1754 1679 4108 3229 1721 3791 2077
5781 5722 6317 3368 5984 4369 4256 4954 6400 6353 6301 4813 4461 4266 4710 6043 3721 6401 4320 3241 3432 5918 3811 5690 6057 4970 5739 5346 3810
1753 3154 4763 2770 2441 1874 2014 1636 3925 3841 1662 4473 4627 4298 4589 2008 3787 2794 2712 2485 1889 2756 4170 3864 2796 2594 2667 3767 2579
4083 3142 4892 6004 4053 4841 5425 5872 5908 5759 3143 5828 4886 4510 3811 6031 5770 5420 4067 4817 5092 5832 5006 3504 3763 6038 5962 3200 5071
6103 8086 7900 6557 6418 5712 7255 6325 8181 7425 7992 6951 7235 5665 7132 7831 6769 7987 5305 7178 6091 7216 6899 6743 6530 8034 7079 6872 5686
4260 3778 2202 3936 1642 3215 4440 3673 1938 1647 3535 4400 2567 1782 3827 3740 2929 1927 3980 3602 2038 2113 1986 1857 3603 4458 2278 2725 3388
2769 2340 2597 3568 5501 3208 4223 5389 2622 4507 5440 5349 4471 5054 3097 2711 3777 2801 4403 2964 3287 3462 3551 5363 2751 5199 2566 2500 3328
5049 4612 6575 5587 5158 7257 6518 7469 7035 4820 6681 4601 6418 5129 7207 6836 5956 7306 4828 5131 5306 5056 7501 5315 5798 7044 5774 5354 5453
4658 5588 4711 4294 2935 3043 3617 3030 4081 4606 3307 4875 2816 5684 4469 4549 2992 3514 4071 3750 3238 3003 5317 5570 4795 3356 4428 2987 5575
3845 1423 1612 2689 3668 1214 2903 2483 1820 2816 4376 1468 2448 1706 4391 2144 2231 1257 3119 2408 2445 3386 1552 3712 2021 2192 4191 4119 1667
3104 2895 5654 2865 3779 2736 4532 3710 2777 5029 5533 4336 4311 3950 3771 4183 5486 4082 4473 5033 3880 4332 3303 4333 3507 3952 3569 5124 2903
5286 7763 7564 5088 5194 5804 5010 6579 6063 4884 5598 6931 4713 7619 5114 6517 7474 6960 7075 6908 7204 6900 6928 5776 4769 7784 5280 5091 5597
3057 4835 3876 2586 3131 1946 2885 3684 4285 3712 2495 2510 3347 2737 2930 1948 2033 2666 3268 3331 2788 4581 2116 3027 4158 2213 3958 2005 4506
3900 5923 6026 4368 5327 5952 5356 5162 6474 6433 5039 5624 6895 5666 5816 5613 4990 6981 5589 6706 6393 7036 6292 5891 7013 5693 5562 5545 5465
5083 3474 3223 4082 4998 4284 3065 3635 5918 2942 3988 3209 4180 5743 4026 4702 4267 4424 4824 5283 4327 2979 5076 4459 3603 5267 5623 4238 6188
7198 6939 6024 7845 4963 5970 6058 6641 7784 6329 6266 7413 6149 5336 7112 7778 6794 8099 7568 7137 7851 4935 5414 5521 5970 6995 7370 8065 4928
6228 6526 5327 6643 5993 7532 8222 6228 7367 6051 7950 7984 7902 8195 6448 8250 5933 5906 8074 6632 5831 8247 7054 6857 7494 7658 8413 6245 7245
1253 3070 2989 4276 4361 1265 3279 1424 3829 3787 3291 2120 1296 1743 3470 2816 2317 1334 2259 2828 2805 2765 1868 1531 2574 2900 1376 1851 3875
8643 7394 7470 6821 6714 7174 7185 6962 7232 8784 6004 8659 6990 7966 5844 5756 8315 7658 8074 7567 6138 7309 8604 7269 7315 8633 7864 5611 7933
6520 7059 7880 7249 7842 4800 6224 5700 6664 5648 5921 6143 7041 5786 7325 4644 7376 5636 7524 5438 7787 6585 6145 5591 5686 5234 6024 7194 5853
5605 4695 6080 4598 5427 5334 5764 5286 4258 5805 3325 5709 3593 5661 3119 6063 3415 5140 5359 5086 5163 6179 3698 3468 4241 2964 6169 3900 4250
2992 3683 4869 3170 3866 3417 3722 5085 2629 5008 2231 2310 3751 2610 2951 2315 3707 2163 4488 4955 3845 1967 3161 3897 3876 5179 2013 3175 2831
5571 4905 6101 3506 4865 4126 6115 4594 4821 4240 3879 4006 3901 3732 3306 5499 5150 3901 5808 5276 6250 3343 5796 4441 5862 4724 4274 5017 5016
7673 6214 7385 5336 6910 6387 5040 5661 6837 6229 4717 5697 5423 5996 6685 4765 5012 7745 5990 6387 5509 6422 7012 6827 6085 5487 6033 7055 6487
7034 6468 4333 7363 5960 5068 7248 5871 6880 4758 4625 7011 5215 4972 5779 6915 5849 7026 5304 7190 5193 4686 5818 7196 6558 6995 5106 6188 6736
4726 5887 3600 3422 4122 3925 3607 6034 5999 5385 4360 4325 5609 4705 4929 4412 5015 6656 3685 5515 4419 3888 3770 3669 6407 4113 6416 5068 6362
7107 6596 5885 8269 8024 6113 8202 6296 5577 5329 6444 5930 5941 6023 6250 7548 5747 5631 6122 6496 8119 6715 7257 8161 6346 5317 7061 5532 6289
7745 5750 7985 7088 7471 6963 6569 5074 6732 7637 5373 6317 5750 5892 7819 6998 5846 5060 5468 6386 6917 8285 6931 7026 6810 8290 8374 7971 5257
7435 5627 6959 2587 4827 1461 4425 3070 7376 7281 4988 6390 4610 4400 7643 5253 2880 5285 4975 6632 5999 5172 4095 5216 7789 4815 5278 4723 6094 4879
4528 7717 6716 1931 3034 4296 2388 2095 4903 7149 3910 6800 7214 3325 7192 7048 4322 4278 4960 6105 6028 4842 4075 4792 5256 5865 2644 5318 7727 4428
4746 5586 7682 4517 3945 3073 3477 2213 7508 6951 5257 7601 6823 3422 6973 4319 4731 3070 3550 7867 4957 3126 4740 5655 7009 5406 3474 4299 6880 5041
6476 8551 6921 4405 5021 3543 3478 2741 5452 7509 5156 4927 6772 4775 6345 5636 2233 5896 5270 6463 3731 5138 5794 5953 5211 4953 3498 6158 5867 5353
7229 6153 7571 1774 5131 4364 1931 2057 6879 6643 4667 5823 4807 5101 7711 4346 4454 3800 2766 5484 6675 5401 6552 5366 7109 4157 4245 6114 6031 4027
5095 6681 7119 4348 4626 3974 3035 3728 5102 6568 5306 5208 6415 3875 8195 6074 3913 4043 3261 7866 5943 3481 5605 4989 7397 4757 3321 5672 6578 6893
6873 5946 7025 3449 3335 2176 2124 2034 6346 7616 6356 6435 4082 4657 7005 5068 4342 4849 4294 6839 4581 4867 4112 3748 7089 5761 5086 6085 5360 5767
7041 7210 7101 1383 3114 4419 3298 3740 7247 7146 4668 6375 4912 3856 6601 6360 2687 5109 2964 6914 4129 3020 6583 6025 6697 6834 3394 4428 4954 6424
5429 8445 5502 1331 3450 1751 3239 4205 7595 5081 5754 7114 5574 2936 8698 5600 3297 5497 4393 7538 4324 2597 6468 4886 7745 6046 3258 3995 5040 6064
7146 6059 7469 4203 4064 4400 4048 2228 5903 5568 7039 6246 4760 4413 7781 7111 4006 5855 3679 7817 5516 5201 3530 6195 5558 6451 4077 3969 5682 5938
5250 6514 6284 2941 4618 2736 3686 3316 7083 7861 5514 5633 5646 4181 6768 4147 4906 3881 4599 8114 6288 4558 4386 5850 5295 4466 4017 4454 7378 6536
5128 6021 6360 3749 4277 1901 3172 2123 7593 5260 6046 7271 4312 5621 6012 4584 3740 2837 5399 5383 6330 2092 3493 4030 5452 6873 4633 5185 5320 4587
5942 5652 6398 2781 2905 2738 5226 3270 6193 5353 4802 5495 7197 4555 6724 6945 4112 5377 5536 6004 6145 3241 5862 5907 7893 4987 3426 4608 7889 6207
7433 5735 5009 4238 4925 3543 2005 4998 4963 6228 5006 5857 5941 3570 8022 5765 3458 3377 3749 5903 6239 4526 3896 4777 6570 5552 3121 6088 5678 5082
7134 7086 6028 4435 4124 1591 2633 4303 5360 6622 6238 6630 5246 4695 6506 4297 4613 3890 4089 6840 5872 3611 4083 5715 6231 6750 3572 5565 6736 5839
6057 6275 6233 1871 3130 2653 3327 3672 5869 6918 6502 5747 4718 4281 5507 5011 4211 5835 4589 5275 4821 2909 4894 3751 7243 6383 5364 4855 7878 4516
5304 5714 6079 3000 5361 2663 1904 5105 6510 5714 3943 7786 4272 4777 7802 4802 5350 3548 2499 5809 6449 3690 5899 3466 5174 4313 3300 6874 5505 3717
7028 6917 5889 1519 4027 3963 3325 3483 6756 5217 4375 5989 4374 3259 7936 5050 3732 3627 3840 5155 4485 4808 3550 3911 7881 6076 4968 6422 5187 4298
7352 5415 5272 2342 2985 2518 3114 2584 5091 8020 6371 8056 4864 3474 8624 5206 4715 5017 3875 5015 4427 2707 5432 4278 7712 6738 4513 6250 7065 5517
5805 6908 4393 3040 5575 3735 3472 2126 7423 6219 6620 7656 4441 5321 5603 6622 4617 3475 5435 5793 3614 2492 6130 5479 5484 5084 3336 4323 6031 6853
4956 6498 6809 3018 4908 2437 4146 4878 6656 5749 3894 6248 7035 4495 7998 6144 4334 5531 5438 6223 5433 4261 6018 4831 6314 5315 4262 4195 4936 6224
7119 7436 6634 4186 4178 3788 2484 4058 4775 6219 4952 8040 6174 5209 7875 7029 3621 3523 2531 6764 5844 4151 5747 5302 6134 4548 4913 6965 7151 6935
6742 7019 7597 2581 5052 4345 4965 3350 5725 6480 7154 7765 4995 2611 7048 5505 3573 4089 2936 7642 5691 2471 4274 3599 5488 5146 2994 6438 7838 6212
5574 8466 5812 2623 5189 1500 3831 4603 6353 7949 4315 7600 5127 4952 7853 5484 4122 5244 2449 7106 4508 3119 4125 3427 6412 5861 4384 5379 5704 6990
4792 5395 6529 1931 2558 2197 3212 3422 6963 4984 4757 6232 6432 2530 5594 5996 2343 5776 2406 5650 4767 5262 4760 3542 7859 4560 3479 4319 5268 6594
4903 7213 6446 3607 3880 2607 4743 4978 4554 7732 4642 5864 5276 5597 7628 6703 3114 4514 4455 5184 5742 2214 4814 5315 7423 4949 4050 5507 7497 4829
5986 6958 7116 3037 5440 3432 4038 2247 7202 7918 5614 6922 4391 3184 6391 5583 3649 3540 5563 6812 4805 4474 5393 5374 7476 6113 4094 4653 6003 6903
5903 8314 5979 3296 3098 2753 4276 3783 6773 6166 4183 7196 7119 2840 6986 4946 3060 4180 4225 7619 6763 4368 3448 3195 6056 6508 5223 4886 7934 4283
6822 5669 5046 3133 5632 1546 4656 4939 5433 6782 4310 6492 5810 3933 7841 4396 2433 3603 4392 5404 4214 4726 4467 3497 7578 6047 3998 6040 7970 6770
21 5 4 3 53528 1.0075457904877747
29 5 25 20 73166 1.0998300587798449
26 21 23 2 77687 1.0594689317453878
5 2 14 13 61950 0.9074244748569585
6 7 19 11 57392 0.9367859929911966
15 11 4 17 61929 0.923299632849524
9 28 24 18 84242 0.9400068617482661
29 1 17 29 119980 0.9433273004773649
17 27 15 17 51644 1.0130046498621275
20 1 11 7 44150 1.0286243881937622
17 13 29 28 93508 1.0433707312771967
0 0 16 22 105183 1.065893384840691
2 13 5 21 33497 1.0466818792597348
29 4 9 7 67042 0.976178462816859
0 28 0 1 90934 1.0225715841939984
25 27 1 3 135777 0.9753435910286558
24 11 4 14 98044 0.9856170793836181
29 5 1 4 84980 0.9471708692780941
3 10 19 16 86720 0.9698021028215932
7 6 21 11 66982 0.9294308043418122
16 24 20 3 72287 1.0907632636765678
12 17 26 26 77260 0.9356908811622755
24 17 15 22 49660 1.0390913431866196
13 3 3 19 77714 0.9486029468927051
9 27 17 3 87711 1.0148689969946285
13 11 7 1 49877 0.980511861667087
17 11 29 25 93663 1.082973219898851
15 1 22 22 85416 1.0883516252938839
29 7 12 18 93988 1.038073663612193
24 22 16 15 48884 0.9019144401190065
2 4 6 24 74008 0.9566231729398199
7 18 2 12 34984 0.9959768978191635
25 24 6 5 109214 1.0229857309617305
15 24 2 16 71579 1.0021750711166624
26 4 6 20 107194 0.9898142761359208
27 2 23 28 99335 1.0312066914816578
22 17 26 8 48049 1.0373146519062486
6 9 16 8 48717 1.0144484573339212
15 23 7 2 79917 0.9536080320418177
20 17 5 4 78591 0.9876254626282559
22 28 14 10 79847 0.9269988199988085
12 19 8 29 42845 0.9559790162016979
15 29 17 10 73813 0.9754104385721125
19 26 13 18 42171 0.9766269659172888
26 3 9 9 68164 0.9263643979315443
14 2 12 15 47984 0.9042711392534547
10 21 20 0 83970 1.0592106761961553
3 16 12 2 68648 0.9954721994124134
1 12 22 21 102585 1.098930910152586
1 2 26 28 154692 1.0070146602005698
19 6 29 29 109896 0.9726845339723408
25 2 27 16 68232 0.9767690161181746
16 12 10 6 42806 1.004735391953188
26 25 9 5 110215 0.9479848263439985
13 9 6 29 83189 1.0939691335266915
24 16 17 21 39325 0.96991278637537
12 4 5 11 45349 1.073079626524673
4 29 25 17 113216 0.9326292508269338
24 29 18 9 80238 0.9682277950867498
29 16 28 26 57853 0.9428818436216192
28 8 1 11 109587 0.9151001360899831
15 28 14 13 50495 0.9551071172366075
12 27 24 19 70475 1.0799797778010092
20 13 10 15 49797 1.039929218780054
1 25 24 9 135316 0.9634714071288166
9 23 24 22 64034 0.9197739352316489
26 27 10 12 98444 0.9985345494460581
29 17 21 29 80193 0.9296656387863431
28 25 18 23 53335 0.9889105979411443
29 23 19 13 62366 0.9281787646046931
4 2 24 24 118353 0.9191097972381398
15 20 5 3 80261 0.9930791413757711
18 13 15 29 59834 1.0919953872001689
0 24 14 9 94318 1.0211571772572412
19 2 28 1 42789 0.9623401252837287
24 6 6 19 97983 0.9680165905746604
15 4 11 20 51884 1.009293417600037
12 20 24 8 86604 0.911283713046107
22 6 3 2 69445 0.979151772648914
29 10 1 8 114742 0.9688445763462488
24 11 4 24 113449 0.9506644350023524
13 20 25 16 57991 0.921230611665835
11 5 29 23 104227 1.0774401477691016
22 12 23 1 44985 0.9383177818699562
14 22 4 10 73533 0.9464740656435847
24 8 6 9 79863 0.977822201345404
24 7 12 28 102929 0.977436529768077
21 3 7 4 43787 0.9522982717103057
29 28 14 21 84928 1.0398077484107568
28 17 19 6 65235 1.0140302929943692
15 1 0 29 130476 1.0154824174817405
9 0 2 21 76506 0.9355187500793188
8 15 21 2 80213 0.9234638089401485
11 13 1 19 55899 1.0470238631617539
25 3 9 22 94765 1.0613457857047317
16 16 10 2 61912 0.9965143489022711
29 6 15 27 110063 0.9240522389632099
5 12 4 26 49408 1.0523589420955937
26 8 0 12 108521 1.0985200932196113
23 23 8 15 72203 1.076994003265857
23 7 28 19 59980 1.0134912076716076
12 2 25 27 110495 1.0128211123989814
4 23 8 1 75851 1.00377719726707
22 6 21 19 55083 1.0966016240425538
5 19 20 25 74161 1.037032346519728
6 13 29 7 101436 0.9362330639917934
27 15 15 23 65367 1.0155757481197838
11 28 9 0 86035 1.0356363106378321
29 3 10 22 104308 0.9823735408209734
25 3 24 21 69896 0.9067739395431599
11 28 20 8 90075 0.9750274744753176
2 16 12 17 39373 1.0662597674780154
1 4 17 12 77557 1.0873005072634363
3 27 12 12 75547 1.0760670369782293
20 14 2 15 82782 0.9141445821239271
23 27 14 19 53000 0.9788667338757157
8 18 17 28 68418 1.0828758899098914
10 21 7 14 32861 1.0143566288879173
4 23 9 7 64243 1.059699293485297
15 4 17 26 78106 1.0718338553288664
21 18 8 7 77587 0.9387254740368185
7 8 15 12 49485 0.925457226390722
26 1 9 17 98589 1.0820045420441218
23 6 6 24 105311 0.9589877766476728
21 16 8 26 72293 0.9193850517079044
19 29 18 18 30507 1.026768131541171
15 10 27 1 72742 1.0001979309455828
1 7 17 20 90624 1.0120748913041906
2 8 13 13 54087 0.9210811359953744
6 9 29 22 122683 0.9737569293413819
9 12 24 21 75536 0.9521143742730125
5 7 22 25 105632 0.9961608781278461
1 25 8 15 53857 1.0092862396334255
12 6 3 8 33635 1.0807731831933176
24 5 0 29 138155 0.9393216493576881
10 2 1 12 53811 0.9310648706997081
20 10 4 3 67560 1.0903805611429398
4 2 20 9 68135 1.0936584600951818
26 25 14 10 89096 0.9304781308935428
9 24 9 5 65868 0.9236868302294731
6 10 11 25 62616 1.0585197248295617
12 22 21 7 72147 1.0040292155208759
13 21 0 27 63274 1.0423268570527306
0 10 1 22 43361 0.9773760142995809
3 4 15 5 41055 1.0140215941330626
10 21 17 18 34981 1.0100245961765881
22 2 20 21 67316 0.9737901001204631
3 4 16 17 79378 1.0084999172036133
25 15 12 5 74637 1.073302628966398
1 2 3 26 75728 1.0253642046879468
26 4 11 0 56207 1.055586332676761
3 8 14 7 38787 1.0628062419795155
13 8 25 11 68717 0.995050290268601
11 0 15 16 56929 0.9513244152935634
14 25 4 17 60463 0.9259984455758973
11 11 7 2 34029 1.0394673523152025
6 22 0 5 69885 1.0868785572206574
15 3 5 16 69254 0.9403734836060051
28 18 9 1 110944 1.0658162261512865
4 16 11 0 65694 0.9660486799557797
5 6 9 20 56219 0.9242280495862129
14 13 25 13 45604 1.0346258702713238
8 27 21 1 112541 0.9551794005834193
29 16 18 24 60285 0.9820036584816996
17 22 11 29 47477 1.0523375930308674
3 4 28 9 100081 1.0706734095259647
27 24 14 19 63615 0.9873590310637385
10 5 17 26 78244 0.9741727411207517
25 16 11 13 64782 0.9832229632197459
10 4 0 9 41967 0.9659408695796594
29 1 19 22 94190 1.0660637881305257
21 25 17 8 64879 1.03466001224969
23 7 26 14 39065 0.9477997115971053
21 21 9 25 55925 0.9555394280215264
26 18 5 27 102770 0.9565443334964868
8 23 11 1 67990 0.9711518038381765
0 27 20 4 126098 0.9297825090488225
25 22 20 13 49120 0.9442769044136193
10 0 14 7 31500 0.9466157436340519
10 12 4 16 36079 1.0144328227396107
3 26 17 24 65056 1.0016582152334788
18 4 0 26 115885 0.9994585845744025
13 26 3 23 50664 0.9375656652944233
18 6 15 19 54133 1.0020710381483648
27 11 9 23 106328 0.9493117344612431
27 23 3 19 101672 0.921167413149422
18 12 29 14 52724 1.0398046630772577
3 11 28 2 100758 1.0156401000168094
18 4 29 25 103839 1.0116860561319032
21 23 29 26 44197 1.075282179273978
24 12 18 28 66347 1.0412861851822728
0 4 27 18 124478 1.0268705254038448
1 28 12 1 108342 1.0384172237042364
3 2 19 23 102574 0.9728497458945286
4 29 5 19 35051 1.0538375283265469
16 20 5 11 74403 1.0959540060178172
1 8 18 24 106895 1.0323694174706237
22 4 10 0 50907 0.9793342548049201
10 13 22 26 75615 0.9070934541356301
9 28 28 16 101537 0.9388186026840024
22 19 12 14 57878 1.0901280209646647
1 0 22 2 82526 1.0289030855908305
1 5 18 2 62472 1.0867276080580872
15 27 26 21 58867 1.0991097900391162
13 11 21 21 57565 0.9516635297245263
20 16 23 1 62830 1.0906852528455835
3 9 6 22 60975 1.09714623758469
21 14 5 17 80535 1.0571892767913829
5 18 26 18 82416 0.9184003702558761
21 9 22 21 52938 1.0408790306512192
19 16 5 16 57082 0.9042914928250456
2 19 17 7 84428 1.0635967280986334
27 0 14 5 57120 1.0976308681200602
11 9 20 13 50661 1.0047470362442652
18 11 26 14 47159 1.0187128436711879
2 27 28 27 111051 0.9251880995984566
25 0 5 24 132746 0.901871243408101
1 22 26 18 107116 0.9792534683062328
20 29 9 13 81472 1.0504653654478089
15 18 16 7 44411 1.098341378745512
4 3 12 23 73983 0.9627754140956819
5 11 18 12 69544 0.9956210220024884
10 22 12 12 34022 1.0350409314022047
29 19 18 4 84615 1.024464847275919
1 9 21 23 113921 0.9535822406370056
0 7 23 26 121266 0.9261372469987177
16 27 27 4 98068 0.9308287160405643
26 10 12 20 86942 0.9289669044455766
24 9 7 2 72961 1.0739451959176542
5 27 5 11 64017 0.9874660737355917
13 5 15 13 33102 0.9453237005319876
23 7 3 26 121074 1.0613289109098563
23 27 16 18 47262 1.0869848329372398
22 26 0 29 96674 1.0755909966795298
28 21 13 9 90152 0.9577888129776563
22 9 8 5 55607 0.947403787935106
9 11 15 19 49723 0.9334103393259073
19 5 29 5 28340 1.0355628416322908
2 24 16 27 66876 1.0809027285642414
0 8 12 13 57347 1.0431028629933756
28 29 0 5 162154 0.923843145167036
5 3 7 13 36452 0.9759343109427207
22 28 4 22 91862 0.933077809087331
0 9 19 2 71930 0.9035598667961147
3 18 16 27 77230 1.0502906093110411
23 22 9 8 88541 0.9224385956481235
9 23 19 14 62396 0.9798285804330946
5 19 15 22 51278 0.9365503326357599
16 18 26 15 46504 0.9328887557268879
22 13 1 2 99795 1.0663264986292083
28 29 15 19 90618 0.9049089531240379
7 20 2 5 57668 0.9969033336954018
15 1 17 18 68156 1.0630700692748978
22 20 19 27 29081 1.0638095507018703
29 21 23 16 43321 0.9143563028494619
14 12 24 29 84597 1.0935859067151097
1 16 25 18 94987 0.9597568339106308
9 13 15 29 68646 0.9961449937461421
9 9 29 18 106002 0.9816721072092656
1 17 14 18 56678 1.0864840981057953
11 19 0 2 73440 1.0678065173441804
25 2 2 20 117254 0.9410399482036389
22 2 6 20 102445 0.9779461935997533
23 28 6 18 87816 1.0730071445112197
17 25 22 6 70252 0.9959645542124285
6 26 12 13 58017 0.9789646214594658
20 5 20 28 64494 1.008117315556235
17 8 4 3 55084 1.0475445778722854
27 22 20 1 93799 1.0385768733265395
22 29 15 5 88307 0.9680490210602362
7 1 14 13 55241 1.048981531047118
20 8 13 21 63569 0.9325008259165498
20 23 0 17 92912 0.9315611276761324
16 17 6 1 78978 1.0093098493849757
19 10 20 22 35174 0.9510135090730752
24 3 17 7 34575 1.0806293646094367
14 12 23 28 74776 0.9078227250480345
3 25 17 15 82437 0.9084910572792109
9 20 27 0 113890 1.086538343454537
3 21 0 12 37038 0.9115875409140511
0 2 5 21 66187 1.0896392661729875
8 18 20 14 61642 0.9526316098839069
29 16 19 9 53389 1.098810316428797
19 24 26 27 37998 1.0482376208216064
14 8 13 19 37834 1.045046664791334
15 8 19 20 52520 0.9054424114451224
5 23 20 18 69123 1.0603405503428798
11 9 5 17 46066 1.034761602189038
22 19 12 19 51413 0.969308427272314
21 20 0 18 92119 1.0633734340183063
25 23 14 17 54922 0.9471476782015195
21 1 11 13 66059 1.0950042256502783
14 25 0 25 57902 1.037946296164364
25 2 21 18 66341 1.0617903367808434
13 25 0 26 55864 0.996812135959667
29 22 17 8 85989 0.9076438029880581
12 10 27 13 72545 1.0911191055444984
6 27 10 2 88826 0.92153548623081
19 17 25 29 57972 0.9212499046065287
26 13 6 23 99450 0.9244331934785458
29 4 11 15 83006 0.9833611720736932
1 27 12 17 66338 0.9280873043828589
22 19 17 27 46839 1.0054569056358063
14 7 2 28 96598 0.908659267893617
10 9 14 0 40211 1.0316058868887645
2 22 6 12 51051 0.9609120342155961
15 3 12 19 58093 1.0374773783817821
21 29 14 6 84586 1.0769376648739326
14 27 28 24 73763 0.9119736167800113
7 7 18 22 77155 1.090860896974602
20 20 24 3 64636 1.0627850844039501
21 11 12 28 85487 1.0446896919194364
3 22 0 9 50836 1.064764586819782
28 3 28 22 96756 1.0147149306191094
3 2 9 28 96742 0.9889252898257841
24 28 11 11 89236 1.0667593488392155
27 21 13 17 61271 0.99610006021202
18 9 26 23 68873 0.9553465187202707
25 3 14 4 33132 0.9267018677985287
3 23 26 22 95771 0.9018497123122436
1 16 6 6 39492 0.949658198572094
24 21 13 1 89908 0.9125272320370373
24 5 19 15 41309 0.9487371079950255
16 28 4 26 56805 0.9714694930983367
6 0 25 24 127060 1.066463739849158
2 8 22 18 98634 1.0719575907685364
19 22 14 4 59147 0.941894914329825
7 13 23 29 97833 0.9209316638015087
26 15 14 10 69506 0.9644390689742068
3 3 21 1 67234 0.909842694323801
18 23 24 7 63245 0.9575888864761158
9 18 27 5 85146 1.073965030329479
25 26 28 1 114187 0.9216015117786424
17 9 12 24 70445 0.9601135242482459
28 9 28 29 107118 0.922696815237163
11 1 25 27 109679 1.0497248174017961
23 29 6 23 84833 1.0395185511432186
11 9 4 5 29499 1.0605193319513473
4 20 15 22 49537 1.043110830817179
23 14 10 23 71326 0.9712980529605941
27 1 0 8 100080 0.9001063470300213
23 27 9 7 97396 0.987065718344545
0 17 2 2 44890 1.032577016262766
22 6 15 28 89142 0.9494088631683585
28 11 6 16 107259 0.9905513056160469
2 3 3 19 47747 1.049379856868851
4 18 2 3 45252 0.9639867316915999
18 16 13 10 38879 0.9595898224663875
18 9 25 18 51389 1.0932689345425701
26 18 9 21 70885 1.0946339722921299
27 10 24 26 77118 1.066365350606962
5 9 21 23 103947 0.981010521949516
6 0 15 18 81195 0.9750223125977199
26 26 20 8 80374 1.031135366036604
24 13 28 6 43971 1.0625050791708763
22 28 16 21 43602 1.0152436173390271
13 6 21 15 53313 1.0199789527529457
1 21 15 29 81996 1.016225163836264
19 3 3 18 89549 0.9203790926302444
2 20 12 26 56643 1.049369348149436
23 6 26 13 37815 1.0501709776798784
7 21 5 13 32357 1.0224077330013843
19 13 6 22 68757 1.0025709826816354
14 26 0 10 93364 1.0517166572061543
11 24 29 8 114818 0.9402905840050488
22 3 0 20 110455 0.9801271642086002
9 21 12 3 57533 0.9503554010323991
22 18 11 23 53818 1.0098439224546345
0 16 19 9 91256 0.9136377680785815
29 0 20 12 81959 1.038135810377994
15 4 2 3 45829 1.0694626730501122
9 0 9 25 86450 1.0429877900790423
18 1 11 9 44997 0.9765622646921028
28 21 19 5 72675 1.062375057201803
12 5 27 1 58675 0.9044352569941206
4 18 23 17 77339 1.0715666446371552
29 10 27 18 48504 1.0694357377886015
7 25 13 21 30268 1.055490865954753
8 5 25 17 86399 1.0991357615599473
18 18 28 3 70727 1.026661615229115
0 6 3 28 74317 1.0972965807093187
12 8 22 23 85309 0.9840861155320814
25 4 16 18 65413 1.0420703979119532
11 29 24 17 81006 1.0092927298986056
9 13 13 1 49187 0.9227197538471809
9 23 0 12 66416 0.9604573862912065
19 3 4 27 109223 1.0569238028727246
6 8 20 22 91999 1.0217124847112706
21 28 3 19 91402 0.9213897505172469
5 19 14 28 62206 0.9554065029833223
26 23 9 17 77336 0.9841763513272102
20 5 29 23 86392 0.9150891618141338
8 21 9 2 67127 0.9022275573035422
28 23 29 6 94440 0.9761742440046278
0 24 18 4 110917 1.052591230173992
1 6 13 1 49792 1.0776031045837124
21 13 6 19 77949 0.9639422024187942
11 3 24 26 99317 1.0361903379550665
20 25 13 22 36322 0.9043939874041756
11 7 13 23 49987 0.9366143707665036
14 18 12 10 30474 0.9141525557077093
26 24 10 9 102730 1.054236914533646
15 14 29 28 106153 0.9185962446993184
21 26 29 10 87460 0.9011215310315932
4 24 20 0 115272 0.9159043805179256
5 21 11 16 35184 0.9432648469970903
12 14 3 29 76586 1.0694120618585872
15 1 5 13 73142 1.0806837803480132
15 21 23 2 80187 0.9813948759531833
12 24 14 4 63843 0.9238119223366462
12 19 15 29 49083 1.082844171714538
0 26 24 7 136935 0.9688697781681659
9 9 2 1 45793 0.9235779267155594
12 4 3 7 32918 0.9545296852026248
19 29 13 0 96909 0.9910586781955718
18 1 7 22 93295 0.9812351743822164
7 12 11 6 31585 0.917147333958933
7 29 25 10 116512 0.912427518336129
14 19 2 2 80871 1.0123381003671943
21 6 16 27 76258 0.974937811170322
5 19 13 8 64324 0.9081101846431823
22 5 10 1 47436 0.9006217263014812
1 28 2 14 48150 1.0251007581343843
22 8 18 29 75924 1.0890023466510446
14 12 21 23 57388 1.0684650574238324
26 3 18 15 60212 1.0917331105703592
10 13 25 23 76938 0.9685467759777854
23 9 6 12 84428 1.0274851021902556
29 15 14 26 86762 1.081403574205828
12 26 27 11 101663 1.024506563231705
27 5 19 0 36909 1.0278558987230655
11 18 25 15 64457 1.0011165987656965
12 5 29 18 91470 0.9035515744042816
28 25 3 26 105845 0.931590701905997
12 19 21 17 42990 0.941354477570512
15 15 17 1 59262 0.9921480486826564
4 13 23 17 89138 1.0437251389022775
28 1 5 28 150645 1.0599888938756576
11 25 4 1 83603 1.027565539247743
17 22 8 14 54217 0.9806625416769458
27 29 24 20 56657 1.0993467288451362
0 13 9 3 48690 0.964969012754389
19 25 12 6 68870 0.9006536525196638
25 26 13 12 82387 1.0027374176290385
19 6 5 21 85547 1.086617634693729
13 29 20 11 78353 1.0132279288319894
6 4 7 23 58316 0.9411542653454334
28 7 23 12 36296 0.9634616595328772
16 0 25 23 92613 1.0070914879819248
21 1 9 9 66643 0.9181146838724449
8 3 22 4 47252 0.985382638022918
3 12 21 12 85259 1.0487185429977028
29 9 6 25 137594 0.9804362245137843
27 25 4 20 104776 0.9571862354717131
7 20 4 5 51254 1.034844697646058
22 3 4 12 77344 1.037670045555064
28 5 10 12 71090 1.0697768973290984
18 25 10 0 95396 0.9883358208844013
10 2 16 18 66465 0.9773214773545729
4 14 27 11 111382 0.9067431026920697
2 1 8 13 50577 0.9832671437996091
2 0 24 28 142415 0.9429213269414726
22 26 6 11 100222 1.0180774820216296
17 14 13 21 41696 1.0377991344980253
17 3 11 7 27322 1.0224321585557783
20 11 4 20 85124 1.0015139127538384
28 7 10 21 100713 1.0728180733643886
11 20 22 19 51182 0.9063135511162435
21 20 9 7 76643 0.9175992545074597
24 3 17 11 54560 1.0383870889537574
18 22 2 2 101608 1.032904017431471
12 28 23 16 76283 0.9163139385621154
21 7 6 12 69306 0.9477219795219737
1 15 20 24 95522 1.0482124936377784
2 20 20 29 92879 1.0835523652221755
20 17 12 14 42949 0.9110296343781055
15 27 11 13 52878 1.026811869969373
27 14 24 24 54723 1.00116893913797
23 19 19 12 33804 1.0463268274232154
9 20 16 23 37746 0.9931541308616548
13 12 28 4 72107 1.0175983698367075
1 16 17 8 82331 0.9124708998844793
16 27 28 1 117267 1.0485099726473333
1 27 1 17 38711 0.9361490290073744
8 12 26 28 113636 0.9258802156251377
14 6 28 28 112134 0.9586826933116539
1 22 29 11 144241 1.0066449990751976
0 21 22 5 107694 0.9365712989654588
3 21 6 10 50435 1.0118224592175935
21 27 19 18 29424 0.9489335777434618
24 15 8 20 78714 0.9371864408701042
3 16 8 24 41408 0.9490079501876406
5 25 6 7 63696 1.0376527190720644
22 11 1 29 130733 1.0511733304889095
9 15 13 2 55773 0.9566982688066723
18 19 16 27 40690 0.985066328266725
11 3 27 18 91111 0.9820999354672619
8 24 18 28 59401 1.0231183551212144
1 22 5 16 34177 0.9081087981222956
15 0 20 16 65307 1.0980570787728623
7 27 26 22 86127 0.9217267691865452
5 29 21 11 113136 0.959538716880953
9 29 11 7 70426 1.0022662812990997
26 16 0 28 127214 1.064096493919649
26 8 6 28 133527 1.0423316007509877
7 7 19 8 44451 0.9496104926532217
23 21 28 10 58837 1.0390850926383355
22 26 10 8 91445 0.9344558028249491
26 6 4 20 109657 0.9379121408291653
3 0 4 12 40782 1.00554611913556
7 20 24 2 103089 0.9945725170092092
22 29 12 22 65009 0.9294821343779294
9 1 27 3 63566 1.0181272413449836
27 0 15 3 46968 1.080578110373327
26 14 18 10 48765 1.0461346466064252
16 1 27 13 76385 1.0072004145875433
3 14 17 4 72962 1.0422850612393977
13 20 14 8 41501 1.0921643868288557
19 29 4 18 80252 1.03420795180019
16 18 29 21 55644 0.9502103626679465
29 5 18 8 39399 0.9355158073359013
5 29 22 10 117989 0.9758057584793809
20 10 19 26 44537 0.9597027244501759
10 0 6 12 54172 0.9363751361126988
7 5 19 25 83477 0.9410518007093561
3 18 25 2 114313 1.0305801025200556
1 16 8 1 56729 1.0652799755862128
15 18 3 26 67094 1.089101766967837
24 7 6 7 64076 0.9676878167391367
4 18 26 25 103158 0.925942327963807
12 15 19 0 64587 1.0147963940235498
2 24 21 25 87436 0.9624032458423006
27 28 2 19 122447 1.0144445015280656
12 18 26 9 82613 0.949111732618487
26 29 14 19 77419 0.9226354599352206
26 14 24 4 52569 0.9536970070613369
7 4 15 17 59950 1.0672855655237279
3 18 28 28 126015 0.9118136467146291
16 0 19 28 82006 0.9112127129369776
12 24 13 0 76837 0.9602643644243966
13 7 20 21 61956 0.9413814216673619
15 0 3 10 71856 0.9345962410887338
11 18 25 1 89301 0.9270526765137816
1 27 29 6 147796 0.9140748599694198
14 3 6 26 85823 1.0406161887017875
28 1 20 14 74999 0.9078543017458052
9 28 9 2 89282 0.938790240058363
11 17 27 11 85475 0.9086606818526327
25 27 19 14 56683 1.0176197020863937
0 16 15 11 73183 0.96606790734148
14 29 4 11 91943 1.027505258749286
5 1 17 12 75163 0.9294660502695695
29 12 17 15 61891 1.0257368084671825
20 23 10 27 53826 1.033580139965312
4 24 21 27 75579 1.0218508713131076
28 6 19 10 45826 1.085192508875629
23 8 2 20 111035 1.0396416829417494
28 15 10 20 85654 0.9369001764056177
14 5 6 25 78107 0.9148099865048842
12 4 25 17 79390 0.9610904440524032
14 18 6 25 49942 0.9287242627946006
10 9 24 19 85201 1.0886138236295217
26 20 4 2 121145 1.000553951921436
5 2 29 15 120658 0.9942512286395158
4 12 28 8 103256 1.071545078289279
16 21 6 6 70789 0.9345232422059497
23 24 29 1 101469 1.089768960958783
11 18 23 2 76017 1.0132788535340291
24 27 23 4 84525 0.9960270126848226
0 3 2 19 47684 0.9177344710788728
23 23 3 4 111218 1.0285446426599063
7 3 6 18 49492 0.9749379218098873
10 6 9 15 39355 1.0429881540506059
26 25 12 23 71373 1.0862141465631232
22 25 0 11 117324 1.001096893608888
13 28 24 7 99330 1.0786530985747176
3 11 17 14 75492 1.0424132429313853
15 24 14 4 65651 0.9286151732705328
19 20 2 23 74058 1.0287370336743331
18 17 3 6 80695 1.0868557192316664
15 23 2 28 66175 1.0634745843560773
23 12 8 25 94382 1.0744720346362346
17 23 8 18 48543 0.9624940745595509
12 29 17 5 81745 0.9782325357267256
28 2 12 29 126926 0.9364436321388139
16 0 9 26 92171 1.0767097405271013
3 17 8 1 59280 0.9781049172953631
6 25 24 1 123445 1.0173703225254902
5 2 23 11 84383 1.0018508174230005
3 20 16 10 77650 0.9044197316021579
2 3 14 29 104357 0.9735592659636731
10 1 3 6 36577 0.9070115986771453
13 17 2 3 68830 1.0309991213019587
24 10 11 27 92809 0.9568218171652594
29 19 11 29 100650 0.9974212050317588
5 29 2 4 80035 1.0547254941376343
22 5 10 19 71457 1.0445435612259206
9 21 4 2 68883 1.0098816178134553
21 27 27 10 84716 0.9782222545599071
16 8 22 24 73541 0.9038541946905033
2 23 0 9 48072 0.9134262229944811
12 20 29 19 79598 0.9575753766290463
8 21 11 6 50371 0.9680518693716835
2 27 24 8 133770 0.9519609112019236
14 11 29 2 76141 0.9773442602218897
14 26 10 17 37153 0.9942136685263547
13 21 4 22 37214 1.0843171580081683
23 29 10 11 91996 1.0409388127821038
8 21 29 1 122651 1.0434016121717904
12 6 18 21 62839 0.9814122617693184
10 25 5 18 45076 1.0987259408754733
25 4 6 10 76018 1.0925250896019065
10 18 6 24 33701 1.0568161981544857
6 5 3 21 59443 1.0837436429657705
8 11 4 28 67054 0.9194808330046853
19 1 0 24 119963 0.9625575020776531
19 12 12 29 72366 0.9479520179783397
22 6 10 23 82713 1.0371009810559895
6 18 25 11 99066 1.02410987947832
12 2 16 19 69070 0.9740927976500239
27 24 8 12 103057 1.0148538105621463
11 2 17 19 70492 1.0739883118533584
21 18 14 5 56232 0.9840099435875412
11 10 4 22 55819 1.0126144127211838
20 4 25 24 82098 0.91745552273075
14 6 1 16 66228 0.9033347886340738
5 0 15 3 44975 0.9992466056533589
27 16 8 28 97781 0.9698421500138339
25 15 7 3 92753 0.9200707463688471
27 6 22 28 96374 0.9326408677148438
21 25 11 6 81784 0.9241789473003782
2 21 14 15 58052 0.9654178033217853
13 17 5 26 53459 1.0139519238101964
11 9 19 22 61158 0.9842563554483464
3 19 16 24 66879 0.9554337148125105
7 24 21 4 96145 1.0182235908696213
16 0 4 23 103210 0.9238860773411635
6 2 22 14 87989 0.9408919153397848
20 20 12 3 66796 1.0740739622672706
0 13 17 3 75781 1.0566609010892574
28 9 21 24 82495 0.9157316682882974
7 16 27 8 101842 1.0851249318191594
12 17 27 8 90331 0.932995366770509
23 1 5 16 99363 1.0186904790255547
6 23 19 10 77086 0.9372661578866843
21 25 16 18 37243 0.9666238362420416
29 6 22 15 59869 0.9473510227477058
12 5 29 0 76126 0.9164668263699255
29 6 7 12 89672 0.9249986398826606
22 18 12 13 52735 1.0940931551833335
7 23 0 9 63476 1.050346285930345
6 14 13 11 40764 1.063368327177266
12 4 19 24 69475 1.0000199843830488
16 28 14 0 98372 0.923644350476072
7 8 11 2 28376 1.071265705755723
21 27 8 5 91852 1.059747761055834
27 3 12 4 47074 1.031365544180539
28 10 23 26 76917 0.9481599615569943
29 19 3 28 130372 0.9168938527597817
28 1 28 21 106269 1.0767370022337115
12 1 7 26 82251 1.010130120394452
13 1 4 28 106989 0.9585740437640076
15 26 27 9 98352 1.0490457722831428
2 28 0 13 51899 0.9456711587749829
14 9 28 20 90446 1.0211084214474253
16 11 11 29 69590 0.9448913424307086
0 29 11 10 92122 0.9864729040769467
4 27 11 18 50900 1.0601355338999185
29 24 24 4 97997 1.0730061962794721
10 3 21 14 66503 0.9743595304706748
0 6 18 0 77981 1.0348589564383308
24 11 3 29 130634 0.9209721868807574
24 15 25 28 61197 0.9897506025832343
23 2 9 13 72882 0.9425627483493068
7 3 20 4 43644 1.0120554704836056
11 7 29 23 105490 0.9665621545386803
7 17 28 14 96737 1.0421320385650121
17 24 25 9 75738 0.9298335693767763
13 9 3 6 40763 0.9707014237490487
6 13 8 4 34828 1.0205902029468739
21 19 10 29 74250 1.046282801895923
15 18 24 5 62579 0.9001349763155653
11 25 10 2 63909 1.084996490848792
22 2 19 29 83564 1.009792355134193
25 5 6 19 96063 0.9524248572542273
9 4 23 4 49476 1.0223720504250138
9 1 3 16 64719 1.0218126293698433
12 13 18 22 48521 1.0405531591147879
2 26 20 28 76525 0.905504197751536
2 11 19 4 65496 0.9499844754701512
10 11 24 22 76301 1.0678812679596084
28 28 7 23 105156 0.9712744361767217
17 1 2 2 61045 1.0852694657122224
23 18 8 24 76548 1.0197319700861875
19 22 24 8 59997 0.9746971896440276
1 4 29 15 126824 1.0577914134094604
18 17 9 6 64532 1.066837516829461
6 9 13 18 57815 1.0640528537410865
25 14 12 13 59725 1.0257857486586688
9 18 20 18 47289 0.9702947074783359
22 22 28 16 41687 1.0718456065035888
12 8 16 22 57166 0.9463771655693284
4 17 19 18 62326 1.0974687956526465
3 26 20 19 82769 1.0396270050466008
26 23 2 26 105604 1.0000338114486946
0 0 15 26 113440 1.0067084100171595
24 3 10 7 49947 0.9288518326764398
27 21 9 25 77616 0.9019960165041787
22 0 20 17 67941 1.0279839546824736
17 17 2 5 81878 0.968714469929103
18 19 12 4 62693 1.0385541046342377
25 14 17 5 57886 1.08500634721337
29 23 22 4 93524 0.9140591255500272
17 10 1 2 78190 1.0655972770124758
7 24 8 1 67094 0.9817812864157857
23 22 14 5 68593 0.9508289794208122
1 6 17 7 53826 1.0769807944107233
29 8 15 25 109510 0.9638400693247966
29 22 4 8 125887 1.0412547670422176
25 27 17 4 90090 1.0835675192210903
16 23 28 29 71550 1.060505436643028
21 28 14 13 64930 0.9775234667184054
26 11 17 8 58181 1.0538875775410848
13 10 3 12 57395 0.9020280580238859
10 2 14 26 77281 1.0434203639150084
5 25 24 28 88485 0.937850569989919
6 2 20 19 87035 1.0934721583545008
10 27 2 29 41137 1.0406569343209746
0 25 6 17 48734 1.0835187777679691
6 22 23 27 78341 0.9738952398669405
26 9 27 21 64002 0.9635085646891962
16 12 2 13 64118 1.0371936293792783
3 5 28 15 115984 1.0942186709008777
7 23 21 26 65159 1.0618079607286814
11 14 19 27 58593 1.0503101228287506
9 12 21 22 72380 1.0024861084043917
11 17 24 9 76125 0.9644709504292862
5 14 18 19 72093 0.9414859484347151
5 17 20 11 77200 1.0472666894934781
9 15 22 6 69579 1.0589286972252003
20 29 1 25 90316 1.0595300209188492
20 24 10 9 76395 0.9192520968711289
13 15 2 16 48242 0.949951303108311
26 18 16 5 66765 1.037383463871451
21 17 26 2 66070 1.078234401800321
23 8 18 24 65369 1.0261892803516917
6 9 26 18 103943 1.0197449646644128
12 5 2 3 35460 1.0821200772302992
2 7 26 8 88217 0.9120344708930063
0 27 29 4 151973 0.980868126822499
14 18 21 6 57153 0.9748472286901988
27 21 14 3 87412 0.9581871538745714
16 10 23 29 76130 1.0272027646109039
18 22 5 13 72173 1.0781939607516218
21 28 6 4 105548 0.9819683302120465
20 25 28 29 53206 1.0503714237380455
23 19 15 3 70168 0.9815996908214248
3 29 5 14 54378 1.0278090313188717
11 6 22 17 65950 1.0379108551381089
12 6 17 12 40220 0.9723082219171334
22 9 6 10 77247 1.0627899276785382
5 20 28 11 122060 0.9665032381065511
23 23 10 10 78644 1.0594024256781718
14 16 24 4 66537 1.006555977349478
1 11 17 27 109336 0.9369455606110744
22 8 25 29 88371 0.9793327971495593
28 19 5 9 126421 0.9091035178034289
27 3 9 8 67455 1.0823327795734061
19 1 24 22 74026 0.9745238915237245
15 28 13 0 100277 1.019602543989958
23 18 12 6 68580 0.9718829099575592
3 1 1 23 71983 1.0463116045211667
6 3 12 21 60985 1.0130883213146762
11 17 27 2 84689 1.0594479736308904
27 3 1 29 146990 1.055836581129504
28 18 8 1 108748 0.9924302070366455
0 29 12 7 99714 1.015784790234564
27 12 24 24 61902 0.988489905645131
15 13 19 26 47001 1.0106713630327595
11 7 11 28 56285 1.046838382678279
0 28 23 14 122901 0.9394782756200287
29 29 12 1 145834 0.9293072306852145
12 4 12 22 51333 0.9608546751289778
25 21 2 9 113585 1.080221553463316
12 9 3 19 63228 1.0261184157926042
15 12 1 6 62678 0.98729868600776
21 6 0 22 111452 1.0446889762324756
15 27 7 11 75231 0.9383815588353657
8 16 13 3 51304 1.0273800015486612
1 5 14 22 85458 0.9369973121199395
19 19 2 2 92568 0.9917284141368881
4 13 18 3 69385 0.9229533406694458
9 9 15 26 70346 1.0023352220394566
2 2 14 6 46586 0.9686613801177875
27 27 3 18 115597 0.908610942317577
29 28 7 20 112201 0.9766722095398854
16 8 25 7 37244 0.9962553158516049
14 13 25 17 56137 1.049221596677563
26 25 21 14 66243 1.0015742856369765
28 17 20 7 63211 1.064228192037126
27 23 0 14 123791 1.0354496886604114
22 27 10 29 66199 1.0907499069460396
20 28 13 0 99065 1.0242767403197486
9 1 20 27 100735 0.9199498970048693
22 17 12 13 51486 1.0126394366875147
12 26 1 5 88514 1.0050644917007634
4 22 6 6 54462 1.0743435580677696
26 2 11 28 112787 0.9360216459389044
12 18 3 10 61676 0.9370824049632526
6 13 27 17 96603 0.9613615160973202
13 29 9 2 92939 1.0418905195426469
1 4 14 26 95399 0.9549230626754692
6 14 1 22 48083 0.9127651309886896
28 27 0 18 133968 0.9362923817251283
22 6 11 14 53930 1.0195232803208611
6 6 24 13 81966 0.9508735776730279
15 14 0 22 80184 1.0845559247666048
22 4 0 9 78832 1.0419365668945038
26 17 1 23 116613 1.0473232976315958
7 9 3 0 38675 0.9262529656824603
5 29 27 15 121572 1.0119891882214598
8 29 25 18 89280 1.036009384816198
5 11 27 20 114144 0.9185940670113775
13 29 20 5 91307 0.9097149585376908
26 28 6 14 118598 1.0855891000513376
18 28 15 2 85188 0.9644094445163758
1 0 16 5 59901 0.9556075639238305
16 5 16 17 48481 1.0220156883654519
13 5 6 14 48340 0.918233323993747
6 10 26 27 123691 0.9644179864820008
16 19 12 3 63416 0.91744790955415
1 17 9 21 41596 0.930173448783672
10 1 17 15 68729 1.0940131887426032
3 20 0 13 32884 0.9364493410272007
18 22 29 27 62408 0.9165955968882636
13 2 13 14 50225 1.0962276149164945
22 10 9 13 64999 1.0964046820896995
20 11 7 27 88115 1.051580828975364
26 8 13 27 109727 1.0801506513387824
25 16 16 0 78208 0.926728315823797
1 27 18 7 114688 0.9811107984625075
11 13 1 11 49673 0.9503137921294331
25 9 18 18 53378 0.9959089993113437
25 24 18 8 71285 1.046287641720117
19 19 3 4 87082 0.9912521053909341
15 5 26 12 64851 1.0118283982302687
25 13 10 12 66347 0.9346733646971745
21 14 11 20 61459 1.0706738559987425
9 14 0 8 52507 0.9152554016777933
27 15 27 4 53000 0.9857846290213437
12 11 21 19 62253 1.034144410091004
0 18 18 0 106924 1.0101414304922367
17 18 1 2 94921 1.0488764404163833
23 7 8 3 55358 1.0572994884222005
21 29 28 24 53749 1.0314134469576013
14 25 8 4 76155 1.0302982449788618
19 19 4 29 82491 0.9784439792955983
18 5 15 13 38600 1.016327475509647
6 24 20 23 66117 1.03190938478206
14 29 28 20 82253 0.9470395670230809
1 1 21 8 87811 0.995829356496984
1 2 24 7 88038 0.9923074812190615
4 14 26 12 103366 1.043243076091247
4 5 28 24 131080 0.901262386917982
26 6 12 15 77456 0.9547291767292447
9 23 24 21 61061 1.0231933641139044
17 0 23 13 68256 0.9078991324698654
1 25 29 7 148385 0.9087530870884419
16 11 5 4 58545 0.9773739054581871
4 25 27 10 130378 1.049208467338369
11 2 13 18 50161 1.0887201246646432
18 12 26 17 45762 0.9651173861008637
7 14 22 25 84928 0.9710900785781245
29 27 5 16 121672 1.0644254662289594
5 1 14 22 85715 1.0228513090777382
13 27 10 14 47893 0.9712332766488396
12 2 24 16 80365 0.9924721801350933
3 10 1 29 63503 0.9918321120006773
16 6 7 20 68725 1.0371671461861773
27 6 12 14 76782 0.901248499860945
8 22 3 4 67236 0.9424352013030068
8 22 12 10 49857 1.0244213483172897
11 11 8 27 50398 0.9838199129839089
14 17 29 5 76240 1.0744952105903969
2 0 25 17 120459 0.9976188334665158
24 20 14 11 66683 0.944597201212799
7 9 15 6 34141 0.9630266015224073
13 21 6 1 72703 0.95955934991046
6 15 19 3 72657 0.9031354097980349
9 17 17 20 46120 0.9435850616622053
3 18 15 2 86286 1.0636238905637576
1 9 10 27 87056 1.0145216348014423
5 11 16 22 73055 0.9849818260439539
28 3 24 14 57413 1.0141339388693889
3 24 17 27 68785 1.023918426701803
10 1 29 4 69659 1.0823570181959117
21 9 1 7 74881 0.9440235491157911
20 24 4 19 72731 0.9157146435398545
0 6 17 17 85048 0.9306987923407821
4 21 13 3 75625 1.09373887793992
5 7 21 8 61493 1.004786055158234
13 15 9 26 46090 1.0752858904254154
6 21 13 16 39555 0.9713218186560616
9 5 15 25 76856 0.9048230117938102
1 24 26 16 115455 1.0302224709356564
6 1 19 14 71745 0.9329133913326227
22 5 11 3 37887 0.9962731843105523
12 6 27 24 99903 0.9964443314252382
17 29 22 8 80222 0.9982984743568868
18 28 19 7 57249 0.9094152129142139
1 15 14 15 58352 0.9822093307622943
22 14 9 23 77864 0.9527254944177529
1 6 17 26 101746 0.9110410997705869
28 29 24 15 82422 0.9431222952940705
28 25 20 3 103713 0.9799342744796365
20 11 2 21 95277 1.0074359905341999
29 8 1 8 103243 0.9918607030475428
29 15 28 5 60973 0.9225180042087003
14 24 29 21 64987 1.0400664461704394
18 12 0 21 95535 1.0901996067253232
16 28 11 10 70263 0.9828910911239279
14 5 12 20 51296 0.9183440547891785
10 11 5 17 40066 1.0031301087469793
0 21 26 20 104150 0.9058438874408578
6 11 29 29 147371 0.9818440133098403
5 11 10 27 70376 0.9551961169995398
25 16 14 16 45231 0.9376657598833642
5 8 16 11 59972 1.0968528153541202
26 16 10 7 82354 1.0481251840671524
12 15 24 18 54133 0.987781160937313
8 9 29 20 119236 1.011591894549056
0 6 20 20 98493 1.0100566187785012
6 24 5 15 41807 1.02820869746253
17 9 22 3 41915 0.908598064037163
3 17 26 11 115072 0.9274414568950666
16 16 3 25 75203 0.9149630270261103
5 24 3 10 56276 1.0572888773374463
0 16 16 25 85463 1.0653966721382406
2 0 15 28 115975 0.9043081884699576
6 10 12 22 58369 1.0510004987671255
14 26 12 9 60112 0.9166309853608017
6 22 10 6 61600 1.048926162133296
25 3 6 4 58443 0.9555556491296662
7 4 24 14 83129 0.9081746812591379
1 6 28 3 86211 0.9330301767867013
8 23 6 15 33317 1.0961542729782896
3 12 12 29 85383 0.9587631362680089
4 20 8 3 62099 1.0927645804389459
14 0 24 4 43889 1.0180374981288145
24 14 19 29 57533 1.0732797885935863
10 13 20 20 56024 1.035999562025859
14 26 8 13 55274 0.9880829860890545
8 7 25 25 109142 1.0033633862116398
8 5 21 19 76703 1.0564617447446727
4 18 8 7 46026 0.9949495980487816
17 24 25 9 75738 0.9429778133090357
7 13 1 6 34626 1.0299600738690073
12 13 3 16 43700 0.9904298878224563
10 14 20 3 58108 0.9438309994030507
23 1 6 4 62441 0.9195786860081469
27 23 17 11 73135 1.0911428834592418
18 6 13 20 59259 0.9756490131060181
15 8 29 15 85646 0.9931240648542864
19 6 6 7 42234 0.9608827193636198
17 6 2 29 108556 1.0958462670741695
9 29 17 9 94708 1.0576946350828733
20 9 7 10 61757 1.03450744416916
1 23 5 1 74070 1.0781202135904744
27 11 25 25 76553 1.0656691926850508
12 18 13 4 45241 0.9984263040502158
22 1 24 26 98043 0.9387748699858671
2 18 11 8 59433 1.0028212529805571
12 10 29 24 107078 0.9946080778077677
5 23 3 4 67052 0.9893545754708223
27 3 21 14 59039 0.9707860428477841
25 11 13 14 67483 0.9867272829007603
9 5 0 20 66009 0.9141266514034438
20 28 8 0 104867 1.0635898464503906
27 21 13 10 80900 0.9682462403814038
21 4 28 13 60352 0.9539326513384211
5 21 18 14 74050 0.968663493967263
15 25 6 1 97861 1.0952212384446551
17 28 3 18 86973 1.048521639305243
3 5 22 12 85578 1.0101609976899384
12 3 9 28 77751 0.9218557142050167
9 4 15 23 71235 1.0656303711266606
26 14 15 25 80694 1.0837124277894015
9 25 27 17 93280 1.0874112600471677
24 19 21 11 40524 1.0957163021071297
14 20 28 13 72266 0.9696443026227426
4 12 2 23 42470 1.0619659830783492
4 11 19 25 93753 0.9277570671313008
20 24 27 3 83096 0.9540239546861063
5 8 4 17 40089 0.9411737093634043
2 25 12 28 50670 1.0639706801937763
5 13 17 29 92203 0.9884783984530879
18 10 18 27 51914 1.0740262830363472
25 21 10 5 85925 1.092925697139173
26 11 25 25 74822 1.0889190483688818
19 25 7 9 83558 0.9538237549133475
