4550 5266 5626 6186 5650 8535 8878 7318 6211 5940 6645 7836 8884 6557 6045 6719 5798 5671 5941 8239 8711 6568 8831 5816 8855 7605 6385 8389 6775
6928 4361 4451 4773 4969 4586 6114 4887 4733 5267 6022 4497 4828 4997 4435 5790 7316 5133 7423 8193 8116 7743 7347 7205 5935 8438 8165 7481 5711
6362 5703 6037 5272 4115 5245 3730 6079 5993 4635 6861 3892 6168 3590 5606 5481 5671 5196 4623 5409 3996 4797 6874 6449 6411 4510 3899 5957 4609
3372 5800 7709 7821 6158 5718 6142 7914 6973 7206 8124 7491 6175 6394 7142 6020 5772 5024 6516 4814 8027 7550 5775 7228 6671 7567 7139 5026 8159
8672 5987 6524 7174 6826 7595 7301 7861 6131 5152 6636 7550 6055 6140 5050 7323 7148 6319 7029 6689 5077 6852 6561 6987 8203 7871 5865 6064 7804
8119 5386 6884 5427 6057 8310 5393 7615 7371 6598 7842 8141 8123 6966 6133 5859 7373 7639 6121 7323 4609 7629 7373 7939 6067 5258 6983 7079 7572
4163 4344 5864 5149 4084 5196 4700 4087 4714 5709 4407 6257 5490 7818 5374 7035 5864 6225 6113 7788 7940 4651 7557 6362 5108 5001 7377 6306 4840
6661 6275 7706 5589 5514 6624 5550 5660 7808 8061 5728 5179 6507 5958 3622 4459 5040 4137 4826 3677 4034 4710 3962 3478 5598 4646 4137 6615 4762
6943 8150 6608 7196 7717 7853 6157 3903 3429 3404 4060 4603 3376 4374 4697 4538 4539 3920 4649 3825 4929 4371 4608 5505 6637 6032 4012 5358 4772
6641 6216 4869 5993 6266 5768 4303 4241 4540 5604 5943 6166 5671 6734 6649 5794 6144 6164 6622 5922 5670 7224 7525 4545 4757 4556 7513 4704 5482
5317 6117 3369 6230 5933 5015 3255 5798 4312 4204 5139 6488 5240 3366 4139 4598 3644 4630 4486 4129 4842 5287 4678 4964 5533 6122 4274 5960 4621
4798 6603 6930 6508 8052 4761 5104 6326 5999 5116 5629 6184 4758 5266 4959 5831 6719 7618 7699 5737 7695 7843 7113 8573 6063 7672 7106 8660 5545
4633 4418 3568 4443 5917 3366 5522 3722 5792 5083 5877 3386 3086 4206 6368 5189 5037 4610 5638 4771 3278 6043 4920 3219 4116 5192 4983 5007 3476
2288 2400 3960 4266 2397 4965 4357 4170 4270 1948 2089 2567 3393 2228 3494 5460 5138 4217 4755 5065 2233 2847 4280 2391 3179 5207 2945 2768 3959
4589 2780 2994 3816 5369 5531 3711 2658 2542 3934 3057 5456 4598 4063 2779 4646 4172 2855 3184 1739 2548 4053 2863 2186 2824 3417 1635 2518 1613
5717 5157 6433 6302 6888 6114 5925 4521 6356 5173 3916 5864 4642 4552 6621 6079 4276 5497 7032 5994 6055 7173 6066 4510 4434 6184 6929 5996 4482
3897 4747 5067 5615 3390 6040 6034 3439 3313 3182 4405 3592 2876 4857 4780 4900 5684 5127 6909 6445 7036 6687 4673 7106 4526 7151 6512 6209 4933
1997 3441 4045 1889 2640 1507 2194 1112 2886 2536 1360 1903 2772 5487 5077 6558 3764 6421 4789 6224 4399 3340 5592 3923 5654 3600 5339 4568 6191
6333 6923 4458 5490 6551 4875 5902 5201 7563 4422 6396 7574 7517 6694 5666 6713 6179 7186 4412 7704 6040 7426 7701 6489 7110 5679 4638 6028 4844
6157 6533 5740 6940 6516 6806 5911 5077 5007 4857 4063 5550 5770 6823 6724 4778 4504 4908 6483 5494 6130 6712 6066 5765 6772 6682 3713 3658 4899
3787 4382 6227 6064 6776 5816 4671 3976 5488 5413 3422 5458 5783 6490 6546 6114 5881 5973 6702 7529 5846 7431 6639 8074 6199 6032 7869 4924 5683
7306 5859 6589 6067 7974 7000 8111 5763 6671 7379 7701 8118 7145 6692 6901 6692 6154 6992 7566 5650 6341 5648 7343 7208 7832 7006 8706 8473 8860
6375 5870 4162 5890 4791 7476 4282 5378 5489 6599 4549 5635 4547 5690 5323 6690 6536 2972 4106 4142 3660 4372 1414 2324 2978 2338 2315 3919 4043
5079 3316 5246 7077 6853 6994 5885 7367 7816 7579 6400 7150 5864 8467 7775 7450 6185 8066 6876 8334 6909 7098 8274 7704 5345 8356 5428 5759 6863
4559 1573 4051 2030 4231 2011 3019 3828 4244 2069 2828 3850 3537 4080 3913 1706 1490 3001 1493 4654 7123 4018 4463 6517 3950 5306 6816 4363 6184
1920 3777 3996 2930 2110 3210 1533 4730 4133 1769 4537 3930 4409 3734 3695 2572 1892 1702 4505 3012 2265 4781 5571 4763 6922 5108 5542 7428 5230
2698 2280 2043 3373 2024 4583 2517 1901 3397 3670 4828 3961 2014 4289 3002 4623 4659 4701 2984 5341 3376 4285 3637 2544 4170 3323 3935 3520 4420
4300 4076 1917 3721 2998 3459 2475 2676 4628 4409 4365 2697 3477 1505 3553 4337 3547 2524 1730 4167 1395 1660 3897 4591 3150 2918 2788 5871 6031
4834 3956 3202 3087 6052 5331 3537 5908 5512 4928 6439 6340 3924 4716 4050 5390 3389 6270 4615 3671 4202 6874 5865 6771 4554 4095 6774 4283 4165
5591 7397 5533 6586 5758 6409 6457 5387 5737 4754 4780 7096 5950 4646 7101 7253 7735 5491 6659 4523 5118 5875 7098 6848 7113 6282 4635 5197 5498
3237 5876 5914 2806 7093 5226 4731 2668 5259 6905 6535 5253 5395 7642 4588 5422 2302 5870 4837 8074 2434 7575 6671 1896 7306 3268 6098 6807 4361 4191
5721 4720 5544 4720 5324 4970 4669 5665 4045 7345 4718 3529 4108 7858 4955 6649 2464 5863 5556 7563 5688 5461 7239 1852 8666 3472 7223 5938 4615 5010
3074 6544 5743 2517 5789 6532 3785 7277 4683 5583 6330 5985 6633 7292 3467 7487 2537 6123 4701 6734 5141 5196 4732 4386 6195 4986 7644 7697 2521 4130
2889 4102 5802 3892 7799 8169 4839 6870 2625 4682 5359 5821 7140 8184 3299 5919 4759 3874 6778 7266 3853 7004 4493 1714 5410 3764 4886 8225 2217 5462
4101 4668 4117 2725 4153 7682 4369 6455 4238 6732 7331 3644 5453 5617 2667 6570 3003 3593 5351 8422 4127 7679 7267 5070 7057 2794 5963 5910 3403 5237
3006 6045 4761 3890 5420 6592 2508 5415 5142 4859 5118 4397 6909 7255 3650 8116 4931 5296 4287 8272 5983 7522 6286 2174 8623 4808 7006 8245 2669 4665
4963 5320 4557 1745 4242 8171 4711 5910 3591 4913 4269 5324 8110 7302 4386 6778 4811 6597 3954 7411 6869 5276 4777 2903 7263 3500 5798 7963 5090 4430
3924 6043 5868 1783 5587 6697 3466 7917 5147 7809 6964 5541 5631 7060 4032 8472 3077 5393 5635 7187 5133 6372 6801 4414 6769 2598 5085 7641 3101 2697
4785 3948 3672 3946 5479 5704 3120 8294 5048 7265 6061 6412 5882 6603 4383 7355 3269 4021 3917 8378 6208 7007 4443 2994 7011 3556 5485 6303 3002 4846
8429 5685 5893 4706 4396 5970 4804 6562 3887 6514 7382 5267 8006 7829 3900 5334 2296 4045 3732 8395 3936 6433 6476 2147 7961 3808 5279 6105 2144 4194
7462 3475 8592 4818 2538 7220 3931 8303 5132 7542 6830 4530 6313 5480 5592 5574 2424 5681 1731 6701 6453 5552 6651 2172 6229 4573 6032 6110 2013 4795
5696 6000 8706 3737 4859 8170 4346 6181 4084 6145 6287 3109 5478 8334 3062 7985 3981 4811 3262 6413 5121 7617 6140 5091 6261 5255 5593 8355 4129 5943
5748 5679 6849 2248 5088 8604 1765 7876 4327 6092 6562 6372 5641 5661 5115 6896 4294 4174 1845 8115 6361 7520 5454 4316 8543 3567 3973 5896 3063 6526
8619 4323 6475 4626 2419 7931 4581 8635 5255 7964 4672 4067 6113 7030 3272 8057 2482 5658 2431 6315 4027 6796 6811 5049 8718 3158 2058 7759 4168 3448
7555 4975 8659 2823 3535 5366 2593 5279 3996 6221 4504 5996 7833 6057 3432 7799 2786 4014 2519 6824 3784 5368 5016 2515 6861 5183 3277 8544 2995 4942
6152 5340 6230 4649 3568 7552 4384 6984 6147 6933 4600 4939 7429 8092 4344 6106 2858 5038 1326 8212 5212 2954 6029 1830 5774 3453 3212 5339 4582 6513
6525 3265 7287 2999 3867 7007 2692 7737 6132 8047 4748 3114 6673 6440 5638 3749 4089 5702 4063 6121 6203 3294 5065 4600 4680 4314 2288 6305 2029 3944
6936 4389 6090 4344 3030 5985 4777 6692 4064 5642 4257 5913 7125 8082 3952 1623 2487 6639 2348 8553 5924 2389 5994 2241 5300 4750 4148 8151 3416 5345
6296 4322 7522 3923 2513 5666 3922 8399 5127 8208 7230 4749 7443 8175 3213 3728 1923 5341 3558 6020 4304 4527 4669 1967 7052 3897 1528 6060 4672 5282
7596 3768 8690 2235 4214 5685 3482 7581 5462 5515 4826 5307 6328 6764 4359 3735 4562 3881 3464 6374 6574 4431 4868 3712 4678 4066 2173 7026 5319 5811
7125 4579 7108 3763 4053 8025 3871 7961 3362 6373 6414 5243 5273 8169 3019 1770 3502 6514 3100 8557 6455 4389 5560 2304 3868 5022 3167 6949 4773 3546
7712 3221 6061 3354 3825 7077 5122 8028 5318 6344 5872 5427 5322 8025 3506 3409 3528 7056 2825 6516 5344 3569 6959 3204 5741 3405 3681 8220 4834 3809
8174 4482 8549 1802 5329 8690 6836 5284 3369 5735 5850 6404 7818 7193 5674 4211 4352 6739 3448 6290 4991 3221 3908 3591 3959 2327 3246 6824 2489 4804
8122 3424 6776 3243 2477 5752 7590 8304 3642 7578 5926 6256 8069 7702 3418 1562 4259 7835 3909 7031 4525 5199 6039 2571 4812 3982 3246 8295 3732 5959
7501 2261 6098 4120 4692 5676 5903 7421 4646 6725 6730 5979 5946 8448 2886 3310 2750 5589 3720 5881 6833 3671 4214 4946 5692 2541 2458 8245 1332 5509
5989 2840 8669 3134 3829 5480 5212 7287 5993 6411 6595 5644 5368 8076 3846 3673 4520 6866 3130 6047 5571 4441 6900 3249 4751 3023 3871 7009 3092 5112
7304 4183 6658 4894 4596 7681 5908 6799 4826 7671 4740 6322 6593 2826 5576 2204 3170 6146 4218 3152 6442 3789 4431 2973 4311 2996 1569 6795 4159 5500
6707 3283 8405 3760 4650 6828 6269 5537 5815 8618 7023 3038 5283 4261 3942 3795 3558 5667 2917 3898 5752 5072 4168 2472 6991 4160 4312 6089 3342 6143
7420 3628 5959 4569 5116 5895 6190 7017 5113 7994 4720 3716 7366 3268 2762 2135 4790 5893 4367 3084 4948 3496 1597 4696 5736 4333 4517 7335 4147 4879
1 12 2 1 59380 1.025819088283877
5 22 16 1 113766 1.0190796240369324
11 9 4 28 101385 1.0932449049818116
14 14 1 27 90284 1.0125789577510687
15 5 28 21 86317 1.0606993741167487
23 28 25 20 36505 0.998121012226434
25 23 15 23 30966 0.9482221863524761
15 10 6 8 46610 1.0652166742870832
7 0 25 6 90012 0.9537182730805068
9 29 20 4 107967 0.9075074249655531
9 10 28 2 95186 1.0642120621348976
21 11 29 0 69757 1.0986996017053687
24 28 25 3 90650 1.075494215627016
6 25 16 14 71640 1.0222067515660676
18 24 23 16 49230 1.06352999458224
22 25 10 14 68342 0.9557873374982473
10 0 18 28 119389 0.9452553388818492
3 5 10 29 130734 0.9587161316379974
26 9 0 16 108985 1.0120717410219902
15 13 17 26 54027 1.0817130507025685
10 29 2 4 138161 0.9307026220101201
27 21 17 19 45801 1.0515219313208362
26 15 24 24 38290 0.9516230406006834
1 4 17 10 75361 1.0902173847986816
14 28 18 17 44409 0.9956084241914258
8 11 19 20 70487 0.9718647252588186
22 5 12 2 45228 0.9271662541106466
5 6 13 23 89707 1.0706496174696334
6 22 24 8 105324 0.9296988477746039
14 29 18 15 51523 0.9958190447270908
16 22 13 5 70191 1.0911225620906086
13 20 19 3 69900 1.0786571385602641
19 20 27 12 52642 0.9454618027423681
19 5 28 21 86285 1.053878909226809
25 0 27 26 83151 0.963920554984461
27 21 11 7 93030 1.0366323150653445
28 25 1 5 150662 0.9519195870551045
26 8 20 23 68167 0.9601519974866903
27 17 9 7 93474 1.0406084504413782
0 24 27 11 122431 0.9851217297973109
17 9 6 11 58567 0.9544461483253192
29 29 3 3 159939 1.0710687499789184
27 27 23 0 94783 0.9762088680248809
12 13 26 27 86769 0.9137341015986447
23 15 15 28 68281 1.0698697536276074
23 16 7 19 64442 1.0523221259907607
22 25 17 17 44712 1.0196096172266185
18 18 4 2 100752 0.9929843915817707
16 12 22 7 42199 0.9071152823663124
28 15 11 8 77503 0.9503510607755215
5 29 22 7 133552 0.9648940527723183
6 3 15 28 107319 1.09555929359403
19 16 1 4 102089 0.9148834251567827
20 26 5 23 54982 1.092952509201861
9 15 28 16 69615 1.0801099481560705
19 22 26 7 77875 1.0916945140408791
3 26 14 0 135051 1.0920465001615263
2 5 15 21 102474 1.0962290309743306
14 15 23 29 71154 1.0730649433069943
6 19 28 20 83547 0.9211114000765888
7 20 1 25 43945 1.0224860905156998
16 23 24 0 99099 1.0401632185063696
17 24 10 2 95801 0.9035303353166584
15 8 4 11 61528 1.078493601062526
10 18 8 8 46320 1.0604306721842152
14 5 2 13 80468 1.0540117695748399
26 22 25 3 65394 0.9924140570002399
22 18 3 4 115684 1.0632764809476025
23 11 28 20 46333 0.992603638267183
20 28 1 28 65148 1.0605048326310837
7 13 13 22 52693 1.0676954774159013
17 22 22 15 47039 1.0275224963223295
0 12 28 29 143941 1.0261196020834202
26 8 11 28 106678 0.9124832665657775
18 24 21 16 48406 0.9008147657410037
17 12 16 22 53896 0.9009848087784906
7 4 11 13 60282 1.045661459114929
29 26 21 19 50963 0.9202028296675783
24 14 7 1 103743 0.9168127055911925
11 7 0 12 75393 0.9710806997488918
1 13 25 3 121900 0.9640582429063582
12 25 1 11 94800 1.0306018666011694
6 16 14 11 45361 0.9953501984945554
17 10 24 24 71102 0.9256069177925691
1 18 27 19 96538 0.9231967527758838
21 24 25 2 86606 1.035043025272007
14 5 13 17 47417 0.9653823466487641
13 24 17 17 35030 1.0392051187903424
28 27 14 27 48376 1.0635321413893772
14 10 17 29 74390 1.0910342496871221
19 24 2 2 129723 1.0061397676259538
4 15 13 1 84847 1.0311079214404781
26 18 19 12 45184 0.9060471313467054
18 13 4 3 73576 1.015687404227054
9 10 24 16 74531 0.9985486184760988
15 16 29 18 52536 0.9219248442931761
13 15 26 15 48533 0.962805450977393
20 24 7 15 68627 0.9377285938182665
16 12 9 0 69962 1.0014599552659535
5 27 1 20 56927 1.0845044014505871
25 13 8 17 67426 0.9217031854230372
27 9 22 25 64823 1.0816423315501473
0 17 15 23 73692 1.0054854244472573
9 5 11 22 88984 1.0852194413485499
3 27 18 17 83884 0.9622561725808869
15 8 27 3 56433 0.9347517199516004
8 2 28 6 89371 0.9421304622904029
3 11 2 23 67288 0.9287014003642903
25 13 11 5 79133 0.9037665262948721
12 23 9 9 77605 1.073281856933864
24 29 11 18 70577 1.0423410579956522
20 14 28 27 65281 0.9712624588078951
27 7 14 20 78177 0.9143749859769179
29 8 18 5 63010 1.010756090061021
26 6 0 11 135483 0.9741152944682627
8 7 5 23 74725 1.0509039060708765
21 15 0 1 111741 0.9055076246751823
18 22 27 21 41775 0.9444739894281762
21 12 4 5 91653 0.9404981618194349
0 24 24 19 97308 1.0462987880727146
3 13 12 10 57920 0.9946804347985143
2 14 18 11 74953 0.9464070253620666
0 22 25 6 140457 0.9971175591128609
6 22 26 13 95077 0.9189670848686619
1 25 1 12 74072 0.953940936546041
27 13 21 5 57938 1.070628074019956
5 25 17 12 88876 0.9474694861662222
9 2 17 9 47390 0.9589917765066837
17 27 19 4 93267 0.9094273295880142
18 1 7 15 83192 0.9940319109176599
26 16 19 3 63013 0.9340399557113277
17 26 5 6 102988 0.9782557973551884
25 11 28 4 35097 1.0360762153517287
2 21 9 14 61432 0.9383078369169954
19 14 23 26 58883 1.0294263985717576
7 14 18 24 66328 1.0899616825044405
21 22 0 26 92234 1.0794488894278884
15 25 29 21 60257 0.9237806777349683
7 3 25 10 83206 0.9822574883407309
12 27 28 23 60743 1.0126365868674068
21 4 8 19 86171 0.9725629323795619
24 23 10 22 49841 1.0832359690057225
3 4 23 24 135524 0.9757647525255457
7 13 9 21 45927 1.0500570113983416
9 11 21 4 65439 1.061946257130628
27 19 7 8 100863 0.9874726425401928
7 20 14 27 47620 0.9005840156488257
26 23 19 3 84232 1.0086063227518003
12 27 5 12 91104 1.001251728768343
5 28 26 5 133698 1.027188532077409
22 27 13 23 37377 1.0174416460443807
0 19 21 6 119712 1.087553482544039
26 28 23 13 63382 0.9890120989428766
25 3 22 23 74545 0.9992432099202214
2 11 10 6 58900 1.049322819662147
0 0 16 14 104635 1.042850324894613
11 29 29 14 99268 0.952540197032542
29 0 13 3 65171 0.9044797616677035
21 5 20 26 99050 1.0981966292118472
6 10 23 0 98701 1.0442721605506176
27 14 12 6 74120 0.9655970298671442
27 5 10 18 88457 1.0585759176949872
4 14 17 5 73869 0.9403252974111191
17 27 22 22 29090 0.9743324973853192
28 19 9 13 84170 1.010196639539874
4 18 29 6 124333 1.0141002050713253
19 6 12 29 92470 1.053693912985434
23 8 11 18 72458 1.057582079071723
25 9 14 0 65936 0.9132446559194521
4 8 15 0 74373 1.0194671856398945
29 21 16 3 85658 1.0708973489831786
0 28 8 13 96223 0.9021731681621034
1 3 13 2 44687 0.9623406930095262
12 7 24 20 76503 1.029150927754342
24 11 20 28 70109 1.0198586693210108
10 13 21 1 82708 0.9336379613866308
4 15 24 9 95776 0.9466499418670137
26 16 15 2 74458 0.997669242477972
7 12 22 8 84155 1.0807991209026813
13 6 4 20 87976 1.0797086284592206
27 5 0 10 131986 0.9507114305288781
20 13 2 22 104483 1.0296240995805521
26 0 23 26 92233 1.0026003494625408
0 22 17 12 102926 0.9979723142989014
5 20 0 13 56477 0.925496755047017
9 20 10 8 58311 0.9390178701739095
21 23 2 14 85291 1.0868848922333152
0 27 16 11 114855 0.979274965638945
3 7 14 11 63509 1.0886898878184967
7 4 7 16 61023 0.9502599582594461
29 22 10 17 70244 1.0418441010868944
29 16 14 24 69157 1.0036495231220675
21 11 5 7 79594 1.0928243575354994
25 27 16 8 96598 0.9197847260951527
19 10 4 9 82956 0.9255764380049216
26 5 6 20 115296 1.0573468603855567
16 29 25 17 68443 0.9604060084815469
21 20 22 11 50985 0.956112864424157
3 1 24 9 103335 1.0660878674987206
3 23 24 23 66579 1.0380471289048512
11 13 4 27 90525 0.9805767790807374
4 0 16 24 124673 1.0218032003887514
3 20 8 28 59566 0.9483365635094076
26 11 22 28 64638 0.9749467434916673
10 8 0 7 45961 0.9645052576980933
4 11 13 18 61171 0.9758782369961134
2 22 16 8 106265 1.0868719921755476
18 26 6 21 59594 1.068426254050774
8 9 5 27 91941 1.098999838372762
21 22 0 8 130666 1.0364297281718813
20 21 23 8 61583 1.057652390863883
27 8 18 13 63272 1.0666510949879335
1 17 16 21 71799 0.963480491267521
6 29 5 3 135255 0.9040442756682959
13 13 22 22 58126 1.0539832509895304
21 25 12 29 41109 0.9124156153233397
8 27 29 16 102120 0.9580174592038951
20 20 14 14 45961 0.9163016300492536
12 25 0 28 54447 1.037684047000411
11 11 21 5 60737 0.9704554982581922
13 3 19 7 35743 0.9074580635858825
13 27 16 9 68957 1.0069152811873225
15 25 6 18 51087 0.9396353282237251
26 5 9 27 124540 1.0222114129229507
27 1 9 12 97256 0.9355321896259001
21 6 11 22 88323 0.9912711921820248
24 16 19 3 55743 0.9175823651439586
22 8 6 8 75819 1.0228107525795818
15 12 27 13 56350 1.0874854201723605
13 5 25 26 101061 1.08733579501282
11 28 11 5 91395 1.0697020770279508
6 28 15 27 35701 0.9268250059750908
4 5 19 23 110901 0.9206628400266995
26 11 10 20 74890 1.0748944248308983
21 25 19 5 93816 0.949750702298927
4 15 15 4 80175 0.9720096214727825
21 0 8 23 118590 0.9945453739503552
0 14 25 3 121491 1.0404035981275537
10 2 27 11 89681 0.9072293596288629
6 17 19 7 83080 0.952848356860954
8 17 20 12 64712 0.9529296131755194
29 9 29 28 77584 0.9779639226175322
18 11 1 9 88697 0.9879783362849974
29 26 14 12 90732 1.0073464570886301
23 0 28 10 51155 1.000760048327385
16 18 26 26 57513 1.0570383994152948
0 24 13 2 123589 0.9814743807586546
4 7 20 16 93070 1.074434872843971
2 1 8 12 72214 0.9426528441192418
14 5 21 23 83558 0.9046770023564564
0 19 15 29 91509 0.9791559038398164
24 0 18 19 80736 0.9616409081418957
16 24 14 14 40290 0.90143499164043
15 26 9 14 56271 0.9444376264496731
26 2 8 23 119674 0.9895002846393862
15 13 27 18 52861 0.9901386947244732
6 17 28 22 87480 1.043404009015296
21 24 18 0 102471 0.9356754715431982
23 20 14 8 73834 0.9327178339220069
15 19 3 14 57819 0.9501100776486465
11 9 29 29 120010 0.9594368528308003
20 3 23 22 81326 1.0512491289872294
3 4 1 21 97540 0.9315782518129683
22 29 1 6 143736 1.0524416776083174
11 17 25 14 57012 0.996476397482499
13 21 26 17 53294 1.056880355957813
27 15 1 16 87123 0.9863538064094383
16 15 1 27 93403 1.019518167941229
14 13 9 27 65153 0.9668483504198964
1 8 12 2 65813 1.0479277043266633
3 10 23 27 128671 1.0482374114684787
0 24 14 23 51994 0.9202580463288552
13 0 10 18 70445 1.0002413417727556
2 20 7 25 40237 0.9572881535916036
26 26 13 7 95610 1.0294518200863538
29 29 10 25 76868 1.0921712088104742
4 26 26 18 102295 0.9855468067112583
24 2 10 5 60411 1.0112052406761516
10 13 14 20 34569 0.9442925944923617
27 27 2 14 113313 1.053373314215246
15 1 25 7 52330 0.9487310397294287
18 7 21 28 95157 1.0875979226289378
0 2 4 19 102325 1.0862064134317375
28 23 28 4 66621 0.9986299214036232
9 11 16 18 48836 1.0352842703243332
10 20 20 15 47567 1.0367531498061597
26 17 16 24 57521 1.009171337592533
14 24 5 27 46302 1.036212311120139
9 26 27 16 88550 0.9146248909150438
8 24 7 14 47504 1.0492960953549462
0 3 19 7 79276 0.9325730199285897
0 27 17 23 75860 1.0693988193372375
25 21 4 21 89993 0.95669108363418
28 3 10 26 130137 1.025261491593715
27 7 6 8 100817 0.936174022134912
12 20 3 9 86205 1.0246956413337343
27 13 24 2 46091 0.9277264151746252
8 1 2 27 149322 0.9806731917002457
10 26 24 15 77227 0.9015095106844723
25 2 22 18 61230 0.9347193033389887
24 18 21 27 43226 1.0552783960302883
9 16 28 6 94326 1.0090102309255868
18 15 15 7 39477 1.020634858752942
21 8 13 10 41961 0.9235484568803822
21 15 10 22 59466 1.0058033152005195
25 12 1 5 117736 1.0350235849800704
21 9 24 23 67882 1.0107432960459575
25 12 5 9 111340 0.9948554048015235
8 26 3 21 42892 1.0769168911930787
29 29 8 1 155791 1.0929543536120325
3 3 17 6 54623 0.9296748271803467
3 3 4 28 137714 1.0499023419828726
21 20 2 6 117984 1.0173096676397382
21 6 9 7 49451 1.0872520667938934
14 7 16 17 45061 1.092173554411552
2 26 7 12 84370 1.0969895163721481
5 25 10 14 65149 0.9700038472633236
20 10 16 17 47245 1.0074650672786503
8 23 22 12 85452 0.9541406505789005
25 13 16 8 56526 0.9517315275772453
0 1 18 23 134372 0.9042884722587217
25 23 11 29 62161 1.0677904657263446
28 20 0 13 118762 0.9007379691368497
0 8 18 21 111671 1.0191027065728488
25 0 2 25 150916 0.9516372973528742
8 27 19 29 46470 0.9336901812353362
13 9 25 5 61953 1.087828715140008
28 28 5 5 147483 1.0761725617712683
3 14 21 17 72267 1.0563841020284288
24 26 25 6 76343 1.0368819019169306
4 2 3 11 60848 1.0192559157846228
10 21 26 7 93528 0.979858276786767
7 20 15 12 57603 1.0767299558029984
25 18 26 29 44057 0.9888135316713256
13 6 22 22 80920 0.9038381800599405
13 13 9 25 59710 0.9190352446717831
26 15 22 0 63264 0.9487284809481948
0 20 17 12 98514 0.9779318507981265
5 18 24 3 106141 0.9075248152846456
7 17 25 2 103299 1.026069461951281
7 26 12 8 89104 0.9422857337814838
9 26 28 29 74954 0.9226244163214283
11 25 9 2 105816 0.9389422737458626
21 2 4 27 138800 0.9800328091233512
26 14 4 27 112005 1.093891956029766
8 6 12 28 94360 1.0107000766529481
3 5 24 14 105218 1.0254176464299474
12 16 19 9 54012 1.0827387908076367
8 2 18 9 56704 1.0912939144859863
22 29 2 14 106412 0.9207956215558595
23 22 3 29 82883 0.9798451759195338
5 24 3 13 71879 0.9773608145941303
14 29 7 7 94976 1.0936643735869735
25 29 21 7 98622 1.0154275000408253
4 12 18 12 79290 0.9945473294221041
6 9 6 26 89128 1.0558565863641771
16 7 29 10 72819 1.0389445215304494
25 11 13 15 60422 1.0302933045363838
3 15 18 25 86806 1.076363146869998
2 7 29 14 124433 0.9454467798801321
10 12 4 3 64622 1.0560556361226172
6 5 2 19 88038 1.0926461631102438
23 10 0 12 123722 1.0592090148007383
20 9 26 21 66337 1.0364895678775266
8 25 16 27 40335 1.070521708268555
8 4 4 15 68661 0.982496093364274
29 0 9 28 144691 0.9421958666108163
24 8 21 0 39176 1.0308313959487685
19 19 28 10 59322 1.0603906236109844
28 21 7 2 123204 1.0943634495972967
9 24 4 9 90662 1.0319140533642917
14 22 27 13 62526 1.0726081749341254
1 5 14 19 96829 1.095673113968569
16 24 12 5 73715 0.9710752937529943
17 18 11 25 39285 0.9123448613003167
10 4 16 24 87029 0.9637206575900433
16 24 20 10 80070 0.9236138476998927
5 29 27 15 107444 1.0826969465025829
16 1 19 19 68138 0.9610261558631381
29 4 0 26 172061 0.9892644399781307
20 4 12 10 47652 0.969649496076724
24 7 14 24 81679 1.0506172023749423
20 6 8 10 61290 1.0221338976988001
5 25 15 16 64033 0.907291334682919
28 27 12 24 60999 0.9311273898970392
17 1 12 22 79653 0.9295912458297678
22 3 16 26 99605 1.050900785210274
0 13 10 13 49250 0.9460453383371235
14 17 20 7 59115 0.9277555518824866
25 1 23 10 35243 1.014641626185207
24 29 11 29 61675 1.092323790744251
18 24 23 17 45081 1.0933989267682236
1 1 25 15 119347 1.0147709843648778
17 4 3 12 89510 0.9894635541547206
14 1 8 27 112411 0.9877057813216769
15 28 24 18 60522 1.0439316558098062
1 11 12 17 62813 0.9650313767953109
1 17 7 0 108729 0.9438930093196524
15 27 18 9 79090 0.9187715952894598
12 15 10 4 53857 1.073248853204533
19 27 3 6 121585 0.9238019915794268
21 15 12 14 35548 1.019079526346772
9 24 3 13 69934 1.015501391250693
12 27 17 11 70272 1.0749777025030702
16 8 8 1 59913 1.039654955961692
23 0 7 15 104379 1.043934445950881
22 8 7 24 109596 1.001622042442518
2 25 5 9 102656 0.9020494987176725
19 16 10 26 61640 1.0226427633967874
17 14 19 3 34553 0.9720727613367927
15 5 25 17 64903 1.019468213334525
22 26 8 22 56390 1.034073952606651
10 13 24 12 68280 0.9369752286370002
6 7 27 16 102604 0.9224675085561226
12 29 6 14 75776 0.9274469741377532
13 18 0 7 90060 0.9969364348642232
14 2 6 10 61944 0.9839981902194155
0 10 20 21 111246 1.083096587546636
1 11 4 24 75911 0.9616594497720413
1 20 5 26 49944 1.0425219653322066
13 14 12 27 51437 1.0147244648703102
14 25 10 7 72957 1.0738662700659245
11 29 27 12 97546 0.9289239407883249
18 1 13 27 92375 0.9514741957369505
17 5 13 20 57104 0.969990125694312
25 17 25 5 40144 0.9540436687554613
3 4 13 7 54092 0.9704237054814442
12 21 27 0 112518 1.0100389984578706
18 20 29 26 59468 0.931977785664058
16 16 15 28 42633 0.9435646002036664
18 25 1 17 93103 0.9927633091828654
7 18 22 28 73187 0.9796418990841457
21 2 5 15 102718 1.004534093664755
1 23 0 4 107914 1.0293558007188044
28 20 21 14 39299 1.031469401440273
5 24 23 7 124747 1.0142630073050594
15 5 3 18 93096 1.0823614161653612
20 3 7 22 102454 0.99658961224523
3 17 22 7 110124 1.04393299094218
16 6 28 8 57622 1.0260802832880376
25 17 8 8 84936 0.9427168409048396
1 1 10 27 147866 1.0578037995152898
29 7 4 23 134179 1.0213008202885705
10 9 12 19 52079 0.9741687518172236
22 24 7 28 54013 0.9727852888414772
27 16 20 3 63829 0.9934835920606386
22 11 20 27 77444 0.9903291474035156
11 0 23 9 78160 0.9276162306776075
22 19 7 6 91487 1.0951269106882686
22 3 21 28 94641 0.9253496535795466
24 2 28 26 86909 1.008906380065585
26 28 3 7 145525 0.9970921949925049
26 27 15 17 68025 0.9701952926383107
2 20 28 10 123151 1.0973697902192914
11 23 11 4 86370 0.9140855574489235
28 21 8 10 102748 0.9094896799893305
19 7 24 1 45323 1.0595175570678799
14 5 0 11 86885 1.0032825373670544
22 8 25 17 37880 0.9099316827879277
18 23 16 4 76669 0.9856523243921026
8 13 25 28 94904 1.014507419618683
13 18 16 25 30464 0.9927611935217494
8 29 6 17 63236 0.9312004047774778
28 0 18 28 122292 0.929329532060164
25 5 0 18 130347 0.9133878095110188
27 10 10 12 86774 0.9504621642970803
0 16 7 0 103715 0.9187052156796305
9 14 28 18 74725 0.9977427519265565
9 26 19 4 100651 1.0786312331653398
18 25 7 22 51524 1.074596899645267
25 0 2 15 123239 1.0829744019019332
1 8 9 25 104367 0.9977789780030347
7 18 13 11 45660 0.9690375502519195
14 20 17 13 36807 1.0760970692385194
21 14 14 19 41538 0.9472093664296727
15 3 20 13 50982 1.0696042319400783
23 23 17 5 77049 1.0906154257847824
4 24 22 7 128630 0.9583290992835618
7 24 19 28 57354 1.030585502892599
25 7 16 14 60941 0.9099473587942465
18 10 8 12 54026 1.0807095851105974
0 16 14 22 62516 1.0851490395203962
20 13 26 7 52899 1.0904583637217629
7 20 3 14 39763 1.0537170045872326
15 3 5 1 46443 1.0625436731086473
9 11 11 21 56381 1.068730150241636
17 4 28 27 97295 0.9643717920922391
21 4 1 25 133840 0.9132705534003054
23 7 27 1 34503 1.0445724362787796
14 14 6 28 67579 0.9562653790477157
20 11 0 11 99269 1.0608399508057467
5 17 15 29 71550 1.099838102299963
15 4 1 18 101587 1.0561846229600858
20 25 15 0 112516 1.0826597043565045
18 5 29 3 50838 1.0773931872173845
25 11 7 2 95449 0.9227198122555761
26 8 9 28 110835 1.064506721214873
26 25 3 29 84446 1.0206566109120794
16 5 12 21 73124 0.9276297144384354
18 4 28 25 92690 0.9622613354223797
14 27 10 20 40166 1.0979734224717272
3 20 25 3 130824 1.0845318886215927
1 8 24 9 107642 0.9802717775572382
3 1 29 22 142824 1.0486776798967579
18 18 29 16 43583 0.9915480138813964
0 1 27 23 149170 0.9976059698881407
6 2 1 29 153556 0.9207346884949544
12 27 19 12 78128 1.0276292804001952
19 1 4 8 80793 1.0359921630617062
7 10 5 20 61985 0.974748810981191
6 14 29 5 123052 1.008082263719989
9 4 18 5 38895 0.9488896206638058
20 6 26 24 81598 0.9556976152745247
5 29 11 22 56143 0.9442124372407334
13 11 20 19 49892 0.9370196778200929
5 18 21 23 64350 1.0696481761378094
2 17 21 9 106526 0.9791738254582256
12 4 26 9 66861 0.9001332955709118
5 21 25 17 83339 1.0312390261113524
7 7 24 20 98941 1.0022453925445838
26 8 11 22 94525 0.913725388845468
21 9 13 3 49125 0.9636294567833438
13 19 4 0 104175 1.0704209718910458
1 18 7 10 66407 0.9544582512954971
21 19 27 2 75012 1.0341091974339942
3 3 19 24 121169 1.0146888746454064
8 29 13 6 92454 0.9346218021438325
14 9 0 17 77783 0.9351393763744574
14 0 19 25 106783 1.0304079001546267
26 20 5 27 95758 1.018046479756096
20 5 28 1 42681 1.0221821024641775
8 23 27 11 92206 1.0345133351325424
11 23 13 1 88451 0.9189991117122621
22 18 3 2 116589 1.0244364612957142
8 10 23 28 101879 0.9531787805975485
23 15 28 4 51641 1.0459095803695373
9 2 28 15 99545 1.081364595245538
5 20 10 14 47911 0.9710006766264709
11 17 4 6 71591 0.9734045698782009
29 26 2 19 115985 0.9151763140699362
22 22 13 29 41428 1.0640302775722135
6 27 29 26 83312 0.981278579054338
15 6 14 16 40037 0.9791764849823859
15 17 11 28 44646 1.0638323380720194
2 21 19 5 119537 1.001368339615555
4 2 13 8 56277 0.9131235727029325
21 15 16 5 44697 0.9840607205459568
3 7 28 2 106061 1.0654870300554313
8 25 0 22 40500 1.0786340275149282
25 19 13 5 77135 0.9585575719859978
17 28 13 12 59918 0.9074238382601619
14 12 25 5 65983 0.9897274315866471
25 25 10 3 116089 0.9084695259719536
15 19 7 16 35736 0.9602489889225427
29 23 20 25 37155 0.9467862232151197
22 25 8 10 90818 1.0635930926522568
22 25 13 26 27870 1.0469326272647792
14 3 7 9 52861 1.0208250308917675
16 21 29 14 66772 0.9671173717167841
17 26 8 8 87180 1.0634665870929254
26 0 22 25 89380 0.9632659240859794
3 12 22 25 102899 0.9851854926878516
27 19 19 15 31815 0.917319160019599
7 16 26 28 87464 0.9767792560946379
13 2 3 12 86342 0.9621125706717801
12 26 26 21 58352 0.9450252840152098
10 12 24 15 61990 1.0471581712117137
29 25 22 29 35123 1.0020464634000865
13 5 20 25 91854 1.0049814714593506
21 25 3 29 73560 1.0853641427317382
16 18 23 22 39546 1.0673380923148181
15 19 10 10 54414 0.9124199089085449
29 4 14 23 106339 1.0327110921243114
5 12 13 24 76531 0.9757369640636124
5 23 9 5 89770 1.0623939993456422
8 23 18 28 46040 0.9526598540621704
0 12 29 17 124260 0.9876973421496484
11 22 17 10 63543 1.0764014277709752
22 26 7 17 70631 1.0889862381340725
22 5 2 19 123547 1.0976139356166021
11 22 27 19 68982 1.0516506229438316
4 19 10 4 94089 1.019615016886103
13 11 21 9 47575 1.0355796699989142
13 26 25 6 97059 0.9282783876590777
25 18 0 19 98238 0.9184794933405006
15 15 25 21 47725 1.0484902043929887
8 14 27 8 95410 1.0765438991935539
18 6 10 18 60693 1.0170063513309513
17 3 1 16 89984 1.0429525564625959
7 0 5 8 47692 1.0703715368793707
12 15 26 23 70109 0.9738948883999428
13 4 13 21 61291 0.9248661015569392
28 14 23 29 65454 1.0399447121825087
4 6 6 20 84310 1.0803651474561209
6 20 16 24 57209 0.9928923862974345
1 13 8 29 97736 0.9402085275225669
5 12 29 16 106163 1.0544029866535654
25 8 15 14 60555 0.9886341019573027
0 13 28 27 135502 1.065961187344929
18 6 4 29 118161 0.9549173822591523
9 1 16 7 54614 0.9191765543016736
2 12 11 0 88785 0.9105496734737123
5 29 18 3 118527 1.0958790147313584
9 0 11 18 92101 0.9253743706419004
17 4 29 21 80770 1.0224054390322286
10 16 13 28 48128 1.0474287616737301
11 15 3 24 66372 0.951984040780502
18 8 23 20 62992 0.9492481329880007
6 28 11 0 127593 0.9068836997985165
25 23 17 15 48222 1.0406846099066176
17 16 19 6 40584 0.9637323935323883
24 5 14 5 46011 1.0372986580246857
19 23 24 11 55848 0.9430889308150013
10 11 2 17 58185 1.0157378793225567
18 11 18 1 33912 1.0362551596416998
5 19 23 9 101527 1.0481412198050026
0 27 25 20 109430 0.9683579866799655
16 27 9 22 46397 0.9709979976074836
24 26 20 13 66239 1.0030110289795975
25 8 2 23 121615 1.072065132954777
24 12 26 26 51762 0.9341287576408257
7 6 16 21 79971 1.061916640758797
12 4 5 8 47590 0.9663430419186152
29 20 17 23 48410 1.0978812894881715
23 23 15 18 41969 0.9173454454003078
12 4 5 22 101852 1.0543371657454088
10 10 17 23 68195 1.0232785625700507
4 2 7 9 45982 0.9852686557516496
24 6 17 19 65006 0.9619452999523872
27 19 10 14 69638 1.0292123174428904
18 23 5 7 99402 0.9697175175293722
17 24 10 11 66979 1.0322472285452946
23 0 29 6 44812 1.0294085142021718
29 19 16 18 46495 0.9242965261741897
1 19 24 25 104300 1.091290332362513
23 21 6 9 103214 1.0751570643784094
27 3 7 1 85128 0.9948738409475906
20 14 13 21 47364 0.9415821146566459
9 5 26 4 70498 1.0666913104371036
0 19 21 22 100217 0.9108512154217886
17 26 1 12 97192 0.922960662191598
17 7 1 28 113005 1.0087557605023751
11 11 22 29 89871 1.0920862929788526
5 25 25 8 120144 0.9431545727719255
4 26 27 11 122061 0.931393184209324
22 2 13 13 61981 0.9864279909711082
5 29 21 26 58479 1.0840049367482807
18 7 6 5 54475 1.0183833733661254
15 15 11 2 62890 1.0677352598302465
26 4 0 20 144546 0.9893764981185118
4 4 18 3 55894 0.9234394098998228
24 24 15 25 38661 1.064306789779337
8 17 16 27 56653 0.968450790333067
4 10 10 5 50566 0.943157150746274
0 9 12 6 65203 0.9166905663764867
23 10 29 21 55392 1.0298799174042512
16 14 1 19 79401 0.9116329772652888
11 24 15 15 47998 1.013681953417036
25 28 6 16 89183 1.019644674257513
2 7 29 6 121245 1.0796995733896797
18 5 8 12 65264 0.9841041529361876
17 13 7 7 55995 1.0039405070219716
22 3 6 19 102922 1.0181119674440333
3 23 13 18 51676 1.0291033271780687
21 3 26 10 37042 0.9222237586289295
24 10 7 18 77518 1.0617310139771479
21 23 3 1 134141 0.9254759678859935
0 25 14 10 104130 1.01943172929301
22 1 13 22 94364 0.9371320040186738
13 18 28 5 88447 0.9863826795673004
24 29 7 20 87541 0.9805206457117595
27 26 2 5 145410 1.0053320697737689
4 17 11 12 50547 1.0427410668828068
22 20 25 6 57232 0.9513060929614183
2 14 19 19 72032 0.9619464681683298
15 17 7 25 52781 0.9886079520489683
18 29 5 23 60375 1.006252377005029
11 13 5 21 60737 1.0303838991881602
5 17 23 24 81071 0.9478285662809457
8 29 11 5 103326 1.09458902052521
27 3 7 16 102291 0.9956874914984626
6 2 17 24 110476 0.916894109642587
28 8 15 2 68962 0.9164500872558482
8 2 2 19 105317 1.0541058659474598
5 7 23 24 116872 0.9110652605921378
13 27 24 15 64574 1.018498382763542
23 4 14 23 88145 0.9510867547989553
25 17 15 15 36241 1.0052742773942753
18 11 3 0 84484 0.9301233335102155
3 13 20 0 111843 0.977564924763187
15 1 15 28 97054 0.9967757331104403
3 3 15 20 96571 1.0676913854440302
3 5 21 19 114267 1.0188894582477241
1 17 28 21 109998 1.0734493098694782
3 27 12 16 80245 1.0223785445294364
10 10 24 2 74612 1.0354657526530047
17 21 27 24 43572 0.9848409636022617
22 17 8 3 93406 0.969351963185941
5 20 13 15 55333 0.955594519145484
1 29 24 2 152954 0.9001442487518175
18 23 1 4 124187 1.0116794113038339
1 17 14 16 51644 1.0694756219119
28 17 27 7 38594 0.9330311380390401
28 15 13 16 49072 1.0154826874181655
19 2 6 25 116102 0.9987709277637448
24 13 13 15 49543 0.9790632604208201
10 26 17 18 48378 1.020083607151095
12 7 0 2 66159 1.0079811995056862
16 0 24 18 72246 1.0230269457884515
26 24 13 16 63170 0.9270011966253712
11 26 27 1 124693 0.919672821476024
19 20 28 3 87830 1.0840218573617684
28 2 20 25 100169 0.9045075214533048
21 9 13 7 46599 0.9639028064752115
2 21 11 20 51699 0.9623410439881936
29 24 18 24 49022 0.9082055681638833
6 26 1 4 127270 0.939070990695494
12 20 15 28 35014 1.007090786454484
14 12 1 2 82320 0.9848082092623723
21 14 5 1 94920 1.0520258822427997
6 11 28 21 109553 1.0678866151058624
28 8 0 26 156502 1.0375022326482302
13 18 2 23 56062 1.0590011438886
27 14 14 17 50520 1.0935584862258834
24 27 11 21 70634 0.9593755258431937
17 2 7 8 56973 1.0124914091911486
18 15 19 1 49183 1.0623846537153563
21 3 11 12 62191 1.0506603336336244
11 13 23 29 90648 1.0103730816816596
17 27 27 2 109071 0.9155957800775881
0 10 19 24 114117 0.9101588276641093
23 2 11 17 86928 0.9310228250504842
2 23 11 11 83636 1.0141178652033807
2 5 13 29 121663 1.0111133434272057
1 15 28 18 99025 1.0279179361147743
13 19 1 9 82527 1.003052275523707
20 9 10 28 99435 1.0409282211904594
18 26 10 6 88527 1.0779351725890018
20 23 12 21 36561 1.0351398561095668
11 4 14 18 58653 1.0300452989603421
24 7 26 18 39529 0.9287791750297417
6 19 27 11 89796 1.057036771732736
18 25 4 14 82066 0.9899239998167333
3 18 11 26 72676 1.071779156995413
3 13 29 8 126352 0.948269492556148
23 0 29 8 48079 0.985461116328562
12 25 22 3 96424 0.9529761432930112
7 11 12 24 73593 0.9037751086196955
14 20 21 15 36376 1.0608036910397374
21 23 16 3 84190 0.9004714049261485
28 23 0 22 97184 0.932051113251144
2 23 1 11 63577 0.9318775509460524
4 7 2 29 125796 0.9640027199311547
2 4 4 13 58001 1.0030238475758844
21 28 23 0 103723 1.0507359042074282
11 22 4 25 37990 0.975777055594724
21 29 22 18 39420 1.0387375041492262
18 5 11 23 81856 0.9508629848284902
8 15 24 6 88260 1.0295816174399433
23 17 8 25 76228 0.9759683309358462
19 0 27 18 85615 0.9505240889275541
29 14 3 27 122643 1.0590918481447251
0 8 17 15 93280 0.9360355447881212
20 17 2 22 84415 1.0018228919568344
8 0 23 10 100595 1.032654392267451
5 15 19 11 76402 0.9371743198132807
7 27 6 7 96429 0.9709449366104365
1 4 23 16 117267 0.946164439634496
4 10 18 28 110227 0.9775608897956691
14 15 15 25 36253 1.0873292624430486
9 7 10 29 100301 1.0515108104313984
13 20 22 18 32153 0.92391349862055
3 12 18 23 86410 0.9174694470847512
6 11 12 27 89274 1.0027058486089164
18 1 8 3 46427 1.0302010050753965
17 15 22 1 59014 1.0895979739045876
18 12 24 0 57999 0.91919003500494
1 14 20 20 88199 0.9399812477364723
24 28 23 8 79506 1.0482238986286179
5 15 8 22 44911 1.0156505650138605
2 11 14 5 79054 1.0074307064177206
15 13 14 4 42671 1.0238380843037507
28 28 3 26 97930 1.0455064865053934
13 16 23 23 49860 1.0086588013196311
18 25 17 16 48856 0.9700635949504945
7 25 8 0 128004 1.0741628187299475
22 3 20 25 89662 1.0594275314473063
29 8 3 26 147546 0.9108012963796994
22 26 15 11 77342 0.9534271523677542
12 20 7 7 72529 1.065437372291946
25 24 4 25 80871 1.031814210003785
23 14 12 19 54002 0.9989155987317937
2 10 13 13 66292 1.0532882343241545
5 24 20 26 60933 1.0730890909234736
4 2 22 20 119760 1.0012314947940957
11 1 5 29 132108 1.0467875343464688
27 1 18 25 107163 1.0106337437306399
14 29 8 16 51688 0.9631063851408541
26 3 2 28 146538 0.927636566868096
22 21 20 12 52104 1.06785777927939
24 0 0 18 136602 0.9804305090022044
11 29 27 7 116321 1.014089964352852
10 4 21 24 101955 0.9435190908941024
5 14 14 7 58203 0.9479403582500299
14 27 9 5 87809 1.0652967935836195
1 23 1 11 65429 0.948124308490845
25 28 10 29 58167 0.9445421716529567
3 3 23 3 68008 1.0257984183893103
22 17 5 3 100824 0.9486267649562841
18 20 6 9 87254 1.0065586417209513
28 7 5 15 113066 1.070195980539248
12 25 26 14 72864 0.9929201882249427
23 8 15 15 58056 1.0387700766584382
17 19 28 19 44137 1.0291652362095762
13 14 4 11 52585 0.9166600812041408
8 20 26 14 72134 0.9399164616451942
7 0 21 15 97525 0.9142551281542938
8 22 22 6 102513 0.9267141880662989
25 14 16 16 34763 1.0078471317883555
1 0 13 21 121702 1.023975371801376
2 8 15 17 82158 1.0993354902925405
10 17 29 25 79323 1.0648752182529724
17 18 3 26 76253 1.0258505314352933
20 5 29 27 107045 1.0097910682040898
15 11 26 21 65603 0.9436151641668189
10 19 23 24 56798 0.9520876409544982
23 25 3 1 144974 1.0156076161657572
23 16 15 19 41576 0.9749655014190601
24 3 1 27 151179 0.9293617772979644
23 0 16 26 109640 0.9524983055327435
2 28 9 10 105347 0.9678970879119564
24 2 10 4 54478 1.0273956823868284
12 23 15 4 78688 1.0912801334522675
9 12 23 23 82936 0.9282474618320575
17 9 5 18 71249 0.9989750298721393
23 22 13 14 59806 0.9523146208606548
7 23 3 3 108206 1.0995396639670854
29 1 0 20 161024 0.9082092958861075
29 5 20 8 52489 1.091745957932929
24 20 20 26 33450 0.9405247418352629
22 9 3 6 84237 1.0736915970327567
29 0 0 16 142360 0.9225482750768705
29 20 4 25 99982 0.9983486733381897
17 28 22 4 105002 1.0962481161331197
28 9 13 1 80961 0.9435930828670369
1 4 24 10 104693 1.0505772005073395
22 20 11 3 89623 1.0309117479472611
18 0 1 8 92203 1.0861186341394398
4 7 29 24 142199 1.0299295401521917
0 26 15 15 96001 1.072790433173997
0 25 7 5 120402 0.9573407656466559
12 20 2 3 103220 1.004425727698963
27 29 21 0 116615 1.0170436333607216
18 10 0 20 106034 1.0134499403532669
19 9 21 24 83125 0.9499194560870932
8 5 24 9 77963 1.0778145933626824
28 15 26 28 46735 0.9865849759446668
28 11 1 4 124047 1.0018650988007265
3 4 23 24 135524 0.9155643099432839
19 18 18 0 67323 0.9069726577332052
27 16 18 5 65003 1.0558984270344758
24 20 13 28 57533 1.0859397472357495
4 8 28 0 110285 1.039875123936916
16 22 19 29 40396 0.909786121895775
7 13 2 21 58975 0.9747110344867622
4 19 18 8 90579 0.9873299774326951
8 29 6 1 137273 0.9959539012772997
3 27 11 9 108628 1.0593365645773174
11 8 7 20 67106 0.9933953579312234
28 3 4 4 90122 0.9961875342995506
19 27 7 3 116592 0.9402924931849305
18 7 3 12 90610 1.0430291107115492
26 21 3 26 98610 1.075135580461197
3 19 13 2 103721 1.0740281445530326
26 16 7 23 81765 1.0577339601865974
11 8 6 28 95757 1.0232886128159964
19 23 23 5 79599 0.9887129891654775
23 23 15 13 62787 1.094222549187614
22 6 26 21 63465 0.9992097355990475
19 17 0 28 91635 1.0455400099804883
3 5 14 23 100710 0.9956712739190611
27 20 6 9 112407 0.960924927959521
2 21 8 6 90355 1.019021424068759
26 17 10 17 56010 1.0963158944074516
8 12 15 15 43127 1.015982736621804
17 29 19 3 103714 1.0590141347302382
16 28 25 11 83742 1.069183929355097
13 21 29 24 65895 1.0410966610244807
18 23 10 2 94119 0.9630047762598717
27 24 1 29 94573 0.9494617917461895
22 28 14 26 29708 0.9561943433385809
6 29 12 2 117025 0.9316736238250365
12 21 2 17 61029 0.9155527339935772
28 13 20 22 58012 1.017784139840641
26 2 14 3 42432 1.0360652930319623
0 26 23 17 113023 0.9610753611206689
19 25 7 3 115689 1.0305288489137345
6 20 25 8 103318 1.0623522409106398
17 15 28 12 42468 0.9236385933774435
11 24 16 29 37182 0.9834403565626352
2 22 22 4 130241 1.0695970871410216
26 9 0 12 128989 0.9487685769781772
22 23 4 12 93924 0.975212653665751
28 23 23 17 37225 1.045189902148849
24 2 5 7 81045 1.0006798483749624
25 28 4 4 145929 1.0285106810764404
17 6 10 13 52128 0.9820152297521932
15 2 27 4 51892 1.0980931566512881
17 23 12 7 65600 0.9377627637028232
19 14 12 29 68946 1.0617105783395988
15 19 19 4 62835 0.9807377088273725
17 7 7 20 74978 0.9144624529714213
15 28 6 7 98376 1.0983105899161203
8 23 0 13 75568 1.0847691611069186
27 17 27 6 37669 0.9351102900720429
12 6 19 22 77226 1.0458042486623764
16 14 2 11 68251 1.0063541767224669
18 0 25 8 54058 1.095792376457973
24 21 12 15 62523 1.0645052753755755
27 25 7 10 112651 1.030644690397816
20 9 29 0 63708 1.0808575147344308
7 26 0 4 129322 0.9620074192793495
15 26 10 9 75158 0.9449555781228011
21 12 11 19 67428 1.00219972556131
6 23 13 7 80736 1.0751168272450093
3 14 14 27 72717 0.9248479639990951
18 8 18 25 81499 0.9095624636579339
16 19 21 26 49869 0.9188640905584862
24 24 14 7 88615 0.9327691481009672
24 19 23 2 55819 1.0530121605737288
28 20 1 22 104036 1.0343451387158022
6 13 12 2 74096 1.011602813776103
15 9 2 28 105240 1.0814205578728033
22 1 18 26 102607 0.9555896500107427
21 23 28 28 35224 0.971279282911461
14 16 17 23 30359 1.0259535121636256
8 16 29 24 91214 0.9842503967807428
27 4 9 21 109676 1.090159254219087
24 10 28 3 37260 1.0848480606870472
23 6 8 14 85637 1.002182176751224
6 10 9 2 45982 0.9793370704178408
18 14 23 4 51313 0.9268668137787367
28 20 4 2 127317 1.0017319624648557
9 10 21 10 67424 1.0103458541192447
17 17 1 5 100115 1.0256617641229708
10 5 20 25 101946 1.0524718251375362
26 2 11 0 66261 0.9538282636653042
2 10 11 18 64708 1.0330587720794233
23 12 3 29 125931 1.0803018045159534
21 6 1 24 127447 1.0166144134732864
10 14 25 12 68326 1.063592045733482
6 0 10 21 106102 0.9965458121599089
27 3 18 2 34926 0.9659119613578309
27 4 11 23 109903 1.0036915626145555
3 25 18 19 75446 0.9829425297739243
3 26 15 10 104475 1.0671017778522556
28 2 20 6 49416 0.9459625363629027
2 29 14 13 87061 0.9749409973713963
2 12 26 16 98747 1.0289155147843838
12 2 13 28 90775 0.9363517016554863
2 26 9 19 63407 0.9859958785544919
16 28 26 7 98709 0.9789961250491858
19 15 0 23 85387 0.9854435112642805
1 18 16 16 62421 0.9288119763817382
28 11 17 14 48572 0.9812615891873212
20 25 15 3 99364 0.9286406204120736
16 3 12 24 81527 0.9781940529655694
19 5 2 11 96350 0.9167478803639845
17 18 5 0 102642 0.9168748270825994
27 7 18 18 62998 1.082106763855154
6 15 13 1 78854 0.9632965291775548
21 15 6 14 58716 1.0609388448097374
13 5 26 14 73338 1.005307482480395
1 27 18 0 144934 1.0050586797133951
7 23 25 28 69983 0.9549329551874508
1 25 22 11 125293 0.9823734365372219
13 17 12 28 40296 0.9754098690219652
17 18 1 22 72798 0.9984837231785343
7 9 17 27 96899 0.9420426924344962
23 21 20 12 53549 0.9865609622136456
20 17 2 18 70227 0.9308594309540219
12 1 6 25 114020 1.0358683797033845
10 22 20 2 97425 0.9748694604710796
20 7 13 12 46094 0.954364593004279
3 8 27 4 103890 1.0105877175704288
18 12 26 6 61211 0.9142429128047128
3 9 13 0 73825 1.0152517969739872
28 16 18 4 68246 0.9625244590943542
19 25 9 25 41958 1.0870714059733886
25 22 17 12 55987 1.0552488614639386
27 7 5 9 110390 0.9677092721477633
2 24 9 18 52926 1.0107583382993517
8 15 26 2 100321 0.9098235843977595
14 27 14 8 62551 1.0151256393487065
3 23 15 8 93403 1.0890473953112312
5 12 15 4 75614 0.981530100996264
0 14 23 15 88962 0.9911330469953971
23 18 8 16 49759 0.96469745195766
21 3 17 15 45628 0.902559232969019
24 25 13 27 37124 1.0679188215771802
