7617 6293 4876 5961 7654 5443 7782 6604 7195 5483 5065 5453 7800 5902 4972 5029 5964 7139 7875 5709 5757 4972 4734 7967 7859 8054 4814 5321 7407
7288 7651 7967 8795 8841 5708 5680 6418 7712 5286 6852 6811 6061 6587 6406 6970 5140 7197 6804 6342 4756 7866 6754 5884 5712 4980 6960 5772 7654
6807 7939 6069 7055 7905 4912 6172 6632 6206 5180 7919 5589 5315 5618 6283 6229 4984 2351 5727 3532 4127 2858 2893 3206 4850 3501 5036 4220 3095
4142 2462 4537 2393 4860 4383 3976 2191 3425 2547 2697 3730 4827 4114 3889 3008 3479 4730 2742 3810 2109 1786 4364 6377 5313 5360 7458 7591 7270
5540 5008 3226 5875 5565 4399 4525 5253 5136 4728 4560 2341 3647 1983 2747 4230 2595 2578 4078 4606 1996 2982 4447 3335 2923 3029 3591 3111 2372
3779 4459 3679 3749 2326 4748 3059 3629 2093 3905 2921 3145 2032 3307 4419 3717 4027 2182 4319 4197 4792 4072 3271 1987 6209 5642 4899 6017 6158
5009 4684 6960 6293 6783 7369 7234 4642 6729 5198 4966 6208 5806 6420 4858 5954 4207 4287 5029 5881 6463 5543 6455 4262 6499 6965 7026 4607 7486
4408 5279 4400 4442 4821 3440 3432 5293 2122 2557 2785 4433 4639 2885 4054 3951 4881 6399 7733 6621 6412 5852 6267 5754 7978 8639 7951 7392 6077
2802 5704 5283 3720 3810 5079 3679 4997 2739 2626 5148 2832 4706 2920 2970 5775 2792 2969 5057 3945 4848 2518 2936 2613 4875 3250 2582 3308 4474
3344 2072 4744 4605 5195 2962 3504 5098 4738 3502 3915 4429 2123 3241 4987 4055 2206 4364 5029 4921 5681 5886 5057 6103 4248 4229 5974 5075 4963
4621 2083 4072 4335 3551 3769 4697 5611 6063 6588 6447 5641 5950 6471 3865 5719 4389 3826 4607 4812 5156 4970 4062 5450 5486 5146 4132 5729 5689
4446 6119 6268 3723 3659 4863 5762 6398 6752 4536 6276 5365 5847 4394 5443 5441 5179 6459 6493 4385 4456 5249 6010 6231 5473 4859 6585 5238 7513
3768 4881 4023 4680 4936 2692 3816 2582 3821 4405 5890 3730 6475 3307 3739 5219 4548 4155 4097 3810 5442 6488 5438 5258 5322 4990 3346 6278 4008
3547 3580 3819 5406 2571 5523 5382 3663 3030 4072 3669 4579 5371 2420 2270 3723 4700 3974 2603 4626 3612 2210 5415 4161 2636 3396 3359 2552 2694
3720 3561 6134 4932 5827 5066 4531 4588 5456 4269 4325 5344 6139 3820 5052 3690 7777 6875 6012 7575 5955 7300 6171 7856 8556 5548 8337 7915 6049
2807 3856 2199 3104 2985 3393 3061 1340 2380 3194 2529 2655 2446 1771 3329 2407 5092 4881 4742 2810 4007 4361 3466 5331 4689 3867 4882 5225 2843
3242 5108 5395 5275 3801 4898 5677 5232 3367 5159 6349 5422 5359 4577 5940 3773 6108 3605 3811 5693 5695 3346 4041 6925 7765 5583 7257 5341 6996
3176 2042 1113 3338 3101 1884 2158 2181 3621 1536 1987 1959 3298 3774 3119 3840 3910 6574 4665 6655 6087 4031 6906 5175 6227 6338 5149 5751 4664
6642 6223 4569 5587 6676 4772 5185 3814 6197 3565 6449 5576 6294 4622 6331 4363 4433 4243 5963 5458 7516 6472 6571 7719 7514 5592 7366 5108 4959
3599 4631 2737 1861 2037 4504 2252 3449 1871 1885 4773 3682 2621 3035 3514 2911 5209 5183 5208 4202 3909 5536 3596 3688 3912 5610 4750 4090 3305
3717 5706 4834 2796 5294 4222 3031 5330 4963 4876 3552 2380 2283 3178 3749 2902 4209 3626 3137 4840 3243 5063 3149 4262 2850 2192 3362 5166 2100
3625 6211 3745 5474 6237 3493 5049 5359 6622 4671 3639 6425 6635 4632 5632 4477 4008 4829 4506 5646 4582 4702 6815 5899 4800 4239 4479 4187 4269
6396 5385 5238 4696 5274 6573 4642 4937 5466 5753 6473 4511 4724 4520 7193 5692 4815 6942 6729 7272 4539 6621 5137 4692 6772 6322 7307 5905 3457
1495 1828 2950 3122 2735 1706 2003 2268 1449 2763 4156 1558 1955 4414 4070 1454 2514 2304 6435 4042 5320 4440 6380 4240 4725 6582 4050 4563 4148
4789 6576 4797 6035 4552 5538 4903 5906 6430 5424 5064 6025 5845 5160 4959 5350 6057 4200 5053 3575 5379 4530 3748 4546 2948 5671 5686 3991 3416
3189 4401 5100 5916 4711 4662 3567 5383 6005 4895 6472 7662 6335 5790 6936 6024 7423 7797 5400 4961 7826 5208 6723 6139 5482 7539 6933 5283 8085
2877 4370 3577 4412 3391 2285 3265 1577 3947 1694 3263 4315 2089 1034 4176 1216 2137 2890 3053 1404 1669 1204 3383 3235 1909 4249 3956 1912 2666
4916 5175 2934 4482 4022 5824 5134 4852 6562 5938 5891 6524 5632 8071 6832 6022 5641 7380 7532 7458 5322 5779 5259 7150 8070 6998 7131 6543 5846
5575 5985 4706 4336 4716 5569 3506 4428 5267 5246 3452 7365 7732 6042 6358 6388 5126 4920 7536 6014 7232 5382 6792 6784 6315 7564 6542 5061 7680
5828 5842 6068 6201 6717 5378 7285 7366 7665 5849 5114 4331 3956 4508 4535 4729 2882 4747 2800 4018 3703 5182 2605 4317 4701 5059 2719 3749 4139
4340 2195 3799 2861 4008 6390 3110 3515 3901 6752 4793 6163 5894 5260 3395 4972 2600 4238 5615 6235 5649 5428 1783 6192 2991 7207 5406 7151 7076 1442
2715 3179 2400 4604 4233 7051 2575 3086 5177 7449 3295 7696 8322 6939 4288 6735 2941 4115 4782 4973 6269 8130 1491 3967 1596 8382 6469 5276 7003 3375
2019 2474 3930 3141 2677 5217 2345 3425 5566 7004 2924 7981 8404 6327 5514 4637 4411 3242 5611 6874 4958 6558 4050 4049 2399 5794 5024 7099 4838 2755
4148 2757 3889 3230 3467 4313 3000 6048 2726 5756 4518 8366 8712 5181 8194 6680 4686 3920 4136 7506 5805 7191 4696 6194 3734 8930 8110 6628 5371 3517
2217 1379 1505 3267 3892 4883 2336 3807 5072 8140 3693 7891 6055 6054 7243 7213 4243 4018 5556 5549 7123 6678 1737 5783 3063 6351 5278 6301 5333 6941
4612 1141 2059 5447 3738 6823 4085 3909 3973 6443 2777 8327 8039 4567 6231 6632 1895 4913 4873 7663 6785 6835 3477 4142 3947 6184 6537 7178 4541 5661
2027 1587 1276 5269 4568 4938 3500 5843 3832 8564 4788 8230 5444 3303 7797 6108 2549 4665 5400 6302 6858 7050 3925 4770 7705 4716 6819 6496 4860 6654
3333 2457 1135 3261 3437 6969 2690 5483 3261 7308 2702 7515 7213 2431 5723 7268 4690 4640 4126 5748 7310 7922 3725 6139 7373 3345 5533 5782 4612 6129
3625 3988 2460 5892 5467 6355 3156 3001 3145 8074 2879 8053 8546 2036 7313 5378 1667 1780 4008 5003 7272 8024 1936 4793 6304 4722 6797 4697 5864 4925
2783 2818 1745 3030 5604 6305 2552 4504 2530 6597 3386 8430 8484 1473 8644 8256 3017 3407 6349 7385 4561 6456 4032 5097 6101 3626 8258 5326 5970 5826
2662 7335 2665 4265 3123 5550 4485 4386 3769 5473 3632 7237 6745 3950 7222 6808 3507 1524 6538 7548 5671 6104 2160 4677 6435 1760 5730 7015 5411 7111
2937 4115 1230 4069 4392 6548 3174 6110 2554 5115 3084 6443 7127 1591 8691 6057 4211 4629 4489 5645 5548 6257 2789 4580 5313 2544 5969 6602 3411 5382
3825 6908 1783 4311 6298 6757 4066 6225 5054 5550 2123 5721 7271 1533 5626 8147 2200 1741 4507 7296 7446 7468 2980 4815 8073 4497 6643 5085 5336 4254
1945 4657 3370 3716 5741 6168 5355 4478 2852 5743 7573 5750 6812 4137 6711 6687 3970 4472 3586 6969 6993 7462 2085 3717 5751 4381 6608 6024 4757 4825
4488 7091 3579 2277 4926 7028 5332 5686 3250 6663 6528 5892 7786 2134 6285 6432 3343 3299 3964 4867 5640 6184 2112 4549 6874 4756 7658 6738 3832 4417
3752 5605 3754 4472 4938 7357 3099 3922 4876 4338 5781 5641 8052 3444 8178 7988 4625 2540 4712 7714 5201 6084 2287 5659 8211 4801 6995 6752 3282 5242
5065 5982 3734 3611 7387 7357 5348 5484 2471 5521 6583 6100 5779 2325 8315 8239 2579 3722 4360 7509 5686 6015 4485 6380 5082 3925 8076 7735 5143 4845
1748 5124 1648 4272 5897 6495 2875 6267 4282 3339 6524 5828 7536 4151 6702 7918 5010 1625 3222 4905 7642 6978 1585 4116 7122 3475 5391 6649 6119 6020
2302 4540 1812 2598 8049 5266 3271 5614 5540 5136 6882 7085 8274 3474 6707 5274 4463 3273 5484 6856 4489 6648 3528 5265 7937 3933 5301 6339 5108 7162
4398 4256 2676 2780 6588 5089 2792 4423 3461 4512 4806 6343 8505 3488 6514 8400 2926 7457 3155 6568 5831 8394 3590 3947 7931 3830 6363 5908 3924 4474
4733 4525 2504 3429 4957 6179 4017 4066 4571 4520 4553 7684 6006 2389 6590 8015 3517 6306 6166 7034 6237 5831 3326 6704 7272 2612 6506 3135 5991 5352
4950 4788 3170 4613 7836 4859 4228 3621 3202 4400 7152 8483 7311 3022 7072 7194 3002 6330 4740 5601 6243 6906 1952 5589 7266 2167 5440 5962 4887 4659
1876 4132 3741 3504 5253 4436 4568 3746 3632 5652 4599 7309 8515 3575 7823 5430 2581 8049 5657 7034 5860 8183 2485 5570 5089 2066 7669 6484 4527 5560
7173 6857 2530 2986 7973 6198 5281 5502 4509 3594 6386 7505 7728 3152 6676 7629 2436 7018 4473 5144 5125 6193 2395 4775 8077 3228 7317 6033 4939 6272
5309 5203 3921 3193 8245 6398 6425 4273 4360 4270 6974 7376 4585 4176 5815 5222 2797 6060 4297 3328 5453 7798 3380 6436 7678 4494 7799 3470 4294 6079
6378 5163 4069 3700 5584 6318 3462 4817 2678 6598 4268 7772 2880 1603 6226 8041 3473 8294 4518 3707 5962 7931 1905 3840 4988 4647 5508 4102 3206 4543
5569 4552 2715 2128 8119 6232 4118 6754 4317 5752 7064 5569 3836 3289 7076 7807 4203 7448 5911 3636 5441 8360 3043 5743 7892 3368 3655 4478 3597 6458
4579 6035 2970 2182 6420 7495 3565 3554 5227 5829 6656 8015 5172 2600 7009 5230 4064 7264 4333 3402 7432 8216 2700 3784 5920 3964 4053 6330 5686 6547
6441 4733 4261 5161 8080 7511 4103 3825 6047 3992 5681 6840 2408 2854 5750 6978 2788 8151 7317 4097 7394 7787 3729 1653 5722 3615 3358 5571 4170 6206
14 12 24 12 43138 0.9083597776544218
24 28 1 11 135756 0.9335058722134543
23 23 18 14 54319 1.034365306449826
20 16 22 24 39225 1.0144661075817112
14 20 25 17 59124 1.074832505653713
10 7 24 24 102886 1.0715330314701923
6 12 17 2 60339 0.9156350112259992
27 2 14 28 115474 0.9034606264948031
5 28 9 12 70771 1.097156699362271
24 15 9 19 64646 0.9571951686618005
9 29 24 13 102537 0.9395505651035676
22 29 0 10 129496 1.062678549483433
13 18 1 1 86766 1.0104340113863857
16 28 1 16 90855 0.9441139259411611
5 14 17 0 67625 0.9673569778612661
12 14 2 6 51123 0.9372528248361747
17 16 9 19 38637 0.9498693861759634
5 6 6 17 38329 0.9339486394410206
16 18 29 3 82240 0.949216160860748
5 20 22 18 76172 1.0378153727888004
12 6 20 12 49217 1.0973720715716797
18 3 2 7 61173 0.9842867356619206
18 7 12 27 86727 0.9531711553609603
5 11 26 9 78492 0.937517238798542
26 26 3 6 119633 0.9568343512127998
14 17 2 16 42120 0.9362923238949864
22 14 10 16 51415 1.0829156192504632
2 11 19 14 70359 0.9342544104345185
1 0 9 23 101717 1.024053681604124
11 24 28 16 73749 0.9499433484617186
8 0 29 3 68573 1.053905310042503
17 26 9 18 65313 1.0006986905849142
1 10 23 4 88368 1.0097828305703012
22 2 26 25 66647 1.0168295564307928
20 12 2 12 69197 1.0320802119036991
11 8 28 25 96355 0.9895259592888694
1 22 24 21 71358 0.9968784781434502
24 29 5 23 87065 1.0069186917688435
6 26 29 19 89874 1.0132106688582085
3 13 23 1 87714 0.9358608539072955
14 0 22 10 57494 1.0028792603207992
6 7 20 22 87558 1.0046958466150806
17 11 14 2 31986 1.0033120036842198
18 16 29 8 62520 1.0754216600050457
12 19 27 17 64450 0.9494685099507842
11 29 13 8 84708 1.0513553480874815
17 20 9 13 48752 0.9704352133758599
9 23 3 6 74857 0.9626645169936507
7 28 0 24 38108 1.0786047045118
19 10 5 17 63116 0.964927360076365
20 21 12 19 41813 1.0651010164295085
21 5 15 19 61179 1.0886646549814356
29 22 0 19 99637 0.9143127055673825
21 25 14 29 43810 1.0466508376300643
22 16 12 4 70685 0.9434575253405844
4 2 14 12 57433 0.9616942956861141
0 6 21 11 88197 1.0217644668122041
25 12 5 4 88792 0.9886293393471829
15 19 28 16 54991 1.0316280270991918
9 22 2 1 90258 0.9255997421351561
7 15 5 29 61222 1.0655544817662255
2 18 26 19 86907 1.0822848695604788
26 4 28 21 55734 0.9684244229739456
22 0 19 22 78210 0.9800235734424063
13 28 14 0 98074 0.994967345804903
10 13 27 25 78822 0.967978195671358
22 23 15 15 53455 0.9398976073416393
15 5 16 28 85140 1.0499860873062654
20 26 13 18 45176 1.0716490004867931
1 4 4 16 52318 1.0005437596939886
13 21 5 14 47259 0.9325019538777461
20 17 16 27 58173 0.9375587949486792
18 10 29 18 62930 0.9063861152369725
22 17 2 4 99342 1.0552261911594214
24 13 27 3 38145 0.9409774345073953
22 7 0 2 72422 1.0148925775638393
20 13 19 28 58852 0.9498403753865964
4 21 4 1 71991 1.0445344861312431
27 10 2 22 106136 0.9557147998260798
8 3 9 23 80123 0.976612357898373
28 3 11 19 98794 1.0606826005125485
4 28 9 9 77284 1.0007927746390402
14 12 7 21 59833 0.9001944076585496
25 6 28 22 48138 0.9717475907021585
18 5 4 3 47568 0.954819167746786
14 9 2 16 65122 0.9655142166547557
15 0 17 16 50660 0.995260857238701
12 19 8 11 40888 0.9979279276653772
27 14 25 28 46675 0.9281055636568589
18 7 8 12 47826 0.9557082602066027
29 18 15 23 52596 0.9967140806488675
19 28 3 13 101445 0.907775110670172
15 2 0 12 74568 1.0095587691018617
18 25 4 20 61623 1.050327408576334
18 5 15 13 30156 1.013859293850011
16 0 18 27 107933 0.9839635891387701
7 4 14 0 28932 0.9517358157085728
21 23 0 21 73278 0.9605881510377177
23 14 24 0 41575 0.9027198196027327
27 23 16 20 45974 0.9542149845920177
16 29 28 23 69206 0.9865217354528395
12 25 3 11 77473 1.0447065272242029
14 20 5 21 41911 0.9863811116948257
13 2 16 26 93505 0.9804630693759551
20 9 14 27 88936 1.0959241792240568
9 18 4 5 56333 1.0182614412288018
5 20 11 1 78913 0.9484063217469856
26 6 23 15 36736 0.9457789745391233
1 5 6 22 70842 0.9569873723821871
28 27 0 13 137524 1.0599599143072473
27 7 3 21 110780 0.9024397690359435
6 10 28 5 97474 1.081082429369637
11 13 8 2 50702 1.0930547389279943
14 4 2 13 73626 1.0377981419998712
6 23 0 3 86392 1.0331433572827209
11 21 22 3 91070 0.9667072796925711
28 13 8 19 78294 1.0270723708071456
1 25 26 7 117569 1.083552611222596
12 10 21 12 47184 0.9142549400936452
10 5 27 24 110278 1.0732180674009033
10 14 17 21 53892 1.034969018901653
13 15 28 16 56712 0.9966603223612089
27 23 17 9 64895 1.035038832257189
20 14 5 27 97473 0.9469206504070493
25 3 6 11 86566 1.0617940116527353
24 25 16 18 52067 1.0971264262287284
19 23 9 26 48546 0.979387152441292
2 29 3 1 102546 1.091870001062963
18 4 29 22 83181 1.051693525217339
26 23 3 19 77660 0.9584054702951834
7 7 15 15 45938 1.0265632566069036
16 13 4 23 65588 0.9386043947773786
23 2 5 15 82377 1.036208921293737
3 16 21 15 67575 1.0830950059977236
18 11 1 12 74571 1.0142598941951357
16 22 0 12 90252 1.0965600833424767
17 9 22 4 34541 0.9879076074866604
2 14 17 15 60680 1.078077629575065
8 26 5 1 96125 0.9066290390534893
6 14 11 3 57548 1.068205406906575
10 7 20 17 66283 0.9613439208026415
1 10 22 18 92446 1.027738468978399
23 1 10 27 116024 0.9599896007865591
29 7 20 9 43278 0.9530120484367673
18 5 15 27 85791 0.9447362411456679
26 6 1 28 137259 0.9429354904825638
3 4 11 21 86391 0.9591443276608866
4 28 15 13 78133 0.9871298685725264
13 22 23 27 47410 0.96962292080609
27 15 25 7 34719 1.034801226752773
0 7 11 8 40525 1.0282256338410496
0 10 14 17 65790 0.9595676556414234
21 17 16 8 42408 1.0334760881111091
24 19 14 12 57497 0.9923223191010193
20 0 3 20 100334 0.9954228896647668
29 28 22 21 47096 1.0140108863221318
26 18 6 15 77544 1.0344397258543312
0 28 26 25 110509 0.9739583203414731
5 25 24 18 84858 0.9318525428511605
24 25 3 23 75827 0.951771421847673
26 10 15 3 56719 1.0264736950778202
20 28 0 11 124061 1.0023618747916943
23 10 6 4 73412 1.0404440650733902
9 28 27 2 128523 1.0279218002213402
25 5 10 28 117849 0.9401883316059596
13 5 8 27 95269 1.0965778625003622
28 15 16 16 47037 0.9482642615724673
17 18 16 0 57676 0.9919473510725239
21 4 29 18 67431 1.0666018226186058
7 19 29 12 90852 0.9934318719343583
6 29 24 21 84779 1.0453668650954944
29 10 7 24 102861 0.9050026997407281
17 17 6 16 36446 1.0033738449117493
3 6 18 15 73855 1.0527850916691865
5 5 10 10 32887 1.0023339242311273
1 14 27 0 123128 1.09691884481091
8 20 29 27 82939 0.940046299038094
25 2 8 0 52724 1.0971458097647506
3 14 28 28 120052 1.069356706246602
15 4 2 4 39636 0.9404044725623566
6 17 8 7 42440 1.0488007010004665
4 11 29 16 89863 1.0128799835784084
17 12 6 4 61743 1.0646003765437515
29 11 7 12 75753 1.0299178425438091
13 16 6 9 42994 0.9919219895497158
5 3 23 27 130039 0.9362182456905976
11 22 15 8 55382 1.0067043393849906
14 22 10 6 70248 1.0255327728062227
14 16 10 5 53036 0.9514221498804283
24 22 20 9 55076 1.0937944077515978
10 19 20 13 52593 1.0657835899034322
15 29 26 13 80004 0.9108008414617631
9 12 15 28 70916 1.0965467148498886
12 29 29 26 79885 0.9096213417862028
15 4 18 14 38525 1.0388697143346255
20 10 18 22 49280 1.074867244929737
10 21 2 23 35441 1.042485162621297
0 11 20 3 85580 1.0168169992592118
12 23 11 5 76959 0.9876762776790846
3 27 11 16 64356 1.083316768806804
23 1 10 9 62043 0.9504948596716615
7 24 24 0 121220 1.04380626382581
11 3 14 23 82875 0.9457010696699502
21 7 4 24 102312 1.0685349498198335
26 9 13 11 62381 1.0097832178504094
20 0 16 21 77011 0.9630346091725648
8 11 6 2 39492 1.0424824508042656
19 2 25 24 78076 1.0710594133142184
13 22 14 6 59346 1.0094437701420467
25 10 21 2 35903 1.0750952562209881
8 12 23 26 88787 0.978709311771065
3 9 12 26 86338 0.9379823338099752
23 0 19 18 59793 0.9185646077198546
27 7 23 24 60470 0.9507891779813377
22 27 24 19 43649 1.074243026730497
28 15 18 6 61854 1.0011424949235441
9 21 23 24 55902 1.0191644860935474
11 25 5 7 80963 1.0142373826969318
0 2 16 25 117798 1.095708724734387
2 11 9 15 47340 1.0671319555156498
26 15 10 16 55856 1.0783264801056909
23 28 5 25 82535 0.9806925246190044
18 19 28 19 49740 1.003932701121987
1 8 24 5 94102 1.001920353576455
22 5 9 22 92186 0.980125059792465
17 23 19 6 71259 1.0354882399512388
28 29 8 3 133848 0.956343747365471
13 3 6 17 70011 1.043873732272409
14 3 1 7 51972 0.9069214893597713
6 0 12 13 64397 0.9675270099733323
11 19 29 1 108826 1.0800196517896063
4 18 29 28 105848 1.0919826763609415
5 26 15 5 96315 0.9822608051492913
1 0 25 15 106231 1.064870296141856
19 27 12 22 40618 1.0055765430674313
26 8 26 24 40709 0.9498623170871742
27 8 5 14 84075 0.9829938036902277
0 23 28 25 94489 1.0691050798720152
12 22 27 25 49990 1.073871078162836
27 0 13 0 59170 0.9734199425671128
26 12 29 3 37620 0.915155681647557
4 2 23 24 118124 1.0301011468944843
9 11 1 13 43390 1.0816527068618793
18 13 5 29 97366 0.9368486009842454
19 22 10 5 87471 1.0573292694749274
15 4 15 26 74736 0.9068937451164709
26 18 9 17 61200 1.0728084588158808
21 25 8 20 53808 1.0215081370677326
27 21 10 6 99155 1.043232327946551
9 19 20 2 76781 0.9321513414593006
2 1 26 1 69561 1.0217371450906938
10 24 24 22 47271 1.0947015773505406
19 8 2 25 98512 0.9632150617667092
20 8 6 14 57364 0.9127239713181708
20 10 24 4 37201 0.9008477034133092
16 8 15 18 35560 1.0421930240437691
11 11 17 25 70883 1.085329033469671
19 15 22 6 38119 1.0616133351206183
21 25 12 26 41200 1.0422595940381978
24 11 10 29 110437 0.9591351661893455
27 6 7 14 80426 0.9930731350668828
6 7 13 0 42950 1.0965844375485545
14 17 16 26 47970 1.0901953905763881
7 3 26 20 96912 0.9594258927531745
0 3 8 28 109670 0.9769674621250739
14 11 4 0 61141 0.9263226227900963
8 23 21 13 72513 1.0184108809559473
16 3 21 23 82656 1.0258412545281337
25 24 22 10 51588 0.9068818843961831
5 11 7 21 50022 0.9832606005967458
15 0 13 22 72358 0.9266892032905497
2 24 12 7 83102 0.986783120281867
3 0 24 12 88777 1.020893943987318
9 7 20 26 94615 0.9139062779150282
11 7 3 5 34785 0.9918624801349146
21 3 8 8 55597 1.0930355752996628
25 21 14 6 83246 0.96198009831146
22 12 22 23 50914 0.9932046634508009
18 2 2 19 90290 1.0602977712797947
3 20 20 28 76005 1.0465816609865009
23 29 20 18 52732 1.0826043643285705
13 17 9 6 48969 0.9067553239955456
12 27 20 3 100298 0.9996860538181457
6 0 27 22 109055 1.0700072565200585
28 13 7 19 84042 1.0522790855002886
0 13 1 3 60850 0.933468785628191
15 1 25 1 37747 1.0881888689922976
17 25 7 4 102807 1.024742067387233
29 20 28 3 64207 0.9553784975249064
22 7 5 25 110129 0.9735330452512713
27 16 18 5 59008 0.9684102157447513
2 4 27 20 114319 1.0113702929207755
11 28 14 8 83129 1.0458365211621428
3 1 12 28 121019 0.9142342864774781
19 22 0 8 103642 0.9085984048961291
5 2 12 18 73451 0.9930080311539595
3 13 6 5 40183 0.9030670583058857
20 12 14 25 69947 1.099474667785875
27 9 29 19 42754 1.0876600897838506
20 25 12 17 48699 0.9095267184974309
22 19 22 7 45037 0.9362771442738446
24 24 14 2 94576 0.974354904658843
24 17 16 0 70930 0.9499841575786964
13 1 18 24 95862 0.9140495899364621
13 21 28 14 68039 0.944681063442856
22 3 5 4 53216 1.0351119803746422
23 3 1 1 60800 0.9987416887582388
23 2 1 11 89148 0.9618810464756626
3 14 17 18 58410 0.9631024160437188
27 3 16 19 78708 1.0464734166612013
17 25 3 6 103551 1.025177764937245
29 0 1 19 141302 0.9704399831801477
6 14 24 24 88374 1.069074826781514
11 12 2 2 67238 0.9603308859405173
18 8 18 21 56131 0.968204086232368
14 18 11 9 44035 0.9403594691319954
21 9 24 20 48341 1.0037433329998873
11 14 19 11 33486 1.0211469481341269
26 0 12 3 52818 0.9229924855773576
4 28 14 3 107497 1.0216314957962451
16 17 3 20 54723 0.9456785715791582
13 28 12 1 100827 0.9528525725633988
15 6 25 3 42563 1.067083509154929
7 17 22 15 56998 1.0802343336856082
19 20 27 13 47921 0.9692472383671923
28 24 19 12 61679 0.9019663050688559
20 8 28 27 78026 1.0668967301925802
22 16 12 8 56659 1.0046203665820597
25 26 3 15 105160 0.9743093316559864
8 14 27 11 66546 0.9669488612585659
3 17 14 16 38464 1.0358367527340984
9 29 19 18 77797 1.041302576758876
23 9 12 2 48004 1.0358583850036518
5 26 4 3 87015 1.0694946695364493
16 28 28 25 57560 0.9163493029449234
3 11 26 8 93065 0.9425885927659948
25 19 21 28 44877 0.9331709029447912
25 11 11 3 74584 1.0846244981828115
2 10 20 13 63270 0.9320010257784823
13 13 8 27 60291 0.951336215087383
4 17 5 0 61133 0.9638427121495006
15 23 27 5 81834 0.9562856608223014
10 3 22 28 121889 1.0395787332849
20 15 28 12 35941 0.9699911942547073
24 6 9 15 70347 1.0050009128208335
9 5 4 10 32772 1.0147090768278515
5 27 26 14 99896 0.9131156326473705
18 29 13 10 92815 0.9188578161968243
1 10 26 12 86571 0.9531453995204775
27 24 10 29 86864 0.9808668805285348
20 27 9 20 58103 0.9199179066261745
10 14 8 3 47940 0.9094942023370055
22 7 7 1 58486 0.9710470103727518
14 26 24 13 79270 0.9108052421066788
14 15 28 23 68885 1.0180049061441658
27 21 6 7 104757 0.9041439142514606
13 10 3 5 46697 0.9354927978762819
16 18 9 8 51957 1.020404307981754
23 20 19 8 50996 1.009387211033803
18 23 13 16 40850 1.0201766592042445
29 28 7 15 106265 0.9846277922701099
5 21 24 6 101437 1.0702162149653431
15 1 8 18 67198 0.9680252461844852
26 29 12 2 107460 0.9776634493019679
29 5 3 19 122215 1.0404047710704631
17 22 5 2 90760 1.066372814687841
23 20 7 16 70603 1.0432899189072538
28 7 12 18 84387 1.0732311406609083
24 1 22 28 98674 0.9088984451671632
7 3 21 21 100561 1.0695078143900951
0 26 0 12 76616 0.993652773838245
19 4 3 20 89919 1.022780538048679
0 22 21 22 61779 0.9671852200494199
19 15 11 22 49845 0.9045756568418586
1 24 19 22 57156 1.0128159667463918
6 14 17 15 41670 0.9731262838740716
11 3 20 12 57120 0.9367205064268913
18 3 13 29 95726 0.9306829674235555
16 15 20 8 35429 1.0018368180702257
4 22 28 7 107852 1.0741821565300054
26 1 13 18 85744 0.9948235960151761
13 29 17 7 80973 1.0273099555604424
6 9 23 0 76972 0.9222052803268158
2 3 11 6 39829 0.9526095478278318
6 8 20 9 53799 1.0685450443880091
28 2 12 13 71505 1.0179379478644341
0 7 5 29 90799 0.9516317308012159
4 22 27 1 121134 0.9470058061611504
22 11 14 29 96975 1.0934046128475505
24 21 15 4 82161 1.0881148772636864
0 27 3 16 51313 1.081488849169427
27 27 24 7 65968 0.9950614705283619
28 1 3 7 90104 1.088612213104897
28 26 15 29 67839 0.9803833391066951
3 12 12 3 54756 1.034656552378968
11 20 7 11 49309 1.0492067663693092
1 9 8 16 48391 1.0324801098993204
19 24 11 3 94029 1.0185371586065024
15 5 12 21 59627 1.085990376984112
19 18 5 22 59961 0.9660136649057287
2 4 20 17 92217 0.965589854948526
15 15 25 0 66637 0.9920598299887202
24 1 7 28 130663 1.0729300096952992
0 2 24 4 71835 0.9363635177606293
0 1 29 3 82345 0.9681292036603847
3 0 17 4 45239 0.9729793146250854
9 10 0 12 42887 1.0770425547057407
2 19 15 4 80680 1.0979268725691613
0 2 20 20 105945 0.9864170051788304
3 9 11 18 54696 1.0163300370333146
17 10 5 9 48817 0.9918843090439738
2 15 25 4 110289 1.0992143243788821
5 27 1 13 69868 0.9218225479843658
24 21 8 0 106174 1.0735857215959435
23 0 8 5 56007 1.0991136655071725
25 17 0 29 113089 0.9806870185133438
15 19 0 24 59440 0.9481116947787763
3 8 21 1 69405 1.0769912397058685
9 4 27 0 70086 0.9585033159856412
11 8 13 26 72268 1.0224128333181057
15 29 8 1 113421 1.0262157148233675
18 17 4 16 44209 1.0614677613744947
3 2 23 3 52685 1.093541176859213
26 2 7 8 73608 1.0752352612084928
4 14 27 25 99563 1.0299792102354726
10 28 23 6 114106 1.076709236499315
21 21 14 24 39174 1.0857244912603783
11 3 26 29 114809 0.9936103560123767
1 16 22 22 82415 0.9811606313435044
14 21 11 0 84076 0.9708301007936728
2 14 11 16 38665 0.9150959836872253
11 29 15 8 83462 0.9080541871397881
2 4 22 29 140069 1.0342685013593684
23 6 24 27 68170 1.0369051126964708
0 9 20 16 85739 1.0207722320263062
19 12 10 25 73437 1.0588989314384256
14 20 27 7 85239 1.0017020681326956
9 2 23 10 56407 1.0162067025013373
9 6 20 14 61029 1.0363944605798472
16 15 23 9 43373 1.050095748322026
20 4 25 12 48415 1.0850613002901854
4 23 25 24 77010 0.9707211333694914
26 3 7 8 75917 0.9774095704715424
0 9 3 28 85163 1.030335325693783
26 23 5 8 98216 0.9966000421855609
25 29 12 6 110193 1.03680072751467
16 7 17 21 58424 1.0757446112594606
8 26 29 8 112368 0.9975854281758736
3 27 15 16 78080 1.022052246033935
6 4 14 9 48646 0.9503937493691581
1 10 9 6 37125 1.0244493761148163
13 15 12 25 42157 1.0335526383061153
24 28 14 22 53269 1.0082421091282088
20 29 9 19 70290 0.9413413565087971
2 21 25 2 117337 0.9718250544617248
19 14 2 23 81990 1.0782613659260682
24 0 25 15 55654 1.0772333240666627
27 28 12 22 60336 1.0061826119995976
9 22 13 9 59790 1.037376383034778
10 28 27 11 101548 0.9485140808273271
28 12 12 2 78464 0.9156704553754528
12 14 24 4 65545 0.9943892529172689
6 4 20 6 56256 1.09371039137086
4 14 5 1 47782 0.9262455769542199
25 6 11 19 88381 1.0828548005614524
21 26 8 20 58047 1.0551329940744902
3 10 9 6 30906 1.0107905036722142
23 5 6 4 63223 1.0005121336710545
22 6 7 18 77874 0.9085945711111519
21 1 9 6 53245 1.004630131300121
10 6 19 21 80438 1.0972272373658487
28 29 16 1 112269 0.991627047461626
2 19 13 25 56054 0.9236849698403963
25 0 21 27 96963 1.0333867284398286
1 24 24 1 126544 0.9779642332113317
24 4 16 7 41807 1.0269576292307903
6 5 27 7 91776 1.0583845375183456
23 12 1 26 108878 1.0999752566010976
13 19 5 29 64080 0.9859267586368536
3 14 22 3 90383 0.9178624255366626
22 10 3 17 82179 0.9310685831215323
12 2 18 22 79775 0.9438180003541752
26 8 0 10 101380 0.9419387096286577
15 29 15 17 51104 1.0825708246559589
7 4 21 16 81828 0.9369922814367052
6 0 0 4 30596 0.9476131626742956
23 5 10 29 121095 0.9411845857083906
28 12 8 26 92566 1.0223027902910078
24 12 1 22 99024 1.054061891736209
24 0 13 27 113368 0.9022854245305495
23 28 20 17 52210 1.0569792957174735
25 9 4 27 114745 1.0902197415246666
16 25 16 4 80608 1.048106233906587
3 15 1 23 32574 1.0641882639709226
19 20 5 17 60823 0.9528593082204349
3 21 14 27 58234 0.9916068036871087
15 9 4 3 44495 0.9922245261488781
29 29 17 17 77645 1.040385399491768
24 5 17 26 94649 0.9298626736933975
17 9 0 7 65203 0.9771562073377574
29 22 4 26 83884 1.0551870701207724
21 18 29 0 81915 1.0632308479075347
3 8 24 3 76041 0.9796755947725841
9 0 17 13 53452 0.9569722533564686
16 0 0 28 136297 0.9237570544069069
13 7 17 27 90068 1.0183072307512007
8 16 23 1 77843 1.0632212624081943
11 8 18 13 36834 0.9730094263068069
11 2 7 22 87584 0.9435987658782223
26 24 4 13 93409 0.9137642551837718
2 11 13 6 55861 1.0421377848539208
20 1 17 14 41792 1.0047985237959791
24 9 19 2 31918 1.0548060816748697
23 7 2 0 70874 0.9141749824357105
1 14 24 2 102332 0.9237989934973522
9 25 19 25 37698 0.9364456263641585
2 22 17 8 80838 0.9543797375527561
18 21 8 5 90177 0.9259794854074822
18 12 5 5 68901 0.9653283567905896
5 2 21 25 111601 0.9861281334253342
11 22 23 12 70001 0.9240598208515158
25 27 6 4 129629 1.0766611195514586
3 26 25 11 113936 0.9740913522368628
18 4 17 26 94923 1.0587054381760912
2 18 16 22 53999 1.0505650195503433
3 18 27 0 118993 1.0345827347238614
11 3 29 28 123809 1.0676097676623422
25 25 5 9 105914 1.0464535513229292
9 21 18 2 82895 1.056234680225932
10 17 27 13 62481 0.9647649494802751
0 26 19 5 119620 0.9061688800774297
16 19 3 21 54461 0.921081521376101
0 29 14 4 120503 1.0658625139236442
20 19 26 12 37293 0.9314058678491278
23 27 19 13 64242 0.9665529314945323
9 0 20 12 62070 1.0283600250555909
2 8 12 20 73532 1.0012005043718715
14 13 24 29 85276 0.9601686256795738
15 16 28 25 65625 0.9565408856175505
6 11 23 13 60470 0.9889596915098925
24 4 29 13 46240 1.0933838366899473
19 12 26 2 51662 1.0468513649657836
20 20 8 19 53186 1.073342752642581
9 4 15 22 78348 1.0998959604103715
1 19 10 4 81909 0.9484912980175693
15 7 26 11 53826 1.0252230288318989
29 28 12 15 93958 1.0413323917773383
18 25 3 28 72344 0.9395922653215987
0 15 22 8 94658 0.9542786295583767
29 6 25 20 53808 0.9871151719391128
14 9 19 23 66368 1.0054401014966032
10 7 13 19 55085 0.954503399363098
12 7 29 8 72911 0.9138793933017839
28 16 3 27 105255 1.0402991642262984
16 25 28 7 86843 1.0831473875232154
5 0 6 23 85969 1.0036942015140553
3 9 7 0 39499 1.0938608044261438
22 26 14 20 50845 0.9122914745189273
23 28 24 1 94147 0.9747361368894801
21 3 7 2 37840 1.0562081480314116
20 5 8 28 105539 1.0600252393056508
27 22 14 15 59842 0.9585613296343327
13 26 21 24 39909 0.998835017226344
19 21 11 29 55467 0.9465371891092416
0 24 20 16 87855 0.970091840086301
28 12 12 25 81704 1.072895282692869
21 6 14 21 70687 1.0449294860779135
5 26 22 3 123196 1.035049358218843
9 15 22 7 63500 1.0716322393464264
15 10 17 26 69580 0.9335987110709572
7 21 15 8 69032 1.0625290527223616
10 26 4 21 39764 0.9548379979343631
15 22 2 7 82729 1.049615568340564
21 15 8 3 79333 0.9733631296801084
9 19 1 2 80853 0.9609702006327597
9 2 14 11 44449 0.9783054794015839
27 25 9 11 86847 0.9992463789536506
28 10 15 19 75064 0.9063965775328855
16 17 26 19 42641 0.9902886986341698
29 0 19 15 76580 0.9695805409343935
1 24 8 6 77574 1.0441735437227981
8 7 27 4 79889 1.019274606559959
4 2 4 27 87965 1.0853617192860343
21 0 0 10 89937 0.9278098305714925
17 5 2 21 87783 1.0528611390358174
25 11 14 20 74231 0.9559252757396572
20 15 4 24 80037 1.0415791589163845
6 17 28 28 102453 0.974536936930885
4 18 19 28 82151 0.9558707625814467
29 1 4 17 115261 1.0682176849330791
13 12 17 23 52414 1.0398138508647015
18 14 7 11 42899 0.9821646440768323
22 29 29 25 41487 0.9985606479232092
26 13 9 23 70916 0.9020204387757725
25 24 21 14 48361 1.0268013838428283
6 14 10 20 38576 0.9463610473920997
19 28 25 3 93069 0.9567278085885965
26 19 18 1 70228 0.9673000262287974
29 23 16 24 51674 0.9263549931544152
20 29 9 26 58577 1.0576528994212278
22 26 2 22 76541 1.0042355709638824
29 21 9 3 111113 0.9827473559222683
12 5 18 0 36082 1.0338687055969351
7 9 11 18 43773 1.0653930433079557
22 2 11 10 51343 0.9689428208987345
29 9 25 15 40185 1.0512895565044125
12 10 10 22 53809 1.0833528765916753
5 0 4 19 67789 1.0188480408828688
27 12 11 0 84127 0.9251965079768644
21 19 6 21 65018 0.9297492144604534
21 15 17 4 45491 0.9849050334320243
5 24 9 10 59115 0.9980930930999772
13 0 10 12 58669 1.0016291710343697
8 28 17 25 44152 0.9579298877732023
12 27 21 4 105655 1.026053839818227
14 18 13 5 55259 0.9759821858868764
14 12 11 19 39027 0.9149867141889875
9 26 2 2 106691 0.9516176416813925
24 11 6 3 79557 0.9810339678760107
17 15 29 29 80851 0.9861031692435762
10 28 15 9 82910 0.9493620814777826
6 14 11 25 60712 1.011179166947625
28 6 4 3 79672 0.9682118918213091
23 6 29 20 54742 1.0144020596750618
16 25 28 5 93052 1.0999115509592565
4 12 13 27 77150 1.0089869896379782
5 23 23 11 90860 1.0563808529650438
28 6 24 20 52949 1.0515340225209886
29 1 2 9 106842 0.9057497564267124
29 15 9 18 76321 1.0723443468545941
6 28 20 18 78888 1.0071295460423604
2 26 23 17 97805 1.0544207418805558
16 16 17 0 44706 1.0601839671005366
27 3 20 7 33006 0.9705688096130676
6 26 25 27 86176 0.9858230000973929
20 22 8 3 98353 1.0641092315789025
6 9 21 24 99074 0.9742546071991075
16 18 28 0 91462 0.9092731982517626
23 20 10 4 95752 0.9047425014565248
29 12 2 18 98468 1.0630241303854615
4 13 18 29 103594 0.9518371462689315
29 12 8 22 80494 1.0800281638356513
17 23 0 22 55686 0.9891818372124503
16 4 2 9 67736 0.9845068359424545
14 27 6 1 114613 0.9630519639471666
3 2 18 24 112029 1.0173937602437464
28 27 24 19 38338 1.0989593957703283
21 17 1 17 75117 0.9099137822856885
9 13 27 25 80295 0.9722330913992147
22 13 3 18 70464 0.9778848715428581
6 26 14 18 55984 0.9305469825598759
2 23 17 18 67589 1.0930099001950069
9 23 1 0 101717 1.0328854100565164
15 4 0 0 47677 1.0184648880036236
6 26 8 11 66782 0.9118005250121911
6 12 16 10 41805 1.0377768358900936
21 11 26 29 68329 0.9617182938250701
17 16 20 8 33320 0.9473920860008382
22 14 17 2 47008 1.0980959275383384
9 20 3 8 60658 0.9231912227311091
10 29 22 0 130064 1.0069053114942461
15 12 29 9 64179 1.0049981142594588
24 1 8 4 57559 1.0646326806928905
2 27 11 14 75744 1.098914386492752
0 3 20 28 138276 1.065505512585557
13 2 20 11 46851 0.9626339131938566
23 1 2 28 135698 1.0688843881516805
6 10 10 19 46454 1.0668313475207545
1 12 15 25 96727 1.0695280182730802
18 2 21 18 57612 1.0482871549467143
7 16 22 14 56988 0.9283243476038694
0 18 29 22 102499 0.9774278642974182
26 24 13 1 94565 1.0431675093350439
10 8 6 1 37335 0.9603963058125635
15 2 3 16 72834 1.0133060720691003
20 18 15 10 39487 1.0731894946925813
15 14 0 5 68519 1.0291791088352138
12 28 24 13 86532 0.9230514045436219
11 3 1 22 91244 0.9364137871899739
28 14 2 29 120472 1.0029300815525735
3 10 28 12 89360 1.0623385385320914
19 0 14 10 42492 1.0328281634615855
22 4 8 4 55017 0.9718886008653107
3 6 14 7 42904 1.0623922506096255
7 7 5 25 72134 1.012342739001569
2 22 29 20 88979 1.099011483639365
2 6 16 20 83868 0.9051676351923806
23 4 9 4 52832 1.0766824560804777
6 4 15 5 39665 1.0544816228219185
27 19 22 6 47793 1.054347372117121
11 12 17 24 61189 1.058027470899165
2 19 0 5 62676 0.9170343506184028
26 7 14 18 69257 1.0085498440625404
15 2 8 9 41975 1.0051871880267735
5 22 16 4 87129 0.9370089456582844
18 21 8 19 44234 1.0055145219739183
2 17 20 8 76975 1.0252332108769797
27 29 6 4 136563 0.9957732616817057
10 17 10 6 47757 1.068418221728925
29 17 28 2 58633 1.0458694905574621
22 26 5 7 109781 1.0602500195839608
0 22 27 23 82198 1.0527707293938653
21 8 13 16 47611 0.9325866234990361
28 17 2 5 115150 0.9672586751307407
16 25 25 5 87924 1.0648056095791645
21 23 6 14 79775 0.9535086994750346
6 4 19 27 118604 1.0280800526715135
13 18 3 14 44108 1.0608768461588929
9 27 23 3 120834 0.9067364517369789
4 14 28 5 102582 1.058944512973945
10 10 8 19 38148 0.9342583736891606
16 19 19 11 37008 0.9587037687091545
5 5 23 23 110369 1.0360117518813183
7 12 29 16 76204 1.0751529153253558
17 21 19 29 38095 1.0012001573677756
7 11 5 28 73253 1.0546266115375322
7 26 26 11 93406 0.9405955236551929
10 17 5 0 71381 0.934213253143013
10 17 3 10 44166 0.985704216630749
7 7 3 13 36870 1.0834599807624508
16 0 18 22 80699 0.9536727104282807
3 28 19 18 86307 1.0623832723091347
17 27 19 11 75101 0.9015412446584598
11 28 8 17 56146 0.947954664404941
24 0 25 19 64305 1.0795638072797753
20 15 5 11 56141 0.9151940665783186
5 28 7 17 55448 0.9292352240422087
29 22 22 26 37615 1.0027667169851986
17 1 28 23 84058 0.9272771758038661
22 12 11 1 70781 1.073757707548802
15 23 9 10 56815 1.0218592101266113
25 29 26 5 67071 1.039154407129284
9 16 9 0 62514 1.0978415339347622
7 14 1 20 43780 1.0801154620999054
16 29 0 27 88201 0.9704242342117135
29 9 7 7 94093 1.0526302142626582
27 3 15 23 85533 1.0942518745514884
27 29 2 9 132918 1.0252974344249677
23 1 16 15 56397 1.0921244644264656
22 9 14 23 77871 0.9163271336135108
7 6 20 16 70050 0.9244045341140853
14 18 0 15 55778 1.0609891989124831
29 18 0 20 102837 0.9213494059230303
6 7 28 5 92002 0.9519852202574857
11 2 7 8 33833 0.9931526142218465
0 18 26 6 115505 1.054306989058507
8 17 29 1 104891 1.0904466741523158
25 1 19 16 59258 0.9346140252465984
27 16 12 22 54655 1.0843619350415201
17 7 3 1 48240 1.0865316579893711
13 26 29 11 86536 0.9797972860804117
5 11 21 25 88744 0.9620237769702696
4 12 13 13 28971 1.030552126532632
20 28 14 12 77394 1.0716696429957508
0 9 19 10 84206 0.9627743199160644
29 19 22 9 50656 0.9428685580192326
10 0 28 11 91189 0.9213977501248718
0 23 26 17 88850 1.0055096761878095
29 5 8 21 107627 0.9323604875109339
9 12 0 1 63303 0.9107472340922625
3 12 12 15 42459 1.074599013825063
28 0 27 18 67194 0.9220458070537375
28 15 9 10 78331 1.0674068441746953
7 7 23 16 75718 0.9459012377059086
24 12 15 16 42372 0.9066271300225335
29 21 5 21 78865 0.9996125849856482
29 10 4 5 109961 0.9950918852173158
4 29 18 11 97359 1.0883941804772232
29 6 15 28 109097 1.0158600228534902
9 19 18 27 70379 1.070600470475348
15 19 0 17 62927 0.9641225072971273
4 9 29 17 98836 0.9676905261124522
28 22 9 29 83718 0.9404863189913778
13 16 11 25 40978 0.9120046362972362
12 11 8 2 44945 1.0982287840188167
22 12 8 22 77323 1.0332828743614362
20 24 11 7 88603 1.0109134135868847
10 0 17 29 122407 0.9166554436049278
14 15 16 5 36608 1.0497842144652856
9 12 9 23 44722 1.0908103962359539
4 13 27 25 98686 1.0174014490661365
27 17 1 26 104549 0.9380181448546117
23 16 5 10 70133 0.912169044484182
0 17 9 19 44753 1.0816931820280222
1 20 5 2 77388 1.0738266048746254
29 6 7 14 88094 0.9709179754414397
10 24 15 6 71455 1.0355906748999195
26 24 19 3 72373 1.028959813323795
13 28 14 17 43016 0.9174382745925792
12 2 11 27 105081 0.9153340675221217
7 10 21 17 64171 1.0942343736041658
6 3 29 2 69708 1.0622420881200392
27 21 9 23 60955 0.9599942464912778
21 14 26 7 36234 0.9845164503452641
14 19 17 6 49598 1.0995094608495568
22 15 10 12 53301 0.9957557112683658
4 18 11 29 68426 1.052739998766203
0 8 26 3 97373 0.9386749073080081
25 3 10 8 63281 1.023429271764786
25 17 15 4 71519 1.0751399924622822
23 16 24 26 43261 1.0213014773130729
8 29 28 17 95544 0.9203813067880444
11 13 28 26 83461 0.9401877374033714
21 3 23 19 53023 0.902374338080265
16 14 1 4 75873 1.0007999960311287
18 8 28 20 67792 0.9310826721288752
18 0 26 11 56817 1.0585589153398143
9 11 22 18 64133 0.961590291698855
21 27 3 12 103166 1.045485505809612
13 24 9 5 78532 1.0208691174048932
9 0 15 21 78113 1.0158487421231024
8 14 12 29 69411 0.9082496304769447
0 6 16 22 91656 1.0300207517836688
0 1 18 12 74908 0.964854029101264
18 9 26 13 37959 1.0901426583405758
8 17 17 28 68639 1.0319044347990616
2 8 13 15 53034 1.0384264700847439
4 15 13 14 34088 0.9882443489862315
14 6 7 10 35757 0.9951741508521935
13 19 6 14 39802 1.011275851250829
24 19 27 8 41166 1.0942242015798886
2 13 27 10 96247 1.007814809780091
10 15 21 0 74025 0.97786890066374
28 17 18 13 44698 1.070017260947969
24 7 6 16 78243 0.9595876255409052
4 20 27 1 118625 0.9583708251027276
9 0 24 3 48763 0.9536008290265746
19 15 13 3 53023 1.0436146893039437
0 7 8 24 79463 1.0799911247153249
24 12 21 29 69499 0.9459805059274523
7 16 17 25 63298 0.9964560858799727
9 27 25 4 120150 0.9435824307247302
19 4 17 12 26129 0.9128484276689977
17 20 10 4 79511 1.0727721137317316
26 14 29 5 38348 1.035663796548244
29 24 21 6 69056 1.0016204255049885
2 11 26 22 107512 0.9682949418656792
4 20 21 11 81948 0.9340553340028985
3 29 12 3 112053 0.9400795908214323
16 5 9 1 30486 1.0092133173463458
2 13 21 7 81550 1.0321115698637466
8 22 5 0 86230 1.0819175950302153
15 11 1 26 86156 1.0285365924023213
4 20 15 25 49422 1.0129214873997385
8 0 3 23 86866 1.073750333870692
10 26 16 3 94127 1.0759553869246912
19 11 11 15 38929 1.0207150764000046
20 6 12 3 35648 1.046394451925438
24 26 5 10 104797 1.001675317589437
13 22 24 4 90843 1.0811526414270434
27 17 12 7 77752 0.9720579928010357
23 20 29 0 82790 1.031006139627749
13 1 29 19 94805 1.0854598234702928
11 17 24 14 54736 0.9224332672819481
1 25 6 13 56794 0.9225338970271318
4 17 25 29 103969 1.0840383918909309
15 10 4 27 82652 1.041283367069662
24 20 29 26 38130 1.043210464712149
9 4 8 29 95110 1.0604440751864694
2 20 2 0 77531 1.0137911720647683
9 4 1 1 29788 1.0153235351031786
28 25 23 12 45528 0.982346934626842
11 15 15 22 37163 1.0383797661560312
11 10 16 4 34128 1.0488707169673332
1 29 28 26 113617 0.974950816044667
20 19 6 23 60560 1.0350910679622387
15 12 0 15 60975 1.0923824558181416
28 1 21 29 104200 1.0112625904807513
2 27 12 24 58917 1.0663095734982502
1 24 23 24 79129 0.9175617913547766
19 21 7 23 44590 1.0378114282428408
13 14 26 28 80917 0.9994895827314728
15 1 6 15 65474 0.9473905307440431
14 17 19 10 40204 0.9264839854422485
20 0 29 29 103710 0.9015401009800886
5 27 19 3 117273 1.0038963477973044
25 27 11 8 101330 0.9076520685158894
10 12 13 2 51542 0.9026506071924438
18 7 27 15 56774 1.0282965641397155
0 20 3 4 73896 0.9648444729102359
1 28 17 0 130365 1.0972719447751407
6 9 20 12 60017 1.0055548116198352
7 21 5 13 44845 0.9078056071387358
8 14 11 23 45012 0.9949378321610938
8 9 20 9 49445 0.9257330185602567
23 17 25 28 44772 1.0099799330759096
10 10 18 5 41376 1.091114494490865
6 25 17 24 49300 1.01249568526991
2 4 10 8 40539 1.0041258960053088
14 1 24 23 93591 1.0497152956222067
17 24 21 9 72170 0.9596744634139835
15 10 0 18 68997 1.0341299820677754
26 14 16 12 37748 0.9698666057779644
29 5 2 25 135540 0.9528705951055448
7 6 16 21 77967 0.9099964334405748
25 14 6 21 86180 1.020625280828291
19 8 12 21 63524 0.9349146631228156
15 6 28 8 55208 1.087860482852645
8 1 8 12 45617 0.9618717705019653
23 0 16 16 58362 0.9650280665665685
21 27 11 4 109544 1.090828784303935
5 29 18 29 71291 0.9571826046819004
11 8 13 22 56660 0.9634380667577149
24 27 18 12 74260 0.9618647894961087
9 17 26 27 80173 0.9869454791268609
29 17 11 22 63843 0.9918419673725862
0 12 21 23 113293 1.0984857340974472
1 6 8 18 57378 0.9111459601425507
11 22 2 23 32631 0.9299379460064985
13 12 19 21 53663 1.0849346721084154
19 18 24 1 65155 1.0371714495259499
14 8 4 12 45919 1.0755530868672367
8 21 15 26 37965 0.9199137177250303
23 14 14 20 51992 0.9329151212417266
29 6 17 10 54923 1.009275491863959
5 6 14 12 51741 1.0320284198018035
10 25 27 26 65020 1.0276769756235025
15 0 2 0 40549 0.9352395165015903
26 1 21 24 81799 0.9370780075210641
9 29 20 28 57256 0.9394554290564603
0 4 21 0 68461 0.9028476593239495
12 23 19 6 73482 1.0396816707780299
15 29 5 12 86005 1.0305006594761332
12 6 25 18 79226 0.9669947718111468
5 28 17 28 57019 0.975161416501389
23 5 18 28 90627 1.0757520314772355
20 13 17 23 49556 0.9186061645291297
13 10 21 18 57913 0.9200022038179346
26 24 11 12 75442 1.0906799107916867
10 9 19 17 58625 0.9629800869116508
16 13 6 17 40375 0.9703571146016824
11 13 21 26 70046 1.0261071720933213
6 29 26 21 86738 0.961840239990963
8 13 1 6 41341 1.0441049084580203
3 16 7 27 58254 0.9524775193602761
23 16 19 27 54541 0.9505888157243422
27 12 5 11 73056 0.999943980727409
20 11 12 26 79653 1.0271714363010207
14 29 1 29 64876 0.9660821654394798
11 7 1 3 49191 1.0761008698045915
18 2 6 26 109349 1.0195007983721784
1 1 13 7 50563 1.0637469193123308
22 1 5 4 53413 1.032415526611233
22 6 17 27 96462 1.0500425709912473
23 18 27 12 25875 0.986829488524133
3 29 20 28 83392 0.9656449583766241
10 29 26 23 79458 1.0786934644800055
29 12 14 28 92873 1.0849958010302012
2 0 1 20 83800 1.0190790104146876
15 14 11 6 35703 1.0177481819912422
5 14 9 7 34908 0.96517587831841
11 17 1 6 60421 1.013251970869336
24 5 4 18 93959 1.0392032175199613
4 5 13 15 53093 1.027469696314797
8 24 27 24 69071 0.9460038123360978
16 19 26 19 47642 1.0683330356574499
19 23 10 16 48986 1.065072278409733
21 1 22 27 100577 0.9926228513814049
21 1 5 28 130262 1.0769869709914976
22 3 29 26 78775 1.0715353580943972
24 11 5 4 82084 0.9675209791029018
0 11 8 20 67726 0.9492503959231947
9 3 23 25 113648 1.0373733003653938
11 6 4 18 61439 0.9182681134379139
13 9 24 11 56698 1.0381183965741438
15 17 9 7 50910 1.0403985282761568
23 2 4 23 109640 0.9413340363254858
12 10 13 21 43670 0.9879890565141526
4 22 22 22 51711 0.9076734914636971
27 19 15 1 80633 1.045529116545707
24 8 16 14 43391 1.0002261655090867
18 16 0 19 76549 1.0696612192638812
2 27 8 1 103236 1.0606213778551052
3 17 12 8 57130 1.0805585199665235
2 10 15 27 96687 0.9012181907884766
12 11 1 26 83456 0.9639393427222517
24 25 28 8 60162 1.0835141443202112
15 2 13 11 32955 1.0590524329943083
6 19 0 1 77851 0.9999447968472791
11 14 3 20 48313 1.0654026975144517
16 9 10 27 81862 1.017269642348373
0 21 26 16 91225 0.9647193072653255
10 8 27 28 106506 1.0395335270631316
19 28 12 11 83604 1.0898279498830838
6 10 22 19 83283 1.0458631453776954
11 9 4 23 69347 0.9981191265552476
7 2 24 27 119689 0.9012595645972131
16 6 3 12 60713 0.9275636358174942
29 17 11 6 89094 0.9785867724559314
3 12 1 26 56931 1.0202028704409642
11 19 4 15 39363 1.0465476325342822
25 27 14 7 94646 1.0160867373910727
10 9 17 15 47768 0.9077047149915195
29 13 6 17 80473 0.9112478239919125
6 24 20 8 95769 1.0454220243236285
0 29 9 1 112034 1.0071267765406884
13 9 4 10 33136 0.9512438521276274
16 19 4 12 57797 0.9929318230245159
24 3 15 7 42431 0.9126684527159845
29 23 4 3 115528 0.9223389941716605
