3783 3495 3663 3811 3533 3431 3700 3437 3569 3806 3544 3643 3574 3819 3758 3809 3456 3592 3713 3550 3501 3797 3491 3548 3808 3403 3591 3705 3518
2124 1974 1857 2009 1915 1936 1941 1926 2037 1803 1900 1782 2075 2160 1946 2061 1808 1890 2021 2133 2077 1916 2061 1978 1878 1910 1991 1768 2052
7133 6918 7195 7028 7115 6850 7162 7193 7005 7089 7069 7073 7199 7052 7101 7224 6996 7031 6899 6934 6964 6828 6812 7121 6879 6832 7171 6890 7131
7312 7213 7145 7207 7155 7410 7336 7290 7444 7425 7374 7326 7048 7228 7245 7291 7302 7249 7060 7194 7450 7400 7386 7063 7125 7342 7349 7398 7163
7369 7489 7618 7302 7353 7333 7469 7547 7674 7671 7367 7543 7575 7302 7392 7611 7647 7305 7359 7347 7420 7572 7640 7357 7677 7549 7412 7552 7322
5308 5248 5246 5236 5239 5296 5078 5352 5433 5265 5336 5425 5320 5431 5371 5048 5098 5223 5035 5342 5326 5143 5409 5163 5152 5397 5414 5277 5110
2905 2702 2635 2877 2808 2490 2613 2799 2634 2876 2886 2836 2839 2620 2685 2825 2594 2504 2626 2525 2737 2790 2894 2707 2577 2543 2747 2581 2901
5130 4763 4966 4969 4753 4731 4992 4837 5046 5052 5124 4972 4883 5064 4986 4765 4778 4915 4753 4953 4906 5046 4988 4949 4803 4867 5140 4980 5036
2264 2484 2311 2305 2438 2281 2494 2634 2522 2575 2564 2516 2506 2354 2574 2347 2581 2457 2401 2492 2592 2245 2283 2461 2577 2546 2266 2421 2613
5642 5769 5818 5835 5782 5802 5614 5732 5620 5577 5550 5826 5962 5675 5835 5656 5930 5614 5917 5897 5727 5639 5569 5847 5790 5622 5842 5685 5789
4651 4641 4855 4724 4858 5001 4713 5050 4899 4997 4835 5021 4874 4635 4913 4640 4740 4876 4681 4820 4737 4717 4971 4712 5038 4937 4985 4741 4692
4587 4588 4700 4389 4425 4336 4347 4395 4596 4469 4608 4712 4622 4663 4470 4394 4735 4462 4650 4535 4626 4374 4582 4503 4697 4562 4565 4674 4654
1624 1905 2001 1974 1894 1985 1759 1628 1840 1832 1816 1806 1917 1600 1805 1674 1850 1803 1721 1661 1995 1844 2002 1803 1638 1740 1749 1716 1759
2374 2089 2177 2275 1979 2111 2098 2228 2319 2097 2226 2134 2039 2263 2100 2288 2202 2073 2058 2320 2305 2132 2196 2254 2050 2062 2014 2320 2088
2347 2415 2114 2100 2206 2255 2301 2292 2220 2259 2351 2269 2417 2465 2379 2350 2370 2210 2415 2456 2274 2412 2386 2232 2425 2491 2079 2288 2250
8174 8305 8113 8181 8415 8139 8059 8459 8044 8335 8372 8260 8188 8111 8317 8402 8215 8134 8151 8171 8409 8318 8309 8419 8191 8218 8295 8110 8302
3027 3281 3079 3156 3101 2962 3017 3207 3172 3240 3207 3034 3192 3212 2922 3222 2996 2892 3202 3144 3101 3185 3174 3205 3123 3098 2906 3144 3071
6043 5963 6176 6216 5928 6188 6165 5873 5989 6192 6143 6185 5979 5905 6143 6221 6184 6148 6092 5880 6198 5938 6002 5995 6042 6156 6078 5805 5923
2201 2212 2043 2145 2375 2408 2279 2089 1997 2117 2223 2313 2391 2036 2031 2237 2284 2102 2122 1977 2076 2206 2360 2046 2296 2281 2065 2304 2100
7782 7830 7979 7900 7959 7789 7949 8050 7766 7932 7820 8010 7890 7957 7864 7815 8018 7656 8022 8023 8028 7857 7783 7757 7761 7749 7991 7861 7650
6284 6163 6366 6353 6161 6211 6169 6261 6163 6478 6198 6187 6107 6348 6117 6160 6321 6078 6309 6457 6429 6162 6268 6108 6417 6468 6121 6246 6170
6019 6281 6215 6135 6106 6218 6274 6149 6292 6259 6375 6175 6136 6351 6116 6193 6327 6080 6341 6184 6340 6418 6003 6078 6413 6315 6102 6104 6153
4855 4902 4648 4946 4571 4846 4953 4794 4833 4781 4876 4846 4706 4632 4570 4688 4965 4700 4614 4707 4867 4854 4647 4656 4938 4907 4607 4664 4919
2670 2825 2638 2848 2861 2659 2773 2844 2767 2776 2666 2780 2702 2743 2642 2574 2756 2808 2492 2855 2550 2838 2787 2856 2511 2574 2762 2749 2481
8624 8393 8354 8378 8416 8530 8644 8316 8498 8498 8387 8302 8250 8254 8265 8293 8623 8328 8387 8372 8607 8309 8507 8333 8497 8474 8417 8425 8411
6815 6698 6920 6833 6833 6816 6981 6680 6887 7017 7044 6757 6809 6949 6652 7013 6957 6991 7040 6712 6736 6693 6904 6837 6915 6899 6893 7064 7029
5775 5471 5473 5744 5630 5484 5491 5779 5436 5642 5446 5440 5563 5809 5642 5633 5595 5589 5697 5672 5594 5621 5432 5743 5694 5680 5474 5547 5492
1458 1456 1590 1254 1488 1409 1613 1523 1419 1495 1290 1334 1630 1620 1436 1363 1229 1526 1459 1454 1571 1526 1396 1277 1565 1344 1392 1637 1631
7377 7303 7196 7335 7343 7525 7163 7283 7194 7197 7437 7215 7505 7445 7236 7181 7296 7428 7504 7476 7398 7338 7305 7096 7314 7141 7097 7130 7126
6232 6316 6130 6321 6395 6433 6154 6247 6356 6511 6486 6325 6283 6193 6309 6135 6115 6492 6293 6114 6265 6524 6339 6384 6323 6169 6144 6125 6488
8742 4495 3286 6151 2140 2686 8223 8520 3359 1297 5425 2803 4024 6418 8101 2821 8290 3542 2810 6304 4001 7779 3291 2912 3355 3496 2992 3044 6861 4640
8393 4612 3036 6235 2301 2810 7933 8687 3518 1268 5081 2855 3795 6590 8181 2921 8108 3484 3017 6405 4184 7812 3273 2540 3095 3457 2747 2726 7041 4805
8498 4509 3131 6446 2155 2757 7873 8434 3249 1196 5154 3045 3882 6180 8289 3177 7974 3851 3012 6491 4171 7934 3092 2716 3010 3626 2697 2904 6872 4740
8713 4456 3314 6471 2268 2898 8189 8625 3405 1368 5368 3089 4035 6538 7992 3163 8051 3532 2736 6663 4052 7841 3046 2756 3399 3635 2923 2889 7047 4716
8332 4626 3054 6168 2306 2792 7997 8404 3190 1218 5417 2781 3946 6346 7982 2963 8172 3623 2831 6456 4081 7597 3385 2951 3266 3507 2714 2769 6892 4820
8595 4766 3409 6289 2073 2856 8127 8588 3567 1215 5051 2725 3858 6557 8299 2905 8275 3785 2846 6543 4326 7501 3394 2541 3251 3537 2788 2885 7155 4952
8508 4550 3200 6376 2195 2914 8169 8406 3592 1421 5417 3103 4022 6396 8057 2970 8033 3697 2800 6517 4279 7697 3135 2718 3183 3558 2747 2988 6815 4587
8531 4741 3388 6145 2400 2678 8226 8523 3225 1303 5316 3009 3837 6401 8163 3010 8372 3486 2699 6613 3974 7819 3281 2960 3382 3360 2731 3109 7187 4677
8398 4613 3380 6479 2440 3029 8079 8330 3394 1475 5348 2990 3771 6486 8341 2855 8066 3650 2962 6595 3981 7607 3294 2573 3374 3710 2756 3084 7106 4687
8610 4808 3026 6132 2275 2612 7968 8496 3508 1046 5102 3009 3821 6418 8060 2997 8343 3653 2829 6303 4336 7803 3087 2574 3236 3450 2887 3079 7037 4701
8509 4768 3046 6349 2211 2925 8082 8365 3479 1332 5288 2776 3972 6353 8067 2752 8038 3486 2894 6419 3924 7647 3440 2537 3167 3723 3094 2938 6943 4670
8563 4728 3267 6425 2078 2672 8137 8663 3452 1047 5049 3026 3885 6562 8052 2947 8371 3559 2807 6532 4302 7864 3337 2786 3382 3681 2808 2754 6899 4595
8376 4484 3151 6179 2450 2710 8105 8516 3547 1182 5130 2747 3779 6304 8225 2913 7992 3708 2843 6382 4339 7708 3246 2620 3289 3443 2822 3121 6819 4834
8710 4562 3345 6356 2201 2746 7987 8293 3470 1261 5019 3131 3860 6498 8089 2836 8058 3593 2949 6588 4149 7634 3414 2822 3004 3455 2720 2973 7064 4929
8396 4841 3179 6452 2305 2836 8030 8532 3586 1152 5249 2880 4037 6339 8156 3161 8386 3680 2938 6505 3994 7525 3313 2652 3341 3591 2908 3115 6848 4603
8504 4689 3322 6087 2089 2657 7857 8299 3537 1278 5326 3055 3837 6247 8299 3134 8062 3697 2896 6639 4238 7923 3432 2734 3233 3465 2937 2797 7181 4690
8661 4607 3296 6249 2399 2943 7939 8496 3353 1077 5280 2736 3965 6322 7973 3136 8347 3623 3049 6618 4290 7853 3476 2794 3197 3513 2872 2890 7059 4793
8472 4799 3148 6117 2086 2697 8142 8461 3350 1453 5346 3072 3965 6382 8041 3150 8143 3713 2787 6243 4169 7714 3413 2951 3206 3398 2917 3123 6993 4682
8484 4639 3295 6236 2034 2911 8197 8567 3431 1315 5279 2945 3769 6331 8373 2992 8053 3891 3055 6255 4291 7813 3471 2928 3039 3349 3107 2796 7087 4901
8546 4527 3297 6442 2034 2733 8017 8382 3482 1397 5199 2868 3730 6596 8085 2756 8334 3638 2821 6379 4019 7934 3367 2933 3328 3366 3081 2873 7192 4872
8701 4473 3387 6453 2203 2851 8238 8533 3307 1352 5148 2810 3815 6248 8137 3136 8035 3626 2948 6330 3989 7654 3312 2948 3134 3541 2955 3023 6783 4639
8503 4519 3024 6132 2375 2996 8191 8528 3541 1283 5339 2712 3733 6439 8057 2965 8397 3886 3108 6478 4343 7548 3416 2888 3310 3408 3012 2997 6787 5009
8454 4427 3423 6270 2272 2647 8108 8513 3265 1234 5238 3103 3752 6444 8103 2833 8393 3551 2736 6334 4261 7596 3374 2671 3070 3710 2819 2979 6954 4640
8524 4751 3250 6332 2386 2812 7827 8555 3278 1169 5105 3027 4008 6408 8279 3094 8196 3706 3002 6424 4097 7571 3340 2620 3186 3686 2873 2781 6895 4972
8362 4688 3152 6310 2440 2867 8000 8659 3242 1403 5220 2944 3871 6237 8222 2763 7986 3836 2716 6348 3933 7852 3292 2827 3260 3481 2850 2781 7063 4975
8588 4677 3215 6238 2123 2636 8079 8454 3294 1068 5076 2914 3772 6250 8155 2875 7975 3579 2901 6618 4040 7532 3422 2678 3372 3457 2771 2851 7072 4709
8645 4456 3109 6357 2315 2744 7829 8556 3316 1273 5095 2901 3750 6461 8183 2911 7981 3857 2893 6526 4323 7597 3254 2666 3375 3516 2819 3008 6771 4615
8360 4783 3022 6301 2303 2961 8203 8682 3528 1259 5185 2811 3871 6421 8005 2913 8155 3531 2951 6453 4015 7504 3167 2908 3226 3329 2935 3017 7144 4622
8654 4440 3277 6327 2372 2967 8086 8580 3427 1435 5048 2974 4078 6565 7996 2794 8256 3733 3078 6268 4051 7747 3119 2964 3290 3617 2853 2908 7065 4676
23 13 8 5 39739 1.066390216289333
29 16 18 11 36481 1.0430348340485238
7 27 13 0 67691 1.0323020463868513
0 26 13 1 68377 0.9500522716657207
17 16 29 0 61183 0.9634869214149158
29 2 8 25 76326 1.0155441058745547
27 13 18 22 41735 0.9850542242555433
11 8 4 24 55990 0.9007263672164841
23 11 11 5 29310 1.0749767334867466
1 0 7 28 75250 1.0212325550554597
2 28 19 10 72887 0.9686233883823638
23 19 0 28 86129 0.9792763179900077
1 3 11 3 29022 1.022684785254508
20 7 18 20 38969 1.0929723942943912
10 2 12 12 24848 0.9215048833706381
5 5 19 14 47872 0.9011246416620455
20 14 1 7 50231 1.0014516301321068
26 7 25 25 40658 0.9362136797358862
11 23 1 15 42833 1.0267706213336854
15 8 27 6 25288 0.9433478653323635
21 16 5 25 71238 1.032226583634456
2 4 15 5 32094 0.9066162389076431
11 28 28 22 60653 0.9266314104184776
20 18 17 1 47957 0.9482536833153473
3 0 10 18 67721 0.9780538351725895
7 20 20 12 57796 0.9374307410684126
8 9 15 12 18259 0.9777228062463681
1 22 17 13 62290 0.9862123372875088
2 28 19 26 58321 0.9345992183632086
11 14 5 28 55011 1.0117276853914565
12 27 1 18 46790 1.0234390482272548
15 15 3 24 52231 0.9138874572395775
4 13 3 2 44560 0.905048439452395
3 12 13 13 36729 0.931640312471507
11 12 17 8 20737 1.021140651708103
27 25 1 27 77690 0.9590513735096708
26 6 22 14 38609 0.9451157594082735
8 29 15 7 64632 1.017790355610881
6 8 17 20 45663 0.9910109291621093
0 10 28 9 39148 0.9609627033800677
18 4 10 22 48652 1.0908357248024378
8 11 23 25 65423 0.9070686550248711
15 5 8 22 50829 1.0443995249847693
21 5 10 18 46475 0.9171884309253922
25 15 9 1 61677 1.0623783607479664
24 25 3 25 68655 0.9491803504967851
2 1 17 4 46598 0.9609117585751635
16 5 17 17 35758 1.0513386711547277
16 3 14 12 25703 0.9899121220292476
28 19 27 9 20835 0.9079667135966475
18 5 3 20 59999 0.9016352567857299
9 1 1 16 46798 0.9523663811051707
10 7 16 24 51687 1.0533804198866117
15 18 1 11 42425 0.9058529598016671
19 2 19 17 40154 1.0592963689006387
26 15 3 2 64290 0.9488645068994926
27 5 26 23 28959 1.0574763588012983
19 27 13 16 40723 0.9253888972071316
10 28 5 14 54408 0.9177246728347676
6 9 28 11 32117 0.9968810856756751
10 26 29 20 65374 1.0424448908035862
7 22 19 20 43540 1.0567533195300602
4 25 6 13 39128 0.9955628774636975
28 5 5 16 60141 0.9252235535916374
20 11 9 15 37028 0.9992410851775319
8 14 29 20 60214 0.9416803201491399
13 0 21 11 38834 0.9894955486861982
18 4 25 7 33255 1.0408971713420283
28 0 13 6 45930 0.9544816744467851
24 14 29 23 34210 1.09619864069123
20 0 13 6 37020 0.971357724521281
27 4 1 20 61817 1.0952790692916305
10 16 26 21 65016 1.0001314796994962
12 22 28 15 53939 0.9606122030629904
21 22 11 9 46715 1.0396059115735108
23 29 20 7 63764 1.0351325481350913
25 17 22 8 29778 0.9872941548974845
6 11 23 11 32812 1.0016771739795172
8 3 26 28 72786 0.9385648049071682
11 15 9 28 38883 1.0190216260725373
20 28 5 17 68840 0.9700785498553794
24 9 16 28 56070 0.9113709374914819
21 6 10 3 39631 1.0266607297124657
13 3 15 11 21761 1.0483532801070004
1 8 11 3 31499 0.9707079301255053
18 15 6 16 38686 1.0637351337071235
13 28 29 23 54757 1.0477833089762965
2 13 4 5 30455 0.9670927897848582
13 8 18 25 43357 1.025341777514241
0 18 16 25 59825 1.0052127774326072
5 22 17 23 36058 1.0338088499165905
24 14 16 21 47509 0.9720093362429154
28 14 12 12 39725 1.0293352846828383
2 7 27 29 74611 0.9578195280367742
26 4 3 18 66007 0.940156176534848
19 0 12 20 55121 0.9625735995070622
28 22 21 29 36441 0.9585329870449988
5 23 17 22 36167 1.0702330644310794
9 8 24 4 39319 0.9412737558861161
28 12 14 12 31323 1.022712029297315
24 14 28 8 30566 1.0758583445002368
10 14 17 1 51138 0.96912081395972
5 12 28 4 48732 0.9986532473132743
6 16 26 28 80403 0.931082835441494
26 26 26 0 49189 1.0097656506218158
8 29 16 27 28895 0.9419140540618713
1 12 16 2 43720 1.09523418168473
19 3 18 18 39263 0.9656642943959858
19 16 6 1 59986 0.9808615163615478
26 29 12 8 54527 1.0693579400060311
7 25 15 2 65304 0.9370477950691488
14 8 2 5 29202 1.0530596802805574
3 28 27 11 83989 0.9918384960742856
1 22 2 13 24602 1.0737362904436807
15 15 14 25 26691 1.0674336282449033
23 5 25 19 41713 0.9933010112486836
26 10 8 3 42840 1.0885684392366992
4 16 24 23 77334 0.9738409849868436
25 9 29 25 32458 0.968102980313144
1 0 12 15 42384 0.9577447074289995
3 4 16 14 48373 0.9803930985526037
6 13 25 29 76457 1.0012298527918098
7 9 29 13 43451 0.9814537031815183
25 28 14 13 64580 1.0252530374328896
11 22 4 26 30668 1.0270607479611855
8 1 24 20 71398 0.932510181392875
19 17 28 12 40231 0.9927635107200624
28 8 5 24 71276 1.0371305151595032
1 13 23 26 76174 0.9741096739288235
15 17 26 15 38968 0.9751065111578294
24 29 19 18 46040 0.9443367961244388
12 27 28 9 52412 1.016669226818193
14 29 22 8 60249 1.035037052571043
13 9 27 17 29112 1.078678552710178
15 29 12 10 45437 0.9616800138694033
14 25 25 20 46361 1.0982558346325124
20 9 17 16 25194 1.0411300108405455
19 22 24 7 52333 1.0188290491684824
28 23 2 16 77834 1.071058239004887
17 29 27 0 72953 0.9330318236523182
22 12 3 29 88602 0.9693476615145336
28 9 25 21 32194 1.0483109888105095
6 5 29 12 49125 0.9941764117202634
23 7 16 3 26852 0.9135253976583791
0 15 7 7 31815 0.917875530977192
5 25 0 8 50580 0.9553424077617618
10 26 7 14 40621 1.0599906947629947
7 6 8 29 64947 0.9868827809330087
16 8 10 18 29849 1.011002778105146
20 15 14 5 32887 1.0542553991657593
0 8 15 15 38441 0.9596251053272996
16 27 14 0 66733 1.0190099469029648
27 18 16 4 40050 0.9439161372348166
23 6 4 24 73066 0.9542261170883853
29 11 15 14 44941 1.0792364718213356
0 0 11 20 61549 1.0807531429250492
17 24 23 5 53351 0.9211544193136073
6 18 23 1 68488 1.027398630920993
1 6 26 3 53753 1.039901608643645
2 9 28 27 60442 0.9527746073181224
17 18 25 0 61715 1.0367130340504995
18 9 4 3 40052 0.9366773603794656
20 23 23 9 42917 0.9131060839453626
4 16 14 14 39138 0.9192812788998265
19 10 25 0 45811 0.9537903447368886
27 28 9 7 61218 0.918303526678703
16 2 21 22 60045 0.9254338266751629
5 29 15 6 77928 1.0365646608881955
22 9 12 25 41517 0.9232252488471254
11 10 20 15 31778 0.9983298641314982
17 16 15 0 56088 1.0225200157836938
15 2 11 26 54425 1.0835494762104612
5 21 20 23 50013 1.003257148114814
0 26 0 14 31304 0.9057330083619551
7 15 19 23 48612 0.9968057542522739
24 19 6 13 66408 0.9574367139704933
13 8 3 28 65808 1.0654838092763184
16 28 4 27 38756 1.0713024353724216
14 4 4 27 69579 0.9898372112901461
6 8 29 6 47480 1.061752437926142
25 24 27 6 32908 0.9526428884360878
23 16 19 5 37148 0.979992914071562
29 25 8 11 59053 0.9379865837186618
11 26 7 11 44477 0.9907409722487884
1 4 17 19 59146 0.9315700423934067
6 28 3 14 50926 1.0027741131538919
0 26 9 16 50944 1.0058058904045604
23 4 13 28 65551 0.9368621950401083
6 12 18 25 58442 1.0093458170043645
6 9 22 13 38288 0.900760446649553
14 4 12 14 22688 1.084149368223035
24 10 23 23 40298 1.0779835822106407
14 25 4 20 43075 1.01775355479449
4 16 26 7 66684 1.0768740226782407
21 23 6 5 64847 1.096872949800001
11 25 5 13 51065 1.0767211795987535
6 29 10 11 56638 1.030477670887198
6 14 27 10 42073 1.0940534662436672
28 20 28 3 34858 1.0127873427648317
1 6 23 21 66121 1.064094313058279
1 7 18 18 44989 0.9133447238038492
21 0 10 27 82557 0.9563086199298869
17 0 22 28 83737 1.0496071789233086
23 15 11 5 40177 1.0731176642596285
22 26 9 11 65001 1.0063466015599458
1 27 6 3 57876 1.0959256516119336
19 3 29 2 35191 1.0566272093742046
6 5 9 17 36927 0.9435748637463042
26 9 2 20 57276 1.0226102664343264
19 29 10 26 34448 0.9001537800765611
12 27 24 22 43998 1.0221816718712415
4 15 18 11 41977 1.0942118129622784
29 9 18 22 42303 0.980853572093119
24 1 11 26 74265 0.9431134172492233
14 9 2 13 30482 1.0184101022159477
1 11 7 28 53828 0.9834092017220936
21 9 13 0 29935 0.9785055613400129
26 25 2 6 73310 1.0359266539107703
9 26 28 20 64210 0.9032815617011464
6 22 0 2 58515 1.0248345167234736
7 20 19 1 65831 1.011779081756806
1 12 25 16 59875 1.0033582365134328
15 14 10 6 39401 0.9554272595426475
13 19 4 24 36945 0.944975006798626
8 1 16 8 32414 0.9544544333007619
28 1 21 8 30257 0.9785231241988315
6 25 15 2 67868 0.9340353389148124
20 11 29 8 27354 0.9052026371854783
0 4 3 28 60313 1.095258242194704
3 10 18 16 41601 0.9012523225786476
13 4 9 27 52583 1.0558893224546857
15 29 9 21 39448 0.9606136672802763
22 14 1 18 66610 0.9483302464210778
4 3 25 20 75745 0.9825775910501962
5 4 22 8 40624 0.9618784074250842
15 2 3 25 73571 1.0129016291471462
9 18 25 10 48206 0.9602630480960618
5 16 13 28 49938 0.9966720305509348
23 12 8 10 29681 0.9350559688496051
7 24 21 1 80229 1.03219335320618
27 25 21 13 44274 1.0868332979516144
25 14 28 6 34001 1.0442551751738607
3 25 6 5 55373 1.02226392832488
28 3 19 11 33786 1.0056467349654585
8 9 22 7 27277 1.0451129514942186
0 25 9 14 53118 0.9051227506306692
4 3 28 27 80470 0.9864853660872558
0 9 9 2 30651 1.0538065868736979
17 24 26 16 48553 0.9170192835191057
22 5 13 12 32942 1.076731048842872
25 3 12 29 73351 0.998707669672986
28 11 16 29 64250 0.9531206656698008
14 21 29 20 53647 1.049309238828921
22 11 5 29 83049 1.0060442581200586
24 8 29 18 29910 0.950740176525278
3 1 25 1 77859 1.0991680300970714
9 28 27 24 62577 1.0746564899633841
9 29 7 9 55361 0.9099081497886781
19 10 7 16 42563 1.0136252589108363
3 20 24 7 71973 1.0869169388295912
1 22 13 19 43286 0.950219640977171
24 26 12 21 44050 1.0547595004806891
18 10 8 1 33889 1.0231582555523542
21 25 8 27 43317 0.9865897458025912
20 23 1 17 64184 0.9470588461434022
14 25 3 18 44726 0.9193098546132872
3 7 9 13 37906 0.9766610132319506
3 16 15 15 42763 0.9242977960011828
15 1 18 9 27704 1.006169057036811
22 10 27 29 40103 0.9098976158689984
22 18 7 24 54930 1.0580086226096843
3 28 13 16 57164 0.9693618121412215
23 12 24 2 30862 0.9158132977540536
10 19 2 15 36045 1.0633431176225308
11 28 22 28 41800 0.9388561409547098
4 11 14 5 30403 0.9112887225190286
1 11 14 1 37938 0.9533861924051863
27 10 2 2 50938 0.930717108771714
6 24 24 13 75497 1.0370385815237984
14 6 14 19 30298 1.0169510631811485
28 26 7 3 70985 1.0030222677931844
2 19 27 11 61422 0.9413826021288264
7 24 27 1 72288 1.0361224528467672
26 6 26 16 29733 1.0327088973748495
11 13 3 8 32802 1.0715787149650875
5 1 13 10 37227 0.9364577804893696
8 15 8 1 34558 1.048937115377352
11 26 27 19 55668 1.0009751024245634
22 22 1 25 66007 1.0250149446794161
22 18 17 2 50150 0.9824453935333561
14 27 2 22 44761 0.9402811972783961
10 19 26 7 55324 1.0933081739997423
27 1 21 8 25474 0.9507028546470697
28 28 27 13 28939 1.0787263326300072
8 10 25 18 45089 0.9876228382493282
25 12 17 4 35916 1.057269123708545
12 22 23 16 44915 1.0095164416411355
4 7 24 8 44591 1.0160702829193897
21 17 9 14 48537 0.9068143603760376
4 10 9 26 57024 0.9071671293421334
5 1 2 28 75603 1.025538054582854
17 29 25 10 64419 1.0522656687888716
2 15 2 26 27401 0.9793158015798274
17 3 6 27 76934 1.009300945233913
27 26 12 12 48866 1.0908218168159465
21 3 0 6 56849 0.9233157294346429
7 20 13 8 39742 0.952582301822713
27 4 6 18 58638 0.9744303092502944
26 19 13 17 45676 1.009982144386774
28 26 10 14 67735 0.9021147501964827
21 10 9 13 39273 1.0664444651292828
22 8 2 24 64178 1.0147598408131104
0 19 11 29 58257 0.9886015096091665
8 22 22 25 47332 1.0178730321972027
17 27 0 0 84692 0.9893544819861669
13 24 3 13 60459 0.9201224377050999
12 11 19 4 24233 1.0138507568284327
0 5 9 8 25431 1.0596856965809676
1 29 23 5 78126 0.9436034398315609
16 19 6 16 36917 1.0995918797146562
19 28 21 0 85760 1.022047439029851
15 19 13 29 31643 1.0453515541361018
14 12 5 10 23426 0.9374337342654149
19 2 2 17 58942 1.0682013456285977
1 3 3 26 50607 0.9373121695193656
17 20 1 27 61987 1.068076901081318
8 26 10 13 42382 0.943710186958505
7 4 29 27 70398 1.0465874361084209
19 8 21 23 44712 1.0700187884509704
15 2 0 1 47081 0.9049950131623157
13 11 16 18 23882 1.0194738374200896
14 16 11 6 32239 0.9645733235684224
22 24 6 6 68405 0.9538051580146546
6 25 19 29 48112 0.9304560290100785
27 4 15 7 36154 0.974881312570965
16 5 19 20 42537 0.9746783373483492
15 28 29 22 55687 1.0340895507991674
17 16 9 14 35932 1.068977229460543
7 14 17 18 39549 1.0370892552504327
8 28 18 25 35482 0.9361093825589392
13 24 26 6 61481 1.0892247042590733
14 18 27 26 49442 1.032552419334732
13 22 21 20 33629 1.0580170976065235
6 26 18 4 66081 0.9664229761476998
3 3 28 4 63468 1.0894778002235932
6 9 19 21 48749 0.9286573177186966
14 20 26 26 48294 0.9498028884498624
22 2 10 21 68190 0.9541798501623405
21 24 26 15 34462 0.965993421606312
7 16 20 9 37879 1.0081557348909926
9 26 21 3 70253 0.9210375260402124
24 13 14 10 31132 1.073608656830729
26 17 23 29 35018 1.0528281767396213
3 9 17 12 29446 1.0362231150353942
9 26 25 1 79078 1.0061085499918998
18 28 13 10 49785 0.9049661646975626
22 2 8 19 65517 0.9382183301879289
10 15 27 19 49754 0.9404760128093376
9 23 17 19 37887 0.9714590524205398
22 14 21 23 34622 1.01453767086919
25 13 17 0 57712 1.009496144428875
25 4 13 15 42464 0.9954426745952638
22 13 2 24 77259 0.9514173281918292
22 2 29 21 55792 0.9366316823399725
13 19 24 26 47376 1.0132924151851295
4 20 25 11 71244 1.0252504390434756
5 10 17 26 58870 0.9876332447480597
13 28 5 8 51488 0.9749002021812715
26 27 2 15 76288 1.0087198897010636
22 21 7 13 71277 1.0162221482517573
2 2 19 25 76115 0.952709023024972
2 13 5 1 45554 1.0520484163244548
12 21 24 25 43840 0.9941926667697639
29 23 10 28 64967 1.0941511892900122
29 21 19 29 55178 1.0851378142963801
26 12 19 20 46025 0.9844749254167491
25 16 6 29 89024 1.0861920592017205
16 20 5 25 45257 1.072020732621159
11 15 20 11 31279 1.0960209784691248
21 28 17 3 73369 0.9052343172184362
27 23 14 9 36783 0.9964513308455182
29 21 21 6 56312 0.9514470018141458
20 3 4 2 49525 0.9262099354174211
0 23 28 9 64590 0.907093704072539
21 13 4 18 67676 1.0170685576167797
1 15 13 5 35477 1.0427510454878173
17 27 5 1 80878 1.0519175828555924
28 9 14 27 58284 1.0133928714022429
25 6 5 2 62324 0.925083011838654
28 25 17 12 48612 1.0981316463306092
17 0 8 4 38215 1.0388044439872957
8 26 2 12 51056 1.0392319660366462
10 19 21 21 50582 1.08680527203316
3 3 19 16 65626 1.056911468917662
2 0 8 8 37623 0.9360572913280549
13 20 29 18 51206 0.977415589334957
7 20 2 3 58329 1.0746922647158343
18 20 5 12 51316 0.9004124948622763
6 27 27 22 68010 1.087766541883026
7 4 13 27 55012 1.0859623934316451
16 2 27 7 35324 1.0516284077718545
17 21 29 25 46658 1.0516535101234796
19 12 6 9 25449 1.0915556291766957
28 5 13 29 67573 0.9170172976523183
5 10 29 2 49596 0.9127218019408809
1 18 12 16 35086 0.9892731415187163
5 27 1 15 35012 0.9895148083420193
8 22 3 14 39371 0.9075404008577902
1 8 27 25 57994 1.0735023919008373
6 10 21 3 41457 0.9250582421171147
2 5 18 22 60057 0.9922346488428655
10 2 25 9 35950 1.084026086759183
4 20 25 14 81397 1.0560662277557542
12 9 10 29 44996 0.9261637250116341
13 2 14 26 52057 0.9517856139697847
29 14 12 23 65044 1.0740576865353009
8 5 24 10 36696 0.9648675681781791
10 11 22 24 58910 1.0640256382146853
25 5 19 18 45627 0.9193277989101242
5 24 8 13 35962 1.070658669401878
12 29 11 4 46915 1.0038919369646762
22 13 14 2 43709 1.0544176281767836
17 0 3 22 81450 0.9537825058380212
26 19 3 3 74627 0.9900025525464832
19 1 21 29 80166 1.071516453960772
11 11 11 1 26388 1.0633523324811975
27 4 26 19 28360 1.0476307194849297
13 10 11 23 29437 1.026098566975317
12 29 13 7 41460 0.9777876111997202
24 28 11 16 68054 0.9183149227234934
24 20 10 16 55162 1.0848726596435871
0 10 29 9 40583 1.0183557907979452
8 14 20 2 46746 0.9528989170358131
3 19 25 2 79920 0.9250459323514949
17 16 24 29 56298 1.0947856275832482
4 4 5 19 50269 1.0548731654932397
28 14 20 6 42749 1.0368241497106672
10 13 7 5 32730 1.002910340112263
25 5 16 21 57855 0.981037022060356
19 21 18 0 53471 1.078671618808608
4 24 23 9 64682 0.9701512874929756
3 0 9 8 46933 0.945663017194459
10 26 9 10 45411 0.9774994562650006
26 27 26 13 29627 1.004782879221714
28 28 10 25 62780 0.9166298722919014
0 17 17 29 75014 1.0473023939449269
3 27 29 21 89363 1.060439748508561
2 6 16 5 44730 0.9060378805383571
26 4 12 13 36035 1.0219492648436885
3 5 19 16 57510 0.9238989528046399
29 4 18 9 23621 1.010983537121226
12 13 21 24 46075 1.024466365025373
13 10 18 23 38793 1.053323377380737
21 21 14 14 43717 1.0774453545671943
0 1 8 18 51553 1.076804576807736
22 16 7 22 62719 0.9289717560128434
24 12 29 21 37441 0.9379646677861787
19 2 11 20 49821 1.0356651755616992
0 21 21 3 73927 0.9554139848987526
21 9 7 13 32742 1.0282298810128268
25 28 15 3 75110 0.9177118059329384
18 17 12 1 40021 0.9830881117613737
10 27 15 13 44104 0.9351465453346204
0 5 24 28 86284 1.0644784452966571
19 24 23 6 50525 0.9999645307843213
24 24 20 2 63649 1.0552804208904636
15 9 3 7 29754 1.065282903670107
7 0 20 17 66804 0.9428785506429019
24 10 0 27 74188 0.9246213160278233
6 3 19 0 47091 0.9694736279103371
22 22 4 20 65475 1.0987931663889459
3 8 24 23 66266 0.9250226870206931
23 9 27 15 13718 1.0317489560997692
16 10 21 16 32863 1.0599931614649003
28 28 19 3 65711 1.0464804290894971
22 10 6 29 73221 1.0739890005460788
16 20 10 16 31560 0.9603861636282485
25 28 11 26 49343 1.0368720018631234
2 14 13 10 35069 0.9779972080636861
9 13 4 7 36309 0.9072649344249296
10 3 5 15 44179 1.0638371454958049
22 26 5 26 49142 0.9257716543671547
29 18 24 25 26731 1.094100078745439
28 3 15 23 65455 1.0533741650235051
2 4 11 24 56456 0.9322052540364945
28 10 25 23 29363 0.9698617994118635
14 20 20 29 41068 1.0640562156974167
13 21 22 19 37848 1.0328310237011533
27 16 15 3 46448 1.0310831374612746
4 22 18 7 60361 0.9242092949871157
2 26 20 26 51509 1.0035222246417337
0 8 15 24 55096 0.9908169881435657
7 18 28 19 65745 1.0347471236358843
1 16 10 21 41586 0.9502114621698382
6 22 23 28 60881 0.9184870822304513
29 21 8 20 73528 0.9837576100904375
13 6 24 19 52810 0.9305158045373167
21 14 26 20 34911 0.9254273364706952
11 11 15 24 35719 0.9862204741213914
13 1 10 15 34572 1.018337279669567
14 29 29 25 52234 0.963462910652435
12 15 11 25 21672 0.9941525468916447
3 12 26 5 54656 1.0202775909549289
24 23 11 20 43704 0.9665141111246898
29 2 24 29 60069 0.9108222648296185
16 4 0 18 52235 0.994641604904041
15 11 9 25 44731 0.9904255641045964
2 29 28 21 98192 1.0509882842345368
5 18 20 3 64107 1.070957279689675
22 0 11 25 77929 1.0614255497159966
15 3 3 12 49320 0.9601201747668172
12 20 9 7 34262 1.041522682593771
21 0 4 15 74843 1.0217547617377563
26 1 19 29 76170 1.0468639836431413
4 27 23 22 64264 1.0434391700410228
13 7 3 22 51555 0.982660482354506
18 29 5 28 48537 1.0494206419533925
22 26 15 12 54367 0.9509882591784733
15 24 14 4 49860 1.063645976050543
16 19 11 4 42115 1.0571109349459573
19 8 28 7 28546 1.0855992382568322
26 17 8 2 56036 0.9747620251311054
6 17 19 22 48809 0.9263156003281022
3 26 0 19 24815 1.025664376037797
15 6 26 2 44403 1.0545971679016939
7 9 14 17 27448 0.9085606027475236
23 15 21 24 30896 0.9323629318426349
11 14 6 7 30080 0.9072307189311152
17 17 14 9 26305 0.9665210824809708
17 9 26 22 35134 1.0259828573796324
4 14 16 0 68280 1.0909118691648991
17 12 8 3 37595 1.0225321030846328
25 22 21 11 40425 1.0074522994263526
1 9 23 20 57667 0.9427895734834388
2 8 9 19 45897 0.9900540353255864
4 6 24 26 82993 0.9963292285742111
0 24 15 2 67965 0.9672986587165054
8 13 7 0 39501 1.0775536304108355
17 6 10 1 36206 1.0930763835354915
29 13 20 24 50727 1.0198346033930077
10 8 16 21 44454 1.0630372662718486
4 10 29 11 45195 0.9330531335854785
16 15 24 27 49787 0.9336924916244334
21 8 12 20 37244 1.0779812009439262
9 24 4 3 68071 0.9793357682229399
5 13 6 22 30463 0.9329422099527556
24 26 17 8 49796 1.0292091095266929
1 15 4 7 30719 0.9913318528266349
22 17 5 1 73122 0.9584692849629367
0 28 4 8 53645 1.058653176286908
3 23 18 15 57276 0.9859701273337393
20 1 4 1 60301 1.0133530832627728
17 13 8 5 37660 0.9175352476137262
0 25 10 15 50280 0.9158219520399525
12 18 14 6 25359 1.0704357258564656
12 12 28 23 47588 1.068865586948056
14 27 22 3 70271 1.0081562156712431
26 2 0 21 75272 1.0596452602228095
23 0 27 9 27697 0.9454600722453979
17 14 1 0 58132 1.07290032016912
24 1 28 29 59370 1.0520711756628607
22 9 15 20 40242 0.9252742058484044
24 1 14 15 52647 0.9888055473464749
26 8 20 14 40234 0.933044051901485
28 14 0 26 84551 0.9220042875847867
6 18 26 2 64591 1.0707592585472678
15 4 5 24 63454 0.9268809179017656
3 25 4 0 75113 1.0569213818414953
16 9 18 18 22264 1.0568000815802767
18 29 7 3 75608 0.9404062696820709
0 17 22 19 70873 1.0864539660096133
3 9 4 19 36013 1.0037621385450999
21 24 13 12 49476 0.9507775215631924
16 0 27 7 41632 1.0509515297308223
27 14 2 7 52805 1.0112284327222
25 16 2 25 89336 1.0986404872669315
26 21 6 5 62061 1.0836533912211694
28 2 15 9 28620 0.9536494135800087
7 4 20 3 35355 0.9260037469427299
25 2 3 19 79920 1.052879707373917
11 22 10 4 40056 0.903554133275857
18 20 3 20 56162 0.9653274768881415
23 11 26 22 31188 1.0604321996486261
24 15 10 10 40763 1.056416111803891
1 12 13 3 33205 1.0435685439723732
0 1 22 20 81857 1.096942123625651
12 26 0 29 41343 1.0627850915846002
20 3 25 11 38519 0.9804344749842341
2 25 17 13 71664 0.9526379829567055
6 28 9 3 73521 1.0970666512458702
25 8 2 26 73306 0.9088684229846985
7 24 16 3 62906 1.0275458123476935
1 9 10 22 43990 1.0276568486048745
13 15 11 29 32463 0.9675358945622228
16 2 2 1 50434 1.0288820124569036
14 1 3 14 59244 0.9337522346361424
4 5 16 20 57883 1.0469403324561015
0 28 8 14 54156 1.0171437950793543
14 27 18 10 47648 1.0843274261110705
17 22 5 25 42447 0.9933562470659661
20 26 19 0 71519 0.9332074918872912
5 5 2 20 44860 1.0533490203536156
2 8 19 23 60250 0.980365756448913
3 20 17 9 49773 1.0436436007874672
5 27 22 17 71084 0.9118511414176768
29 10 2 19 67842 0.9288757854102567
15 14 13 26 37311 0.9754119967453652
11 24 27 0 62618 0.9904727392906811
29 11 8 25 68301 1.0307010290874223
12 26 3 10 49357 0.9405567838518833
25 22 19 10 43720 1.0551487436311517
18 11 11 14 28766 1.0844294782538186
11 5 25 18 47498 1.0829997990000282
23 14 18 7 24334 0.9009760213570854
27 23 8 6 51776 1.0993420779184588
18 27 16 7 48072 0.9644857971172616
29 16 13 29 73284 1.096509921424869
21 3 4 24 81655 1.0084690423994989
10 12 0 10 29339 0.94375289311554
0 11 23 18 58826 1.0390283584907656
1 3 26 29 78340 0.9705809863984527
19 5 28 13 35348 1.0343408305990547
23 15 9 10 39295 1.0270578105139894
24 4 8 1 42938 0.9287534218665496
0 11 7 14 33650 1.052638049305585
28 27 20 3 58843 0.9245642284779736
13 23 19 1 57536 1.0000929186642482
10 0 15 20 59446 1.0195776571298025
29 4 3 29 93668 1.0354278373563461
14 8 19 15 23283 0.9455072759330297
0 9 17 0 50810 0.9308428312646538
19 2 24 12 37442 0.9812195323074298
9 4 27 25 57738 1.0570954516846545
14 27 6 11 51514 1.0165122000133833
26 20 4 7 63618 0.958082660220721
6 0 19 23 72893 1.0562056834229778
21 20 10 5 56344 0.9581228184927835
12 8 25 3 39460 1.0402333817028815
17 27 9 21 39109 0.9262264765878363
14 25 14 12 30791 1.0995540320997395
28 27 13 7 51186 1.0091210263919985
6 9 15 15 27310 0.9500289041346394
25 19 20 7 46963 0.9663173189240946
18 4 6 25 65309 0.9543635196880825
9 8 4 21 54283 0.902277249818668
2 17 29 17 70466 1.0738098042840691
17 26 21 14 41904 0.9667766645896136
24 3 8 8 44490 1.0722171288073934
7 16 28 3 61668 1.0526416547340969
15 4 26 19 50124 0.9320471295483064
5 0 25 17 76986 0.9122724238200254
13 23 29 21 53318 1.0546351763585642
21 0 25 15 54583 1.09350367407834
27 20 23 1 40863 0.9011040424574461
9 24 2 29 38460 1.0819091200480742
23 0 16 19 60238 0.9215323968736767
22 3 22 27 64241 1.0210819233394006
22 7 25 18 34456 1.0068329148367283
6 3 5 18 43732 1.027454483900308
17 11 12 25 39668 0.9647389665455284
5 28 3 0 83983 1.0017709577154734
5 18 26 23 68126 1.0997780556850572
9 5 6 13 27121 1.008552174483721
11 12 27 5 34200 1.0227773023385296
4 28 14 1 83760 0.9828264333379918
2 29 17 10 70046 1.022132120782143
10 25 28 25 57280 1.0144390771346754
5 16 29 26 81519 0.9158715221093495
28 19 18 25 41901 1.0439252430984343
11 27 6 20 33050 1.0004079453095782
14 1 20 16 47882 1.0008313305925314
11 11 23 24 58501 1.0741878736296966
21 3 0 6 56849 0.918975229542543
8 25 16 6 55103 1.0649062627361503
17 12 27 18 35035 0.9046048394814654
12 1 15 11 24919 0.9273228976859629
2 16 24 7 63850 1.0730960102568967
27 17 2 13 58333 1.033332265730647
14 7 2 28 65043 1.0536631976131878
26 28 10 13 71397 1.0680852428098582
27 17 4 19 75195 0.9260114592678209
12 16 24 5 40289 0.9093479813300941
9 24 6 5 53582 0.9778291189028079
8 21 1 14 35131 1.0139443318308872
11 8 16 25 47773 0.9137295310595029
8 25 28 17 69703 1.0706880415634417
15 26 5 13 57574 0.9531320513483654
24 12 8 4 43483 1.0349363141530277
13 27 1 5 57072 1.034397208318696
0 5 23 2 57789 0.9016854731509274
29 10 23 15 29186 0.9582272985805148
25 15 6 5 51648 0.9915632929761984
6 29 13 19 41937 0.9984145780873535
27 4 16 26 61833 1.0783330360433137
10 29 12 4 54102 1.049648615033985
16 9 1 11 22465 0.9510493894335038
4 2 25 18 70557 1.0113788809231938
24 15 3 3 68209 0.9610868641852078
29 4 0 23 75458 1.0153982117144968
26 16 0 13 63218 1.071237108332086
8 6 14 21 41590 0.9293514554331797
9 6 25 23 64961 0.9530130560997391
8 19 7 7 35459 1.0273993388968992
23 3 5 19 70906 0.9875596944139567
13 18 7 23 25496 1.0447366754566745
14 6 7 22 49019 0.970033440152404
12 12 20 1 39571 1.0051720784538238
10 4 12 20 32880 1.0800679338681676
18 23 29 24 32952 1.06417291348146
9 5 5 11 24171 0.9167734164966993
5 15 2 1 44097 1.0247310472288413
24 2 10 15 53099 1.0215777502418053
6 8 24 5 38097 1.0093366193477145
8 18 22 8 44957 0.9739832399659647
8 22 5 6 51101 1.0389124521035324
4 21 19 28 67206 0.9526323823604815
15 13 27 22 51022 1.0651300284194944
26 24 2 1 77974 0.9937699786108579
25 13 27 27 32869 0.9393447728833797
15 14 9 1 50549 1.0176709332602876
16 5 20 11 24566 1.0926267322717989
8 7 23 1 46255 1.0610769875729578
12 10 3 19 46235 1.0909051798224856
3 7 6 22 53878 0.9796093101286732
4 25 8 7 56352 1.0218886250252563
11 27 22 6 62340 0.9318619023889709
15 28 11 5 57148 0.9093363626527486
29 1 20 28 73548 0.9945276288190391
27 20 26 3 30899 0.9803044848601568
21 8 3 1 56364 1.03433121483328
19 29 27 22 42368 1.0267021428332113
16 29 5 12 69012 1.0983102456606437
27 11 17 11 21691 1.0033850234530641
26 4 14 5 28952 1.040447762802844
7 19 18 10 44346 0.9063834545608132
22 14 24 26 39877 0.9226142101224512
5 13 20 28 80280 1.0396181774252273
3 18 18 23 51200 1.0597620411037834
28 10 13 15 37254 0.9982624216835478
26 23 16 16 44958 1.020764204244521
10 25 18 0 63323 0.9938346164353836
10 9 0 13 24593 0.9074655414233772
15 20 24 3 64560 1.0870001458866676
0 17 28 14 67237 0.935453920023921
28 18 21 22 29059 1.0078833612601306
19 26 9 28 36488 1.076387339797635
2 10 14 5 31221 1.0554888159736093
3 22 14 0 68519 0.9412537146888242
11 6 16 0 30490 0.9300153198214455
18 15 15 1 40815 0.9965856493226699
9 13 25 15 55035 1.0605510317549278
0 15 19 9 37094 1.0973540510493103
14 2 17 15 36709 1.0388958352963125
14 27 9 4 53798 0.9510451483153547
16 13 27 12 30816 0.9361872496951471
1 15 11 7 33499 1.0824541721208565
7 29 23 20 67612 0.9880551283074623
1 21 17 11 51601 0.92751882930417
5 23 22 16 66971 1.0464025029569541
20 0 26 10 48861 0.9829757916167323
22 19 15 8 45519 0.9145395650925588
7 11 20 11 30604 1.0149365097048237
11 25 29 24 56647 0.9651475160858725
7 22 18 6 53531 0.9436684798591539
2 20 3 5 39170 0.9988384721494511
8 0 20 27 78868 0.9273940140013196
7 0 27 19 67519 0.9491288102478687
1 12 27 27 64178 0.9298679557066949
29 11 4 15 57701 0.9748294160040467
26 11 7 23 63339 0.9968452746151112
25 19 20 10 41017 0.9484394281060703
23 21 3 26 67195 0.9246412884267973
27 17 11 13 44227 1.0421139388503304
1 7 6 28 56107 1.0422413946624816
15 22 25 3 68653 1.013907161269635
12 19 25 22 47862 1.0565863564029256
5 28 10 8 65648 1.0984705909893564
3 5 18 25 68926 0.9956765649002514
14 24 9 1 61189 0.9387812381231488
11 2 27 3 42208 0.923258103111004
7 13 6 23 33196 1.0233927123895146
25 7 6 10 40451 1.0052297299802524
21 7 10 23 54557 1.0023505193480355
24 13 7 3 55954 1.034898219220912
3 12 11 1 46765 0.99242141751283
15 26 28 5 66243 0.9707756292409351
7 0 18 17 59275 1.096256177985669
21 26 17 7 57461 0.9706984424923001
8 27 27 20 65010 0.9249774020092157
23 23 15 13 50399 0.9978383490740775
17 0 10 25 71795 0.9036976839101066
16 3 5 22 67559 0.9963905813452112
15 23 25 15 46382 0.9600543209869068
20 2 9 28 76043 1.0068874038470408
12 14 6 2 35451 0.9918989226967633
28 26 21 13 48553 1.0518474550577972
13 22 29 12 57535 0.9900113460013991
4 20 7 3 58731 0.9645423715343935
2 9 25 1 52403 1.0181659683217372
26 13 25 26 30817 0.9930209537657799
18 7 19 17 25609 1.006558524646735
17 28 5 26 42039 1.0940962991654066
9 18 3 26 36462 1.0598165048517614
15 27 9 3 62748 1.0262625088906678
9 3 6 19 50659 1.0427247178328927
25 0 14 16 60644 1.092480521376062
7 9 28 18 40974 1.0016779583360778
25 17 0 2 68526 0.9662414897772844
4 24 18 4 69249 0.9007747626232365
22 2 2 2 62325 0.9974059375885307
6 11 20 5 35206 1.054839169308743
13 20 3 8 42193 0.9296879907178802
22 8 24 0 33907 1.0622670545287458
8 26 18 15 49606 1.0775725614320693
9 8 29 16 48589 1.067801825553491
2 0 16 21 77177 0.9853054118384952
7 27 23 17 66055 0.9214128110462951
15 18 17 10 31695 1.0324138746711
10 20 5 6 51508 1.086613730317089
17 0 1 26 82912 1.0100729432847133
10 1 21 0 52265 0.9205280157198343
4 26 10 9 53276 0.944729055505385
8 24 19 13 56209 0.9892558689096611
9 2 3 6 31355 0.9456980610556047
17 1 16 23 58567 0.9934660367252234
10 1 18 16 46786 0.9924058946318012
12 20 9 11 24648 1.0916503250862468
7 11 18 28 61918 1.0113353989072753
25 10 14 9 21130 0.9260332218623322
9 21 6 0 64262 1.0345441160079307
3 5 17 16 56591 0.9352370337721831
24 25 16 2 66899 0.9896821849778505
24 25 9 16 67648 0.9003842170437978
10 29 3 23 38198 0.9946375496152203
7 22 24 6 69958 1.0059867111472371
29 5 4 17 67982 0.9991210906772471
20 12 18 28 42313 1.0661929748984147
20 17 8 6 45114 1.0076275819554974
26 13 3 4 58722 0.9346935011179762
26 9 28 21 26184 0.9614117007868005
7 18 2 0 59842 1.036683862816041
11 7 4 29 75149 0.9778662820255941
22 3 18 10 26857 1.0714351416842502
26 6 6 8 41539 1.0145914480980345
5 23 23 14 68893 0.9403264933178739
9 15 28 15 50087 0.9862044298755109
5 19 14 0 62863 1.0687401214681016
21 24 20 2 63950 0.913011661734727
15 3 25 23 61953 0.975573488744149
21 11 20 2 34891 1.064963690378279
14 1 20 8 31572 0.986770681858548
20 29 27 10 55351 0.9992572388323018
18 21 28 14 45914 0.9391030099691028
11 4 22 18 50253 0.9021095814616474
1 19 17 23 51461 0.9658518204564808
12 5 28 22 48209 0.914787306130391
15 10 21 16 38189 0.9065672272345953
5 13 18 19 54304 1.022030948668362
18 11 29 20 39736 0.9556650483716576
15 12 9 6 33750 1.0980862449600393
11 0 28 20 63049 1.018601812551479
21 19 17 11 33631 0.9182113066512616
11 2 1 7 34200 1.065850954550577
0 5 7 11 25656 1.0710327057463536
27 16 29 25 19949 1.0854563566792697
27 19 27 2 24678 1.067246087611115
23 27 27 0 50538 1.0397642321172498
8 15 13 24 30975 1.0734578101748387
22 0 5 12 65561 0.9614485118682545
24 11 16 8 20752 0.916791681447429
11 1 20 16 52136 0.9334574013316117
9 4 24 2 39748 1.039316919322962
27 6 3 13 57551 0.9387864871411291
1 27 9 4 59188 0.9711144106761856
7 4 24 26 71521 0.9965545477124178
0 28 16 16 70895 1.016556064567684
27 7 25 16 24546 1.0223837887971658
26 12 6 15 51132 0.9294655524559543
23 23 25 4 43010 1.0575106347998435
23 3 20 24 62221 0.9135406549536014
12 12 19 15 26644 0.9988916117675221
20 29 6 20 63168 1.0943037711014687
28 25 13 14 54974 1.0157833505287324
9 15 6 26 35315 0.992036752625336
2 2 23 21 76874 1.0660070555499503
20 23 21 2 61651 0.977538903495704
21 7 7 9 30111 0.9975580491933016
23 29 4 23 65960 1.0139547705617045
24 28 26 3 58035 1.0872117464688165
7 9 21 7 30111 0.9002046732776426
16 8 28 9 18455 1.0035059472937842
21 1 16 20 63103 1.0190994415382961
5 8 19 9 22543 1.083799861190247
4 25 13 17 42615 1.0757259971367465
17 4 5 0 43331 0.9466661671450802
7 22 21 19 56287 1.0522809183199624
7 12 28 26 62739 1.0741642747749913
0 7 6 1 31049 1.0363498136614426
9 9 11 1 23139 1.0367008943010565
19 18 5 14 51651 1.0246966002686584
18 29 14 23 24223 1.0628530912608187
1 9 22 28 76808 0.9066338070402576
2 21 6 12 43075 1.0263102424027801
29 27 19 29 41319 0.9710693035355716
2 10 7 28 60809 0.9454642055366708
17 8 5 16 43717 1.0422354879253337
26 12 9 19 57316 1.0029123096801373
2 29 23 0 96773 0.9145012135769264
21 1 2 21 83947 0.9517085847186835
4 29 29 10 93564 0.9395619503793485
29 1 2 10 59582 0.9750701764699232
7 10 26 19 51060 1.0429211881601275
2 29 15 27 49959 1.0341733649602065
19 3 13 24 57132 0.9401331541576421
7 24 17 18 40211 1.0330676375404035
5 22 16 5 63296 1.0113640820316836
14 15 6 18 28067 1.0989142593604329
11 25 28 8 56292 0.9360680973866943
7 5 8 17 32626 1.0566594436508578
0 14 20 19 70113 0.9112011738199264
16 13 9 24 44316 1.0019500253917455
29 4 10 27 68972 1.0609255275548062
6 6 28 1 51102 1.0704302580924412
26 15 27 29 23281 1.009821831599801
1 3 22 17 64827 0.9348391505720719
29 10 5 19 68272 0.9335400618929887
9 27 5 2 70916 0.9993089584619884
26 29 0 20 92156 0.9079471587942801
20 7 17 25 53351 1.0045237676752679
28 16 24 28 40959 0.9875890637441902
9 3 20 29 82248 1.0017677662088504
6 29 26 7 84529 0.9454337030728049
26 17 28 4 25009 0.9271284123112583
6 26 14 20 34718 0.904900614656775
27 26 17 3 55419 1.0054850630182581
16 4 20 13 35892 1.0088453514501416
15 3 28 16 54603 1.0205345741161462
26 19 21 3 48406 1.0303277780166047
21 6 14 15 41879 0.9527135504789054
4 8 6 29 63684 0.9593747361063616
7 4 24 23 67066 0.9869518352566291
25 4 20 18 45117 1.0546353134694768
18 7 25 15 30171 0.9964203525455012
22 3 1 27 81422 1.0210498974415634
17 11 12 23 36227 0.9399524943489128
19 8 5 13 38231 1.0020811235211755
0 2 9 17 49563 0.9430702862178376
24 12 10 0 54900 1.014293228859838
10 0 27 24 69189 1.0917942117614183
21 0 4 25 98411 0.9321494524786111
24 2 10 29 81620 1.0184530240513405
0 8 18 1 43706 0.9684377109603246
19 23 3 26 50130 1.098952439225389
29 22 12 29 59819 1.0595386235030582
15 15 28 6 46513 0.9468731842330553
19 29 2 18 71366 1.0583488678802997
16 9 0 11 25268 0.9257790123076655
14 7 19 13 24847 1.069960317694718
16 7 28 19 41238 0.9939766347554911
29 22 1 4 67760 0.9537297752785427
9 12 22 2 52068 1.0861653740115804
16 10 1 11 25705 0.9841771957512948
0 0 6 25 70294 1.0992425969997779
24 4 4 21 83541 0.9134346415605549
19 3 25 7 39121 0.9125647557777653
16 27 22 17 42074 0.9000658964931258
6 3 23 24 76718 1.024947878100173
27 12 8 5 37847 1.034337683945206
23 3 29 23 45765 0.9312733799808562
12 29 3 7 61890 0.9625515878378423
25 13 22 4 37438 0.9457637906970865
11 14 19 0 52659 1.0511874928966165
27 14 23 8 15049 1.034082876793154
18 23 8 27 35358 0.9584127972216607
21 20 7 23 48944 0.9945579730166214
27 13 21 8 19471 1.020037440103729
0 15 20 5 50196 0.934718010364503
14 14 24 20 45091 0.9171451305263294
0 5 21 4 49104 1.0536037783514285
10 18 15 4 37826 1.0772886154041392
14 3 13 15 27494 1.0691474282273832
9 28 16 7 57964 1.0422809354293532
24 27 15 24 33727 1.0999044266376004
23 0 11 29 79195 1.027271500622446
1 15 23 24 78428 0.9522780724548078
26 8 20 25 51881 0.9959906131133714
11 18 26 0 59662 1.0003467076346049
26 3 20 26 59677 0.9129051447321809
3 4 11 20 51402 0.9029573337335156
13 11 20 17 35695 1.0880875143456188
23 17 22 4 37815 0.9890535245719446
27 8 4 10 38044 0.9708068991588373
20 12 25 25 52369 1.0296547965805187
14 3 23 2 27383 1.0173757859389823
27 9 10 0 47583 0.9389148656277522
0 14 13 3 44622 1.0309701048193074
19 28 5 7 75134 1.0117439914729853
1 5 11 15 35452 1.0257443031950124
14 16 8 24 32526 1.0561357354182421
2 20 18 3 60348 1.0694306814904577
