8863 8612 8745 8960 8983 8897 8627 8894 8866 8926 8727 8875 8741 8767 8762 8700 4647 4554 4626 4376 4269 4306 4300 4423 4295 4569 4272 4578 4596
3473 3372 3538 3469 3424 3397 3516 3210 3204 3570 3493 3208 3401 3512 3535 3527 3377 3542 3537 3451 3232 3517 6654 6478 6557 6666 6300 6636 6668
1958 1925 1988 2147 2054 2161 1943 2044 2019 1863 2115 1936 1883 2033 1844 2130 1847 1888 1890 1999 2203 1999 1990 2129 2047 6484 6570 6456 6418
5155 5345 5377 5265 5416 5253 5117 5351 5227 5196 5392 5124 5243 5280 5304 5107 5166 5447 5259 5478 5130 5345 2962 2965 2934 2954 3166 3051 3177
2826 3132 3136 4589 4584 4251 4314 4575 4209 4375 4512 4337 4307 4428 4303 4339 4503 4468 4414 4427 4400 4315 4338 4242 4560 4590 4421 4578 4299
2049 2007 2170 2261 2178 2044 2144 2187 2143 1887 2174 1907 2063 2190 2108 2147 1955 2082 1982 1982 2212 2145 1929 2151 1899 5903 5662 5695 5805
7392 7242 7348 7501 7594 3192 3055 3081 2968 2856 2924 3160 3088 3171 3110 2936 2877 2985 2942 2927 2901 2818 2865 2836 2875 3144 3109 3160 3112
8730 8486 8502 8662 8726 8798 8605 8849 8480 8716 8525 8703 8741 7393 7293 7461 7158 7180 7294 7500 7402 7238 7402 7285 7335 7495 7189 7478 7385
3087 3083 3180 3051 3392 3207 3403 3412 3177 3322 3361 3338 3411 3375 3402 3347 3228 3396 3085 3435 3287 3198 3369 3274 1974 1748 1951 1819 1854
8219 8166 8358 8348 8157 8304 8028 8004 8170 8054 8257 8102 8083 6483 6245 6264 6385 6159 6240 6381 6444 6373 6467 6288 6419 6288 6252 6363 6309
2637 2725 2692 2740 2661 2863 2767 2581 2630 2660 2833 2934 2684 2652 2753 2913 2523 2406 2554 2548 2308 2482 2339 2459 2526 2581 2346 2227 2602
5794 5823 5890 5673 5789 5671 5651 5635 5729 5630 5779 5619 5639 5585 5640 5665 5482 5711 5564 5481 5723 5422 5734 5665 5431 5442 5576 5595 5725
5984 6084 6090 6098 6018 1527 1391 1447 1469 1190 1287 1375 1394 1265 1404 1285 1161 1472 1294 1540 1172 1261 1423 1173 1537 1383 1392 1184 1402
5004 4990 5207 5042 5371 5612 5379 5636 5451 5533 5456 5394 5669 5564 5706 5625 5672 5463 5679 5552 5731 5611 5659 5617 5639 5393 5740 5559 5382
3941 3961 3685 3649 3689 3950 3648 3639 3787 3631 3766 3707 3647 3723 3623 3805 3695 3702 3490 3832 3791 3850 3621 3731 3791 3799 3491 3815 3762
8308 8405 6374 6632 6629 6586 6396 6332 6399 6505 6504 6415 6575 6312 6361 6650 6475 6458 6610 6523 6638 6393 6683 6584 6445 6391 6593 6672 6313
2794 2754 2979 2639 2613 2933 2738 2907 2870 2761 2961 2676 2750 2630 2629 2710 2978 2793 2929 2934 2672 6051 6129 6243 6188 6322 6382 6075 6193
2515 2378 6759 7083 6964 6963 6879 6982 6781 6845 6800 7087 6759 6990 7021 7086 6772 6874 7000 6717 7011 7085 6788 6928 6749 6793 6761 6874 6789
8464 8666 8447 8631 8784 8735 8493 8543 8782 8506 8662 8630 8813 8689 8611 8583 8636 8665 8424 8331 8427 8482 8372 8492 8449 8483 8389 8332 8429
3322 3653 3664 3512 3505 3325 3665 3299 3618 3595 3414 3327 3322 3386 3629 3580 3422 3428 3380 3326 3498 3333 3379 3337 3493 3425 3540 3501 5977
6376 6191 6309 6117 6215 6254 6242 6179 6416 6358 6460 6191 6277 6370 6313 6161 6337 6127 6294 6151 6302 6369 6166 6320 6253 6364 6419 6245 6186
3120 3216 3355 3436 3399 3395 3408 3227 3339 3158 3137 3435 3424 3491 3413 3142 3405 3378 3461 3439 3316 3116 3420 1792 1747 1644 1700 1714 1545
1972 2120 2008 2159 1906 2224 1848 2008 2061 2051 2190 2000 1879 2143 2221 2019 1914 2217 1948 1891 1863 8428 8254 8375 8359 8186 8105 8344 8373
1789 2082 1810 2068 2067 1847 1767 1895 2064 1776 2004 5129 4954 5016 5156 5159 5121 5069 5143 5016 5188 5001 4855 4997 5106 4972 4879 5030 5150
1247 1340 1496 1354 1227 1219 1579 1469 1246 7203 7044 7185 7011 7048 7065 7283 7304 7215 7108 7125 7304 6976 7130 7151 6981 7204 7210 7012 7273
2915 2928 3014 2985 3157 2837 2886 2902 2942 2881 3153 5754 5820 6028 5900 5818 5777 5893 5936 6022 6038 5766 5998 5779 5708 5983 5961 5945 5912
5556 5752 5679 5622 5520 5445 5734 5616 5468 5433 5506 5567 5620 5612 5701 5574 5562 5409 5553 5651 5517 5661 5570 8684 8441 8628 8472 8602 8587
6851 6845 6890 7023 6875 6779 6985 2483 2327 2483 2367 2456 2500 2289 2441 2235 2446 2474 2337 2593 2251 2496 2516 2566 2328 2463 2357 2524 2591
2518 2781 2745 2556 2576 2699 2804 2882 2591 2501 2884 2526 2749 2772 2673 2682 2843 5446 5255 5280 5588 5495 5359 5273 5323 5603 5363 5369 5537
6288 6257 6458 6297 6399 6605 7017 6919 7075 7218 7158 7102 6876 7128 7027 7212 7165 6890 6897 7129 7081 6911 7147 7092 6942 6888 6902 7081 7044
1592 7458 6735 6329 7982 3658 3086 4244 6209 4816 7394 5163 3939 5558 5253 4656 4567 6719 8734 5546 7358 8382 6802 4127 1333 6974 2254 3114 7295 4336
1517 7453 6652 6307 7920 3693 3044 4071 5905 5106 7367 5024 3813 5223 5350 4764 4565 6649 8489 5747 7259 8331 6884 3979 1574 6942 2059 3112 7622 4035
1514 7638 6707 6578 7744 3775 2915 4144 6030 4950 7261 5101 3970 5321 5049 4528 4662 6487 8474 5594 7089 8228 6765 4051 1595 5893 1903 2833 7449 4196
1529 7528 6560 6518 4290 3725 2910 4133 6193 4995 7380 5239 3899 5220 5335 4669 4373 6505 8833 5491 7266 8356 6741 4010 1521 5818 2090 2903 7578 4014
1815 7691 6484 6442 4094 3523 3090 4042 6206 4929 7469 5265 3783 5298 5359 4584 4544 4171 8621 5717 7318 8324 5510 4107 1405 5802 2208 2790 7352 4277
1471 7375 6848 6208 4175 3637 3049 4177 6089 4786 7312 5157 3874 5487 5220 4391 4582 4034 8629 5487 7252 8335 5465 3923 1474 5933 2098 2800 7299 4298
1757 7347 6602 6575 4444 3414 2916 4197 6089 4790 7558 5051 3730 5391 5272 4418 4696 4119 8495 5808 7325 8432 5427 4068 1306 5639 2234 2855 7634 4292
1652 7548 6817 6493 4096 3764 2998 4215 6176 5059 7281 5235 3935 5597 5215 4692 4456 4262 8625 5747 7129 8483 5694 3771 1266 5672 2028 8477 7514 4274
1806 5996 6525 4475 4295 3447 2838 3940 6009 4989 7411 5141 3820 5321 5419 4606 7268 4217 8831 5658 7220 8469 5718 4007 1356 5918 1922 8335 7447 4214
1626 5980 6821 4579 4452 3417 7637 3893 6205 5017 7576 5059 3931 5245 5337 4530 7326 4279 8753 5542 7219 8554 5484 3981 1600 5725 6302 8443 7588 4351
1731 6241 6856 4612 4287 3584 7789 3883 6069 3564 7436 4996 3852 5336 5135 4443 7080 4331 8596 5616 2241 8379 5640 4032 1345 5771 6199 8305 7354 4215
1776 6122 6748 4470 4162 3659 7838 3870 5892 3649 7390 5259 3818 5456 5387 4569 7066 4158 8631 5498 2229 8233 5447 4084 1568 5951 6178 8269 7410 4136
1517 6200 6789 4427 4432 3455 7841 4085 6000 3575 7482 5083 3858 5223 6484 4514 7197 4152 8804 5700 2577 8456 5456 4089 1436 5762 6093 8531 7585 4221
1471 6311 6814 4623 4357 8163 7891 4025 6188 3477 7307 4999 3936 5547 6634 4559 7083 4200 8829 5660 2545 8377 5435 4093 1368 5638 6318 8383 7428 4307
1562 5997 6605 4586 4405 8066 7570 3878 6103 3578 7532 5302 3845 5527 6577 4645 7061 4091 8602 5654 2580 8358 5704 3869 1570 5732 6285 8367 7567 4236
1564 6003 6712 4372 4160 8394 7776 4086 5997 3711 7406 4983 3588 5520 6522 4679 7359 3976 8738 5750 2249 8275 5449 4059 1489 5613 6366 8341 7278 4024
1771 6147 6489 4332 4413 8126 7885 4082 5948 3461 7521 5188 3845 5388 6548 2919 7161 4245 8834 5545 2503 8295 5622 3880 1585 5932 6154 8437 7636 4158
1586 6321 6718 4316 4312 8359 7702 4037 6288 3589 7290 5274 3736 5402 6624 3041 7396 4025 8692 5531 2485 2176 5475 4102 2958 5721 6012 8258 7630 4064
1621 6187 6520 4419 4466 8050 7717 4102 6393 3543 7414 5074 3804 5497 6440 2969 7092 4211 8740 7314 2198 2253 5392 3990 3088 5743 6348 8249 7292 4021
1768 5981 3724 4327 4333 8232 7896 3981 6304 3689 3407 5063 3962 5405 6467 3026 7372 4091 8536 7206 2232 2104 5693 3949 3214 5774 6044 8285 7524 4099
6968 5969 3735 4483 4170 8037 7901 4081 6585 3536 3200 5197 3817 5514 6596 3018 7359 4283 8502 7083 2500 2005 5619 4152 3142 5903 6029 8431 7541 4247
6813 6156 4001 4332 4311 8366 7833 3939 6442 3672 3147 5125 3583 5406 6621 2891 7141 4123 6615 7306 2441 2034 5437 3830 3213 5617 6066 8358 7464 2423
7064 5952 3868 4499 4141 8369 7839 3992 6508 3505 3353 6126 3713 5531 6415 2890 7314 4244 6763 7128 2263 2293 5535 4110 2955 5854 6046 8488 7358 2316
7051 6068 3929 4473 4199 8024 7696 3939 6626 3593 3083 6292 3862 2407 6517 2959 7228 4283 6679 7337 2549 2254 5520 2459 2923 5825 6349 8584 7401 2526
6870 6179 3987 4651 4209 8306 7887 7297 6335 3575 3412 6340 3725 2287 6594 2927 7371 4154 6717 7267 2254 1990 5414 2701 2909 5842 6363 8500 3847 2531
6942 5960 3716 4283 4385 8068 7670 7145 6634 3546 3335 6255 3778 2428 6328 3005 7422 4012 6850 7225 2446 2241 5364 2789 3148 5699 5998 8328 3821 2572
6758 6127 3770 4494 4299 8357 7919 7326 6502 3736 3391 6354 3803 2306 6620 2822 7121 4301 6889 7164 2502 2135 5366 2483 3181 5833 6210 8543 3884 2337
7052 6104 3667 4355 4250 8287 7868 7086 6351 3564 3176 6142 3865 2442 6643 3071 7294 4101 6578 7097 2489 2278 5451 2486 3030 5994 6097 8436 3905 2671
6692 6028 3659 4659 4092 8050 7740 7279 6574 3460 3218 6144 3585 2392 6439 2943 7320 4105 6809 7230 2366 2334 5666 2490 2991 5794 6331 8470 3771 2608
16 20 26 17 37108 1.051275535347112
17 29 6 16 58779 1.0490180963336708
5 10 17 1 43289 0.9013443591010586
0 18 15 8 77313 0.9369719038820391
29 13 28 27 47062 0.9264490999034468
15 29 0 28 53457 1.0330463569218724
9 28 5 0 69082 0.9139593038923319
27 7 15 25 76352 0.9947414534103336
20 18 25 2 51198 1.0661570261944149
1 2 24 8 70707 1.0216409419456314
17 3 3 25 69716 1.0488460095518053
22 28 10 10 63400 1.0875468606251
12 13 24 19 45668 0.9726769198497316
22 7 15 19 49585 1.0562276010045353
27 11 25 21 28398 0.9277375080483218
0 9 18 19 82406 0.9389914361495288
2 1 17 15 69302 1.0560325700717592
24 20 10 2 64959 1.0023044750031742
28 0 3 29 116635 0.9913848097371304
11 25 20 3 74002 1.061437521840254
29 28 10 24 56085 1.0264125731184135
5 1 6 23 49820 0.9933364802696178
23 4 20 16 37272 1.0736647961639554
27 0 24 29 89731 0.944605003465864
19 24 29 10 59888 0.9213000508541533
23 12 19 2 35628 1.0194375773945805
18 17 2 23 48471 0.9823423741866936
20 9 0 3 80529 0.9125894138315894
19 24 3 24 26335 1.0009062239052378
15 19 21 15 32133 0.9174132040565898
27 20 6 3 90365 1.0026016839729426
26 25 24 9 55310 0.920308407934947
13 27 10 2 53709 1.0203255148416472
12 1 6 8 39697 1.014770921459594
21 6 3 9 78977 0.9585187995743129
9 6 24 24 69710 0.9352024929180646
6 15 17 15 48574 0.9238541551898752
3 10 16 9 61315 1.0531674420830393
26 13 11 23 59256 0.9500796339141472
5 21 25 25 53698 1.0121905838384933
2 26 26 22 63733 1.0791511910769673
25 18 26 28 40291 0.9808682737144108
11 26 20 16 51826 1.0100371735771376
14 27 19 19 38644 1.070467801734071
17 3 28 9 53364 0.9537971988276144
16 4 5 7 43952 1.0619600365077226
1 12 26 18 92139 1.064694727570061
21 2 5 28 95484 1.0761574789089305
28 2 9 10 85108 0.9400799011377717
24 29 27 17 36936 0.974121168630445
6 6 15 21 56826 1.0379999561991593
3 13 5 23 31250 1.0833385282198629
22 24 5 11 59831 1.0505968715810257
1 28 8 1 82625 0.9792840112619877
8 29 16 10 51923 1.0576512178889077
13 11 28 11 63441 0.982958644146738
8 13 9 26 42040 0.9901579849768634
13 17 27 15 50422 1.0126887652022947
19 20 6 24 30607 1.0179984027062337
16 0 8 24 61718 1.0650897446962224
18 17 6 20 51767 1.05871191919297
0 22 1 12 37215 1.0855195025908044
26 12 3 8 100522 1.072867521741526
29 21 10 15 57462 1.018674707683576
15 20 16 10 30239 1.0498747990847412
5 6 2 18 32460 1.0647677278364787
14 22 23 15 39708 1.0271160353588704
17 25 14 17 31884 1.0742472556315452
3 22 8 27 18572 1.077613996775386
27 14 6 2 91832 0.9410462317546778
4 28 9 2 74817 1.0311495051805422
28 6 21 25 63365 1.0639313796904584
28 15 18 20 36541 1.0344749850469965
10 4 28 21 69769 1.07909228714913
27 23 27 3 57541 0.9921455167892105
29 17 5 27 76725 0.9450391346238725
9 9 5 27 51688 1.0523949729197164
12 4 6 18 50564 1.0880509848232602
5 10 15 25 49761 0.9947509125999399
27 29 10 9 69814 0.9047659482447938
3 11 8 4 36601 0.9776657583124608
9 20 20 13 57333 1.0385411701189735
1 12 24 6 87263 1.0945954224737855
4 2 26 14 89718 1.0074180943598323
11 23 0 5 63281 1.0077898870047093
1 26 8 14 48264 0.955974610854557
14 16 20 5 62268 0.9713598016353869
2 25 12 0 66218 1.0916100710312424
17 23 26 2 69247 0.9631528000190204
23 9 20 2 25122 0.9755117802143154
26 21 3 26 57193 1.011643731638444
19 27 9 22 37147 0.9604932536681701
13 11 0 11 57193 1.0820052360420966
7 17 25 10 79215 1.0193196015390036
24 29 15 0 89504 1.012646749012649
28 29 22 18 39127 1.0840822233495604
14 10 16 23 42485 0.9096511061611817
5 4 13 24 52961 1.0161854065625837
5 23 0 2 64164 0.9211076035247395
22 13 11 16 48976 1.0980890560802363
4 12 18 0 50224 0.9572155341421318
0 6 18 26 83081 1.0741608028962817
1 28 12 14 47661 1.046633574191044
23 13 2 11 85932 1.0567939266041497
10 26 0 21 32566 0.905635333953755
0 8 12 8 53747 0.9630029034199383
20 12 8 0 62025 0.9755364263521431
1 22 15 13 56186 0.9089091606011979
14 27 28 27 62040 1.0389733461302972
1 12 24 11 94817 1.0256458995990825
29 4 11 2 74802 1.0710671830286942
3 5 27 1 85374 0.9158861655827709
29 8 10 2 79369 1.0629846162041943
14 27 2 28 45069 0.9537548976802318
3 27 18 11 66104 0.9891421223191188
11 7 0 24 43825 0.9169502297585205
15 9 23 2 42224 0.9050644469453778
8 9 0 24 52977 1.0868585278947054
16 2 3 6 42190 1.0491589439252977
26 5 9 24 83850 0.9181982729667592
22 10 29 28 58124 0.9557981850896262
23 9 13 4 51978 1.0383178979266843
1 17 27 2 105459 0.9496195761702113
19 10 7 4 55958 1.0302153909391727
8 18 11 3 51697 0.9039903920275248
20 15 20 29 40720 1.0062667485506656
28 28 12 3 87047 0.9242967332979518
13 9 7 13 31856 0.9518466243342215
16 12 0 7 69120 0.9925142121334078
0 21 19 24 43866 1.0172122794275882
7 19 15 9 49262 1.0591119992196432
6 6 1 14 33150 0.9878417395272372
11 19 16 10 35637 1.0375331474048317
20 23 0 23 42546 1.0711161147808737
1 26 9 14 50400 0.9957817636485432
19 1 13 14 57448 0.9284821058962884
20 23 24 4 50469 0.9853518160369764
18 5 8 14 67205 0.9121578630914244
17 1 29 18 85049 0.9803151707023203
10 14 6 1 52292 1.060947509978155
25 10 16 25 62144 0.9511195938647916
13 8 15 27 49417 1.02708602515137
8 10 29 17 84869 1.0252243083702446
22 7 5 10 72561 0.9078209044544269
5 22 23 16 58618 0.931509963268935
10 19 21 4 68159 1.0096960254735736
5 18 21 12 71470 0.9192582329453585
0 11 13 8 62056 1.0293234322446814
4 24 10 1 54911 0.9996098516840528
5 26 11 21 28041 0.9503049906369749
1 8 17 5 66153 1.0406547284272627
18 17 29 5 71497 1.0727489592430262
9 21 19 12 52759 0.9354762514149122
6 26 8 16 34256 1.0773372954640088
4 25 29 13 78882 1.0875582999705662
4 22 12 11 36724 0.9530890260813039
7 8 6 18 36164 0.9335036919959072
11 28 15 10 49737 0.9579420954378938
27 26 17 17 50688 0.9784558738318874
11 25 19 3 69675 1.0171926905850948
20 10 29 26 64342 0.9852655608427838
3 7 22 13 82971 1.0263876603326643
0 20 28 15 91150 1.0328847114226347
3 27 7 20 32199 1.034256446502427
25 11 2 17 91159 0.9896359289030033
5 23 16 26 30439 0.9980544235044337
5 23 16 16 38680 0.9271873746637859
18 12 27 11 36503 1.0962151044650965
1 7 14 16 66590 1.0893991131076148
4 20 13 26 34683 1.0051258334045594
20 20 12 10 32846 0.9554225652946162
26 25 5 21 59397 0.9657852418343743
3 20 16 18 50086 1.0351998824079893
2 4 19 8 63732 1.0284341060815612
19 6 5 7 58745 0.9453094760032504
29 6 2 2 90892 1.0208034169361098
2 18 7 28 35783 1.0398744760960863
7 24 1 17 28048 1.0096333492720635
8 13 28 16 79512 1.086035484417872
9 6 16 23 52875 1.0342878337139583
9 17 19 26 41698 0.9861650290891518
21 13 4 2 76581 0.9199583211286582
21 19 5 13 63135 0.930955138558863
26 22 15 3 81337 0.9114823764115803
28 26 0 4 116518 0.902042310403253
14 14 16 0 48428 1.0582725311163548
22 25 21 13 39348 1.0168761228100218
9 18 2 11 46842 1.0049391802440573
29 11 9 4 86727 0.9127249940066603
3 0 23 0 48868 1.0479129024543867
9 0 4 20 55664 1.0416522629786966
21 4 20 29 61653 0.9903529246896721
12 2 16 12 43119 0.9424034047991181
7 24 23 20 38737 0.9420366091879427
16 25 12 15 23832 0.9246690627479005
14 4 4 0 31858 0.9225478090350944
28 3 23 19 60258 0.9271278757666044
22 28 6 25 45435 0.9524534006913288
26 25 9 29 62686 0.9967218462435892
27 0 27 26 75639 1.0344575683450734
28 28 16 13 67043 0.9952514211490756
5 18 21 12 71470 1.0689168380157639
26 1 27 27 76762 1.0030940762557443
6 2 9 28 71874 1.004138067430004
18 16 0 3 97197 1.0465626751860837
16 20 2 18 41626 0.9689807475664
29 12 19 2 54200 0.9786455299737811
23 6 10 25 66055 0.9443491341851762
18 22 28 4 69758 0.9591739724299911
9 25 1 7 54225 0.9797179146559157
6 2 6 17 42440 1.0008982962834125
19 14 10 3 55650 0.9336407486723449
29 19 25 5 57046 0.90198672761229
10 18 13 10 27548 1.054579254198872
9 4 3 22 58654 0.9394413613920172
0 1 0 14 50644 1.0610349300031887
29 4 20 0 49187 1.0407451714111757
27 11 13 16 61651 0.9642036141337099
13 24 17 9 38934 1.0135744076029685
7 2 10 14 47908 0.9451619805971243
24 13 15 4 55769 1.0135083233749438
10 23 2 3 56099 1.058795717356367
26 12 15 16 49254 1.0032656549481673
29 13 2 21 83556 0.9014917509236093
6 24 19 22 28651 0.9347567288850755
8 24 28 24 47078 1.0536910331124743
3 19 19 3 81670 1.015940275782577
13 7 27 0 74174 1.0259766886362323
16 11 18 23 46415 0.9050084062015741
14 18 9 27 35238 0.9292491658056531
27 18 20 4 52770 1.0250129188286454
28 21 28 9 34344 0.9416850270371673
10 9 21 29 55109 1.032520952553171
25 5 24 25 71260 1.0642769088988742
18 1 16 15 51274 0.9263696266050174
25 24 28 3 62081 1.027203663576843
9 18 28 3 97656 1.0790750159966944
26 5 13 8 65659 1.0975200925309638
12 9 8 20 33576 1.0552946862420827
26 15 20 19 32862 1.0149132923913715
8 16 17 20 36156 0.9036378239176052
0 16 12 11 56732 0.9234457676699704
13 28 19 9 57711 0.9582561917831068
27 22 17 25 41831 0.9767807471108694
0 19 16 13 69870 1.010587675490079
3 29 29 18 87793 1.0435654560336167
20 18 14 3 68214 1.0593957974296484
8 2 4 22 60611 1.0952672741856735
17 1 10 14 51966 1.0645108015595297
3 26 6 13 37184 1.0785781928710823
27 1 24 26 90744 0.9796352513344896
7 10 16 28 75124 0.9817231282773229
11 9 4 21 47165 1.043939597153943
22 25 18 3 71829 1.0431842622722716
17 22 9 26 32677 1.0027956682059556
3 4 16 16 70340 0.9267205058513553
1 20 14 13 55236 1.0470534178651918
27 18 8 15 66154 1.084017331604431
12 23 29 13 61829 0.9724142087987899
21 3 5 11 63944 0.9934876720243068
19 2 26 16 55513 0.930177890432609
0 10 25 13 106537 0.9120615256956712
0 4 13 0 41545 0.9395365471483652
21 29 15 3 75148 1.014173227382891
15 4 6 0 31788 1.0002087088346738
14 24 9 3 45557 1.0025966354074214
20 2 22 17 38367 1.0386584081034462
26 29 26 16 41400 1.0217185496610903
13 24 24 4 65997 0.9340114959328354
22 22 10 24 33412 1.0872914833972198
9 1 19 10 57653 1.0668125983867234
18 22 29 7 70599 1.0513065769173242
6 18 8 1 50600 1.0000674750106315
8 0 25 3 50410 1.0212459191043386
22 23 22 12 30495 0.9253297986274582
26 0 7 12 92126 1.0683074433200432
25 23 17 0 77501 1.0315073850316334
10 24 7 14 38187 0.9097862659441124
9 23 29 6 96538 1.0801256857691683
6 16 18 4 74108 0.9180073874782749
25 14 22 22 34956 1.00961609022251
1 3 20 4 58153 1.0879947216479005
17 3 7 29 73430 0.9312873679646722
2 28 9 23 32596 1.0090886233011094
12 16 2 12 43960 1.0849160951068058
2 28 7 10 63731 0.9658810562629345
1 18 25 4 103472 1.0181628350219913
25 6 19 18 50701 1.0948691455072368
29 9 18 2 53248 1.0541472310759668
5 20 29 15 77804 0.9772426590242038
29 0 3 2 90118 0.998630976512356
18 13 2 9 73293 1.0593244872975558
8 26 0 22 23919 0.9647254596410774
3 11 23 3 79200 1.012796338084053
9 29 27 29 62334 1.0638105509357088
21 17 24 1 38141 0.9342251086383924
12 28 18 20 25464 0.9623510405848293
29 9 9 5 77304 1.0621138951797695
29 26 25 15 44960 0.9095184491385306
5 16 26 11 92569 1.05903518588706
22 28 28 10 65109 1.039204918376871
27 17 10 4 74133 1.0941740026684534
18 22 14 4 63044 0.9068192904052084
26 9 3 3 83161 0.9877861884137801
20 29 26 11 61699 1.085621306906771
1 24 25 1 90998 0.9601485727227671
11 16 1 23 38106 1.0781082613812194
28 9 23 3 26988 0.9276758077727341
9 9 24 23 63967 0.9148109614336818
20 10 25 17 33394 0.9860980793883422
15 18 26 17 51709 1.0476381541339315
13 18 25 11 64579 0.9072069949654101
8 11 16 7 41601 0.9722858063663186
23 4 14 18 60523 0.9986796175784081
7 22 26 3 93717 0.9111539943786575
4 17 2 3 39710 0.900037829345569
6 29 29 20 69442 1.007201992568846
28 23 24 11 47555 0.9547144799900718
13 20 29 9 67022 0.9392746316424029
26 0 13 17 80963 1.0183095065691687
14 23 15 10 43366 0.990417516135687
19 15 1 5 80713 0.9862641857166446
9 3 25 2 57451 0.9326813019127963
8 10 25 4 74419 1.0984330086467657
26 15 20 21 27672 1.0238153393351104
13 3 23 0 46927 1.032799044350144
8 14 14 25 39926 0.9617276056338181
14 18 0 20 52114 0.9422126882214579
19 8 0 9 83875 1.0581929046207121
7 4 29 8 93936 1.0462698620084194
25 4 19 17 46041 0.9220291490891535
25 1 3 28 99934 0.9688987639220642
7 23 29 2 99786 1.0080320815317168
8 4 8 21 56578 0.9688829428139233
9 0 27 22 82407 1.0142446900417235
11 0 26 24 82957 1.0374738012843125
6 19 5 5 34500 1.0717883324525956
7 7 20 9 51340 0.9297644918360906
19 28 24 6 65452 1.050366312206868
26 5 13 23 82253 1.0470639443214724
7 21 20 0 84104 0.9825909153912322
8 24 17 14 44370 0.9920962848530246
0 25 7 4 61952 1.0303907233003904
1 2 16 11 62102 1.0690224357925142
18 7 19 26 67217 1.055486644660327
0 19 5 2 54296 1.0397923128036206
16 18 13 25 27918 1.0485906476709463
14 0 19 5 25760 0.9197020995116693
16 26 12 5 43903 1.0748817562856567
2 11 25 22 80947 1.0859775511153142
24 4 10 4 54475 0.9968544013869082
11 0 15 7 31426 0.9306300776032077
26 5 17 3 46317 0.9724299254871331
16 2 22 9 41169 0.9346041545907247
16 29 28 20 54954 0.9048365593836739
24 3 12 20 61548 0.9503683758314091
28 17 21 27 40122 0.9564814752482801
1 17 16 12 66254 0.9038762132799045
6 15 18 23 51369 1.0364163671880466
13 0 6 23 62529 0.9599528436565143
5 26 9 15 40100 0.9583949042427959
29 16 6 6 99671 1.0993883579054913
27 20 19 24 29356 1.0079393924973927
11 9 22 18 46465 1.0130760215183972
14 21 8 28 27303 0.9152396147140689
10 29 19 15 53448 1.0043657055562139
25 29 28 15 42157 0.9061492771689842
9 28 27 5 105172 1.0307501893764923
13 2 7 15 55664 1.0161389123778282
5 0 5 15 31512 0.9196797648103764
18 18 20 6 56983 1.0882525633719144
9 24 10 8 34052 0.9826260399417696
15 17 16 8 28941 1.0234286895257063
5 4 6 22 42995 1.0010517239795504
9 14 11 23 31794 1.0701678363439295
27 9 7 9 76064 0.9519818450156398
23 16 5 12 75333 1.0351504284762811
2 11 15 14 62289 1.0769328268027827
20 3 15 12 46080 1.0609201677321638
7 14 16 27 63301 1.015056815243475
16 19 11 28 30820 0.9396841888890162
22 25 27 5 75241 1.087893471320485
2 22 12 29 25453 0.9828590649456825
12 16 0 20 45137 1.0621822397821334
15 15 13 26 34512 0.9189623875485345
20 27 5 0 86777 0.900594286563473
10 6 27 28 78628 1.0775625078444981
8 11 5 3 32121 0.9484535783699204
2 7 7 24 41113 0.9283617705162441
15 15 24 23 49003 1.0178786603755685
4 14 27 6 106005 0.9024620710810498
24 19 1 11 86507 0.9312541605796759
11 21 28 8 76682 0.9338066755750657
29 22 2 6 102313 1.0292618548854802
22 4 18 17 42679 0.9011203468699583
10 10 22 22 57549 0.9096111066232277
15 0 8 25 62128 1.0232444361106956
29 1 16 7 62977 0.9528556804773021
29 25 10 21 61335 0.9788852227758649
12 12 27 11 59311 0.9379609858251932
12 8 23 3 52513 1.0767898593786385
27 24 27 3 60107 0.9119515424520164
6 1 16 0 23854 0.9359293498780056
16 3 1 26 72300 0.9645082582575594
26 26 19 8 68343 1.0986009964859356
23 13 8 29 64438 0.9860769271876075
19 6 12 0 32073 1.0487244554389208
2 12 12 20 43300 0.9078459086705032
4 10 5 24 36496 1.0888939459390323
26 24 1 10 83722 0.9163740968344443
24 7 16 26 70055 0.9949724314692847
13 0 20 29 83699 1.0736903105339484
4 10 19 28 73864 0.9955746917740422
1 0 22 7 57866 1.0308927991776753
1 13 2 0 31259 1.0700442654355626
3 1 15 14 68936 0.9120162371446388
15 17 27 27 54493 0.9294786296821327
18 26 0 9 80867 1.0513415379627498
26 28 2 28 78913 1.0950695366176284
2 26 16 24 26495 1.090307751867684
21 19 11 27 42918 1.05982462128366
11 10 3 17 53632 0.9460411008299694
18 18 0 22 62789 1.088584296050685
8 8 17 15 49627 0.9764503537276974
27 7 25 18 38233 1.0399609105140573
11 28 22 10 62667 1.0669656309700033
8 5 23 2 56127 0.9699671094575837
19 0 20 12 45861 1.0137612765704578
12 25 27 29 44442 1.0508783517446156
3 6 6 29 60065 1.0765811869534787
3 25 15 28 41042 0.9272422412585211
7 22 16 8 55113 1.046739331295665
12 3 14 19 41571 1.075206142855683
8 23 2 29 29724 0.984565136879078
4 20 18 20 45638 0.9165808008547035
5 6 16 21 58158 1.0839191977080196
19 7 1 23 71451 0.9694467197328097
18 17 11 4 50332 0.9035972251702532
19 13 1 4 82682 1.0111405536049896
28 9 27 25 41972 1.0720084807078138
17 3 1 21 82826 0.9516519390770489
3 4 21 29 88109 0.9304315950032377
5 29 25 11 90157 1.0496961603875588
3 10 12 19 54038 1.098813613850445
27 14 27 4 33091 1.013486732395483
28 21 2 11 83084 0.9860178637611356
10 23 18 5 66214 1.071182771156356
8 24 21 8 61063 1.0361437799196729
18 23 3 15 55517 1.0268645778439618
19 17 28 2 59822 0.9729451515399723
0 6 24 7 79239 0.9106392311682012
26 27 3 8 106104 1.0523690414931077
25 5 4 11 87868 0.9048869575167818
11 18 26 16 63119 0.9064046168851047
9 11 7 24 38642 0.9501214065835112
29 13 17 25 63800 0.9049298052262554
26 22 11 5 64772 0.9810360187964426
4 12 15 1 53611 0.998770718872736
20 14 12 0 64299 1.0772361598709124
27 18 5 9 84997 0.9390705241566211
2 18 7 3 51726 1.0085613567553662
25 9 1 7 85413 1.0999016028870043
26 26 6 20 69041 0.9089884093488904
28 18 19 12 45941 1.0157322226358534
25 0 18 19 65893 0.9620096968720828
28 1 7 23 98908 0.9745058285571955
2 1 14 4 36859 1.0108306815989725
8 1 15 17 55451 0.9807885505237087
24 20 8 18 50425 1.0053120564174158
7 4 19 11 59372 1.07073856367396
23 13 14 21 42863 1.0285793407280677
29 15 17 21 41835 1.0530388241399025
4 22 13 15 35800 0.914880743948054
17 8 14 24 45659 1.072873062893502
6 4 7 19 46661 0.9140534582018902
22 23 1 15 62747 0.9118102174190138
3 16 28 21 77920 1.0365642935179646
9 20 26 20 45511 0.95565908943931
3 15 26 10 97368 0.988405211398539
13 19 29 5 88140 0.952173709837627
7 18 19 27 58094 0.9681451257798961
24 23 4 28 59171 1.0687123196168056
29 23 26 7 50996 1.0577805376303053
18 19 13 11 40543 0.9605037036311341
3 1 21 6 59429 0.9144796123502158
16 26 25 10 68466 0.961317357215194
7 18 5 28 43407 0.9402040209066899
12 4 28 0 74988 0.9713196268912384
3 18 29 11 107149 1.0158246580488701
1 9 26 17 101379 0.988568955724914
5 23 18 29 43974 0.9191094505619138
9 8 13 23 38660 0.9333843159886503
24 14 1 17 87425 0.9387014257791055
18 24 3 22 29174 0.9765783503110508
23 25 21 15 36379 0.9995722943426597
27 13 14 12 47018 1.025274248536619
14 16 29 3 80684 0.9444638511676463
22 21 18 12 33261 1.06246429584484
22 15 10 12 47994 0.9273803041768268
9 2 10 26 55707 0.9189863671757269
19 1 24 11 42571 1.0885815749781795
8 20 21 9 65735 1.0075115361969802
7 8 14 4 41275 1.081123232589324
19 0 0 9 55930 1.0743363991567827
12 1 15 15 51757 0.9829758584566971
5 10 13 12 34899 0.9925299614767301
20 20 14 25 30260 1.0882883524042262
8 21 1 16 38918 1.028490167105233
24 5 12 3 55770 0.9305339854756173
24 12 4 19 79197 0.9740127589272995
21 26 18 8 58997 1.069707442593316
24 3 8 29 81792 0.9182323926664668
11 12 27 23 56731 0.9032507526752189
24 5 2 12 82231 1.0483646853151751
26 8 13 27 83915 0.9287358202633115
17 0 13 7 33210 0.9446877303911606
11 26 15 20 21829 0.9053129230680008
16 12 1 29 67425 1.001728290601018
24 17 2 18 70568 0.9022192554258244
23 10 14 26 60110 0.9917997755594034
9 16 25 12 72588 1.0212655576689122
22 27 16 5 77656 1.0483259973632855
20 17 14 8 47505 1.0229887608709127
16 18 3 27 42738 0.9134667622249677
3 9 15 19 67892 1.0842356526392116
13 24 2 17 29970 1.0211090420427962
26 24 8 26 44589 0.9865685057821645
16 20 5 12 47726 1.0252021893998051
10 19 4 3 61681 0.9729178876844807
20 4 17 29 78007 1.064112884831426
22 25 3 9 76349 1.0808465445704638
8 21 0 13 51141 1.0462501358902785
19 26 23 4 60164 1.011056019604578
24 13 23 27 54898 0.9197654344681451
5 20 20 16 61080 0.9482928778090568
0 8 13 20 65924 0.9429491638381311
5 12 26 23 72392 1.009410566858265
3 26 11 28 30809 0.9499278655919556
18 19 5 1 74830 0.9290709141730122
13 19 25 5 70248 1.0753032246801058
13 14 7 18 38761 0.9757053651612384
9 2 17 7 45231 1.0908807485699101
28 24 6 17 69641 0.9601841420556577
7 15 14 6 45429 0.9460583628585382
16 10 2 25 53191 1.0187356219549935
3 17 12 9 50437 0.962763762909838
1 27 26 25 71097 0.9774037576341905
10 5 26 19 67217 0.9894713151131438
7 19 20 25 50940 1.0119494172994514
16 19 19 26 30585 1.037088092463008
4 2 20 13 79443 1.0928394313197436
18 24 14 14 34883 0.9033836086294411
8 20 10 4 49314 0.9515171118980625
9 29 17 24 26877 0.9015372375199359
24 28 13 23 46919 1.0981024682844782
17 15 25 7 43519 1.0315321740677186
19 4 0 11 74324 0.9125236861423975
0 8 23 24 84336 0.9443982246413758
7 22 24 24 47147 0.9644980381886795
2 4 0 26 51741 0.992550692021299
14 18 3 3 68998 1.0232783072130696
27 18 10 9 63134 1.0092629675605749
1 19 15 11 63106 0.9876398467160757
4 27 12 12 38396 1.0346897073338992
1 1 13 10 53364 1.0721998403154855
22 27 26 2 72111 0.9470314885292666
20 0 1 0 31054 1.0276722670232545
7 21 1 9 56946 0.9699206925675284
21 0 20 12 38192 1.0961322070469677
1 7 12 21 56176 1.051870640209658
9 7 28 18 77061 0.9113305975709641
16 6 11 29 52458 1.018370635627175
16 29 14 8 54221 0.9598662655619131
26 25 29 11 48666 1.0989618897880082
20 27 2 12 70508 0.9617347154678096
19 7 29 12 46743 1.010481053243829
2 12 6 26 35849 1.0590303598701807
10 0 27 2 52304 1.0525017807951913
20 10 0 29 90023 1.070084477903266
1 28 20 7 89364 1.0892640109833926
25 18 18 26 50345 1.0764603208768941
23 15 14 4 59490 0.93404799761948
7 29 12 3 57135 0.9238157469379326
2 16 18 10 79974 0.940745542413953
26 6 1 22 103773 0.9095814165526814
7 28 10 2 61741 1.0512115661636896
23 7 13 29 69968 1.084795982350746
20 10 28 1 42580 0.9370933410436285
3 15 13 24 38475 0.9729649087650162
11 9 25 20 49692 0.9065173444278447
29 22 4 0 99935 0.9478971115002737
13 3 13 13 30171 0.9187007471873022
18 5 0 12 83371 0.9823744088990406
25 24 1 4 91319 0.9252955920606946
21 29 6 20 48061 1.0538658997037587
20 4 4 21 88314 0.9937111979933383
29 29 3 25 63959 0.935022297006655
2 18 25 12 83517 0.9115677410883947
7 29 23 18 59430 1.0615109479818912
14 17 27 10 58265 0.9925735565847892
24 29 7 8 81733 1.0764107872804274
17 21 21 29 25216 0.9990796359787204
8 18 12 11 28265 0.9728819286032149
2 9 14 0 37904 0.9113465365862659
23 12 27 20 31197 0.9830649304291545
18 26 25 5 74284 0.9592436661460159
15 16 3 22 47021 0.9800009976465358
1 18 16 21 51692 0.9808924120296305
3 29 5 21 24433 0.923139683765677
22 3 13 10 49995 1.0760324054149695
0 4 23 7 82982 1.0026108953462267
9 10 21 17 63975 1.05488514881075
0 17 29 24 86102 1.0375551691169376
4 25 8 15 38051 1.0043230925333444
19 14 3 27 63777 1.0837955818426417
0 17 9 21 54343 0.9114573294309957
19 27 11 29 34986 1.0403832692889476
2 14 26 23 71886 0.9345807972955631
28 20 1 3 105082 0.9002567478976511
18 6 17 23 69674 1.026668861060295
13 3 24 27 88214 0.9604883736272662
6 2 16 6 45549 0.9976957776098422
20 2 12 7 47452 1.034263195030071
8 17 22 2 77391 0.9071075562489284
8 18 10 5 43819 1.051636820337672
2 21 17 21 45048 0.935842276855667
26 15 18 2 56459 0.962223299055272
21 4 29 8 42977 0.9943191555331357
18 0 8 18 70252 0.9325473697404094
9 12 16 15 34061 0.9110878008149781
13 18 29 17 60588 1.0086985914117805
5 29 17 16 61307 1.0640479439898867
27 6 1 19 110272 1.0261416659237348
15 22 16 7 50700 0.9610005485241676
20 22 29 17 39182 1.031531464172828
7 18 21 2 88292 0.994857189229227
12 27 7 8 50580 1.0900578412119244
2 4 29 6 95027 1.0937291760199903
19 21 17 13 35675 1.0256252351563961
25 18 5 13 81161 0.9996499061736678
11 22 29 10 74736 0.9499722114554772
5 25 16 20 26794 1.0536906546205829
4 4 21 14 81726 0.9823904690328186
10 22 7 4 51356 0.9096582836157722
11 24 4 4 54051 1.0649960446865412
2 4 3 13 23339 0.909560993777334
16 1 0 7 48076 0.9660146183139865
20 11 13 29 61965 1.0239766086454156
6 29 29 4 109692 1.057664298395186
11 0 16 24 53822 1.0874743949621017
19 12 9 12 38213 0.9339871974212594
1 3 25 15 93578 1.00502079890573
28 16 21 7 40848 1.077761487162919
9 5 26 25 79447 0.9298153234985376
4 6 8 13 30482 0.9864811525772121
10 26 3 22 20962 0.9339036591489238
8 7 15 12 33993 1.01822468940284
6 28 14 3 62484 0.9094007073147414
1 5 5 20 43720 1.0329589255613245
27 23 16 10 59287 1.061754137322379
25 5 5 17 94973 0.9646810726480384
3 12 18 12 57450 0.9177064142300867
18 16 25 5 52581 1.0305122024870044
3 11 24 16 92827 0.9350463076098912
14 3 27 21 74419 0.9831073222670497
26 24 5 14 65606 0.9918078419431435
8 17 29 14 81066 0.9204699883347207
3 6 28 20 90348 1.0264004570839198
23 12 13 18 51238 0.9661888226755686
22 8 29 25 57851 1.0252449809292992
6 8 11 3 32134 0.9606906921297588
18 25 10 15 39648 1.0122473849927252
15 12 4 1 54976 0.9987402552496322
0 28 22 23 59267 0.905939927892937
16 22 25 13 47660 1.0738095133015806
13 5 13 15 21718 1.0386585500455412
16 25 25 22 41065 0.9238363224629133
19 5 21 26 61149 1.0617805773473268
13 15 8 1 45076 1.0503552992548058
29 15 4 22 78957 0.9976723472361166
6 29 8 3 69314 1.0269318910625305
25 20 4 20 62075 0.9469896100323121
17 13 4 29 70638 0.9162240013431576
10 20 15 7 34041 1.0932735366712119
27 25 6 18 66237 1.099350195614035
16 9 26 14 47875 1.0206334239338823
1 19 21 17 67679 1.001507990814968
28 27 1 6 106998 0.9498369312680397
1 5 8 27 55849 1.0151480669425144
29 25 27 6 61208 0.9191533454250378
20 8 15 24 58926 0.9301052440805521
4 20 7 1 60936 1.0027253288574889
8 9 4 16 33655 0.9837864856838416
13 17 8 4 37846 1.0564383591985134
18 5 19 25 75131 1.0570265812180533
24 29 12 23 36638 0.9680075209620931
16 6 2 19 66180 1.0847561827797105
26 10 18 20 42976 1.0664563886314897
15 19 3 15 56293 0.9621897876845424
14 22 22 15 36818 1.0528738569688476
8 24 19 13 51137 0.9233525578714623
5 26 28 18 68812 1.0672449497348653
20 10 10 3 50414 0.9460500091115744
2 15 23 13 81734 1.0377505049963522
12 5 9 19 33061 1.0735571599816411
24 27 13 0 100068 0.9800027822267723
18 7 13 27 59648 1.003528860160797
13 12 11 4 22992 1.099996498607552
24 17 18 2 57138 0.9674058875796293
8 14 23 28 71420 1.0458370520505833
7 10 27 10 82155 1.058209783145885
9 2 1 11 49674 0.9747989842788911
3 25 9 5 51965 0.9403905454578879
18 26 26 21 38236 0.9701183283184163
27 0 26 23 70765 0.9610989075486289
23 16 10 18 49166 1.0554061303796438
9 20 6 7 53270 1.0951606565395906
25 11 6 21 79585 0.958184455952034
6 13 13 7 37027 0.9010639166638436
27 29 14 11 70206 0.9278032715450483
6 28 0 15 45778 0.9282835433408942
1 11 29 28 98403 1.0682774738393208
20 5 10 2 44660 1.0913131391209236
28 17 9 1 91548 0.9933734714899805
1 0 14 23 67450 0.9565832727097425
26 18 14 11 63048 1.0844090880962511
28 3 4 14 101791 1.040822071243692
5 24 19 15 48168 1.0765983042080245
22 5 11 4 49427 1.0044173691536509
22 5 7 7 64169 0.9212239252994424
6 4 23 1 59046 0.909816607780146
9 29 24 11 79418 0.9451397993000995
22 2 13 8 51921 1.0742595720517776
4 18 29 0 120527 1.0072331726281467
14 1 13 25 57083 1.013055133262333
8 4 9 20 49689 1.0426810529957409
22 4 3 25 77634 1.0039403628224197
19 22 10 14 42485 0.9917483689108294
27 19 11 2 80429 0.9572039217576325
16 24 1 8 57972 1.0191157679294545
3 22 14 21 32710 1.0353304501876102
23 16 13 27 57466 0.9406118951412304
25 8 5 11 82165 0.9240866004651583
22 26 13 6 61151 0.9311254516342502
14 14 3 13 54705 1.0395553383595981
1 0 29 22 104495 0.9209865063698549
13 19 3 19 42619 0.9596107766259078
11 15 11 1 42620 0.9289060122773821
22 21 11 11 43622 0.978060375289643
15 3 4 9 54944 0.9100757242215766
3 7 17 6 63047 1.0946277067351258
1 22 24 0 96099 0.9981239846356419
9 16 18 15 43608 0.9648799711305127
0 6 2 21 35767 0.9866932729090517
18 25 8 21 34565 0.9952444053098289
29 17 1 20 86979 1.0374535960262625
16 1 5 16 54386 0.9183082186770781
23 23 7 12 64782 0.9821296844559828
28 16 18 3 62607 1.0790836361326301
13 7 11 26 35795 1.0319201667996718
29 2 26 22 62374 0.913101724400773
23 29 0 23 54705 0.9648667511668151
16 3 27 9 54132 0.9992343988505149
11 12 6 25 30978 1.0301820084340025
9 8 22 29 66367 1.0221346462385057
27 11 27 26 36391 1.0617654256275098
1 26 18 15 57975 0.9214160013361435
23 1 21 11 27013 0.9655567406050871
28 5 23 10 29874 0.9518462820158117
21 14 11 25 52631 1.0827166411873217
10 4 18 7 37015 0.9447925639252391
16 22 1 13 59846 1.0638814202286508
11 3 11 16 37221 0.9600958291931749
9 25 2 12 40177 1.0147261378573234
25 22 9 9 65373 1.0773825144138776
24 20 15 9 52486 0.9619433960239074
23 11 26 1 29838 0.9223932607024369
1 8 27 13 104954 1.0178299759546823
27 14 16 13 40167 0.937924456659856
14 7 7 22 48928 1.0034011854139337
18 3 23 18 55164 0.9465397958304377
25 5 19 28 74977 0.9750231037796488
22 2 19 12 31817 1.004365073331615
10 22 2 15 34396 1.024933833035571
7 6 16 29 68285 0.9999310401668906
29 22 16 14 54781 0.9871768223841795
18 29 20 3 76436 1.03554582041476
29 28 2 16 83553 1.0626890607783392
21 17 23 26 37425 0.9201302840184958
2 14 17 24 41803 0.9733919303110995
29 4 9 2 77099 1.04032508637577
16 9 29 6 59026 0.9720027115044634
23 27 20 2 77030 1.092641309935344
22 0 20 20 45720 1.0739073014825757
4 21 24 20 57971 0.9648219208914438
4 3 15 16 69471 1.004116073889307
14 0 8 23 61866 1.0193840202627162
11 3 19 0 27265 1.0036857806613972
19 17 12 8 40730 0.9225117444572198
12 27 19 12 46768 0.9031465097136265
18 19 1 25 50866 1.0578953484689073
28 18 12 28 58357 1.0191746225094895
15 6 11 12 28970 0.9152977721720063
25 15 19 8 35775 0.9566767224317062
28 16 6 1 94321 1.0720483268752714
14 25 28 12 65843 0.9186166493581739
21 25 17 9 54474 1.063607310533405
10 28 25 20 48998 1.0835375538993048
21 6 18 26 65210 0.910583565389879
26 28 0 14 92687 0.9354753718172929
16 12 6 12 38313 1.0139481220596887
25 9 13 14 59499 1.062527268915132
26 12 12 10 55714 0.9683355638674747
1 24 27 7 88794 0.995341693222519
7 2 7 22 66303 1.0509782250184432
12 19 27 2 76057 0.910945376948396
8 9 18 28 71660 1.0003632011595105
20 24 8 18 42225 1.086496508676567
9 9 8 19 38254 1.0538455353116132
7 12 18 22 59531 0.9073272750985476
27 17 15 2 79649 1.0938062684641792
21 25 2 24 36033 1.0343611056746984
8 24 15 15 31368 1.003536794176365
13 7 12 16 16201 1.0932154730528088
4 9 4 28 54852 0.9218947897859614
6 0 10 13 42248 0.9491648456198825
22 17 17 2 55329 0.9794204727918294
22 9 15 12 32576 1.0039249751840753
27 8 1 16 105247 0.9879433302449184
24 12 5 10 76590 1.0902957352694942
22 5 1 17 92262 0.946709779613429
0 26 0 1 71731 0.9622349666002539
9 3 2 23 59318 0.9859666295971263
27 13 2 16 88549 1.044553795582232
0 14 13 19 57227 0.9667556015945541
1 25 14 19 36550 1.007326837594355
25 20 14 26 43401 0.9354795656754828
0 2 7 16 60880 0.9355303825553674
9 9 23 18 61809 1.0736128227994204
24 13 22 25 41880 0.9383273085660238
6 9 18 5 68214 0.918808447852603
20 22 0 12 71926 0.9625781398377039
14 19 27 14 49560 0.9718723229703937
19 19 29 20 27368 0.99006468343695
22 25 6 24 35655 0.9845864136271243
29 5 11 10 84956 1.0070713605472992
5 16 24 24 55294 0.96262513477261
22 29 24 1 63072 0.9508904977112668
21 12 16 27 64393 1.0582255355762025
10 23 25 8 70372 0.9652739152828371
1 14 24 27 88521 1.0126134649343932
24 14 20 5 45954 1.0478594636824068
8 23 14 13 34363 1.0273101018162007
12 1 26 25 93077 0.9407951093780923
9 0 28 10 68405 0.9285509459154763
26 10 7 19 81880 1.0270708709089587
8 0 18 16 69230 0.9894243632482331
1 22 23 6 86055 0.9204758036591636
11 18 13 8 27699 0.9115853570906925
18 1 17 20 68121 1.085149019468726
0 16 16 24 45376 0.9120362386376173
27 3 15 22 79197 1.0540759822538994
28 23 13 27 55343 0.9419820356105424
25 5 11 13 67450 1.055200373406463
14 3 13 28 55443 1.071917037667095
11 8 6 17 43088 0.9620782235012759
9 25 20 22 36835 0.9110174977005311
16 20 22 25 30485 1.063467202867587
14 21 3 29 42065 1.0128871904558157
6 21 18 12 55612 1.0378677348551069
22 4 12 4 43359 1.0792457531043862
26 26 25 2 71727 1.0740304234195406
27 3 15 13 65451 1.0888342074297064
8 24 10 12 29383 1.0149550456887444
22 14 10 3 64326 1.0376496233184906
1 18 28 9 105208 0.9508421229436319
17 2 5 13 51811 1.0036983102251793
28 28 7 6 94000 0.9614588481103412
13 1 26 17 80338 1.0887348503721213
0 24 14 15 38197 0.9131636695206531
20 16 26 4 46559 1.0974202763678844
28 28 23 17 44231 1.0745777544293142
2 8 13 21 58517 0.9095202122898366
27 24 22 16 28324 0.931764213200602
12 7 9 16 30082 1.063584089786134
11 9 29 14 73966 1.0735613484732496
14 29 19 10 63651 0.9266558501923995
9 28 1 7 61389 1.0625417636416046
14 12 0 22 49704 0.9295225622108911
21 27 21 4 54147 0.9333562859172475
6 9 28 2 88252 1.045330031005907
3 24 0 5 46862 0.9786132499509916
17 13 29 29 74734 0.9395791069117672
21 10 18 18 41685 0.9648314340608062
15 0 21 12 49015 0.9639906236184542
0 11 20 16 91311 0.963900185136854
28 11 18 25 63124 1.0062202313154518
21 28 15 22 35548 0.905847437767258
22 4 13 0 32177 0.9022247937557992
10 0 14 20 46321 1.0052881035292567
5 9 9 18 39222 1.0047654834383775
27 23 8 3 83149 1.065405231139383
4 21 27 4 101936 1.0559557791509233
22 23 7 27 44280 1.0963020762079183
27 7 9 9 70826 0.9292735227736527
5 4 6 16 29754 0.994334398263939
28 17 18 10 50800 0.9828479450013354
7 17 1 6 43017 1.0397896502983812
25 2 18 22 59452 1.0065465223889443
6 11 7 27 45437 1.064836920855394
7 28 7 8 63809 0.9473113106932757
7 23 19 2 79254 0.9258065149527085
0 12 11 11 46624 0.9617712960619514
11 17 5 12 35705 1.0048795419439691
5 7 1 14 31216 1.0774084653844023
14 24 25 6 70070 0.9843570143547694
14 25 7 21 30788 0.9684945176579137
22 12 4 14 74546 1.0673583196259149
4 15 6 29 40043 0.984563932380539
5 5 21 20 67292 1.0759716184644106
20 9 25 29 60052 1.0137118460495462
17 26 12 14 34175 0.994652185761436
6 13 16 16 51344 1.0354779463818944
11 9 0 12 50685 0.9306139911412459
14 29 15 14 46480 0.9933028233159793
12 15 6 11 30309 1.0198171487380765
26 11 17 21 49312 0.9451370723538662
2 29 18 25 51174 1.0748225633378656
29 7 21 18 56509 1.0041474328281887
10 23 26 28 53101 1.0838923751767424
27 0 3 0 75644 0.9727654341274273
11 22 21 25 29640 1.0088293472167051
26 12 28 4 27855 0.9823429629139857
11 28 6 7 59516 0.9334536701903315
10 8 14 24 32343 0.9838610770574653
5 8 17 28 77597 1.0050676901008246
24 14 4 2 86439 0.915461058983163
14 5 21 19 57427 1.0750243111878064
0 7 5 16 38452 0.9966531563632448
14 18 6 5 49534 0.9225438492559423
27 8 22 0 34663 0.9704472538305093
4 9 24 17 87565 1.0277456098670394
6 4 14 28 69269 1.0143869275664104
13 3 25 23 74140 0.957882336755189
6 23 22 5 71230 0.9861551384079389
21 6 8 5 56790 0.9214306683650584
20 9 0 22 74385 1.0006521630630048
4 9 23 25 76882 1.019796551212031
16 10 25 8 37866 1.0831468056382796
12 16 20 3 56507 1.0487069784524263
18 7 26 10 35283 0.9286486339804073
19 8 29 18 61193 1.0908526516790271
27 24 29 15 27928 0.9617905153304619
0 11 20 8 89443 0.9553923261512183
21 4 5 18 81832 0.9453815278683168
29 19 10 7 73644 1.0830679416577258
5 18 9 11 32563 1.048847100748819
14 26 25 11 69621 0.9586648112331861
12 21 18 1 62599 0.934398580841201
2 22 23 0 90834 0.998550365369868
5 28 20 28 59653 1.0720543580171735
20 20 22 12 21173 1.0716305096149048
7 1 12 20 54862 0.9158204360108129
29 6 14 29 102611 1.0311423676524614
20 24 3 21 40821 0.9871685863658263
6 24 16 4 55411 1.0451452789118807
11 10 5 5 36648 1.0411696687493128
4 13 29 10 98900 1.0495900186549671
29 18 25 8 44193 1.0237162796839872
8 3 28 15 88234 0.9900256824266609
9 13 25 16 69561 1.093776252518375
27 11 7 0 71054 1.0636989945217072
17 19 19 7 50872 1.0450321961512283
26 29 2 9 84753 0.9499656781459664
25 11 1 22 88064 0.9159326653335662
4 29 21 0 100992 0.9942645461208962
28 14 27 25 29986 0.986783745904507
14 7 3 17 61463 1.0847145904945865
5 6 7 15 27612 0.9192991339456543
19 23 9 19 34420 1.0331486346932588
20 25 23 4 55066 1.0843152931211557
9 7 24 8 58737 0.9786618543388663
25 23 8 21 50452 1.0794912497216542
20 12 29 24 50007 0.9290310152412345
13 7 11 28 39603 0.9988144228351299
2 15 19 24 46005 1.0912730728286184
15 15 25 29 60290 1.025350300910648
14 6 17 16 43667 1.0474018438609964
14 17 29 3 81310 1.0908800035867434
1 3 13 17 66115 1.0612851267843908
7 14 25 3 86948 1.0110130280675282
22 7 18 16 36160 0.9997805087734427
2 27 18 21 50524 0.9338129461787267
27 14 3 25 71654 0.9301042822550781
19 28 10 0 73681 0.9212045811493959
26 15 12 21 47252 1.081648295630196
10 12 21 14 48516 0.9705578748883175
21 20 6 15 55879 1.0380362550844824
9 22 18 20 29683 0.9402706014008955
12 3 0 0 33415 0.954222183550721
