6494 4181 4403 3103 4567 3940 3878 3532 3497 4759 2879 3777 4790 3450 3910 2996 2983 3272 2754 4728 3495 4566 2614 4180 3245 3043 2324 4150 2848
6234 5332 4684 5252 6447 6574 5033 6624 6417 6046 6149 6976 4554 5079 4908 4585 4546 5267 4776 6801 5323 5069 4981 3101 3630 3324 2188 4206 2754
6917 7860 7128 5551 5507 5879 6143 6205 6407 7415 7949 6703 6202 6139 5741 5400 6321 7311 6633 5468 6585 5402 5684 7863 7545 5334 5211 6124 5241
4888 3740 3951 4118 3546 4374 6151 7143 6764 7157 6248 6993 7197 5893 5693 6682 6298 6385 6633 4898 5926 6628 6641 6226 4910 7387 6915 7089 7418
7712 6286 7929 5950 6628 6726 8002 6940 7581 7011 6597 7826 6156 7204 7750 8233 7117 7637 7947 7485 6155 4685 3349 2836 4515 5445 4989 4900 4896
2260 4123 2022 2836 3853 4560 2878 2795 3099 2554 4302 4380 2392 3841 2136 3150 4114 3925 3748 3600 2096 4361 2835 2322 2302 2053 3064 6069 5721
4400 5972 6050 5649 3942 4154 5514 6389 4934 5275 3628 3410 3208 2564 2366 3320 3428 2590 4109 1908 1924 3441 4313 2652 2531 4177 3368 2252 3821
1861 3305 2031 2277 2119 1285 1855 2749 6240 3694 5683 4759 4384 5805 4878 5150 5039 5995 4997 4421 5267 6255 3904 4500 6298 5112 6117 3868 6240
5462 3709 2189 2470 3298 1550 2642 3394 2316 3750 2458 2607 1758 3805 3475 1795 1983 3065 4005 3387 3461 1770 3448 2872 3999 2083 1983 3437 2867
4568 5215 4370 4398 5509 4892 6435 4730 4824 4248 3458 5240 3991 4855 2889 2639 4382 5242 4571 3395 4692 4670 2954 4595 3842 4377 3209 4385 4918
2744 2369 1569 1689 1970 3360 3863 3549 6572 6394 6053 6979 7199 5781 5488 6734 7436 7000 5616 5297 5306 5455 7697 6205 7340 6687 5340 7180 5952
4521 4010 1986 1780 2993 2234 3376 3894 2435 3758 3256 3189 2427 3059 3520 3972 3098 3578 3839 3681 1738 3811 1853 2548 3009 2784 2216 3112 4133
4280 5242 4158 5252 4402 3431 3072 5151 5015 5040 3526 5240 5301 3430 4248 4883 4516 5404 4126 3925 5080 4309 4613 5055 3736 3826 3833 4457 3057
8551 8790 8518 7873 8800 6595 8179 8620 7504 7894 7277 8519 8165 8785 8254 7024 8820 7740 7806 6870 8206 6115 6501 7569 8260 6824 6432 7695 7803
4095 3847 2258 4017 3525 4333 2233 4565 3833 2416 2338 3480 2523 3163 3792 2591 3120 2349 2722 2761 3945 4005 4022 3679 3415 4200 4427 4360 4038
6003 5243 5353 6724 7375 5743 7537 6360 6335 5721 6114 5458 5433 7538 7369 6273 3900 4452 3940 4428 5475 5984 4666 5342 6243 4553 4370 3934 4868
4127 3832 3139 5208 4670 3700 2915 6606 6779 6033 4643 5899 6259 5158 6066 4896 5091 5751 5776 6215 5575 5921 6462 4414 4391 6050 5883 6814 5094
2554 1625 4010 3738 1560 1977 3878 1609 1657 3892 2995 3477 1844 3737 3628 3790 3088 2263 1926 2998 2017 4121 2278 3144 2380 2541 3429 4572 3153
1465 2766 3526 2519 1860 2917 3589 3329 3721 3783 1702 3315 2325 2527 3174 1547 2434 2151 2078 1922 2489 2024 1324 3197 1626 2761 3575 3115 3624
3634 4491 3896 4324 3428 3920 3476 4743 3991 3732 4689 3765 4784 4465 3935 4168 3544 5526 6232 5401 4246 5465 6084 4096 4038 5518 5657 4761 5049
4536 2474 3730 3725 5100 3908 2893 3283 3817 4752 3144 6640 7892 5524 5966 6047 7823 6975 7652 6004 7301 7284 5550 6146 5713 6950 5541 6355 5785
4780 4465 3189 4376 3204 2595 4356 4501 4281 6207 6982 6340 6693 8227 8047 6591 6424 8258 8162 7099 6966 8306 6454 7960 7066 6349 6199 6428 8049
3444 3326 1674 2154 2170 3740 3246 4145 2441 4196 2574 2015 2609 3351 2290 3932 2063 3648 2817 3731 2984 2714 3934 3569 5534 3536 4738 5904 5118
3220 5312 4647 6256 5359 6790 6560 6158 5635 5337 5682 5275 6513 5287 6343 4451 5998 5826 6111 6825 6500 6531 5925 6262 5682 6712 5829 6068 4522
2573 2658 3388 4372 4351 2768 4298 4312 2763 3794 3261 4217 3373 2498 2375 1984 1859 2474 2435 2129 4349 4002 4259 1886 3087 1961 3609 4195 4127
7832 7499 6749 7097 6847 7580 7904 7250 7241 7176 7186 6905 7997 6730 3707 2398 4314 3851 4860 3340 3449 2371 4246 3607 2383 2386 3941 3196 2711
6792 7539 6153 8028 6277 7554 6702 6468 7526 6506 6067 7162 7870 5940 8497 7290 6372 8052 6669 5829 6385 5581 5990 5976 7607 7828 6226 6795 6302
3042 3714 4954 3381 4250 3987 3818 4622 2889 4775 3333 3235 4961 4858 2742 5257 4002 3217 7840 6171 7106 5887 7655 6816 7606 6606 6333 5332 7869
6533 8905 8083 7119 7944 6471 6472 6521 7977 8721 7666 6706 7531 8622 7579 8658 7017 4967 5282 3579 4095 4753 4351 5005 3266 5158 4997 4992 4296
1581 2630 1348 3528 2701 3134 3227 2920 2650 3190 3932 3569 2996 2062 2623 3239 2097 3355 2150 2304 2967 3274 3486 2472 1944 4136 1618 3333 4160
8011 5981 4463 2591 5898 6068 7901 3722 3904 3662 3853 8613 4668 3700 4310 1904 3429 4921 4908 6158 5794 2967 3835 4126 3962 1961 1771 3109 6528 3419
6072 5504 2440 2553 5654 6906 7547 2549 3668 3044 3586 6629 6141 2846 1922 2927 1297 5278 4375 4300 5344 2786 1402 3058 4972 2530 1605 2332 5922 3272
7003 5623 3228 3877 6769 5711 6057 3947 3309 5414 4144 8216 4084 3802 3929 3351 2813 7244 3905 5644 6657 2375 1538 3299 4704 1539 1119 2857 6172 3543
7765 5097 1459 5036 7026 6310 6935 3491 3670 4721 4350 7425 4169 4245 4007 2753 2442 5134 5964 5954 5987 2774 2102 1923 5808 3055 2649 1812 7232 3050
6330 5308 2514 4208 6143 5412 7642 2298 5530 3985 5559 7926 5669 2862 2320 1393 2345 6968 5569 6250 6245 2103 1976 1629 5854 2805 2467 3305 8009 5181
7895 6737 2015 2953 7530 4888 5427 2957 4219 2836 5871 6968 6393 4451 2154 2057 2340 5946 4561 5233 4642 2733 1389 3351 5313 2633 1495 2697 7999 3280
6341 5046 3343 3293 7690 4156 7226 2685 4895 4709 5914 7632 5645 4862 4111 3334 1065 6039 5156 4242 5899 1959 1781 2636 4061 2482 3162 1613 7123 3521
7298 5032 3282 3084 5558 6736 7964 2802 5511 4532 4327 7022 4198 3537 2063 3084 6021 6563 5835 5001 4970 3474 1472 2890 6384 1486 2419 1403 7535 5024
7017 3153 1191 3756 5823 5984 6092 3561 4513 4923 4432 7808 6543 4662 2942 2988 5129 5973 4923 4785 5327 2626 1501 2666 5821 4038 2446 3768 7764 3886
7511 3975 2977 2548 6844 4688 5966 3369 5590 3784 3638 7735 4910 3288 3691 1844 5767 5329 4043 4732 6890 2333 2529 2443 3978 3170 1542 1220 7206 3502
5587 2989 3412 4013 6321 6235 6103 1896 5432 5206 4557 7279 7199 4407 2002 2710 6639 6750 6292 6146 5437 1514 3316 1832 4458 3586 1507 1619 6469 4231
6872 3989 1801 4871 7566 4355 6761 1555 3792 4351 3843 6419 5572 2597 2976 1495 7598 6107 5656 4557 6650 2354 5729 2777 4625 2677 2570 3290 6922 3600
5632 4587 3427 2837 6344 5758 6817 2085 4960 3508 5303 6399 6931 3363 3233 3246 6595 7208 3946 5405 5152 2431 5739 5136 6114 3538 3171 2335 8326 4998
3543 4348 1114 4607 6199 4526 5501 1910 3592 3555 3607 6152 4911 3470 4299 1847 5742 7016 4100 5937 4618 1713 5180 5443 5149 4030 1741 3653 6326 5111
2601 4865 2256 3887 6071 5164 5662 1845 3823 3187 5103 6536 5556 2916 3715 2656 6299 6210 4244 5370 4062 3787 4394 5438 4164 1589 1704 1179 7641 3374
4347 2971 1784 3159 7413 4180 3315 3226 3628 3002 5722 6467 7204 3366 4191 1245 6964 5906 5347 5198 5126 3475 5116 7085 4409 2221 1056 2883 8562 5471
4324 4887 3110 5060 7425 6466 1832 1382 4014 3910 5969 6411 4767 2407 2302 1735 5800 6670 3998 4237 4441 2293 5720 7058 4086 3962 2011 5828 6554 4770
2794 3094 1865 4862 5583 4477 3401 3646 5218 4962 5988 5899 7176 4275 1986 1239 6480 7021 4849 5815 4191 3218 3964 5596 4585 1564 3423 7488 8468 4309
4170 2950 1068 3052 7758 6293 2180 3304 3358 5365 4006 7036 6706 3270 2304 3420 5388 7017 5556 4834 4415 2346 4491 5951 6315 6439 4692 5999 7358 5205
4846 4887 1560 3280 7616 5742 3735 1974 5251 4033 5995 7729 5045 4971 2864 3317 5260 5780 3907 6504 4693 2009 4677 7105 3966 4474 5025 6027 7085 4615
3787 3194 2103 2687 7969 4910 2787 2441 3566 4790 4398 6359 4903 2848 5083 1890 7369 6812 4136 5514 6397 3025 4845 6207 4003 5357 5499 6466 8132 4685
4789 3300 3693 3482 8953 4193 3650 1730 3747 3418 5107 7076 5183 3880 5317 1963 6614 6609 4592 3436 4159 1164 4457 5085 4257 7048 4824 6200 8355 3996
3118 2747 1865 3637 6413 4477 2316 2805 3898 3354 4805 7701 6714 3884 5176 3494 6638 6880 5644 4581 5283 2367 4692 5412 6466 5464 5963 7596 8527 3514
3683 2531 2134 3390 8157 4512 2836 3197 3828 7064 4100 6999 6976 2015 4072 3404 5582 7211 6263 3403 4128 1813 4737 4816 5978 4954 6002 8123 6998 4631
4842 4146 3344 4591 6509 6013 1798 2422 4720 8593 3788 7109 7043 3223 4203 7522 6971 6375 4887 3546 5371 1267 3729 5309 5362 6340 4030 8217 6609 4387
3767 3529 3279 3963 8497 4847 2445 1746 5840 7232 5518 7513 5645 4115 5381 7736 6345 7123 4207 4680 6039 1342 5111 5402 6559 5223 6633 7973 7291 3618
3562 3489 2277 4359 7284 4654 2060 3365 4719 7379 4760 7475 5656 2709 5155 6721 5892 5810 4026 4209 4939 2913 4893 6191 5918 5219 5229 5948 7644 4565
4448 3688 3550 3958 6670 5247 2614 3412 4006 8449 5148 7846 5344 2415 4598 6101 6770 7529 4172 3988 4300 2174 5887 4931 5392 6492 4599 7679 6853 3283
4633 3388 3367 4942 7493 4605 2460 2474 4067 8477 3680 6139 5791 3112 4946 7756 5291 5838 2144 5146 4708 1870 3454 5778 7464 6656 4256 8113 6963 3451
24 12 11 1 65124 0.9284717333914293
6 25 20 17 57512 1.0169310871699708
3 23 29 24 70065 0.9266637639343412
1 5 29 11 98373 0.9080778972176259
6 6 24 3 56727 1.0399275712413552
23 9 7 23 75459 0.9367846473050319
7 24 11 12 45890 0.9366882301211544
0 11 27 20 95708 1.084908449495015
22 18 27 28 52044 0.9772196663012044
24 13 18 8 35656 1.0759583907367454
9 0 18 11 50975 1.061112863131756
1 28 25 7 105704 1.093671016356372
3 19 25 0 115275 1.064667433442815
24 14 6 13 52216 1.0994881264313876
10 13 5 20 39578 0.9230704188121711
23 6 4 27 92533 1.044737446796015
15 24 24 8 69860 0.9751595545132429
20 2 1 15 78690 1.0955589131142167
1 22 29 1 117205 1.0353058452940989
24 25 22 4 66372 0.9706218148024413
29 15 17 14 45564 1.0501753381051337
15 3 17 12 33002 1.0949023533991153
27 26 7 20 75021 0.9270397263857313
16 8 1 12 71690 1.0423774884998087
25 26 6 8 92553 1.0142521003219853
22 12 3 5 74053 1.0334230006901473
21 15 17 27 36953 0.9359227223154618
10 0 1 13 61009 1.098486532188018
12 27 27 3 98057 1.087735394148386
27 15 3 9 95135 1.0148708153072663
7 15 14 5 47589 0.9935859096538276
18 9 23 16 35006 1.0849869064890805
0 25 27 4 118638 1.026039469633992
8 20 23 0 90447 0.9322513312878222
20 22 8 25 39251 1.0554929325285893
0 1 12 6 49050 0.9310705662239603
7 12 2 22 41508 0.9688223862801448
24 13 4 15 53003 1.0170101037428336
15 16 19 3 48305 1.0679674036516402
0 0 22 0 71396 0.9996069882745
1 23 25 0 116126 1.0310599381816636
27 10 0 2 91402 0.9041277439584877
17 23 15 3 64337 1.080383626726431
11 20 24 5 76122 1.024880761879023
15 29 9 9 80788 0.9105901948846428
21 10 27 25 62623 1.0558433881564773
1 2 14 11 54896 0.9230416906959099
8 22 27 2 98312 1.0529100512196787
5 13 9 4 41279 0.9230915858826821
10 0 12 23 73345 0.9530780687590217
19 21 22 4 57448 0.9657983496800666
25 4 3 21 105728 1.0132553971969922
27 25 10 28 72584 1.0165936965745173
9 6 21 5 40902 1.0923464616582679
2 27 12 4 89507 0.9029384573549865
15 29 2 15 72073 1.0639035853203487
28 4 12 6 56223 1.0474394188132135
10 22 28 26 68098 0.9431741636116542
25 18 0 13 77860 0.944444224438807
2 0 28 15 118882 1.0857684344433114
15 14 9 23 41432 0.9641815575494955
9 16 2 10 45206 1.075694881870039
23 14 19 1 51338 0.9977688433530878
19 1 13 14 54171 1.0185014920430233
9 25 18 4 76818 1.0314224789047293
29 23 11 14 58654 1.04631955470956
23 19 8 4 79057 0.9268209253481969
25 1 18 13 51411 1.0053557629727836
0 19 11 14 43432 1.0721849395493184
11 25 22 12 58774 0.9036552660248572
29 29 12 24 75524 0.9141230331160266
20 0 5 18 86465 1.012765780777214
23 26 9 18 69570 0.9599857650417791
9 16 27 18 57581 0.9279602187101821
19 11 10 28 65685 0.9770984912501481
16 13 13 23 44195 1.0944868531062477
27 9 11 4 54747 1.0024110101028172
24 4 5 7 57885 0.9891869958175237
3 5 24 9 71759 1.0350147110279428
4 18 2 4 68886 0.9526744549207303
1 4 6 20 73250 1.0185923885148318
26 16 4 3 97516 0.9603538542428182
2 25 24 6 100327 1.0149073144358547
4 28 24 0 114085 1.0014250453534366
25 28 13 9 76884 1.04050422476917
26 5 8 16 76320 0.9150587554249323
14 29 28 1 108521 0.9636609239256291
2 19 20 8 88643 1.0588527765840645
5 26 19 6 79366 1.0430607077497362
24 6 24 16 32875 0.9826328603108908
15 24 14 3 73576 1.0465303525286502
1 20 15 8 79354 0.9399643099897713
10 23 4 13 41767 0.9626207666183013
23 12 16 5 42819 0.9557793381132125
5 10 16 4 47624 0.9009994330764498
13 25 18 14 37332 0.9441960493271124
29 28 2 3 128638 0.9176320006582419
13 17 15 26 39818 0.9618975207851328
0 3 25 19 108365 1.0898787359329296
16 19 25 11 53372 1.077823272848614
27 4 10 17 83546 0.9508052771545936
20 20 4 13 57559 1.0476726398889264
16 11 10 24 61389 0.9805408117637198
1 14 27 1 100717 1.0122269435946107
3 4 13 7 40770 0.9616813689585704
10 7 8 29 70648 0.9945991402213837
7 28 27 15 83627 0.9738760382496842
29 6 16 10 45997 1.020351804055907
1 20 4 28 38191 0.902790241013165
12 21 17 0 69449 1.0016761217627372
20 13 4 22 59588 1.0347202908007536
18 11 4 25 65351 1.0694756899968763
12 8 0 2 47363 0.9373664949594398
22 7 6 5 44022 0.9081426649179766
20 15 28 29 63421 0.93456457059418
25 19 10 6 71564 0.9065681064792708
12 26 4 20 36827 1.0776068712679698
1 5 20 7 62089 0.9831181974258542
21 21 17 29 30810 1.0742091258618323
18 5 19 29 69454 1.052022913259424
24 14 8 5 64493 0.9798146312256049
4 17 10 2 59481 0.988602095197214
22 10 0 11 81164 0.9527144470878638
2 27 10 13 58678 1.0207479478304329
4 12 0 24 55851 1.0969368416552707
28 0 2 21 123164 1.0574630794271136
7 1 9 17 48614 1.0869770889892176
13 10 7 19 47988 0.9175375717565343
0 16 11 29 61851 0.9467194013299866
20 22 17 4 55306 1.0983982994565282
27 8 5 12 77655 1.0738609956218494
0 9 15 11 65544 1.0049948066268601
25 0 4 29 122559 1.0287191326494578
8 9 6 25 50068 1.0690313584537359
17 20 1 29 57455 1.0917038575547633
14 13 21 19 38892 0.9615546117969122
17 5 14 29 71844 0.9309262085061031
5 17 28 14 75540 0.9967105180467679
17 6 24 1 28231 0.9843145899226584
3 21 13 21 24301 1.0428732307948165
9 7 2 26 66979 0.9772754428838986
10 22 21 21 33620 1.0289156961154813
27 14 8 8 75144 0.9437627547269125
11 9 19 13 38294 1.0466158070710574
27 18 12 27 59665 1.0931391731371825
10 20 6 3 62856 0.926985929043356
1 17 22 25 82585 0.9830478030917927
15 7 22 19 51674 1.0135834051458827
18 7 4 27 77522 0.9534355261427041
11 11 19 28 63259 1.0287892270500862
4 7 27 25 104339 1.0249487477140713
11 15 18 24 32629 1.0206338434289637
10 22 20 0 85755 0.9802897363052109
1 10 13 11 60146 1.0145193342130392
13 1 5 6 39431 0.9296950977789155
21 22 23 9 46735 0.9561748551523833
0 13 22 25 86084 1.0407578291528472
7 29 3 15 52281 0.9678861157879218
6 14 0 18 25869 1.0445761332252903
24 12 28 27 57607 0.9396918622395408
15 11 1 16 53742 0.9952627392278596
15 23 23 25 46563 0.9504719340806391
16 18 19 6 44023 1.0583411003787748
25 17 28 5 56497 0.9689170307009042
16 22 22 28 48529 1.0777433636519866
18 28 12 16 47094 0.9437231540987654
5 11 2 21 40634 0.9968734758298201
5 25 0 17 36762 0.9004089957949843
3 25 13 24 35350 1.004757004697389
9 24 21 19 52500 0.9626064559802978
27 2 20 16 59404 0.9671585131829314
25 9 25 26 58178 1.0606508165107784
21 19 11 1 77522 0.9793888506812787
7 2 3 15 44854 0.9977478273426306
17 20 24 17 29346 0.9965997084961244
17 3 16 14 32666 1.0884980830971682
21 18 11 13 39773 0.9865436243699042
9 26 26 21 42911 0.9360975481971531
22 29 18 20 42236 0.949100561615928
1 5 19 1 63160 0.9633051657248447
20 28 24 8 82300 0.9841992708939747
9 5 8 18 40582 0.928903744306032
3 18 14 3 79501 0.9976391763262493
2 29 5 18 43577 0.9872749961470363
21 23 0 21 67192 1.0800719899472455
20 5 6 20 77876 0.9314644185223375
10 21 28 11 76576 0.987100739029108
20 24 13 16 44655 0.9739182551737591
23 15 16 5 46097 0.9865001694643382
7 0 18 14 59561 0.976514913047196
24 28 9 24 66753 1.0982733412542087
13 12 6 0 59795 0.9157955396449572
0 5 27 28 139882 0.9631265974948535
18 7 27 21 54743 0.916894486541709
11 2 23 1 29700 0.9924277617025248
7 9 14 28 74515 1.076994192904044
24 10 5 16 64560 0.907288619577226
4 15 22 29 83241 0.9225435593270339
29 15 16 27 58572 1.0873955602157055
5 20 20 8 75194 1.076600270371589
15 27 14 15 39209 1.0649131793237356
14 11 0 25 69178 0.9937378570893034
26 13 19 21 37819 0.9403023135998821
20 5 28 3 36912 0.9437381267939808
15 23 27 1 95179 1.0357039857876975
2 19 21 15 68639 0.9904656840226009
19 17 10 7 48456 0.9121373457816031
16 20 5 10 62387 0.9377879666383173
7 4 29 14 82725 1.0762882327405605
21 17 3 29 80856 1.0663899020793977
4 17 14 22 45479 0.9806282808931435
25 11 13 28 79104 0.9345626896186878
26 12 27 27 67403 0.9280499625455504
17 16 27 0 70993 0.9531170006980586
27 11 12 28 81319 1.057738878437617
15 22 3 20 40339 1.0739829155946152
0 25 28 8 113245 1.090880303910265
6 5 15 11 44162 1.0890360249454702
11 20 26 7 75126 1.068022925358054
17 15 9 24 44156 0.9240528508800466
16 7 23 21 48992 0.98417233687774
25 9 14 21 67415 1.0732433811608086
10 18 29 4 89338 1.0218841541655816
16 14 3 23 53225 0.9103865782981927
7 26 18 7 68940 0.9951479104445224
4 1 23 7 63256 1.0579106547025297
25 9 29 27 68414 1.0798659191576194
28 10 10 12 78522 1.0510348162728556
28 8 22 3 31965 0.9111263588328117
17 21 23 8 49803 1.0051068536501708
17 18 20 0 58305 1.038948711839883
26 21 7 9 70451 0.9626803002023193
10 10 22 2 50794 0.9858655457317952
23 18 3 25 68288 0.9806308836861468
3 20 20 14 64645 0.9600082127720684
26 14 7 2 82254 0.9344971963675108
8 2 27 7 56372 1.0804468268673657
26 10 3 11 93150 0.9148457198472106
19 10 11 3 38403 1.0420565090903335
14 19 9 6 54142 0.9658950622089968
12 20 29 16 57160 1.0110744041812831
14 20 4 16 40993 1.0699162497702215
5 0 1 11 54768 0.9370378511761963
28 27 15 21 55841 0.9720536730065544
28 20 9 8 82191 1.099693482916222
27 19 19 22 32788 0.9635489125995327
2 1 27 18 111924 0.9628400464472935
3 29 22 0 118307 1.0080569587786725
22 23 1 5 104085 0.9502626576869917
2 23 12 7 67738 1.038362067710236
27 22 6 27 59156 0.9856971140791606
3 25 28 26 86426 0.9218993489507575
18 29 21 1 80450 1.0795422016814988
16 17 8 26 48086 1.0404876814198099
15 27 14 3 76973 1.0474372737262787
29 20 7 9 80375 1.059240712903911
13 13 27 24 66613 1.0709786203714629
3 20 2 7 66004 0.9897000407493791
0 26 3 11 68489 1.0947578077901365
26 8 2 12 90058 1.0342490547512764
29 6 17 22 71559 1.0519367680832838
1 15 17 3 72445 1.0968096947451613
6 22 6 6 56581 1.0723739696580559
29 5 26 27 81621 1.0929207343393927
2 17 17 12 54117 0.9997665747400826
12 8 9 26 62396 0.9586569669445908
19 2 1 22 90119 1.0891224527448369
28 10 6 16 78740 0.944181121669879
19 17 8 9 48705 1.0812972350153525
24 7 1 9 71428 1.085569279852783
19 0 9 2 30147 0.9829268419721608
14 6 4 10 39060 0.9562210752367122
5 28 28 19 71883 1.062269935717386
19 0 4 14 74223 0.9632821052489409
27 21 3 11 85547 1.095016529955849
11 13 13 21 31270 0.9088660486169107
4 18 15 18 49822 0.9136515410201365
23 15 13 29 61106 1.083608599202982
0 0 9 8 50413 0.9745233359265784
19 26 1 13 77118 1.008885839585214
24 15 16 7 42886 1.0087615741657234
22 25 14 12 53269 1.0987219767204313
5 24 1 17 39381 1.0222823146414104
16 8 23 11 39677 1.0846873098508056
25 3 26 26 85096 1.018374028729359
18 4 2 8 56120 0.9506594460151301
6 10 19 15 46019 0.9848397706433513
25 18 10 25 56539 0.9666292943493535
7 2 0 23 73507 1.0618045436352
12 3 22 28 101777 0.9404680705298701
3 3 5 12 40501 0.9676080227030531
5 22 29 10 85740 0.903988618721633
6 10 4 2 32668 1.0382476208506686
19 14 5 6 55652 1.0046788638385842
1 0 3 22 90683 1.035304590250343
16 22 2 16 55486 1.029883629535863
1 24 22 9 86471 0.9129810557745607
20 14 12 24 49774 1.0611080299564515
13 15 2 4 70287 0.996018168673946
2 13 25 6 82995 0.9017689450800469
7 2 20 1 31321 1.0709902036114167
24 23 29 14 36562 1.0962654706234223
10 28 26 3 108381 0.9220228230538874
10 10 19 5 39513 1.0406087395658852
6 10 18 28 72842 1.039308447024308
5 19 10 27 32436 0.9927006625295975
2 0 29 4 84297 0.9093788746320458
17 23 25 2 74539 0.9991139054833639
15 20 25 2 77542 0.9080066731096127
14 6 12 29 78691 1.0249957033979658
17 14 23 26 51282 0.9732927667794068
11 10 21 2 42544 0.9330674468285978
2 22 8 1 69145 0.9968477877203435
9 17 3 3 58591 0.9021446509692724
25 4 23 25 77937 0.9903708189703697
2 12 16 24 79608 1.0181004686588042
5 5 21 1 48584 1.0155837039440063
29 28 11 24 70036 1.0302150648172892
12 0 2 15 67993 0.9771096672259412
22 22 5 8 76063 0.9436200894706072
18 9 1 22 67590 0.9153081644487112
27 12 22 26 58578 0.9961268007426605
23 23 1 16 74348 0.9253534866964319
15 4 7 28 93012 0.9939492275233359
20 1 12 5 31573 1.0995053116346523
22 3 22 25 69857 0.9389454555726817
23 22 29 0 76113 0.9424059021186787
19 22 1 13 68009 1.028693724935081
15 28 2 4 111780 1.0437744063864178
24 10 1 4 88099 0.9632749269426404
11 18 18 12 32137 1.0901816947496294
19 19 7 20 43420 0.9884365224271453
15 16 28 24 57642 0.9068083810384269
9 1 27 14 84573 0.9927681332219146
21 7 22 27 68551 0.9942766946240438
29 3 13 3 45468 1.0298386679089209
3 2 14 6 38309 0.9747934046097873
12 8 7 26 67261 1.0758319521879445
8 28 2 24 28313 1.0239262616186697
26 8 16 12 48130 1.08855071641383
28 5 26 14 44399 0.9449808727150802
25 0 23 16 58622 0.9477712414412081
21 23 12 4 78329 0.99447937738386
14 15 1 5 69397 0.958655653590514
29 1 8 2 53807 0.9401777073247675
16 10 27 23 67298 1.065802402912599
25 28 12 0 108515 0.9139459066345624
26 2 27 14 51340 0.9569367586711597
28 1 3 5 75890 0.9868624585042904
6 3 25 18 86259 1.0144731374294833
17 1 20 24 70313 1.0057876375472892
12 4 4 0 40144 1.0626529493234798
19 0 28 10 57415 1.0908367238895005
24 17 15 29 52626 1.0696388425236714
5 26 18 11 61062 0.9249869249235968
11 6 16 11 31943 1.0420252363733287
20 5 11 6 31104 0.9042484327599614
10 10 25 22 62454 0.9269167159699263
10 16 28 4 85840 0.940204054613925
0 3 11 24 88950 0.9570768157186569
13 7 13 27 69607 0.9393097680203654
21 3 13 27 80946 0.9781242738695562
19 29 4 17 77531 1.094984717488778
26 19 28 1 68082 1.0814302997843976
3 11 27 4 89911 1.0698096140402107
25 13 6 4 75066 1.0018086705251747
9 8 18 9 30226 0.9425842919623685
2 14 22 5 79582 0.979202665219319
7 14 0 24 46233 0.9223664810374633
22 5 15 15 44530 0.9391103448444988
0 23 20 2 98128 1.023133268502658
7 3 20 19 73822 1.010749512434283
12 8 8 22 52444 0.9548125946636162
24 0 14 23 87929 0.9189250463739932
6 5 17 2 34897 0.9293040249566029
27 3 12 2 39833 0.9294100115283317
6 28 10 19 36868 1.0350089054119627
29 1 10 15 82614 1.0422402389825478
24 7 21 18 43858 1.050716072467486
17 3 5 6 42791 0.9332655382943705
2 25 8 10 53069 1.0225968245232075
12 1 20 26 88763 0.9759948131841445
1 1 16 26 103042 1.0375777091670457
14 21 1 15 48164 1.0811878710190177
24 28 2 27 76650 1.0267571938281177
11 25 20 16 49035 1.0747877431925184
28 13 20 6 43405 1.0297382715347587
6 14 20 6 58908 0.9889375740115751
4 27 16 0 101390 0.9412045252697023
25 21 0 15 68420 1.0516680384145767
6 21 14 16 33301 1.010682037655923
15 2 13 14 45239 1.0250272590779477
25 1 13 10 55643 0.9259801379886005
7 6 14 22 62892 1.0235456581771076
24 20 8 24 50907 1.0388296773923251
8 2 29 13 80112 1.0949445622861729
27 19 20 12 44654 1.0110378828756912
14 28 8 5 80146 0.9438951177506135
23 24 1 18 86075 1.0427055262792522
27 1 5 9 72319 1.0683129753178373
0 14 27 17 85860 1.0152436389495325
16 16 4 0 76298 1.0162865329214472
18 18 2 28 58307 1.0503749065673456
11 4 23 19 72253 1.0974530068646562
29 12 22 17 36105 1.0827819230575473
4 0 22 12 79735 1.0930143120354476
14 3 11 11 33001 1.0474590975720321
28 21 9 28 54389 0.9308094406908597
6 27 17 12 58092 0.9080056422907009
22 0 1 0 67824 1.0786818075802647
25 29 24 19 32586 0.9459192667990157
17 14 6 29 58584 0.933201052504924
7 3 12 23 64874 0.9835433117379639
25 27 2 1 120545 1.0495991126140416
0 27 11 24 30299 0.9842699977712517
9 19 21 21 38585 1.0987706190270023
26 16 21 8 42632 1.054518466666571
4 7 25 26 96283 1.034865312173747
8 11 28 20 69154 0.990579890942401
16 7 1 9 50949 0.9391749116428784
6 24 23 12 74876 0.9589062531284046
24 8 4 11 73286 1.0097105702273332
2 8 2 26 75126 0.9691073652050242
15 8 23 16 48584 0.9927183505007126
11 19 8 28 30339 0.9126007589782535
6 29 7 2 78872 1.036114912708442
2 28 10 21 38045 0.928164270189379
27 15 8 11 69362 1.090080485750963
10 6 23 23 75065 1.0051473100886268
20 1 21 17 57479 1.0192326362603437
25 19 3 13 72350 1.0132054605061416
16 5 17 17 37714 1.042061039552244
22 27 16 21 38080 1.0402609297915346
0 18 14 6 68740 0.9623509570454033
10 4 13 23 70110 0.9313174338232328
17 20 27 29 52250 1.038776214533699
25 5 0 25 112879 1.001150267417597
23 29 12 14 72098 0.9827982066787871
13 0 15 16 62851 0.9196253716556227
26 7 17 9 26531 1.0978838433238238
2 21 16 19 45663 0.9880822819522403
26 13 8 10 63944 0.9351309943947639
19 21 27 16 38746 0.9683418776738419
7 2 23 0 43782 1.0007310670827065
0 18 15 3 84347 0.9946750114803125
29 0 0 25 130247 1.043724293064315
0 26 9 16 46565 0.9233221846764147
16 3 1 13 72829 0.9279928057496459
5 19 15 7 61710 1.020311920686106
12 6 20 12 42299 0.9308934711669072
15 13 20 18 29972 1.0887472080318785
18 4 19 20 46789 1.0346975645081735
5 18 22 5 80576 1.0895070471830421
22 0 22 19 55835 1.0844642238088211
18 26 8 3 77449 0.96169607243679
11 20 13 5 57522 1.0868102981357983
5 20 9 1 67180 0.9107409411827986
10 28 5 22 29559 1.0399868191618526
29 22 12 8 74850 0.9751492246587248
6 9 28 17 93270 1.0018711500121453
6 18 24 20 56191 0.9860420554181317
26 24 0 9 108768 0.9015285982519691
20 3 0 11 78420 1.0999921690876617
8 14 21 15 32475 0.9843856799026823
8 24 11 10 48779 1.0730309692328452
6 13 17 20 45179 1.077476241280913
26 25 2 5 118580 0.9143231301396358
5 0 25 15 92321 1.0580298231359078
13 24 27 25 63111 0.9059053887007482
21 6 12 0 41173 0.9419594248447032
11 26 22 21 33073 1.033918428564781
10 16 27 3 82551 1.0696593706504518
14 27 19 3 71326 1.0031501204427549
4 2 27 4 63749 0.9133635510112145
15 21 25 15 44325 0.9723149533195314
28 11 2 20 103538 1.0970725398103045
29 1 26 19 64694 0.9836068310311189
25 2 13 12 59305 1.0576268066096002
10 19 10 29 39262 1.0425746444642252
0 23 24 28 81346 0.951116346766386
2 14 0 3 48404 1.0620189044976354
11 4 12 14 33589 1.0413502723239145
27 26 19 9 74248 0.9332195431353896
8 17 2 3 56869 1.0648442571963317
6 5 22 2 45186 1.0860382417285075
13 22 0 5 90901 0.9693536501492712
14 4 13 14 36708 0.9881073741591244
19 4 5 2 40865 0.9059244607474279
11 10 0 11 53110 0.9635430220972344
2 0 19 12 81894 0.9148674925348524
23 26 20 12 59894 0.9143169136626508
15 0 23 20 79884 1.013231865415043
5 3 9 25 72505 1.0394991553363389
2 12 14 29 85284 0.9622288621405555
23 4 12 12 62105 1.0719726747295706
4 15 15 2 60272 1.0169378764626082
16 3 25 13 54639 1.0280523925764335
8 17 28 13 59375 1.0908429856718995
6 26 18 23 32257 1.0459166287874861
21 29 5 8 100556 1.0541791015020687
16 23 6 5 81979 1.0430653553612372
1 3 29 20 113866 1.0034974428893029
22 28 10 21 59258 1.0769776034091052
16 23 1 1 104581 1.0763065015279667
8 8 0 16 42482 0.9859425292549995
17 3 21 28 86627 0.9323310709551443
11 19 11 29 28885 1.0001041105161923
2 26 10 4 79541 1.0934739633251223
13 2 11 19 57622 1.0024035347318483
6 24 20 25 41348 0.9109127962640649
16 12 12 29 61142 1.092458158619506
0 18 25 21 71883 1.0007662386268554
5 6 28 10 76215 1.0466105846234361
29 15 26 1 51075 0.920954204133315
20 22 15 14 35173 1.0226449002155535
26 23 5 0 106677 0.9206727155226054
9 6 8 18 39140 1.0052337039074764
25 14 12 8 59274 1.064023946006896
17 13 4 16 40697 1.010942702734539
14 16 19 26 37711 0.9108974684145951
19 15 19 2 42420 0.9857049623533866
11 12 12 3 31786 0.9097361125356461
3 7 25 20 88230 1.0898922831551867
27 20 9 23 54562 1.0571710592747945
0 25 1 11 57423 1.0761275271586384
4 14 15 9 45716 0.9005708381398816
4 16 25 13 59924 0.9176346146175877
24 3 5 28 108072 0.9057476816160145
29 14 15 6 61089 0.9885012442661082
21 15 5 9 57712 0.9247800666522842
18 16 25 24 35289 1.0680513691077995
15 28 23 12 61822 1.0708824044613179
29 28 21 11 67531 0.9189578318381871
1 16 29 5 97357 0.906476237681203
14 26 27 2 88876 0.9815806749791968
21 10 7 8 51554 1.0735774465800783
29 3 29 15 36532 0.9818159162145704
0 17 26 1 106701 1.088431578527128
10 10 17 13 31548 0.9456584025151031
22 21 19 29 34995 0.9932923051424208
3 24 19 24 49248 0.910668442281373
3 9 23 9 66908 0.982206112669445
13 7 29 22 70626 1.0399953173487981
0 6 13 8 48821 0.9016586984238076
15 3 1 2 38348 1.0499937356645015
27 14 22 22 39238 1.065745585393235
28 14 1 28 97305 0.965465727824787
8 17 26 25 69225 1.0614907612548075
16 10 7 14 42353 0.962196099674088
20 29 15 19 48734 0.9343605931231764
23 29 16 21 48772 1.039264647859869
25 8 23 22 50575 1.0236171402199061
8 2 20 17 70855 1.0293882976251665
15 24 0 12 78045 0.9567693477338877
21 18 8 19 51584 0.9145945327101334
24 1 8 21 90300 0.9879001147873828
8 17 14 21 26889 1.0763488615115049
1 27 19 3 97562 1.018427765573695
27 6 7 13 68445 0.9154268275327745
26 28 20 24 44210 0.939702401208758
26 13 1 10 93638 0.9352049863184789
11 22 25 11 70608 0.9779837285506593
21 13 28 26 59016 0.9372158688922589
8 29 8 12 49193 1.0941473774975061
5 8 21 28 103580 0.9515564398561464
12 5 23 5 41509 0.962353085344578
24 0 1 28 119494 1.0966939593399403
5 25 1 2 82498 0.9999503981095812
24 15 1 16 58611 0.9482608925408967
1 3 25 28 124730 0.9135934449753772
27 21 16 23 33570 0.9037009692778575
6 8 24 27 95097 0.9955977942752504
26 17 4 6 97509 0.9186087116788275
18 0 14 15 49393 1.0982687544142504
17 7 24 3 31432 1.0007035045444785
5 19 12 12 44993 1.0467634862002553
0 15 6 10 29428 0.9560845818705186
14 29 10 3 90770 1.0577400931379626
7 29 17 28 39060 0.9315970554897398
20 12 25 29 64805 0.9946368093229588
1 27 16 15 60312 0.9181007450791798
8 20 28 0 105411 0.9991337039989221
8 19 4 6 53155 0.9218314955781276
22 1 7 21 90443 1.0643305260657014
14 22 15 4 63765 0.9060041428831124
24 8 7 18 71475 1.059669877705141
8 4 7 27 66307 1.0689901076320194
19 3 22 10 31541 0.9069855760802191
21 22 9 14 49213 1.0425239098880228
3 7 20 16 70364 0.9528102378590608
3 24 9 29 30892 0.9301424267434966
11 18 25 8 66623 0.9847954447443025
4 29 10 18 51416 1.0440730909367646
27 20 1 10 102143 0.9062830442723356
28 19 1 13 89588 1.0053453712513272
29 23 29 7 46814 1.0308626229868219
16 27 4 28 33865 0.9907716665929431
17 10 27 19 55533 1.061327654282015
1 15 19 28 77505 1.0868948708689814
2 29 17 6 96727 1.0528422039915577
22 27 12 27 41717 1.0770620655988024
7 22 19 16 45448 0.9499713252032267
7 20 9 4 56081 0.9472010411160451
12 20 25 2 83840 1.0759803308731564
18 26 23 5 68341 0.9537509194535886
18 12 16 23 35971 1.0272857995660152
27 0 15 15 70183 1.0032198754490331
15 5 5 7 34550 1.0454463416724518
23 0 2 20 114939 0.9892611619391325
7 7 8 19 37213 0.9062461865759418
1 3 8 9 37762 1.0739049169458013
16 27 29 10 73754 1.0183988561362287
8 5 26 20 82467 0.9103672873936147
4 15 20 21 47849 0.9073471811731738
12 5 9 20 58379 1.0851076823700878
15 9 28 6 40588 1.0022099666130224
4 25 6 0 81811 1.0732985026913928
9 22 26 25 59609 0.9015692753837867
8 4 0 6 35819 0.9467988997158553
29 25 23 7 65762 1.0735126251538243
10 25 27 10 85302 0.9417679281494348
15 5 24 3 37630 1.0696213747057322
4 5 15 21 78415 1.0852032309994033
1 22 19 21 41520 1.0190438546270983
2 26 12 24 28003 0.9751214651414036
3 10 20 17 72699 1.096454996584795
3 3 5 18 60059 0.9336829930316514
8 11 16 22 55075 1.024516564835824
13 23 25 3 94086 0.9633483446875737
4 9 14 29 86583 0.9560877204430686
18 25 2 27 37523 1.0113496562115687
19 5 0 24 94958 0.9470541371439788
9 3 9 26 71593 0.9739142103830937
19 23 28 3 85522 0.9519272050834987
1 8 4 26 75026 0.9488578357077183
5 9 29 21 83996 0.9273000054245272
25 20 12 21 34357 1.0767267871341826
13 3 0 2 39120 0.9427606858857344
1 7 26 23 103296 0.9048650688472213
7 12 25 23 66838 1.0806176667870115
28 11 8 29 94102 0.92531565818984
29 17 9 26 60644 1.0393436661538527
0 16 24 19 70792 0.9252169082435907
22 20 12 24 40339 0.918235537810282
8 6 11 17 40185 0.9032812669815095
22 23 7 17 59159 0.964835564195931
10 24 20 0 91456 1.0255633078836122
17 20 4 7 67504 0.982385112870025
11 7 4 13 39654 0.9660909406747444
25 9 1 0 94528 1.0141578491661432
15 7 29 3 46841 1.0512680213146703
0 3 22 28 129673 0.9424108763847355
17 4 23 11 39698 1.089554770894624
11 14 19 29 56055 1.061374737672229
8 5 13 13 37937 0.9887152362013137
20 8 8 19 60484 0.9392200552723485
1 20 3 5 73864 1.0842446453141426
9 15 14 25 43751 0.9719305320395736
22 21 14 10 43336 1.0254467073484324
11 2 21 26 87219 0.9868914973812125
7 15 20 15 30826 0.9476347565695246
8 29 25 8 93266 1.0482473994392831
3 7 18 24 77335 1.0434740484040248
1 1 10 11 56283 1.0134286044220173
8 15 8 0 44883 1.0119905289714033
0 21 29 7 109259 1.074744044564802
27 16 11 23 66027 1.0237193710369255
27 12 22 0 50635 1.0803413798499897
7 8 9 25 58038 1.0766151561849975
14 25 26 13 57672 0.9753828688943882
9 24 21 10 72837 0.9822214751664042
26 18 15 20 44308 0.9203236057574055
9 22 15 12 47537 1.0726251939548357
17 0 4 3 40121 1.0756317543054623
11 12 0 18 46164 1.0460604881529396
7 29 1 4 103973 1.0788366113390762
10 17 22 10 50712 0.9417995614189576
28 28 1 8 130498 1.044811827372025
2 17 3 7 48359 1.0109744485318002
1 10 7 29 81910 1.0861381012391955
19 10 23 3 33558 1.069904819121303
16 24 18 7 51713 0.9577552504612374
1 17 10 3 63409 0.9609695614483933
28 25 16 9 75138 0.983129906565662
2 12 15 9 63551 0.9258814321101524
25 17 0 2 103473 0.932512617898543
22 20 18 11 35490 1.0555626361818378
23 4 12 9 49092 0.996775729022379
5 0 25 5 67384 1.0428306259775537
28 10 28 24 50953 0.9766982641255375
25 6 3 7 58353 0.9255518074565595
9 25 26 3 104792 1.002159413481934
18 7 5 16 56102 1.0528953232972182
10 5 2 2 25237 1.0228766039198383
0 17 8 22 33945 1.026340257146492
6 3 12 26 76301 0.9377473520739035
10 28 24 16 61514 0.9463376022959024
5 9 2 16 30355 1.0177245092114766
15 26 17 10 44884 0.9362297088038767
25 28 15 12 68552 0.9678153897519256
24 25 27 12 48345 1.0687927365911762
5 1 7 14 44001 0.949902977104008
26 23 23 1 76325 0.9183886220545195
18 10 28 10 47625 0.9680681820767025
4 18 10 14 33855 1.0927038000415785
4 27 8 15 39989 0.9235441545273065
23 15 12 11 44271 1.069133037763416
18 29 11 23 34331 1.0285284444687004
26 2 28 23 74160 0.9305357421075495
12 3 21 16 65839 0.9178256534894956
27 3 16 14 60758 1.076865420570905
16 9 28 7 37218 1.0041442403266112
20 3 0 7 63753 0.9288716688732745
15 2 17 11 30210 1.0600740066749332
15 3 24 8 41010 0.995329647350863
7 24 12 3 76985 1.0940386345733661
17 29 26 7 79546 1.0137211225401406
26 23 5 14 70247 1.0875375038160018
17 27 22 14 41206 1.0320607001897728
21 20 6 16 55523 1.0070356697687155
15 14 3 23 50765 0.975423083329172
26 1 13 2 32885 1.0566042349504852
24 15 2 24 77427 0.9928120835926095
27 2 10 7 50945 1.0352660635980369
7 5 18 9 34999 0.9112090103761888
5 27 26 23 63730 0.9133815538592053
23 29 7 19 78695 1.0798664036987837
16 8 24 16 45893 0.9695904492193339
28 9 23 15 43077 1.0696872440444862
10 23 29 11 76419 1.0879968628097667
12 21 19 29 43368 0.9922892257517983
18 24 2 6 87425 1.0400247517750019
26 3 2 27 118531 0.9052285273902146
15 28 11 22 26801 0.9768493798756803
14 29 4 23 40324 0.9853196307548149
4 4 11 17 62525 1.0909500465978297
10 27 23 9 71964 0.9399261059878005
0 10 21 15 69241 1.0319775012843735
5 3 23 4 52264 0.9396824985232514
28 24 29 3 68623 0.9302236154195719
5 25 23 21 49619 1.0673339074191657
8 27 7 11 51846 0.945970252477025
1 9 25 10 86085 0.9595255147477736
3 25 10 10 59600 0.9424167803269702
20 26 22 8 63336 0.9991803682203709
3 10 3 26 65754 1.0332057177660852
19 0 15 19 68429 1.0222393232549287
24 24 18 10 48535 0.9492121968241773
9 17 22 22 48917 0.971785707941291
29 1 8 12 80481 1.002691224988519
9 1 10 28 88041 0.9909108729105426
19 21 23 8 48747 0.9919984751267327
12 22 18 4 65058 1.0834907243823493
5 28 16 5 88485 0.9691795672115031
12 7 28 3 53820 0.9252682810576903
7 4 7 14 30212 1.098919878971803
29 0 18 8 47475 0.970717271838838
20 19 7 22 44735 0.934409076486816
10 2 6 15 44945 0.9971034397272862
20 21 28 28 45161 0.912011591357726
29 1 29 18 49201 0.9028552430716905
14 9 5 27 67159 0.9946063643468829
22 19 8 7 66986 1.0988295460349933
20 11 10 26 63906 0.9636450883751951
10 11 17 7 32625 1.0121142663955476
23 9 25 27 60592 1.023984654475785
20 17 9 2 69664 1.070523105135944
2 15 24 0 90789 1.0500017135140407
24 9 0 4 83837 0.9303436893364818
29 22 18 4 70427 0.9527344950157467
27 28 1 17 109346 0.9331298921797251
11 17 8 2 49692 0.911001495738978
12 2 26 3 37921 1.0722741334552626
24 25 5 23 60949 0.9660639467178848
1 1 10 14 59421 0.9915836439518803
27 28 5 17 98335 1.0560314826325101
20 11 8 15 46254 0.9215556789739235
6 14 24 1 76429 1.0137423159390833
26 16 20 7 47201 0.9709660671137873
22 28 18 2 89381 0.9809325492726256
24 17 6 17 54645 1.0645998544908126
21 8 7 26 77261 0.9037370039180299
26 10 15 1 58933 1.0617230164577538
3 3 16 6 48013 0.9746105073951442
26 8 7 0 68097 0.9842353673193949
0 25 18 25 41583 0.9544783612571379
6 4 26 14 83925 1.0105652273891086
28 26 17 5 84412 0.9193055895719219
9 19 19 5 68416 0.9825413455153024
4 18 20 3 86927 0.9993544903690013
22 10 3 16 60442 0.9269514756170834
0 28 19 29 59851 1.069207219627776
6 11 18 24 58137 1.0556581334769444
9 4 16 25 80332 1.077320797599031
20 26 2 3 106734 0.9661339504815281
14 19 10 3 55220 0.9036242153680449
5 9 28 29 111870 0.9590392005556225
11 0 26 11 77540 1.051045460284343
19 21 5 20 38352 0.9831924797337546
11 15 0 1 66485 1.0049408236133897
27 10 8 27 86410 0.9359190457502431
29 19 12 11 70369 1.0102814676251723
24 15 8 12 46899 1.0905073535023397
19 12 11 5 41347 0.921179705591369
16 14 22 4 43595 0.9930224495825899
7 11 26 12 75706 0.9487351897210956
0 8 15 11 62047 1.0376323005572254
16 1 18 10 33621 1.0470139215132905
22 7 15 29 74461 1.0203455543691649
6 14 24 13 51919 1.006889941935658
27 19 10 5 83813 1.0061038767648658
28 9 28 27 67526 1.0543551819787491
26 9 13 8 51869 0.9923965730741735
25 2 28 19 66340 1.0961697237555026
10 1 1 18 71098 1.096842928021633
13 0 2 9 61892 0.9551235647823725
20 19 10 7 57525 1.000959149679139
3 0 13 2 34049 0.9968992209639127
12 7 11 20 45261 0.9805677448782335
26 9 15 1 56920 1.0514262090244284
21 6 11 2 33452 0.9424239345303149
0 25 28 26 91612 1.007861553078985
19 17 29 25 49123 1.0595797735366277
22 17 27 5 48304 0.9321367054352356
24 12 29 0 48944 0.926825452376503
6 11 2 27 54207 0.9445237020989445
2 21 9 17 35309 1.0364879940195144
27 11 5 22 83226 1.0896108205361288
8 17 22 27 69973 1.0379664658459373
11 16 20 7 46589 1.038286685747503
15 15 23 19 31850 1.0524283671259609
0 17 28 17 93599 1.0515041121752005
14 9 1 14 52387 0.9798760007893047
15 13 21 17 35957 0.9209701358236194
17 16 22 22 26768 0.9435716461777442
3 19 12 29 54720 1.0651603069236073
24 25 29 1 79422 1.0679754550512577
23 18 17 3 61046 1.0841733879643116
5 25 10 4 71253 1.0103969545899278
28 20 20 10 54496 1.0142242116881635
9 12 15 1 53190 0.9944619709409793
11 1 19 4 28655 0.9735304105014962
16 6 15 16 36389 0.957265852261308
1 18 22 1 99094 0.9991969558155721
10 2 15 10 35814 0.9172107369970085
10 0 3 15 56128 0.9469363491307583
24 11 28 17 39023 0.9165270154079652
23 14 24 3 44079 1.0675582241064125
12 1 22 10 50988 0.9978365105294592
9 11 22 0 64506 0.948226905709852
28 22 2 3 111258 0.9682826720022115
7 11 20 24 67815 1.0530379863590507
22 6 13 11 40612 1.0937711520961784
9 19 29 6 87951 0.9140071997274953
21 0 7 14 70313 1.0973199410947134
1 23 16 3 92920 1.0789417888624135
21 28 0 1 131344 0.9113310989559378
14 9 12 22 43653 0.9489581798352057
7 14 29 11 70180 0.9983949908746785
6 25 6 3 69409 0.9465409088947605
25 5 6 1 63994 0.978826567147766
6 7 23 5 50874 0.9612279627809813
6 19 1 10 50194 0.9629168371284349
15 16 7 23 41313 0.9803506017090967
24 13 11 21 52098 1.0722700929979134
16 23 14 11 47778 1.0444938748763801
24 24 1 23 67026 0.9880674183173328
24 10 21 27 65359 1.002672156985719
23 9 5 1 65714 1.0613599884644245
12 0 10 14 47712 1.0264876285337337
9 26 28 18 59433 0.9174485586107973
6 2 25 29 111101 0.9816887687323634
9 29 25 13 74937 1.0700471931428703
20 8 29 3 36592 1.091322428262997
20 16 8 29 60033 1.052425846322803
2 24 15 11 73682 0.9167725482479351
2 8 0 16 37630 0.9855869843349837
21 29 24 3 96879 1.0653714310143174
5 1 28 1 64425 1.005136309868621
23 0 9 11 67029 0.9564915542146941
20 3 6 4 43510 1.0384823821133156
28 7 2 5 81073 0.9615772731631177
22 16 1 16 55645 0.9341758242902012
3 9 27 24 107104 1.097094108358251
13 18 4 16 39856 0.9439240677096099
2 28 26 25 83639 0.9426278876676142
20 11 19 29 64321 1.0797473488354945
15 2 1 9 57687 1.0151055676180054
22 14 5 29 69877 0.9907093995454509
20 27 14 15 45686 1.0362954968339038
28 11 29 23 40261 0.9583438666071931
19 0 27 27 106155 0.952695201372151
7 26 22 17 54167 1.0744561608737415
21 4 14 12 42002 1.093147566551196
26 13 14 3 63898 1.0707495121901371
14 6 8 28 77249 0.9247068203044421
13 8 21 23 64910 0.9901457358305956
16 6 0 23 83110 1.073767940453223
29 7 10 15 68919 1.095074946964855
26 22 4 11 83690 0.9430869136344844
5 5 18 24 78088 1.0659134602422426
13 24 6 3 78677 0.9764983896147701
12 5 19 15 44387 1.036709783926207
9 6 13 21 61251 0.9683384116249221
0 21 21 21 54295 1.0451709552875617
5 16 4 2 47312 0.9456630065525302
22 21 16 6 49540 0.9972832014547619
26 16 18 27 53793 0.9793580981004207
16 16 2 20 61259 0.9277925621552515
5 23 9 29 24746 0.9935185073344751
21 8 1 6 62364 1.095386484598787
8 10 13 2 34417 0.9085865990069489
22 20 13 11 50134 0.9481107785618881
24 12 16 16 33373 1.093587414604475
8 27 19 15 48048 1.0049112819402017
18 7 25 24 60712 1.0468775036450513
28 19 7 9 83212 1.0883643314161833
11 25 4 16 39625 0.9500011847128518
9 2 21 26 92174 1.0722260689389262
24 10 9 8 51964 1.0110343844579328
26 27 11 6 92976 0.9087291199415596
29 5 1 19 111946 1.0986861983481548
24 23 2 5 107744 1.0631298508846931
13 6 15 16 42734 1.038485805795421
19 8 25 3 33816 0.990898742682347
17 27 10 12 57994 0.9837929170627362
19 19 5 3 73564 1.0264739864734918
28 8 24 17 41962 1.0830832161357087
24 2 25 21 62232 1.0423114011812824
4 11 23 21 73687 0.9771303991294945
8 28 14 19 38124 1.054288192302678
19 2 4 10 56463 1.020930099977444
19 2 13 26 70764 0.9588747220341614
11 11 15 3 36888 0.9419629358129691
24 1 10 26 91623 1.0624407910190823
4 6 29 22 100865 1.09151450976543
27 9 15 15 52700 1.0680113530911588
9 21 29 2 98519 0.9465974553643224
11 23 29 28 67488 0.9913011268897317
21 23 12 19 46199 1.0069500670480016
14 19 1 4 85147 1.0431904970248898
29 24 17 7 68221 1.062959852891426
15 24 23 0 87848 1.0831403784549776
17 9 15 23 52073 1.0784169475439869
26 0 28 10 42688 1.0311971298576816
6 15 1 0 64912 1.0185861816455466
22 27 20 19 39690 1.0339520264997837
19 16 12 27 42254 0.9442804736948651
26 28 12 23 69251 1.0959746810961237
19 12 25 4 49091 0.9783223773949427
3 9 14 12 54052 1.007504624354868
24 5 5 15 73971 1.0552895867977616
6 29 18 2 92004 0.9741030654596543
11 9 6 20 47667 1.0074824735688455
5 7 5 18 36688 0.9906150728105763
8 26 22 5 82956 1.079077601501227
2 29 16 15 70544 1.0887500027716692
11 11 22 18 45891 0.9532783018096233
4 8 3 29 81127 1.0652352743753872
13 6 3 19 77963 0.944771001301856
22 20 27 4 62750 0.993907505049064
0 16 13 4 73506 1.0699252264453523
3 5 18 15 68694 0.9434273998587617
29 3 1 21 118001 0.9112911461441376
18 4 9 15 50259 1.0910233570358114
25 28 0 25 84073 0.9779710088094062
14 6 5 20 65234 1.0155726302714183
12 28 27 1 105792 1.0158250767100603
29 22 11 1 90645 0.9973785370386417
5 12 19 20 52396 0.9176062485956766
0 8 16 14 70325 0.9890614553243966
29 18 8 3 95677 0.9788170564211355
18 22 6 4 72621 1.0379964561079804
21 19 5 21 52605 1.0767843445713408
6 16 18 4 62128 0.952257789931364
25 14 14 9 48653 0.9178495141706883
19 18 6 1 76344 1.0937460960060381
11 6 2 23 69559 0.9176761006961178
23 21 0 9 88905 0.930267738783946
26 15 23 5 51442 1.0288869807197232
15 4 5 13 58504 1.0889253414879598
1 11 21 23 93301 1.0614497081918017
0 7 24 1 72476 1.0501984522787482
26 10 9 0 76534 0.9949544999331568
16 25 24 17 37808 0.9041563400680156
9 28 2 23 29560 1.014448768394725
10 15 5 27 41516 0.9876471386610878
12 5 9 25 71479 0.9381259068564952
25 3 3 5 67567 1.0903016279322566
2 18 25 19 79572 0.9385873052391092
1 22 11 4 72118 0.9672549980613561
18 12 25 2 45626 1.0512767060942854
21 15 21 26 45249 0.905682344773293
19 17 25 4 60529 1.0771276261284968
4 14 19 2 66890 0.9934202927030287
6 26 0 16 43293 0.9459527873184203
21 28 8 3 105292 1.0660547926349608
20 29 18 17 39706 1.0813039933944038
14 14 25 7 48804 1.0742482151700634
9 1 12 13 42247 0.9419169400315868
