3204 3166 3126 3261 3108 3285 3331 2971 2922 3101 3097 3203 2847 3105 3342 3271 2875 3246 3223 3391 7187 7199 7039 7450 7534 7270 7579 7254 7521
2531 1896 2365 2013 1848 2155 2043 2565 2308 2219 2564 2179 2492 2278 2315 1981 2371 2280 2144 2264 2110 2556 2191 7406 6679 7311 6946 6902 7315
7414 7589 7858 7642 7465 7260 7872 7743 7337 2559 2816 2285 2636 2940 2495 2871 2572 2658 2504 2606 2314 2581 2308 2526 2603 2969 2496 2700 2692
2368 2414 2629 2612 2888 2425 2598 2580 2579 2696 2495 2916 2737 2690 2456 2282 2964 5101 4923 4975 5152 4876 4969 5473 5353 5027 5200 5325 4949
2696 2397 2906 2777 2594 2537 2804 2556 2515 2560 2796 2620 2608 3013 3058 2538 2869 2844 6126 6008 6036 6238 6017 6132 6261 6155 5898 5918 5720
4316 4192 3889 4169 4109 4064 4300 4046 4011 4076 6905 6887 6513 6245 6505 6544 6391 6279 6917 6763 6810 6919 6411 6627 6499 6308 6832 6538 6630
8114 8012 7727 7785 7969 8007 7787 8002 8242 8401 8394 8245 8328 8328 2942 3111 2738 3043 2817 2754 2988 2575 3041 2745 2485 2969 2515 2722 2977
5925 5972 5548 5571 5487 5748 6074 5698 5531 6077 5664 5543 1652 1943 1358 1730 1407 2053 1668 2000 1604 1991 1640 1878 2096 1930 1514 1390 1685
6906 7443 7421 7024 6980 7216 6976 7217 6942 6887 7461 6946 7233 7214 6855 7172 7546 7108 7353 7190 7076 4159 3713 3836 4276 3782 3770 3793 3947
8611 8259 8051 8600 8024 8198 8135 8554 8002 8600 8104 8013 8384 8331 8274 8535 8089 8390 8146 8527 8531 7994 7996 8400 8624 3253 3373 3704 3198
3512 3773 3894 4084 4015 4029 3668 3532 3806 3931 3961 3552 3771 3795 3544 3587 4910 4636 4452 4577 4508 5172 4864 4887 5025 4457 4764 5045 5140
7523 7625 7601 7535 7398 7369 7325 7892 7782 7452 7446 7425 7388 7452 4494 5012 4565 4503 4517 4591 5102 4585 5013 4763 4597 5052 4691 4525 5010
4102 3996 3986 4016 4050 4166 3991 3882 3857 3811 2563 2601 2547 2567 2805 2692 2621 2845 3137 2839 2934 2629 2749 2608 2607 2660 3034 2841 2643
8319 4686 4689 4368 4549 4493 4829 4616 4411 4657 4119 4329 4312 4409 4567 4777 4756 4367 4166 4713 4338 4729 4228 4728 4808 4242 4457 4420 4744
2467 2936 3045 2549 3061 2982 2783 2577 2972 2477 2995 2538 2408 2846 2956 2374 2714 2519 2968 2682 2414 2390 2915 2372 3036 2373 2890 2990 3122
6424 6159 6169 6552 6115 6338 6304 6219 6447 6363 6368 6508 6274 6115 6217 6493 6251 6312 6429 5989 6373 6453 6083 3270 3488 3692 3260 3563 3780
3890 3628 3816 3573 3921 3676 4019 4201 3583 4070 4233 4019 3799 4053 3927 3548 3648 3630 3931 3632 4239 4040 3817 4025 3713 4228 3559 4150 4127
5670 5953 5638 6100 5644 5633 5948 5683 5469 5471 5560 5640 5587 5936 5728 6012 3991 3504 3617 3800 3824 3838 3749 3951 3785 3553 4101 3515 3598
4267 3877 4322 4063 4433 4325 4395 3954 8411 8436 8501 7844 8288 8286 8010 8438 8010 8332 7972 8260 8224 8413 8171 8250 8273 8143 7944 7807 8057
7863 7715 8451 8135 8406 8312 8347 7848 8010 4630 4869 5234 4805 4722 5000 4808 5287 5025 5127 4773 4567 4577 4936 4795 4690 4717 4827 4802 4896
4343 4643 4464 4183 4545 8113 8192 7978 8251 8392 8370 8200 8663 8443 8377 8022 8453 8431 8710 8585 8080 7981 8630 8242 8587 8150 8592 8163 8365
4660 5146 4758 5338 4857 5114 5293 4872 5157 5200 5043 4941 4746 4919 4930 5206 4843 5215 4784 5107 4893 5132 5020 6161 5901 5776 6088 6089 5713
7425 7890 7348 8087 7590 7762 7926 7999 8067 8007 7844 7891 7519 7862 7409 8051 7654 7528 7984 7513 6851 6605 6603 7279 7069 7027 7114 6822 6843
8169 8058 7891 7661 7927 7786 1740 1956 1626 2133 1509 1913 1776 1594 1510 2054 1925 1839 2128 1483 1932 2079 1507 1516 2101 1792 2081 1473 2101
2592 2849 2582 2870 2861 2442 2820 2719 2590 3013 4292 4571 4208 4513 4948 4937 4346 4291 4746 4460 4637 4798 4804 4277 4296 4851 4573 4489 4726
7417 7544 6919 7584 7353 7082 6918 6954 7482 7484 7358 7049 7454 7385 4224 4184 4244 4048 3880 4253 4052 3671 4179 3995 3558 4172 3904 3754 3679
4026 3534 3729 3660 3518 3616 3476 3489 3581 4018 4076 4148 5240 5213 5803 5384 5252 5521 5210 5736 5521 5924 5718 5345 5266 5577 5341 5501 5296
1858 2132 2028 1665 2233 1878 2361 1716 8235 8210 7998 7780 8312 8367 8211 8280 8193 8127 7743 7789 7614 8325 7651 8239 8096 7820 7610 8063 8245
7223 7104 7254 7344 6714 6764 7264 7143 7046 6789 6973 7049 6828 6815 7220 7285 7184 7132 6826 6894 6703 7257 6930 6931 6143 6132 6580 6450 6389
7381 7403 7217 7005 7616 7624 7073 7576 7722 7576 7120 7024 7747 7237 6528 6907 6464 6950 6849 6574 7018 6876 7107 6679 7048 6503 6533 6929 7130
4477 2138 4834 6775 7170 1368 3348 3170 2267 6938 2356 7340 8647 3581 3568 4045 1574 4691 7303 2727 6548 2769 5538 5061 2088 5928 7411 2682 7512 2608
4983 2090 5391 6335 7485 1409 3558 2927 2705 7116 1819 7462 8089 3773 3127 3644 1397 4415 7549 2605 6768 3090 4992 4712 2133 5904 7510 2891 7567 2576
5055 2150 4818 5976 7683 1380 3231 3104 2297 6942 2114 7632 8032 3621 3299 3522 1779 3424 7915 2613 6702 2847 5474 4999 1785 5862 7395 2526 7337 2811
5123 2536 5313 5878 7167 1290 3355 3291 2233 6777 2211 7741 8096 3760 3314 3589 1771 3776 7815 8431 6439 3097 5031 4636 1731 6264 7308 2838 7467 2669
5068 2268 5183 6263 7379 1548 3092 3065 2484 6953 1897 7150 8493 3819 3509 3570 1272 3371 7644 8399 6330 2958 5249 4990 2154 6168 7416 3201 7291 2722
5034 2490 5110 6218 7696 1395 3530 3188 2613 6759 1968 7665 8100 3490 3599 4109 1501 3459 7507 8988 6769 2690 4857 4780 1897 5902 7193 3255 7768 2788
4688 2741 8492 6601 7058 1424 3222 2739 7791 7041 1691 7600 8054 3432 3307 3922 1291 3390 7918 8856 6558 3011 4979 5047 1916 6059 7470 2994 2334 2905
4915 2160 8729 6415 7063 1646 3284 3415 7309 6637 1960 7209 7974 3662 3031 3931 1813 3477 7638 8906 6236 2854 5136 5230 2205 6106 6920 2711 2002 2271
5087 2346 8663 6575 7059 1721 3235 2842 7834 7208 2098 7246 7350 3855 3558 3688 1348 3476 7830 8731 6070 2520 4932 4957 1643 6297 7017 2569 2436 2464
5090 2440 8768 6114 7500 1606 3077 3021 7266 6911 2039 7206 7429 3411 3530 4082 1451 3742 7357 8554 6802 2483 5299 4766 1602 6302 7065 3194 2272 2642
4814 2146 8638 6426 7282 1133 3145 3028 7490 7097 1786 7325 7386 3327 3156 3632 1418 3431 7302 8823 6121 2975 4854 5130 1856 6084 6347 2569 2046 2318
4968 2512 8236 6110 7559 1325 3737 2779 7292 7009 2034 7583 6928 3507 3406 4247 1599 3490 7683 8886 8414 2824 5067 4672 1462 5990 6359 2888 2579 2807
4615 2110 8159 6246 7334 1388 3660 3069 7859 7040 1864 7758 7029 3268 3262 3672 1809 3464 7438 8662 8357 2524 5518 4982 1827 5898 6202 3158 1990 2647
4889 2282 8596 6251 7168 1735 3050 2755 7212 6709 2309 7216 6751 3835 3709 3518 1448 3528 7554 8733 8215 2461 4832 4583 1480 6156 6101 3226 2533 2835
4605 2299 8309 6165 7269 1357 3685 3294 7763 6858 2176 7230 6980 3532 3588 3790 1305 3272 7883 8357 8105 2970 5123 4894 1749 6019 6444 3150 2133 2691
5018 2199 8078 5995 7460 1392 3132 2899 7129 6924 1936 7530 7296 3646 3743 4153 1650 3510 7695 8447 8488 2501 2528 8132 1651 6175 6051 2818 2458 2450
4444 2749 8776 5896 2503 7801 3016 5063 7665 7013 1968 7775 7027 3268 3520 4129 1681 3402 7686 8353 8621 3035 2571 8249 1754 5580 6542 2518 2028 2558
4724 2599 8150 6562 3043 8298 3431 5018 7861 6580 1779 7795 7395 3758 3138 3922 1225 3244 7926 8417 8160 6594 2724 8207 1564 6859 6545 5773 2319 2470
4686 2088 8732 6407 2942 7744 3489 5288 7866 6693 1889 7724 6793 3703 3490 4382 1684 3635 7742 8772 8267 7084 2859 7898 2030 6611 6096 5269 2556 2359
4637 1751 8240 6401 2474 7790 3628 5039 7850 6676 2336 7402 6795 3154 3591 4147 1554 3221 7926 8352 8049 6534 2307 7743 2178 6567 6104 5572 1977 2754
4469 1611 8397 6348 2478 8071 3020 5071 7538 6018 2094 7725 6921 3271 3415 3695 5569 3213 7321 8657 8367 7116 2418 7697 1664 6706 6334 5682 2409 2609
5160 1506 8346 5877 2435 8011 3080 5065 7176 6301 1494 7143 7503 3350 3310 4191 5233 3286 7302 8771 7991 6586 2250 8069 1942 6582 6611 5583 2248 7005
4630 1499 8490 6354 2876 8056 3641 4994 7144 6014 1879 7427 6990 3848 3557 4169 5548 3334 7348 8322 8553 7234 2425 7894 1984 7254 6060 5384 2146 6690
2249 1537 8645 6582 2954 7834 3705 4703 7415 5991 1897 7511 7487 3173 3376 4289 4951 3880 7752 8517 8108 6572 2434 8064 1653 6903 6332 5360 2328 6814
2784 1696 8268 6441 2676 7680 2989 4910 7259 5608 1921 7824 7075 3783 3133 4181 5195 3539 7987 8603 8004 6930 2352 7846 2133 7220 5986 5424 2322 6732
2936 1191 8245 6405 3085 7918 5768 5085 7486 6218 1975 7768 7226 3213 3501 4351 5088 3719 2154 8502 8595 7027 2880 7691 1571 6608 6030 5247 2277 7126
2631 1603 8254 6189 2536 8188 5481 5018 7803 5675 2153 7956 7077 3779 8368 3835 4942 3619 1772 8358 8550 6845 2747 7838 1997 6659 5980 5393 2103 6952
2538 1285 8602 6295 2662 8236 5524 4640 7740 5963 1711 7805 7397 3654 8586 4000 4949 3239 1906 8841 8547 6930 2156 7711 1649 7222 6202 5465 2413 6825
2822 1671 8215 6519 2872 7634 5984 5235 7580 6049 2021 7559 7341 3189 8205 4039 5215 3737 1847 8985 8220 7070 2221 8117 1519 6682 5990 5249 1970 6682
0 3 20 5 48914 0.9575942813821231
25 7 6 27 77019 1.0933706081789483
23 13 10 2 54114 0.910595890273363
0 10 12 20 44247 0.9479227746206027
19 7 11 27 81175 0.9969704139352868
2 19 9 22 31468 1.0006950907057461
19 22 7 1 88457 0.9978007102659472
2 16 23 27 56420 0.9188308500852825
3 1 14 10 40545 0.9398117451469643
4 17 25 25 57109 1.0910533892257217
23 19 13 6 47658 1.0845086991398738
10 20 7 8 50595 0.9003243253345068
0 19 23 17 55305 1.0932019722814719
22 15 2 27 66743 1.0003328332884003
23 29 6 21 46659 1.0052511446185244
26 16 0 3 83669 0.9366314787131229
14 2 16 15 44132 1.0713562953440676
26 10 4 4 54650 1.0776675805280342
6 6 25 22 77394 0.9027416971530523
17 4 20 19 70417 0.9803939246914143
17 6 17 19 52507 1.0550551385739095
8 28 28 23 53457 0.9164790573771229
16 6 25 23 60019 1.0630574434771998
19 12 13 17 33084 0.9625506293857903
25 9 3 10 49926 0.9870874048269871
29 1 0 7 65243 1.0497072820975588
2 19 8 1 58642 1.0681265968991025
10 9 29 18 60902 1.0112926975013046
8 25 23 11 53918 1.0382529558144813
14 26 28 8 70182 0.9014491616543588
23 22 14 6 50102 1.0478232113303974
4 7 10 11 23245 1.0249939890202004
28 7 27 25 66754 0.9507522535284443
29 0 23 16 46828 1.0091013513601383
27 24 21 5 51409 1.0922007638435594
5 5 14 6 16355 1.0438675703509674
3 25 21 20 58313 0.981271370782327
21 18 19 3 61325 0.9867635282243741
27 12 9 17 67793 1.0377186593394252
12 27 16 8 60464 0.9793604518362373
24 5 11 7 45295 0.9951761209337032
1 12 24 9 52994 1.05778715490526
7 25 23 27 36661 0.9362670035379679
1 6 12 11 33315 0.9860096478857066
26 5 6 4 57601 0.9897948295196782
13 20 15 11 39450 1.0649406851686842
1 7 8 24 46358 0.9058022603785711
22 28 29 10 46036 0.9243685125023916
23 22 28 10 31399 1.073490184239227
25 17 14 8 42700 0.9525432506375572
10 22 16 15 35107 0.9983608737603197
23 28 22 1 60012 0.9132562395882724
12 8 22 23 60162 0.9610441240242459
18 17 24 26 39398 0.953279736537739
7 1 9 10 40759 0.927051825098688
7 14 27 10 54389 1.006886669162514
8 0 29 28 109300 1.0973220790384186
9 29 25 8 80584 1.073447206469373
4 16 20 26 54639 1.006817149616726
15 4 19 10 31011 1.060394532447815
13 11 23 5 39220 0.9276919547827617
3 27 6 3 77282 0.9362729049083751
18 0 8 28 89671 1.0524714867382716
3 17 27 12 72552 0.9567994509121522
3 0 23 10 60464 1.0830071242910424
7 26 8 13 26960 0.937557878401623
1 28 12 1 96351 0.9203347422096891
12 28 20 20 50079 0.9092889660045311
25 5 6 7 63329 1.0108982614947932
16 7 4 17 48155 0.9518882355396235
23 6 18 20 55982 0.9773219699546751
29 5 18 14 62065 0.9634897828908706
21 29 1 0 102201 1.0524008090029315
0 21 16 1 74126 0.9929091614158548
4 24 26 15 63842 1.0115820972540965
4 1 20 18 79713 0.9101311939330125
26 29 16 28 27906 1.080965533606544
8 16 28 24 53648 1.0064210722532687
7 20 15 29 35714 1.0420102035045578
17 25 10 8 60502 1.0267722397420784
25 28 9 18 66599 0.9786460306762188
3 12 19 25 55754 0.9132391257812973
9 26 0 10 53610 1.0912041448522847
16 6 2 28 79121 0.907565187036436
19 29 4 27 41744 0.9198432409632328
5 8 2 0 29637 1.0692634650355481
1 2 23 27 87307 1.0030858068115844
22 1 1 2 48969 0.916019084781987
11 23 4 18 36087 0.9670815229579884
19 24 2 11 55905 0.952572073588174
13 23 1 14 42871 0.9490454156217991
2 21 26 4 87046 0.9331740866319447
25 4 19 21 54858 0.9650257924422889
16 8 10 28 66649 0.9653707893392961
25 15 6 9 58505 1.0631442788421375
0 11 29 28 88908 1.028088492710346
5 12 28 17 73234 1.026245442605626
10 21 1 5 50699 1.0793441388151632
19 26 13 2 84378 1.0246303983950003
7 16 3 6 31864 1.0830088842771803
2 2 1 11 25471 1.0081842069378524
20 9 5 25 72023 1.0945350598629082
20 25 28 9 55388 1.000483830618037
8 0 26 19 94787 1.0323546953943818
17 22 3 28 48082 1.0699988421837527
29 10 12 12 38566 0.9734469900364486
29 13 2 17 72470 0.9390104614920453
18 29 16 20 38897 0.9102733488863156
2 1 6 20 54383 1.0035893320647291
13 19 27 2 76858 1.0033815321423714
17 29 4 9 70503 1.057259131885071
3 9 27 28 83346 0.9689496977566505
29 10 18 8 38217 1.0036206963786352
26 21 3 22 63344 1.0047219281318605
11 21 24 15 51385 0.9797509633719147
28 2 1 3 67169 0.9077413720402724
4 9 17 21 55946 0.9363302310472197
1 11 8 21 31842 0.9164187136857901
27 8 3 29 94250 1.0476313312360355
29 20 11 6 83657 1.0419999915903246
27 28 2 17 69495 1.0074326054629017
10 18 29 3 86787 1.0063026855398312
11 28 28 19 69867 0.9240830079893866
10 0 16 6 30578 1.0378769523745204
3 8 29 5 73636 1.0045004256766883
28 18 17 17 37232 0.9490332926119609
0 19 22 10 61208 1.0254129750249337
20 8 1 18 69392 0.9958829291780347
6 5 21 9 45147 1.009683382073244
11 20 14 2 61542 1.0186748422237182
1 21 26 5 88267 1.00676350401336
27 10 2 26 76357 1.0258683006389506
28 8 6 11 65218 1.0626382069593368
26 27 21 2 78883 1.0824612388516335
27 8 25 26 57476 0.9783876248619796
25 19 15 9 49366 0.9581627391511189
2 25 23 15 57140 1.0839117141180692
11 26 9 17 36742 1.07573916202887
7 7 25 29 86632 1.0615707786756445
12 1 5 10 42715 0.986044406027651
25 10 20 15 24175 0.9539124766305519
11 2 0 14 58421 0.95897975027066
11 23 0 4 64896 1.0618775381655285
15 13 10 18 27528 0.9251709253066849
23 1 12 3 30675 1.0590498094713054
18 3 25 18 59852 0.98235993598606
2 14 16 14 34296 1.0152650995176906
9 12 16 23 54673 1.0777526801273056
20 19 0 23 72210 1.074235608435551
24 6 6 12 61131 0.9748536880253404
14 26 4 21 31652 0.9342906851655328
25 6 3 5 52635 0.9338388142518189
0 9 1 29 56768 0.9839838428041312
12 7 22 17 47016 0.9526163161143589
21 10 9 17 45221 1.0655666226986706
7 1 9 22 72519 1.0944043751735464
20 29 25 22 27972 0.9980458792388125
9 4 2 29 79862 1.0823432760646812
27 22 8 7 74831 0.9016414525033418
2 4 22 12 66810 0.906122711841215
17 0 4 5 39344 1.0623023137796443
20 3 2 2 50973 1.0837138732049554
11 19 12 0 68381 0.9634477184608112
4 8 26 5 60472 1.0863349723074174
4 23 15 8 66555 1.0685661381634817
6 21 28 10 65954 0.9984878453942198
27 3 1 28 107125 0.9042115760000768
9 2 19 4 41500 1.061674865359941
5 5 17 13 45551 0.9607210700925992
2 5 29 15 81930 0.9029729670031714
6 26 17 12 55835 1.0245371498669789
25 18 9 24 48408 0.9900342032109484
1 12 14 21 42260 0.9135842586702042
18 24 29 9 53817 1.0814045055872044
0 18 23 29 68451 1.0363699061515126
28 8 23 27 54231 1.0854909470311265
23 2 3 23 97087 0.9787822387527148
16 4 22 13 45955 0.9912470836809244
19 7 14 1 34146 1.0237070535159247
6 26 6 7 56192 1.0144216173827125
23 26 22 3 59038 0.9746065758180249
14 9 6 7 29197 0.9127895498809783
8 23 2 3 61899 1.0100635778861295
16 0 27 2 25852 1.0791357427677621
19 27 11 21 37099 0.9461668831804313
25 5 6 5 50382 1.0528674377554017
1 24 22 14 61737 1.01423427489812
29 5 11 29 99090 1.0894828431005543
13 9 22 12 34929 1.07596860386226
29 28 22 6 56721 1.0917723861944217
9 8 0 20 59082 1.0505040270432264
15 24 1 20 35922 0.928715249350389
18 14 15 1 52457 0.9387801901281889
2 16 20 13 43729 0.9581345655406625
6 26 23 2 91286 1.0056349159278137
11 17 2 2 56322 1.0314442978302605
21 19 16 7 54193 1.020088626712322
13 10 20 20 54232 1.0079380491637406
15 13 17 4 34437 1.0484088057175
7 14 29 16 68057 1.0487449249202452
27 13 21 2 53389 0.9209214667323811
24 26 6 1 96660 1.0467857214793312
3 20 24 15 65614 1.0092350141304731
12 19 22 10 43649 0.9151672911176931
1 20 20 28 58357 1.0868104425193617
7 9 17 11 31807 1.0781358910074303
23 27 2 13 64726 1.0074738953469058
4 25 26 15 70103 0.9644372188426515
19 20 27 16 49311 1.035769520483277
19 7 20 21 62700 0.9566597797641266
22 14 1 11 56254 1.0252103792141822
8 27 27 13 70357 1.020217354815943
28 12 10 17 66221 0.9155475218794394
0 6 22 2 59936 0.9214980529445215
24 25 13 27 33990 0.963713498052946
26 24 4 15 54791 1.021559605185354
24 27 0 2 97304 0.9107696717022503
7 1 19 19 80479 1.011456121008167
29 2 15 22 81437 0.9122685391316987
21 12 9 22 64809 0.9974881733448999
3 27 18 21 52680 0.9535841183299767
20 10 16 27 54848 1.038827909912453
26 19 19 13 39537 1.0951855405860706
20 24 7 15 38972 1.0607756605069758
4 18 21 15 40537 1.0439648276429696
16 19 24 23 36703 0.9748565590008296
20 15 10 25 49124 1.0797777033148415
25 29 14 25 35328 0.9827317264410589
28 23 21 7 56473 0.979418512220326
9 24 2 14 31069 0.9675660945357449
16 0 5 8 45281 1.089664577268156
19 21 10 4 71828 1.054990977565401
20 17 15 26 44264 1.0174254965455443
17 26 27 10 51411 1.0076679566369768
0 29 24 16 75645 0.9307169227094318
15 3 5 19 71446 0.9584524690184563
14 25 29 3 81616 1.0462527322545327
27 9 4 6 63118 1.0100171773759878
17 10 6 22 47401 1.0414545193462352
13 3 22 7 44019 0.956120204602382
4 4 28 26 94900 1.0202183562017952
9 8 22 12 50959 1.0080395810629537
2 20 9 11 44635 1.0557136576575554
21 20 11 0 89333 1.0059218063997595
1 22 23 14 62635 1.0108010790111355
29 13 0 24 82653 0.9948050629628029
18 9 6 19 53187 0.9070629604435584
15 5 7 28 63322 0.9407845136853684
24 9 14 9 24938 1.0884857256957332
15 5 16 18 41498 1.011911001646631
16 29 6 22 38753 1.0248039085523493
26 7 4 24 76204 0.9778087735297974
19 18 5 25 53287 0.9438377671329212
21 1 26 14 46108 1.0697954676185486
6 9 21 16 53536 0.9339148554864065
28 12 21 15 35894 1.0508670638022355
28 4 19 10 35225 1.0029573743198779
8 10 29 23 71647 1.0419307944879557
9 17 19 1 68359 1.0298859972247256
24 4 5 26 84382 0.9170619295456431
24 24 19 4 55517 0.9691235805482084
15 3 3 22 77648 1.0408508330447364
1 27 0 6 58717 0.9267566026126911
13 21 0 29 46972 1.05420788065172
12 6 21 25 69662 0.9302231330121338
17 13 22 4 48575 1.0407112911240466
6 19 15 25 31574 0.9956174403538998
27 11 19 8 36387 1.076208398151746
18 23 23 8 45931 0.9660525120638801
10 7 1 5 21116 0.9707097511779834
1 25 24 16 65941 0.9230088072700756
16 29 21 4 76169 1.0287931045320646
26 7 12 29 75254 1.038924648404874
19 7 9 10 39620 0.9344024903057387
9 25 8 13 35406 1.0393466091374606
21 0 12 9 50566 0.9290044724700347
15 6 29 7 56616 1.0659570434781398
26 4 21 29 64543 0.9149288045051106
19 1 27 20 75874 1.0126576824123021
9 27 3 8 51747 0.9481296666221912
12 21 27 8 72496 1.0208431029744807
29 0 9 8 67213 0.9372591019336262
29 5 6 22 96782 1.0015810016051372
21 9 26 23 43699 0.9256998051236619
14 17 21 25 36751 0.908006981521493
1 29 20 8 95057 0.932913014406955
15 25 12 3 67308 0.9561523090138774
18 20 26 13 53498 1.0697790772821172
19 27 27 17 48270 0.9996886820978345
28 6 10 15 71892 0.9483459763684822
2 5 5 27 61549 0.9410969357452417
14 0 26 9 51180 0.9764620171464524
6 11 0 27 57191 0.948260268223048
24 23 25 5 50211 0.9811988653755214
12 13 27 17 51964 1.0213173443084669
24 19 18 8 51304 0.9009250167235207
16 18 10 14 23638 0.9801891513560032
22 5 19 24 51391 0.9993171701915916
9 29 20 20 60174 1.082188016426006
8 23 0 20 34687 0.9229094827859534
17 2 29 24 78595 1.0451154898440902
12 17 16 0 55765 1.0906418627409598
27 29 10 20 62838 1.0880051977856158
21 5 29 19 57566 0.9669451811820784
6 21 10 2 66689 1.0167903852407518
20 26 1 1 92807 0.9330556465517057
26 21 9 24 41356 1.0242278327823675
5 22 29 22 58963 0.9886477709492325
8 16 20 4 56613 1.0834780571985414
10 26 21 4 81535 1.073260296489487
3 5 23 4 41632 1.0923980644997857
16 24 26 19 40986 1.0809364035866136
8 25 20 14 52552 0.9123612808198378
27 20 3 2 98888 0.9108710354726143
3 3 19 4 36869 0.9047367663728115
4 19 23 20 58125 0.9166088536611171
24 16 24 6 26467 0.9498548971282735
2 11 18 15 46026 1.0209707425469166
8 4 8 25 67384 1.0452238142402475
25 15 3 27 71352 1.0747493033259636
20 22 28 8 52327 0.9149203040551201
26 10 10 22 63450 1.0114079939992848
2 9 12 17 36334 0.904283603432875
15 18 11 7 45044 0.9110137923268805
13 23 0 4 68150 0.9413422233909415
25 12 8 9 54403 0.9119067371039785
10 14 12 2 48555 0.9321790497510414
5 7 22 4 44282 1.0188298031973206
7 20 16 5 50671 0.901098391253115
26 8 10 7 50205 1.013636470765085
26 3 0 18 87144 1.033433401671185
22 21 9 2 84581 0.9215224927949676
28 4 25 20 59303 1.0745029405323197
21 3 10 28 89840 0.9310689865680086
15 10 3 21 49667 0.9695506267475603
10 17 17 8 44321 1.0261914502271667
6 27 13 20 32150 0.9294940407363919
12 8 13 19 38061 0.958871847530812
3 27 21 20 63090 0.9155893410375756
17 27 29 15 63959 1.0758683756884386
3 3 22 15 65524 1.0340679338939398
8 14 21 24 45025 0.9525897695094866
15 16 24 25 43014 0.9358917393239666
8 1 27 5 46222 0.9978766864941675
25 23 23 5 45948 1.0739681412797353
7 1 12 26 80118 1.0826428540911517
20 16 9 3 58801 0.9043900234472346
9 5 29 12 64351 1.041794981158268
21 17 7 3 70786 0.9480006047708004
7 16 19 11 41620 1.096305291110142
18 0 16 18 65845 1.0945777019255636
18 4 15 20 61112 1.0794397578694481
15 26 24 14 43296 1.0413260325708786
19 25 26 21 29071 1.0621946436893122
0 25 24 18 68226 1.08581214555219
3 25 19 0 98476 0.913648972082295
18 12 17 0 62418 0.9285022042904818
19 21 4 20 55293 0.9438242080640367
8 7 23 15 50978 0.9921465802750841
18 21 10 0 82458 0.9873962989060682
12 3 9 28 76786 1.0696837321653512
22 27 16 15 50321 1.048653205568787
4 27 29 12 91686 1.0355439973774379
17 20 29 2 82748 1.0163157857999758
23 1 17 14 53594 1.0932299424557461
20 12 0 12 61092 0.9099128940577211
20 13 28 17 35548 1.0664926370002483
25 3 0 8 65716 1.024649534076013
23 8 18 26 51795 1.0514643720847658
24 11 6 3 65263 1.0861382947531497
0 0 22 20 90090 1.0566976711986966
0 3 15 23 73182 1.0219228503157176
4 23 11 2 87724 1.002805916862021
17 12 25 22 48001 0.9721492677925981
26 15 19 28 45511 0.9152949570340915
6 7 8 25 55303 0.9599645445852933
18 13 29 21 55536 1.0870992565432815
21 14 6 1 75329 0.9124310314318695
5 7 10 12 29402 0.9739166443167571
16 22 18 10 46784 0.9441076004536049
5 22 14 25 27670 0.9149478747065145
5 2 27 7 62044 0.9861751652544415
9 18 19 22 49343 0.9417562839686321
5 6 24 21 75014 1.0065372302522329
18 16 7 8 46245 0.9833771437092981
22 5 27 16 49390 0.9378266563270801
6 23 23 8 61776 1.0260993000193892
27 9 18 0 40997 0.9864478625915867
26 25 14 9 55416 0.9517190076503772
16 6 18 25 69708 1.0401157540118087
7 2 3 23 74090 1.0851939170966447
16 8 2 2 43803 1.093837879700313
1 2 3 14 32287 0.9626355558641506
1 13 10 28 43466 1.092448629475582
17 13 11 18 31622 1.0590059884335823
7 16 16 7 41222 0.9177838273036075
29 10 2 12 58301 1.0660871034005373
3 13 1 4 25219 1.0411443482524205
28 21 14 7 67145 1.0784547058024108
11 1 11 14 50143 0.9591690336112044
5 16 22 7 58055 0.9993335309428402
21 2 23 21 53906 1.046322213101432
2 21 20 17 47207 0.9350075005385018
2 20 16 17 35443 0.9174624689444624
14 6 17 13 29196 1.0851831840216217
7 22 28 21 54958 1.0260670366402118
21 28 11 3 85247 0.9486922892938687
11 14 17 27 49727 0.9536950955696645
18 15 28 7 55425 0.9956227083770899
0 6 8 8 33697 1.0063405645184593
1 22 5 12 37613 0.9982695411839709
5 2 10 13 49369 1.0558266373559793
11 11 24 13 39575 1.0971733024747314
21 4 3 27 92973 1.0431024428855624
23 23 26 1 50900 1.091767961010563
20 15 9 8 54355 1.0020582697771276
5 22 24 17 57514 0.9988266455064725
24 5 2 6 53103 1.017305930763246
7 29 1 2 63192 1.0706508432232276
8 22 9 2 79459 1.0598100519526783
29 12 18 3 60592 1.0046695101405667
9 16 22 25 50300 0.9310546595318939
13 12 5 4 42030 0.9634936674522943
23 14 2 13 55819 1.0698501888573553
22 28 4 9 74115 1.0325267102281517
6 1 10 24 68792 0.9689758437793123
17 22 8 24 22724 0.9453085725228778
23 22 4 18 55632 1.0313837991493475
5 5 15 17 49267 1.054518425024114
8 27 18 1 84723 0.9633573754400122
26 10 0 25 80387 0.941978574020385
20 18 10 19 44756 1.040818565264477
18 1 9 8 45513 0.9186166651578919
0 14 23 22 62730 1.0540466461097067
14 20 4 6 52901 1.0671999119030375
25 0 2 27 101047 0.9927600119805687
12 15 24 11 40996 0.9905517000248766
17 24 9 0 85279 1.0570567148152286
12 24 27 8 65783 1.034133942971221
27 23 25 15 39974 1.031384091154762
25 2 13 29 88626 0.9918143066318774
3 25 24 2 88322 1.0055105119249066
2 13 20 8 60435 1.0322935608433397
18 21 27 20 47024 0.9923158595735887
25 21 11 27 42492 1.083116037499639
29 2 1 2 66854 1.0954932471675336
13 29 26 15 62962 0.9398261597931182
23 27 20 15 34492 0.9838577394146106
2 7 18 8 45559 0.9433369468179119
5 5 8 23 52810 0.9851623269654788
29 20 28 8 68342 0.9191070467515117
6 27 21 16 48329 1.0413653564604404
12 10 18 3 34243 0.9409330831223206
8 28 21 0 95514 0.9954148500175997
24 27 2 23 51934 0.9668183864337665
25 16 29 23 41259 1.0834054225717324
8 15 14 11 29367 1.0144560182772342
13 12 2 19 38621 0.959804307043819
20 27 12 14 58282 1.0334285283097564
19 6 6 3 44093 0.9002726849451398
21 24 19 12 41921 0.9619461735695725
24 27 18 5 64737 1.0671219776895173
3 14 15 2 56891 0.9514711292789808
28 3 9 7 60931 0.947012641991298
10 18 29 15 68018 1.0643727072349658
12 1 8 24 73223 1.0782728684431784
23 28 27 10 40158 1.0022003049376003
3 5 22 11 53518 1.082798573525416
16 17 0 8 47103 1.0345250136069177
27 15 0 23 82864 0.9999340279048078
10 9 7 29 50774 1.0478374064682376
6 23 26 7 74898 0.9615175530814959
18 12 3 14 51256 0.9647975196506965
26 4 4 14 70458 0.9549877029806738
20 5 26 23 60435 0.9815809180918385
29 12 4 9 65579 1.0760321293536812
17 7 28 1 46166 0.948842875122361
25 5 12 19 66759 1.0411861972385958
12 14 23 26 50137 0.9404254619916776
28 7 13 5 49519 1.082574426186578
22 9 10 21 63228 0.9159456527267354
26 27 18 21 43570 0.9830807749652505
17 27 29 12 70906 0.9791864492920357
25 20 20 27 37945 1.037811811869974
13 7 28 24 62100 0.9446330906323401
5 9 15 6 35980 1.0812748516989032
4 28 17 25 41922 0.9243922389131062
24 16 3 0 75771 0.9879494709740522
9 26 16 5 71977 0.9094182985740998
27 5 15 13 55162 1.0441565272380717
2 2 26 7 73904 0.942530314974129
25 6 28 27 64254 0.9246836480243628
10 22 12 1 74495 1.0195765167658228
15 0 2 27 91249 0.9592316967010901
7 22 21 23 34344 1.046316649061693
1 15 19 16 29423 1.0522054051154213
8 11 17 29 66681 1.0762363589006023
2 7 6 28 55875 0.926289955459614
11 23 2 1 70632 1.0001161673679582
10 16 16 3 46425 0.9885316632905672
15 15 20 22 39433 1.0437460469983104
29 20 20 10 50317 0.9566310811227534
21 27 26 15 46225 1.0139490990529738
3 13 29 22 73908 1.0657873990201392
25 21 27 29 36202 0.9602162278784001
20 6 16 17 52812 0.9106301055145655
8 23 27 21 51983 1.0444680008733616
26 10 20 1 34795 1.0529678069460295
11 24 23 23 22801 1.0811598987753772
11 9 22 4 48573 1.0098924587013989
8 25 22 0 89662 0.9793457440258333
21 17 6 13 38615 1.0331474138307832
23 8 15 3 43396 1.0016573482953124
16 4 28 14 66524 0.9300781903885134
26 19 0 21 78552 1.0678930825956614
22 25 13 15 48467 0.933486732694455
8 1 24 7 50098 0.9005638121499053
17 21 8 7 61787 1.0951689889715497
29 10 19 9 24111 0.9763403604924571
12 22 1 12 42711 1.0460661710217658
12 26 26 12 60066 1.0211119950563752
20 24 7 0 95009 1.003536001155541
1 10 24 17 59502 0.9728742405964407
9 18 25 23 62283 0.9129926152646164
19 1 19 20 72928 0.9967130071989607
1 9 4 18 26688 1.0809881782342323
12 0 9 12 56516 0.9314399920085608
5 16 19 13 35753 0.9908830156837443
5 5 7 24 49458 0.9200254610984278
1 1 19 19 76102 0.9004068022439916
2 4 28 19 92804 0.9581403904577859
5 14 24 15 52672 0.9107098742344413
15 21 2 7 59523 0.9225433767582779
18 26 16 9 64310 1.0836438891121964
20 20 29 0 78846 1.019142280118965
19 0 21 10 43270 0.9482510738583404
17 1 27 7 29378 1.0761140254815469
17 14 10 6 44568 1.0597404956737368
15 7 25 2 49728 0.9617714971318603
0 15 4 27 39743 1.0596950614139633
23 0 29 23 71571 1.0363859248838831
19 2 17 21 80946 0.9020753453924728
19 29 9 15 61252 1.0276484578025893
18 7 5 5 30640 0.9851066302153573
24 25 9 9 66897 0.9097988814683973
23 16 27 1 39610 0.9298228085400897
7 23 0 3 54210 0.9227666173029601
1 20 17 13 46707 1.0359810920565753
26 23 29 10 46804 1.0148836444302074
11 21 26 17 54255 0.9309914939547359
25 8 13 8 43687 1.0584582873636237
3 11 28 1 68788 1.0751839052193675
12 3 20 14 56837 0.9301376198765813
25 12 15 23 52014 0.9199137133069132
13 27 15 5 63764 0.9463656212399045
13 3 27 2 38117 0.9577662500299573
19 8 25 4 39582 1.0936626260384434
15 4 21 0 33935 0.9029651981911294
19 26 5 1 91082 1.0828394998931816
6 19 12 28 32527 0.9193050066225874
2 22 6 1 61242 1.0543876158977297
3 1 14 8 35096 1.0000237536852117
17 2 23 17 55589 0.9763951414257644
18 1 14 9 32751 0.9479484377740238
21 21 13 16 40713 1.0524208139348739
29 15 8 0 96672 0.9676751694340583
29 15 26 6 50918 0.9069755444185325
3 4 22 16 66345 0.9187065430456335
24 26 2 6 87904 0.9242208029656405
8 20 19 27 48406 1.0236602072363459
28 13 27 28 53646 0.9762893513714346
6 18 22 16 37859 0.9883600700636748
3 18 21 1 79617 1.036223142793798
20 23 1 13 61069 1.097213939169327
15 9 0 14 47410 0.9921004809428546
7 29 18 24 27408 0.9439294510939751
25 11 8 29 75418 1.0471825694861148
4 21 19 5 80268 1.050440213906012
4 4 7 16 36263 0.9629070570522203
13 2 19 12 48983 0.9730975140355327
18 10 27 5 35830 0.9014551880392373
26 24 13 9 54639 0.9822552593848026
13 5 27 25 73292 1.0069900102500058
3 3 25 13 65207 1.0015340620052402
1 27 16 0 95456 1.0602608257398314
25 21 12 17 49682 0.9756281771787974
8 27 19 10 59243 0.9059887874402963
8 24 9 14 26123 1.0330237668765863
8 26 14 11 48512 0.9993116741687713
17 17 3 7 48779 1.0061339516350325
12 15 12 3 40856 1.0050429838555306
20 18 1 10 58190 0.9610605338901467
17 20 2 0 80180 0.9245470543988138
14 5 29 15 64339 1.0712830183905102
13 27 10 20 29752 0.9130823014731322
10 27 14 8 59605 1.0123245317593919
19 26 11 24 22924 1.0011129236850438
2 24 16 19 42577 0.9535700773373095
1 1 5 11 33975 1.0558140035417813
11 14 15 1 45538 1.03333458513879
26 3 22 10 27763 1.0687349944897626
10 13 28 23 70624 1.0791429190048274
16 4 26 22 66317 1.0244401040642221
11 12 17 1 48894 0.973718788634175
22 26 2 12 71341 0.9688781517593852
5 9 16 6 35738 0.9467381699347138
28 12 6 8 69679 0.9670950127087266
19 14 6 14 34634 0.9005224360143232
14 20 18 13 32392 1.00543785894744
4 0 26 17 83052 0.9130267482325048
26 26 28 0 74615 0.9994833157171736
4 27 9 9 59779 1.0671175979034007
12 10 17 20 38580 1.0499770682733147
20 5 2 1 51081 0.9926337078475911
10 24 20 6 65102 1.0411154443105097
9 0 27 10 68285 1.0565590902242705
10 29 5 9 55858 0.9979253068260109
28 9 8 26 75655 1.0971783363019316
0 25 11 26 38193 1.099640868608545
20 21 27 12 53878 1.0812301680918837
25 11 2 3 70205 1.0137594276676856
23 14 20 3 37600 1.0857561208636937
25 9 2 3 69547 1.0386280477571441
26 8 13 0 52488 0.9177759443609808
8 18 10 9 39016 0.9010417659707411
1 22 19 19 56606 0.9160844836491832
25 22 11 1 76365 1.0239261896597267
8 24 7 2 71088 0.942262928284129
10 18 25 10 53306 0.9561615304144757
3 27 9 23 28826 1.0332668821635167
17 16 4 0 62561 0.9552264572052214
17 28 5 9 69273 1.0819973058425267
3 18 13 28 48396 0.9814585656346402
2 8 9 3 34743 1.0525676878992911
10 8 19 0 47200 1.0722752323917801
28 24 21 18 33322 0.9133652753326064
6 8 12 1 40840 0.9884540504666047
26 2 22 25 63431 0.9353192517675566
10 19 19 5 72263 1.0626275873769906
24 16 11 24 40645 0.997464657355547
5 21 26 11 68856 1.0154079640324212
28 21 19 20 38370 0.9171534053377107
12 6 15 21 49903 1.0937824280162236
23 1 1 3 52753 0.9667880775672605
15 14 19 4 43324 0.9446557432210166
28 11 9 5 55159 0.9829090728062635
29 2 14 13 65105 1.056043085593553
3 22 6 2 69522 0.9825469483189515
29 25 6 28 55425 1.0350438873190346
9 8 9 22 59227 1.0014416046552415
12 21 5 4 61331 0.9987950670119604
8 0 12 27 92218 1.0780415213731316
26 11 17 26 53334 0.9277300170798342
15 28 26 18 51407 0.9529311659520373
1 10 27 22 75496 0.923493171350104
18 25 6 13 49770 0.9459119996274613
4 6 24 1 48887 0.9034894675148226
24 24 2 24 39727 0.9454347162557181
13 1 12 21 61414 1.074810298142537
26 28 13 21 41028 1.0056722225397727
28 24 22 18 26996 0.9863456885955416
0 23 28 3 107230 0.9799582083406716
11 9 2 21 53111 1.0529546209454193
8 23 29 28 51082 1.0497390921330696
12 23 19 13 45086 1.0049303133903582
25 13 22 3 42534 1.0781318522640344
8 18 0 28 48797 0.9827773409435065
12 14 1 5 42802 0.9914526790316911
10 3 2 0 32071 0.9052257932433982
22 12 0 15 64111 1.0257292542876655
26 26 20 19 47687 1.0634245822581714
26 3 3 21 90926 0.9016979095258175
6 24 27 10 63218 1.0905725439369278
27 24 27 14 43705 1.051797280820138
4 26 14 1 85009 0.9553428765207242
15 20 26 1 79861 1.0539747796787822
0 2 19 2 55224 0.90358406441084
25 27 29 3 77484 0.9794668204642992
22 12 19 22 34710 1.0633270294591022
26 1 20 28 66666 1.031999822103783
14 13 10 20 33025 0.9428829188371595
15 5 0 24 70096 1.0033237860134003
16 1 1 11 48943 0.9036644873676923
1 15 5 1 40139 0.937365338633443
16 22 5 17 41182 1.076067947111217
2 27 25 2 101090 0.9712951298617569
26 8 6 7 62222 0.9602818999660221
5 0 10 20 72024 0.9779856792250278
25 16 5 10 55802 0.9811453053256786
8 16 21 29 59251 1.0786239545165004
14 14 28 18 48515 1.004163227424161
6 11 26 14 58528 1.0765422755609804
19 4 1 14 54961 0.9621974846532958
19 0 0 1 51208 1.045365343278242
12 1 1 25 86997 0.9312423463261437
25 27 3 8 84690 0.9572662412647062
6 28 13 16 32943 1.0011784506070394
20 18 16 29 58005 0.9867445840921828
22 23 14 11 51316 0.9023053375270457
19 16 27 27 55365 1.087169984710474
10 7 21 6 36287 1.0774098434137989
2 26 29 13 84004 1.0081821556750663
14 10 23 0 47156 1.0594417658605293
13 6 2 19 55988 1.0353295676222858
1 0 24 5 60889 1.0227792669717821
17 11 0 13 48246 0.9609327649978172
21 29 12 11 66606 1.0096719743660016
17 12 27 14 46643 0.9668102803626305
7 18 18 9 46758 1.0318474085811042
29 8 5 24 84145 1.003379602402678
14 21 24 3 66298 1.0844924502942548
0 1 20 15 71756 0.9761387060649243
20 18 19 7 56429 0.9997387804590807
27 19 8 1 92186 0.9514457362928409
12 11 0 11 29633 0.9981870412618893
12 25 21 29 33467 0.9837186916238826
9 29 19 23 38087 1.0181163564469042
5 13 22 4 62281 0.920595382324823
7 3 7 28 70265 1.0208344557784013
11 2 23 28 86965 1.0092620081103996
1 7 15 9 41370 0.9416484550108126
14 4 12 25 59857 0.9747022223465078
1 0 18 18 75706 0.9078294462435667
22 1 17 15 60608 1.077284684788402
26 7 6 22 75753 0.922030616109624
21 18 13 4 60673 1.0277436318832018
25 16 7 16 46481 1.0403083391689223
26 15 20 9 34982 1.031221095471944
20 7 10 3 41274 1.0383764238360227
9 13 20 0 65539 0.9181927592096827
27 20 8 20 71315 0.9330619943033169
11 9 20 28 70225 0.961631760424819
14 8 7 11 25203 1.0551276465840633
7 8 25 17 62949 1.0930661353578803
10 4 26 3 47392 1.0873962890101354
9 15 23 1 72322 0.9534491510324513
10 24 10 3 70743 0.9849735875273425
4 6 2 17 32573 1.0208432540110737
15 1 10 10 35674 1.0336355150482242
4 19 22 9 66585 1.0085957261391403
22 21 5 11 69102 0.9046563947853686
29 3 16 15 70769 0.9812498328462248
24 6 1 5 52435 0.9954860883222676
7 13 17 9 38500 0.9677296948477365
26 9 2 2 70311 1.0421749202305652
12 9 2 28 61707 1.099469062309191
18 23 25 28 30145 1.0560755973049276
12 18 26 21 53332 1.005829999921719
23 15 12 15 33452 0.9552426668443977
29 7 1 4 73867 0.9593146318587307
4 5 18 5 31570 0.9439074564077639
14 23 26 21 35501 1.0199350571695307
6 10 21 17 49733 1.0819671686453733
29 8 24 24 53394 1.0091777251184577
1 25 14 14 48447 1.0908949569992012
12 21 13 6 47609 1.0674467225801847
28 29 19 19 51619 1.019444528276745
12 17 10 5 40561 0.9820795913918113
12 10 21 29 64043 0.9384766938878619
12 17 11 28 33462 0.9548309227597129
14 27 0 9 62892 0.9825342106322683
20 11 9 15 49093 1.0032715408698816
28 29 25 14 49761 1.0635060485488255
16 0 9 8 44055 1.040014732228896
13 21 25 9 59944 0.9849750312850462
7 27 29 3 96195 0.9348031765273144
19 3 22 12 47621 0.99548835966071
17 12 22 23 52243 1.0009668151761653
29 18 13 6 62837 1.0054078951162273
3 13 28 6 77340 0.9221258549366702
5 19 13 12 42150 1.0766719335910195
23 12 8 13 46957 1.0870115342499946
3 5 28 18 77133 1.0359709334290077
12 12 13 21 27511 1.069175988747321
3 19 27 11 78459 0.996177492588351
1 6 28 10 62133 1.0449645441776336
13 3 24 2 34344 1.0125924869025413
10 6 3 20 59266 1.060140830836753
15 25 4 9 54810 0.9002760236241262
0 22 25 1 96487 1.0057949632665284
9 26 3 8 55120 0.9703904093009644
22 27 6 28 43142 1.04869483101755
1 7 11 9 34127 1.0604271892207415
4 5 5 28 64942 0.9475301663954578
7 15 29 14 71251 1.0677762295801865
29 29 20 14 56245 1.0469638900608103
25 26 1 12 72425 1.0448089030445986
9 22 1 11 40933 0.9970235189031449
19 2 21 29 82702 1.027226115512162
13 6 26 4 40168 1.0138537400845036
16 8 21 19 49992 1.068079345977739
16 17 8 4 52399 0.9109317498272607
24 18 29 10 32130 1.0149809088295876
10 4 16 24 63878 1.0130560898350356
18 9 2 1 58536 0.9631114422571838
25 15 28 6 46556 0.9335796518952704
15 7 4 11 33762 1.0593658396157923
5 25 17 21 38561 0.9710691495389961
12 3 12 29 79163 0.9365510307576469
4 14 9 3 47562 1.0797408882506137
20 14 8 24 48276 1.0666719307700328
8 10 21 27 71387 0.9394485857694601
7 10 16 3 38124 1.0613069454540354
18 17 3 8 49443 0.9992246778603204
29 11 10 5 55721 1.080547460401252
15 10 10 25 50917 0.9789307036256734
0 26 19 17 66467 0.9707689780176534
23 3 21 29 68234 1.0423942211056214
18 27 18 12 71086 0.9492588140825903
13 22 26 12 61611 1.075035004787763
22 24 27 2 55202 1.0202391094522842
0 9 16 18 49396 1.0495687803590061
13 2 21 17 64515 1.0305381055749483
10 11 27 28 70747 0.9119999057422966
19 29 16 21 37017 1.020187200206637
3 28 7 19 32266 1.0872295499373825
12 2 14 28 77346 1.0491993035200884
7 3 13 18 62091 0.9201550713023393
21 18 28 5 58252 0.9580428919960723
7 25 27 9 70938 1.0909936554128232
23 1 9 19 88626 1.0519850725453723
14 14 25 14 37861 1.0215681943339854
3 12 26 4 67043 1.0020847604647132
27 16 8 6 77325 1.0214851497867121
28 20 5 28 75175 0.9295612278113574
9 6 2 22 61599 0.9998750498881801
21 12 11 7 40791 1.0955358920836906
21 18 8 10 51470 0.9040871504588038
19 17 6 28 47223 1.0625236934577835
10 7 17 28 73003 1.0499518631948674
7 20 15 13 29722 1.0550778106780796
15 15 10 26 43245 1.010888875361019
18 21 0 12 61296 0.9892544185978525
25 22 4 5 72791 0.9697309026323101
22 26 15 7 62910 1.0536602476570298
27 21 20 26 43698 0.9686447454544459
29 29 4 27 67515 1.0517497654669288
17 11 0 20 60567 1.0271730344674124
9 15 23 1 72322 1.0551579717771293
6 18 13 15 21065 1.0529000765932481
9 14 16 24 39393 0.9234614056512909
23 13 6 5 48518 1.0779071410704564
28 2 7 28 97341 0.918906349148318
23 28 8 14 56398 0.9655675038272074
23 14 5 0 70313 1.0046652596006318
12 6 22 17 50685 0.9278915517159405
28 26 19 28 33253 0.9652454373228545
10 5 21 18 59970 0.9231404764662272
13 17 17 10 28401 0.9134606992519783
27 10 23 3 31946 0.9709645504699731
14 5 4 4 17515 0.9144052355355354
4 28 20 5 98120 1.0233010191315801
8 20 5 11 38415 1.0698053822358422
8 9 8 28 49910 1.0371645690680298
9 1 26 15 75546 1.0221452207198494
24 16 5 26 62514 1.0861826353716986
28 13 4 25 77988 0.9579556818695941
3 24 19 3 85419 1.0907882703433684
7 3 10 14 50076 0.9429780376045576
15 12 8 16 26637 1.0522159747567814
23 27 29 0 67211 0.985270619907627
2 14 28 13 72075 0.9605917000079786
2 13 13 0 57887 1.0148366319929183
25 1 3 16 76849 1.0413740930130717
16 17 10 13 23803 1.0971697057630652
26 7 12 1 46035 1.0935127192863003
19 25 29 4 67517 1.0939589289278084
15 28 27 21 47349 1.0639023412507307
0 1 3 25 63963 0.941560587655346
7 9 18 19 59018 1.0596588906659412
6 13 24 24 52948 1.0532833955966963
18 12 5 17 48171 0.9452678163115673
21 9 4 19 62284 1.0398930088884115
1 5 22 28 84700 1.0013916839670611
26 27 11 19 60201 1.0515195735777358
14 22 26 18 47622 1.014932892408898
11 13 14 4 32243 1.0347765424145423
18 14 1 18 41636 0.9023436192339832
9 4 5 26 78231 1.0931057970079763
15 0 27 25 88942 1.001641051681639
15 3 9 18 64860 0.9339239011929391
12 16 4 0 54668 0.9678980039631199
13 25 27 26 44984 1.0362983763214704
11 24 8 12 36204 0.9803124025462174
8 0 29 25 106010 1.0336751403367082
24 13 15 11 30114 0.9249496050792676
6 22 16 7 55540 0.931641250388861
28 27 3 0 110569 1.093894185350676
9 27 12 12 43301 0.9494792116749952
1 15 20 16 30977 1.0109167286273957
17 3 11 8 37224 0.9624810122060932
27 7 26 28 61038 1.0071224195805313
13 15 9 25 40706 1.010004741275314
9 14 2 22 32526 0.9747474022858016
10 29 21 25 40708 0.9705420957384907
11 22 21 7 70566 1.0348087945307116
25 13 0 22 76723 0.9442589850723992
19 5 5 2 49104 0.9487105619366473
4 27 24 19 60615 1.0724521489039938
20 8 19 21 56987 0.9404709521975864
27 24 7 29 44560 0.9809305661837798
13 15 10 6 35512 0.9416592263541713
1 29 22 21 65730 1.026489097249532
7 4 25 18 71131 0.923039106286622
27 0 7 24 84468 0.9637694885372448
18 17 12 25 37602 0.9749849847654052
20 12 10 27 71714 0.9274278813749217
18 5 22 11 37574 0.9429971223375007
22 0 17 27 81801 0.9511441902160731
2 3 5 15 43403 1.0076650746551818
9 4 25 8 61312 1.0891014317671064
8 6 2 24 63198 0.9354094431902342
20 6 8 0 52322 1.0355632704483964
14 26 5 17 37167 0.9646665731478878
17 12 5 22 53399 1.0329426624331486
3 28 6 1 81995 1.0429402208277045
9 6 17 26 74332 1.063438623206776
3 27 13 29 30303 1.027195320332489
12 0 2 13 55967 0.9638827649590772
22 13 1 10 52387 1.0953164499421513
23 29 28 4 61735 0.9266937178895919
15 4 0 4 30948 0.9093105583554941
12 9 5 6 30210 0.9092181953662956
21 12 12 11 30898 1.0746741682460168
21 13 2 7 61546 1.072757713835561
12 11 17 20 36017 0.9663479966376625
12 20 27 24 38097 1.0640106698183056
23 12 1 25 67924 0.9267778898743381
3 15 17 18 31134 1.0305866620085653
27 5 24 25 56852 0.9198236411628706
22 14 2 0 75868 1.0241214890106052
10 2 18 6 30446 1.0452642721091376
6 9 19 4 51230 1.0949311349806288
10 16 9 4 50587 0.9613806403280419
1 22 9 10 43292 0.91837868037232
15 18 1 24 47315 1.0508167886397064
19 0 8 6 46312 0.989752278746678
26 28 14 4 73542 1.0475040646710543
27 24 10 18 54499 1.009168150941118
23 27 19 6 51563 1.020269927118859
18 6 1 5 31872 0.9890983479878646
0 19 6 10 33340 1.0470372729360422
26 23 14 23 29590 0.9045356139306752
6 8 21 29 88307 0.9167309814238574
27 4 20 29 69688 0.9106107864232676
17 18 11 5 46487 1.0062278379505154
19 17 24 28 35313 1.0306444313326681
24 12 21 19 31083 1.0879680571871222
21 29 1 29 52346 0.9945969006444159
22 17 7 14 36526 1.0905291394713728
7 9 25 12 55553 0.9269755961811261
7 8 26 26 84214 1.0028773119418626
25 4 11 3 48350 0.9308404365267072
28 29 10 7 86857 0.9234698201447508
19 25 6 5 76298 0.9067262939730416
20 12 28 23 54366 0.9911882042499164
16 4 21 13 48266 1.0041255744752113
25 17 16 0 63694 1.0005326911579657
9 29 22 17 56878 0.9003240818092895
16 15 27 17 41236 1.0902977214283744
3 20 6 9 47154 1.0315980174270263
26 1 16 29 79673 1.0316859163269203
29 19 6 12 77504 0.9723520056361121
27 2 19 26 70393 0.9867663610573595
17 1 29 1 20037 0.9007105263855646
7 18 14 14 19676 0.9954050429646525
0 0 21 8 65638 0.9811069479111707
18 28 29 15 59941 1.081502480685628
21 18 4 5 69036 0.9697009782263962
8 17 18 1 67115 0.92563779497328
10 20 11 9 46853 0.9846584487010254
19 3 21 14 50868 1.0322188466911406
27 1 17 28 75121 1.019449076063482
2 7 9 26 60804 0.9482323417067939
18 24 25 15 34731 1.0856780393477143
19 18 26 0 62037 1.082095873749377
28 10 3 23 76184 0.9903203833664058
16 12 27 0 52803 0.9036311342393827
24 22 10 9 53651 0.9435242208906819
17 0 17 10 44294 0.9531838328512565
20 27 12 20 42781 1.006056618531821
19 14 6 25 46881 0.9138778179479943
26 4 9 14 64318 0.9503501814246462
14 2 19 29 85872 0.9289466970937261
24 7 15 28 60572 1.0473758623627263
10 1 22 24 78732 0.9507090896172934
11 24 12 14 29321 1.0354284527844482
21 18 1 20 53437 0.9494913643319264
6 6 2 12 26483 1.0654743451524407
5 17 6 5 38788 0.969892060508272
16 13 3 27 57438 0.9379579100785921
27 2 4 2 52352 0.9249773527769795
7 4 22 5 46176 1.020835353004886
16 4 5 24 65518 1.0313788787132223
14 3 19 8 34697 0.9928521259718104
23 19 25 8 31007 0.9301431349416762
26 16 27 3 52015 0.931775672885909
1 14 11 0 58314 0.9453721835983682
11 22 2 14 37129 1.0136987331504341
10 28 27 24 42944 1.0712302095649657
