1258 1682 1512 1715 1457 1447 1260 1468 1687 1501 1729 1204 1436 1505 1403 1206 1766 1373 1341 1655 1255 1758 1378 1349 1573 1425 1559 1631 1545
8127 8186 8111 7751 7938 7708 8219 8237 8174 8128 8058 7731 8176 7843 7699 8010 7700 7948 8051 7969 8281 8090 8230 7850 8086 8211 7776 7718 8090
7062 6811 6949 6995 6935 6956 6599 6951 6678 6954 6667 6609 7081 6625 6709 6770 6622 6621 6639 6884 6878 7050 6799 6603 6923 6718 6879 6770 7102
6448 6188 6227 6588 6292 6310 6225 6209 6095 6437 6324 6149 6624 6136 6154 6162 6429 6375 6431 6383 6363 6512 6586 6551 6479 6634 6481 6514 6394
5966 6325 6312 6325 6228 6061 6400 5886 6079 6318 5914 6364 6380 5921 6271 6294 6099 5882 6107 6041 6131 6115 5931 6356 5861 6093 6261 6237 5835
4754 4912 4942 4857 4849 4576 4705 4691 4913 4768 4976 4838 4996 4888 4516 4728 4461 4789 4720 4539 4954 4929 4934 4559 4676 4677 4841 4468 4677
3979 4116 4276 4062 4184 4170 4285 4387 4381 4038 4108 4377 4198 3887 4113 4229 4120 4122 4029 4383 4329 3875 4130 4267 4282 3823 3949 4378 4013
5047 4982 5162 5449 5013 5366 5276 5351 5222 5444 5324 5448 5052 5219 5104 5343 5227 4927 4923 5014 5192 5172 5289 5177 5207 5000 5010 4960 5442
5522 5527 5516 5959 5812 5574 5578 5639 5833 5425 5693 5894 5910 5939 5620 5704 5865 5695 5842 5700 5493 5850 5910 5925 5811 5673 5630 5588 5760
6204 5873 6270 6216 5909 6271 5775 5790 6261 5853 6116 5872 6227 5820 6267 5992 5933 6002 5871 6068 6293 5795 6098 5821 6256 5930 6310 6071 5814
3428 3519 3491 3231 3538 3159 3315 3538 3513 3145 3302 3244 3351 3029 3523 3407 3568 3403 3009 3208 3360 3397 3504 3110 3552 3035 3301 3494 3192
4607 4775 4933 4573 4875 4964 4482 4550 4853 4700 4806 4594 4941 4657 4934 4722 5012 5010 4658 4951 4712 4691 4706 4656 4526 4475 4628 4817 4492
4762 4693 4759 4906 5039 4747 4918 4562 4858 5092 4594 4900 4681 4550 4998 4669 4623 4687 4597 4603 4527 4583 4539 4604 4705 4529 4998 4607 4538
2705 2493 2956 2917 2664 3057 2709 2916 2775 2687 3026 2641 2552 2829 2781 2690 2872 2842 2570 2883 2667 2878 2591 2536 3043 2756 2854 2827 3045
5652 5932 5752 5741 5410 5653 5509 5382 5709 5368 5557 5432 5812 5570 5512 5639 5774 5598 5370 5607 5545 5435 5722 5754 5779 5871 5885 5693 5536
5793 5857 5602 6004 5623 6043 5786 6124 6115 5708 5651 5630 5911 5805 5698 5567 5859 5729 5588 5862 6125 5644 6016 5635 5952 6019 5921 5550 5891
3650 3843 3701 3578 3796 3908 3549 3580 4023 3603 3990 3908 3559 3730 4032 4096 3737 3915 3698 4098 3916 3627 3803 3613 3853 3781 3856 4092 3988
2154 1812 1806 1587 2100 1929 1904 2059 2099 1572 1594 1691 1791 1675 1938 2054 1740 2005 2125 2117 1681 2103 2047 1990 2020 1929 2040 1717 1980
2683 3046 2750 3000 2709 3179 2977 2730 3209 3114 3140 3166 2929 2759 2718 2759 2714 3004 2922 3156 2875 2916 3032 3021 3085 2974 2825 3183 3195
7002 7367 7342 7332 7201 7089 7125 6915 6844 6919 7111 7127 6897 7314 7202 7047 7061 6853 7028 7083 7202 7216 7215 7187 6837 6846 7342 7169 7022
5012 5162 5132 5361 4904 5208 4838 5373 5049 5025 5046 4928 5338 5083 4851 4927 5319 4987 5300 5146 5166 4879 4851 5300 5152 5079 5153 5092 5152
6100 6135 6239 6427 6234 6508 6042 6322 6255 6027 6308 5990 6009 6410 6276 6048 6172 6458 6320 6502 6007 6391 6458 6566 5984 6160 6257 6401 5996
2137 2296 1893 2303 2143 2344 2439 2422 2406 2429 2438 2358 1933 2405 2318 2339 2267 2429 2090 2421 2451 2203 2335 1873 2380 2448 2226 2351 2186
4415 4238 4472 3980 4347 4559 4328 4059 4286 4473 4285 3989 4356 4514 3991 4469 4462 4494 3985 4540 4142 4151 4517 4189 4095 4185 4212 4332 4243
6858 6662 6715 6465 6637 6665 6766 6442 6656 6562 6750 6324 6506 6667 6460 6411 6656 6302 6697 6780 6661 6818 6561 6453 6594 6437 6843 6420 6315
2009 1731 2152 1865 1712 1735 1921 2162 2210 2056 2124 2233 1784 2230 1920 1762 2070 1959 2194 2189 1989 2087 1677 1775 1730 1733 1813 1692 2025
4285 4168 4308 3847 3780 4177 4296 3814 3739 3879 4075 3996 3864 3899 3784 4015 3841 3731 3844 3978 4036 4137 3737 3997 3840 3792 3781 4001 4152
2956 2707 2620 2972 2996 3058 2787 2608 2997 2882 2704 2583 2928 2701 2769 2662 2694 2622 2779 2995 2710 2583 3077 2915 2990 2669 2599 2655 2698
6468 6364 6386 6513 6528 6814 6593 6777 6703 6767 6846 6291 6389 6731 6740 6639 6323 6827 6816 6617 6550 6299 6627 6577 6824 6326 6516 6311 6428
2034 2232 2149 2076 2123 1872 2208 2313 1894 2063 2308 2342 1793 2185 2238 2126 2072 2199 2218 1939 2047 2127 1822 1867 1798 2149 2156 1915 2133
8392 1693 7253 7260 3807 7587 1715 4584 1700 2029 3892 7791 3411 8591 5810 1917 8508 8649 5622 5749 3891 2959 6677 1850 8432 1768 8489 3960 3907 7510
8364 1583 7617 6980 3669 7572 1462 5124 1658 2388 4113 7632 3198 8129 6190 2132 8700 8272 5730 6112 3702 3273 6741 1863 8517 1413 8762 3836 4253 7741
8431 1971 7450 7459 3680 7663 1502 4574 1555 2331 3952 7507 3223 8405 5990 2252 8353 8614 5856 6211 3798 3364 6479 1942 8677 1907 8449 3785 4027 7262
8416 1908 7353 7017 4162 7997 1444 4826 1464 2369 4240 7807 3295 8145 6268 2097 8472 8322 5835 5987 4066 2823 6354 1853 8540 1380 8883 3765 3992 7326
8573 1865 7255 7244 3907 7628 1471 4686 1777 2108 3951 7701 3582 8218 5756 2141 8358 8553 5668 6237 3841 3291 6505 1926 8634 1446 8660 4142 4318 7697
8222 1812 7658 7090 3985 8107 1669 5086 1402 2241 3791 7453 3491 8546 5872 1991 8182 8620 5577 5997 3935 3073 6424 1681 8561 1453 8833 3692 4125 7735
8155 1488 7206 7164 3938 8044 1495 4680 1885 2039 3936 7461 3548 8506 6162 2214 8695 8223 5816 5892 3926 3115 6905 1971 8888 1753 8743 3688 4379 7710
8147 1662 7413 7368 4060 7790 1567 4850 1501 2025 3845 7672 3233 8146 6115 2270 8438 8184 6003 5751 4118 3398 6785 1755 8783 1379 8552 3648 4298 7403
8381 1940 7696 7187 3783 7859 1733 5041 1332 2071 3786 7756 3682 8569 6138 2204 8690 8414 6034 5711 3796 3379 6488 1767 8508 1636 8564 3726 4029 7777
8212 1914 7630 7495 4217 7998 1601 4880 1661 2205 4298 7899 3456 8139 5785 2383 8679 8214 5612 6095 3763 3044 6569 1637 8676 1533 8822 4045 4296 7637
8130 1669 7164 7182 3670 8104 1885 5072 1875 2335 4052 7675 3542 8505 5742 1928 8263 8386 5705 5769 4139 3142 6435 2097 8637 1843 8741 3882 4150 7522
8085 1925 7599 7464 3880 7942 1757 5077 1577 2045 4208 7832 3207 8546 6194 1794 8293 8231 5489 6147 3796 2863 6714 1900 8843 1925 8576 3930 4273 7378
8399 1970 7252 7397 3892 7823 1559 4681 1781 2521 4056 7886 3196 8445 5806 2366 8528 8420 5567 5889 3903 2837 6516 2059 8840 1419 8643 3897 3926 7771
8237 1951 7223 7421 3960 7645 1821 5090 1664 2538 3976 7925 3236 8529 5828 2180 8411 8530 5480 5805 3684 3094 6824 1678 8605 1807 8869 3572 4087 7484
8402 1496 7595 6918 3954 7622 1399 4735 1484 2287 4229 7920 3743 8472 6164 2248 8577 8556 5833 5852 3857 2824 6335 1599 8426 1767 8503 4059 3973 7562
8347 1702 7377 7033 3837 8119 1503 4620 1882 2245 3881 7584 3615 8429 6082 2174 8308 8749 5980 6033 4099 3397 6500 1760 8614 1800 8680 3611 4248 7406
8171 1669 7196 7249 3697 7645 1859 4821 1482 2305 4105 7961 3672 8438 6234 2197 8567 8577 5680 5784 4145 3091 6458 1723 8495 1451 8871 3677 3976 7256
8629 1521 7460 7335 3854 8011 1428 4831 1456 2572 4336 7873 3534 8413 5931 2159 8302 8319 5798 6076 4166 3158 6660 2097 8507 1455 8584 3634 4187 7723
8638 1554 7473 7301 3725 7811 1725 4621 1353 2101 3843 7638 3569 8039 5967 1892 8188 8355 5789 6192 3900 3378 6550 2116 8490 1423 8571 3618 4281 7576
8574 1729 7264 7287 4117 7608 1762 5087 1361 2136 4258 7733 3482 8056 5960 2238 8229 8715 5979 5806 4101 3095 6751 1959 8822 1493 8412 4048 4363 7333
8588 1462 7687 7139 3715 7653 1409 4565 1872 2073 4305 7524 3210 8252 6171 2049 8336 8348 5926 6070 3817 3374 6696 2064 8778 1921 8828 4138 4330 7521
8271 1518 7687 7260 4135 7726 1556 4802 1868 2608 3784 7947 3220 8274 5714 2062 8408 8680 5694 6013 3831 3350 6588 2118 8514 1817 8599 4120 4202 7256
8541 1926 7565 7349 4228 8104 1603 4615 1502 2442 4252 7818 3718 8321 5887 2240 8697 8680 5510 5801 4158 3306 6888 2044 8848 1676 8932 3928 4144 7621
8259 1474 7529 7362 4085 7936 1432 4806 1339 2316 3990 7438 3679 8225 6160 1972 8246 8687 5473 6166 3805 3275 6504 1704 8591 1385 8783 3601 3949 7234
8645 1840 7282 7365 4024 8021 1911 5025 1845 2520 3990 7821 3420 8110 6076 2151 8441 8301 5780 5895 4093 3173 6845 1638 8910 1633 8477 3663 4345 7304
8302 2011 7525 7241 3799 7584 1863 4653 1833 2500 4152 7568 3160 8093 5705 1995 8710 8392 5802 5734 4148 3173 6840 2055 8470 1802 8893 4061 4413 7332
8470 1602 7498 7062 3801 7609 1685 4665 1899 2527 3916 7974 3639 8454 5983 2156 8292 8457 5477 6121 3814 3283 6589 1835 8896 1629 8712 3818 4284 7390
8533 1568 7166 7354 3691 8013 1393 4974 1597 2566 4258 7506 3241 8475 6148 2222 8317 8523 5722 5879 4041 2914 6504 1782 8480 1527 8494 3646 4051 7237
8065 1911 7493 7211 3841 7815 1557 5111 1770 2192 4242 7857 3446 8138 5805 2097 8398 8509 5697 5691 4007 3080 6496 2097 8883 1411 8589 3807 4396 7584
10 0 1 2 27757 1.0541967478358043
17 3 16 13 23766 1.0091955286495353
27 14 15 10 40358 1.0609900178945757
14 24 17 9 36969 0.932651678514704
0 15 17 21 46943 1.0250643692509342
16 2 2 17 70839 0.9509289390689581
17 26 11 20 28534 1.091582986072418
3 6 12 7 19540 1.0044103651507408
21 10 14 21 46204 0.9361818869889063
7 11 19 13 52202 0.9567237977305896
19 28 10 12 58826 0.9849844980994151
9 9 23 8 26875 0.9721834436097709
21 9 25 16 23995 1.0764736243848982
12 26 1 8 50784 1.053644649519824
9 23 12 13 41600 1.053676509040516
28 25 29 0 53456 0.9806233847259078
28 18 3 2 89360 1.0966377007368773
24 26 21 19 29174 0.914608547835653
27 9 2 0 66526 0.9329862526181147
0 9 0 28 28047 1.0672828197219086
20 25 2 25 28870 1.0663343321245582
18 18 23 5 41001 0.9499051268448845
13 2 27 26 73284 0.9285201789679255
11 0 27 20 73573 0.9495711766936588
2 20 10 14 40058 0.9045897290361846
2 13 25 2 70271 0.993468427561637
18 6 4 22 63107 0.9747563305518815
29 9 19 29 70614 0.9409784392863646
4 28 13 10 72543 1.0268736307105155
0 7 14 0 40076 0.9143959006325991
17 17 27 19 35465 1.001623772605172
11 27 24 13 63767 0.9535206070981462
13 29 10 7 65832 0.9307557722994877
2 9 13 14 38025 0.9154980005551705
2 2 29 9 68539 0.9597847144579026
8 3 3 8 33722 1.0684344460356137
13 2 6 21 73026 1.028153250432354
15 3 15 18 51349 1.0570512718596596
4 6 4 24 44912 1.0735080258322052
27 4 29 14 26110 1.0275323023396579
2 25 18 0 71908 1.0666428607861729
5 9 11 13 28755 1.0817864133749975
14 12 22 6 29829 0.9389940154955998
18 16 3 7 46254 1.0150907005635832
29 22 13 12 56922 0.9837869003310395
8 24 14 1 68441 1.0361132352710332
28 26 15 19 47862 1.0999332789518879
11 14 3 3 62304 1.0850704194025171
25 7 9 12 43163 1.0570436101500442
21 10 8 10 40886 1.0502442089374129
12 14 4 25 49323 0.9492596251835272
22 11 25 21 27540 1.0493141021993102
23 8 29 4 17760 1.0390033832690313
15 20 19 1 46917 1.0342723491183727
5 26 29 22 49102 1.0287079786451483
29 4 17 14 37594 0.9473615777217527
15 1 20 6 17520 0.9964721273476894
7 15 5 24 40469 1.092900002191383
25 28 10 16 56217 0.9898956419275187
28 15 2 5 68710 1.064078707207798
25 28 26 3 54403 1.0277579791626619
19 9 0 1 44987 0.9819039922806243
5 18 9 29 59023 0.9586455795732036
14 29 12 21 31945 0.9752656316202712
11 5 12 18 47167 1.0002692032032792
25 2 9 2 34924 1.0699833231053086
12 6 2 7 22723 0.9483160599716801
28 2 3 29 112051 1.0212047420313728
28 28 7 7 82040 0.9029459511586785
7 14 1 2 46425 0.9774136855358297
8 16 25 20 52115 0.9680652653719738
26 8 17 21 38511 0.9659551174192487
18 11 3 29 80442 0.9476698361085721
5 22 16 10 55227 1.0806838733576514
5 7 6 28 59481 1.0289444042796936
14 29 15 7 65149 0.9537166491122114
27 13 19 9 30219 0.9570762966395019
26 21 27 10 33172 1.0560161722141206
10 10 14 26 57787 0.9636803531012513
20 1 4 19 81245 0.9373531398020152
1 13 22 19 67512 0.9214201505995726
1 6 11 8 22253 0.9007127228001381
27 2 1 28 91831 0.9109574240218296
28 13 21 5 41621 0.9444205103963167
23 20 2 24 54931 0.919197368933218
4 11 15 3 57531 0.9490921405431023
17 10 8 14 33783 0.9964948605684975
4 21 5 9 41018 1.0873384016942513
3 18 5 3 56622 0.9259949535881046
25 27 8 16 61409 0.9118792718733746
24 15 28 21 23684 0.9075205181880246
9 25 3 0 61490 0.9413769338788767
22 5 7 19 68711 1.06848902849677
9 18 26 2 74905 0.9011802664219372
1 2 18 6 42254 1.0409978956913062
2 20 12 6 47428 0.9942163777442641
25 10 12 15 38219 0.9998630991453228
24 17 6 29 71180 1.026190881451145
8 12 26 14 54470 1.060285279331886
24 22 14 20 38595 1.0187577058120334
11 23 23 19 36284 1.097163283845297
22 27 6 18 57485 1.0018857890212667
8 1 26 20 70908 1.0279928915296517
19 18 19 6 35901 1.0692280627978608
10 14 20 12 34399 1.0252830016367747
17 20 24 12 34494 0.9425750719739743
19 3 28 12 49809 1.0762715748196516
28 2 26 17 49231 1.0985209190103329
23 0 0 11 58446 0.9589697763788982
11 26 5 12 57693 1.013886819979969
17 14 28 8 28347 0.9798813527482858
4 4 21 2 52133 1.0228270696340631
26 16 9 27 60638 1.017410621932913
15 24 5 16 52783 0.9089107312303779
1 24 13 8 53065 1.0068634432466965
27 0 8 0 41351 0.9512435242711527
16 28 18 2 58933 0.9189620841982932
5 19 14 4 70445 1.0763494634880246
15 23 8 9 50168 0.9890679666624695
27 5 16 0 33251 1.0216844641417238
15 26 3 0 77803 1.0586200563090127
28 15 21 18 25465 0.9540265623062654
22 20 0 9 63673 1.0725272843750089
8 12 28 28 80018 0.9363752490297031
20 7 28 21 49889 1.0997429555395848
28 5 4 21 86231 0.918659833604131
26 24 1 3 85851 1.0464522680622457
10 11 15 3 40457 0.9074276296406429
23 10 12 29 69712 0.9488119850179888
17 11 0 11 37862 0.9398209651384374
6 23 0 19 17161 0.9093834088681704
19 6 9 17 48671 0.937727787193808
17 23 26 14 37446 0.9687213362602054
5 29 11 24 32786 1.0672731421018307
29 21 29 8 27424 0.9517398235440748
23 13 16 4 37304 0.9639813300084544
12 16 19 21 34092 1.0008991859590264
27 26 25 16 23770 0.9587486787534611
1 13 14 21 56095 1.0507734635127348
11 19 18 25 33011 1.0748773179408775
20 28 27 8 57972 1.0928001765164301
20 17 7 29 73389 0.9893435463061184
25 26 19 7 52424 0.9284702061872794
6 17 2 2 51972 1.006438865440266
28 14 25 6 29409 0.9823354496970723
21 11 8 25 60252 1.0990921174728003
13 12 20 6 26519 0.9253172994794011
11 7 21 5 27212 0.9048743224278885
15 19 20 6 40979 0.948344449906908
10 7 0 24 43019 0.9552657341057607
16 6 27 6 18233 0.9796061697790261
18 23 0 20 37549 0.9058298984687395
28 18 22 9 37476 1.0158179698165002
14 0 23 4 29023 0.9162535140081718
13 27 27 23 32633 1.0090975352648277
19 22 1 11 67560 1.0041422224847532
19 23 2 11 64568 1.092426266298158
24 26 16 13 47448 0.9324234741152768
20 10 24 0 38210 1.0830092128976805
22 17 6 1 59949 0.9799737877263288
12 20 8 28 40960 1.0829312719639512
28 7 21 18 44963 0.9472788098379431
12 1 26 5 35139 1.0610072622269118
26 24 19 6 50292 0.9709464617261883
26 18 28 9 31533 1.0493490303163973
25 2 8 6 35407 0.9004032435715935
9 22 7 11 54516 1.061226834585815
29 22 15 5 62614 1.0160760826718351
10 20 29 3 73090 0.9757297670728775
18 8 5 5 29843 1.0998232423118235
20 4 29 14 40887 1.0115835904375037
0 11 6 1 26290 0.9439176064856569
19 16 27 20 37662 0.961992094163728
7 29 28 9 89147 0.9325583071587462
8 7 17 13 29124 1.0667490474785308
22 20 3 12 68470 1.0089337016849198
1 4 29 9 58708 1.0597924426188923
3 17 7 23 43710 0.9166070562585181
9 2 23 3 38589 1.0335901194193338
10 20 16 15 29285 0.9996218320916186
25 16 21 1 36355 1.0791268619522647
21 8 7 25 54844 1.0341046368430395
0 25 20 22 42713 1.0509517083408735
15 22 13 8 42726 1.011412755790883
22 3 24 13 34336 0.9022479983306164
15 22 15 9 38665 0.9354219410857798
17 18 20 5 32245 0.9058419210980836
29 14 18 6 35002 1.0237211858824053
28 28 16 29 41858 0.9234011630194834
7 9 23 9 34219 1.02522676300224
23 5 29 24 52105 0.9658728780975672
6 21 1 13 38878 1.005331393093882
28 18 8 29 74614 0.9634635218856547
7 29 22 17 63263 0.9672797532591204
9 20 20 23 33012 1.0218866236295434
14 17 24 14 39104 1.0394954867722195
25 27 12 10 62610 1.0173845594436401
21 22 0 13 60395 0.9888133516711612
16 6 23 10 22819 1.0322577559361095
26 11 6 21 72708 1.0427804053782748
12 2 23 3 31901 1.0174003201658872
1 18 27 13 72839 0.9006485908988932
16 24 22 6 45411 0.919809607607181
12 12 29 26 61360 1.0657878938007594
29 20 11 26 43477 0.9887201267378314
18 20 21 8 32609 0.9989822362674381
8 27 12 11 63124 1.0962111745526903
11 28 20 24 32984 1.0071794144047104
12 17 4 2 69101 0.940647840087785
18 10 4 16 47409 1.0495713108871185
19 14 24 9 32190 0.9895159157040829
11 21 28 23 39341 0.9515575372518259
29 25 0 6 74699 0.9258053649403807
10 4 17 22 48628 1.0334844958861549
6 10 12 4 35079 0.9399752176314016
8 23 25 14 49807 1.0565266194478515
26 2 18 5 29187 1.0232500438510874
24 12 25 29 36049 0.9922098704319532
5 12 14 5 45106 0.904823930487392
0 4 18 6 31774 1.0753752836726167
3 21 15 0 71838 1.020390582569861
29 4 9 19 73901 1.0871899680442294
4 24 24 10 73589 0.9875123108656597
5 18 21 6 62574 0.9326135361455707
17 18 18 0 35560 0.9983209492673504
18 26 28 9 53694 0.9912217090552851
22 21 22 1 46124 0.9953600603592949
24 25 17 2 54797 1.0063733852448546
24 14 27 23 27813 1.0175634179093394
15 16 2 14 40344 0.9135316783880544
17 19 11 24 23323 0.9912116308144872
4 12 16 14 45064 1.0113568660714554
23 15 20 1 37347 1.0934947038474836
27 18 14 12 45326 1.037721441912646
22 14 9 18 43595 0.9272765073413591
6 5 15 12 39500 0.9099058602884764
17 29 4 25 28878 0.972280429169163
28 19 26 2 53351 0.9183147771945551
14 26 10 0 72138 1.0987495415945592
4 12 22 22 69829 0.9987455741781981
2 1 26 14 71077 1.050588307496474
10 14 17 26 40221 0.9109841354280197
10 5 1 15 33928 0.9190063738751715
27 24 20 10 48636 0.9193294605650564
4 19 10 0 71109 1.011209241793752
13 28 20 16 46360 0.9838686329625772
21 12 1 19 67122 1.0825108620391866
13 13 29 5 45242 0.9687263856135375
5 0 27 11 64060 0.9776501521392662
13 2 18 27 61635 0.9757640720882548
21 29 25 23 24666 1.0433937575159942
29 0 2 27 97216 0.9395087973608824
3 4 24 2 61740 1.0839907140688503
9 24 14 1 66570 0.9213683559028506
1 6 11 22 51688 1.0666014352702269
1 2 18 3 44028 1.075888769560215
12 18 1 9 50109 0.9375154170942248
7 14 21 3 65101 1.0623968084578268
21 20 11 9 49979 0.9858645918433314
13 14 16 5 30766 1.0952573571241435
7 2 17 27 72288 0.9822202969636217
21 1 21 19 48783 0.939758808368302
13 15 4 24 45142 0.9795475998889148
2 3 24 26 90509 0.9920405313276468
1 6 18 21 56930 1.0582315406033556
10 15 22 9 36638 0.9953299450584501
4 16 13 19 36559 0.9985314326948223
3 26 7 19 40736 1.0777133517306965
28 10 3 29 102460 0.9180807751811763
14 18 23 12 43457 1.0758066041135508
6 5 26 7 41334 0.934930727797362
11 15 24 13 40698 0.956460517013885
12 23 29 11 57436 0.9939677377318195
20 19 5 22 49705 0.9216000545949833
21 29 11 3 85091 0.9058645196647261
27 4 28 29 64500 0.9834256337752196
5 1 13 26 68291 0.9112078581167709
12 21 17 13 30578 1.0356486148909876
5 28 18 12 62572 0.9310079340764645
5 26 21 19 52228 1.0431915587991205
0 1 29 0 52368 1.0276898451659435
26 29 28 3 71655 0.9504566561307961
3 4 24 0 61936 1.0717765193975939
24 6 17 11 20143 1.092909015342056
11 29 4 8 65636 1.0369800065547992
4 17 1 6 35699 1.019211960989523
11 23 2 12 43027 0.9317174145428256
25 2 2 10 61653 1.0156562257996045
3 7 24 25 72388 1.015420764686538
4 19 10 0 71109 0.9254256694382256
15 27 29 28 36649 0.9965596604480988
23 5 23 15 29550 1.03751567959104
3 11 24 7 58816 0.9992264090766421
29 4 6 28 89877 0.9655996082863599
29 1 2 16 80567 1.0682979914801558
10 0 0 17 45242 0.9884879845038359
27 1 25 25 50880 1.014008667851961
0 18 11 21 35675 0.9720385974200225
12 19 24 0 69261 0.9063580373418741
29 19 17 3 52712 1.0959016197883062
18 17 23 3 44530 1.0685375977928304
25 25 13 8 51557 1.0725770245333195
6 13 15 3 57978 0.9689081647857537
15 3 22 11 36713 1.0364140835913924
13 3 0 22 53045 0.9287169001654433
4 3 13 0 31587 0.9101821590299289
27 4 6 6 40607 1.0158631586339926
5 19 24 23 54619 0.9588471065709059
6 24 27 11 69962 1.080580900807569
29 20 5 6 68883 0.9297443630278589
13 6 26 2 34397 1.097837324541608
27 21 13 9 55018 1.0226429323488464
11 29 24 10 74469 1.0460593929273052
23 24 25 3 47410 0.9744590620685105
17 21 14 14 23853 0.9849466643272622
24 15 22 25 26277 1.067815244689069
7 7 20 16 45166 1.0567448236938108
12 3 16 20 51610 1.0195874255012423
15 25 27 3 64746 0.9766207100043248
11 9 25 6 30532 1.0154487632975062
8 14 1 6 37542 0.937200050564417
17 11 7 18 44336 1.0772645112814236
10 12 16 6 28785 1.0780855156265894
20 24 9 8 53110 0.9733288931938674
11 10 28 29 82876 1.0476519221049208
2 0 10 26 64701 0.938035662420434
21 23 14 29 35665 0.9611219900344801
15 6 5 14 49802 1.0400450263358259
0 11 26 22 69873 1.0142888505915226
8 17 10 25 40481 0.9571349104409833
17 19 1 2 64076 1.0123198249617282
21 0 7 28 89335 0.9985731796834239
15 3 28 23 70282 0.9607457108175904
20 25 21 0 62176 1.049193346362932
1 11 21 27 72576 0.9306885294886866
26 1 6 7 46496 1.061308136792437
29 28 16 20 39378 1.05321656530839
0 10 12 9 27016 0.931693961934
29 10 1 21 73352 0.9543301368666897
21 5 28 11 36914 0.9094523319013261
4 25 21 23 33458 1.0336466438181975
27 12 0 24 74037 0.94450592429714
19 18 23 2 55930 1.0684496440843598
16 8 12 15 25007 1.0940089570028257
26 11 9 26 64800 0.9693237569979507
20 8 6 25 54725 1.0853573400019705
29 10 16 29 63903 0.9680446888483408
13 20 25 2 59159 0.9545050182527344
10 5 25 11 37891 1.0019995733399267
21 7 10 3 34077 0.9092509161214922
22 27 25 9 41147 0.9670889625271769
14 2 22 0 20720 0.9836753745874444
25 29 10 19 50361 1.051931527345503
0 6 10 23 43170 1.0247208199171365
8 25 3 9 42679 0.9359088207326279
13 17 15 3 48251 1.0778253861844316
9 3 7 16 59290 1.021755219921698
16 5 18 27 49226 1.0502154187865436
18 11 29 19 43261 1.035446411337468
18 21 11 5 46065 0.9030941572164787
14 26 7 14 53299 0.9021819270955042
2 7 12 12 39086 1.0193042279918787
2 7 13 29 67765 0.9038265782797376
8 1 20 4 33137 0.9765201806668278
11 1 20 16 47486 0.966768141923779
20 11 15 0 41334 0.9869654981024814
27 17 3 20 79897 1.034203758872839
10 7 18 15 29802 0.9408901989536345
11 29 15 12 60526 1.099348802680685
4 10 13 14 39643 0.9955057563129042
15 7 28 4 35267 1.0711287115800725
28 19 22 0 55999 1.0045682350178335
11 16 1 0 58907 1.0499661584265576
20 28 5 7 74976 0.9822609579535589
10 0 19 25 64127 0.9350685802368623
28 15 18 1 45711 0.9389344010471642
17 24 7 3 66697 1.0241543715057042
17 7 12 14 30582 1.0791661576609615
16 3 8 7 30118 1.0582226615674868
10 2 11 29 89293 1.0769235928854397
15 9 28 26 58780 1.0358378989947516
22 22 6 10 65503 1.0987014497517973
24 15 19 0 46937 0.9882558761839815
13 2 21 4 27722 1.0469913140696079
14 27 15 14 45267 1.022897786260995
16 27 8 15 47002 0.9377345932012439
12 6 0 8 22029 1.0802097235038175
27 3 22 26 57788 0.9439739867722501
17 1 27 28 69596 1.0797803007574207
9 19 8 28 44381 0.9140627132939716
1 14 17 10 46223 1.0180396008783859
24 4 14 1 27456 1.0813840635131913
10 11 25 29 67982 1.0552593420898795
27 29 25 3 57436 0.9942588728855218
11 22 6 28 31916 1.0395000527697473
0 14 13 27 42522 0.9911327065357446
0 7 20 17 58043 1.0802537645148615
9 25 18 10 46452 0.9707455075055975
13 25 17 15 26707 1.074023554852327
22 23 8 22 32484 1.0896553158208715
25 1 13 20 60890 1.097819854560707
4 19 21 10 76054 1.0636642008386241
29 11 7 25 64505 1.0247548944586087
13 23 11 7 49192 1.0530136254368163
11 18 20 9 44773 1.0893515125046123
6 0 16 29 82454 0.9006190140494036
28 1 27 20 49778 0.9789524499198503
1 17 10 11 46369 0.9151106072591777
3 19 25 23 65624 1.030782559712243
27 16 8 7 54343 1.0018373144456403
26 7 16 8 19725 0.9571527796348066
28 3 15 9 43108 1.05398592531279
18 26 6 25 22742 0.9767396281258243
20 11 17 28 46485 0.932450906840054
14 2 24 1 21983 0.9844062526113904
29 25 15 26 28442 1.0303859359662697
21 7 9 4 35063 1.0217971314161436
15 17 23 3 52695 0.912422526298765
14 0 5 3 31837 0.9136703816243814
16 0 8 21 70269 0.9431648635864723
2 19 25 10 72554 1.0250967012357242
22 12 20 0 33463 0.9200302093836762
28 22 18 28 36134 0.9653556167727888
16 3 27 6 27678 1.0050251646397008
26 14 10 8 42683 1.0504816601638876
23 12 7 29 77628 0.9075795614051323
13 17 7 11 37372 0.9981551519335564
9 6 6 21 54630 0.9735425626424994
27 10 6 8 40331 1.0076314181193289
19 27 4 21 49197 1.0194447787950078
8 22 24 20 47436 0.9849926102936967
26 27 1 14 69957 0.9511871275427999
4 14 6 6 37125 1.020172918225821
0 1 27 13 68643 1.0082990372319294
3 25 6 9 41986 1.0220869766651632
25 19 4 12 67977 0.9076608473656012
8 23 25 19 39902 1.0422585550450478
12 4 11 29 80353 0.9364334794973292
20 18 12 28 50837 0.9071397833870647
24 19 9 10 63734 1.046958888123166
3 28 29 19 72834 1.0182507179536389
16 0 24 22 66764 1.0746223418514234
16 11 23 7 25237 1.0968386776649683
7 16 25 15 43850 0.9542843380413661
5 11 24 6 49061 1.0033757649657822
0 11 13 20 47094 0.9710273684335757
8 20 26 18 62314 0.9807015648343735
19 8 27 4 23472 1.0041711430580798
22 25 26 9 38973 1.0928417752158037
8 0 25 9 49761 0.9209189487854736
17 15 3 13 42477 1.0034543425946958
11 22 18 13 38933 1.0926978803734726
27 8 4 8 37631 1.0196957474505048
15 16 6 29 64296 0.9995802718311664
2 20 1 8 27099 0.9918549423257038
1 26 27 8 79041 0.9677798160808959
20 19 3 25 49746 0.999767869070242
27 4 22 17 39211 0.9615458937819176
0 2 27 20 81595 0.9045348110772756
8 25 28 13 65512 0.9283421494025212
0 28 25 28 50336 1.0747667811961408
18 27 0 20 42247 0.9123396213195565
14 15 29 8 38674 0.9674118437426482
29 19 8 23 47664 0.9123985638560864
19 18 3 6 55511 1.0777921759065623
2 10 20 20 72522 0.9655396859770409
27 8 3 12 59961 0.9225142369267744
11 22 4 6 56096 1.0222214488478478
24 3 3 27 95357 0.9707373173286586
24 28 7 14 69116 1.0592837862279731
16 0 3 19 76963 1.0900133612190208
22 8 13 23 42902 1.0232562475241234
27 15 0 10 62172 0.9855664607193451
27 17 10 5 55565 1.0486425629072407
5 13 14 17 40147 1.0299978696168375
17 17 12 25 24332 1.0631484954384163
7 10 11 19 47534 0.9423376814226571
7 7 20 1 35998 1.0347576677136032
4 1 25 15 63413 1.0024027941894353
12 10 10 2 33257 0.9726085834293987
20 6 10 24 53036 0.9069231177228304
18 21 29 23 27360 0.9809504478448174
24 12 17 1 37836 1.0563460736880739
10 16 16 23 34542 1.0773129559789332
18 16 20 2 40441 0.9790486071336639
4 12 15 26 62573 0.9061981315687982
0 7 27 10 51355 0.9713640075852294
26 6 23 19 40549 0.9781691516931104
0 1 16 9 40762 1.0758545145688854
7 1 9 22 67764 1.0320671436452011
23 13 19 29 59940 1.0643154974267803
1 0 8 6 29788 1.011004312811801
13 26 20 4 60813 1.0975024062673138
14 10 15 22 44758 0.9362614225067711
14 7 2 16 49498 0.9424804376751386
17 13 8 7 29124 1.056150022391342
15 16 26 25 44425 0.940501317188522
1 18 3 2 42408 0.9085554808257902
13 28 1 23 34064 1.0078866295035789
9 26 16 19 37217 1.0748133017515282
19 10 27 14 37082 0.9855120464791767
25 9 13 24 52334 0.9446569167418024
7 23 16 11 46831 1.018759610710944
5 23 22 12 54555 1.079678522346331
10 7 18 13 28702 0.9209749647410171
27 7 14 26 62067 1.0691544713983152
1 15 25 23 60450 0.9724582590666646
28 20 15 12 51398 1.0815474848332618
15 27 0 0 71014 1.0652688942149076
3 3 14 1 32519 0.9309959228968583
11 13 1 24 54552 1.0552772431200974
18 9 28 18 46394 0.941277399764101
29 1 3 17 88104 0.968132710988685
25 18 20 23 19704 0.9927740978678433
20 25 1 21 41068 1.0907602219043202
14 14 4 7 43015 0.9702023921196326
20 2 11 16 53204 0.9453585915163472
27 1 3 2 47796 1.0387577126737741
26 7 5 20 79379 1.087654577997232
21 11 10 26 60118 0.9691452383488826
13 5 14 27 61160 0.9808620585191177
15 22 19 5 50419 0.9810034446904494
24 25 3 11 73829 1.0287502811487614
17 6 4 27 69631 0.9249972654851335
3 10 28 16 75464 1.0634842028013314
10 5 0 14 30608 0.94974971459241
5 26 1 19 27308 1.0039408578424562
18 28 16 9 42321 1.0469273338134126
23 10 8 15 45578 1.0276399629835737
4 5 2 18 41074 1.0750245735849093
29 24 19 22 28378 1.0058765747768077
27 14 0 2 69662 1.0455846478060773
0 28 22 27 45078 0.9233015272843238
5 12 1 0 43021 1.0154805963519136
16 2 14 28 68706 1.0353735421569399
8 23 5 0 61353 0.9366461038631726
10 21 17 13 36583 1.0251077164394187
25 28 27 11 39802 1.091980254327016
17 3 24 13 40692 1.0550512752415302
24 2 13 3 30113 0.9510858400155822
28 23 15 6 56077 0.955829634600126
4 12 29 0 77101 1.0572562237367884
16 13 5 6 37998 0.9772001879415075
29 19 22 29 31874 0.9713299855445843
29 19 1 12 78091 0.933904946425659
19 2 25 10 34860 0.9390329660515424
13 21 20 2 59651 0.9292912789633992
20 14 1 12 55383 0.9914668412421157
0 16 17 17 41488 0.9387793821383735
15 8 2 8 20958 1.0054531338687054
16 27 27 19 39209 1.0007639610238441
2 15 19 29 67027 0.9465645794534059
3 12 3 27 43395 0.9935758678184817
23 14 14 7 37996 0.9048894831000659
2 19 21 1 73682 0.9208890020640009
25 26 22 15 27528 0.9510344725652015
22 19 4 2 74470 0.9670924656500889
14 9 6 16 38442 0.9884699299474535
0 27 24 27 50676 1.0412759023024996
18 3 14 21 47673 1.07500546534123
29 3 22 9 23744 0.9352520708732103
14 6 19 20 39191 1.0130563643499852
29 20 1 13 82666 0.9226158756678153
17 24 11 1 54132 1.0778211029017482
7 24 24 12 63356 0.9292448812084273
19 9 0 25 59565 1.0204478952380684
28 5 11 11 51793 1.0315593781648782
3 0 5 21 57007 1.0589962739950862
7 16 24 14 48159 1.0265549780806473
7 24 21 20 44326 0.919703072680858
6 17 8 5 51971 1.0895139108689977
18 29 24 17 47426 1.074455991389836
18 17 13 22 28226 1.008505919018014
2 5 25 0 55251 1.088383116510805
15 2 0 29 74524 0.9408417780613898
0 16 27 12 66845 1.0817424558812168
6 8 29 27 73843 1.0406995712181721
17 29 16 4 51597 1.077433997101679
8 5 1 12 30159 0.917267833443077
9 8 25 25 58451 1.017901373335394
11 23 23 29 38250 0.9859482165051358
29 3 14 24 68316 0.9243823667779074
7 21 5 7 53804 1.0851155057243334
10 18 6 1 63817 0.9119780470564175
5 14 23 27 67058 1.0858586424377952
3 24 26 7 78432 1.0603130393889195
19 20 7 15 39851 0.9261875577503341
4 15 19 25 50850 1.0971199241731349
2 14 9 28 55206 1.0018837537581737
16 4 2 21 61308 0.9840034978405116
3 10 11 21 59254 1.0052132572221553
12 8 24 20 49713 1.08222097596448
4 7 15 16 49487 0.9163793776245827
10 7 19 13 36239 1.0302702794248277
24 20 9 13 59266 0.9632504999825335
28 7 29 17 26445 0.9884775361361324
26 22 16 13 46195 1.010882980194607
7 28 12 1 82877 1.0289970581112255
22 2 3 13 69310 1.0555311960910756
10 2 19 8 31907 0.9758009597321469
15 5 6 0 38450 0.9012492804292331
11 21 18 12 38766 1.0469893857125765
4 23 20 10 60551 0.9194039949097838
14 17 28 25 53198 1.0455792129072239
1 24 10 23 24245 0.909798819741268
21 7 12 11 32988 1.0747804615741448
5 15 2 27 35973 0.9527619574324954
15 28 9 6 63499 0.9243534555353118
4 14 11 22 47262 1.002843934179382
16 22 1 3 69945 0.993985266074143
13 14 27 3 52275 1.001019876949608
23 9 6 5 39070 1.088943140438855
25 5 18 12 28904 0.9121605364583042
4 16 25 17 54979 1.0769506586363005
6 22 27 21 49366 1.008068353817246
11 8 15 22 46084 0.9757974511709198
18 8 29 18 39459 0.9408327731249352
2 6 11 5 19331 0.9100923267872854
1 23 9 19 35959 1.0575577411712263
0 11 5 19 34785 0.9355178887888568
27 15 7 8 47543 0.9088540467157983
29 20 19 14 38938 1.0837320709987774
25 1 21 21 51545 0.952383709132946
4 26 21 18 56861 0.9721619094502707
29 22 13 3 68429 0.9117831208768259
15 21 5 25 29907 0.9914997272341269
8 6 14 17 47044 0.9696656778002848
22 2 19 13 39984 0.9698471923450429
9 23 10 8 51600 0.9427614392413379
22 6 21 18 33877 1.0587301860991214
28 25 20 8 47373 1.0719892521446386
27 11 24 20 29399 1.0186986498526334
14 3 2 7 39704 0.995681198567939
9 13 19 27 60111 0.9890901990195035
27 4 18 25 59022 1.0119585628514773
10 11 28 18 62648 0.985372704589807
8 8 15 16 37036 1.0829225581460362
4 17 3 4 48044 1.0851353935861714
12 2 12 20 61522 1.0819877022813482
16 26 27 22 28507 0.9795319373757788
0 3 22 28 75280 1.0858488500626737
2 12 8 20 49571 1.0345770043850036
16 29 29 25 32822 0.9188682968086158
13 26 10 14 39939 0.9159754554626925
13 20 15 5 48036 0.9780752634864046
22 29 21 11 47865 0.92064200719796
23 22 18 6 49054 0.94867774970896
7 11 3 23 50927 0.9788523945980065
25 25 3 2 87578 1.026968965202289
6 0 22 5 39784 0.9857073076422437
29 14 6 0 68842 0.9082159568215089
12 21 17 27 23045 0.9499682960085678
10 9 11 24 53203 0.9094506774087727
19 26 12 13 50319 0.9232128873207553
10 5 28 22 73764 1.0920423459807085
13 8 22 9 16828 0.9009499472696881
25 7 5 8 34284 0.9686020819639805
12 25 28 11 62560 0.9499528582034173
15 9 25 12 27868 1.072749071388989
26 9 0 7 46454 0.9363178257638942
23 14 0 19 58805 1.010320341180695
19 19 11 1 56020 1.0583059544513445
13 19 29 15 45006 0.9106096508679794
8 24 20 4 69367 0.9332433800403932
4 9 13 5 28717 1.0852903577793411
29 6 0 21 68555 0.9771050474726972
20 16 28 10 37495 1.0366575470074604
17 25 21 18 29556 0.9392118040049977
0 23 23 4 68962 1.0100259862600416
22 17 1 10 62126 0.9324534669213078
25 15 26 24 21979 0.9462152899286451
22 21 9 6 54104 0.9587786877521142
23 14 4 12 59860 0.9385449823987813
21 17 12 4 53076 1.0211835081277885
10 22 18 11 44296 1.0314359936889832
28 27 12 27 41480 0.9565206765200065
0 24 12 29 39329 0.9416176082608684
18 5 4 25 62024 0.9600266377794687
5 13 27 14 59036 0.9696689119357711
19 23 26 3 57187 0.9400255485357633
17 3 16 15 24136 0.9620522477496081
18 7 25 1 23570 1.018785941384233
5 29 16 16 64604 1.0335015378625032
23 22 12 16 47688 0.9755126203767377
11 1 28 10 50375 1.0543204593064224
2 17 15 7 58346 0.973321233758856
26 15 0 27 64894 0.9602555054941272
5 0 0 18 39125 0.9139258991997729
6 28 9 20 39137 0.9859045434595687
20 8 10 21 49500 1.029214437688101
0 15 6 22 26977 0.9243571558875394
29 25 22 10 43616 0.9560547847842903
4 29 9 20 52579 0.9043924903361591
0 18 16 5 47029 0.990490481020022
2 5 20 17 64079 1.0201657953407441
9 1 6 11 44611 0.9974632406104115
27 25 6 8 66600 1.0817632167297702
24 28 29 9 49096 0.9869056384116852
15 4 16 22 46326 0.9332947308708104
24 29 12 2 86290 0.9833110793235891
5 17 12 11 41803 1.0104633173556283
10 10 0 10 25781 1.0733866313711358
23 14 25 6 26754 1.0978326290132596
25 21 8 27 46191 0.9777486172171401
4 9 24 15 53519 1.0547559235991384
25 1 22 21 48195 1.0794644922029693
25 27 11 9 60433 0.9891582306866918
16 1 14 24 53934 1.0934193656443192
18 9 24 18 40114 1.0036239528348734
3 14 8 28 56499 1.0683362396205707
17 14 1 10 45182 1.0792427435760559
27 0 1 21 80780 0.946654484115355
27 7 7 2 51275 0.9924397406718211
1 19 1 4 31339 0.94751189525055
26 7 8 28 80652 1.0513038858903456
18 13 16 28 37180 1.0757254432468881
0 4 0 25 30751 0.9395608507866002
22 13 10 5 38379 0.9452789065138534
22 25 3 28 50171 0.9807555621718879
5 12 22 29 76849 0.9550208466209802
26 23 4 24 45436 1.0621963399118817
24 22 8 1 77681 1.0802563731838117
26 29 29 14 41750 1.045362958908126
5 3 27 26 89238 1.0416965878970839
15 25 7 4 66519 0.9076695299487983
28 25 7 24 39528 1.0844806826715518
9 13 23 24 61816 1.0705700841368269
9 2 8 12 48244 0.9658626788818117
15 4 25 22 56929 1.0625245811836121
22 4 14 21 49724 0.9654151351423848
29 25 13 5 65016 0.9738417137662461
24 14 18 6 34194 0.9255957901526257
24 2 2 8 55365 1.0908559367301263
25 4 19 27 62284 0.9914235252084448
25 23 8 19 52076 1.0920331072406573
19 24 28 21 31178 1.0223847932139067
0 0 8 5 26970 1.0234526747546449
13 28 21 24 27538 0.9468618700932006
24 13 6 29 78971 0.9453150855021564
17 24 8 9 48675 1.0366880700690428
18 15 12 2 41197 1.0233838606772012
22 18 19 3 50824 1.063231407339182
25 9 7 1 45901 0.968775170567042
11 25 27 18 44511 1.0067344191263454
18 5 26 14 37002 0.9422667491074852
26 15 7 19 60922 0.9021673042305312
7 29 21 11 82043 1.0221895602365365
13 21 13 11 27327 0.936400054868379
6 24 20 8 56615 1.085038668096989
6 28 14 13 64472 0.9514744423220477
0 17 19 2 63283 0.9420417344747171
20 12 11 15 28948 1.068427143992377
25 14 5 20 67459 1.0196368976591714
25 16 6 6 51057 1.0862958008105952
27 1 9 14 65384 1.0561760545642216
16 10 28 8 25701 0.9097120009922914
21 9 26 19 35952 0.9709897547158267
17 14 11 10 26964 1.0160048777497597
20 9 3 17 59848 0.9677392523886874
25 21 25 2 38267 1.0749999604551272
11 7 20 10 28347 0.9903412573687664
26 5 6 0 49716 1.060861042873403
12 3 11 26 71950 0.9097982987227781
2 0 8 29 81148 1.048125822690971
0 21 9 0 51728 0.9933988276601247
29 3 14 13 53046 1.0772034846345466
8 19 8 2 80635 0.90204816631586
28 23 26 0 55730 0.9334867774873437
19 18 25 23 34333 1.0534730800688707
9 25 18 7 49973 0.9415391386755627
27 15 5 21 66842 1.0766714622605198
22 28 16 24 20438 1.0015803275336812
22 7 22 25 41497 1.088000610058976
8 22 15 25 24523 0.917800811567735
5 18 2 29 55747 0.9406381643943991
2 24 10 20 31396 1.043529523228246
26 17 4 10 69869 1.0987199962272518
2 19 10 1 56389 0.9202397657805791
20 15 25 25 29906 1.0494790549499204
7 25 4 6 45090 0.9489906464565836
5 25 0 16 21362 0.9063272543775985
5 10 27 14 62330 0.9228569048084113
25 21 1 4 76435 1.0888420589115282
22 3 14 20 53135 0.9978408213433986
24 0 7 20 86758 0.9045784668004065
4 24 17 13 49394 0.9647056306020558
1 23 15 4 61270 1.0407168628479673
20 25 14 5 50990 0.9682024312514071
18 14 19 1 32450 0.9200315807279258
29 14 6 1 64863 0.903653420198039
0 8 1 27 32063 1.0803166052714592
6 14 0 5 31283 0.9629411171329102
10 15 21 26 47221 1.0197673282600292
13 8 19 13 27468 0.9991746477778946
25 24 16 21 24756 1.098081579577144
25 22 3 16 67362 1.0546288910750028
16 22 3 3 76716 0.9564563648677269
9 3 23 26 79088 0.9548174371465595
5 21 15 3 77998 0.9822701437730511
0 12 20 0 55341 1.0227537430254297
18 29 7 28 44598 1.0640138670067791
21 4 17 26 54636 0.9046397287290726
20 22 27 19 29674 0.9389784043506016
19 7 3 5 38099 0.9416584666578806
8 10 16 6 28795 0.9578650505614249
25 18 12 1 54929 0.9036103906101159
9 7 28 13 56320 0.9458710548731709
17 23 3 26 33236 0.9374554101582173
21 25 8 14 51268 1.0484007367751162
22 4 29 21 47876 1.0295532845724509
22 27 17 10 41354 1.0368533592067166
16 5 9 1 26994 1.0466574719169597
29 0 10 24 79158 0.917146068084865
24 25 27 3 52279 0.9653853558020268
0 7 22 11 44331 1.0610789497190516
27 13 25 21 21784 1.0309328416963361
23 6 12 26 58461 0.9491221178793856
13 11 27 25 55718 0.9310920485552291
10 26 26 13 56960 0.9975757819903694
12 20 15 6 45896 1.0433621622909597
9 14 19 23 43622 1.0050439256340824
0 8 1 22 27496 1.0802096694436356
24 25 5 9 67851 1.0026392442586602
10 16 1 23 38590 1.0681431486290602
16 18 25 26 34299 1.0114531874044042
14 8 22 16 29947 1.099406418983594
9 13 20 4 53622 0.9998550217000457
6 27 19 2 81966 1.0828041190984008
24 21 4 29 67150 1.0419713484113182
10 25 21 17 46983 1.0579728036603453
0 2 5 29 60555 0.9907490250847201
1 0 20 27 87593 1.0358259985169083
4 9 13 23 53928 1.022436069760364
22 2 4 22 78242 0.9083460080355678
10 28 17 9 51985 1.0362574058500504
13 14 28 27 56610 0.9501549017510096
17 26 1 17 49940 1.0383868370191491
18 8 9 25 47243 0.9051238805417711
2 9 8 17 41778 0.9418338325588704
21 7 12 9 24172 1.086209659078958
23 15 5 27 61806 0.948748091444175
4 4 22 5 43404 0.9178713735321952
16 17 22 10 31882 1.0165268521188076
9 21 21 28 46107 1.0594879041941379
19 16 11 21 40926 0.9048769161248582
2 29 23 1 94110 1.062282401642814
29 14 17 22 41296 1.0398583103761885
2 2 21 0 46119 0.9908040999558483
27 16 21 11 29042 0.9526517427466512
2 17 16 10 58625 0.9170769306325844
24 29 10 26 42417 1.0213427237226207
17 8 19 27 43114 0.9435691419324764
15 17 3 12 53579 0.9175512804801604
12 22 23 10 55334 1.0498336932993304
24 13 28 29 52981 0.9410982795363388
16 7 8 26 58158 0.9307246134301705
13 6 29 24 63261 1.0648645492746138
11 11 28 6 44979 1.0991563846728198
5 29 24 5 92214 1.0713567699869129
27 0 29 21 48832 1.0379360550680348
21 13 24 26 45283 0.9734755741082485
10 4 23 8 31855 0.9354085419065172
10 15 22 20 36833 1.0094441479242295
12 6 22 25 52455 1.0309813132398555
3 28 8 18 62392 1.0784930781542803
15 15 24 1 41112 1.0416324922164282
18 15 11 19 33968 1.080134275418209
1 2 14 25 63893 0.9186600934491567
24 9 3 24 74338 0.9134794363583861
23 14 24 28 37129 0.9488077737404004
27 18 11 2 67967 0.9843924749051317
5 11 19 0 57457 0.9181331615965466
5 8 13 17 37867 0.9479518402773383
28 0 25 24 57186 1.0430877692680327
5 2 19 20 69774 1.0891368763002325
5 24 21 6 64705 1.0501643561122758
5 15 5 25 33107 0.9186872231003811
21 28 4 17 79701 0.951934713373632
7 19 14 14 41057 0.9378507792676692
0 21 27 28 57895 0.9022497091995735
13 0 22 6 26637 0.9869053421066755
24 2 17 8 31043 1.0974381881623085
26 17 24 26 31244 1.0829667727976275
10 5 24 4 35239 1.0008414807714836
7 22 22 19 43028 0.9209219654835853
28 26 1 2 92998 1.0395684741250755
10 20 9 29 36863 0.9213913790041404
9 5 2 11 40917 0.9663467311241158
7 18 18 3 63880 1.0752450177369666
29 28 12 4 77792 1.0385201551340035
22 1 15 23 52696 0.9824775540344894
22 2 14 13 44324 0.986154227436634
2 5 20 19 73100 1.066608381815109
28 8 17 24 48147 1.097695987171221
26 8 2 6 42657 1.091924935702823
17 2 2 0 35816 0.9438101094581307
12 27 20 5 62660 1.0714200526924036
21 17 6 12 56714 1.064376140554704
12 28 26 2 83098 1.021965300235101
28 21 19 10 51695 0.9158941776081885
8 12 16 26 57042 0.963197614954623
14 25 23 28 24296 1.0445694233260263
3 21 6 0 54009 0.9964179987546272
5 27 12 4 74366 0.9965123058899765
5 0 0 20 42121 0.9516922437844453
18 17 28 16 33089 0.976571581899248
6 7 11 0 33895 0.9431569492935087
9 24 12 6 60610 1.0260877449533878
8 20 10 5 57273 1.0383847492128067
0 3 28 17 80210 1.0445660493272424
27 5 29 23 41902 1.0419738935384695
21 16 23 26 34718 0.9587763040454941
11 25 2 28 30286 0.9025166913589667
3 16 3 26 38839 0.992276866208337
19 1 10 2 18976 1.0711173805033436
7 6 22 24 61106 1.0206843847261236
24 20 1 23 54517 1.0976445476028
21 4 0 19 62823 1.0752982588559181
19 17 23 2 55492 0.906379878029976
9 27 27 22 45668 0.9200424924962399
17 7 5 14 44884 1.051886009140052
25 26 17 1 59975 0.9679843059082636
18 12 0 5 42345 0.9292309149716498
5 21 28 22 59063 0.9603739409034793
1 3 12 7 36098 1.0914022899701044
28 28 8 24 49200 1.0318177036637382
19 28 25 7 60762 0.949620622609333
9 5 21 17 56536 0.9316086674855663
7 8 4 0 35103 0.9875536046699536
20 15 8 0 53604 0.9021026355920259
24 29 28 0 73483 1.065519649365288
26 7 20 22 50550 0.9320864389692978
27 19 17 12 37075 1.0884623608766972
21 9 21 19 31627 0.9952185993230329
26 1 29 15 34877 0.9645542933669844
3 11 11 28 64627 1.0946562333651613
9 18 23 27 55627 1.0474284541838226
28 28 23 10 53108 0.9891531559242687
6 20 16 17 50477 0.9950525898148767
16 16 8 11 39721 0.9757462958471794
10 17 3 22 39057 0.901838171954367
2 1 3 26 50658 0.9312086696248775
15 10 19 17 32662 1.0172704177916743
8 5 23 13 50269 1.0922106227236437
24 19 17 28 35831 0.9388969241826453
13 18 2 29 59900 1.0309249250972554
6 23 22 22 32635 0.9972697934982939
3 18 10 2 63824 1.0343329570329767
28 24 14 3 80550 0.9219423820106822
0 3 15 12 46623 1.0411513958821152
7 16 18 27 54223 0.9772324207172673
21 19 6 20 58057 1.0445250490351612
0 9 11 7 24047 1.0766349397869814
22 28 24 14 39147 1.0591612123861067
23 0 20 20 57662 1.061524016766242
29 6 11 15 48496 1.0928320901726163
27 18 20 15 22603 1.086595049317964
4 25 18 22 30351 1.0707270308323102
2 28 28 15 79063 1.089225024716021
23 14 15 7 37254 1.0782190753895746
12 8 3 18 51405 0.9448276904648507
14 23 1 25 26344 0.9372686791049685
25 19 11 15 37707 0.9981663266296437
29 28 11 19 56948 1.0396717570587324
25 8 17 18 30755 0.9328624666914548
10 8 20 0 34758 0.94677733960773
7 19 14 23 33560 0.9255676070022101
3 17 14 3 68367 1.0879413060259175
24 27 9 25 33557 0.9724817611404981
8 12 27 26 70713 1.0264925786683416
23 8 17 22 35597 1.05462338729754
22 18 21 4 36805 0.9603402923809221
15 10 25 1 37531 1.0204835483429835
25 12 3 1 59387 1.042676894204292
4 4 1 21 42970 1.0237903928363568
0 6 23 3 48017 0.9407667919605264
9 4 16 1 25171 0.9861027586346574
2 29 18 18 67438 1.019468525581856
14 17 22 13 33155 1.0200058235443614
8 29 18 27 43181 1.068403952609289
3 17 13 13 39589 0.9205521478418113
14 28 18 2 67154 1.0386893302174587
29 25 1 12 69261 0.9290643738471057
4 17 16 17 46119 0.9837741514205349
2 20 7 12 43026 1.042836593357921
14 1 20 26 59756 1.0545548336548567
5 1 13 8 34092 0.9404057067333358
7 11 9 1 46189 1.0350688467253573
13 3 21 28 70761 0.9187886800270586
18 12 19 1 26762 0.9142766907756841
2 29 12 21 53950 1.09764271180704
10 18 24 5 59168 1.089965518193479
20 27 2 3 87505 1.0639441694304168
15 10 9 4 35048 0.9819797830685817
26 25 29 17 20584 0.914913255456062
5 21 11 28 38850 0.902315129599598
6 29 18 18 54357 1.0182016918401704
18 16 0 23 51851 0.9557408662374922
23 0 20 21 59189 1.0697652479707287
21 28 12 23 32165 0.9634458446306783
