7391 5489 6100 6015 6887 5642 6779 7377 5541 7456 6154 7004 5899 5980 5433 6600 7055 5309 7208 6662 7190 6504 5625 7336 5844 5411 6119 5372 7030
2301 2944 2557 2003 6051 4954 4268 4481 5171 4749 4471 4661 4530 4471 5005 4993 5962 4630 4355 5342 5831 4921 4584 4823 4362 4372 4393 6059 5814
6241 3479 3052 4167 3962 3867 3859 5091 4849 3997 4817 4004 3105 3795 4329 4890 4101 4145 5052 4628 4635 4976 5049 3498 3755 4466 3563 3142 4959
5974 7026 5969 5855 6454 5317 6335 6988 6587 5177 7109 6851 3582 4830 3057 4713 3872 2790 4166 3558 2775 3072 3684 3412 3910 3128 3501 4477 3211
7168 8122 6970 6453 8077 7708 7621 7686 6796 7819 7705 6453 6703 7234 6870 6907 7609 7577 7738 7683 7721 7176 6239 8196 7252 6805 7019 6489 7252
5782 5696 6653 6466 5625 5072 7020 5424 5764 5639 7111 6441 6515 6285 5942 5588 5701 5698 4693 4457 5898 4346 4499 6306 4888 6108 4756 6221 5197
3012 2107 2990 1470 2255 2626 1848 3193 1641 3174 1775 1924 3208 1390 1411 3012 2177 3106 5118 5876 5194 5069 4229 5314 5055 5827 5904 4228 5802
3962 5017 3185 3538 2973 3500 3848 5024 5730 5284 6130 5078 6212 5785 5937 5849 5659 5263 5249 4294 5596 6221 4511 6274 5218 4542 5616 4901 6269
3851 4247 4463 3902 3302 3248 3760 4233 3361 3425 3069 2932 3032 4147 2820 4400 4445 4895 3569 3706 3465 4764 3086 3818 3629 3373 4736 6141 6593
4911 3616 4771 4541 5209 3696 3184 3764 5082 3560 3120 4112 3698 3681 3631 3562 4181 5039 4241 4234 3458 5073 5012 5074 3333 4264 3991 4198 7313
6615 7442 3813 3193 3364 2113 2938 2514 2649 2851 3480 3213 3279 1902 1906 2704 2877 2526 3578 3635 1901 3213 3399 3723 1804 3810 2839 3180 2371
7175 7309 7053 7406 7078 6105 6032 4772 4418 5182 4843 5462 6204 4300 6301 5589 4989 5658 5029 5039 4881 6336 5274 5170 6024 5308 4997 5943 5056
4411 5493 4748 4476 3745 5786 4837 4865 4397 4485 5061 4984 5007 5336 4142 4771 5671 5746 5001 4711 4342 5798 4192 5703 5608 5086 5033 5414 4685
6662 5504 5810 5377 5133 5679 5227 5396 4959 5712 6323 4895 6395 5132 5372 5301 4790 4933 4984 5291 5276 4778 5575 5619 6216 6506 6582 6235 5955
6538 6411 7180 6470 6813 6148 6171 6375 7410 7532 6008 6992 7449 7239 7842 7853 6143 6930 6025 6642 6219 6805 6818 6401 6870 6748 7853 7883 6374
4700 3651 4308 4601 3705 3733 4994 4169 5574 3773 4030 4716 4927 4859 4296 4425 3846 5290 5123 3901 5533 5728 5688 5822 6250 6395 5557 5280 4682
4814 4965 5385 4947 6059 6013 4508 4044 4800 4844 5543 5699 5100 5315 4015 5279 5360 4319 5957 5486 4912 5783 5418 4772 7948 7937 6947 6985 6924
3838 4154 3846 3262 4461 2844 3642 3826 4005 2618 5348 5583 6278 6370 5217 6043 4990 6422 6620 6013 4767 6566 6403 4749 6661 5097 6622 6062 5356
5628 6235 6056 5642 4272 5187 5478 5579 4428 6246 5428 4946 5661 5545 6204 4579 5521 6142 5827 4442 6100 4789 5124 6057 5992 4988 3340 3024 3383
5273 6676 6662 5228 4826 4720 5657 6124 6492 5439 5088 4944 6800 5276 4930 6423 4802 5801 3066 2941 2617 3636 4167 3852 3669 2672 3452 3501 4046
6273 5932 6366 4727 5820 5955 5982 5337 6201 4442 5263 5999 5059 4778 6040 6105 6186 4424 5966 6317 7152 7095 6487 6761 5719 6204 7617 5702 6391
1935 2521 3005 3203 1854 1662 1839 3282 2961 2663 7331 6078 6199 7456 7115 7786 5820 5777 6905 6797 6036 6507 6889 7204 6766 6486 7267 5947 7011
8396 7497 6976 7185 7484 6768 7407 7555 8442 7225 8453 8578 8820 8870 7474 7628 7569 6943 7550 8454 8846 6997 8421 7870 8678 7414 7255 8644 7300
3486 4939 4598 3634 3814 4736 3624 4147 4335 4767 4073 4289 5056 3748 4193 3613 4122 4811 3928 3585 4794 4649 4118 3315 3257 3400 3005 3597 3445
3076 3573 4347 3632 2800 6447 6680 5953 6857 6445 5863 6049 6868 5977 6466 6205 6562 7963 6819 7601 6981 6450 6268 6585 7125 6024 7135 5990 7613
4396 5393 4962 4391 5491 5582 6020 5434 5339 4273 5984 6199 4783 5432 5479 5890 4671 4466 4905 5455 6110 7208 6904 6173 7720 7675 7472 7899 8029
5868 4721 5781 5790 5782 5199 4595 5915 5266 4559 5780 5823 4759 5643 5532 5614 5764 4177 4413 4349 5231 5835 3942 4632 2916 2319 3681 3523 2433
5987 6100 7463 7410 7637 7338 7495 5867 6631 7474 6914 6598 6119 5962 6984 1820 3198 3342 3463 3093 1651 3203 1557 2969 3312 2771 2783 1655 1612
5575 7072 6584 7227 6931 6238 6899 5900 7210 5700 5917 6701 5587 7084 7096 5790 7197 5366 5493 5493 5850 5569 5459 4551 4386 4084 4392 3949 3652
8553 7309 7620 6822 7040 7726 8428 7010 6696 7049 7445 7758 8368 7871 6989 7653 7263 6828 7713 8142 6427 7023 8071 7790 7250 6634 8473 6836 7224
7399 1944 5898 5989 2372 6617 6509 3878 5726 3996 3627 6742 7143 4515 4666 5622 4517 1899 1992 4133 2206 2035 4666 6355 7003 1230 6274 7404 4875 2035
8352 3172 5199 5999 2569 7186 5929 3913 5041 4739 1935 7369 8010 4928 6446 6101 4794 2439 2247 5896 2370 1542 4470 5177 8502 2106 5949 6807 5204 3291
7593 2166 5791 6937 2561 6711 7299 3767 5214 4649 3273 6298 7306 4241 5558 6414 6046 1278 2082 4260 2062 2453 4348 4832 7121 2099 5457 6019 5774 2795
7676 3423 5158 7645 3616 3803 5789 3023 5884 4520 2185 7163 7807 3703 4875 4942 6225 2240 2234 4356 1705 1770 4634 4937 6502 3098 5354 6331 5146 2716
6350 3486 5417 7080 3032 3382 7054 3182 5327 5396 2458 6589 6811 5182 5622 6635 5206 3277 2231 5481 3603 1764 4681 5938 8452 1943 5656 6411 6781 3782
5537 2199 5192 6570 2558 4379 5987 3958 6264 6502 1992 7494 6940 4590 5870 6475 5056 3143 2524 5587 1777 2290 5307 5571 7048 2610 5478 5300 4750 4235
6674 2624 5420 7309 2564 3530 5977 3561 6764 5203 2745 6320 7264 4361 6358 7030 5938 1431 1504 5601 3558 2149 4303 6029 7399 1860 6007 6508 5506 4176
6276 2123 5826 7038 2723 4696 7322 4576 4996 6865 1923 7577 8037 5402 6151 6874 4771 1184 1530 5770 2705 1846 4806 6476 8043 2258 6121 6799 5203 4198
4893 2296 5724 8618 2686 2667 7477 4319 5290 5098 3412 6645 6619 4996 5706 5325 6325 2433 1305 5486 1682 1445 5200 5454 6974 2902 6398 6326 5021 5371
4951 1639 5106 7281 3730 3664 6563 3246 6064 6024 3784 7325 2487 4581 5013 6287 5900 2433 1165 4938 2128 1955 5200 4998 6611 1359 4866 6587 6043 4135
5671 1553 5895 7374 3958 2875 7211 2747 5069 6210 2373 7130 3131 5840 5801 4933 6176 3983 2311 5017 2133 2046 4984 6072 7897 1412 5288 6349 6392 4260
5954 1790 4297 7469 2442 4410 7322 4509 6150 6528 2835 7633 2724 6242 4548 6203 5205 3663 1537 6190 2322 2498 3586 6220 7520 1276 5988 5546 6728 5163
6916 2155 4505 7456 2083 3312 6022 2889 4928 6210 3733 6815 3320 5759 5411 5991 4872 3257 2934 4712 1809 4216 5000 5070 6456 1132 4712 6643 5833 5130
6569 3490 4501 6782 2387 3376 7267 4056 5529 6520 2274 7161 3702 5366 5263 6197 4479 3888 1788 6096 2534 3193 4020 5651 3690 1735 6694 6859 6468 5260
5738 3116 5326 8296 3901 2952 7154 3903 5190 5565 3148 7464 3748 4927 4919 5501 5484 3825 3357 5606 2008 3940 5506 5822 3145 4744 6167 5320 5018 3838
5428 3101 5368 6589 2355 3195 7192 3540 5580 5370 3716 6093 2652 5985 6102 6256 4923 2620 4253 4156 2714 4172 4275 5552 3754 5047 5608 5587 5811 3808
6050 2074 4700 8162 3899 4378 7085 2847 5262 6869 3135 7301 2602 4298 4767 6161 5497 2021 3485 5527 6608 3484 4906 5552 3610 4175 6082 5639 4724 4963
5200 2129 6004 8462 4212 4328 7232 3209 5956 6348 3442 7345 2760 5658 5274 7030 5989 3254 2460 6115 6869 4281 4708 5215 2046 4547 6027 6369 5367 5397
5286 2085 4481 8214 3825 4623 6802 3016 6675 5788 2490 5884 4002 4624 6099 4981 4696 3105 3996 5825 7589 3019 6672 6150 2093 3174 5658 5916 4869 4832
6197 2694 5114 8153 3337 2725 7055 3023 4880 6177 2232 7552 3929 5631 5984 6096 4984 2877 3470 4269 7395 2687 4824 6398 3813 2945 5436 6568 4407 5037
5475 3270 5965 6745 3230 2935 5732 3896 6071 6634 3380 7128 3731 5210 4432 6904 4487 3870 3016 6170 7853 2995 5388 6734 3539 4000 4884 6251 5776 4490
5376 3603 3951 7621 2394 4050 6186 3326 6094 5982 2821 6077 3195 5094 5779 4998 5077 1996 3491 4152 7640 4589 5910 5997 3411 4960 5815 6307 5239 4092
6217 1748 4679 8188 4080 3144 7235 3269 6018 6745 2415 6551 2915 5260 6317 5438 5506 2900 3200 5267 6760 3684 5042 5406 3357 3284 4671 6212 5415 5378
6548 3606 4034 7632 4317 4195 6793 2550 5620 5120 6286 6150 3724 5687 4698 5459 5502 3359 2179 4771 7570 3335 4794 6040 3851 4845 6096 5995 5229 4905
5074 3552 5139 8513 3824 4538 6761 3321 5081 5341 6812 5749 2397 4987 5550 6585 6298 3854 4003 5969 7693 2842 6698 6013 2287 4480 6313 6630 5725 4802
5477 1948 3513 8444 3424 2976 5950 3717 6782 4866 7063 6707 3386 5825 6795 6470 5417 2171 2704 7272 7038 2732 6092 5501 3960 4537 4810 5992 3925 4301
4851 2235 3654 8511 2841 4679 6918 3856 6425 6848 6374 7439 2635 5904 5674 6817 3904 2878 2788 6752 7801 2779 5351 5878 3076 3835 5662 5094 4512 5616
5859 1686 4438 6723 2867 2607 7618 3388 6513 5904 5182 5092 3390 4326 6042 4988 2853 2185 3444 6391 7409 3020 6343 4769 2975 4460 5515 6976 4660 4595
6442 1791 4519 8349 4327 4056 8178 2753 6514 6602 5467 6246 2604 4448 6356 7809 3609 4000 3717 5453 6327 4150 4770 5313 2327 3841 4495 6500 4893 3514
14 5 10 28 80007 1.056958120068535
19 11 26 14 38623 1.0297785193039029
11 4 15 22 71554 1.041617433546417
2 2 16 1 38640 1.002405270669704
15 15 22 8 52290 1.0912998621435999
8 6 0 24 80264 1.0868083015412866
2 15 21 9 77243 0.9499428015791824
18 2 28 4 45515 1.0140691175301602
3 28 14 6 97790 1.0474977975021877
15 25 29 3 135354 1.0486995443904144
29 16 15 28 90297 0.9821869384886686
27 23 13 0 114512 0.9006580510564851
6 29 27 3 148529 1.0280480205225728
28 22 1 16 92730 1.081434146280142
6 13 11 27 49570 0.9255129519475395
7 9 29 22 104074 0.9408125741186766
8 21 13 9 49054 1.0362754971368093
22 11 18 19 57123 0.9047764936925002
1 3 15 24 91406 0.9517039898030089
21 7 1 20 88200 1.0557902427701193
29 6 29 16 71775 0.9105602402530902
19 16 7 18 37019 0.9095644946895654
17 19 21 28 52630 1.0626059502023208
22 3 15 28 127269 0.986556521572912
9 27 28 1 126880 0.9778086244468948
21 25 15 9 82566 0.9739647618550072
24 3 4 12 90756 0.9276594187643246
24 13 13 27 94643 1.0679627004823244
16 26 27 10 105304 0.9830073950014842
29 9 10 1 81427 1.055054393478453
1 25 24 9 110384 1.0275533326891866
3 13 15 12 51044 1.075530961690111
24 0 4 8 76177 0.9020974846185297
2 13 16 8 61421 0.9522185882475901
12 8 17 24 80164 0.9541806366664914
3 20 21 0 92094 1.0157864041054172
0 17 18 14 62315 0.9846777307792265
15 16 28 5 83593 1.0984764871584636
8 29 24 20 84705 0.930081297215319
27 24 12 22 60513 0.9641681891338953
0 28 15 18 70675 0.9530730396687037
9 28 5 7 70538 1.0737966802024508
18 12 1 7 68289 1.0882820578555477
25 5 8 8 68861 1.0509899620566094
15 25 6 29 40379 0.9107553913525248
6 19 2 2 56844 1.0682925021427836
17 22 3 11 72946 0.998345605648461
5 28 21 24 62499 1.0014209220725334
1 18 2 5 57096 0.9973736215120751
10 0 18 9 59319 1.098385381548214
26 0 22 8 43785 0.990348842947647
1 10 7 15 28581 1.0030352005495904
16 3 23 12 51309 0.9146374292492133
21 14 3 20 74074 0.9688839050313014
9 25 10 6 55451 1.0293512270909293
28 15 9 28 97193 1.0047922993355773
25 9 6 25 104741 0.9275965436963547
27 24 19 8 82445 1.025108403995174
10 5 24 19 82949 1.0975911491534618
9 18 6 6 32198 0.9612672241700977
27 4 1 16 112999 0.9120312672727019
17 0 17 27 126374 0.9533368481815707
27 2 29 15 89064 0.9964559230364574
2 1 0 11 48039 1.0743838622923592
29 28 11 24 79053 0.9921785791188292
10 28 12 9 62662 0.9249874432603199
4 22 17 4 87080 0.9268149731059979
29 22 4 26 89743 1.0423040583112146
4 25 2 0 91486 0.9369338322459764
26 20 16 9 76176 1.0949847478877035
27 23 3 27 79995 0.9557475120397225
27 5 1 5 93155 0.9871128081205974
9 3 24 6 63590 1.0115153341691148
26 11 22 5 42612 0.9831794127937692
28 2 12 26 132112 1.0622437822382975
11 6 19 1 44361 1.0695542655603831
21 12 1 4 83173 1.0078414033332117
11 6 15 24 75503 1.0178073970450452
10 23 18 16 46359 0.9490314833097513
16 27 7 3 93437 1.0858629789195469
10 10 7 21 36247 1.002940466824901
10 11 4 27 66416 1.0106258861420598
15 13 8 5 47432 0.9793619425659308
25 1 25 26 114490 0.9099842212399831
8 24 22 3 102667 1.00671602764371
11 0 15 27 104996 1.0902890690666978
28 22 16 29 70069 0.9378633089711776
28 11 14 22 93950 0.9030462861155993
7 29 10 21 38043 0.9332686030824952
23 5 13 8 43581 0.9252002366873063
5 12 23 8 69599 0.9024915577210193
28 23 4 15 95617 1.0997972964077378
10 8 15 15 42691 0.9660155073411352
9 2 5 26 88778 1.0317847108161418
13 26 9 0 88344 1.0670810594391358
9 16 24 5 78938 1.0914493445202869
27 11 0 23 116837 1.0023126814484886
26 17 16 16 34767 1.0983869197505267
16 13 27 28 82053 1.0533496188220397
11 5 13 16 48677 0.9494909937502729
7 10 2 19 34871 1.0264083524044811
18 14 7 19 50665 0.9007649562104315
24 18 24 6 58563 0.9252526000329997
26 2 15 7 52278 0.9213063596233704
27 10 18 17 61134 0.9107843244830806
12 0 25 23 123252 0.9990636273391147
13 11 24 17 60700 0.9456519225428992
25 11 13 22 84605 0.9287261174508626
26 27 13 13 93894 0.934526901053726
23 6 10 23 89496 1.0517637325965044
11 1 24 5 47876 0.9220889272957199
15 9 0 27 93399 0.9720122678767562
13 7 10 21 49160 0.9941707188836293
16 15 1 16 55438 1.0626311595484141
10 26 1 7 74421 0.9621416938337298
27 4 14 2 53939 0.918278837282695
4 25 7 16 44860 1.017655244095668
28 6 7 7 80102 1.0258431303189193
2 15 28 29 109188 0.9960221441607094
22 17 3 11 74211 1.0493419617058481
16 2 29 0 45939 1.0182064732088818
5 16 22 25 76243 1.0757644567871538
19 3 24 8 32248 1.0164970873620578
3 27 12 1 89527 1.0790120624180906
4 22 22 11 91007 1.0796222061054197
25 2 29 8 44621 0.9555478018730459
19 23 0 20 60815 1.0285324862196814
13 21 6 8 46196 1.0965896294400674
14 14 29 22 77299 1.0393794741696913
13 24 0 11 76420 0.9701616833819723
20 15 5 16 59228 0.9304827630904402
26 19 9 10 77510 0.9520831268637326
14 9 23 15 54328 0.9295795395869924
5 10 12 22 44955 1.0310774924362451
13 8 1 24 81561 0.9529166228113064
11 2 26 7 63480 0.9799073902419984
15 29 29 16 91946 1.0254968829559659
9 5 7 29 85773 1.0624043002459178
16 25 19 16 45857 1.0694609618678634
10 14 29 5 87284 0.9122588466777356
2 3 10 25 75431 1.0501106059511809
10 1 22 16 86161 1.0323897947304923
18 17 9 22 41254 0.9229823718157628
0 28 20 12 106512 0.9206965598540321
15 14 24 28 82255 1.0178035942160393
7 0 28 17 105704 0.9015980906633326
5 4 7 22 57139 1.0274945940979316
3 13 7 19 31324 0.9035157614477087
5 18 5 7 32493 0.9524428232669029
13 1 10 22 70589 0.9314846496714525
6 13 17 21 45729 0.9370810234472151
21 29 2 16 92355 0.9283425116476652
14 25 29 28 68886 1.029450372553307
27 8 2 9 93339 1.0473149785498854
5 10 28 2 84885 0.9400785112567553
27 20 27 0 102159 0.941595337846661
29 24 7 14 93778 0.9182820371401025
0 27 20 26 68345 1.0090456246441861
5 9 8 22 44172 1.005202943920086
23 11 8 9 52688 1.0235259354199007
14 6 12 17 55393 1.0138539260576378
7 13 13 17 30735 0.9046701174535058
27 22 16 23 44341 0.9158069734746052
18 0 28 11 72498 0.9463277450135269
16 7 16 22 75878 1.059324524830187
21 0 2 7 65300 0.9093965791596236
14 21 9 5 59683 1.037396187695347
3 3 16 3 48837 1.094766566644185
13 10 26 16 68470 0.9286106718379766
22 19 10 18 43648 0.9530724101538438
11 15 23 5 71072 0.9856689411739651
29 17 11 10 81440 0.9890967239128771
18 4 13 12 48582 1.025202180560526
1 12 22 21 88150 1.0533020360868801
6 19 19 22 48801 0.9160761911013147
7 6 13 28 83320 1.042682600657659
16 0 0 22 98030 0.999455877742403
21 14 10 6 64275 1.0539448552100603
16 26 28 15 78557 0.9559302099001703
6 7 28 20 96452 0.996009548966587
22 27 0 18 92559 1.0228653889127433
27 22 14 28 70903 1.0869602539214744
22 29 14 26 52082 1.0567644060563486
25 9 18 28 98411 0.96253617242986
15 12 28 17 59443 1.0850611004324813
19 1 27 5 40129 0.9581064445629102
22 5 8 28 110866 0.9076146799490058
4 17 1 5 56390 0.9810581093098377
1 27 26 24 80291 0.9650499291819931
14 24 10 3 75187 1.0179590075393383
1 23 27 22 86414 1.0893971816941774
26 3 27 26 100788 0.9891444315581205
26 27 11 22 69939 0.9677204604933997
9 24 18 18 47923 1.0018992515283442
23 8 10 25 90236 1.0148816714248607
20 11 5 24 87713 1.058756078952656
10 22 3 0 72220 0.9468144498624
23 19 9 19 48632 0.9012465972711105
19 9 2 22 84225 1.0760610119959622
17 12 8 1 62816 0.9622194434019545
2 9 21 16 78196 1.0155817194136745
3 16 10 25 40408 1.096335490949347
23 11 3 22 87299 1.0909789278245432
11 26 29 15 94854 0.9705347339565346
7 3 27 29 123387 0.9458898887227183
21 1 9 3 37483 1.0204094111036792
17 16 9 10 50634 1.0494116033656085
18 16 28 16 38582 1.0461652168525257
3 29 1 18 43223 0.9981640428276171
5 7 21 14 76604 0.9762362363495688
0 28 7 14 69967 0.9657303050372297
4 13 28 6 100533 0.9521645507027291
17 18 4 11 55327 1.0381271016005529
7 6 1 19 49093 0.9652746181194409
5 11 0 27 72253 1.074541932065063
25 11 25 23 63991 0.9616255883634376
28 6 7 15 100592 0.9064347494833581
12 27 27 13 99040 1.07998507513671
25 13 15 3 64222 0.9563289633270192
29 6 7 21 112519 0.9131999556195574
2 9 24 0 83381 1.0373044112632486
5 15 6 28 63918 1.0940410479049834
6 2 10 15 44083 0.9020734227356034
14 24 9 6 70009 0.9379082903091275
4 15 8 1 48869 1.0924718125469828
16 26 14 14 71284 0.988137022501742
22 21 5 22 55151 0.9603193757501112
19 8 14 1 42849 1.0600755187316955
10 11 1 7 41195 0.9054632142628746
11 19 23 11 67599 0.9942173667330674
12 20 11 7 44316 0.9162134769919834
9 6 6 20 52187 1.0300826543148716
25 10 3 1 86571 1.022230775541375
27 24 4 18 77167 0.9614778723699944
26 7 14 6 45788 0.9726729466755061
1 21 24 18 67805 0.995378215025654
27 17 9 27 82989 1.0216679849994572
3 19 12 21 24096 0.9633710482698744
1 23 11 17 42342 1.0458217350200822
9 10 10 27 52815 1.0280543455680369
27 7 20 20 81260 1.0219068932151054
22 16 25 7 49598 0.9832691041034425
10 24 25 26 60044 0.9639576996367942
19 8 23 25 83362 1.0843040344963268
2 4 4 27 89033 1.0889662310849684
13 3 14 29 105442 0.9641660101809321
13 7 16 21 65691 1.0033211322852975
19 25 21 0 98549 1.0348209363936998
10 13 3 6 45584 0.911677404692859
8 16 18 10 52252 1.0399420741839611
10 11 18 13 33513 1.0447672145776914
21 22 12 23 47258 0.9838469747127861
5 9 18 6 59845 1.0887437561983042
25 29 14 13 98303 0.9253881076362193
25 19 4 13 76757 0.9089928900278933
3 21 3 8 53890 0.9109550210018766
12 27 9 12 51741 1.0664820938242874
1 15 29 11 111786 0.9746994309087493
4 9 19 12 58709 1.0355784457028563
15 19 21 3 76720 0.9322823287918288
16 16 9 0 81962 0.9537865356752998
2 12 18 21 70191 1.0475784128693926
19 17 11 21 38505 1.027803884424775
10 7 20 22 73106 1.0081215314137777
9 27 3 4 78317 0.914391033660032
7 7 25 21 89953 1.0784830433497763
29 9 14 12 69922 0.9650467677770197
18 16 6 14 45843 0.9794432968907466
2 26 11 25 24007 1.0939399081761065
4 23 26 22 84016 0.9032000223952187
15 16 5 0 73855 1.035744370077861
23 0 6 2 47083 1.0660304964727534
7 6 15 29 92390 0.9915347957557094
23 29 12 5 119368 1.073905302977684
4 20 23 20 63418 1.0239285756431866
0 9 14 17 57757 1.053764717726792
0 8 6 12 29828 1.0199702253118754
23 5 7 3 57354 0.929792858112631
1 2 19 19 86327 1.0250520974814517
1 17 15 12 49151 0.9013182313146114
21 16 28 3 84342 0.9932219595553534
12 9 1 4 50630 0.9215223896931503
9 17 20 1 74118 1.0938417996653196
20 20 26 5 87198 1.0566901805481386
25 19 17 12 57162 1.020100383774679
8 23 29 24 71377 0.9951852106291635
22 0 12 18 88794 1.0576417535984288
25 20 9 22 64119 1.038475366797885
18 9 8 29 95026 1.0448707909748156
29 14 19 2 78584 1.0772561080824707
24 14 23 5 43473 0.9592982555141726
25 5 5 16 90732 0.9364627655982086
1 7 14 15 74061 0.9404510068615232
27 8 23 23 83704 1.066183696352236
2 7 27 15 102585 1.094922837850719
28 10 29 27 81706 1.0125056852770635
10 29 7 7 68529 1.037121772207646
6 19 27 1 97256 1.0821052522102537
26 0 0 12 105886 0.9797191792289491
5 24 17 2 100399 1.0023944840046297
4 23 26 21 78181 0.9445269429826137
5 24 14 14 64986 1.0616989535521795
8 1 1 10 37894 1.0459277961425448
16 25 18 9 88054 0.9422799729704989
29 2 5 28 154440 1.0559267760580682
2 29 14 12 81594 0.9003691426453938
7 15 17 13 53179 1.0654234095387678
18 22 23 9 66953 0.9491890874599509
24 28 7 19 82511 0.9216893003140754
14 2 4 20 78665 1.022423698844139
26 12 12 9 55140 1.0753894935917934
0 19 29 22 97848 0.9520912864810497
1 9 7 4 33893 1.0572183037589704
1 24 4 5 74057 1.0473026052889751
11 18 24 15 50743 1.0320294017317484
28 26 0 4 133305 0.9171455319784352
13 11 9 2 43805 0.9794257740260282
9 13 17 5 50441 0.9997219481923549
20 1 27 11 58598 0.9352839013120954
2 7 12 12 45592 1.0484957897476268
17 18 20 10 51208 0.9122597823465984
12 23 11 5 61475 1.0965792641677672
7 0 8 13 41591 1.0059888698473012
28 25 9 16 83409 1.0577878811681785
11 6 28 23 107388 0.9159300603018231
14 28 19 13 86594 0.9488961526573285
28 17 8 13 74672 1.0048861185147997
23 14 8 18 54258 0.9970548509036117
12 17 6 27 50957 1.0928600248922
4 26 19 21 58465 0.9502150834542719
11 0 14 10 50820 0.9417598986032005
27 24 26 13 42288 0.9302995369035119
18 13 16 2 52556 0.9622945457308167
27 3 20 11 51194 1.0198844495331572
29 21 6 8 94671 0.9576637305519814
24 18 0 24 89136 1.0601965523929275
29 29 7 9 118686 0.9572510769932461
18 3 15 16 65281 0.9146779873254485
4 2 6 28 96957 1.0240766292258674
9 13 28 29 100132 0.978391801310122
1 13 13 28 83000 1.0011763267550318
3 21 14 25 30913 1.0625368389614165
11 9 26 27 108342 0.9104867869359815
27 5 18 17 81152 0.9048876408057024
18 26 3 5 97862 1.0205088947894467
2 6 27 16 104624 1.0026969509525328
3 16 19 4 82931 0.9318482292425493
12 28 0 26 45097 1.02634494608788
14 9 23 0 57760 0.9218391952513579
29 24 17 21 45974 1.063100110275612
0 12 24 3 101424 0.9879111917281763
26 1 19 23 103550 1.0285012123242632
23 24 18 17 43305 0.9427322436727597
8 17 24 9 72108 0.9662297348240058
21 14 8 27 87480 1.0939614697358808
13 1 14 24 91940 0.9223879686818933
4 29 3 4 90545 1.056621946136322
10 14 26 4 76932 0.9759079974412789
6 25 17 2 96081 1.0266236857065447
4 2 6 26 86825 1.0714418779323838
15 23 29 16 72849 0.9884532624168034
12 18 26 28 78093 0.9026375381121766
20 10 9 22 67407 0.9353457028679296
4 21 28 28 90851 1.0627173397773029
9 21 13 29 40847 1.0375402677084182
20 16 27 21 38763 1.0149779616229284
19 3 16 21 93864 1.002807450534945
7 9 12 4 34869 0.9365008765905888
14 12 27 13 47795 1.0066815360158257
1 3 8 6 28176 1.006912779026521
17 24 9 22 37060 0.9660624703108384
28 5 2 0 90426 1.0059984393512897
28 3 29 17 88757 0.9026458620932789
3 15 24 17 67087 1.0473790613939995
13 21 27 21 47732 0.9738245470282744
0 15 29 24 106764 1.085615225855038
5 0 22 19 96440 0.905573323306013
11 29 18 18 59838 1.0163500703857595
8 27 14 9 74257 1.0200143882954522
0 6 24 10 92652 0.95122199365925
12 8 23 22 89326 1.035467877788421
13 4 25 22 106240 1.0899547905699043
8 27 22 29 66902 0.9354282884436427
16 13 9 19 44977 1.073953009088142
7 5 22 18 75617 1.012590522768082
10 12 8 1 41146 1.0582769951632955
14 15 5 29 82527 1.0431269761798025
10 21 6 6 42477 1.0778914815352258
11 23 20 21 43100 0.9160772526401608
28 5 15 13 70013 0.9241303265046575
18 28 21 11 84313 0.9154008609233507
5 15 22 21 65290 0.9041784803836316
13 10 12 23 54476 1.0680729913821112
23 29 22 1 106827 1.0945695709612533
20 12 25 6 42034 1.0590587798293503
23 7 24 27 87200 1.0986785716380982
25 19 13 18 43603 0.96868028575163
10 6 1 21 59167 0.944949703736354
15 18 9 27 42794 1.0455730160775472
20 14 14 19 46880 0.9037076906096082
10 13 22 17 47748 0.9212068596704724
22 19 8 15 59858 1.0688551837642635
19 17 5 28 77544 0.9482331526631617
19 11 29 1 53859 0.970030227599227
18 11 24 25 80752 1.0985023286055628
9 7 17 3 35948 1.0481682705775839
22 13 19 22 49856 1.0194051472192351
4 9 13 16 50340 0.94916689586846
14 22 7 12 53744 1.0900292737851711
9 24 1 22 35339 0.987055827118649
24 26 11 13 90935 0.9800211492859778
4 16 16 7 64504 0.9947404357359788
10 5 20 11 47706 0.9965971266104354
23 23 16 8 83644 0.9466839094626043
27 8 29 19 69432 0.9734152792949915
3 26 7 7 64266 0.9985185305368249
0 7 18 22 91435 0.9595467229185506
6 29 9 16 60473 0.9398264535252544
4 4 22 1 51899 1.0911657139554485
10 25 4 14 47955 1.0693368425703864
20 4 9 1 41055 1.0654789192730683
0 27 27 8 142833 1.0744515354720565
19 7 5 14 63919 0.9612873709451883
29 5 21 0 42763 1.0265044187995511
18 18 1 21 48453 0.9023699168518099
15 8 14 23 76610 1.0330948794023758
26 20 11 21 56898 0.903153985137504
18 9 7 16 60702 0.9203752663009153
20 13 3 10 62063 1.0648317832371736
23 2 29 11 67911 0.967388639156456
21 10 29 19 64324 1.0133759405374985
9 28 4 1 85561 1.0829941445424867
1 18 29 14 92402 1.0373729826800886
0 25 21 20 71911 0.9310666446810257
11 19 17 28 58514 0.9414864023689216
26 6 13 24 111803 1.0130850626877195
28 26 19 25 41172 1.0733181521645943
10 26 1 16 50025 0.9197983493249672
24 15 15 17 35837 0.921902928739265
24 3 28 25 100231 1.0796700057995061
18 20 16 7 70532 1.092770042069712
20 17 1 5 89674 0.9577820232471466
25 16 12 17 45497 0.9989977148549869
7 21 17 8 64084 0.9354660976289925
23 3 27 24 89691 0.9514201355028233
14 10 10 20 40315 0.9807462601137983
15 9 27 26 94121 1.012565314429191
2 29 3 6 91187 0.9504798825048056
13 2 20 9 54424 0.961433849676092
15 0 16 27 118659 0.9772286951969582
19 29 11 22 54145 1.0771923652743918
29 5 19 14 70372 1.0457942017554018
9 28 2 17 51626 0.9365644015719079
22 2 22 29 110032 1.02404715759992
3 13 15 24 66898 0.9492211679512459
25 7 14 22 99199 1.037174368127952
18 28 1 0 118231 0.9409651972112838
23 12 2 5 87884 1.0342870350033082
15 9 24 6 45099 0.9383440953928452
0 8 24 29 131672 0.9710080468614212
29 17 16 16 43830 0.9890895982710399
20 25 8 14 70470 1.053721783749513
3 10 12 2 45457 1.0600619140091185
25 5 9 18 84144 0.978592053502167
12 18 19 25 46221 1.0400123168748054
25 22 19 28 46339 1.0159556763735986
29 7 20 20 87401 1.0928748910686377
4 21 10 27 30237 1.0829399063642677
19 17 15 7 55615 1.0937174855268952
26 15 14 5 76582 1.0913655910023423
12 14 10 2 45658 0.9789769899844871
11 17 15 4 54544 0.9436495556064685
0 6 21 11 88461 1.055227257883694
18 18 1 0 83683 0.9045703893426783
10 29 0 13 76572 1.0312156155566679
11 9 2 6 44864 1.0325497447079055
24 14 18 29 75111 0.98405909365194
11 16 12 1 56880 0.9754915152531484
3 17 11 11 37402 0.9945056274785362
9 23 10 13 32639 1.0039224309247026
12 3 0 19 74502 1.0783302714999918
14 26 19 17 54346 1.05892508314982
26 2 24 20 94223 1.0186040952922806
21 6 11 11 45973 1.0246898850186137
7 1 5 11 33031 1.0494896745756799
24 16 25 28 53701 1.0370135297311482
3 19 11 28 47912 0.9158145598363767
12 9 3 26 71119 0.920341480332309
12 8 1 3 48431 1.0900912764447355
4 22 22 22 66742 0.9743807401163744
20 23 7 27 54000 0.937331825418673
11 27 8 12 57270 0.9879616458234711
15 3 2 25 96198 0.9699779003135128
21 26 1 26 64841 1.0248388047524004
14 14 25 22 70251 1.0506966696756161
25 10 10 19 76557 1.0662086465057796
19 11 3 24 81280 0.9958072818498941
3 7 11 12 39101 1.0086683838191317
4 1 20 16 87776 0.9345188812994009
19 19 27 13 49223 1.0203325325171457
29 28 13 1 130893 1.0459738546839916
10 3 19 19 70696 0.9456813390202858
4 5 20 19 77206 0.9687361495142652
8 4 28 18 97947 0.9855016076494594
29 6 5 18 106187 0.9678253340450126
29 23 19 9 84034 0.9042156917780989
15 18 22 25 50047 0.9758443690781062
6 29 28 5 144574 1.0510356586505303
9 25 3 12 56269 0.9280121142371464
5 12 7 22 43085 1.0317296056720469
2 13 5 2 46223 1.0652007857055126
1 4 18 7 61220 0.9362624181114347
9 27 24 11 98245 0.9858159273266087
24 8 8 16 80312 0.934732008348855
13 23 1 8 73497 1.0340057605748836
27 15 19 13 50354 1.0822517502758875
5 2 5 18 44916 0.9605701921014013
1 24 22 18 76754 0.9625117163375789
2 7 27 10 98331 1.0791502579834413
3 15 26 12 89312 0.9910929295717624
0 25 3 9 66816 1.0868272021656038
17 22 15 11 59059 0.9112315371268914
26 5 14 10 52853 0.987493584834151
25 1 14 6 53008 0.9414016133539709
19 0 1 10 68595 0.9199415187046791
10 11 11 27 51377 0.9197765232375498
0 17 28 14 90123 0.9863334826978654
12 25 28 2 127026 1.0533604608894431
25 20 21 2 76152 0.9807945979710695
23 25 0 29 80899 1.0745965428844433
10 5 21 11 53154 0.9899237599475424
12 7 7 19 46406 0.9182154205236069
9 5 23 27 108705 0.9412594327553256
13 3 4 17 61617 1.0946559497431436
27 14 12 10 65371 0.9061716627605692
10 1 7 8 30563 0.9382614408782517
2 27 24 29 86941 1.0518925193681259
15 12 29 18 67761 0.981486178632438
5 28 0 7 100026 0.9515991272113463
12 16 26 2 98169 0.9835966027065783
6 28 28 1 141604 1.0368868003733624
15 12 9 2 51650 1.0822550741965886
1 15 29 16 91737 1.0232152429124
16 13 2 10 52084 1.0232653085231653
3 21 27 8 111790 0.9757461004986328
16 7 24 0 42108 1.0457761962626
16 13 18 22 50582 1.0445454502176401
26 16 17 23 58531 0.9340082729479133
10 15 20 25 59547 0.9219068879620843
14 28 4 17 64322 0.9575869442722611
0 6 19 16 93034 0.9332907170099609
0 16 18 29 88010 1.051128716954988
25 29 14 13 98303 1.0618164492337372
0 25 28 29 92560 0.9304021872403385
11 7 16 27 81739 0.9301368588276807
7 3 18 24 90579 1.0698872321792625
28 3 8 0 67277 0.94084697484685
13 23 20 10 79492 1.0098008964548628
29 2 12 28 144587 0.9968537582060176
0 7 3 17 50533 0.9809960560735945
27 29 3 29 96847 1.093609518484328
12 10 15 3 39704 0.9144103601207119
16 24 2 13 74253 1.0313680313682785
1 11 11 24 66789 1.0557001429790756
18 7 20 16 54219 0.9570344390042523
5 20 6 0 53993 1.015488986722848
29 28 0 18 105796 1.097955196965336
11 24 1 24 32033 1.0869956778615801
15 10 6 16 38947 0.983088865374028
8 29 21 26 61940 1.037914815212607
6 25 15 26 25073 1.0670794853781187
10 15 6 8 29701 1.0835620275060718
2 21 17 5 84236 0.9948883386435853
19 24 29 9 98059 0.9565501453580183
15 25 11 4 73826 0.9862355339629967
21 19 16 27 54831 0.9219316271229471
17 13 8 23 63715 0.9383579679010526
26 8 20 1 39452 1.0928373095348858
14 26 3 9 68875 0.9176852064050037
1 10 22 3 80305 0.9746058111778517
13 11 28 16 74011 0.9443548208817623
25 28 11 2 135857 0.9642534525736711
7 25 21 11 85345 1.0901438076555403
25 0 0 20 113702 0.9939893828658064
20 14 23 7 39980 1.0071071549663901
28 15 24 29 55853 0.9204865443727307
16 26 3 8 85461 1.0352286812021572
27 28 17 16 65053 0.9190886787164594
26 1 0 4 73871 1.008137902152982
0 23 11 13 58247 1.0791111672474956
17 10 11 6 38007 1.0189321389921495
14 11 23 14 45330 0.9374558748483987
12 13 22 7 54499 0.9190710919586703
8 12 21 19 63812 0.9751038963734485
28 20 13 0 115510 0.9515345019474769
15 13 6 27 76006 1.0057726870215673
23 13 17 24 56754 1.015292358932006
3 2 0 12 56845 0.9182275832775196
9 22 29 13 95002 0.9681543626622043
23 29 6 14 92341 1.0121710342948451
18 26 11 19 50268 0.9188900263622257
11 19 14 26 33515 1.0030309274985993
15 18 29 22 60611 1.0890698264875542
28 4 23 18 75465 0.9760763854687068
22 12 14 14 37576 1.052108321959655
16 27 28 3 141999 1.0835198458881392
25 3 20 10 36647 1.04682255265628
16 1 13 24 99258 1.0724418142067167
4 23 27 20 82611 1.0158901018578734
6 10 27 11 76960 0.9320196907097514
28 14 22 27 65428 0.977909917805247
2 6 25 5 84709 1.0694035595490632
14 28 29 18 89474 0.9008224486635228
14 16 10 27 48886 1.062225150880264
0 12 24 28 127933 0.947494909900317
29 15 18 2 90054 1.0739512278129137
21 12 0 8 80229 0.9655790160367935
24 19 6 13 64597 0.9392427365443436
18 1 26 24 99985 0.9149130038681704
27 19 14 10 74940 0.9548620064488742
17 10 24 0 46567 1.088797699463386
16 26 4 2 96868 1.0645524008496101
28 29 19 4 103426 0.9773769546033672
8 21 19 22 37885 1.092105707057382
0 20 12 24 42869 0.9172992843588683
20 9 14 17 53730 0.9459035423718173
25 22 9 21 60144 0.9533180918778403
19 11 11 7 42995 1.0963113479302329
15 11 5 0 59542 0.972488608872985
19 7 20 23 84944 1.0843689106339125
28 18 7 4 95224 0.9866554473224788
11 29 0 4 92665 1.0595796811865796
25 2 17 14 72024 1.0025149479944655
29 12 24 20 56960 1.0005344246037684
20 24 14 29 43365 1.0773708066314747
6 19 23 21 59120 0.9474553898377689
22 1 2 28 123885 1.099006334011107
24 2 23 18 70488 1.0702885960124453
27 22 22 29 39782 0.9420988706549436
8 7 22 23 97286 1.019979393159532
23 15 6 13 64195 0.9947187289748529
24 0 14 7 49551 0.9530963193906339
20 0 28 11 66231 1.094642881717226
20 10 11 16 52038 1.057282767494119
20 4 9 10 52612 1.055435710248616
4 15 15 16 47972 1.0261654472459485
16 5 18 27 106759 1.099693459960747
19 27 12 3 103811 1.052886373951938
24 20 16 15 50556 1.037264811927282
27 1 25 14 69616 1.0708874186051585
12 25 19 28 34179 1.068490544675315
0 25 9 9 66644 0.9760540210146785
9 0 29 7 74271 1.0823275632848735
27 29 6 9 105722 0.983476405138853
20 23 29 20 50135 0.908576164076322
29 7 3 28 137248 0.9732727320124009
3 19 11 27 43408 0.9505716046037228
25 11 23 2 47307 1.0250332822753159
2 3 14 16 73221 1.0429383798806517
11 24 11 8 59424 0.9393473575295261
11 2 21 11 63534 0.9809650790089066
20 16 9 29 74868 1.0425379264654826
16 18 29 22 56358 1.0025025425245186
0 6 19 2 72655 1.048318715106677
23 10 7 16 68516 0.9067359594904316
11 1 5 17 49579 0.9862079452895046
27 21 24 29 34298 0.9500907398570342
29 0 4 29 152767 1.05493952637123
3 23 11 3 77972 1.02968509151538
3 8 24 7 79633 1.0379405938788784
8 21 0 17 28724 0.926147121952552
3 7 18 2 57784 1.0248366200818253
27 26 28 2 114517 0.9075328491143457
6 19 13 29 56742 0.9232927691059634
6 25 28 4 122285 0.9508597518829001
13 21 5 17 29627 0.9388738276387374
1 8 22 22 97283 0.9209622555559326
1 9 14 7 50671 1.0429052186564989
14 25 1 22 39559 0.9655615706097055
7 28 6 6 74247 1.0936336909565725
1 24 20 27 64531 1.09377259672711
1 28 20 13 107708 0.9593854170066021
28 10 22 18 56893 1.0619924913711019
3 18 29 27 101738 0.9392428595877017
2 26 13 7 83022 1.0711342102693382
10 13 26 17 60032 1.0056935296059675
0 5 22 8 85658 1.0701434744333884
15 2 17 29 124233 1.0011871190374086
0 17 23 0 95453 1.0291047651616965
25 3 6 24 119033 0.9246583075951365
13 4 26 26 115588 0.9643490814256449
10 26 29 19 82494 1.0101034866296668
25 24 3 28 74467 1.0850569687016949
20 21 3 1 91351 0.9598812561976818
1 0 22 2 59358 1.0547772937831463
21 4 5 16 76659 0.9160485764096392
11 10 25 10 48719 1.0914810937903747
15 15 26 13 54134 1.0136389494326048
5 23 16 27 50021 1.0118018757645144
7 17 15 23 43517 1.0627214917491739
23 27 14 9 100925 1.08816663004532
8 15 23 0 86948 1.06020264143036
14 28 24 13 97385 1.0734153966819313
29 26 25 3 111931 1.0753731993342186
14 29 15 9 93289 1.05159039865617
9 2 21 12 69111 1.0728143526347735
21 25 12 15 68864 1.0127129633125205
4 4 2 26 76461 1.0807215175405618
28 6 12 11 71843 1.0596871679738649
5 15 23 13 75810 1.0356625066456744
5 17 23 11 69992 1.0658768170217736
23 1 27 7 38789 1.053846223458896
29 18 11 6 96813 1.039723743416622
18 29 14 7 104158 1.0085126432868319
5 16 27 24 82751 0.9218254377121012
13 17 28 2 104996 0.9318927461668933
18 0 8 20 83334 0.9565048287527668
0 16 7 12 39793 1.0592916568904052
21 4 29 13 53426 0.9510120176605812
26 10 3 25 115126 1.0440170681716385
8 11 25 25 100241 0.9865735094869332
25 11 1 17 87257 1.0722644034494855
21 21 3 12 74084 0.9741645717251108
10 9 18 13 39635 1.05414421361921
1 14 23 19 78186 0.9525700402751525
15 21 21 29 53478 0.9185142440355604
18 17 12 9 52634 1.0514340379189928
3 18 15 23 47461 0.9857075869510152
3 2 2 26 91098 0.9471290887697297
4 7 5 17 33188 0.9718188702777477
16 2 25 3 39848 0.9089875042588187
0 24 11 27 39026 1.057052510989924
21 3 17 13 44978 0.9617426119695265
4 6 22 14 93186 1.086968932325202
6 19 16 7 62167 0.9429199213147383
5 0 10 11 44629 0.9276306214505351
22 14 25 25 60027 0.9694253460732153
22 22 1 25 71449 0.9403435074341151
17 11 21 18 49275 1.0472755524915442
24 26 14 0 124280 1.056061074675883
29 16 12 2 105684 0.9560929112829292
14 11 26 7 52640 0.9886814719391177
28 4 19 19 90380 1.0134919126175452
14 0 26 0 45332 1.0333138620716167
27 24 3 5 114461 1.028766082286928
8 16 20 22 55015 0.9329745632172971
25 14 5 16 77879 0.994997457823345
17 29 14 4 111423 0.9104305930064406
26 24 15 27 53923 0.9403578316614007
6 0 12 19 56672 1.08466561250909
11 5 21 5 36234 1.0227183392827868
17 24 24 10 76458 0.9924230317623581
19 16 14 26 59148 0.9766492523104477
0 19 7 23 34780 1.011810019283062
28 17 10 1 99224 1.0712739540569614
13 15 24 3 79523 1.0732048077864944
24 25 0 10 107506 0.9858633090899316
0 13 24 23 106626 1.0863758315052368
24 10 6 18 71671 0.9044555963983346
5 22 28 26 89697 1.0014086225126095
10 23 18 11 60505 1.0982266865839085
15 27 28 14 93379 0.9186149712576807
10 19 7 11 31630 1.016403069855353
23 11 29 28 76635 0.9637213411413637
18 18 23 7 62999 0.9073094815134642
24 8 28 23 77156 0.9108733728313154
25 2 5 11 84215 1.004260826932719
0 17 24 20 75280 1.0925334452955626
17 3 19 12 40622 0.9258286548899567
27 4 13 14 80608 1.07516101849304
20 25 1 13 90044 0.9050053992659302
21 20 26 11 60437 1.015027406069773
19 29 3 22 67949 0.9231341683855349
11 3 29 18 107016 1.0475115986124077
11 25 13 11 51929 0.9813151834799463
7 22 10 14 30594 1.0695796191887095
24 16 3 22 74889 1.071545642963064
9 3 12 24 75938 1.0604609814230646
19 16 22 4 55728 1.0491589249700455
26 26 9 2 125647 1.0317985324543477
27 19 16 5 84793 1.092270765956062
24 11 20 1 41719 1.0656158424731053
2 16 12 12 40043 1.063363790681212
26 24 3 8 111890 0.9743035830596558
8 26 10 13 40802 1.074605751241052
16 16 5 29 79721 0.9430970592320239
7 13 18 1 60662 1.0100120260809016
28 3 10 21 108994 0.9856349398635342
4 17 12 14 31737 0.9456637070637299
27 26 16 17 57646 0.9316286118437265
20 17 13 12 43680 1.013800635999229
14 10 28 14 63344 1.0773475011006788
4 8 29 8 101236 0.9858302055138773
27 19 14 25 61285 1.0724075215929425
24 16 8 13 69849 1.0013751821602597
9 13 26 21 74105 1.0239122087988233
10 9 24 21 76773 1.0105652873986606
10 13 13 4 34884 0.923156911702646
24 21 19 29 46285 0.9160363407859607
13 20 3 22 24456 0.9613012172794239
28 11 7 0 96298 0.9781539220058618
28 4 18 16 78473 0.9259065938380222
3 11 17 22 72946 1.0127228379501003
10 22 6 0 60150 0.9501587650430002
18 27 1 8 98919 1.0391832004969659
15 0 5 5 38687 1.0475942551695823
7 16 26 18 62392 1.0433687730563304
15 12 5 20 48997 0.9977948770875925
25 24 2 4 116669 1.0186284355112492
26 13 25 22 47278 1.0267225235051485
4 17 17 0 72420 0.9442930278781939
23 9 20 28 88501 0.9812655404122749
4 3 24 14 98502 1.00240259816795
19 29 2 1 118251 1.0632446274940173
22 22 20 7 73941 1.0201164907840705
12 20 29 8 108409 0.9853789628796917
0 3 20 13 92493 1.0996111038001821
24 5 15 11 46221 0.9694507072365339
29 17 7 5 97826 0.9106770359599695
20 21 3 1 91351 0.948408741076627
9 27 0 18 49681 0.9821693243959809
4 21 23 21 56253 1.0945593922445558
10 25 21 6 86643 0.9122043380613196
14 8 29 15 86957 1.0980612725801149
21 5 8 14 65541 0.9998447709444734
6 25 8 0 81094 1.0309326556037022
12 26 29 3 132829 1.0454780886888444
13 20 22 6 84630 1.0705878911818618
24 10 8 10 51476 1.0546599148576261
3 3 10 25 74558 1.001889947015238
8 23 26 6 104693 0.9717580815132183
19 17 6 27 69580 1.0333553305834549
3 17 18 19 43235 0.9671144225264892
25 29 10 23 71112 1.014839532462839
26 21 22 11 57599 1.0843873200777083
11 8 3 21 54789 0.9844560803657519
2 12 29 24 108991 0.9192579259147086
5 16 16 5 62825 1.0407180637648208
3 5 22 5 67055 1.0349570971277569
13 7 4 21 60609 0.9269769645748562
1 3 20 2 58748 1.0384546116662552
10 22 5 28 37000 1.0940775211387213
2 3 9 14 53049 1.0134361003285408
24 15 20 0 62454 0.9710173356738605
16 7 9 27 82412 0.9817173086155391
2 3 15 16 75241 0.9229399052748252
12 27 13 1 92322 0.9974328365481518
22 6 18 0 32108 1.06190898455852
18 15 28 19 49389 0.9356586716335472
19 3 5 17 78770 0.9844420509927886
2 4 14 2 42415 0.9988780343110283
13 21 28 11 89740 0.9019171053602507
25 13 19 3 50558 1.0580460430082361
25 15 29 23 42001 1.0584783284864163
22 19 23 7 56349 1.0178201629534618
7 12 0 16 39793 0.9096236482013996
13 4 8 26 75686 0.9353203257872484
29 22 18 17 51918 1.0989759332738847
4 1 25 1 54333 1.0981582383758115
14 15 5 1 71713 0.9256379207746214
7 2 16 17 67368 0.9177275733382606
6 13 5 4 24202 0.9835873850549877
29 29 18 20 62733 1.0244012182269038
28 16 20 0 79878 1.0998879116164237
4 1 6 16 39709 0.970252848740619
21 8 0 7 78340 1.088034238352675
5 18 23 20 54839 0.9493560484353317
8 16 27 29 90851 0.9960942212509704
28 21 9 29 81451 0.9663587660536898
16 9 17 27 97155 1.0375048152566204
18 16 11 9 55921 0.9325097597699175
7 4 23 1 50606 0.9691309713832822
17 9 28 10 51115 1.0043553668939733
25 29 25 19 46572 1.0872196959563825
25 7 13 22 98669 0.9251549291312678
12 25 28 7 110919 0.9215484033671338
3 20 26 18 68401 0.9434342811969818
28 11 15 15 62101 0.9358106055462808
20 28 15 11 81850 0.9690506558951872
20 24 0 3 110785 0.9719171632633035
9 0 13 24 88054 0.9592287641562918
17 24 23 7 83421 1.0659256161551418
16 10 1 21 66294 0.908630695139969
29 1 8 21 109389 1.072150537631805
18 10 28 5 46698 1.027419202928633
26 9 17 29 110283 0.9912206413118708
27 10 4 11 88548 1.031491932109208
24 12 25 25 62308 1.021852561259929
15 18 23 12 48665 1.0888431942976653
8 13 26 6 78671 1.0143576905355407
4 18 18 10 56802 1.0069919946750272
25 2 1 13 100617 1.02922821901236
6 16 0 12 38871 0.9811327074199582
7 18 27 15 61140 0.9401255445303676
12 11 15 18 37960 1.0145240011033847
6 17 20 23 57556 1.0750716878216138
5 26 0 15 57787 0.9878609326137804
13 3 2 0 43009 0.9526325069933587
6 11 17 23 63830 1.0822399867996337
13 24 9 12 48970 1.0681481356307225
3 27 9 14 57723 0.929247948238518
27 28 19 4 97219 1.0817481453943532
18 6 27 18 74253 1.0687434346419493
3 0 20 14 96592 0.989584011383781
23 15 0 4 102547 1.0525110418239643
14 3 9 8 32765 1.03482720047872
17 6 1 29 114006 0.9169288028055037
14 9 18 21 68881 1.0128137790613057
28 17 3 17 69590 1.0865341140552172
7 8 19 20 67214 1.0235920327140342
19 24 10 25 27073 1.0823141332754533
1 23 13 17 47548 1.0070422920643332
4 12 23 9 72075 1.0783905522687505
18 19 27 27 53621 0.92477249128176
7 21 17 16 41208 1.0933695029097412
5 14 13 2 55155 1.054535529180176
22 19 1 29 95310 1.0662880006054085
20 11 15 21 64144 0.9755475644890828
16 9 17 18 48959 0.9000593055199348
18 3 1 16 90555 0.9413425558672965
24 10 21 23 72668 0.9295413207725162
10 16 15 21 28955 0.9434985414915065
22 16 4 4 88363 1.0193607367461412
6 25 13 17 41347 1.0118097297242055
26 25 7 5 112419 1.0658404865010165
19 1 24 25 100586 0.9424954781788799
7 28 19 4 110209 1.0091325606691692
11 22 21 26 53466 1.0418421778125055
20 23 3 21 58269 0.9714903022210382
10 8 11 22 44698 1.043486487727935
19 26 28 20 50234 1.0696270448733916
19 9 24 4 35200 1.084519901099339
12 22 16 15 44064 0.9641532677783408
23 11 15 13 35002 0.9424418738071716
11 1 13 20 67794 0.944893180450429
11 16 22 25 70310 1.0895072591002066
27 27 29 19 33183 0.9777894672625651
20 4 9 24 96513 0.9795896237701541
24 1 13 6 52363 0.9224606339785943
6 21 16 11 56679 0.9600583332152366
5 16 17 11 54844 1.080231293539932
27 12 25 26 56482 0.9121060627265465
16 4 19 22 87551 0.9016223162356872
17 3 24 20 86351 0.9384778257504627
26 2 13 10 65470 0.9978490736027941
19 14 12 28 82153 0.9770207172630333
19 22 28 3 106801 0.922926143716963
27 22 16 11 76579 1.0976451913665939
22 16 12 9 67749 0.9679036652757025
21 24 0 3 114324 1.0893431460218708
0 24 27 14 111783 1.0236310316087514
24 19 26 29 48130 1.0379158240450312
15 10 10 28 67332 1.054014075761745
12 4 22 29 120501 0.9590487858413808
4 18 1 27 39781 1.0734787195291433
3 20 17 3 82820 1.0062409442671965
19 6 3 10 62044 1.049848414827045
17 8 10 28 80806 1.035793226277557
18 13 13 4 53290 1.0529853690026616
3 1 23 4 60450 0.9769726869313885
4 2 27 5 83020 0.9127181869336531
23 18 29 23 34723 1.0636179352440425
5 29 15 14 84308 1.019106917038949
9 1 15 26 89801 1.0634763022549905
9 11 12 22 41249 0.9291104232228165
13 15 19 11 41309 0.9825264752744807
29 15 15 5 88616 0.9100988576169333
21 24 19 1 99252 1.029857447682597
15 9 9 29 77611 1.0952138773986602
15 2 29 12 73728 1.0479000153842775
28 16 21 12 41990 1.0841667856353343
13 8 0 10 46352 1.0548077643995706
16 18 24 9 63323 1.0993953147900828
28 0 5 5 73293 1.0287292632427463
9 27 11 10 55127 0.9222556463425269
3 21 8 0 65393 0.9949981187389139
3 1 26 10 91254 0.9804946001217817
15 7 25 5 38959 1.0718199054901323
9 1 25 25 124863 1.0091022876200388
27 7 10 16 78187 0.9292815723278851
20 29 18 20 43151 1.0482046187975247
18 21 25 10 67339 1.0729425227312905
8 19 29 1 102218 1.0444446716132594
22 24 12 16 64242 1.0378955503244212
4 27 17 21 62444 1.0666455539108555
21 24 7 23 52436 1.021769944586685
25 26 18 21 47860 1.018825182576641
12 14 17 5 53329 0.9625560236121258
0 10 27 16 94297 1.0596406163411254
20 28 1 25 61509 0.9270291354361021
3 25 0 11 66621 1.068752928984288
15 26 5 0 90739 0.9987929215881491
24 10 11 9 47089 0.9458648565711831
18 15 24 0 70909 0.9954095417549644
1 11 14 28 89113 1.003531790610861
26 4 12 5 51013 0.9678193620615182
1 12 0 22 53658 0.9154862581144273
8 14 1 2 51481 0.9613908128587189
24 22 15 17 48823 1.0360679118252978
24 21 6 0 99858 1.0294812227442258
