4197 4267 4102 4052 4277 4201 4286 4270 4116 4301 4182 3895 4050 3899 4042 3922 4247 3897 4276 3997 4251 3967 3948 4191 4042 4337 4311 3252 2964
1144 1349 1289 1337 1266 1274 1135 1379 1072 1131 1173 1205 1060 1062 1056 1160 1411 1398 6507 6584 6746 6388 6473 6524 6695 6683 6463 6599 6611
3973 3716 3555 3702 3947 3953 3788 3816 3788 3998 3949 5351 5245 5105 5420 5180 5130 5249 5033 5408 5131 4996 5265 5176 5228 5343 5221 5225 5005
2530 2562 2401 2771 2603 4095 4108 3775 3966 4079 3809 4112 3819 3825 3892 4080 4119 3783 3783 3848 3970 3922 3861 3865 3906 3940 3763 4013 3856
1550 5641 5768 5430 5629 5380 5765 5640 5399 5378 5470 5799 5494 5767 5690 5533 5736 5430 5447 5806 5798 5438 5659 5629 5634 5743 5578 5480 5564
4297 4232 4215 4062 5308 5100 5209 5074 5311 5241 5406 5264 5353 5211 5403 5326 5355 5183 5174 5354 5166 5417 5350 5331 5447 5083 5170 5102 5225
4640 4740 4806 4649 4971 4848 4724 4913 4782 4861 4712 4575 4592 4618 4751 4651 4963 4993 4966 4778 4986 4956 4744 4970 4766 4911 4668 4717 4959
2631 3021 2944 2691 2764 2740 2768 2857 2636 7365 7255 7269 7270 7147 7259 7316 6968 7071 7297 6951 7053 6944 7359 7167 7281 7349 7344 6965 7207
2119 1970 1859 2139 1796 1986 2014 2063 1873 2102 1924 1934 2085 1939 1747 2026 1900 1733 1939 2024 1929 1768 2111 2100 1833 1860 1906 2119 2080
5655 7567 7645 7443 7257 7393 7521 7501 7644 7618 7414 7468 7546 7432 7490 7570 7690 7503 7288 7398 7646 7275 7437 7270 7540 7612 7255 7658 7640
5090 5232 7676 7417 7657 7344 7595 7621 7422 7667 7400 7597 7737 7623 7708 7443 7627 7688 7681 7564 7537 7515 7534 7640 7624 7770 7589 7601 7746
1783 1744 1765 1783 1624 1450 1788 1687 1775 1485 1774 1546 1716 1363 7821 7412 7492 7517 7783 7818 7824 7465 7709 7397 7416 7569 7403 7515 7757
4339 4315 4148 4122 4293 4298 4473 4345 4394 4307 4130 4484 4126 4169 4090 4105 4266 4316 4280 4261 4134 4451 4442 8075 8045 7884 7789 7702 7857
2679 2826 2911 2979 3062 3102 3065 2924 3068 2690 6907 7044 6824 6788 6870 6821 6865 6660 6993 6976 6959 6964 6615 6665 6940 6621 6752 6824 6634
3979 4163 4067 4141 4110 3988 3983 4179 2534 2882 2688 2796 2537 2913 2939 2634 2637 2637 2834 2569 2686 2500 2843 2619 2682 2630 2851 2781 2915
4977 5256 5338 5045 5321 4977 5152 5116 5321 5324 5093 5275 5359 4962 5129 4965 5072 5161 5085 5159 5294 5268 5217 4947 5051 5119 4947 1219 1213
5407 5307 5247 5365 5572 5235 5344 5264 5505 5621 5648 5541 5357 5412 6149 6322 6206 6445 6340 6523 6291 6527 6483 6275 6150 6360 6188 6270 6470
6309 6038 6193 6194 6026 6143 6074 6248 6038 5888 6295 5907 6319 6012 6037 5971 6021 6160 6067 5953 6113 6211 1668 1804 1696 1566 1765 1646 1498
1994 1811 1602 1584 1922 1658 1632 1665 1773 1719 1894 4773 4670 4552 4685 4713 4702 4639 4711 4547 4456 4453 4545 4401 4677 4758 4368 4744 4522
8579 8502 8632 8552 8774 8920 8861 8838 8656 8864 8805 8902 8594 8551 8728 8573 8533 8552 8522 8906 8890 8786 8499 8868 8549 2792 2645 2484 2484
2267 2341 2451 2163 2211 2227 2120 2028 2369 2352 2144 1196 1624 1230 1603 1299 1231 1330 1537 1424 1280 1464 1594 1372 1473 1605 1612 1496 1359
5261 5407 5269 5312 5521 5493 5338 5227 5477 5269 5599 5304 5409 5459 7173 7313 6982 7301 7135 7068 7113 7147 7206 7185 6977 7164 6869 6890 7210
6474 6501 6233 6265 6457 6291 6401 6213 6273 6296 6278 6319 6333 6486 6455 6154 6404 6200 7452 7150 7532 7405 7392 7134 7295 7294 7460 7526 7176
8509 8516 8500 8495 8493 8532 8441 8435 8377 8435 8460 8714 8676 8638 8681 8733 8586 8388 8394 8340 8344 3611 3517 3571 3792 3811 3479 3464 3515
8340 8212 8226 8133 8234 8281 8118 8173 8069 7984 7996 8352 8337 8010 7960 8320 8321 7984 8114 8104 8304 8281 8306 8245 7987 7959 8055 8324 8009
8542 8508 8619 8536 8297 8571 4049 4101 4111 4317 4029 4207 4069 3975 4349 4354 4277 4262 4066 4052 4183 4192 4076 4015 3953 4247 4271 4192 4034
4162 4198 3949 4269 4169 4206 4222 4232 4047 4201 3974 4290 4210 4282 4256 4139 4129 4153 4224 3972 4003 3869 3956 4049 3951 1914 1794 1667 1755
1151 1137 1122 1294 1201 1322 1497 1192 1289 1446 1328 1405 1269 1277 1264 1205 1154 1414 1479 1411 1473 1468 1485 1426 1235 1226 1375 7820 8065
6266 6455 6379 6560 6358 6215 6238 6227 6221 6296 6476 6595 6206 6340 6201 6547 6580 6367 6210 6590 6216 6355 6174 6278 6259 1662 1673 1974 1700
7847 7710 7704 7461 7643 7814 7513 7628 7555 7597 7650 7524 7599 7526 7613 3239 3624 3300 3609 3646 3292 3534 3214 3450 3594 3564 3438 3519 3657
1573 1425 2204 2471 5725 7823 1063 1962 6861 6153 7968 8026 1309 1401 7765 7589 3463 7864 7561 2977 1234 7199 4377 2609 7708 7803 6134 6251 8361 2655
1640 1226 2028 2437 5355 7876 1359 2162 7002 5947 7923 7811 1379 1781 7476 7453 3707 7864 7553 3294 1366 7077 4605 2577 8268 7605 6201 8513 8659 2938
1450 1165 2098 2196 5731 8186 1074 5682 6724 6199 7859 7779 1291 1489 7471 7692 3463 8125 7667 3335 1260 7041 4514 2263 8274 7529 6111 8874 8347 2550
1569 1382 2006 2498 5333 7988 1467 5510 6862 6260 7952 7863 1385 1501 7751 7776 3672 7918 7445 2238 1268 7249 4619 2591 8155 7497 6147 8551 8555 2645
1623 1470 2138 2400 5457 8155 1227 5384 6571 6060 7743 7865 1325 1747 3399 4954 3370 7845 7742 1969 1232 7130 4649 2622 8254 7829 6084 8759 8633 2938
1648 1149 2183 2492 4269 7830 1412 5644 6635 6237 7926 8206 1281 1769 3496 5199 5010 7941 7608 2187 1449 7185 4594 2634 8298 7557 6306 8574 8318 2777
1787 5451 2102 2457 4417 7827 1263 5646 6584 6287 7872 7782 1459 1387 3676 5147 5001 7772 7518 1926 1408 7130 4405 2469 8198 7554 6378 8741 8703 2898
1793 5621 2278 2439 4463 8163 1276 5434 6957 4218 8063 8097 1482 1777 3470 5173 4964 8122 7616 2078 1363 7210 4422 2272 8122 7548 6433 8888 8330 2771
1762 5739 2052 4353 4343 8143 1159 5699 6582 4550 7783 7994 1281 1753 3287 5003 5085 8086 7517 1933 1153 7219 4730 2452 8028 7860 6299 8625 8702 2953
1444 5491 1889 4454 4475 7917 1081 5406 6812 4210 7816 7813 1439 1523 3510 5325 5138 7844 7776 2095 2249 7085 4446 2519 8355 7879 6298 8501 8461 2652
1763 5550 2122 4144 4440 3761 1134 5513 6702 4382 7806 3014 1454 1490 3538 5349 5052 8095 7662 1937 2049 7308 4646 2660 8141 7664 3986 8766 8303 2744
1687 5435 2253 4100 4367 3732 1268 5582 3124 4227 7888 2871 1427 1638 3403 5103 5249 7996 7790 2309 1946 7248 4684 2392 8358 7747 3577 8692 8472 2623
1452 5686 1917 4079 4684 3480 1113 5499 3069 4423 3940 3082 1530 1535 3387 5240 5044 8064 7653 2307 2030 7312 4422 2432 8149 7524 3848 8641 8573 2627
1563 5567 2248 4234 4527 3794 1295 5779 3253 4383 4072 3011 4195 1397 3386 5115 5093 7972 7640 1909 2071 7070 4427 2570 8299 8622 3756 8845 8542 2944
1442 5683 1958 4459 4321 3364 1470 5742 2922 4285 4209 2699 3913 1398 3697 5036 5174 8043 7450 2192 2145 4824 7350 2433 8295 8551 3910 8935 8429 2578
1409 5401 1955 4469 4651 3469 1267 5730 3122 4334 4008 2776 4233 1695 3424 5288 4950 8121 7482 2133 2004 5000 7449 2298 8287 8385 3717 8784 8326 2822
1433 5731 2750 4174 4396 3616 1303 5656 3283 4474 3917 2872 3977 1600 3659 5107 5102 8097 7491 2301 2144 5027 7135 2639 8204 8415 3760 8888 8470 2742
1504 5704 2744 4054 4394 3456 1314 5720 2848 4584 3975 2683 4148 5087 3649 5106 5099 8070 7684 1896 2328 5015 7172 2346 8314 8625 3759 8729 8558 2685
1426 5736 2856 4118 4314 3626 1180 5362 3177 4491 4304 2670 4123 5404 3538 5341 5057 7978 7518 1952 2080 5088 7470 2485 8214 8469 3847 8516 6004 2637
1514 5584 3027 4392 4389 3604 1129 5411 3277 4447 4268 3049 4002 5344 3578 5060 4931 8013 7723 2219 2274 4862 7112 2530 8290 8538 3699 8509 6242 2776
5039 5764 2828 4057 4608 3709 1168 5768 3017 4553 4306 2968 3833 5051 3261 5306 5216 7957 7544 2264 2203 4993 7281 2459 8081 8474 3827 8700 6040 2884
4935 5589 2969 4303 4563 3729 1112 5728 2896 4589 3918 2945 4030 5429 3632 5115 5158 7777 7734 2013 2007 5070 7248 2293 8156 8586 3618 8887 6235 2630
5275 5464 2782 4060 4397 3530 1030 5621 3200 4472 4113 3040 4009 5302 3440 4951 4983 7709 7734 2306 2127 4994 7091 2640 8234 8301 3588 8923 6157 2977
5177 5734 2889 4448 4479 3569 1374 5618 3090 4450 3886 2843 3974 5196 3586 5127 4871 7897 7702 2216 2192 4729 7399 4741 8134 8327 3700 8636 6198 2759
5061 5434 2800 4046 4277 3567 1104 5769 2951 4262 3945 2863 4033 5240 3573 5330 4872 7708 7651 2085 2245 5138 7333 4463 8197 8355 3841 8893 5904 2826
5052 5499 2941 4246 4426 3527 1203 5800 2919 4270 4006 2661 3827 5315 3535 5025 4927 7940 7479 1938 2211 4786 7241 4745 8315 8278 3985 8794 6155 2807
5050 5730 3096 4454 4684 3561 1380 5704 2927 4260 3884 2753 3988 5240 3286 5131 5171 1620 7611 1989 2327 5019 7144 4485 8343 8434 3907 8492 6086 2735
5078 5556 2786 4427 4384 3640 2431 5431 3210 4513 4184 3000 4023 5205 3656 4986 4923 1879 7597 2217 2254 4762 7469 4848 8314 8278 3860 8491 6098 6617
5002 5524 3002 4148 4299 3419 2433 5802 3098 4495 4225 3079 4222 5143 3537 5075 5105 1884 1391 2217 2013 4708 7204 4828 7986 8262 3960 8659 6159 6565
24 13 3 10 66819 0.9676112667172737
11 3 26 17 40513 1.0656492295343367
15 7 17 17 50209 0.9661687990589584
18 28 25 4 66469 1.032970141932639
26 9 0 16 55296 1.0468155448135033
8 27 1 3 49474 1.0379322683596752
12 3 1 22 61059 1.0669510492355057
10 8 26 4 36882 1.0139015560657298
3 5 28 0 46129 1.050174298647164
29 5 5 6 35416 0.9736642088093976
18 20 11 28 49079 1.0369105819222475
25 7 1 13 41783 1.0644977853398387
20 2 12 18 52304 0.965916968789662
7 15 27 23 58602 1.066412768674864
8 21 29 5 59642 1.0949564102861302
27 7 15 12 34466 1.0444584622526247
16 0 8 24 55232 0.9330806387157032
20 21 28 2 40863 1.0648536639140758
13 3 4 11 37099 1.0214973078563274
10 5 14 21 43401 1.0018548562875085
2 27 28 7 97699 1.0186903928004218
5 8 27 29 76119 1.0511282452508741
12 22 26 25 53098 1.0058305987254097
19 26 9 13 49942 1.077266276074425
27 14 11 24 56611 0.9333583620098117
10 25 20 3 73042 1.0635812242338085
21 6 8 8 19958 0.9898878184810962
19 27 0 2 69780 0.9653735923946017
28 24 15 16 56207 0.984314076275205
26 0 19 14 39289 0.9106212834179678
0 10 18 29 73938 0.9510770373431024
11 5 10 25 56552 0.9240185745435726
27 2 19 6 14439 0.9434227634467749
18 3 14 24 52648 0.9910435675566205
19 8 7 11 36951 1.028678089100693
13 11 20 19 30810 1.0584073158008285
23 5 11 19 53123 1.0156749100324811
22 22 12 26 42410 1.0688934953446945
13 21 13 4 53079 1.0827930753681738
23 27 26 17 33149 1.0098644469249316
19 24 4 8 68783 0.978242895807729
7 22 10 12 26232 0.9496331995768793
19 28 4 13 62077 0.9536461176402198
0 27 23 12 87250 1.080339754687561
28 1 11 8 34817 1.0913423413541077
15 21 13 8 43292 1.045287498361606
28 6 22 25 55689 1.0927705769503218
12 21 22 24 37434 1.0416099085110095
25 9 29 23 37284 1.0360402319350492
21 14 3 11 46213 0.9094436020437264
18 19 8 15 28610 1.0179481763303637
14 13 21 4 36401 0.9563256508818172
11 6 18 13 26121 0.917097937001366
6 29 18 14 60351 1.0929260515361434
20 6 15 15 38040 0.9171179217201718
5 9 16 9 45445 1.0102168314756643
1 27 21 25 80056 1.0253443084513805
23 28 0 6 73602 1.0187753720665662
9 19 28 25 53307 1.090798637798048
1 0 17 14 45521 1.0442928621755518
6 5 14 8 22384 1.0344982351653633
7 9 28 26 63424 1.0715489216713219
2 23 27 8 72680 0.9463929445226701
19 19 11 26 40184 0.9816569694536852
3 15 21 12 51219 1.0674088623323752
21 8 2 11 44657 0.9861553102708918
4 12 1 21 31039 1.098440108778493
17 24 4 9 66288 0.9728147223796129
27 8 5 12 40850 1.0214591247225135
16 24 22 4 57709 1.0989076016983594
7 3 28 5 36406 0.9110382482245285
4 9 25 0 62395 0.9385649545300779
20 28 10 19 34475 1.015824920613391
22 11 9 22 51287 0.9639123211794699
29 16 19 11 38083 0.9940618147331055
0 29 22 18 77504 0.9062207611358775
8 13 8 25 23049 1.0564527746874222
26 15 9 28 75419 1.095168557438371
29 22 22 18 30490 0.9858720380464931
5 16 18 2 52797 0.9589332925309151
25 27 7 2 72248 1.0015792510178716
13 2 8 20 40414 0.9545699418182413
17 17 8 7 49090 1.0218059451356833
28 23 12 9 57091 1.0610236723903705
26 12 4 6 40407 1.0397179117279343
15 18 24 21 33843 0.9823097403618413
0 20 17 20 28371 1.006130572739579
10 6 5 22 44346 1.0486170226321099
13 29 29 7 75629 1.05791472999023
18 15 8 7 39373 1.0433099128646983
5 15 13 8 34579 1.0896751394675528
14 21 19 15 27542 0.9533775734868696
0 0 28 2 49119 0.9187040075697901
13 24 14 15 30575 1.075593500991604
27 5 19 12 25904 0.905146284902402
14 17 4 3 46547 1.0643473820035636
14 3 23 10 41108 1.0576513640858898
4 26 16 1 84693 0.9623619489109446
27 19 8 27 54215 0.9152176124548873
18 21 0 8 61012 0.9799989648308579
2 13 20 17 44587 0.9800778740288045
20 2 13 7 21075 0.9052188133405937
28 10 19 19 33009 0.966791575967901
13 27 19 10 56394 0.9941732717368573
25 3 28 18 35089 1.0850775965360837
3 23 10 19 24448 1.0502179290636826
8 23 25 16 55194 0.9214589279492544
7 21 16 22 36881 1.0896201579627245
28 17 27 1 22281 1.074479065650312
11 28 16 11 67264 0.9651016026135132
27 16 28 5 18134 0.9628922218384003
3 6 5 21 40058 1.0420686685747724
16 22 3 1 69461 1.0144553877753966
3 3 23 6 34137 1.0176422345299614
23 13 15 11 32652 0.9210717667083453
24 19 22 5 35613 1.0126932752120477
17 21 26 19 27041 1.0316623140275571
2 28 11 9 63662 0.9311414182705905
4 26 19 27 62981 0.9662777455593903
18 16 13 5 40013 1.0451332855820104
9 6 23 9 33685 1.0114814391331193
5 11 6 25 45164 1.0703480814008821
7 27 24 16 72618 0.9408377500370193
7 24 28 18 64382 0.9957638791993964
19 17 8 0 53666 0.9621888211435923
27 0 12 24 71231 0.90091106351065
9 28 8 9 45681 0.9633719041354196
0 25 28 2 88009 0.923977788015086
8 11 17 0 32485 1.096507871601835
24 28 1 21 72024 1.0817412893866785
23 25 4 2 73774 1.026072280316736
8 2 29 12 47266 0.9996071483000998
9 24 24 3 79960 0.9895819011596438
23 27 15 21 39424 0.9484798513663208
7 24 29 15 69474 1.0734541587136535
25 8 0 22 73670 0.9112675813238627
28 28 13 17 58178 0.9679863060444645
0 10 10 3 34138 0.9706346091204453
6 1 2 12 21381 0.9130529327889736
15 26 4 15 61463 0.9423616795360655
20 3 29 6 19836 1.0370582092185887
10 17 26 26 64966 1.0966111488765773
22 24 5 14 62708 0.9042376068869792
28 8 22 4 24738 1.0715187722747141
2 24 7 1 66217 0.971685344330705
28 5 14 16 49174 1.0479025862288087
23 10 15 3 41376 1.06380277561713
4 6 12 2 17427 1.0614227208092752
8 24 8 10 27159 0.9968550874822223
18 21 27 17 27938 0.9896797659538846
27 26 5 25 72059 1.0185070168201562
29 18 13 28 63351 0.910748937008638
6 16 23 18 55697 1.0618005164612774
1 27 5 18 52186 1.0102798867436882
20 12 25 5 26568 0.9612117551832818
15 7 29 25 58043 0.960836131496468
24 7 28 20 32689 0.9090451076574118
16 6 9 10 25622 1.067644212161664
14 1 3 24 69086 1.0093913938539325
13 13 25 15 44686 0.9357235259513892
5 14 28 16 64263 1.0702608391466124
29 24 9 12 68840 1.033057149400333
22 8 11 16 49767 1.0100875765192
0 28 8 10 62093 1.0984058471978864
16 9 5 24 60680 0.911077402830511
19 6 7 16 37200 1.0009882048466052
1 0 19 12 46720 1.0104715197665972
14 8 3 2 33367 0.9846901439654651
0 25 6 5 59509 1.0751730887898552
11 27 2 26 55393 1.0463355627887143
15 16 26 16 49272 1.0507068691934696
16 5 2 3 30414 0.906481285024693
29 25 14 5 58349 1.0852018961509087
28 20 7 2 54026 1.0242151651290872
4 17 18 26 56783 1.047286927520222
4 25 23 25 65771 0.9911080816643325
29 14 1 18 64300 1.062488023373112
0 9 9 13 23102 1.0306836781381723
16 27 20 13 36367 1.0664397683344027
22 26 20 17 20524 1.0387027506391533
19 14 0 27 76102 0.9550425517584002
29 28 4 7 74636 1.0567352430895347
10 2 23 28 68831 0.9719871870293965
23 22 8 14 51089 0.9311707324242241
8 28 9 2 52761 0.9057040926543101
28 28 1 6 66612 0.9345078834187924
5 14 19 29 62515 0.9001443146684084
22 4 7 10 44437 0.9887401965802838
2 0 27 29 80262 0.9761061862909022
25 25 29 12 39170 0.9670213941797445
5 29 7 8 54359 1.027047836702952
1 10 20 26 60634 0.9027161683897256
17 17 24 12 42710 0.9289354921669133
11 21 25 3 71221 0.9787923585383054
4 0 12 26 75689 1.0999527967338039
1 4 27 5 36024 1.0266532575369476
9 16 12 0 38947 0.93231622253212
24 3 27 14 27266 1.0707061114907768
25 15 12 28 72190 0.962949167044528
20 0 5 6 29866 1.0389335250115428
8 5 2 27 70728 0.9182692594408133
0 21 10 18 28564 0.9423500177204555
17 7 0 21 58216 0.9122841481795446
21 28 12 4 60085 0.9344704875878209
10 29 20 15 47254 0.940952510561155
28 29 25 4 47783 1.052965328990034
11 4 23 10 35619 0.9028584586287058
20 28 17 6 39006 1.0328525327045255
11 23 2 0 54828 1.098156636373787
10 2 26 13 43120 1.0428565340707194
9 5 24 28 75688 1.0694303160673724
28 16 5 8 55413 0.9071203130275006
9 8 25 8 39310 0.9861384180595241
1 8 2 20 26185 1.0310985062941564
25 2 24 27 57707 0.9799101281296196
28 0 16 24 64776 0.9456222954159742
9 12 12 28 53209 0.9696047011440625
25 13 14 11 39684 1.0980823952232666
20 23 12 25 35853 0.9677940365070327
12 8 15 18 37200 1.0084741772448649
27 22 7 25 60015 0.9779122349209513
7 16 16 8 39005 1.0933932589573705
21 13 16 4 33563 1.001812278285125
17 13 13 7 24307 1.013041488916866
25 7 2 24 76633 1.0098279222691073
27 11 14 18 40805 0.9687185609135798
17 23 0 10 61278 1.0570542552617412
22 8 5 15 53261 0.9543289972376618
17 29 18 6 47149 1.0882290990961447
10 2 19 4 25447 1.0822819529927938
18 24 10 7 55881 0.905766414968197
3 5 24 12 53508 0.9771347652905693
21 7 0 28 90309 1.0143779432462177
2 29 29 5 91998 1.018007027396214
29 6 17 23 48421 0.9605201799174087
17 9 29 7 32711 1.0668350345415025
10 24 25 29 55418 1.095919231615268
19 27 3 14 64919 0.943141456299273
24 24 18 9 45241 0.9639538007352996
29 0 9 23 74899 0.9664152384842064
7 2 23 6 28081 0.9901171389323536
13 15 26 23 53683 1.0954202054810362
3 9 11 21 47600 0.9068681053644918
26 2 29 19 29688 1.0774993886618587
16 10 18 24 41733 0.979543511758115
15 9 19 16 34607 1.017292045746474
11 7 18 15 33570 0.9006802637296308
18 15 26 3 43506 0.9640903763821084
27 17 4 2 53891 1.0330377842082261
7 11 16 20 39791 1.0483804080491728
5 18 16 15 44921 1.0190390174089783
2 12 13 6 23307 1.0674507826940383
9 27 27 24 67769 0.980793785076716
17 6 10 18 47023 0.9330421633253265
4 29 5 12 48705 1.074686318201854
23 21 14 5 49819 0.9864535347484155
24 4 29 22 45633 1.0279316388186444
6 16 5 2 43898 1.0426126222866041
1 1 6 7 17778 0.9234507291094893
13 20 3 20 16147 0.9231395645131896
14 17 0 5 43544 0.99243207436632
3 27 24 4 96030 0.9406698990053182
14 3 18 15 44956 1.0533781657192547
21 7 22 20 31345 1.0940884223684406
23 29 11 19 42388 0.9911237148819786
17 20 27 8 37447 1.0075585874444113
11 18 11 0 51253 0.9077410545492361
3 13 2 3 17739 0.9630536246355599
13 7 2 14 32939 1.054574532925279
27 22 6 14 60837 0.9749884581274826
11 19 11 29 34044 1.0196213919922283
12 19 27 28 50639 0.9032143607814491
1 5 19 20 50826 1.020856147509237
26 15 15 12 48620 1.030723475118559
18 22 3 24 45739 1.0803311479376816
2 3 17 5 32625 0.9309944498235619
28 11 14 11 39822 0.9238324924157569
13 13 13 3 26468 0.9945710528179129
12 28 17 9 69313 1.0570208526681368
18 14 1 2 46655 0.9323567965215245
29 25 6 14 77593 1.025541988806865
24 12 5 2 57111 0.9448797847408967
4 3 13 17 54519 1.0810783089266678
20 9 20 22 19714 1.0757824436789438
16 22 22 14 35819 0.9962930547710789
20 23 19 10 23224 1.0650226357363644
24 11 16 23 38608 1.0221357979522836
1 24 20 2 79773 0.9635887844454322
9 28 15 16 51677 0.993197038143596
11 9 23 7 28340 0.9431276418919178
29 22 13 5 50154 0.9126874536506241
26 22 14 5 48737 0.9791232688580138
14 19 9 10 37500 0.9887448816281248
18 23 28 5 46173 1.092881453687219
9 7 23 12 45156 0.9809825435096942
22 29 26 17 34729 1.0600484613034755
9 9 4 24 47337 0.9985381608931614
21 21 9 19 30947 1.072496933092596
14 23 12 15 31695 1.0527853550343746
7 5 26 1 38906 1.0018505900663575
18 14 28 9 38526 1.0491219626895751
10 15 8 25 29691 0.9648139705831
11 19 7 0 44906 1.053408385246347
25 1 10 24 85056 1.00256355191778
25 28 1 29 70410 1.0463729696652604
17 19 8 16 24688 1.0837400770907304
12 24 4 11 50645 1.0816355411436842
11 15 27 7 42162 1.0065571498950208
3 20 1 7 28824 1.0849017031388744
29 22 21 5 42419 1.080145212159623
8 27 22 7 63149 1.0822563401745213
11 9 2 11 22553 1.0157189943542593
23 22 2 2 69719 1.001483188392188
8 29 20 9 59149 1.0816700123023284
10 15 18 3 38574 1.0531434071717658
12 2 24 22 66347 0.9016067393351107
10 9 4 24 50188 1.0634924741613179
20 28 9 18 43858 0.9311901861741017
1 29 21 19 65384 0.9131483513878069
23 25 20 0 56240 1.0011369443239924
23 28 9 20 48581 0.9449542707967182
11 8 18 27 59003 1.0926899028261656
0 22 22 21 54614 0.9543267224460276
18 4 10 24 60651 0.9170306600115257
20 25 7 11 55800 0.9536228058944298
14 2 22 28 66140 1.0080852195043857
23 12 1 2 53038 1.0363145452281088
21 2 15 16 52895 1.08301419670673
3 18 9 26 32251 0.9266388648108987
17 8 12 22 52088 1.0212977872665085
7 0 9 19 40874 1.0078771490699154
5 3 1 27 76429 0.9753163793944084
12 14 4 16 33182 0.9298976192125471
26 23 19 26 29490 1.0462462501524186
23 27 9 18 55262 1.083402622122439
1 6 26 9 40400 1.0756667362850827
13 2 28 9 37592 0.9082145806217198
28 28 8 0 69278 0.9826443707667661
10 23 6 10 38400 1.030944466845899
5 25 23 19 56441 0.9777191897906636
14 23 0 8 55964 1.076424510862403
19 4 22 16 37166 1.0309778934248937
26 5 1 20 61504 0.992355608191256
29 13 13 28 73449 1.0925801484665603
21 24 4 15 68359 0.9827169491355148
25 28 26 8 40704 0.9297281365084299
7 17 21 19 39241 0.9539174571020772
6 20 8 11 20098 0.9996224132387801
2 21 12 9 41710 0.9907878411460351
29 26 27 15 22796 1.021810474185648
18 21 10 29 40399 0.9896663443938509
15 15 26 20 42880 0.9241254004712266
22 26 7 3 62793 0.9186699997979016
28 10 14 14 48247 0.9605082759703635
9 11 4 3 33679 1.0752461584819581
14 10 18 24 45665 1.019871514961927
0 19 13 18 34175 0.9598006398030547
18 9 9 29 63279 1.086477398725456
28 8 1 4 40601 1.0113541416614074
11 10 17 15 26348 1.0346656542039114
10 9 13 24 51900 0.9778291204197016
12 9 27 23 52243 0.9879642776146913
23 26 12 17 46750 0.9172772151209712
7 26 3 7 56090 1.0770006984554872
26 19 14 16 33623 1.0690129235279229
12 9 8 29 46305 0.9729593093108642
21 1 19 17 44366 1.0040679120027538
22 24 20 5 41938 0.9315159155757772
27 14 7 9 43324 0.9928761220634287
2 8 13 27 74544 1.083989523738455
0 13 18 4 34618 1.0006687766751798
26 20 5 19 45673 0.9678566939438442
16 0 0 26 82613 1.027241860972097
24 12 6 8 54944 1.0711212261938217
4 6 29 8 37259 0.9119547478237157
26 5 22 25 58141 0.9416313388698603
25 1 17 12 45258 1.0265456910749586
20 26 20 9 25758 1.0765879682463844
20 27 28 8 44375 1.049338515953942
12 13 23 15 41355 0.9130081564986603
11 23 16 0 60763 0.9309145259850911
26 29 13 22 47801 1.0493440624993118
11 14 21 26 48420 0.9659205175278911
24 4 3 13 56415 0.9130648075372564
9 6 2 0 19536 0.9462491749617473
25 26 3 19 62403 0.90499227475676
20 1 26 28 54075 1.0620914912717132
5 19 4 5 40865 0.9426214940112663
7 18 18 28 55331 1.08443666674176
26 7 7 11 43999 1.086976929830287
23 7 16 23 49576 1.0759789557803967
24 20 2 28 72292 1.00799609860916
8 12 10 21 26332 0.9029626631975222
10 17 20 14 43524 0.972321589795996
15 2 0 11 39749 0.9854979722311542
6 9 25 8 44475 1.0095889718584148
22 25 7 10 75306 1.0735864860246056
20 1 24 16 47906 1.0847020290701646
3 26 11 21 43382 0.9847895835508936
18 27 13 1 67099 1.0772626174560798
16 21 25 0 64304 0.9840189538583664
6 29 11 1 61363 0.9305769745625541
7 20 25 0 68024 0.9970492551668781
29 4 0 4 51633 0.9214639775621666
26 13 17 12 39289 0.9655068062153764
17 12 11 22 47545 0.9949601698970457
29 11 22 19 27080 1.0903318949394432
28 0 21 4 29722 1.052862821281948
11 5 1 13 22057 0.9827928123563962
15 20 7 7 44366 1.0942972542384406
18 17 13 25 42393 1.0379309331587134
23 20 4 21 42060 1.0183623051550397
21 18 6 16 49801 0.9468742899021432
25 1 19 19 49958 1.0709988050444796
28 14 18 7 26671 0.9685641709582042
7 17 19 17 47857 0.9474553879830298
3 9 26 11 51083 1.0283479672145603
15 17 3 16 47011 0.9610382915459389
27 27 9 5 57636 1.01927645117732
16 21 0 7 54855 1.0570003032850923
24 22 17 29 35323 0.924523034046811
24 23 2 19 54332 1.058902976451257
7 16 20 17 38586 0.9936172996717799
20 7 17 24 34870 0.9072561886376603
13 19 8 2 43640 1.003701894701208
3 4 13 29 71951 0.9529605853222354
24 1 28 18 44560 1.0179625961485375
26 24 5 4 69033 0.965119101355355
28 9 27 27 28853 0.9856837697173426
2 29 23 1 101393 0.9732178665651107
1 6 23 13 53406 0.9761899523506337
10 7 2 11 31528 0.9616856647055225
0 7 16 10 39260 1.0867207277230344
18 4 19 25 44655 1.0442882363253005
10 1 21 27 67842 0.9846142488131768
27 16 8 19 44041 0.9601523068022849
29 20 9 20 42899 1.0597194385753392
25 4 11 3 35988 1.0279471912855918
10 4 8 24 45044 0.9344553265078528
6 1 29 29 82699 0.9413119097110685
6 7 4 25 61634 0.9311706325360463
9 29 23 6 64930 0.9429860104467214
23 19 6 21 40237 1.0674115682318819
22 29 11 24 43953 1.075834245686414
28 11 16 26 50227 0.9672976628871646
11 2 19 18 46210 1.0216348148319068
8 8 2 24 49061 1.0178016872750955
8 1 6 22 49577 0.9735641870086933
28 4 10 16 58440 0.9370984047294849
22 4 7 13 43039 1.0368804849123143
2 9 4 28 69105 1.0597453580604792
25 5 12 7 28903 1.0392332374693154
22 9 19 19 26907 0.9142048291845174
9 13 1 26 56511 0.9518125722123517
26 12 5 27 87972 1.0833034202548981
27 22 16 11 41487 0.9714283126408879
23 23 12 23 27125 0.9746635736855116
17 26 8 2 62745 0.9406313846973122
13 14 15 22 32172 0.9614567781437809
16 14 10 18 36945 1.0573295158722227
28 29 29 7 45886 0.908430168733885
4 21 6 8 46041 0.9017872728611899
9 15 9 2 32516 1.0211048565922791
0 2 10 5 25033 1.080596325979065
10 25 15 7 65400 0.9758734243777467
9 23 23 29 44712 1.0956122925622984
6 6 17 22 54106 0.9220176593311005
20 7 18 22 34630 0.9000089468838187
3 22 15 17 41117 0.999395360011216
18 6 4 3 28113 0.9629976875780146
25 29 5 27 65632 0.9560919399606093
3 0 3 11 24626 1.0084667449545441
10 20 21 28 39007 0.9378587243467211
28 25 14 22 47308 1.0848295718443963
10 20 4 15 33497 0.9963045231913545
19 13 10 23 44121 0.9169395423201967
27 4 23 23 44013 1.0835512510154108
4 13 25 25 73363 1.059506619150042
2 4 20 16 48297 0.9810098939335006
16 21 9 25 39539 0.923160579521564
21 3 16 8 22395 1.0239508094783323
29 26 24 21 29603 0.945827419139124
14 16 23 21 36906 1.0998592823367075
26 19 20 12 22676 0.9483806681298285
16 24 20 5 46327 0.9081011401843054
19 1 21 29 56248 1.0297225440940636
21 16 9 2 45153 1.045646088844646
20 22 27 6 34602 1.066956319213255
25 16 1 8 57946 1.0585540570431784
25 24 29 4 47507 0.945390604332007
7 16 6 29 35935 1.0190266810459814
24 27 4 14 81459 0.9477379481537221
0 13 11 0 32157 1.0584414982416135
21 22 16 16 35736 0.9068138751031353
3 0 14 17 49029 1.0285892003610428
13 3 19 10 26885 0.9421156959977661
7 12 26 2 43456 0.9512395950182204
24 2 1 15 54584 0.9446755220088746
18 26 12 21 30090 1.0733740873015125
28 2 25 26 42560 1.0805174769385204
3 23 16 6 54431 0.9678866109448012
11 27 17 4 79354 0.9304937040928662
10 6 9 21 38342 1.0156186550893376
14 18 20 6 37590 1.0500481625815445
9 28 20 9 65771 0.943349259036359
18 2 29 22 47169 0.9880467715405028
9 5 18 17 53602 1.0746178103803894
25 4 9 9 44973 1.0131437092054214
3 17 7 28 42090 0.9876189546566192
21 19 22 8 26092 0.9043837454032247
21 22 0 29 72701 0.9001328416916005
11 8 11 25 54399 1.0259536265914202
1 8 24 9 48616 0.9360780404266458
26 3 15 5 27812 0.9778792264228924
9 26 14 9 51447 0.9033718207246942
19 3 0 4 39029 1.0780809868882064
7 0 16 29 75832 1.095891165185289
6 6 9 18 33396 1.0292546784488588
23 28 22 8 50513 1.0848102576421723
20 1 25 19 40910 1.0937894121369176
28 6 0 10 47278 0.9075962955136051
18 14 11 11 22164 1.0989513213619782
10 20 8 12 18795 1.056453016975879
22 4 6 10 49007 1.0245113928980847
27 20 14 11 44021 0.9438224187362911
11 7 25 0 38827 0.9389397246573729
1 4 12 17 42354 0.9757439012596774
1 12 13 5 25030 0.9414084963462513
7 13 1 24 44845 1.0202880200987337
29 21 1 9 61937 0.931362397338748
4 17 6 27 50141 1.0650367145561883
7 11 18 17 47643 1.089300427899775
12 9 7 26 46633 0.9374020160534708
18 19 11 4 40647 0.9044401041809952
24 23 8 12 56337 0.9286601529957274
24 20 5 23 46185 0.9702564519656595
29 27 11 3 62768 0.9806011455849376
19 15 3 4 49782 1.0203659427659963
22 0 8 23 67945 0.9388724559700187
11 28 16 7 75191 0.9259692499269458
27 10 7 5 32524 1.024732360332277
7 23 8 9 29433 0.9789712023244121
7 5 8 25 41060 0.92706842067545
19 9 6 27 74970 1.0118337427533262
10 0 7 16 38902 0.9592090908089568
18 0 18 18 43825 0.9547907437396743
10 6 26 26 51694 0.9653569059396228
24 7 8 0 39259 1.093530861764698
0 9 15 2 37189 1.0917005910776378
17 9 24 21 43223 1.0391428268213954
14 2 28 2 34578 1.0633616961605135
16 22 23 9 51086 1.0044878860199526
14 10 20 16 26389 0.9537416264240841
21 28 24 18 36273 1.0598312996947679
12 24 1 26 54709 1.0642165467144475
29 26 4 13 75502 0.9848481299408255
0 6 1 21 35142 1.0286398358207707
4 28 26 17 79875 1.003584375967155
11 15 11 5 22405 0.9507814302341665
7 3 8 19 33639 1.0323693365237738
17 1 7 18 56586 1.0629896632994513
6 9 17 16 49638 1.053818401122489
13 2 3 4 26112 1.0357410202789448
1 26 13 25 62671 0.9044955412907735
20 6 10 12 22848 1.042804622995135
24 28 21 4 63787 1.0516484996988948
8 18 14 14 21594 1.0126873934463392
13 28 22 27 45190 0.9068754648048921
26 25 8 15 63137 1.0990214036440917
16 7 10 15 36137 0.9847486397145724
9 19 14 6 33207 0.9226601556199756
17 11 19 2 20988 1.026660724225167
27 6 11 29 69547 1.09922868941493
21 11 3 25 66082 1.046934022647514
19 25 25 11 42412 0.9612268277415769
11 11 23 7 31599 1.0392548254805969
3 23 21 25 53663 1.0656159479482759
2 13 5 6 15063 0.925255498295274
0 9 20 0 44732 0.9220586212476208
0 27 23 8 92552 0.9479302701919552
14 3 28 4 35180 0.9897740124002977
4 9 12 18 48117 1.074740771431658
3 6 23 1 47505 0.9795123653907827
2 10 12 9 30729 0.9464695904381604
20 29 26 2 53148 0.9153054946608218
16 11 28 24 52712 1.0872251021585697
24 2 3 8 49761 1.0981840971873866
1 0 23 7 43201 1.09936820532957
28 14 19 11 30729 1.0560443585202184
18 17 24 0 63416 1.069665447129057
5 9 25 29 81502 0.9500322519222442
17 11 1 8 35362 1.0622395768698483
0 18 24 3 69063 0.9357012854181159
1 19 0 2 28119 0.9577634523272309
11 4 19 21 44042 0.9209766089948587
28 12 11 6 31890 0.9490703130870598
17 13 25 7 35359 0.9794380633424464
25 13 9 19 51717 1.010921522893904
10 24 17 20 32016 0.9406524759823255
27 3 13 2 32918 0.9600850445468395
18 24 2 11 62611 0.957386590557086
11 6 14 23 43533 0.9607716714006245
24 24 27 11 37746 0.9670968623492779
28 4 13 24 67069 0.9453253541841844
14 1 25 22 62559 0.9446091798079446
20 16 29 9 38807 1.0103432357197777
25 17 13 10 52962 0.9470606633053246
12 22 12 12 36976 1.087433192207005
28 10 8 0 44436 0.9096819440689495
23 27 23 13 48736 0.9525140751311826
20 17 11 19 22085 1.0242966118051562
24 12 28 6 22436 0.9955162099522815
16 4 28 22 52090 0.956059443069584
12 19 26 13 44753 0.9933154900603053
8 1 23 22 63197 0.9930281459820585
8 17 19 8 39430 1.0925534796577276
28 2 25 12 23697 1.0469550393799034
0 21 12 25 46782 0.9172300680897387
7 26 17 24 36425 0.966936618650079
18 12 25 2 35112 1.055092325896731
6 2 13 29 70768 1.0848115668058702
9 11 8 20 24142 0.989412853812979
21 14 12 29 46751 1.0069313498579324
1 9 23 12 51458 1.0089314767777449
27 19 11 9 42179 0.9932185896430501
16 17 20 6 43216 1.0847120712828824
24 20 12 28 51452 0.9437456914331396
14 16 20 3 42442 0.9031888521925062
1 1 11 9 24217 1.051435886360046
5 14 9 4 32264 1.067999186228398
20 10 2 24 64926 1.0867186872775298
2 6 19 19 46714 1.0273474337515522
21 9 8 15 42409 1.0928547938372095
14 13 0 9 29724 0.9793772520517952
16 4 29 1 40206 0.943659553039069
6 22 12 28 40212 1.0758386709341397
29 22 19 6 39223 1.0862010914076785
22 22 6 15 60897 1.069779430059285
17 19 29 15 34397 0.9951049989393064
9 10 28 6 41350 0.9603476237602597
25 4 7 0 48042 1.080891724296946
4 26 20 7 75892 1.0499059431790034
27 20 6 18 50375 1.0589302525630089
14 17 4 21 30788 0.9218997328676968
28 1 14 10 41244 1.0204414389220178
9 13 3 7 26501 0.911627561982213
16 24 3 18 44884 1.0254266599241442
24 12 16 7 38325 1.025676378588471
13 5 8 24 43013 0.9443914702804266
2 1 16 15 49552 1.0817973455698193
5 26 8 4 60129 0.9968526267909035
24 29 29 1 58855 0.9600928474189989
25 5 6 18 62266 1.0813397600762185
27 25 3 5 59541 0.9488281882974285
5 23 18 17 45122 1.0780291302073868
13 22 5 20 24624 0.9413932300278397
9 2 27 28 66481 1.099221815693636
15 29 23 8 55369 1.0445354515065586
4 25 14 12 52249 0.9263075821544343
29 7 12 29 78256 0.944749676797295
17 5 7 11 35306 1.0137550598370948
9 12 10 25 42154 0.9763424846020756
18 18 13 26 35518 1.057529906190802
24 7 2 0 45892 1.0416766525911696
19 9 26 14 33324 1.0548701499644737
0 16 24 2 59207 0.9448935396906675
28 10 14 29 61709 1.0406931662343593
27 7 17 19 36600 0.9263428391384047
19 9 2 19 55086 0.9829090930071211
2 3 1 18 20556 0.9580070090930914
12 28 3 15 62868 1.0081764435899776
27 5 4 7 35349 1.0158307260236783
20 8 29 19 34172 1.0183912564561677
2 9 22 0 54500 0.9532896828556258
3 28 15 21 54528 0.9536373232260498
0 24 14 2 69572 1.0204487563989242
4 24 6 6 51276 1.0479142142988367
28 17 3 16 66849 0.9845288002904011
23 9 15 25 57218 0.9270799600416084
24 19 11 6 42201 0.9211122450227544
0 27 15 27 49941 0.9960100852613526
21 8 27 13 24720 0.9377793141738743
11 7 28 11 31250 0.9282261008089285
9 3 29 9 46151 1.0728122914624172
28 18 16 29 48757 1.094878579576513
11 25 3 22 38893 1.0198458002363084
8 29 22 7 67348 0.9876477270217644
11 24 27 19 50095 0.9852351687073649
18 5 10 19 42314 0.956315234742155
2 18 19 7 50271 0.923105774536681
9 7 13 24 55916 0.9762572879128867
11 12 29 4 40971 1.008124526481443
24 4 9 24 77690 0.9903839232012647
26 12 3 19 63442 0.9384914271423243
4 15 15 25 62053 1.093271300960619
14 9 7 3 25891 1.0332510553374825
17 6 5 27 71552 0.9966033090100818
13 5 7 13 23574 1.010184036302976
28 3 10 23 68355 0.9650010795252097
6 19 17 1 54913 1.0787987596967699
6 14 8 23 24323 1.0751136480836974
29 15 19 12 40547 0.9370258363256756
15 10 26 1 41175 0.9428145293636798
25 8 27 0 15762 0.9583421410964761
26 22 20 29 34112 0.9760041285375022
13 26 6 7 65780 1.0831810894916547
27 23 24 11 24581 1.0255829036732065
25 16 4 6 51532 0.9204626848049481
12 17 1 28 62728 1.0823856889376677
15 17 11 25 45243 0.9625943793871024
2 12 11 15 23297 1.0923585636765942
2 5 18 25 68303 0.913078056654243
29 5 2 8 46788 0.9861689320299674
7 16 16 18 33691 1.0987581381205516
20 15 19 4 25493 0.9982220494623232
5 18 17 16 47189 1.0864655839670623
10 2 11 29 64421 0.9005309884735743
16 9 22 0 37613 0.9625355445034339
16 17 7 10 47197 1.0272684810044712
28 2 3 6 37454 0.9847940565003961
17 9 25 6 17751 1.073079004053886
9 5 23 5 32789 1.0559346981414006
8 23 11 10 28695 1.0392940517654938
9 15 20 29 52353 0.9920333229808375
4 8 28 21 64532 0.9764864692170548
23 10 21 19 27795 0.9968533741143666
10 8 26 0 42164 0.9654928298909304
0 15 8 20 30919 1.0220176465653532
2 8 21 4 39082 1.0384981952534735
22 8 10 23 54375 0.9218216411652975
27 28 7 27 70594 1.060023272991495
3 7 6 22 50391 1.0075066253210068
7 20 27 24 47000 1.053819444602032
6 17 25 6 54081 1.044638704579313
10 7 1 12 26008 0.9617740633632011
4 12 20 0 42317 0.9209055710549318
19 25 7 3 61839 1.086881247592712
4 12 13 14 19590 1.0879213825709741
2 20 0 12 22913 1.0554987950183758
20 1 3 15 54326 1.0519857974022657
10 28 9 7 62045 1.0933758079200935
24 14 4 15 62840 0.9014740580896015
0 26 1 15 42186 1.0643582107165916
6 1 29 11 52815 1.0107629205227644
3 16 8 24 30161 1.0578917020070793
23 4 29 24 56571 0.9018989524681779
7 18 18 20 31518 0.9932820045220518
20 20 28 11 29702 0.9228081873004861
27 1 15 29 64851 1.013861213136245
19 10 28 14 34092 1.0628676238982926
25 1 20 19 47739 0.9253990289346148
2 16 18 1 45199 0.95222667782117
11 16 6 3 42558 1.0878193480742375
15 12 28 7 39897 1.0881435918070195
25 13 4 25 81432 1.0828913288002069
3 2 29 6 46318 1.0289001943358747
0 27 13 3 80746 0.9217427572263583
7 10 16 16 40991 1.0690401803298037
18 14 1 23 60212 1.0156909095467608
21 13 12 29 49771 1.0933196550563697
10 6 2 29 63828 1.0262869211432728
7 12 0 28 59717 0.9689868059216619
22 2 2 5 41234 0.9067369456551996
18 18 5 19 31914 0.9111315603780608
8 25 20 18 37175 0.9097727463303618
15 21 11 7 41155 0.9037278556722256
23 28 12 3 69044 1.099262721873276
16 5 12 15 32275 1.0879907621788885
1 12 24 1 59618 1.0481286833823626
22 3 1 0 45328 1.0099914573517819
4 27 29 19 83531 1.0492890447725962
19 0 14 25 62163 1.0228208956834468
25 23 26 13 28100 1.058353641128177
17 0 15 23 54507 0.9878607230836811
25 25 19 16 39355 0.9804448357866798
15 15 1 29 67068 0.9939675458967107
1 15 28 28 76885 1.0747376314865995
22 0 15 9 41356 0.9301864757223881
0 26 4 2 63757 0.949915229774089
23 12 22 1 45431 1.0201630349986623
21 20 17 8 28630 1.0860352548783787
9 0 25 1 44021 1.060181615430806
6 15 2 25 51005 0.9264609578782678
5 21 18 19 31975 1.0310604774244936
16 2 20 28 49952 0.9189218943638836
29 19 15 13 46295 0.9634429864622824
22 12 13 10 32568 1.038154135469761
7 3 24 15 58647 1.0229206615590898
18 15 20 6 26864 1.0651981394545702
8 21 28 29 59234 1.0782803198028936
16 24 11 19 28129 1.0956406530611198
8 3 22 12 40706 0.9777067140289011
29 9 21 24 52275 1.0946483059019698
22 14 6 10 51029 0.9372215291633705
21 0 1 7 41167 1.012371156815646
11 7 26 18 41597 1.019246875139893
2 23 26 20 58117 0.9280419127441358
11 29 12 11 50039 1.089482182218012
24 19 11 13 41817 0.9114472098329847
14 28 1 27 52185 0.916372848045651
7 16 17 29 49432 1.0969467796181962
25 22 1 22 66102 1.0143196068829794
11 29 6 10 53676 0.9819311442915838
20 28 29 13 46272 0.9624389990832021
0 25 0 12 42336 0.9614282724626934
29 25 20 1 58091 1.0206872818662296
26 25 4 28 73744 0.9095044183817406
25 26 19 7 50737 0.9475111472497343
14 25 5 6 56082 0.9722789793427454
20 2 13 12 33403 1.0209660583963083
13 15 8 1 38991 0.9360179432099216
10 19 23 20 28916 1.030946903414364
8 16 11 23 21035 0.981007553013067
21 13 3 14 46921 0.9240680545958219
0 24 18 15 68291 1.0729588059062007
19 25 2 22 57859 1.0657115459950206
0 17 25 25 76125 0.9817687674172084
5 15 26 10 60879 0.9950859890063051
0 11 19 15 49624 0.993543303405371
13 24 25 29 46959 1.0124451014415825
18 0 28 4 28158 1.0956169776514308
11 3 11 14 17991 0.9125193072921552
0 22 29 16 69786 0.9079318799062633
20 21 4 18 41384 0.9159168795412667
16 10 29 26 58910 0.9579479875208292
15 2 2 16 42590 1.023483117099432
6 15 11 1 37213 1.0773268351237495
18 21 25 15 38077 0.9722653227712321
23 7 19 23 42106 0.9667138011211655
13 16 17 1 52906 0.9204669462996613
11 0 0 27 79371 1.0345178639855297
28 23 14 14 51870 1.0404265858897968
1 14 27 27 69697 0.9510393746421734
13 19 21 26 28641 1.088227766553887
3 25 3 9 57058 1.0297303654317183
8 20 20 6 40961 1.0515486046150888
24 20 3 13 54491 1.0007257154624245
6 27 18 2 74498 1.0314406050927176
6 10 10 19 29625 1.0821925669678338
6 8 15 0 31843 1.0396693127321823
17 29 17 0 59224 0.9076127109467765
28 15 2 11 62816 0.9990504028589763
20 19 28 3 38678 1.0431263048585298
3 6 27 12 37886 0.9246826082069719
17 26 13 19 24943 0.9008934289025421
26 20 5 16 60029 1.0887538731533684
25 0 6 25 86946 0.9647414171846226
1 0 8 5 18723 0.9059050355822287
28 23 10 15 68605 1.0464153681594976
8 27 23 24 48418 1.005791761443059
26 20 8 11 54017 1.0868688186220932
15 29 1 11 63027 1.0195374595463162
6 22 14 8 48117 0.9959606438046975
4 16 15 13 34384 0.9496798605949213
5 6 24 7 31466 0.9482624510072689
13 5 23 18 49100 0.9397573922158349
6 2 4 15 40002 1.0400221839744082
2 14 8 8 24693 0.914707894100565
5 1 24 18 71738 0.9342187690289436
6 29 16 17 54552 1.00455687822019
14 8 23 13 41882 1.083925384606339
9 23 4 18 23891 0.9253679968276609
27 1 27 16 19248 1.0124024331201011
28 26 29 13 31725 0.9673043941977285
22 4 7 17 56996 1.0381754811251067
2 13 26 17 58044 0.9426608820663848
0 10 21 10 49651 1.0494113672981549
0 7 4 1 13385 0.9679370601326487
24 2 13 29 76446 1.06973131561016
13 0 16 20 52544 1.0188210914409885
18 27 3 3 75016 0.9085536431928293
2 11 18 13 33814 0.9662259921489075
24 16 17 23 37449 0.9174394261444845
0 18 5 26 44960 0.9257981061662183
18 25 11 21 39937 0.9132646993431032
9 1 19 26 65513 0.9517454197523881
13 9 24 25 66093 0.902320439640525
4 22 29 3 78412 1.0186445260166268
9 21 7 13 23884 0.9029085568004269
2 6 13 16 40869 1.084737736558694
24 22 25 3 51393 0.949102902002632
26 14 4 8 53656 0.9138044732602315
23 20 10 1 55079 1.0264577794614886
4 11 12 29 55417 0.9394068870272335
3 13 19 7 39901 0.9339659133605234
15 13 2 15 30929 0.9580096967021049
13 22 27 21 39373 1.0467091613134207
5 12 14 13 14682 0.9534162182711551
18 14 8 15 27354 0.9897813164139915
28 3 8 29 75282 1.0135271138103747
8 8 27 4 29684 1.0471716873731585
16 7 18 21 42567 1.0475092691030077
8 11 19 1 36693 0.9627742352100913
5 4 4 25 68730 0.9744463257072844
27 16 28 4 20079 0.9781959222292449
26 15 5 19 56568 0.9416457604026828
19 0 10 5 24376 1.016279927219029
22 2 25 23 51733 0.9552002060176452
28 11 17 1 34713 1.0207858206711804
17 8 13 20 41473 1.0500614804971646
16 1 12 13 35669 1.0823688381828667
8 8 1 29 60449 1.0673957412791795
0 11 10 11 23540 1.0296708737469378
4 13 27 7 44201 1.030039466747421
28 0 14 19 55432 1.0107122311059682
26 17 3 9 57524 0.9596951171507395
0 21 22 21 50647 0.9058098268210468
25 26 5 3 71228 1.0672104973068057
12 27 7 18 50949 1.0081591487319073
15 8 22 2 29708 1.0755317043131931
20 14 24 29 32929 1.0946475972486458
6 17 17 6 44670 0.9475366142723766
7 9 17 2 31451 1.0747963640248945
11 25 6 18 39246 1.055561916825338
26 18 22 25 41989 1.024488884600846
17 21 2 25 54967 0.9096724524857401
1 22 18 28 63331 1.06774947897549
0 19 28 20 56616 1.0881665325356633
27 21 10 6 40947 0.9153506590108597
27 0 15 26 63327 1.0514178662957685
6 23 3 13 32038 1.0572513433037563
21 4 23 20 38870 1.036966056717807
10 0 0 1 16805 1.0930005916372085
7 24 17 23 31834 0.9360522834979034
10 22 5 2 54519 0.9360674284489083
28 5 28 15 21915 0.9553379861903054
22 13 8 1 48776 1.09205194372692
20 12 11 14 28085 0.9312120250463028
0 16 9 10 29044 0.9008822072264656
7 1 2 12 26832 1.0874382363062536
21 6 12 25 64846 0.9264873014642502
9 9 2 29 60188 0.9930405370910991
0 4 12 9 30194 1.0698372332447024
6 8 21 8 34054 0.9132580610228561
14 11 9 0 30829 1.0464971545729358
9 8 15 27 66123 0.9867610074971845
18 0 15 11 27585 1.0971768356901201
3 17 29 1 72040 0.9823259182318885
19 12 23 20 21617 0.9562093281510939
10 8 0 14 33418 0.9908181429330221
26 16 11 19 42671 1.063862084005461
15 3 14 13 36558 0.958916328519222
29 27 8 28 72127 0.9827264079697647
6 19 3 26 32191 1.0397873441734675
24 22 2 15 78015 1.072494406637238
29 24 11 8 59367 0.979737175589754
11 16 25 2 59053 0.9373919561624529
15 24 27 9 51059 1.076309242694581
5 22 16 28 52067 1.0407243035671598
26 22 2 6 59518 1.070603025891676
23 15 29 19 30299 0.9325709131994774
7 14 25 17 57210 0.9897665788169565
28 21 9 12 57523 0.9488754475819663
23 23 13 4 50339 1.0565263649385095
16 11 3 16 40122 0.9010447999981208
1 19 26 17 61151 0.9194289584253529
16 6 7 5 13803 1.063694440581844
26 7 10 8 32729 1.0973961158688783
16 29 27 0 63180 0.9459244626065997
3 11 3 25 49170 0.9267118297913214
27 5 10 1 34948 1.0193370244801139
6 21 14 5 45043 1.016368740561874
18 21 29 14 38754 1.0157931233087671
14 6 8 13 19990 0.9390357167830321
19 25 8 20 39752 1.0670016434363534
10 24 2 8 54997 1.042906699273988
2 15 26 13 64554 1.0986385603077313
11 22 21 27 43621 1.0452257615501201
1 6 15 27 68405 1.0155918535656598
22 18 13 6 42750 0.9332433906668567
20 17 5 0 50881 0.9576464088945673
12 4 20 26 50937 1.04455129403698
8 11 19 9 31941 1.0081921140761738
1 1 8 20 38605 0.9726097309601532
29 3 2 8 50799 1.07156631839477
7 21 28 3 65992 1.0141365632095345
14 17 1 29 56761 0.9855082109132376
17 17 2 5 60121 0.9897786587354699
29 5 5 21 67099 1.0379396566069954
9 7 29 23 62178 0.9750406090344869
10 15 23 7 47470 0.9897661382869903
10 25 2 20 33460 1.0467672804086845
3 22 19 20 36811 0.9857885121263557
9 9 20 27 59068 0.9279311192549285
20 3 24 16 43114 1.0224226594098669
16 2 14 25 62426 0.9736253901541919
7 11 6 0 33522 1.0795460730583253
11 4 7 25 49985 1.0217302423754928
25 27 19 14 43635 0.9405286618714328
10 1 18 27 69444 1.017589611349916
13 4 12 27 75402 0.9637991523832368
1 1 29 14 56573 0.9034955728186261
9 4 28 18 53781 0.9028828830845058
7 25 18 26 42701 0.9609996860994123
19 23 8 8 49145 1.0246093098575337
26 8 25 25 39320 1.0624433485649005
4 20 22 10 52767 0.9976981416128711
24 13 6 8 60481 1.0790024108700187
0 20 2 9 30084 0.9419969626525834
18 25 3 21 49011 1.0302763287198393
