2148 2998 4242 3506 3071 4968 4803 3292 3908 2313 3145 3232 3204 3418 3961 3077 4995 4183 4372 2543 4854 3897 4520 4192 2338 3723 3174 2333 3057
3919 6017 4334 4616 5434 5428 6159 5303 3900 5671 4598 5318 4320 5914 5084 3529 3775 4364 3994 4544 4435 5338 4673 4078 5693 5336 5324 4383 3855
5393 4809 4155 3229 4543 5532 2851 3616 5003 3247 3836 3263 4579 5367 3337 5290 3300 5048 5534 3065 3039 4580 2861 4298 3168 3515 3870 3726 5234
2412 1993 4123 3928 4166 2636 4135 3013 1697 4326 4364 2230 2747 1644 4022 2254 1878 3682 2351 4248 3941 2926 2989 3035 4312 2438 3617 2843 3300
7486 8023 8279 7690 6847 5875 8077 7663 7934 5881 7370 8098 7964 6624 7386 6933 7521 7263 6489 6939 5828 6455 8272 7463 7855 5878 6671 6594 8292
6030 4820 7108 6079 6583 7194 6826 7202 6159 5115 6348 7335 5985 6780 7516 5479 7114 6468 7376 6523 6556 7308 5351 7618 6522 6079 6653 4951 5971
5751 3823 4785 5000 5896 5015 4351 4399 6535 5193 5676 4178 4981 4902 5494 3938 4026 4786 6489 3764 5658 5647 3973 5358 4708 5029 6597 5544 3688
4331 3322 5282 4913 4262 4346 5001 5530 3292 3132 5222 5017 5832 4835 3241 3535 3142 3381 5033 3876 4362 4465 3452 4966 3789 5706 4019 2954 3136
4689 5688 4089 5457 4513 4668 6197 6113 5657 4790 6637 6611 5243 4317 6617 5047 5503 5819 6018 4556 3852 6008 6324 6419 4165 4113 6431 4282 5897
8435 6974 7313 6231 7948 7592 6829 8425 6950 7307 5983 7289 8091 8100 8394 6968 7232 6491 6983 7851 7497 6963 7911 6915 8330 6027 7486 8769 6371
5349 5458 5055 5997 6416 6168 7407 5279 6455 6001 5014 6142 7418 5233 5113 7533 5909 5638 6564 6398 6276 6862 5564 6375 5631 5543 7697 7819 6130
3129 3170 2997 3851 3801 2549 3362 2752 3845 2678 2793 3250 2527 1301 2955 2444 3134 1738 2250 1648 2586 2135 1793 2726 1687 3075 3052 3158 2302
3491 3884 3240 5570 4896 4830 3337 4461 5417 3483 5551 5687 5215 4825 4145 3961 2838 4893 4342 4053 5519 4852 2872 3213 5481 5450 4502 3516 5514
6227 7401 5863 6999 7632 6394 6078 6220 5593 6079 7297 6129 6491 6921 6178 7490 7741 7332 6075 6206 6570 6828 6670 6276 5572 5301 7950 6057 6067
6629 6919 6358 5172 6052 5885 4610 5065 6265 5830 5057 6421 4404 6244 6099 6976 5180 5079 6617 5315 6321 6568 6619 4169 6018 5943 6695 6880 4090
5862 5935 5111 4994 5608 6243 6410 5330 5691 6007 5700 4628 5107 6761 5274 5442 6674 6469 5990 5283 6796 5572 4789 4753 5775 5717 6147 4632 5298
5083 7421 5046 7407 5777 5010 5877 6450 5805 5888 5558 7405 5294 6251 6267 7173 7370 5978 5193 6839 5361 6365 5576 5925 6309 6680 6348 7467 5595
6101 5121 4663 6702 4607 4373 6785 5301 5009 6818 5858 5481 4973 6240 6045 4454 4417 5277 5099 7029 6716 4882 6568 6619 6109 4860 4260 5225 6140
7033 6647 5293 5909 4676 4925 5102 7057 7211 5440 6306 4734 5959 5330 5621 5455 5488 6049 7366 6535 5654 7329 6419 5115 4708 5773 5362 7486 6929
5716 3885 5662 5522 5815 3363 3300 5367 3792 3937 4275 4815 4623 5246 3635 3866 4370 3281 4535 6184 3868 4808 4967 4054 5946 4985 4938 4736 4786
2481 2212 3491 2011 3997 2847 2129 3156 3379 3143 2553 1643 1568 4038 2575 3282 3435 3551 1781 2980 2212 2398 2814 2374 2679 3395 1590 3505 3495
7850 7274 7275 8236 5782 7351 5932 8371 7791 6027 8347 6658 8081 6798 8473 7628 8116 7865 8032 7916 8375 6932 7997 8430 7139 6546 5878 6884 6455
4743 5808 5316 5017 5627 5816 5440 5288 5952 5112 6579 5150 5436 4654 5316 6938 4461 4274 6440 6944 6213 4405 5011 5859 6961 6232 5842 6412 5106
1886 4490 3650 4151 3032 2956 4506 1831 4398 4375 3265 3590 3226 1676 2509 1774 3633 3546 1989 3689 2430 2646 2883 2979 2810 2180 2395 1971 3381
7455 8528 7785 7161 7500 8286 5983 7344 7869 7261 7050 8532 7169 8456 8135 7091 8108 8162 7122 6174 6859 6139 8631 6538 8591 7626 6930 6552 7967
8475 7820 6837 7829 8334 6624 7753 6628 6094 6141 5827 7758 8422 5847 6245 5903 6990 6858 6290 6120 6699 7158 5968 7396 6131 8384 8726 6501 8619
7449 8358 8100 7676 6934 8483 6562 6284 7652 8254 8540 7242 7799 6090 5916 8010 8130 7638 8373 8552 7075 6145 6031 7044 7937 6600 6639 7751 7711
4112 1315 2770 3604 3260 2140 3228 3235 2844 1993 4030 2602 3407 2584 3304 2131 2770 1856 2504 2625 2070 3724 2061 1589 3484 3306 2456 3452 1554
4070 1964 3383 2105 4258 4107 4179 2519 2478 1880 2174 1891 2929 3050 3887 2920 4191 4636 1982 4052 4532 4014 1781 1986 2037 2501 3908 4057 2915
6233 7097 6776 6996 8451 7055 7588 6747 7495 6435 6599 7695 5941 7910 5955 7181 7622 7438 8262 8371 5708 5694 7150 6226 6952 7674 5880 5666 6125
4647 4828 2310 2880 5819 4503 3271 7165 5753 6595 4769 5951 5330 6122 5941 3498 4054 4029 6958 4297 4159 4307 4212 4144 6700 2792 5835 2729 5545 7175
1910 4079 1545 3304 5858 2340 3625 6444 6241 7364 4760 6310 6898 5065 6652 2267 3414 3488 7471 4978 4123 4363 6493 5759 6193 2628 6408 2496 4026 5502
3634 5407 3306 3805 7921 3184 4786 5820 6705 6791 4470 6294 5170 5579 5155 3202 4235 3210 8849 3041 1601 3023 4962 4693 5310 3334 3659 3874 4937 5320
4133 4919 2469 4596 5193 3475 4178 7460 6009 6186 4846 6017 4195 4336 6172 2626 1877 3054 7103 4227 2526 5571 4726 6164 4612 2327 6470 1676 5294 5922
2204 5970 2350 2658 5259 2454 5085 4873 5920 6157 5300 5013 5188 5634 6513 3354 4084 4494 7074 3972 4179 5377 4565 5021 6528 2955 5622 3110 4644 5538
4217 4631 1578 3559 6912 1805 4067 6803 5361 5508 3376 6514 5766 5109 5774 5029 3114 4162 7970 3799 3504 4093 5096 5851 5529 1645 4289 1901 5080 5815
2640 4045 2108 3073 5097 1983 4679 5229 5931 7267 6002 5135 5358 4378 7528 2883 1840 4156 7912 4625 4116 3570 5052 5145 4322 1310 6317 1534 3807 5229
2742 4905 4175 2685 5942 4213 4950 5913 7400 7682 5034 6202 6048 6202 4858 3818 3587 4681 6850 4709 3492 3756 4557 5661 5356 3348 5843 1472 3367 6243
4606 4123 1486 2169 7051 4070 3009 6939 6962 7550 5652 6539 6320 4849 7464 4992 1837 5076 7779 3159 2209 4726 6030 5560 6657 2552 5942 1547 4704 5478
3279 4059 2840 2645 5985 3537 4253 4780 6315 7675 5771 6561 5251 4287 4959 2885 3922 5198 8539 4381 1414 3802 3873 6660 4504 3820 6181 3034 5091 7083
2319 3260 2966 4761 6300 2138 2267 7435 5865 7239 3961 6903 4623 5605 7517 4785 4351 4851 6647 4890 3603 3296 4128 4654 6569 3785 6315 3417 4542 4727
3557 4831 3478 2489 7802 3307 3165 5242 6354 7508 5870 6606 5781 6479 5125 4810 2521 3703 7976 2875 3506 5398 3901 4018 5012 3382 4213 3001 5162 5760
3220 5058 2213 2221 6120 3365 2729 5249 6667 6948 3469 5884 4509 5912 5048 4914 2854 4769 6652 4800 4161 5527 4676 6337 6167 1413 5597 3277 5807 7048
2330 5190 2404 2176 6554 3261 4495 6435 4920 5165 4195 6684 6114 4393 5757 3297 3516 3453 7507 2966 3401 4854 5476 6674 4371 1169 4514 3152 3995 6864
2757 3198 2197 4622 5113 1986 3736 5070 6644 7876 4302 4918 5637 5979 7147 3987 2381 3106 7983 2267 2043 4805 4764 6617 6781 2895 5395 1515 4247 5825
2454 5107 2373 4833 5355 1739 4458 7241 7070 6006 6028 4777 6775 5338 4759 5060 2652 4523 6371 2399 1913 5498 3836 6081 4597 2099 6114 2842 3658 6271
2715 3836 2563 3916 7440 1882 3500 7320 4766 6048 5973 6790 4819 6855 6696 2431 3302 3867 6586 2387 3418 4974 6409 6704 4592 1802 4551 1317 4059 6234
4783 4937 2433 4361 6741 4102 4985 6894 5510 5525 4899 6259 6070 6732 5525 3235 2797 2596 7410 3268 1603 4333 4481 5238 6915 1135 5797 1415 4542 5398
3533 4693 3551 2332 6677 2854 4118 5654 6969 6949 4941 5018 6968 6355 6543 3713 4411 4757 7958 4337 4084 5643 6501 5746 4188 1278 3681 2229 3788 5057
3247 3502 1298 3907 7689 1778 2636 5988 6029 7292 5294 5010 6870 5022 6019 2744 3639 4357 8685 4568 3672 3026 5891 5559 6804 2387 5990 1477 5622 4979
4278 4600 2194 2887 7366 2096 3816 6974 7375 5021 5341 5314 4175 5543 5198 4901 4418 4496 6280 3016 4309 3751 4349 4885 4703 2438 5246 2121 4268 4586
3084 3621 2852 4217 5797 2493 4604 4608 5674 7197 5936 7310 7000 6311 7198 3304 3412 5035 8027 2351 4050 4020 5120 6288 5299 2452 3988 3161 4707 6090
2727 3935 1800 2726 6325 4019 2580 5189 7467 7234 5169 6623 6525 4653 7362 4408 1971 3780 8805 4286 3400 4527 4294 6844 6199 1794 6101 2877 4715 5994
2946 5675 2527 2235 5702 1711 3624 7075 5274 7457 5630 6407 6772 4635 4964 3768 3325 2552 6123 2361 3884 5152 4962 6715 6380 3848 3967 1702 5871 5746
2604 3709 3522 3931 7950 4423 4116 6713 6616 5279 4179 6683 4601 4790 6629 4252 2606 3197 7277 3533 1776 4336 4489 5302 4902 2861 6010 3467 4991 5709
2505 4881 1928 2532 5837 2345 2722 5289 6461 7400 4198 6937 5751 6650 6207 2434 4095 3402 7361 4154 3015 3882 5713 5580 5784 3894 5181 1432 3977 4460
3012 4963 1505 2200 7354 4233 2911 5894 5726 5818 3309 5495 4492 6101 5245 2690 3082 3845 7198 3630 2318 3981 5116 6264 4427 2152 5092 1927 5099 6426
3949 4759 1331 2466 7200 3711 4960 7192 4699 6158 5473 6370 4378 5309 4834 3749 2386 4809 6788 4000 2092 4784 5951 4035 5902 2010 6388 1443 3538 6835
4202 4455 2632 3326 5561 2976 3136 7204 4692 5574 4162 6932 6642 4530 5476 4570 2562 5073 7942 2819 2323 5439 3801 4576 5705 3078 3971 2195 3387 6101
7 1 27 3 56397 0.9901738452332608
23 21 10 22 45896 1.0963921559457277
18 18 16 2 68161 0.9730323594754761
21 17 29 6 58004 1.0431757340821568
17 10 13 20 61544 0.9846549538343702
19 22 2 1 110052 1.0187030205562084
10 29 19 6 88200 1.0320802770808288
15 7 23 4 36648 0.9322239434093882
25 11 1 27 106902 0.9420675457587756
13 8 3 1 52793 1.0217172490379083
6 27 21 21 48707 0.9380645199198766
19 19 15 26 34443 1.0268586949359793
21 10 11 5 44269 0.9164783889826559
25 24 14 11 88432 0.9695425987140739
24 14 6 8 95164 1.063584240060286
0 16 7 0 71233 1.05868499016839
25 19 15 13 56814 1.082327957440064
18 7 12 3 35357 1.049373185629987
9 23 15 3 76214 1.0297785837935316
23 28 19 4 75360 1.0104479021953905
1 0 23 25 114967 0.9387253929751478
21 2 11 16 65063 0.9231833518422797
13 12 18 1 65730 1.0461150129192773
4 21 9 13 52228 1.0775054741187928
26 23 6 29 73676 0.923865131896202
2 24 11 20 39171 1.0606256960984823
24 21 4 1 117539 1.0777106476437863
10 5 23 18 73705 0.9788885673199446
5 5 14 1 42043 0.9546128758475425
1 25 26 2 124123 0.9580958946622677
12 15 2 10 52825 0.9410223807586889
8 23 11 7 56703 1.0802375806717714
7 24 21 4 97269 1.0477296317219909
13 26 11 3 67901 1.047139163131155
2 11 29 18 113782 0.9349804153838078
9 22 21 0 93332 1.0091019227381468
25 4 3 5 71025 0.9015639500510239
9 13 25 3 79879 0.9554003529377469
7 24 29 6 109463 0.9996149167260893
17 8 26 24 87224 0.9064438736860045
14 27 0 29 41610 1.0217010850061072
17 0 8 15 74655 0.9170987443685737
28 20 9 1 102306 1.0055199713323917
24 17 6 24 69291 1.0753744406403982
7 7 16 17 68597 0.920824920173532
12 22 15 13 46141 0.9876183656819114
17 16 6 11 56071 1.0657537469793654
5 22 8 2 86282 0.9446696373359023
25 29 14 23 49849 1.070230982788306
25 19 22 4 58525 0.9756037664431445
26 24 18 20 44379 1.0326827778947734
3 18 25 13 83430 0.9794645862479088
27 4 10 10 68001 0.9352388360358397
21 23 11 1 89548 0.9072080250881501
4 6 5 19 50720 1.002464435655882
1 8 15 15 77388 1.0637725707526036
12 21 20 8 63742 0.9410086740672854
22 6 1 3 71571 1.0186498742675394
29 29 15 4 106803 0.9543813527917001
11 27 7 8 67936 1.0743071889960647
1 3 4 20 62013 1.0651889678660034
12 2 0 8 54493 0.9248543176818318
23 11 2 26 91463 1.0581733469463166
5 21 21 2 96330 0.9452299025833514
25 10 15 1 63707 0.9840567155266466
4 17 16 0 89941 0.9941400110420462
17 12 10 2 68479 0.9624161015695571
11 19 1 1 79067 0.9754246755588305
26 6 17 14 61158 1.0600064188537655
12 24 4 5 73171 1.0907230285776166
28 12 15 17 61556 1.0787796826509308
15 11 19 2 55858 1.023293643327826
21 6 6 26 92910 0.9088191364039897
17 10 22 16 38623 1.075755891903122
2 10 3 25 51093 1.0871605508225148
18 22 11 28 39422 1.06587703608092
21 13 7 4 68455 1.0854587533872344
12 25 25 29 42244 1.0980357889048424
8 17 17 2 71200 0.9412808518968621
27 9 7 7 79070 1.001508991189999
18 8 15 26 73821 0.9889222470733222
14 5 29 7 53485 0.9266123708606404
9 8 22 15 73222 1.0995391705319488
0 25 28 11 106299 0.9277648618736353
23 19 11 7 71038 1.0970491739213655
4 7 1 0 36397 0.9433134011985106
20 9 17 19 39742 0.969776954045493
22 8 1 16 95253 1.0228076936800599
6 27 18 10 84809 0.9143938786914717
3 0 24 2 56260 1.0753245587610367
4 28 0 7 81248 1.014086222924354
12 28 24 1 106772 1.081748917658387
0 4 12 29 104273 1.0837740721820603
9 20 14 12 39418 1.0085342518964677
11 2 21 2 24704 1.0452777100826964
27 3 2 28 128520 0.9723242373757917
21 0 19 24 77132 1.0633176546155396
7 3 14 26 81972 1.0545734402542961
16 20 4 2 82402 0.9099289988426348
12 19 23 28 46240 1.0965015711983885
14 20 4 19 37437 1.0710362594577778
6 15 18 27 61818 1.0437841522489335
28 4 7 0 64777 0.955516588048554
20 26 5 10 85718 1.0586929405597623
27 26 5 1 120578 1.0519246942728133
11 8 26 18 80089 0.9136100904298314
15 22 11 9 50256 1.0051894667204797
25 10 27 27 54010 1.0829925640189952
29 20 24 10 43914 0.9833174703730106
25 10 16 0 64525 1.0117692709496655
26 7 13 11 81840 0.929954088160915
17 22 12 4 77469 1.004517435285525
15 23 11 29 30974 1.0409962353743984
7 28 17 10 83355 0.9970949890342644
12 21 1 15 49089 0.9212168161636843
2 0 3 10 36063 0.9014590095461463
4 3 1 15 48973 1.0622147874046461
13 28 23 16 58278 0.9917556336304028
3 20 25 2 109577 1.0861605531409277
16 24 29 22 43965 1.0240364610383157
27 3 22 23 73491 0.9640475210349737
23 14 3 17 68647 1.0872605309171426
15 2 14 23 82964 0.9633331585190419
6 23 25 4 114472 0.9360194345200372
29 28 6 10 107621 1.0584976377730755
27 0 3 26 127531 0.977323430262542
29 5 6 9 88522 0.957772642966307
18 2 12 7 36056 0.9507933157508858
22 2 7 11 76664 0.976558067481945
13 26 11 6 57700 0.9404585278197657
4 6 25 25 106867 0.9304010666884419
10 23 9 12 39039 1.0897467377202898
9 10 22 18 69640 0.9884088920148971
29 13 17 9 71959 0.9036728114609923
3 2 8 9 47785 0.9174402531990472
9 2 5 10 48114 0.9403942307491496
9 5 24 0 54256 0.9637844479365153
29 6 3 16 109023 1.02446566431811
23 4 10 14 68488 0.9142954030852972
16 6 9 22 67982 1.0154207379982236
6 14 26 19 81510 0.9089428697846008
28 2 18 12 59127 0.9473414188221685
8 22 23 8 88543 0.9982819040049353
20 22 15 16 33158 1.0928807418659885
10 28 3 13 65430 1.0054177351647553
7 12 13 16 36515 0.9899185030797115
2 17 9 28 55428 0.9437340889273997
28 28 7 8 104656 1.071225875280374
9 1 21 20 88867 1.0531313919546608
26 4 15 14 73509 0.9059852505141307
11 7 0 24 77076 0.959269544438067
29 10 24 23 58155 1.0781380397913427
28 20 13 17 58418 1.0158682829548034
7 27 11 19 28172 1.0283690101243081
28 5 3 18 109933 0.9974082010748513
26 12 3 20 97996 1.082330739374369
19 13 21 2 37133 1.0202614599682334
2 1 29 20 121512 1.0639329833191475
19 14 6 9 78022 1.0180392367635684
19 9 2 12 89369 0.9351237845997331
11 12 8 26 43194 1.0842796182478653
11 0 12 24 69919 0.9154857679339982
6 29 26 5 115230 0.9305221537090731
3 26 14 28 37618 0.9278343365867381
18 0 12 19 79217 0.9007812586332112
21 6 27 16 49915 0.9739222682430092
21 3 5 6 58109 0.9662847287215378
19 13 10 12 51031 1.081611075232107
29 2 13 28 109316 0.9481892801849369
9 13 17 10 48299 1.0678466688224229
7 21 7 6 64431 1.0750016431743241
0 27 13 12 72131 1.0471281487539739
15 27 2 21 50976 1.0293426508963457
14 17 21 2 66057 0.9813867995518978
17 26 10 2 81388 1.051807568736742
21 29 18 13 61485 1.07075990630848
4 16 8 10 41754 0.990613099953945
3 4 6 24 78231 1.0360298591396297
7 18 28 28 73401 0.922314441633951
10 15 29 27 67911 0.9424060088466891
3 27 22 23 57604 0.9976304886685634
16 14 20 20 33419 1.090266077920612
17 4 25 26 86719 0.9536545845641637
17 9 13 27 80015 1.0965719477451614
20 0 12 27 90938 1.0015551124296025
9 19 15 8 61197 0.9760981443814464
6 10 9 27 73965 1.0364517821324395
7 7 14 17 60968 1.0613117096895393
3 5 23 19 96682 1.0988040228462428
4 3 4 13 42174 1.0249194242346216
27 3 12 23 100721 0.9772141112612571
9 8 3 21 71727 0.913628536513842
21 23 11 8 68988 1.023334836625617
7 2 14 25 78233 0.9660269518004811
15 4 0 21 95106 0.9087282520454295
26 28 4 9 115253 1.002383483321765
15 6 5 21 73299 0.942751424245049
28 22 4 16 87245 1.0432180868391843
16 18 28 9 69016 0.9203064748490347
10 9 20 2 52160 1.0773599332805446
14 6 6 25 72808 1.0961119544419002
22 17 16 25 36922 0.9064468684735649
25 15 8 10 78322 0.9723899754733356
27 17 27 4 37528 1.064513689099756
28 0 7 24 122583 0.9395520871525922
2 19 22 17 75353 0.9862117806081245
6 15 8 6 48935 1.096705954463273
4 17 27 6 106409 1.0305657511319868
21 21 25 14 39710 1.0853038990520094
25 3 13 20 84151 1.089211877473599
10 9 2 3 54378 1.026551730491538
5 9 22 8 86633 1.0439164912356562
15 27 0 13 79981 1.0810222055542784
25 15 2 2 102951 0.9373167009176067
18 11 7 9 64592 0.9331342251127769
4 18 23 2 105197 0.9164558298389998
28 12 8 13 87595 0.9403150309675246
9 17 25 7 91489 1.0427089811429968
20 23 10 25 26398 0.919852446562515
23 2 19 17 54356 1.0604398750418307
24 26 1 28 63190 0.9029874620510554
20 19 19 28 26655 0.9213290822146463
29 14 21 19 42114 1.0386176071178548
16 25 19 0 78578 1.0185145875832524
11 25 25 2 94491 1.0701277605272712
23 12 4 20 78346 0.941511063365065
26 28 24 2 85083 0.9142131362031234
8 21 12 12 34856 1.0260480959678009
21 6 0 23 110092 1.0832156748889472
16 12 21 26 66082 0.9068154071093385
4 12 24 29 99088 0.9636012043154715
28 8 7 16 88274 1.0739633257636414
12 18 28 8 79787 0.9163526799021454
3 26 28 27 59663 0.9666405818090209
9 0 0 28 107949 1.0095282108895762
1 13 24 11 100232 0.9758615903816835
21 24 7 7 92026 0.9813230506391116
14 28 29 12 84621 0.960103891934867
2 8 25 29 119916 0.9313869885694983
5 6 27 24 111312 1.083654473148042
7 15 19 1 79492 1.0838348790269594
2 0 23 15 99664 1.024104705887426
9 26 7 7 80716 0.9623774458510166
28 27 6 27 49359 1.042991783269776
24 11 15 5 48701 1.0430456059833075
11 23 20 5 70014 0.9318454915871656
13 5 23 6 29166 0.9522408213602269
18 1 20 19 58455 0.9219474682141598
26 27 12 4 93776 1.0443586558123092
22 0 23 25 80647 1.0789548510513514
3 11 20 17 69017 0.9800982998024197
2 14 18 13 69271 0.9048633715631531
29 25 2 25 67163 0.9552547367974924
22 28 4 6 110153 1.053896692976279
1 21 1 7 59723 1.0305198351947817
9 29 6 14 68063 1.0146114492802343
8 14 18 26 61088 0.947319271384316
24 20 0 10 105007 1.0050923460997379
7 20 9 29 45042 1.0412535293586043
29 21 5 11 114805 1.0961280657784689
1 19 7 27 41123 1.066361512297569
8 15 17 24 53672 0.9700391594991531
25 26 10 21 48038 0.90239265060945
13 4 4 18 80242 0.930668506556836
12 29 15 2 87695 1.091682016942466
26 11 16 14 61539 0.9030915537064166
26 11 5 18 100377 1.0923541164742783
18 10 6 6 66531 0.9209030147497483
28 4 25 18 55533 0.9132219403266973
3 20 24 18 73589 0.9611411117472495
25 14 8 22 79606 0.9317146631325142
11 4 9 22 55749 0.9382815545635809
21 4 16 16 52029 0.9697645570137394
11 21 4 7 69725 0.9695103673095111
11 22 16 0 75213 0.9126523178199126
0 13 21 7 98019 1.0781305042177647
28 3 13 9 69569 0.9685050533886692
0 23 17 1 116248 0.9345146906549013
21 7 0 26 108314 1.0592265982175422
26 15 5 5 92118 1.0773393500437425
23 18 21 27 30039 1.0269350537178117
6 6 5 17 53188 0.9271956147325727
25 16 10 25 60565 0.9747292841976682
22 22 6 28 57254 0.9213615444044586
28 26 8 27 50261 0.9611463187662473
18 0 14 8 50873 1.0291530066331571
29 7 1 9 111123 1.0238629742123788
27 3 10 5 53101 0.9912974559720453
1 10 26 2 94559 0.9583250811018766
2 11 8 27 64210 1.0947134726298517
27 22 27 9 35600 0.9800225687817993
5 16 1 22 32461 0.9817822492242494
23 5 3 14 83349 0.9308176406533275
29 0 5 25 125951 0.9372164087376593
25 9 8 3 76536 1.075221812300275
17 21 20 1 68985 1.0789123831273157
3 6 26 2 72158 0.9813859663227024
0 13 11 28 72194 1.0994416823720157
4 15 8 29 60169 0.9955193342664523
20 0 10 7 49329 0.9595693841757691
15 9 8 4 47897 0.9630875793056051
25 4 18 29 98654 0.9160957448561279
17 2 24 17 63080 1.0049861966966551
8 15 0 27 62291 1.0879527684086812
8 21 17 7 76623 0.9239501332121276
0 21 13 10 71732 0.9491933002728227
23 20 25 28 29993 1.028738078323228
8 21 18 21 36777 1.0612167965500245
3 0 29 27 126164 0.9804053729483927
20 29 3 2 110319 0.95522386199474
24 21 8 15 71018 1.0490258100768934
27 26 0 12 105916 1.0029439665788107
29 19 3 21 88500 1.0798961978003077
27 10 27 28 49955 1.0193183618690125
28 29 15 7 105999 0.9920017756765609
27 23 15 16 57320 0.9768587828036985
6 6 25 9 80265 1.0070650190807722
4 13 11 16 36868 0.996872866404048
5 16 19 26 58506 1.0660697571961086
3 14 10 18 38084 1.0255469121757355
23 2 1 11 91180 0.9612680870876158
18 12 7 3 76155 0.9673612703870669
20 6 20 16 27466 1.0445986474656994
18 29 13 24 38487 1.0869369173631598
16 12 27 24 75325 0.9126998721559677
5 13 23 2 93445 0.9454585889187795
18 4 28 2 32860 0.99751028928308
5 6 24 23 107577 1.0215374482161372
26 20 11 8 78798 0.9582146210366127
1 21 6 13 44161 1.0845673890240295
20 1 7 26 103019 0.956781315256312
2 4 9 23 88456 1.0612623773727192
10 6 6 25 64686 0.928846729872112
26 14 3 29 98954 1.026370958450208
13 20 26 8 81262 0.9125677654827712
24 11 3 0 92304 1.0433442488217397
22 27 3 28 46041 1.063044721652214
1 17 24 16 74387 1.0717697714470622
11 24 20 8 65652 0.9398342341085217
17 1 15 24 90915 1.0883712901705276
25 25 21 19 30783 1.009225495779364
16 28 3 17 70465 1.0765419534383225
24 13 29 1 58404 0.9221703602780918
0 4 28 18 125078 0.9451654542205821
8 14 10 28 55247 1.0927819184416894
7 4 0 15 53760 0.9835363193308695
28 19 5 16 80763 0.9105228169200318
11 13 18 2 51320 1.0791701703598324
20 26 15 8 80144 0.9109565780678018
19 4 2 15 86002 1.037307577166458
15 2 9 9 47617 0.9513352907619952
29 9 21 15 45990 1.0030125025369732
7 17 15 8 61643 1.0596812771752535
17 15 24 6 48500 0.9098261121466834
1 3 13 0 42233 1.0428444771176837
22 23 28 3 75892 1.0851204304595423
2 11 21 8 87569 0.9193924115751879
19 26 7 25 33663 1.0248708802828472
25 29 20 1 94314 0.9354260258343596
19 9 12 5 35011 1.0906596901659198
23 2 17 26 80542 0.9718137126061183
10 22 15 4 65602 0.9796777475428489
2 16 24 5 93896 0.9511736560151786
9 17 23 16 51057 1.0537114871515758
28 16 8 27 75251 0.914548946723152
2 8 26 16 102493 0.9953007999885928
6 20 2 28 40867 0.9086136214208654
27 14 11 27 70302 1.0881981879053881
15 2 11 20 59421 1.0428804527228133
12 7 28 22 94297 0.9615103131042014
29 4 16 8 62803 1.0140925076701162
10 29 0 27 36977 1.0239229005755313
8 0 18 20 86423 1.0786817590797244
14 12 1 18 63183 1.064872359554839
12 9 28 15 80911 0.9608598344830606
18 13 5 25 72023 0.9428216291870961
14 21 25 29 62461 0.9822338336110655
6 28 23 10 89247 1.0102315026100492
20 28 12 11 64830 1.0104279161942966
25 9 25 29 76043 0.9484396621502994
22 22 17 11 55219 0.9036161398363338
21 25 15 13 59162 0.9114334698946863
0 27 0 6 77144 0.9198140227302781
14 14 21 6 55269 1.0588634778565011
23 2 1 20 109252 1.0371803449318957
1 18 15 24 64242 0.9099162148179291
9 1 10 17 59579 0.9630181555940575
29 25 0 4 129013 0.9007131767411671
8 10 5 1 49298 1.0847659558348233
1 23 28 14 105408 1.008295424301112
27 25 23 9 56206 1.0027929878655246
13 11 2 29 79945 1.0789816172149551
26 7 7 17 99524 0.9662857690710742
13 13 13 29 63183 0.9251395745690278
21 20 1 27 64534 1.0792157266509008
8 6 17 4 32225 0.9672248195999169
2 25 20 21 52901 0.9432418760209245
22 14 6 6 82082 0.9299162131184743
12 4 8 25 68513 1.0224459160565125
1 17 5 23 38020 0.9435090843745331
1 2 14 25 91589 0.9424523036733999
17 18 26 4 74564 0.9408070841145718
11 27 24 29 39482 0.9967832904276831
25 11 6 29 102760 1.067308263126922
20 2 14 28 86696 1.0702879663281708
20 2 15 8 39837 1.0898732843992767
9 16 19 12 50077 1.064847655966039
2 2 29 5 76169 1.0382119369881655
13 26 6 7 81209 0.9375563325018027
1 3 26 9 94894 0.9011049991694797
11 27 4 3 85482 1.0342280500535659
20 27 7 25 36050 1.0325870569708724
17 9 23 14 45147 1.0270590098247445
9 17 25 26 63013 1.0587739729377696
7 5 12 10 35014 0.9218238257254522
7 0 11 26 82997 1.0415650793875022
25 25 10 1 98185 0.9689646645200231
5 18 26 2 107885 1.0543597053771643
25 29 4 26 67877 0.9185154608153758
29 5 11 29 107703 1.0227925466295782
15 7 23 5 33616 0.9051126191343161
14 23 8 7 75946 1.0226212860312769
2 15 29 18 100138 1.0432092386866554
7 28 8 12 63669 1.0573896585549647
1 0 15 20 92907 0.9105836119055281
9 21 27 8 92010 1.0519584986823123
3 3 24 11 92022 1.0944776933992375
15 14 5 11 65197 1.0425352117153528
2 7 24 28 113087 1.016672358855807
0 9 8 12 49461 0.9054226244501357
20 2 24 13 50461 1.0267289222207903
22 11 17 29 71425 1.0588620603347065
16 19 28 5 78671 1.0195136896753778
26 11 5 28 102246 0.977751817020314
6 15 29 7 103775 1.0984728599257287
7 1 11 14 50495 1.0839062728572881
25 22 6 4 113060 0.9984433984600313
6 1 16 14 80940 1.0993700569038711
20 10 10 23 63359 0.9388131593527304
27 18 17 15 40509 1.0689560982198096
11 21 0 5 75514 0.9131956478343597
11 21 20 6 66584 1.0850665469843526
19 15 25 1 59989 0.9985819386765904
6 4 5 22 75015 0.9848362054938109
0 23 11 17 52406 1.0277178419036865
0 9 2 18 38062 0.91475877485522
23 28 13 4 93001 0.979567584252441
21 22 6 0 104788 1.0596364255719508
10 5 15 23 69691 1.0084721519357658
14 14 3 4 68828 0.904186443303664
4 29 3 1 94760 0.9457107132821966
24 8 22 23 57325 0.902728844684702
23 21 6 9 96847 1.0131122804542394
23 27 13 0 101807 1.0999648289495882
14 13 15 28 64885 0.9340576027364156
18 19 27 2 73812 0.9202495674743579
9 8 15 18 57129 1.0053913405922876
12 19 23 19 36645 1.0198761608659566
15 27 21 15 46672 1.0488654249402354
29 26 11 22 51687 0.97411195904524
12 23 28 0 105864 1.025855531280774
24 20 0 15 88047 1.096464848843725
3 6 7 27 74070 0.928997226088307
22 20 11 3 82345 0.961549519729506
11 2 27 8 57075 1.0185774866768136
18 1 24 28 93013 0.9685303437402895
6 24 12 4 77879 0.9676900610133752
16 3 4 13 76977 0.9974365524513357
19 19 11 25 37585 1.0148628178547567
5 7 26 2 78382 1.0680147393151245
18 23 12 12 58423 1.0495321102887998
4 29 13 18 61817 1.062260850089737
14 3 20 26 83497 1.0290953037531831
0 28 19 24 56369 1.043081861483305
19 13 3 22 77861 0.9964381138133934
3 29 7 21 37107 1.0212883809601503
4 20 9 9 63596 1.080907748651857
21 14 3 24 78893 1.0656464058644217
27 1 1 4 73926 1.0106489459686532
26 29 2 22 84182 1.083647040398276
21 29 28 15 59715 0.9807995332577195
0 22 21 1 120701 0.9366547962012085
7 6 4 13 43547 1.0308057535887978
3 27 15 8 88319 1.0916415702922297
25 22 3 21 77371 0.9215962622851573
8 20 26 5 87813 0.9111083992839345
0 7 24 0 86401 1.0038195283425766
22 25 23 0 79714 1.0842583971787956
16 17 17 3 65741 0.9831777254555161
27 15 7 23 83131 1.0342246543257858
9 5 1 7 34717 1.0852941681709134
9 1 9 13 54786 0.9507460049888393
25 26 21 10 64065 0.9767035952181387
28 7 3 16 101708 1.000304943259617
16 29 8 25 41114 1.0552779341850338
13 1 15 10 55345 1.0525273876702113
4 23 9 17 50343 0.9813605865760391
8 28 20 11 73297 1.059303318127599
25 7 1 2 83461 1.0384281970817204
27 28 28 12 47069 1.0576510472751925
22 2 4 16 90650 0.9085210352496723
28 23 2 29 77861 1.026575586079546
24 10 3 13 92076 0.9059837742521853
14 15 25 2 70595 0.9308387255307857
23 26 5 24 49406 1.0624334645050837
28 13 7 27 86580 1.0722168175463764
13 23 2 9 75229 1.0667492334146484
5 6 7 26 83000 0.9375305712248991
8 9 29 27 96126 0.9869753107581452
5 16 12 29 55695 1.0313937959273998
14 6 26 13 71126 1.0423843655442633
25 21 15 3 87297 0.9678670418697249
13 18 8 11 48936 0.9190797220244521
18 23 2 16 72262 0.9765226489684294
24 1 19 28 92245 1.0575011554854328
7 24 23 18 60964 1.0368263728615756
16 1 17 24 91184 1.0342130666919565
2 4 27 13 100475 0.948387217449221
17 26 26 29 37500 1.0338081587043844
4 29 17 3 112494 0.905834988847637
0 11 22 2 87937 1.0576590078623742
11 1 17 13 72531 1.0593206713669834
13 24 5 4 83467 1.0011365513623753
5 8 22 23 106887 1.0629762085709162
1 20 16 11 80210 1.0078458181191476
3 10 3 27 52678 0.9876620509763849
20 21 15 26 24683 1.0772120340327827
14 25 29 6 86205 1.0982849450275638
18 10 10 0 65516 0.9563769819130685
23 14 27 3 47904 0.9104353405548219
11 4 14 12 41434 0.923078332339169
29 18 27 4 53846 1.0588327843724403
26 24 27 0 70185 1.0456744415300407
28 22 15 18 57922 0.9907968827650406
20 12 0 24 86081 1.094852951462561
26 12 16 28 74955 0.9629260451393791
24 7 18 28 81994 0.93565588729696
3 22 8 3 73671 1.0912718335748184
9 21 0 3 88089 1.0654105853725753
8 0 29 3 63381 0.9219995796776188
10 0 28 3 52170 0.9667774510123712
7 10 12 16 38209 1.046996083282882
5 18 8 0 80079 1.0304834438083719
13 2 26 0 38096 0.9297589543048159
9 13 22 16 52495 0.9640370489253953
10 27 23 1 102476 0.9037542820841408
6 8 25 6 73284 0.9811156093798737
13 7 27 20 92647 0.9727971374734783
11 17 3 26 40743 0.9937952849293211
12 4 2 22 81692 1.0926503859777592
19 5 28 8 36400 1.0868635879873008
24 22 12 12 72583 1.088733150983502
17 10 1 4 78459 1.0842255451130063
27 11 14 29 80925 1.0171517101989664
17 17 16 4 61659 0.9787452149396261
2 5 28 25 116021 1.0135752431725904
10 12 19 18 45935 0.9299274249702091
15 18 16 3 77605 0.9914674271743018
26 24 14 0 105268 0.9119233849885171
20 11 9 22 62360 1.0748135413403326
7 29 26 24 64471 0.9308730277730158
8 8 0 12 53724 0.9492941215377028
17 3 23 28 84375 0.9824640697286822
0 7 24 9 96731 0.980375329152374
0 20 29 13 111451 1.0007947208184669
17 21 6 23 53054 0.9889149117824841
26 22 10 7 99757 0.9084810894156387
29 15 22 19 34970 0.9431296722512428
14 5 22 29 90663 0.9813741398563592
17 22 6 6 85875 1.0401363764762777
26 0 3 28 129534 0.940004067542
25 13 10 7 82677 0.9984190258568914
11 24 26 2 95702 0.9439078524599291
3 2 16 16 75001 1.0909870438030478
21 14 17 4 42995 0.9508689896834022
7 2 24 6 58236 1.0220371571558302
29 19 15 5 79122 1.0834388792857843
27 25 15 18 57845 1.0128683160547614
13 12 1 28 73785 0.9459819122248101
4 4 12 14 57229 1.03406627882336
22 25 29 17 43402 1.0886250731392375
24 13 17 18 40817 1.0667253313465597
5 1 12 22 78470 0.9026034749662558
6 22 20 21 54064 1.0663468594245291
5 29 24 25 58046 0.9838282903535537
12 23 20 20 35349 1.0198168372674932
0 1 14 27 106490 0.9441031112614027
28 4 20 7 34265 1.0692321303593078
12 27 25 22 47016 1.0367508376516992
20 10 5 8 73995 0.91806691151126
23 7 16 25 66535 0.9571392753642164
26 22 9 25 55685 1.012284226846889
5 25 27 29 58813 0.9268317621153441
6 24 18 29 56147 0.9176265989012524
15 29 28 3 105105 1.0007578091599236
22 19 5 14 72950 1.051967054934003
17 23 19 12 54047 0.9569108302493576
23 8 4 2 66985 1.0251878136253794
18 16 10 3 62892 0.9292416448870451
9 9 17 16 49535 0.9186702384359218
0 6 4 23 70043 1.0660235539094824
4 2 12 15 60974 0.9107478765941227
0 26 20 21 62044 1.0714831835344625
14 26 5 2 87862 0.9403882139684772
15 13 4 17 56968 1.0480813888342135
3 29 9 16 57899 1.0209660874852418
13 17 26 18 56759 0.9744534858933296
15 28 3 14 72289 1.001287115619814
16 23 25 15 61421 1.007860735444639
5 12 2 3 42740 1.019092950950965
28 17 17 15 42460 0.9149350623877603
11 23 0 24 37247 0.9417549509296474
8 16 22 9 68892 1.0152734592971544
12 28 10 13 44646 0.9688158409075212
5 10 25 29 110389 0.9773644766824469
13 16 29 4 87550 1.0736935373909775
17 2 27 8 41847 1.0695743486788452
11 11 13 23 38116 1.0733804858643987
29 0 20 11 54601 1.0448374088209356
1 16 12 2 75479 1.048025546191964
15 14 28 20 60495 1.0074832545453638
1 12 20 23 89657 1.0077102423940754
21 15 5 2 79094 0.9611623108193007
28 1 2 23 128386 1.0472854924086765
15 2 5 25 86808 1.0457156492899178
28 15 17 9 63083 1.078537063477629
3 22 0 11 44062 0.9480213415500611
24 21 1 22 82610 0.9477968056687611
7 10 17 26 73005 1.0212401326847547
7 1 1 8 44174 1.0583541307555384
8 2 16 0 27909 1.0107956851257442
25 4 19 26 84985 1.024465058028241
5 12 17 3 81133 1.0901903195612297
15 17 2 21 50350 0.9215301140735288
26 3 15 11 69550 0.9686879402003542
15 28 17 5 82168 1.0996805076847571
25 6 13 10 65268 1.050342204324091
13 19 1 1 86742 1.0686969908759094
25 3 19 13 47397 1.0898693006092706
6 16 29 1 102484 0.9504488012405227
19 0 8 24 103858 1.0645140984416797
4 22 18 3 103165 0.9028417268200218
7 8 27 16 93094 0.9358422412471705
27 7 29 21 46008 0.9373524717802428
16 10 1 18 76686 1.0530669507356372
1 16 22 3 100103 1.0485278316999755
0 9 28 3 98475 1.067257458354864
0 18 17 25 65528 0.9835771551720113
26 12 18 9 54695 1.0147863142757654
20 22 6 21 50815 1.01284257030053
5 11 16 1 79698 1.0226109310569165
9 22 17 24 33076 0.9182636464614143
10 3 20 22 83357 1.043295098904492
11 26 28 11 78878 1.0647003564056146
21 23 1 25 55202 0.9732341257443835
1 29 23 12 98460 0.9132394901168468
28 0 29 13 42467 0.9704160122843147
3 2 25 11 93863 0.9043516350063511
13 18 25 24 63090 1.0217885382249028
7 4 26 22 115156 0.9268434031799043
2 19 10 23 40877 1.0315272064960639
15 10 13 23 58745 1.0056977309015414
3 27 16 7 95882 0.9100529963053646
19 16 24 11 32622 1.0002703627847678
18 6 22 13 36179 1.0699249775274777
23 17 10 2 78722 1.0108209174921252
4 21 20 7 89743 0.9248740908618954
20 24 4 12 79410 1.00309331290609
10 10 13 2 34741 1.0721757574005044
1 12 12 22 64739 0.9659614044401937
9 28 22 10 87638 0.9140260594739341
17 3 28 11 56687 0.9071728370135924
16 7 19 29 88790 0.9314709432415833
10 27 20 10 66987 1.0377164920804316
14 7 21 29 95299 0.9548353658112885
29 21 23 0 76868 0.9389639380672624
3 20 17 21 50201 1.0016436343903348
18 23 7 7 90802 1.0826811245779595
7 24 29 15 85910 0.9404247342478079
10 10 17 14 46956 0.9181401237244916
19 9 10 21 67304 0.9700456543889826
11 21 6 14 36325 1.0604089130796426
15 23 24 1 100276 1.0413028323704165
29 9 10 1 75202 0.9735692762839789
22 25 27 15 38421 0.9737724184320036
10 0 0 8 57828 1.0704256290663572
11 23 4 18 39372 0.9561673188589228
4 29 19 12 95609 1.0482640642272338
10 25 11 5 53938 0.9674376845206617
1 5 23 11 83412 0.931405327149536
14 2 27 3 33513 0.9466738133793788
0 12 20 8 90997 1.0592296361787066
24 24 10 28 47261 0.9781583402547178
13 13 11 5 36147 0.9113062366455181
11 1 4 13 64843 1.0006567675441933
12 8 1 15 60482 0.9855934968502302
25 1 12 17 88606 0.9150543298185844
23 21 28 0 71675 1.0346265414026874
6 28 22 6 100028 0.9437528804848574
14 17 3 22 49471 0.9372749596658965
27 17 4 27 78112 0.9742120734943831
17 1 15 13 69830 1.0959335924948792
1 2 0 24 86006 1.0179722183134714
20 27 13 19 42476 1.0201449278598493
5 5 12 25 71281 1.0320939633352575
16 8 11 26 73599 0.965191958373598
14 16 9 28 47506 0.9299631253057554
4 23 13 6 81339 1.0612410085911663
10 29 2 19 55802 0.9734846109383279
6 22 13 18 39449 1.012711203013754
13 27 18 3 85716 0.9740076709054822
19 13 9 13 53773 1.0311519758050587
18 26 2 22 55071 0.9926049634589277
13 29 27 27 42758 1.0316684933544327
25 17 5 0 107482 1.0091513344848018
29 24 22 2 81750 1.0881330623673526
17 15 11 23 36964 1.08320361361535
14 29 3 25 44146 1.0905100511415713
25 8 1 20 114114 1.0734474686253785
21 25 10 2 83766 0.9268176914012399
25 16 6 27 73911 0.9384519377256476
24 26 19 0 84807 1.0823401096644307
4 15 22 0 100194 0.9732542350041029
23 26 2 10 92464 0.9732628901097132
15 11 1 7 79087 1.0297901136506384
15 2 22 17 64321 1.0731713196976003
17 11 2 14 77824 0.9850951194631252
7 0 23 0 51631 1.0070714214905856
0 5 0 20 55414 1.012423407027896
4 12 1 23 44861 0.9441341988533256
13 10 28 13 81861 1.0961127343261399
15 27 11 13 43469 0.950100954593032
16 12 27 12 64043 0.9050727514572692
11 29 10 15 38513 0.9709652744777
18 14 12 9 54082 0.923551333880649
23 23 16 3 80905 0.9281503045224359
5 23 16 2 95541 0.9108756002692354
23 9 14 2 45785 0.955896187423066
1 10 24 8 96161 0.9162091650202323
25 19 8 20 53554 0.9741917359115487
25 3 6 13 95308 0.9600520135026746
27 9 1 9 104746 1.0618803750832082
2 15 4 25 37145 1.0894886486841595
15 10 20 20 54541 0.9072932506288828
28 14 8 20 76171 1.0590843851575384
7 26 25 19 66786 0.9526145326318008
12 26 3 12 62264 1.0325758634944302
21 10 27 29 70017 1.0688289364368664
0 10 26 24 115274 0.9965164290749086
16 8 10 22 68446 1.0013469938186361
26 3 17 20 75908 1.0751878330566789
9 26 17 12 72267 1.0082460301805263
26 9 22 0 45484 0.9898852671558737
14 4 23 6 31957 0.9799547329263738
9 1 15 26 85867 0.9038111398704539
12 1 9 25 75023 0.9987395693857771
21 10 8 13 70203 1.0396201823498292
19 22 11 25 30140 1.0467733727289295
21 28 0 5 114173 0.9845310646207046
21 13 1 3 87127 0.9679191179395967
28 24 17 21 46753 0.9105419812274811
3 5 16 21 83286 0.9308379944727391
22 24 17 2 78641 0.9000758494307595
22 19 10 19 40124 1.0944348113780287
6 10 2 25 62489 0.9387204795193475
5 9 13 21 72462 1.0837880478921291
16 28 0 7 107365 1.0673889714917337
27 13 5 6 94013 1.0802581476428048
25 24 0 1 128017 1.0046006404828551
0 27 29 27 67340 1.0748283769893248
23 24 6 1 105254 0.9020963909197423
26 13 20 24 53380 0.920999882861363
0 23 18 17 78423 0.9888627445819217
16 2 5 0 38642 0.9698795818836461
5 18 24 1 110073 1.0656829111934918
24 23 29 4 78975 0.9088546112142888
22 28 14 13 77420 0.9451596732380539
2 27 24 1 126299 1.0023279343551121
19 20 0 15 68732 0.9296746419919215
23 2 29 14 51242 1.0074118695908538
16 29 24 4 96364 1.0174697233632197
8 18 21 1 91113 0.9431757701911888
19 20 0 13 76111 1.080621889999042
7 22 15 3 77685 1.0669188034126607
2 6 25 26 115678 1.0711494847088279
26 0 24 17 62785 0.9854992100674816
24 6 19 15 41552 0.9690915050638427
25 7 27 22 52862 0.9037711299848925
25 0 2 27 128060 1.0109450646706526
2 12 15 5 62970 0.9805081095384012
12 7 27 29 91837 0.9380549152048153
2 21 19 9 91105 0.956963328837659
25 4 21 15 54512 0.9935836099551257
17 10 1 19 85649 0.9030657782336609
27 27 21 3 83219 1.0289044251148705
12 0 5 9 60365 0.933034202598063
2 7 29 7 97366 0.9863360420538214
15 23 13 9 67785 1.0737853225896679
27 25 9 17 63611 0.9317894480233642
11 16 1 20 39537 1.0264805354223268
22 13 11 0 70580 0.9050400743118884
11 11 2 4 49381 0.9024392887291467
21 28 6 10 91705 0.9803110465521261
4 13 9 18 42318 0.9437278064370319
3 23 7 15 36465 0.9115812515249493
19 25 28 17 45606 1.0588429729525122
13 9 26 26 91832 0.9137354411370034
17 0 7 25 97639 0.9668656803774384
15 0 2 22 102301 1.0196939530836577
28 12 26 3 30257 1.07112157438006
9 0 28 3 55449 1.0786955536448093
0 27 5 11 67950 1.0749769030283634
4 27 12 0 92800 1.0080707035440313
10 6 15 0 33628 0.9458359438462023
9 8 11 25 53670 0.9597705540643737
20 15 10 7 63024 0.9705452681185319
26 16 16 19 43154 0.9149818324184037
28 12 2 17 95854 0.998499479557082
26 7 12 19 89477 1.0316884406161708
10 16 23 2 74066 1.0401515840134339
3 28 15 24 41295 1.069776533852356
1 0 6 15 63989 1.0186201145036597
7 16 26 14 69715 1.0489901893031068
13 21 14 11 53932 1.0214354596708808
29 0 3 22 131444 1.073211753603905
4 28 3 5 76622 0.9681966005655349
6 18 0 29 57716 1.0766259880268276
4 23 17 14 75263 1.0867960468261662
23 16 4 9 90259 1.0898699272865928
16 9 3 1 69414 1.0139166473026118
20 13 2 25 76755 1.0027400683917023
15 17 7 3 67055 1.0543541958779064
13 12 1 13 62693 1.0898970667747339
17 20 7 6 69598 1.0186375525467553
4 8 12 21 70659 0.9118646869267066
2 12 11 6 53600 0.9295901017006402
3 29 25 1 132272 1.0633725595345591
7 6 10 14 44504 0.9354881220623824
3 23 9 14 52028 1.0009017249548764
2 29 9 5 91109 0.9979340899845657
20 10 29 21 58446 0.9501029971706898
26 19 11 11 69018 0.9667266063709153
18 6 16 23 76046 1.0920251856697951
10 10 9 27 51506 0.9537520778126499
15 29 17 21 47387 0.978247784380724
1 0 16 25 101681 0.9501003353986459
28 6 0 13 114489 1.0754210808905658
13 20 26 20 40568 1.0512068011032563
16 16 21 5 46247 0.9395668005793205
7 16 20 22 54878 0.9581055349982878
21 2 22 23 72350 0.9014476043121367
26 15 7 7 96401 1.0860190571891477
25 9 21 18 50723 0.9845175768005209
21 25 22 3 70087 0.985551433098156
29 5 6 18 107086 0.954553977150407
23 12 9 14 64360 1.0173414024298906
27 25 12 7 86483 1.0249537237016688
27 22 13 15 66207 0.9644514757549515
7 7 17 12 71795 1.0216083799965594
27 16 19 19 35029 0.9372077568687174
12 25 4 12 62553 0.9815272215792809
29 0 24 11 53377 1.0415987429847477
29 27 12 25 37603 1.0789212780775905
13 22 18 27 36155 1.0945304672057927
18 29 12 9 81381 0.9123359135128853
7 3 27 28 110864 0.9589559746509834
8 2 24 12 79174 1.0792829386711178
9 13 26 4 81943 1.0052457204409924
10 16 18 0 73571 1.087428491603008
3 15 20 15 57910 1.0396781625918312
0 5 14 23 96471 1.0315894272261221
17 6 13 24 78672 0.9323499707919469
14 12 7 21 49235 1.0305387726772124
10 6 11 25 49871 1.0639344791845748
18 15 22 3 46600 1.0849699210726311
16 28 17 0 99182 0.975132656224068
27 19 18 21 36258 0.912182974768773
18 17 16 1 68506 1.0859093092261805
19 29 8 13 74682 0.9386721725815149
0 9 17 4 70048 0.9620625967812482
7 13 28 22 89818 1.088437802975884
11 10 0 2 52968 0.9748627185091535
5 28 24 21 64697 1.0936113111174888
8 4 26 7 67120 0.965087850803941
2 6 16 23 100676 1.0180703682447985
12 3 1 8 53771 0.996772581810564
24 26 18 17 42734 0.9949125053675487
13 3 26 8 62613 1.0247554272615562
2 1 6 24 93682 0.903278826630144
21 21 24 11 43016 1.0078039177301172
14 7 23 5 33444 1.0531923408647974
12 26 28 12 75980 1.0289287420558586
16 1 2 0 48097 0.9257258802954079
7 16 27 27 70741 1.0152937659786423
10 26 24 22 47206 1.0831334854447359
6 6 24 25 94854 1.076136647538736
8 21 17 6 69838 1.0979423953042746
15 10 5 26 75342 0.9558738291364817
2 24 15 1 104527 1.0437199472561898
9 17 13 26 36708 1.0788657923606366
24 0 22 16 56232 1.0001148477962234
16 6 19 23 67435 1.090163149095638
7 1 17 0 34310 1.0790837927217158
19 5 29 2 31568 0.9305754667006448
12 29 19 6 85565 0.9566847699422604
24 28 7 4 105034 1.073808474551198
18 7 8 12 67044 0.9790533930024075
8 14 15 21 50400 0.9995698686936569
19 4 4 26 103757 1.008976682611588
6 14 2 25 50213 0.9489503673959644
2 17 24 5 94749 1.0524070732979711
5 4 15 20 76666 1.051443854190595
12 23 3 12 54581 1.0545668208164862
20 15 13 20 35163 0.9899009184879715
23 29 24 2 83998 1.0756035656972367
10 24 24 29 48173 0.9407284141823371
17 29 18 17 51374 0.9202777597895001
16 21 17 6 69090 1.0792524782395583
7 4 20 2 41489 1.0361198710356931
15 3 9 7 35058 0.9867634578277731
6 21 6 9 59085 0.9630836137350995
5 2 19 27 99977 1.0557738522995364
9 10 6 0 56737 1.028409327997624
14 0 29 18 100303 0.9727380445694003
9 17 23 14 55340 0.9442139231573535
22 1 5 8 77293 1.0834742552131307
1 20 23 23 71727 1.0488946678444135
3 14 23 16 68762 1.0295135817221295
13 19 2 14 48202 1.075392257516787
5 3 1 9 39378 1.0424397081657775
13 20 11 28 27879 1.0918220623934278
9 2 12 21 63665 1.0575366630674217
18 23 14 5 75130 0.9237266986052157
8 7 18 8 54953 0.9225928434426155
16 4 8 28 87995 0.9212352627502032
0 3 22 8 84517 1.0690787955617378
23 10 26 29 67180 1.02412234790919
27 2 0 19 124036 1.003334164655822
18 3 28 24 88696 0.9073286282834162
28 26 6 15 80682 0.9296651923279244
28 23 9 9 95038 0.9399810966796337
18 14 28 10 55515 0.9662592070271518
20 26 2 22 56358 0.9748137249575484
22 8 24 21 52712 0.942353340471153
5 6 22 6 59619 0.9438233005115878
1 15 9 21 46140 0.9763552948810242
8 11 4 25 70181 1.0456650857122438
26 11 16 14 61539 0.9024674750219702
24 25 25 7 68903 0.9125765417987898
25 23 10 4 100757 1.068004899562429
9 5 16 24 73095 1.0517026237024951
18 26 25 7 83159 1.0996776044596637
25 20 1 24 77049 0.9884545571493051
17 5 26 16 58874 0.9180348164883215
13 10 6 29 70352 0.9471945284145665
20 1 24 11 47629 1.0315671307046
14 12 4 24 72598 0.9010074368443552
23 9 5 6 71513 1.0225236563992162
7 17 6 0 74301 0.9072918837393497
6 4 14 24 83972 1.0860121918770251
16 18 0 15 63021 0.9108377782377062
26 29 10 1 116011 0.9865355602695305
22 5 9 9 56285 0.9711293175439333
23 2 10 25 92227 1.083788142846835
10 0 18 18 80011 0.9703074699247553
23 22 25 13 33317 0.9819930240167837
5 12 11 5 54284 0.946056933466047
21 2 4 24 111060 1.0744202854873524
2 14 26 18 91701 0.9194766725446775
2 12 23 8 93226 0.9875563114818422
20 24 4 4 97439 0.9649285434067129
26 22 10 24 56336 1.0789320900831123
15 24 6 18 50648 1.0446471090142275
26 20 5 10 102071 0.9554301729987963
20 16 10 16 32424 0.9179812741971413
7 2 9 23 79170 1.0937269869082191
15 4 24 6 33151 0.9656238318014639
3 1 0 16 57068 0.9234978423669516
3 17 19 22 68065 0.9521578753774889
0 5 5 17 52521 1.0613196567054035
4 27 15 10 74945 0.9262457122279382
9 23 16 0 88320 1.065788598764288
29 8 18 9 62271 0.9137239623106321
7 16 15 4 61680 0.9849157351153983
27 9 3 19 103235 1.0665896074479246
9 13 20 29 65834 0.9658283548916263
1 1 9 18 85803 1.0689195050655296
3 23 12 5 77432 0.9502832361918282
9 0 1 12 69997 1.0429780732629081
22 10 10 14 67040 1.098973239924119
18 29 5 11 102117 0.9210834412229181
1 28 21 8 105911 1.0415088890103528
14 6 3 19 70819 1.040929887093844
4 5 15 4 37727 1.0143013187010013
8 14 14 0 68869 0.9259506009486846
0 22 25 0 132661 1.059852921573467
19 21 20 2 56797 1.005077920909759
27 17 17 10 56472 1.0070164423027217
11 24 2 1 86487 1.0946546995128208
26 20 17 10 61577 0.921310664164134
