5109 6067 5152 4811 5036 4749 4868 6051 5839 4888 5922 5776 5590 5808 5505 2097 2684 3214 2041 2761 2699 3089 2118 2919 3016 2092 2269 3153 3256
3315 3055 3836 3908 3196 3419 3763 3698 3074 2753 3657 3204 3494 4388 3332 4511 3246 4213 3364 3970 3561 4344 4300 4397 3511 3172 3386 4163 4572
5620 5425 6202 5867 5951 5318 5339 6478 6692 5451 5532 5433 5925 6138 6673 6738 6980 6696 7985 6768 7273 7067 7047 7135 7803 7723 7604 7155 6814
3359 3879 2933 3799 3455 3854 2917 2855 3920 3738 2911 3343 3140 3089 2689 3472 3631 3210 3545 3606 2747 2643 3903 2592 2523 1605 2242 2273 2609
8155 7597 7280 8307 7649 7620 7453 8606 8488 8322 8015 7503 8370 7685 7764 7283 8148 8592 7903 7584 8279 8368 7165 8424 7289 8240 7610 8084 7891
4201 3933 1333 1859 1506 2117 1587 1382 2488 1548 1610 2343 1406 2363 1968 1584 1666 1365 1691 1899 2517 2484 2497 1959 1697 1316 2347 1408 1704
6592 6183 5289 6071 5430 5229 5655 5486 8509 7578 8326 7652 8404 7445 8753 7643 8403 8259 8709 7650 7531 8080 7714 7582 8339 7923 8733 8682 8665
7599 8518 7478 7456 8139 8310 7405 8063 8008 8438 8689 8551 7916 8655 8167 8704 5591 5874 5823 5560 6081 5273 5713 6530 5325 5318 5900 5325 5856
2615 3052 1894 3149 3089 7229 6872 7018 7104 7864 7303 7044 7619 7046 8098 7467 7596 7936 7875 7159 7787 7120 8174 7002 7658 7392 6993 7070 8129
6433 7021 6385 6420 6223 6175 6853 6827 6227 6601 7156 6149 6717 7197 7302 7315 6354 6848 7399 6679 6831 7433 7438 8518 8718 7558 8889 8914 8212
7039 7401 7745 7183 8007 7478 8087 8097 7051 7282 7912 7872 7736 6933 7369 7489 7832 6981 7171 6947 7603 7575 7294 7964 2494 2514 2204 3215 2210
4953 4585 4339 4294 4707 5345 4770 5387 4240 4066 4813 4184 4819 4534 4014 3440 4562 4632 3506 4733 3803 4431 4589 3994 4299 4761 3456 4020 3648
6406 5942 5639 6428 6541 5820 5664 5712 6362 5674 6575 5658 6370 6883 5575 5663 6002 6536 6165 6574 4445 4734 5001 4035 4689 4903 4774 4717 4647
6642 6511 6558 6459 6684 6703 5522 6654 5729 6383 5731 6836 5152 5726 5697 5448 5543 5023 5142 5205 5084 5789 5087 5629 4895 5543 5758 5092 4887
1958 1432 1863 2177 1830 1850 2772 1609 2170 2393 1957 2382 1574 1612 1953 2138 1512 4148 4289 4562 4302 3882 4259 4109 4813 4096 4606 4047 4652
6028 5029 5913 4796 5961 5219 5275 5093 6131 4888 5486 3308 2838 2617 2540 2520 3078 2522 2229 2536 3327 2842 2471 2054 2628 2223 2936 2969 3386
8665 8140 7755 7302 7665 8247 7479 7973 7266 4204 3506 4296 3153 3657 4103 3923 3724 3134 3306 4016 4250 3017 3210 3045 4234 3926 3726 3237 2974
7063 6314 6413 6393 6329 6759 8180 7723 7619 7540 7724 8275 7809 7591 8058 8130 8186 7601 7296 8554 7659 8284 7525 7382 8043 7621 7727 8603 8087
5524 5145 5769 4866 4866 4668 5717 5125 5850 5826 5266 5029 5885 5799 4875 5302 5158 6634 5785 6031 6163 5565 6874 6346 6590 6024 5954 5986 6376
3998 3989 5179 4297 3858 5128 4786 4804 4619 4005 4603 4720 4795 5211 5119 8369 8414 7375 7695 8023 7590 7897 8159 7508 7755 7188 8301 8200 8510
2538 2486 1421 2607 2229 1513 2518 2687 1988 2029 1941 2828 1835 1544 1474 2810 1855 2791 2177 6786 5786 6635 5968 5718 5682 5823 6830 5983 6936
2441 1184 1661 2273 1431 1803 1593 1912 1487 1555 2151 1071 3207 2219 3003 2329 3076 3186 2285 3042 2932 2217 2650 3252 3084 2571 3398 3390 2280
2835 1833 1997 2720 2942 2789 3009 2618 2505 2588 2110 2123 2017 1920 5474 4425 4913 4994 4416 4316 4983 5486 4380 4356 5277 4971 4175 4694 5160
2338 1942 1982 2612 2163 2214 2428 2803 2702 2547 2773 1983 2162 2642 2799 1651 2557 1620 2685 2340 2845 2954 2151 8152 8268 8769 8169 8865 8259
6622 6388 2383 1880 2290 2416 2455 1630 2414 2132 2249 1597 3017 2355 1938 2413 2148 2309 2004 1948 3006 2785 2414 3005 2084 1599 2253 2800 2625
3188 3863 3944 3278 4025 3665 4192 4370 3634 4083 3252 3652 3467 3028 3000 3323 4388 3853 4039 4225 3551 3010 3364 3452 4120 4369 3997 3629 3337
2742 3498 2774 3193 2917 3326 2833 2723 2910 3560 3947 3576 2614 2805 3030 2911 3770 3346 3080 3950 3892 3215 3172 3093 2990 2838 2663 2761 2434
8449 7287 7852 7756 7321 8003 8073 7643 7424 8455 7906 8130 7753 7462 7836 7975 8436 7354 7751 7516 7934 7969 7452 7673 6799 7410 7812 7126 6937
4979 4429 4548 4357 4633 3927 4979 4689 4997 4644 4465 4199 4239 5187 4216 3767 2397 2885 1968 1768 2484 2971 2505 2844 2427 1707 1827 2588 1807
3634 3628 3244 3189 2438 3687 3624 2800 3740 2484 3103 2658 2342 2433 3641 3585 2527 3281 2791 2693 3509 2788 3328 3200 3100 2896 2958 7371 7282
2045 3362 5669 1888 5564 8168 4726 8617 6624 3457 4262 6099 7838 6620 2003 4749 6184 7039 1317 2920 2649 3838 4974 1563 6200 7986 3038 3725 6128 5345
2574 3914 3901 2777 5803 7298 4248 8784 5368 3997 4708 5206 7864 6634 2638 4481 6872 6197 1414 2371 3013 4591 5221 1463 5778 8501 2633 3038 6075 5573
2199 3329 3531 2444 5741 8321 4504 7701 5151 3797 4054 5233 7489 6262 3230 4631 7017 6297 2404 3262 2486 3727 5684 2531 6296 8327 2485 4175 6742 4545
1745 3056 3907 2316 5608 7508 4547 7468 4900 4508 4509 6269 7169 6792 2126 4964 6628 6613 2260 2806 2826 4080 4843 1586 5503 8108 2508 3992 6346 5541
2318 3129 3653 4836 5609 8510 4570 7752 5286 3377 4218 6444 7469 6536 3209 4548 6777 5677 1257 3495 2865 5363 5500 2713 6620 7979 2836 4212 7419 5631
8216 3326 3151 4242 4710 8190 4890 7541 5829 3430 4747 5606 7453 5651 1966 4376 5884 5939 2175 2368 2568 5353 5106 2561 5767 7310 3353 3926 7083 4516
7945 2872 3822 3954 4685 8127 1866 8479 6143 4412 4861 5924 4796 6195 2231 5340 6926 5270 1434 3091 3237 5351 5993 2624 6154 7737 3458 3261 6625 5050
8241 3195 4174 4324 5033 8245 1860 8752 5397 3602 4481 5217 4154 5819 2424 3945 3658 5803 1218 3134 3172 6277 4784 2260 6559 7428 3055 3450 6982 5237
8044 3624 4065 4148 5348 8412 1567 8283 5338 3595 4121 6351 4929 5189 2502 4761 3294 6096 1686 3898 2407 5886 5057 2567 5818 8399 3549 3266 7044 4958
7390 5739 4275 4039 5837 7543 1239 6909 4977 3912 4349 6359 5020 5161 2831 4603 3357 6043 1555 3311 3637 6235 4896 2871 5903 7777 3207 3771 6885 4506
7113 5425 4350 4171 5775 7667 1776 6520 5082 3167 3586 5462 5173 6145 2258 4009 3758 4901 2177 3258 3098 5927 6123 2820 5547 7433 3550 3892 6876 5806
7797 4874 3695 4359 5404 8555 1860 6114 5471 3423 3855 5724 4994 5652 2182 4148 3175 5842 1989 3008 2855 6218 5609 2133 5327 7486 2908 5016 6819 5300
7777 5083 3234 4874 4860 7316 1413 5841 5775 3711 4275 5911 4311 4946 1831 4212 2779 5738 2090 3809 2553 5897 5480 3003 8381 7654 3391 5723 6162 5055
7556 5472 4374 4795 5382 8530 1574 5787 5656 3847 3787 5839 4557 5033 2892 4494 4158 4899 1420 3011 3337 6120 5715 3152 7392 8531 3546 4587 6914 2830
7783 4491 3229 4778 5371 8375 1737 6280 5204 4529 3850 5646 5529 5891 2480 4656 3695 5573 2254 3294 2576 5454 5071 2365 7952 7560 6542 4739 6943 3109
8031 5565 4441 4721 5148 8594 2371 5858 5184 3806 4800 5941 5144 5722 2234 4646 4140 5986 1469 3816 3687 5458 5187 2752 7171 8541 5508 5413 6382 3295
8009 5485 3316 3973 5629 7713 2647 5808 5653 7201 4818 5535 5464 5999 2387 4308 3263 5165 1768 3376 3260 5078 5351 2505 8106 7325 5119 5781 6905 2812
7171 5180 3271 4799 4695 7731 1632 5832 5030 6694 6973 6705 4213 5048 2887 4915 3020 5817 2567 3061 3606 6246 5565 3386 8063 8106 5361 5259 7383 3493
8399 5730 3153 4397 4799 8124 2027 5973 5161 6767 8110 5944 4342 4959 7214 4846 3422 6307 1268 3596 2410 6026 2495 3461 7764 8466 5941 5726 6056 2913
8192 5046 3545 3818 5190 8152 2382 6404 5545 7105 7400 6124 4708 5921 7652 3414 3002 5668 2332 3539 2878 5345 3643 2113 7372 8716 6010 4966 6450 3630
7588 5149 4367 3893 5133 8123 2371 6261 5476 6767 7430 5982 5550 4727 6444 2931 3031 5788 6166 3486 3088 5216 3599 3443 8344 8610 5902 4598 7389 3248
8430 4412 3907 4659 4563 8134 2480 6383 5596 7895 7170 5936 5191 6123 6764 2767 3327 5969 6283 3755 3568 4869 3431 2774 7815 8265 6552 5428 7163 2473
8352 5352 3329 3579 5439 7698 1979 5682 5129 7306 8026 6261 4723 5012 7548 2545 3043 5241 5709 4270 3192 5343 3169 3284 7559 7369 5667 5369 6410 2377
7361 4893 4324 4078 5428 7584 1725 5793 5538 7813 7328 5528 4427 5263 7730 2549 3309 5147 6206 4239 7223 5204 3744 2456 7804 7551 6204 5405 6098 2470
7839 4703 3812 4132 5321 7788 1321 5820 5843 7173 7567 5413 5242 6148 7203 3160 3221 5313 6333 3397 6786 5376 2871 2086 8479 7670 5503 4617 6184 2433
7155 5407 4480 4622 4421 8182 2568 6787 5796 7718 7891 5549 4974 4839 7772 2300 3958 5402 5473 2966 7529 5726 3314 2086 7937 2204 5760 4538 6758 3017
7660 4382 4261 4013 5104 6240 1759 5647 6083 7839 7493 5859 4626 6083 6693 2674 3369 5370 6300 3258 6944 5381 2935 2390 7560 1448 5558 5477 7297 2634
7283 5171 4231 4525 5021 7527 2296 6093 5907 6544 7448 6319 5052 4762 6556 2280 3034 4926 5640 3101 7203 5035 2656 2124 7871 1873 6082 5717 6859 3471
7430 5372 3063 4231 4395 6626 1362 6707 4955 7558 7039 5541 5415 6002 6408 2452 4022 4977 5452 3908 7730 6202 3552 2463 7761 1971 5631 5569 6712 3730
21 4 14 25 64958 1.047984489840721
26 18 26 2 50235 1.0381760332170482
10 10 26 26 82548 1.0681181428106001
14 21 1 23 40425 0.9788498752042323
13 9 28 21 70075 1.0282877173000242
6 20 22 5 65949 0.9727376379427035
2 26 10 13 49359 0.9318599006065222
15 5 2 18 52232 0.983752005232309
0 22 6 4 48885 0.9700671410955923
18 14 15 27 41414 1.0590625279191483
9 17 3 11 34851 1.0501733027077866
29 5 13 21 71971 0.9679435638058351
26 0 4 29 110195 1.0119689269727974
14 0 21 13 39253 0.9325928138349513
28 9 19 18 57094 1.0951237900756974
16 1 4 12 55680 1.0656170762062147
10 17 23 10 53992 1.0325126507698135
0 13 25 2 85918 0.9186135396507519
5 1 7 9 24047 0.9228470044773961
27 29 5 0 111129 1.0089563552379308
18 13 16 26 49785 1.0347913241806088
3 26 16 23 39424 0.9425719594730145
20 13 13 25 49324 0.9795647100221561
3 9 24 29 90524 1.0503962660059922
3 21 20 28 76476 1.059434660730724
2 6 7 22 54621 1.052559451737574
26 1 18 26 92456 1.0171411208849455
26 18 6 9 74055 1.0187937068518431
17 21 0 7 82657 1.0915238213998761
24 11 22 23 33543 0.9004205735313229
5 29 8 7 58317 1.072483764929642
10 15 24 24 61823 1.0999018913397254
3 1 24 8 60414 0.9259222139703673
17 16 14 27 39575 1.0681510630500388
5 0 19 29 96371 1.029605195340115
8 18 4 27 27446 1.0142638642282822
14 5 26 23 65958 0.9471078929537144
19 20 24 11 35035 1.0948709122020255
18 2 23 23 59152 0.9439678393280577
17 0 12 16 59253 1.0164528664546162
21 9 11 16 48644 0.9909686438079522
11 8 5 21 48318 0.9836962761655337
6 3 29 14 81610 1.0140870874149202
27 27 21 17 46059 0.9597602585148802
11 2 22 21 73407 0.9991442398347643
19 29 4 9 79342 0.9188159713128333
26 25 26 10 49391 0.9448454305869791
22 12 18 22 40982 1.0892224849125598
11 14 11 27 54220 0.9963922116045637
14 29 1 12 76376 1.0268259402059488
26 29 2 24 85533 0.9202685912581403
29 1 15 13 67591 1.0407868960556788
11 11 29 16 70808 0.9698816613154965
24 24 2 7 93639 0.9733436575200322
18 9 12 26 76172 0.9806835323589835
15 24 17 12 40627 0.9378869072861236
27 18 24 5 43990 1.018278396443685
3 22 27 17 75748 0.9484273257292475
28 4 7 23 93483 0.9556890123805984
17 17 14 27 37753 0.9724444375377022
24 3 13 9 38335 0.9623184076603862
16 27 25 7 77388 0.9966130607152797
22 20 26 11 34079 1.0350582310891068
4 13 5 27 33889 1.076423747176251
14 4 22 29 78510 0.9050058195589444
18 10 2 16 67596 1.072133188381081
28 26 13 16 61777 0.9057098767359382
17 25 0 23 53568 0.9917505477324144
23 24 5 14 64699 0.9604082054012721
9 1 7 19 52225 0.9782028406188503
13 25 20 22 36226 0.9155036821062434
26 3 18 11 45111 0.9622186253863381
12 29 29 8 99541 1.0212343462467877
24 12 10 0 69502 0.9369275639111139
20 12 11 22 45939 1.042704616293521
29 2 12 4 57137 0.9399146307353731
15 28 16 2 70079 1.043083894947737
1 24 25 26 77411 0.946525407307264
23 28 14 19 57784 1.0034725866629937
10 9 2 4 44989 1.0190676425989356
5 1 2 11 34624 1.039166102805194
22 2 3 13 67438 1.0124050364435857
2 20 7 27 30181 0.9025385640238001
21 26 6 23 50362 1.031794535223705
9 13 17 5 49174 0.9451891356273631
0 12 13 28 84568 1.0129830623042713
25 13 15 14 40623 1.0260646087374883
17 9 28 11 66912 1.0161601581395914
24 12 0 13 78176 0.9310970815944918
12 22 3 0 70840 1.0200627416517594
19 20 16 11 41728 1.0211539463410846
12 2 22 2 36837 1.0350392440235512
8 9 3 27 50943 1.0888708527317499
1 24 22 15 63953 0.96744575884979
10 17 19 16 33963 0.9005344986990511
9 6 16 3 23218 1.0934918180968192
25 5 20 22 52034 0.9009746937677175
25 8 6 5 49618 1.0088936581187014
23 1 2 21 85649 0.9476874689084062
29 28 10 16 81537 0.9976226251520117
20 0 29 3 39969 1.0308214982376087
7 19 20 8 50711 0.9867936138714454
21 4 21 27 55454 1.0040275500340972
16 5 17 18 44066 1.0708455861556856
24 11 8 4 51978 0.9643410208134018
7 17 29 0 92605 1.077446595327654
12 2 22 27 87443 0.9829156898851704
22 7 8 29 96061 0.9615518418137095
9 15 28 2 81707 1.0949478867937277
24 25 5 16 60540 1.0247786872977684
2 12 20 8 65355 1.0082077089225316
17 0 17 15 61350 0.9899045745337868
22 14 6 20 51807 1.0374540961668126
21 24 3 14 59076 0.9421862372147478
22 9 9 10 54575 0.9560508473171778
15 0 0 4 61492 0.9916100414694512
21 26 4 27 64454 0.926863202399701
3 23 22 21 58051 0.9329158933231542
27 25 24 17 26169 0.9771857216163579
1 6 9 16 55910 1.0530643230808496
26 20 15 21 45736 0.982369711925518
2 22 13 27 51078 1.016570623745169
0 23 17 28 61608 0.9434764187414303
16 8 19 19 48200 1.032831884565469
20 1 3 15 63848 0.989213400623217
19 14 3 6 60833 0.979926499322167
16 7 13 28 75504 0.9157631272850029
7 4 26 17 78059 1.0351895734744403
0 15 16 8 62304 1.038202092815502
21 9 24 23 39777 0.9439748058666341
21 14 14 18 24667 0.9773016145925332
21 13 11 24 52657 1.0575447246020084
21 26 26 17 40363 0.9106228063965981
27 20 10 9 80539 0.9857976369177959
7 29 29 27 85031 0.999492004211691
9 12 2 5 51229 1.0452080952037863
24 1 4 20 81242 1.0756008334305525
16 19 8 1 61091 0.9741097968260999
19 23 26 2 67754 1.0056380825602669
22 14 16 9 45338 1.033878973023262
12 25 20 27 48330 0.9843407251233538
10 4 3 20 57498 0.9420018256672508
10 4 14 19 51183 0.9270895710780394
6 17 28 5 77151 0.9570788411544628
28 7 11 12 61419 1.017730208211924
23 18 1 9 75307 0.915506141641672
27 1 19 8 43284 1.0028996769161085
1 0 15 7 48842 1.0647885991885984
13 9 22 25 64085 1.0274332911340482
26 3 16 29 89437 1.0821474583832236
9 21 15 16 35158 1.0108722806616528
18 0 6 17 76575 1.0460386229243022
26 14 2 10 80845 1.0405672636148653
12 24 29 24 53078 0.9310757377299684
4 7 20 0 52974 0.9470750262195728
21 5 8 13 54981 0.9754011868555719
22 29 1 23 72709 0.9779786795104529
7 24 29 18 78988 0.9266908884398539
9 23 5 16 24131 0.9163110910151154
25 16 5 10 62284 1.0631648507117046
27 15 21 24 38796 1.0196887919604936
18 22 1 18 51968 0.9205678586015217
21 6 3 19 61584 1.0386443286118459
21 0 21 17 34396 1.0189345740000058
19 10 7 1 59665 0.9362562966524721
15 22 20 9 39445 1.0774673168089874
14 22 19 1 66531 1.0774000690898298
20 19 0 27 60819 1.0679681963293082
24 7 11 19 55862 0.9942676099796413
15 10 6 16 41928 1.0236720124082233
16 6 27 11 42964 1.0820817293433465
13 23 21 25 29513 1.0252184297827234
28 21 9 14 68304 1.0112774646412344
10 11 17 8 42796 1.0640178651778638
4 3 11 19 45379 1.0185919422502603
11 23 21 17 42041 1.0923665080555105
21 26 5 29 63354 0.9360333886301608
9 8 27 16 74420 1.027372083115788
9 4 7 24 66694 1.087364562562954
18 8 7 22 77782 1.0331801474776579
23 19 8 20 48226 1.018555628601179
11 0 27 21 98159 0.9898273910935376
1 13 19 3 71326 1.0097117384716674
24 22 20 3 51304 1.0330115372594006
19 2 12 11 46762 1.0764982840581632
23 13 23 2 26369 0.9536626759269295
27 11 8 6 56501 1.0465505679877223
6 2 23 1 58550 1.009900169967354
5 26 18 19 45270 1.0800956481864665
17 11 15 29 59136 0.9935609845951779
28 27 16 5 81185 0.9972568613418089
21 8 15 20 38292 0.9976714393175024
24 28 8 11 93603 1.0850972321442118
9 27 11 9 70281 1.067929901188054
29 14 15 4 62892 1.0852757271989526
1 6 12 26 78319 1.0240558228344807
2 11 13 3 52573 0.9981822205707233
18 21 1 3 78644 0.9461260730976704
11 25 21 5 71186 0.9692469163567642
21 12 24 4 20659 1.0427570316491326
12 18 1 8 46840 0.9706617270393068
5 21 24 20 53384 0.9836375448445687
23 13 19 22 35445 1.0160587633405809
9 0 29 16 95488 0.9973093986684813
21 28 4 22 67708 1.0272297643067507
3 13 18 3 63983 0.9928536803486359
4 7 27 29 102345 0.9639395085912273
6 17 20 5 58238 0.9714181392149273
12 10 29 14 66009 0.9643671681976327
11 7 27 11 56689 0.9111972530975637
25 12 2 22 78176 0.9174197422418735
6 17 9 26 36779 1.0364513318323003
1 19 27 5 84860 1.0393868617706612
1 16 15 8 57455 1.088721315148391
9 10 2 20 44282 0.918804848588959
7 2 25 10 66513 0.9565962939239335
11 28 7 0 88653 0.9477262401958841
8 12 17 26 72103 0.9911098679387327
29 28 11 9 93736 1.093406978933418
3 18 27 11 72130 1.0353395530394314
22 24 4 22 59143 1.0136585063141559
17 20 28 21 42222 0.9277070339326575
0 10 18 20 69372 1.0784690615784633
5 11 6 26 32108 0.9543535823702441
5 22 29 8 85027 1.0029976689129787
29 15 18 27 67871 1.0510853378222986
11 2 19 5 34565 1.0919342107511594
6 27 8 4 61694 1.0129460655223763
7 2 1 7 34965 0.9018857493088536
3 17 15 27 47971 1.02358363546274
19 5 15 22 54148 1.025494946246743
6 12 21 24 64963 1.0906232574023726
0 12 4 2 49056 1.0386745953634546
16 15 27 18 49935 1.0278466576024776
13 24 6 5 68985 0.9812535494076344
28 15 0 1 97135 1.0832862507705898
13 25 22 16 49854 0.9279379617250031
28 12 7 15 82589 1.098931702032911
23 14 18 24 43023 1.0720096339274767
9 7 17 18 46426 1.0042364602907947
11 10 0 9 45320 0.9445018489998873
21 15 0 15 54055 0.914478057144979
9 29 15 10 74122 0.9718416401940093
1 25 0 3 68342 0.9681887540605263
21 12 17 3 31503 1.0460984131404678
23 2 8 4 48344 1.0834672906876728
12 10 20 6 29802 1.0481946190101323
14 22 4 10 51302 1.043557947520122
18 6 0 20 61196 0.9821812944543931
15 13 15 0 39641 0.9444096203967761
7 12 4 28 49835 1.0851591767769926
4 5 13 8 38709 0.9037174054568285
2 7 17 16 67691 0.931610284606232
13 11 26 22 63199 0.9228664443467712
20 4 25 9 25814 1.0608983606537743
21 1 13 29 80924 0.9369108727460727
15 25 0 1 84933 0.964401607159587
1 21 5 15 22845 0.9651133623342674
9 9 26 29 94221 0.9053084312472239
1 1 12 5 45054 1.0719079915072782
0 4 19 17 78309 1.0966445832866007
19 5 3 22 69568 1.0909060927971534
12 13 17 23 42258 1.048816411826229
11 19 24 25 50770 1.05647902047459
14 6 6 10 29797 0.985523120705041
14 22 18 3 65793 0.9739908143286328
23 24 7 11 82341 0.9823950758095417
6 17 12 11 44630 1.0930835306263718
9 6 10 16 42292 1.0492510136053013
4 28 26 17 82941 0.922044751724645
13 25 21 23 33701 1.0999765185807258
18 9 3 25 78145 1.0573972370184204
3 29 25 8 95342 1.0889480442603643
2 11 18 5 54976 1.0551562718451593
22 3 23 27 65315 1.0388154485232075
13 24 20 14 42885 1.0592995424195433
17 12 28 0 68765 0.9997873047737659
25 16 0 12 79166 1.051972421769861
21 25 23 13 36638 0.9218090486842202
19 17 19 5 36687 1.0974094772688658
17 22 29 6 68057 0.9003929939503934
12 21 11 7 54602 0.967981301837791
24 17 1 22 69480 0.9367525052216246
11 12 21 23 54171 1.0101394931391139
21 21 3 10 62071 1.00008494249623
26 29 6 23 69785 1.014289410141707
16 0 29 27 106401 1.0846575508630572
10 15 3 18 29423 0.9949350544138396
26 21 4 17 66576 0.9884311744809811
13 9 24 13 47243 1.081260199175045
13 7 27 12 55766 0.995777510823894
3 9 28 27 93268 0.9434554531606737
22 21 26 7 48086 0.9949128273015351
14 9 26 27 72101 1.0568415887883007
9 23 3 6 51527 0.9548368645480168
8 27 28 15 84727 1.0301644301606412
1 1 26 25 108161 1.0187694201329307
21 25 15 21 29309 1.0789591934991167
28 0 15 1 64874 1.0410205252333034
28 27 1 21 86577 0.9310047461967181
26 0 1 22 105619 0.9098755598121916
22 14 0 29 83298 1.0228593190353559
0 11 10 29 75282 0.9623017326721092
29 6 17 22 68057 0.9549419249617592
7 5 28 14 75367 1.033476045129559
10 18 18 20 25248 0.975576104477808
25 14 9 17 51764 1.099322848343752
14 23 24 14 44979 0.9828719255120079
13 18 27 6 52538 1.0927190080359739
22 4 24 24 51254 0.9964220662603662
8 29 21 5 92647 0.9417772019548277
8 4 21 21 69262 0.9931041884248917
11 10 26 11 62074 1.0766838537611774
23 20 22 8 32135 0.9442688553322718
14 10 23 23 51496 1.0803837359968564
3 28 20 2 85840 1.0683776555032984
29 1 11 8 61847 0.9367618000546949
22 28 10 25 58633 1.0532191405069566
10 15 1 26 52428 1.0103363362267204
22 0 25 26 69698 0.9843226090254725
18 1 27 15 56089 0.9437637795463979
10 7 22 14 48774 0.982126080530229
0 24 10 28 39788 0.966981699628956
20 2 5 22 68512 1.0720130525006533
14 28 6 18 47855 1.0943339001486299
20 9 1 9 59170 1.0955199610177981
8 14 1 20 27873 0.9493035332081897
18 11 11 4 48239 0.974222896640993
27 10 15 6 43022 0.9944459817012221
24 10 28 18 30619 0.9848000301700174
17 7 29 23 72510 1.0268832304264661
7 27 26 5 93515 0.9927867368327173
2 3 25 21 92047 1.0950486939504338
10 2 9 11 56589 0.9885205549145425
24 7 21 19 36069 0.9942654861347295
18 16 22 5 34675 0.9320458869788385
5 26 29 22 71979 1.0522539505999546
27 5 1 13 83169 1.081466607640911
6 16 27 29 83785 1.0148303854124918
0 17 21 27 68077 1.097264109618229
28 24 2 4 105841 1.0768038460676792
19 17 4 11 51584 1.0190193162587005
8 27 29 21 77882 0.9773895282292856
29 11 15 7 49946 1.0473577445433653
3 4 5 13 27204 0.9641547572461416
20 25 12 22 39138 0.9731846543806648
11 10 8 2 38406 1.0293393120866856
24 3 1 13 76300 0.9178028646562255
22 29 5 7 84077 1.0052652289440425
7 6 13 29 75303 1.061134344936566
1 11 13 23 60799 0.9465848407564967
4 29 29 7 100786 1.0000525500355901
18 25 15 16 40584 0.9215566913470777
3 5 2 21 50036 0.9436495177885083
2 22 18 8 78939 0.9793632945854576
13 22 10 29 32401 0.9883012675122531
24 15 28 25 32603 0.9051508301963979
3 15 12 3 54654 0.9986583103132185
6 18 16 15 28073 1.021250580578327
16 29 21 16 49977 0.9798267838153242
2 13 29 11 90478 0.9138839457804678
22 0 3 3 61445 0.9112203252255171
27 6 0 4 69598 0.9033891471612407
24 10 6 11 62248 1.007106208088724
28 19 15 8 69350 1.0256075855109772
25 18 22 5 39483 0.9759589294726129
14 11 1 22 53637 1.0630325954641673
21 8 5 22 60116 0.9739254590617358
28 8 21 0 34589 1.0106333301586865
17 18 0 5 69889 1.0935386756332672
15 4 29 26 87430 0.9641808351603424
10 2 1 7 47479 0.9092345300470704
3 0 2 12 48286 0.9629796688443321
8 6 19 13 43972 1.0427274418879044
3 9 13 27 72027 0.906376465446333
16 27 11 0 85694 0.9099320287643907
19 5 16 28 75110 1.0882058353543493
2 17 12 26 51757 1.0486909283457055
9 4 1 26 70413 0.9374199165461905
18 23 7 12 62647 0.978828801363034
27 2 11 16 72383 0.964533496379518
13 2 26 10 49360 1.056593424002659
7 26 27 4 98813 1.0654811750625108
23 0 20 20 52914 1.098658900718888
18 24 22 6 57758 0.962993026400649
7 15 11 5 44954 0.9633961894800936
20 12 4 21 51181 1.0763762342254501
19 26 16 19 42119 0.955346584009261
9 10 1 25 59804 1.0617134923441771
19 4 9 27 89218 1.0498683113687823
19 1 9 16 65885 0.9686412301934151
26 12 20 21 42219 0.9858710970996116
26 10 2 23 84619 1.0009740346575768
15 4 10 10 33498 1.0437998512371758
7 8 17 2 45463 1.0246178872098373
26 1 10 12 73266 1.0112638953092528
23 4 2 20 75125 1.0983311212168865
26 14 23 29 44353 0.9041138591457757
7 21 11 29 45091 1.046573084084907
11 28 20 16 58223 1.0568215039448563
18 20 5 14 39899 1.0551247158072554
28 7 22 17 44708 1.0947824812834313
5 25 21 22 50322 1.0228730905023182
27 7 13 5 41997 1.0564260641760566
4 26 21 20 55003 0.9956541779046614
25 22 2 26 70616 1.0100191210136917
1 25 10 2 74901 0.966430012965177
11 18 9 27 41586 1.054648318039811
16 2 27 13 61000 1.0773999351342396
5 16 29 13 67240 0.9581125348776072
25 13 7 22 73585 0.9402884558213642
18 15 6 24 56724 1.0837779748486915
11 10 14 22 46228 0.9553352170659763
2 13 26 22 79054 0.9237350654135202
12 16 17 7 42432 0.9201666839387469
9 7 21 1 38234 0.9848975358672393
29 6 13 15 53573 0.9136256435329491
24 13 19 26 52522 0.9811970191147219
23 3 19 12 31475 0.9785628710954413
23 11 5 23 63394 0.9177447326387551
15 15 19 24 41137 1.0575891266550799
4 17 20 1 66719 1.0922826790109799
17 3 10 22 73644 1.0096498261870128
0 10 9 29 77336 0.9157308941704131
2 0 0 8 37388 1.0538516913562512
8 9 13 29 79118 1.030958952710096
2 11 16 5 54276 0.9740499052846715
10 22 3 18 34782 1.0073056710739943
20 17 3 13 45200 1.0776284054214729
4 26 22 20 58571 0.9864380677413379
23 10 20 24 46381 0.9862948086364139
13 19 20 22 35391 0.9678359374398872
4 21 13 13 42004 0.9723144271623679
8 24 15 15 47438 0.9155783481893633
15 12 1 7 58489 0.9529205631156235
14 5 20 18 39728 1.0015478872381909
8 19 1 8 44890 0.9053764302968079
2 26 21 18 57457 0.9225924807212637
20 15 29 8 42086 1.0947748971974562
8 29 22 28 58588 0.9291485728954446
11 20 17 5 53472 1.091720607961719
20 28 2 4 108683 1.0857387017024958
3 14 21 18 45486 0.9858108586070458
22 5 11 8 35440 0.9112467644583527
21 13 28 5 31031 0.997997459824845
23 10 16 2 38365 1.0581548932607707
17 22 12 3 65070 0.9477359227676136
22 10 2 22 74174 1.0797112470911685
24 4 9 13 61717 1.0882746420105913
1 9 14 26 76382 1.077080590289754
27 11 5 8 68086 0.9741162894419902
5 14 22 6 50419 0.998310983693973
2 17 5 10 26922 0.951457866806916
21 11 17 21 43059 0.9389729232222749
15 21 0 10 62146 0.9758728162714758
5 5 1 17 34975 1.077543825487962
26 2 29 14 40811 1.0907238081351949
19 3 23 10 27477 1.0721236144525657
29 27 7 1 112077 1.0265407017649986
8 26 20 5 79590 0.9651537159280164
14 3 10 14 31489 0.9800258555540515
17 2 0 15 70189 1.020807712260709
20 8 27 17 41942 1.0827030322042668
12 18 0 29 49883 0.9344305510330018
12 27 5 6 65104 0.9543231590434427
22 24 17 8 60465 1.0578806827028564
24 20 16 18 27810 0.9846711860354369
1 20 21 20 50776 0.9688863248644428
29 0 20 10 46903 1.0470620143377858
17 24 15 4 63569 1.0286868443473434
21 25 2 3 86630 1.065874587548667
10 27 8 0 78952 1.069109663493863
14 9 26 1 47499 0.9863194871416846
22 10 29 16 35189 1.0249654869559095
5 9 24 18 63186 0.9702791304737859
18 1 8 10 60039 1.0140777183645742
7 8 12 22 60831 0.9639508361787591
24 5 13 17 50738 1.0330479829114796
9 18 0 14 26302 0.9586448619447854
26 13 14 3 52515 0.9874817535536806
10 17 5 26 31109 0.9843924136986716
6 19 14 17 23951 0.9216600833751841
4 22 22 26 67472 0.9196507913800089
29 14 7 13 75997 0.9371955297415345
20 5 11 2 33332 1.0370119755202185
7 7 25 12 57764 0.9723851662331012
11 7 27 0 60967 1.0069945161006923
6 0 18 24 88368 0.9383315550242284
7 9 28 16 82035 1.0760113464784808
6 26 8 6 49339 0.9298261800405302
24 7 6 12 60262 0.9503239789634328
24 26 21 3 56964 0.9471190801357261
4 27 17 3 81303 1.0513928690711973
2 23 11 2 69880 1.0129686675851182
12 29 22 25 50289 0.9381386269499858
25 25 17 0 87914 0.9349597349916825
8 21 2 5 60603 1.057760106092052
11 29 25 26 56186 1.0605935305715666
0 8 4 27 63447 0.9293992709203369
16 0 23 20 74594 0.9012622229122924
14 4 17 12 33100 0.9037787115031191
10 1 2 29 83887 0.9938500548379176
3 1 23 17 77863 0.9707709631633537
14 21 5 13 37843 0.9087163292168108
19 1 10 14 53730 0.9115041872342877
26 9 1 27 100169 1.0839442854464607
3 13 23 15 57727 0.9869275494696079
18 29 22 21 37502 0.948281191271564
25 8 15 10 44028 1.0854981886452015
0 16 24 17 61456 1.0672271177124266
10 16 17 2 53136 0.9656419769875644
19 0 12 22 77414 1.0828452603679743
25 7 6 18 64552 0.9970339200718565
29 28 23 22 31017 1.0497826040930982
21 21 20 0 50213 0.9574811511978736
29 25 10 0 111157 1.040817947583576
23 1 17 12 43954 0.9263114303839013
10 15 3 10 35772 0.9358663153576815
22 19 28 15 25746 0.9195813931244349
18 13 16 26 49785 1.053038529423939
2 8 28 25 98805 0.925715915214189
17 10 10 26 70931 0.9420843117146229
1 8 23 19 75696 0.9065455821607246
12 14 2 2 49027 0.9110253120104791
28 24 15 16 51552 0.9302911512250158
22 29 22 12 52428 1.014727470298044
10 13 6 1 47688 1.048887095030932
16 28 18 4 78291 1.043662729111714
19 21 23 5 52282 1.0526684788787828
18 22 5 13 53579 0.9256877160861308
24 23 7 27 64067 0.9753852743199427
17 27 6 9 71721 1.0332989747797194
5 25 10 18 22812 1.0242641814017153
16 26 12 8 61342 0.9463210933324577
4 5 17 8 49094 0.9471808922066196
17 15 29 13 42907 0.9926398955754662
28 19 7 19 60265 1.0222969144280425
0 11 8 2 51607 1.004010756817781
10 17 27 22 59633 1.0338764688306792
27 24 18 6 65784 1.0539113038014167
13 15 6 24 46850 0.9434010466385998
6 20 6 8 30328 1.0466668673413533
10 13 5 24 38517 0.994110205293707
17 6 14 23 50999 1.0540690741524092
4 13 29 13 79691 1.0683963474000888
5 6 29 28 100140 1.0991786701429487
1 20 20 5 68333 1.0777752708608463
14 25 28 17 60728 1.0727207049185974
16 14 13 28 50558 1.0265890027821407
6 14 21 12 52677 0.9165350507210056
0 27 27 23 79244 0.967448851015316
20 26 3 25 67210 0.9838326886014755
4 20 1 5 49053 0.9585208393133482
21 6 0 13 66953 0.9311620623183074
23 28 9 0 115674 1.078765790618531
6 8 19 15 58413 1.0592058648528229
3 12 16 18 37614 0.917601880112265
17 18 1 27 51143 1.0823169018134333
7 18 26 21 55925 1.0524070672840378
17 29 13 4 73244 0.945197109763498
20 13 29 19 38860 0.9077362918901865
2 9 26 10 72450 0.9210592447469513
28 15 9 6 59414 1.0430586829241806
8 0 15 25 77018 1.0497753784942114
27 2 16 14 62894 1.0273833922262137
20 4 19 17 32919 0.9918426072990587
15 10 17 26 54317 1.0954867584865124
6 28 18 14 62381 0.9662096764156074
9 15 20 4 52303 0.9055940290851923
23 8 26 15 25617 0.9679111681881611
6 16 27 3 80897 1.068471637455026
18 8 16 20 47058 0.9436451240075894
4 7 15 28 71688 1.0659413790733396
10 17 28 13 63999 0.9112212346790155
13 2 17 29 76276 1.0559278601366922
17 23 24 27 29858 1.0032959940657749
11 16 2 6 50014 0.9690537307338991
29 15 6 6 67159 1.0298701035894486
22 2 1 29 104240 0.9615248440888836
23 25 4 15 72845 0.9346035736328645
23 29 0 10 102787 1.081748833319501
24 28 24 16 28355 1.0723376082900125
15 26 6 5 67168 0.9783081071035722
8 14 21 18 42071 1.0826439881109418
24 24 18 2 64613 1.0798912529828915
0 22 29 29 89739 1.0514387457626633
20 29 5 14 70325 1.0004873339251885
16 12 17 22 40774 0.9383347890075031
19 27 0 12 94610 0.9521767312854135
13 3 12 27 77421 0.9594313936412296
16 12 3 3 54635 0.9805026574945793
6 7 14 26 72114 1.0146285715005636
12 10 11 24 55644 0.9644729684872785
27 7 1 21 91305 1.0395993103352392
26 28 0 5 119591 0.910325716032729
14 28 20 6 67736 0.9432566235980364
7 18 21 5 53224 0.9117228088254474
14 10 29 20 66184 1.0938843203960504
11 18 22 17 31705 1.0453543528838403
6 5 3 26 52833 1.0031253454445026
0 20 24 11 67630 1.0974885001773063
4 1 2 9 31016 0.9075223808729573
4 18 26 19 52949 0.9782771325910263
25 1 8 8 61314 0.9083467545810228
5 15 3 2 31070 1.0941420775823398
2 4 25 18 92967 1.087894728162585
9 15 21 19 44066 0.9416441840642874
20 16 27 28 54823 1.045462779708671
21 19 6 3 64099 1.028185663952966
4 21 21 17 47451 0.9926443877010499
15 6 1 0 43567 1.0894428162497107
13 28 26 7 87602 0.9212192815057889
15 24 2 11 60180 1.0463398615429889
4 14 9 9 27518 0.9864115318303811
11 17 18 11 44995 1.0961790878362052
1 29 16 21 62890 1.0444846211928842
24 11 5 22 62767 1.0257708420987206
20 14 13 7 37262 0.9823549765435847
9 1 1 23 64456 1.034617499313458
23 2 20 20 48634 0.957533812869206
20 25 25 7 65405 1.0759242433614478
21 20 5 16 39138 1.0655229070912773
13 0 29 1 65509 0.9446249641445948
0 27 4 21 26479 1.0024431242644556
26 21 18 28 48412 1.0459943894783863
15 0 14 23 63137 1.0165726542633373
18 11 5 24 64772 0.9874908342834624
5 21 1 13 28281 1.0037042484313923
2 5 16 25 81683 1.0874464443124232
10 13 28 11 77797 1.0723629462463249
26 17 7 19 57921 0.9662154260048169
24 15 28 0 53786 1.031855646832069
0 5 22 8 68663 0.9501669497711007
10 26 17 23 30459 1.0613036430077303
12 16 4 1 53445 1.0283264983233469
10 29 29 1 114944 0.9434186867664087
23 3 15 1 36307 1.0061095606861639
20 11 15 25 42628 1.0670248813013627
27 23 25 12 38141 1.0720495403354926
19 24 17 14 48298 0.9105020808251844
8 16 4 23 32533 1.0818268310620234
7 19 28 13 67300 0.928586180752923
11 9 2 1 47837 1.06796291073925
11 29 17 4 94197 0.9324677068659502
29 9 5 5 60983 1.0060732958988754
18 28 4 7 91050 1.0718240029734025
25 16 9 4 67032 0.9173701632778125
12 4 0 17 60595 0.9003866114233373
2 2 19 2 60062 0.9721132266806856
6 29 20 29 57994 1.0643041659864791
24 21 3 11 71773 1.0359600007552165
11 7 17 25 68852 1.032923318816888
2 16 2 27 43439 1.0075641942714173
1 7 7 25 66432 1.017013015911508
12 27 4 16 53602 1.0765431615775636
25 29 21 23 25313 0.9428433367905407
7 27 19 20 59496 1.0870398159505945
9 2 24 5 51415 1.0366999095497622
12 20 8 6 49969 0.9419318614456496
29 0 4 12 86949 0.9009274993293339
2 27 7 12 50422 1.0054659107279504
26 19 18 17 34524 0.9997932729456753
23 22 8 21 58928 1.0459460549580233
16 15 8 6 34715 0.9446364617833174
12 4 28 14 69690 1.05412232186543
3 18 7 3 38505 1.0001157804309784
3 7 26 10 67345 0.9464503648127212
12 1 10 13 52272 0.9342617192039396
6 8 27 17 82945 1.009459521735224
20 6 18 17 33236 1.0535354398740417
25 21 11 4 75241 1.084636577873378
14 9 25 20 56876 1.0240928613098235
5 21 16 12 43126 1.0965832893799963
18 0 7 18 71001 1.076275823367822
29 7 17 17 59495 0.9783027556132973
15 9 24 22 60054 1.077140525915715
24 27 2 13 82630 1.0741249485348352
20 5 20 18 27813 0.9391730396016926
11 25 2 2 74300 0.9609398893740548
28 8 21 23 63711 1.0477012649313355
22 26 18 10 63617 1.0903715421819982
25 22 27 3 56609 1.0133303974583563
19 12 3 13 55082 1.0182212719997457
1 20 20 25 70661 0.9529305782821741
7 2 26 23 91690 1.0695444360538557
2 18 8 26 31847 0.9556128943467405
25 14 4 15 60592 1.0466963189183967
16 10 29 23 72033 1.0640109690257822
19 6 26 28 68039 0.9326952136123058
14 13 6 22 40804 0.9429425124409165
9 8 22 3 46875 0.9523650952105406
22 6 1 13 66010 0.9354838671449852
22 15 15 7 39670 0.9303216705504906
20 9 1 11 65580 0.9379287263145154
16 2 1 28 88816 0.9101684362410479
29 29 1 20 92324 1.0402508901433738
12 2 16 22 59521 1.075269003631873
7 13 21 7 58804 1.013956991202201
29 22 7 13 86332 1.0190274273736533
6 12 27 8 73335 1.043899062558247
10 29 15 12 62351 1.063463548742912
22 9 10 11 56915 1.0068027040272884
26 0 17 15 61870 0.9542490241244002
16 29 5 3 77686 1.0781243894045809
14 11 29 5 45245 0.9487090064326927
27 16 16 18 35839 1.0141799504081492
26 22 9 27 64695 0.9539885068067077
15 23 24 29 40540 1.0637469362135934
8 22 19 11 70706 1.0093364655402781
12 23 19 15 42199 1.030587372217954
17 1 11 21 68454 0.9061956259447038
3 22 22 20 54346 0.9392899749464784
10 27 27 20 74975 0.9981966711976407
13 15 7 28 58955 1.0812226811917836
14 1 28 2 55094 1.002604677973473
11 3 26 6 44433 0.9088250825577359
27 20 12 1 86856 1.0554282647145532
2 17 13 6 50398 1.0358722724945864
18 16 4 21 44078 0.9793359685765007
3 11 22 26 80855 1.083866057981454
18 17 27 25 46955 0.9811539138643823
5 25 29 4 90881 0.9800956881293721
1 3 26 20 94807 1.092909768205419
14 26 6 2 76126 0.9987145047522515
1 5 13 23 74525 1.0363244386187502
22 27 20 3 66368 0.9885951787738486
8 6 14 23 53673 0.9321652394327082
4 11 28 14 79038 0.9968658756525481
27 13 13 3 63393 0.9625516645874354
5 13 9 3 34514 1.0141228780508929
29 10 14 20 61655 0.9979364726526181
15 18 24 17 28908 0.9705169712302804
9 18 21 27 49698 1.021077455947804
17 3 10 0 43289 1.0373988179361202
7 29 23 4 94443 0.93305126017869
22 4 8 23 77145 0.9337048017592549
5 2 17 24 72167 0.9747745592071225
22 13 27 25 42901 1.0862063668255135
20 0 8 9 53796 1.0462938019941233
13 5 19 23 62260 1.0054687073288917
20 14 15 4 39217 0.9470680962319172
20 8 24 25 48230 1.0384492881409737
25 7 7 25 94347 1.0201886611927953
25 17 15 10 55162 1.0094457282304246
8 17 15 25 39194 1.035936642870256
2 15 22 20 58136 1.0331566919312931
23 21 22 8 34980 0.9179794700752216
29 8 17 8 44566 1.0879231061485506
29 0 20 13 52464 1.0870051120374298
20 15 2 7 68645 0.9322763237788002
1 1 7 24 68289 0.9282295887683121
2 1 23 1 68846 1.0623301259176947
11 0 17 5 42075 0.9221468713418048
28 16 8 8 78638 1.0134386604915566
18 29 13 18 42875 1.0757852999879385
10 15 14 7 28625 1.0088185309144837
28 1 0 20 103180 1.0108101922575004
5 9 19 12 54997 0.9265355468578492
27 27 11 25 66353 0.9667267194455564
19 22 28 24 29936 0.9255598513421118
19 14 10 21 50421 1.0081694485796897
25 28 6 12 87412 1.0268760471924179
29 0 3 7 80556 0.9623450470565406
6 5 5 21 37536 0.9204177895716414
26 22 27 12 37239 0.9718138103464721
5 6 27 24 87965 0.9186096595557242
7 24 8 15 41079 1.038601694755552
8 7 3 29 65326 0.9690614604654988
11 4 22 3 40232 0.9140304190601162
18 13 20 28 60744 0.9461007460409298
2 13 29 20 85921 0.9324176469369876
18 9 1 25 84932 0.9571971405624226
1 29 22 0 108764 1.0370282647421059
18 18 20 3 36249 1.0214521566090116
2 19 16 19 33097 1.0614629425170672
3 10 0 24 46247 1.0666547350617046
25 13 3 10 76314 1.0876222721136652
22 12 11 23 55646 1.0573417147260444
5 8 15 8 30599 0.9084243045631111
15 12 3 18 36947 0.9917922562461285
21 17 18 29 44078 1.0607519118942754
25 7 20 24 59723 0.9826786974894605
8 8 19 19 65449 1.0708255247472451
10 7 0 12 58097 1.001277079466605
29 2 20 13 45202 0.9820872513023865
0 15 6 9 31411 0.9979263842302761
29 10 24 20 37865 0.9774240700152523
23 18 12 6 47492 1.0401666706361445
29 15 0 3 91792 0.9325098834437902
27 8 25 16 34148 0.945180266396771
28 12 14 27 78843 0.9281710364967011
3 21 12 16 34642 0.9379432466236547
11 7 7 14 36892 1.0021338089346183
9 13 20 6 48456 1.0427218737687123
29 6 5 24 83059 0.9352299485130624
14 17 22 24 39440 1.045934763834303
11 21 14 3 49618 0.9363520579439821
8 20 2 25 34216 1.086103911321145
12 15 7 1 53642 0.9561296301000058
14 15 0 6 59062 1.0421566431991744
18 24 11 6 61715 1.0127772703028812
5 11 2 1 28877 1.0723825804392102
17 23 21 1 60670 0.9434427919411956
17 20 28 10 64395 0.9234366419864863
22 10 8 29 90141 1.0290212271496153
6 28 21 27 72131 0.9757024501614655
17 4 15 29 77903 1.0386610779395347
25 20 8 11 82393 0.9032882967796438
27 10 6 25 96248 0.9003255989911393
10 22 22 28 60854 1.0891165649183208
14 29 10 10 67743 0.9172007515028763
22 23 15 11 48105 0.9862708630234733
25 9 29 0 40001 1.0292163211715506
4 21 5 5 34897 1.0667753581230512
5 8 15 3 31649 0.9858410254085762
24 7 28 22 45721 1.0544297561894238
15 19 0 29 57876 0.9033650830265699
13 13 20 10 39390 0.9387824422617879
17 21 29 17 55532 1.0143861132246295
23 18 6 12 61580 0.9455634330516988
9 8 18 4 39463 1.0559548483770285
23 23 0 28 73379 1.0730907709191873
12 23 9 12 58544 0.9294853833391457
28 3 24 16 43061 0.9838149987240533
20 13 22 26 42437 1.0972673643056545
2 17 24 18 59950 0.9820244235212161
7 12 17 1 65945 1.0894062143068768
13 1 17 24 69142 0.9868352198980679
3 8 20 7 46514 0.9181964198277234
19 13 23 23 35985 0.9190000386572212
15 21 24 1 65389 1.0801090554120087
19 13 2 7 71548 1.0781449404212038
2 1 12 10 55313 1.0136672865152754
15 6 10 13 34302 0.9930389047396191
1 8 15 22 63538 1.0213292802732048
7 24 21 14 63214 0.9421355341895361
26 5 13 8 38603 0.9327775815138823
17 19 18 10 44027 1.0244393997326413
26 29 7 14 83016 0.9550362907408838
0 29 26 14 91408 1.0114046659457225
3 21 22 13 59597 0.950995779027958
4 17 0 28 41115 1.028418182177401
7 13 28 17 76068 0.9407318068607654
19 0 0 14 78074 0.974884002897762
7 20 1 28 36286 1.0603978629112087
14 6 26 3 34676 1.0992441415612368
22 5 13 24 66852 1.0850526345261273
23 23 10 26 48920 0.9318115373236922
0 14 14 14 34323 0.9660087689663415
13 19 23 7 52453 0.9726262387030311
2 12 26 2 84804 0.9123286016446347
22 16 11 4 53920 1.0835768482031969
25 5 10 0 62011 0.999270500485405
15 16 28 16 43139 0.9902867027123307
29 26 5 26 75945 0.9789849179656093
0 18 10 2 56264 1.0081804870809061
22 24 28 17 33363 1.0127743278751358
23 6 23 23 41642 1.0743511995647694
6 5 17 12 47804 0.9847153760826058
20 20 7 0 82220 0.9616232054745654
17 1 22 14 45321 0.9214390619199228
8 26 20 19 55505 0.919826090210179
12 10 6 15 42761 0.9208995963551992
29 14 13 3 64493 1.006199381286522
21 8 22 20 32179 0.9634700060434143
26 10 7 20 74475 0.922443966641861
6 15 29 14 70767 0.974230125557221
12 0 20 5 40422 1.0891075691017484
20 6 9 29 86446 0.9317963698296466
16 5 27 17 62788 0.9969256267802318
8 27 15 9 68986 1.0770411971830935
16 12 24 7 42685 1.0559692868131545
4 28 9 12 56854 0.9849783903801121
16 22 28 9 77286 1.0440055666170152
24 13 25 25 32978 0.9432059794957874
14 4 23 24 69312 1.0121309743061364
12 15 27 19 55710 1.030694636582839
27 26 29 10 50434 1.0251343634986754
15 0 15 14 37842 1.0630260521601427
5 18 1 8 34606 0.9161862833979068
20 28 14 17 55196 0.9685007982243825
0 7 27 29 121749 1.0785270152142834
4 12 14 2 44192 1.0260077657715345
23 22 12 21 43589 0.9887484666208963
22 16 23 25 35291 1.0603479059959744
28 19 15 23 44588 1.072002511123929
14 16 7 11 42850 1.0736428598596182
0 17 24 26 70974 0.9338776281169348
27 22 23 16 26629 1.0413131959450066
29 9 2 24 99071 1.0045298474239646
12 1 27 9 61252 1.069614782297725
16 14 8 11 40919 0.9773607629935188
12 28 6 5 79940 0.9134228225443285
26 10 26 26 52229 0.9202518273230025
27 5 6 8 59102 0.9147592282480397
13 22 24 0 83343 0.9606191852778563
16 2 0 15 66873 0.99947080387707
2 16 17 11 60985 1.0551886920108833
3 0 19 0 69153 0.9675027884863534
24 26 5 14 65691 0.9571224991168326
9 21 12 13 47518 0.909742942360254
17 22 7 6 60833 1.0686069063491264
16 29 2 0 93415 1.0767645414698883
18 9 6 27 79976 1.099327032602834
22 9 7 6 37068 0.9709941555177285
19 5 29 25 70197 1.0824164322422014
10 18 28 12 60788 0.9244668910135192
26 10 7 20 74475 1.001479591927852
14 13 21 5 31827 1.0538941827224135
16 0 15 23 68803 0.9729461662428314
6 2 28 8 66974 1.074895329769376
16 26 5 5 67243 0.9960760032801108
18 15 3 21 49938 0.9862249089597858
18 4 10 14 43553 0.9731096721142521
7 4 22 4 47744 0.999795710270191
27 16 16 24 53629 0.9338085827805205
27 8 1 2 76615 1.067470705617309
19 12 6 25 66473 1.0691123174784265
10 12 17 27 67876 0.9219142702739789
24 3 11 25 82153 0.9209847321089514
12 23 2 8 61733 1.0387461364694632
16 26 3 5 78097 1.0208279987125242
29 16 12 22 66132 0.9216785561049103
12 0 23 28 103888 1.0641503734655415
4 26 16 13 52762 1.0465255471783768
20 1 9 3 47293 0.9803135292990759
3 1 23 24 96359 0.9424008791301443
5 22 17 9 59540 1.0590251214417528
22 10 8 22 75862 0.9411254844901157
9 23 12 15 43535 0.9912713736824613
16 9 24 2 45206 0.9158095420887277
19 24 4 26 53776 1.0156705496483578
28 28 9 6 87496 1.0074504969275344
9 26 5 0 65734 0.9821632439925816
7 15 6 4 34744 1.098469956155217
24 23 16 25 30701 1.0134706182574529
25 2 13 18 59671 1.0341188333591966
9 2 14 7 30420 1.099475142035229
22 27 27 15 46876 1.0989478073478407
25 0 24 26 65334 1.083818186328071
28 10 14 20 66863 0.947587569170243
2 29 19 6 82842 1.010807773445028
22 13 27 8 36202 0.9716009799435004
10 25 26 24 56127 1.0802876061371052
23 14 11 25 59872 0.9179788479559884
14 21 24 28 48421 0.9475524563795321
5 19 15 17 22211 1.0326250162894752
5 11 28 16 71035 1.0551292622322044
19 11 14 24 50544 1.0637979805244677
11 24 2 28 41270 1.0012785362873966
0 14 2 1 48195 0.9780348744418074
4 28 5 10 41539 0.9086420154210901
9 3 6 27 65793 1.0409373968246967
23 26 13 15 61580 1.0010808107221703
28 25 6 19 70055 1.0034081440676141
18 29 9 24 49606 1.00841667031317
5 29 26 1 101822 1.079135200686905
2 27 4 4 58363 1.0011744843573247
18 12 11 4 48532 0.9958744432464753
23 26 26 7 58428 1.0732375619452332
21 26 16 14 47709 0.999892390827242
11 28 23 28 52442 0.9973810348160721
14 21 3 15 42727 1.0161582018743935
20 28 18 4 78903 0.9241078573369538
11 7 23 25 82193 0.925212035217969
0 21 0 3 57206 1.0239848920095576
5 11 10 21 38909 1.081709434250318
8 0 13 25 86517 1.0924556059046113
11 22 22 16 44634 1.08634765559291
12 18 29 3 67600 0.9017457131734474
7 12 16 23 56756 0.9573152711409121
0 3 3 27 64699 0.9176957067502649
4 11 16 5 45459 1.0220015782714882
23 21 3 6 76139 0.992039337501922
22 25 6 7 83577 1.0765175550835426
20 18 17 26 40341 1.068699308290381
12 24 7 7 68430 1.050379787114479
9 28 20 21 64326 0.9068674058541033
7 7 18 27 86867 1.049064290137471
13 17 0 23 40291 0.9666789725724049
6 8 11 26 60402 1.027422004086415
14 3 16 29 67227 0.9306498074107344
20 14 18 28 59015 1.0785412585512917
4 23 24 24 58248 0.9144379188128684
17 20 28 14 46774 1.0834732080763558
1 23 7 28 28124 0.9495998133314176
23 20 7 0 88166 0.9755723132006309
3 9 0 1 36274 1.0995866405517556
29 2 14 14 59684 1.0611555843789873
22 5 24 17 30841 1.024053817435361
13 21 18 8 56967 1.0720739554147014
8 9 22 0 58972 0.9512892489052995
19 5 23 19 41904 0.9019736649003952
24 12 16 1 50227 1.0665391586868667
10 1 13 24 82058 1.0294656841248313
7 12 12 27 66395 1.0390162727574457
6 14 23 21 54261 0.9333076575588077
29 14 12 25 74427 0.937922453409674
0 10 23 27 102822 1.0223268719516938
0 6 26 16 90149 1.0591252655319923
