2999 5297 4189 4784 6001 4914 5683 5582 4286 2682 3850 2706 5312 5133 5606 5978 6029 5779 4931 4063 5428 4710 3522 4008 5982 4399 6011 3156 6111
3805 3892 4850 2441 2303 2148 4977 4176 2850 4372 3913 3879 3748 3899 4827 3144 2986 1783 4012 2217 3714 3621 4009 3137 8820 7248 7800 7117 6539
5408 4881 4496 2688 6042 3646 4042 3415 4291 4203 2801 5021 6519 5676 3636 3428 6494 3547 5146 5681 3956 4396 4824 3691 6188 6102 6638 3991 4945
7869 5604 8150 8194 5796 6563 5925 6321 5410 8374 5700 8575 7364 5511 6423 7266 5320 6506 7723 6790 7470 6607 5270 6814 6795 6247 6543 5948 5702
3761 6485 2235 4358 4287 3277 3287 2245 2452 3127 5120 2347 2268 2330 3223 5495 3629 5010 2285 2763 3627 5388 2579 3950 5519 3881 5420 4909 4963
5973 4831 6097 5506 5446 4488 5741 5914 7178 6394 5727 5142 6027 3127 5458 6070 5161 3795 5310 5218 5398 4956 5034 2941 3447 3223 3498 3064 2894
6246 5459 7440 6434 5124 4966 4816 6904 4310 6689 6836 7755 5094 6078 5833 7589 5917 5639 5502 4724 6862 5993 7129 7732 5079 5694 4965 7471 4936
3260 6005 5895 5420 6340 3812 3251 3887 5967 3639 5524 5151 4554 4954 4310 5295 5442 5984 8086 7892 5601 7455 6771 7060 5509 5280 7789 6855 7937
8211 7737 7318 6978 8660 8587 8057 8218 5482 8319 5920 7558 6033 7396 6187 8647 6941 6274 8658 7847 6443 6347 7494 6681 6001 4737 4458 7200 7431
2571 3859 3706 4224 4453 3131 3507 2727 2732 3477 1495 3653 4048 1456 1826 3556 1443 4753 3484 4517 2080 2233 4223 3445 1650 2559 4299 4033 2552
4222 3588 4031 6204 5932 6072 3114 3956 4654 4024 6252 2798 5344 4915 4086 6041 5005 4102 3739 4502 4432 4237 6725 6566 7212 4932 4151 7298 6228
3499 5401 3545 4242 4911 4651 5798 5930 4701 4823 5372 3659 4635 3623 5708 4140 3066 4598 4874 3595 4676 5550 2889 3112 4471 2838 4908 5570 4736
3761 4054 3695 3675 4993 4114 5616 5706 5767 5090 5858 4536 3512 5607 5125 4297 5003 3917 4817 3551 3258 2597 4647 5449 2480 4294 3242 2036 3064
3317 3291 4428 3824 4066 3314 6386 5192 6492 6506 6234 4349 3654 5947 4217 3679 6688 5933 6739 7351 5969 5250 8050 5178 5199 7481 7232 5146 8256
4664 7071 5084 6453 6664 6338 6998 5128 7544 7100 6103 7379 6488 6389 7756 6825 5294 7765 6772 5233 6185 7285 5632 6943 4523 5230 5601 2842 2048
4200 5015 3120 3110 3579 5306 3904 3277 2668 5579 3016 2644 5522 2793 4106 5893 5550 5717 3811 4367 4005 6688 3786 4976 4547 4227 3478 3943 5297
4252 5275 6928 4021 5568 6319 5596 5963 6647 7252 6012 7289 5131 6281 4886 2617 2262 4116 5034 1868 3817 2799 2217 4833 3061 2255 2035 5011 2710
6279 6119 4023 6385 5555 4933 3744 3204 4922 3989 3412 4314 6268 4365 2962 4278 6327 6275 3187 3312 3701 5140 3674 2602 4269 2598 3123 2968 3785
3928 3748 3239 5499 5926 3577 3479 4968 3464 4556 3230 4796 6451 4980 5773 6401 5127 4762 5466 6648 5811 3579 4482 5301 5320 3977 5511 4338 4286
5248 4345 5284 2966 4747 5438 2765 5079 4880 5150 3849 4900 4818 6732 5499 5880 5797 4087 4811 3357 3756 4737 4338 5144 6183 5705 3874 6576 3443
5972 4871 6414 7374 5627 6131 6040 7455 5946 7045 7911 5140 5816 4919 7406 4414 4689 5615 4807 7862 7655 4948 6445 7091 7117 4177 5577 3853 6109
5249 2500 3973 5304 2634 5494 2768 5841 2430 4138 2220 4471 4962 4591 2059 3007 3438 5038 3758 2867 4400 1863 2056 1813 3117 2782 5108 5018 3534
5289 6034 3909 4823 4936 4033 3857 3093 5918 3380 4309 3995 4293 2942 5403 8091 8778 7683 5854 7486 6403 7211 6991 8263 6647 6569 5978 8542 8019
4970 4145 4593 5475 5232 6567 4718 7041 5867 7742 7231 5875 6235 6334 5012 7256 4365 6485 5866 4417 7174 5163 4903 5264 6452 7386 4693 5750 6339
4603 3213 3378 4250 5774 2792 4624 4806 3617 4681 5116 3473 3831 3780 5837 4072 3642 4744 4794 3042 2927 2714 4982 5803 2588 5557 3650 5105 5245
2122 3957 2512 3557 2120 1790 4697 3755 4692 3492 2412 1813 3506 3080 1865 3280 3427 2748 2054 5255 4242 3103 4591 4331 2506 2798 3738 3235 3477
4847 4590 3813 3001 2864 3534 5985 5918 3921 4080 3656 3603 4302 2928 5127 5079 5419 6202 5009 4738 4501 5399 4869 4216 4882 3676 5684 3146 3753
4986 2323 5166 4280 3960 3664 3385 3613 4873 5482 2987 2902 5398 3680 5230 5006 6407 5225 4258 3753 4445 6591 5474 5529 5526 5479 6943 6962 6808
4327 3669 3305 5318 4421 4543 6194 5037 6027 4711 6327 6100 4338 4005 3356 6084 5011 5439 5793 5240 4746 4027 5567 4636 3599 3923 2727 3050 3846
6307 4804 6478 6668 5495 7149 5071 4304 5918 5315 7436 4334 5708 4383 5590 6358 4361 6822 4369 4748 6185 6505 5208 6179 4728 5059 4244 5064 6543
5560 4928 5382 2806 7318 6724 4756 5226 3396 2736 3163 5133 5806 4253 5164 4644 6973 1983 6138 5290 6328 1971 3532 3507 7055 3761 3850 4405 4485 5670
5382 4682 4475 3541 7339 8158 5671 7571 4448 5044 2589 5005 4629 4220 5465 5023 4648 1640 5669 5320 4088 3693 3888 1234 6374 6332 4738 7013 2004 3432
6115 3259 5526 5941 5658 6904 3973 6170 3545 5139 2939 5191 6441 6262 7360 5849 5010 4604 4943 3596 5056 6453 4113 3039 4760 3238 6234 5395 2060 5684
5274 6015 2549 3959 7578 8215 4681 6677 3481 2826 2433 6334 5851 5582 5208 5208 6745 4614 5905 2117 3970 4746 5635 2244 6807 5918 5725 6718 4872 3295
5263 5433 4355 6195 5556 4913 5822 6008 4392 4263 3493 7127 5208 4094 7222 5116 5531 2526 3499 3770 5575 4909 5647 3401 4083 3874 7872 6485 4075 5207
5480 4406 4268 3567 6187 6450 7052 6580 3930 2850 3580 5580 5032 6673 4505 3839 5937 1429 5004 4673 6881 5893 2646 1311 4944 3619 4780 5350 2098 2685
5522 4883 4698 3590 8216 5634 7238 6391 2561 5984 5288 4513 5809 4428 6757 3688 5024 3425 5847 3610 4815 6430 3908 2240 4673 3532 6825 4303 4958 3444
7081 5595 3951 6844 7715 4838 6050 4900 4405 4305 6092 6029 6237 5049 6646 5045 4380 3383 5856 2283 6911 4774 3286 2140 5041 4235 6412 4448 3710 3070
5573 3685 3472 3884 5967 7237 5603 6773 4582 4213 7218 6300 3389 3776 6058 6025 5487 4696 4686 3178 6020 3663 4372 1327 4751 6231 5105 4139 3423 5575
5255 3398 2813 6065 3795 5034 3830 6112 4551 6036 7012 6484 5934 5342 5127 3110 4097 4619 6466 4688 5436 6406 2805 2281 6784 6176 7429 7188 1963 4880
4379 4807 5358 4496 5637 6993 5591 5644 4404 3433 5613 4159 5159 4591 5651 5176 5546 1315 4716 3703 5645 4800 3623 4071 6505 2466 4812 7019 3100 5671
6276 5273 4992 4823 4768 5243 3670 4957 4274 2870 5537 3776 3193 4525 6336 5358 4339 2020 4637 3076 6077 4410 3483 1646 4531 5727 5116 5389 4435 3158
4621 6026 3083 4728 4420 5381 4606 5114 3411 4665 6595 3811 4577 5634 4696 3958 6526 4113 4647 4519 6349 4485 3174 4559 4248 2522 7012 4594 3060 5976
7670 5937 4907 4572 2819 7270 4874 7627 3851 3963 6140 5570 5181 5905 6063 3969 5909 1250 5990 2051 6335 6042 3929 2260 4601 5766 7145 3929 2132 2707
6416 5731 4713 5600 4390 7300 5620 7465 4031 3531 7473 7255 3064 4040 6763 5146 5853 2682 5513 5184 4417 3879 4980 2017 4765 4055 6515 5400 2458 3148
5210 5530 5084 6686 3138 7740 5382 4958 1317 3882 5705 6167 5449 6005 5119 5877 5384 4331 5928 3826 6387 6410 2468 1655 4830 5194 5706 5221 2864 2988
6404 3513 3146 6103 4923 5340 4301 4413 3813 5086 5579 4157 4104 5218 5263 5564 4343 2911 7085 2356 6836 4949 4871 3678 4439 2916 6008 5978 3884 4543
4604 5291 3702 6351 4247 7789 3812 4519 3296 6298 4827 3233 5359 6313 7228 3228 4532 1234 4430 3035 6842 3629 4492 1705 5370 5240 6103 5375 1670 5810
6859 5616 4171 4026 3546 5683 5738 7144 3355 6444 6908 4005 4504 5457 6444 5342 4089 4523 7218 3460 4782 6184 3037 3501 6256 3592 7784 4777 3570 4294
5768 6657 3880 6555 5229 7798 4507 6459 1521 8189 7212 4561 4160 6974 7515 5932 4060 4303 5918 4832 6318 5433 4296 2296 6368 3098 6739 4523 1748 4364
4796 6298 3764 5938 3413 6002 5122 5444 1975 5380 6286 3870 5740 6202 6391 3006 5464 5730 4789 4450 7219 4722 3499 3748 5381 5418 6543 4694 2352 5470
7715 6023 2824 6084 4778 7127 4665 7056 1728 5898 5814 5116 3311 8711 6308 2669 5356 3696 5229 4945 4573 3792 6046 3236 5631 3835 6266 4814 4935 5663
5557 3891 2805 5239 6159 5045 6093 6533 4381 6749 4566 4619 5189 7510 5829 4939 4349 6193 4625 4312 3998 6484 3563 4005 6953 4263 5796 6160 6195 3046
4445 4648 4988 3529 2714 6279 5314 7046 6461 6288 6063 1895 6599 7426 4422 2865 4027 3972 4220 2127 5724 5182 4025 3407 4007 3632 4789 5605 5903 3909
6341 3675 5087 4888 2756 7560 3107 7679 5662 6024 7182 1929 5363 8571 7451 4463 4890 4698 4242 5085 5793 6847 4572 3767 5630 3853 8043 5385 5137 3246
4594 5967 3838 6666 4982 7014 5706 7350 6010 7693 5220 1845 5910 7384 5950 3831 5019 3762 6022 5141 5104 6412 4909 2955 6321 4657 6809 5758 3037 4233
6699 6772 4629 6741 5189 5069 5939 7163 6085 8140 5340 2946 4452 7490 2867 4635 5234 3046 6573 2489 4590 4468 2727 2904 4223 2953 6961 1947 3661 3317
7758 5188 3283 6030 5683 7131 4468 6547 7429 6780 5429 4610 6812 8506 5576 5842 5720 5315 5792 2081 5992 3734 5700 4843 4969 3847 4841 4735 3790 5383
7342 4561 5167 5717 4816 4317 4583 6219 6520 7369 5349 4412 6312 6865 3975 2797 4295 3236 5514 3267 6900 5783 5496 4157 4787 4183 7376 4082 3467 5380
15 22 12 3 88556 1.0389598888382474
21 2 1 21 127454 0.9659411988948796
16 25 5 15 70011 1.0552125349232602
13 13 18 7 38659 0.9641869807525595
0 26 21 18 83193 1.053661462335802
21 5 12 0 53489 0.9604472814823823
10 27 21 4 114232 0.9128759707845202
13 11 29 29 120380 1.0811047319568543
20 29 8 11 93088 1.0303185040411342
10 24 0 2 101797 0.9016823132662737
2 6 26 8 98097 0.9567479267576449
2 12 28 29 137560 1.051629037244177
0 7 12 12 65521 0.9510992091988761
0 22 5 2 82387 1.089241932004865
15 10 24 18 66143 1.0351209980893419
29 19 21 4 73835 1.0921308054692798
1 29 29 16 128169 0.9439274238135389
14 28 6 3 106769 1.0329725305033757
15 21 29 0 123784 1.0766603129649848
28 23 10 25 62231 1.0789031673641583
9 7 0 19 63815 1.0556534307208698
8 0 27 27 145640 1.023559437528987
5 13 3 5 36184 1.095199840100703
22 13 1 15 88632 1.0875166264160787
25 19 1 0 143085 1.074067052292779
24 3 25 29 89013 1.0564669585755802
24 22 13 1 107983 1.0069772387647977
23 16 6 25 83567 1.0887418013838248
14 7 4 17 64764 1.0092710312175626
5 4 4 27 89065 0.9780061631514053
28 10 5 5 106974 1.0336488078864476
29 13 24 2 57197 0.9290688285163473
22 2 28 9 52139 0.9541463421256063
23 4 10 26 116332 0.9030623300720756
19 25 28 21 48139 0.9344421583792692
10 26 3 16 57088 1.022652592379214
8 5 11 25 74255 1.0639781247993276
20 15 2 12 86861 1.0153515933023183
12 22 0 22 36610 1.0460210344369485
28 12 8 2 101871 0.9636734496370714
4 15 25 3 111195 1.0311406206232783
19 22 6 27 56234 0.9257188632702068
28 7 5 24 121097 1.0092521120549316
22 28 20 11 69153 1.0679350770719447
5 25 15 2 103132 1.0488431135987721
6 22 0 3 84642 1.0869845097735034
27 17 17 1 86921 0.9222855857850831
23 9 16 12 41728 0.9829496134837017
14 14 1 3 91353 1.087865650288554
2 10 3 23 52614 0.968257169065292
21 21 2 18 72971 0.9907103012506533
17 23 24 26 33467 1.0469008359953762
5 14 23 19 85489 0.9086299428490648
4 5 14 11 60183 0.9520940017701045
28 24 12 16 81784 0.964383403696478
0 14 22 8 95101 1.0584992287948112
19 17 29 22 61651 0.9253148797702725
22 26 6 4 121808 0.9009594898370661
22 23 3 0 133924 0.9073076210126746
15 8 11 1 43937 0.9186072866677223
17 24 13 13 53731 0.9968129458089545
21 11 6 1 87915 1.0541138220331405
25 6 10 20 97143 1.0162664698064752
22 18 1 12 93855 0.9900866236060772
22 20 26 3 68341 0.9819043856178135
9 16 21 12 58226 1.0441852679437416
3 3 14 2 48091 0.9367165546024875
1 2 29 24 158762 0.9654252087774897
10 12 0 19 55665 0.9827165975545018
9 5 0 9 46295 0.9242845600712656
14 21 7 15 50093 0.957707474639813
29 3 12 16 112275 1.0520413162871596
2 4 27 4 116108 0.9377262752241509
22 11 15 15 46174 0.9044377523556119
16 11 1 13 79478 0.981966127802907
27 21 19 8 63444 0.9138289803719789
28 18 20 26 57414 1.0011839934089362
23 6 18 18 65100 1.04880516929368
29 12 21 28 85413 1.0296270722144774
17 15 22 3 61713 1.0632834111492642
10 7 23 18 85412 0.9390444076166051
24 9 12 5 57834 0.9983718806533398
9 9 21 15 66125 1.0357286196163331
9 1 14 8 46098 1.0298848231853603
17 28 18 9 78460 1.0613393414403838
11 16 8 5 47715 0.9596465569499728
6 23 21 12 77163 1.0962141145487836
17 16 7 23 48412 1.0501136826327562
26 21 17 17 53531 1.0483862808995805
27 14 2 21 108185 0.905411922392766
4 17 19 27 76982 1.082718768734448
23 15 15 8 47756 1.0651051690867532
15 18 7 7 58276 1.0293422613136392
1 16 23 18 82862 1.0884457476412939
6 0 3 21 87949 0.9785166290084838
29 8 13 27 119094 1.0347688042742142
24 6 17 9 35154 1.0147926790004966
20 28 11 17 60346 0.9941011040229509
18 11 4 14 73134 0.9793788773877435
24 8 14 8 31878 0.9794507173965583
8 15 1 24 52387 0.9903134330572541
23 12 27 0 54502 1.02587256878958
18 12 2 2 96628 0.9888091777003305
2 21 8 11 60144 1.0265549739972115
1 6 24 8 92096 1.0714051560596032
7 27 2 21 40666 1.0335256256627776
13 4 23 20 90102 1.0097173474454488
13 21 9 2 73416 1.0827727431990588
10 9 18 25 81300 1.0577384905297365
10 6 22 6 50996 1.0975457748970967
21 13 2 25 92075 1.0687152525678187
9 24 14 3 88128 0.9370008587082616
20 13 2 20 88396 1.0879120972974783
4 3 25 15 109734 0.9688498287884452
1 7 7 28 90297 0.9658956829225482
1 14 19 7 90231 0.9133828124496224
6 9 28 8 93413 0.9141491620818286
24 6 15 14 57584 1.0527275639487033
29 9 26 25 74329 1.07151652818483
11 9 5 19 52404 0.9920070803368946
27 7 9 20 104544 1.068501160625555
3 25 26 20 88070 0.9666436518869589
26 26 3 20 88246 0.9849821855667291
15 6 17 27 80386 1.0649627832174506
5 13 0 20 43969 1.0384725840000697
14 19 5 20 36999 1.017376396123201
12 29 19 5 109797 1.009244964749676
29 26 9 20 81907 1.047668468950386
25 22 11 10 94517 1.0400697021995835
13 11 28 11 61778 0.9395637335836291
5 1 18 10 83936 1.0061929541357257
10 5 4 24 73417 0.9811996364738654
22 19 7 5 95746 1.0433826115108233
28 23 15 14 74758 0.985697533026894
27 16 19 9 54459 1.0466739912636394
8 11 26 1 95314 0.9027513410253348
23 5 7 11 77500 1.0556455139692023
10 18 1 12 53642 0.9665232278139584
21 23 15 2 88871 0.9609153019341989
10 14 29 10 90676 0.9592704939854948
4 20 21 1 117186 0.9089269780031474
21 3 19 28 95277 0.9609612796612892
11 0 8 9 43400 0.9554188880026631
19 13 27 24 72056 1.0526864245600824
29 10 16 17 68597 0.9411216074405466
27 20 22 8 55206 1.0383110692816429
14 26 18 2 109742 0.9943799778930223
29 24 10 9 114979 1.0256746426872243
25 6 9 13 78308 1.0178669373812976
4 12 20 17 65705 1.0857598743812844
29 4 4 11 118140 0.9115834415522204
20 16 24 10 37968 0.9208477644206904
9 27 15 4 95449 1.014762524490851
26 29 1 12 125387 1.0838454660973322
25 21 18 4 78418 0.9413197937679711
4 6 2 20 54212 1.0007845770575579
6 19 18 27 61000 0.9700663190362059
6 26 26 14 101805 0.96220638212153
28 8 17 20 81276 1.083826753523651
13 25 1 22 39394 0.9679390563079017
12 0 11 23 92060 1.0230456203420246
14 8 19 21 65794 0.9137731547115073
18 14 2 17 64451 1.001623037322876
4 21 8 3 74514 0.9664235589989395
16 3 4 20 94640 1.0490488768596642
15 2 9 27 101679 1.071466156969803
3 4 12 23 90734 1.0653311442703155
19 21 22 8 58235 1.012706481290678
4 5 24 16 107894 0.9529490696280373
19 23 8 4 90876 1.011555893680292
22 15 1 12 92761 0.9814844392258469
21 28 28 19 55204 1.068260891360179
18 25 26 27 39985 0.9379800576505253
21 15 6 0 108339 1.0623568942342256
27 4 8 26 128359 0.9954763971725697
27 28 14 12 98002 0.9067325807458323
13 27 1 8 97967 1.0994022502478755
3 5 19 18 93417 0.9723218016490243
4 22 26 19 79211 1.0351137166203546
26 29 13 24 61833 0.9521444144178943
6 2 5 29 102423 0.978607645335224
21 23 1 8 103327 0.9571065071062816
9 18 27 23 68970 1.0835645830806324
7 24 3 3 87068 0.9614311247595991
9 10 20 29 88283 0.9756969562935031
16 7 22 12 34334 1.038920228526205
14 29 8 23 34051 1.0516883204052554
27 11 9 12 74095 0.9265443877651747
3 27 5 16 54585 0.9941697722521856
10 11 14 17 34378 0.927821212230708
3 20 22 8 94370 0.9318776170394828
18 13 4 7 77560 0.9623200849052513
4 24 12 2 93929 0.9182513774170993
7 15 20 12 68511 1.0770222079989964
27 27 26 3 90983 0.9601267273681005
9 26 13 1 93915 0.9995941793668187
3 7 8 1 48191 1.0134856978312203
9 23 22 13 70858 1.0041432452871102
21 9 9 17 65827 0.9574074373238955
23 20 13 23 37750 0.9877849175049812
13 25 28 5 114807 0.903161977667807
12 4 11 26 88509 0.9339480104918286
18 11 25 14 34394 1.0904967183639207
20 7 4 27 116748 0.9520959309215
25 8 2 5 95733 0.9554371364462335
29 7 17 16 79394 1.0842363685968164
21 2 2 12 104456 1.0141628978696686
3 14 27 8 112848 0.9747326199934283
9 6 27 11 73171 0.9441016403033419
4 27 25 11 109426 1.0817358181614638
6 17 20 1 104794 1.0423818500195923
27 29 2 6 150056 1.0802845625314925
4 7 4 21 45921 1.021595111285369
14 17 4 17 28776 1.0884298241128965
12 5 29 29 139280 0.9317840454141614
14 27 21 3 109287 1.0092291102276074
3 16 0 6 54109 1.0867389784397774
22 15 9 12 60169 1.0676760318362186
24 28 18 10 89148 1.0519786578010417
6 27 10 17 50425 0.9033303859362184
2 4 16 27 116609 1.059543050578747
1 15 11 27 63905 0.9482292996600847
25 4 14 15 73853 1.0763557252996718
0 23 17 8 94983 0.9216293219611591
24 0 16 16 88570 0.951005251152566
12 26 26 5 114340 0.9168757506220069
15 27 4 10 90545 1.060769846973886
7 13 29 10 100160 0.9489939441366281
27 4 26 27 90850 1.0590360004603319
27 2 29 15 61119 1.026605904461587
29 18 13 12 89561 0.9598796930613577
19 6 11 15 63513 1.0826056743504595
4 2 10 16 65899 1.0014751412359695
12 16 9 7 38179 1.027574902463267
8 28 22 24 58315 0.9065825493572325
15 18 2 2 93036 1.0055290690187841
22 0 28 8 57407 0.921173029865625
15 3 13 13 44982 1.0012844665698264
24 26 22 1 99565 1.0901738172146633
21 14 11 5 68691 1.0280962658115607
16 19 26 9 65956 0.9624661436394467
26 14 12 16 64971 0.9143308378207791
4 26 21 29 65363 1.0503472834614072
20 8 15 25 78740 0.981007533745462
10 21 15 27 38459 1.0259733831377078
8 24 19 17 54773 0.9131316082340262
28 8 13 15 87209 0.9537842279221773
25 23 2 23 63534 0.9505507096331169
25 13 15 2 65239 0.9724257194081805
18 6 9 19 72247 0.9088754647046645
23 24 23 14 47465 0.9401424040032538
9 5 25 22 104868 1.0508301936738274
14 11 16 25 60821 1.0562738281232094
15 25 11 2 99994 0.9602583564329522
9 23 19 26 43575 0.9139565187168526
17 9 24 2 48399 1.0300904044267212
9 26 17 10 77758 0.9574013143880512
13 1 19 12 63399 0.9658494171510614
10 17 13 10 39967 1.0537325183672845
17 29 5 27 44518 0.990095265236308
23 9 23 25 70560 0.9584271418803467
27 29 16 27 45183 0.9565830132439122
2 19 12 8 65140 0.9755279966150584
12 12 1 13 57845 0.9633699057860838
25 12 2 11 97581 1.015243987028128
10 15 26 2 98517 0.9006132128497167
18 29 22 12 71025 1.0919738089372348
4 20 25 18 83980 0.9306156392764307
19 22 7 27 51931 0.9584143544382884
24 15 16 18 39430 1.061349306900485
8 15 21 12 67807 1.0093757628880604
24 5 0 16 120603 0.9378982035371402
4 18 19 23 54434 0.9376338420924478
11 11 17 22 61605 0.9496453067853051
12 13 26 11 60375 0.9170778129814396
11 7 28 21 100456 0.9545005739047182
22 29 27 0 114053 1.0791669588332211
11 22 9 3 65223 0.9300127827118744
3 0 17 16 105700 0.996777743737359
21 12 26 5 43601 1.0332296612037548
3 10 24 2 101011 0.9776654053986774
7 8 24 0 89932 1.0247849280597996
23 9 2 14 101857 1.0090303599383836
12 6 19 18 72120 1.0073466489579785
6 0 6 25 104578 1.0027487442496388
18 28 3 11 97094 1.0144181772304415
19 9 7 22 89317 0.9764990410018203
26 16 4 12 98440 1.010190171657685
22 2 25 26 89490 0.9321297233035334
15 2 29 24 119009 1.0281565854778258
22 9 1 12 88647 0.9510162916893947
29 15 13 15 70105 0.9303581811529666
17 13 13 21 48936 0.9584434578817982
14 10 0 9 65427 0.9023085402501841
1 28 15 9 102944 1.0853784229667178
5 21 4 11 37886 1.0260997884489935
3 1 23 15 119990 1.0461272409678175
20 15 13 12 44238 0.9561772182767222
28 22 26 0 85062 0.9572045666936184
14 6 15 17 50572 1.0914967527589459
21 5 22 27 83035 1.0011654201099898
29 27 4 2 157870 0.9292948693972762
22 7 6 11 69078 1.0665732686457465
0 20 10 29 55383 0.9423004477215717
23 2 14 5 46485 1.0694645869766037
19 8 29 20 65342 1.071904503678727
9 7 29 5 90691 1.0605771104118793
25 19 18 0 83552 0.9429414409968067
25 18 0 1 140776 1.0260327396248186
16 20 28 26 59654 1.0939015589695205
1 25 10 5 88268 1.0095809872880106
17 3 2 14 101864 1.0835506618534316
2 19 1 29 53844 1.0586855265674746
1 26 29 16 121735 0.9128088336190227
15 27 29 29 57742 1.0599731590328494
8 12 0 29 83806 1.0007993013580911
0 25 14 20 61617 0.9435429843549646
9 22 19 13 66610 1.0471778140209866
10 24 23 9 96465 1.0360957941025282
5 8 7 21 62435 1.0641817607646955
1 12 1 27 64965 0.9927955451358996
23 12 10 9 58166 1.0231420541616547
23 7 10 25 99766 0.9997905363656903
17 10 15 0 45552 1.0813391780732502
15 14 4 24 66553 1.0591569230193403
23 10 10 15 75247 0.9158987690118016
10 28 2 8 87037 0.9585066412690444
21 23 18 15 40707 1.0764624286368418
13 27 13 7 93607 0.9227461037682864
11 6 20 21 89783 0.9586771949706904
17 20 29 18 52905 1.062052237291677
0 5 17 20 107306 1.092499997825115
21 13 12 10 53415 1.0197136139317773
20 0 14 14 80897 0.9438332018582495
2 0 0 29 119188 0.9442022248221906
1 2 11 11 69816 0.9169130692189569
6 25 12 18 43893 1.0848009921043702
29 26 15 17 80195 0.9871436402726934
25 7 25 24 57646 1.0984000992012533
16 4 13 23 82071 0.9743369172358252
26 4 6 29 139555 0.9662986941202442
4 27 21 29 59943 0.9319975855432137
16 9 16 19 47448 1.0731222092251276
8 5 6 14 51129 0.9277362686683497
0 15 18 14 76865 1.0703990002187131
2 28 1 1 105605 1.0245913507141944
1 21 13 15 59255 1.0239638882315742
4 10 13 29 91007 1.055122287256733
8 25 22 9 97777 0.9644575804593083
19 3 25 25 92639 1.0256480823031855
15 27 25 24 47864 0.9043644261065583
23 23 5 5 115997 0.9800318074808264
24 4 20 11 38360 1.0492059550576753
14 20 23 12 66096 0.9320006095269291
16 13 5 14 59095 0.9710008455068951
16 9 28 5 64003 1.0041324378799512
14 26 7 16 60787 1.0372463502398834
23 15 4 3 109602 1.0228747005834178
1 8 9 26 77564 1.0781633928049026
7 29 20 14 94521 1.0463412354481896
29 19 17 25 58754 0.9364606435497818
26 23 9 5 103870 0.9288697684793981
17 27 1 16 74037 1.0659750548698765
18 0 8 25 120660 1.0732078775586753
20 8 26 18 50063 0.9062125377578574
2 27 24 5 145753 0.9983392389209593
8 4 18 25 97781 0.9229944532014369
23 11 5 11 87718 1.0642184113183775
22 20 19 2 77327 0.9492234862585671
7 21 24 23 57700 1.0245098812696443
29 9 6 2 119886 1.0827276103501167
16 2 5 11 79318 1.0084854336408984
4 2 3 28 99853 1.0578708638304424
4 8 12 5 43309 1.029794067704724
12 24 7 8 66152 1.044437336812086
14 17 19 1 81987 1.0529078551683786
21 23 6 18 59785 1.051909166258942
3 2 22 6 90585 1.0587713232632514
10 14 27 21 88733 1.0763047383963587
0 9 16 27 99206 0.960231873237437
17 15 1 2 105928 1.018951690303719
6 8 8 20 54008 0.9673041943912276
9 2 2 26 98407 1.0770242896174433
13 25 24 25 47009 0.9793206797992986
28 3 22 15 65596 1.0956486895465722
20 2 22 15 57318 0.9461869115549616
13 10 7 26 79502 1.0054544575527717
10 3 24 28 131635 1.0572867316943988
27 28 10 29 64499 1.0913302862119763
25 20 6 26 81177 1.0283129840132446
28 29 20 8 94228 1.003460790795416
2 4 6 10 36526 1.0006574059807751
3 20 7 2 77029 0.9386292490179367
7 10 2 27 86327 1.0715629363628738
1 21 17 8 91293 1.0404775438204212
11 20 3 0 97766 0.9314113914945193
16 20 1 21 51888 1.002546654428967
5 16 22 3 103961 0.9590573914869177
29 5 21 3 46074 1.0500359141200262
19 27 1 19 75408 0.9320549740445996
10 28 19 1 128123 0.977105454302565
13 16 10 9 42191 0.9083483898627683
15 29 23 7 98688 1.0391209084704585
3 19 24 0 129172 1.0683964352599222
28 14 11 22 85376 0.9264439874015465
25 10 13 3 67135 1.0276308723878698
14 25 26 29 53825 1.0442155366734711
6 27 20 9 112508 0.9081686633113107
3 27 17 23 55466 1.0543928350079605
13 11 10 25 65368 1.0728164535565483
1 23 2 13 38432 1.0459234016456183
26 7 19 14 56619 0.9244977478223749
20 27 18 16 54547 1.0291977097242846
22 5 26 26 87167 0.9622294523965214
6 25 10 8 66552 0.9108777502462089
21 5 24 19 63308 1.0318537935627075
0 3 10 28 106710 1.082886254570334
22 4 9 18 85797 1.0186532404680755
10 2 2 18 76471 1.0672317676744947
20 8 12 0 55727 1.071576511401379
11 3 11 21 74855 0.9850716681736704
25 9 12 8 48781 0.9556255099009945
20 26 5 11 101979 0.9685829828694981
19 2 6 26 127238 1.0975043693891857
8 10 6 19 42003 0.9794755273659161
9 25 24 29 60279 0.9115466361406865
13 14 16 22 40354 0.9429600382344221
1 4 9 19 76101 0.9387122383758426
16 20 7 9 60693 1.0702702087710407
9 21 28 27 77235 0.9860911934002239
20 24 2 5 116654 0.9129342604513908
12 13 27 2 87156 0.9271727428807115
19 5 3 6 79668 1.012079241732023
0 1 27 13 134148 0.9977794575034931
17 25 11 19 38169 0.968636976785647
22 22 28 5 77271 1.0202968004594777
0 12 11 5 63435 0.991722759587327
28 7 16 0 74434 0.942809979887814
11 25 7 8 66640 0.9677118138777921
7 29 20 21 67818 0.998095341751337
18 28 0 24 63848 0.9336377841718632
21 17 7 6 78842 0.9474871652063154
2 19 26 20 93730 1.006049685544555
18 20 29 18 51237 1.09736563744177
1 27 19 7 129589 0.9799718002931296
21 3 15 23 89922 0.9908593638123268
27 8 12 25 100327 1.0521595380586874
12 0 17 8 47555 1.0507268282921005
9 21 12 13 37573 1.0597188654481284
3 27 7 2 107446 1.066761655937864
8 7 6 21 62080 1.0852616538459394
3 13 15 12 60185 1.075423969699033
15 4 23 8 37452 0.9876399473065453
25 28 20 15 59717 1.0247870733901707
14 4 6 20 79848 0.9700414932844077
15 1 23 29 123967 1.0253738396180716
19 17 3 11 70083 0.9033746953909091
17 17 0 0 108837 1.0518533158921322
29 12 5 4 117175 0.9880068725165538
22 15 9 23 62513 1.029832148102499
6 2 28 15 120492 1.0907771525829324
16 3 29 4 62456 0.9844619346971996
1 8 22 7 75964 1.0350556600859728
22 7 7 27 110048 1.0614936565551132
29 13 14 18 79171 1.0363456200387957
13 15 3 2 78397 1.0329906762730354
0 28 10 8 90214 0.9893733567223345
21 28 12 27 25774 0.9740085118051865
10 26 25 15 81210 0.9903534229122462
14 28 28 20 75099 0.9288483252100062
12 10 2 23 71846 0.9236751589877303
8 26 23 26 65950 0.9499988066592112
14 4 20 11 48391 0.9987897700772882
25 6 12 9 53296 1.0712508960923417
29 17 2 2 142110 0.997095101295198
24 29 17 15 75024 0.9222235884992799
21 22 7 12 77165 0.9114442419689501
14 10 25 10 52453 0.9721818829314746
2 20 8 8 62174 0.9830796379571096
2 28 16 21 57703 1.0422230340339222
29 15 4 10 114869 1.035140610392803
3 25 16 9 93822 1.04925937224031
9 24 15 6 80036 0.9764439280011427
8 18 16 5 76441 0.9613204659664918
22 5 9 24 100843 0.9950828431522816
4 12 11 9 41454 1.0869405324278887
7 7 24 14 84175 0.9026387894300614
15 28 25 24 47085 0.9895262218544173
5 8 13 25 77645 0.9824838132614016
0 24 26 18 93599 0.9342701025031983
23 17 17 5 63233 1.0312767714857103
11 26 22 22 45588 1.066928320971352
12 19 6 28 47340 1.0633914490273455
13 14 19 19 40413 0.9203191506180621
20 5 0 24 124124 0.9522736109422323
1 29 28 5 159562 0.9777717089096476
0 27 13 6 109750 1.0806349751041446
29 8 24 17 51458 1.0377072149656956
29 24 19 20 52370 1.069759290988582
24 17 9 16 54335 0.9729664640066775
25 12 4 5 92638 0.9963577397920892
22 26 13 16 63581 1.0321548856215064
29 28 23 15 66591 0.9562682573234116
23 15 20 25 44383 0.9403732729365878
5 1 6 17 62821 1.0591611541939918
16 23 9 11 54503 0.972314073095368
17 12 12 2 56377 0.9675742879294629
5 29 17 4 117642 0.9692266999328397
4 18 25 24 79224 1.0515776800246488
8 6 1 10 37611 1.0616082981875978
2 29 0 0 117099 0.9916634471090109
14 4 10 21 79056 1.0339409609338988
25 19 13 14 64909 0.9411393062230964
13 28 23 6 103861 0.9254240156515944
27 12 4 1 115883 0.9644013228254862
4 10 3 19 33824 0.9794581850865827
16 16 7 26 59773 1.0539174990684952
24 11 4 22 97772 0.9603863978302007
29 18 15 11 78672 1.0860638392508648
10 16 18 22 46316 0.9740854318131529
27 9 3 8 98350 1.0789270239402537
0 2 15 6 79028 1.0960560923587255
4 11 26 9 98531 0.9872193665851496
2 28 17 18 68931 0.9592452820434348
15 4 15 28 93060 0.901932318214112
19 15 10 8 63903 0.995566424598223
13 8 8 29 85729 0.9683029510651838
29 2 16 22 110803 1.0395523087841905
19 24 23 17 41059 0.9279737832797319
26 28 12 1 134897 1.0729568989848342
7 17 8 29 53482 1.0276701047447119
20 17 17 10 41986 0.9863974266242741
8 20 0 0 99767 1.0811949512273904
29 24 11 23 61605 1.049634793115278
18 28 21 21 29427 1.0542216893211949
20 21 29 17 48619 0.9648946488363047
14 11 4 22 72665 1.0431373415375194
14 18 1 26 71534 0.9644733236225078
16 7 7 3 58528 1.0794394974841972
14 17 3 29 68867 1.061476765503675
25 10 1 23 102193 0.9108337722645646
4 12 26 23 99803 1.0607177989582839
27 18 14 27 75491 1.0535407363029632
13 18 21 28 57079 0.9342295440048329
13 14 1 11 68431 0.9072211921190338
1 1 0 24 84342 0.960339006051406
23 13 0 22 102333 1.0876973351384667
18 6 12 16 59588 0.9905777073579791
23 11 0 23 103824 0.9702611246712611
14 15 2 16 55584 1.0760053031619898
29 19 19 0 95703 0.9688670732923101
23 28 8 21 67058 1.064367603949702
5 28 29 3 154818 0.928074289177964
6 22 21 23 46253 1.0052216981637172
29 15 17 16 52142 0.9574076060141999
12 17 21 23 47028 1.0399650325770835
11 25 11 2 87572 0.9040039996703613
24 16 9 18 60954 1.0403704195360837
20 5 20 15 47739 0.9032503739112782
5 20 17 6 87397 0.933573235809503
0 27 18 23 64715 1.0870069933769382
7 3 21 1 65431 0.9264659649960055
24 12 14 8 43199 0.9157411497889479
10 1 27 18 114936 1.0544797946482225
28 19 25 29 46433 0.9295819639950074
4 19 2 9 41282 0.9390448035112859
22 25 10 22 42342 1.0406805465466111
8 28 29 3 151036 0.9342588408999101
13 18 18 13 38279 0.939318356280217
11 18 14 0 86104 0.9564366345883968
27 27 4 22 81169 1.067081719425498
25 11 11 5 68226 0.9899393663951279
2 29 10 19 56884 1.0083825520660101
17 21 2 18 64089 1.0232113126795999
28 13 1 27 136163 0.997215685415572
13 26 25 14 79747 0.9081775203581945
22 25 0 20 74147 1.0239180611101357
16 18 11 10 48715 0.9347260702161408
16 16 14 2 61831 1.0731383079307537
21 7 7 13 69782 0.9309866115721217
15 29 4 19 60648 1.014199301187465
29 14 9 24 96259 0.9380684669455016
1 11 23 24 104697 0.9723013213111251
10 19 25 7 87944 1.0924471811731156
0 3 23 12 110983 0.9970250036783103
17 15 7 19 44144 1.0518993460211048
18 27 10 9 87156 0.9316982407079405
13 13 17 3 54757 1.0696561959387285
8 2 4 26 91357 0.9957292612377062
10 16 2 22 47356 1.099241293185461
2 29 6 2 115481 0.9102070468519892
8 15 4 1 64729 1.0724060613461643
10 12 11 3 44193 1.019972747197619
23 24 27 14 49612 0.965736444316921
1 1 9 20 91801 1.0843762506942063
20 15 3 4 106395 0.9095359603704385
2 22 23 11 103907 0.9305888902824425
29 9 3 4 126561 0.9111691394999418
9 17 17 5 65131 1.0559590268845638
22 26 22 5 77987 1.0282558386824228
19 0 28 20 97676 0.9185611489770272
24 19 10 3 105171 1.0225910092638846
4 0 9 28 107983 0.9904082949721492
26 5 26 20 59504 0.9475138379968511
22 20 23 9 55414 0.9084550528605712
4 13 28 2 119904 0.9668068236736425
6 0 9 15 62356 1.0864356881961457
19 1 23 17 75325 0.9664171457745321
11 7 2 29 98270 0.9254096597067226
15 16 10 27 57160 0.9406424709268844
21 10 29 15 43053 1.0916508180534386
5 18 25 12 85286 0.9570051161286354
15 27 2 25 58095 0.907131762010075
16 24 21 11 60801 0.9298165910756931
14 19 15 28 39770 0.9597362552843987
29 27 14 29 59711 1.0921814474657987
27 3 10 26 128509 1.0699606519331153
19 21 19 1 90627 0.9621061264377293
3 22 24 6 122705 1.052300983124263
10 9 26 7 65744 1.018709996934139
18 4 24 20 77048 0.9884600718759731
8 14 25 12 81441 0.9623299383518709
16 20 23 7 71467 1.0645178878767392
26 26 16 22 45991 1.0640495118446838
0 18 17 21 69101 0.9432630956657966
13 24 28 27 64658 1.0100520518551517
24 4 1 19 121211 1.0119464635109712
16 11 14 20 50226 1.0865184257776406
22 7 28 21 66478 0.9564330571379334
10 23 8 13 35628 0.9208986837332941
26 15 5 9 94949 1.0554513810556156
29 20 0 8 136385 1.0164964214351142
28 5 2 6 117703 0.9824943298968287
11 7 8 0 40105 1.0357134372289214
12 27 21 8 91600 1.0614412789431806
18 13 21 0 63111 0.9500431907403943
5 25 1 9 66430 1.0883702150323054
2 7 24 29 135722 1.040908903285846
9 6 18 9 42646 0.999499978245616
0 2 20 16 115051 1.0154732187008035
10 15 2 18 36333 1.091097165902445
1 23 26 25 75523 0.9915049473687407
23 14 8 18 67230 1.0625896368172185
19 23 19 0 96710 0.9796149158513227
9 3 29 8 102117 1.0794296268221582
8 28 7 1 99272 1.0582259245729477
18 23 20 4 80993 0.9691300375425707
1 10 20 13 94836 0.9584025785823408
4 25 20 11 95771 0.9338512455374012
25 6 8 24 109901 1.0899477428718118
3 27 8 7 87775 0.9818393068339174
4 29 19 9 114221 1.0536738640442278
16 3 15 27 97565 0.9930482637398316
9 29 19 27 37233 0.9945597057869364
12 13 13 1 58675 1.0787476143569754
10 21 23 29 63707 1.065931090938146
19 2 27 27 111401 1.0157901022630733
18 18 29 7 84751 0.9543926482922463
26 20 13 10 85944 0.963307642506171
29 12 2 14 125985 1.0197452883518572
22 4 20 26 83200 1.0228859119349283
29 25 9 14 96427 1.0409243542776239
27 5 16 17 78836 1.0585647461501435
15 13 4 23 65723 0.9552790669255815
11 6 26 11 65420 1.0775660126143458
20 15 14 4 63610 0.9303255510848962
8 18 26 5 104832 0.9340639940748892
18 2 17 20 82459 0.9727251806915405
22 1 3 14 114934 1.0411903371305127
9 17 14 11 38377 1.0592306149949478
24 11 26 2 34794 0.922448846156312
28 20 21 13 48046 1.0534036768194843
17 0 0 5 93905 1.0259568215130157
28 6 19 13 60066 1.0542509286074815
22 3 8 1 63890 0.9175243465284326
2 15 7 2 64934 1.0278419411144266
8 23 0 8 71492 1.0405683315642589
1 7 20 15 101371 0.9948801156764404
25 3 18 11 48760 0.9330238204909307
19 1 26 8 51118 0.9769320426544448
10 0 19 12 80396 1.091964626492787
14 22 23 28 49012 0.9107166476373245
23 24 14 7 88239 0.9379551393431702
25 14 20 27 58543 1.0486303302131863
5 14 15 20 58948 0.9548257917497671
8 17 12 8 41611 0.9785685197016224
21 22 17 16 39394 0.9010204175442554
17 18 29 10 71961 0.9056344605787847
12 13 6 28 69318 0.9761333197991717
7 6 25 20 105299 1.0118549955252703
27 15 15 22 65529 1.0437618288201247
26 12 14 15 63392 1.0900062331122613
12 7 25 4 59378 0.9906481889278237
20 13 26 0 66613 0.9835506907667492
27 4 29 16 58031 0.9781707225260583
28 13 3 6 111072 0.9537639210690394
9 6 19 1 58964 0.9818519340414893
8 15 26 8 88665 0.934520693161482
28 28 5 12 125881 1.056031594879988
10 24 26 3 117051 0.9601754080682803
22 15 27 4 55286 1.0593701588183009
20 4 18 29 101123 0.9359812182090208
8 12 27 0 103404 1.0509929923914247
6 1 21 7 84439 1.042473828143502
7 16 29 28 108998 1.0945009229455436
11 8 23 4 53832 1.0163153718148918
2 3 14 5 66307 1.0642561796537184
5 13 9 0 63509 0.9316099577439139
14 8 10 0 51349 1.0908905884354279
12 2 24 8 62457 0.9673749632101112
10 20 27 21 73803 0.958560763896778
9 5 19 19 70947 0.9470400533961278
24 11 4 15 95186 1.012671022103585
24 26 18 3 102032 0.9328207423315946
17 14 29 24 81437 1.0225544658841839
27 11 1 7 102457 1.0742252629514342
20 5 0 24 124124 0.9187196281992036
18 10 6 4 71663 0.9016034187770806
22 21 8 5 98525 1.0008000868973466
23 7 29 27 95185 1.01629199355466
12 25 20 11 77840 0.9387920612465301
26 28 22 7 83752 1.0472769987290969
0 27 28 28 100735 1.0311366748670565
21 3 2 24 126121 1.0611032363656334
14 0 22 18 94566 1.0037554193345153
10 16 17 10 52480 1.0378653313852533
15 21 2 8 84481 1.0372714993626142
24 21 3 11 105616 0.9090346582998529
7 24 22 13 81385 0.9284185923126529
15 9 25 5 42927 1.0418642862821617
16 11 8 2 67172 0.9640274158388913
25 17 12 13 69668 0.952705228201657
4 13 26 26 109011 0.9753997303666639
28 13 17 28 86237 1.093893012187294
17 1 3 23 116261 0.9338862750380859
27 12 4 13 104492 1.0602086707888771
5 26 23 28 65117 1.0687114570073086
6 18 13 2 78823 0.9861091763330008
15 14 12 27 60087 1.0795315355460713
18 25 5 0 126937 1.0646243790508918
27 26 11 1 140451 1.0977616352691453
24 15 14 13 48158 1.0342983011951916
10 24 16 5 97139 1.0854260704576004
2 6 12 7 52991 0.9381204398891398
21 20 8 18 56217 0.9018157175429147
14 21 21 0 107982 1.0469552883289381
25 3 4 24 123402 0.9772417553941226
29 25 3 22 87503 1.0339343577430364
0 2 1 15 50528 1.0008726870862736
22 9 10 14 66754 0.9052689390258684
4 22 5 1 77939 0.9665302864521252
3 1 25 9 109722 1.0656273219355474
7 14 10 25 52090 1.095342482621438
7 8 14 4 43117 1.0018862579046717
28 8 15 28 106575 0.9280563941905405
15 7 5 17 64330 1.092361093717171
0 24 14 15 70595 0.972761004502144
26 4 13 8 55243 0.9178989883920748
6 21 0 29 53453 1.0848701418312283
1 3 21 15 111289 0.9003640704094446
17 21 11 8 71170 1.0924090087339122
1 0 13 4 64901 0.9144832173878296
8 8 22 11 58285 1.0662013833394057
5 12 29 7 118241 0.9869539614998709
21 15 20 1 59520 1.044773286411115
26 18 26 7 45161 1.0740943975456825
4 11 20 23 81032 1.0362340056954573
3 25 8 17 47560 0.9516681778552268
16 6 24 8 33966 1.0486412865513084
6 27 17 5 111264 0.9617510072781008
26 2 21 11 45797 0.9756956413042353
11 27 23 25 52169 0.9473951864361176
25 5 20 13 47751 1.026951656381363
24 16 1 14 93475 0.9208356699159264
5 13 16 12 55958 0.943411527430603
6 18 6 28 46817 0.9061620132948137
4 28 2 17 51162 0.9101352515241881
5 2 15 21 95722 0.9539010532207981
1 8 29 10 112046 1.038783298198416
14 24 8 17 46488 1.03662009730876
16 7 6 12 58506 1.0089674989369215
5 4 21 20 110613 0.9676307007509615
27 0 18 20 100466 1.0184398815975242
26 13 15 29 85943 0.955281086239203
0 13 16 4 90099 0.9328954327413007
16 18 11 3 75624 1.0894340451194098
18 6 8 16 68054 1.0541554157344417
8 5 7 18 54351 0.9639888830372785
26 15 22 4 48682 0.9436174077532768
6 25 0 0 104235 1.018560652975966
28 24 14 4 112382 0.9571967271178927
12 18 17 2 80259 0.9201802084838112
28 9 13 3 82641 1.0467797503050253
12 13 6 29 72799 0.9105821644287712
23 1 9 1 63246 1.0306888415335629
7 19 5 6 60051 1.0264971445971223
22 0 27 15 69113 1.0097940906048222
28 28 18 18 70166 1.0652159499482987
3 18 25 9 102407 1.0587618152556324
24 2 15 0 43579 0.9213066756158863
10 4 16 26 89969 1.0023244582854725
29 18 6 1 140594 1.0581308357605455
10 4 10 18 50020 1.0214585450159455
9 13 4 5 44084 1.0379628236613314
6 21 20 14 78138 0.955753731037038
17 21 1 18 62963 1.0451872089190246
27 24 25 2 79379 0.9598162354197011
13 25 27 14 81083 0.9147673556196481
6 23 27 21 70681 1.0286412769981677
27 8 8 23 102305 1.0982517667401492
25 14 15 5 58510 0.9381396616899347
23 14 24 29 64371 1.006036324796654
7 4 13 25 88444 0.9393547315213372
1 12 19 0 111648 0.9188620489090819
1 10 23 28 120885 0.9873343747150557
6 27 24 4 133402 1.0855541662137582
6 19 29 12 105499 1.0738346511515402
8 16 12 22 33024 1.0366095593067184
21 26 6 9 96617 0.9670657706663052
11 22 10 6 57245 1.0120497243771478
4 12 16 13 62330 0.9446332286698569
17 7 23 17 54556 1.023780085268189
23 10 29 23 64878 0.9509554291459541
29 1 16 24 116726 1.0055434542717894
0 12 19 14 95569 0.9519248777613689
2 29 18 14 96927 0.9691886806422223
23 23 18 17 41130 1.0784362685522721
27 16 21 12 39485 0.9066160894563751
29 12 10 0 107586 1.066479617469139
10 24 0 11 72255 0.9551841094211435
2 7 7 18 53796 0.94353153573815
14 11 25 8 52027 0.9701555554036748
23 3 4 8 87378 0.9128591478598649
29 18 24 23 36097 0.9943708823790737
23 20 0 24 74758 0.9351500535038124
23 5 3 13 98321 1.0738007802765221
22 1 15 22 101610 0.9934780448166535
14 25 29 23 59340 1.0748881014552152
15 27 1 9 101122 0.988240345702234
25 3 29 12 44662 0.9072165097307907
6 28 19 8 106480 1.083471398513077
13 16 6 3 72328 0.9306862461678952
19 4 12 11 54714 1.0746382436839337
9 1 6 14 60343 1.0706464691369997
23 3 15 17 80757 0.9450138914390381
28 11 13 15 72665 1.0463734393877668
8 0 13 19 78644 0.928024492598808
27 21 1 19 95471 1.043578624924544
13 3 29 29 140009 0.9153024638186354
19 12 13 28 78401 0.953564131127687
5 19 19 12 75885 1.0098937869311295
9 3 23 17 90648 0.9446333508017594
21 11 22 28 65283 0.9802522687331184
8 1 9 11 36996 0.9506775594356123
16 19 5 12 61013 1.0625764279312906
7 12 4 25 60230 0.9197495795737464
24 10 25 28 62617 1.0985009275141886
13 7 13 18 58891 1.00126213476741
27 3 19 19 84559 1.0463901817570282
4 20 19 9 90056 0.9448668423677995
23 3 29 17 65823 0.9547184224004245
8 28 6 20 44718 0.9842689203176781
17 10 5 26 86733 1.0001425041720018
4 25 13 26 43210 1.0261129645066456
1 25 16 29 66058 0.9288144990132716
7 4 2 28 105451 0.955087355427023
8 2 17 21 87628 0.965579047232898
18 21 0 6 110520 0.9232276518822267
13 3 15 15 53427 0.907724723780578
17 12 24 16 45648 1.0139939027383877
20 21 0 18 81282 1.084005993898844
24 27 18 10 84043 1.0260878379590095
9 8 14 0 51886 1.076136603638083
1 19 28 25 95884 1.0711727023674962
12 10 26 18 83282 0.9214504682381837
26 23 16 9 83634 0.9178432606693933
4 29 20 10 115725 0.9485212680464432
15 26 20 4 100446 0.9790896568501923
7 24 21 22 46000 0.9846675785799143
9 2 12 18 57305 0.9858667444475644
29 20 8 6 113482 0.977297109408849
28 5 14 18 98961 0.9601451670504733
5 6 20 2 81764 1.0138023342507196
21 19 16 14 36613 1.038148030006072
23 8 19 2 35884 0.9595541676992186
3 9 20 20 92966 0.9283640880776333
26 27 20 19 48443 0.9733967834428963
12 24 3 28 44686 1.077186677856046
28 9 11 11 77882 1.0330330544584736
24 9 22 18 44532 1.067339395472942
19 8 1 17 86218 1.0393052652741783
26 18 16 22 51162 1.0001209597290517
13 5 12 29 99526 0.9300465631473889
1 20 4 8 47948 0.9965702233777309
15 9 3 25 89940 0.9573525947180191
19 19 10 28 54497 1.0251187553062324
19 14 23 2 62692 1.0770376687875758
17 14 20 22 44368 1.0906624133124803
18 0 0 3 84700 1.078805090027471
0 16 23 19 90764 0.9139549573528964
21 20 27 29 48710 0.9066065039222095
16 12 25 14 46045 1.0157604516955248
26 29 5 8 129687 0.9694907295630253
27 14 19 17 42030 1.0875834827026571
9 24 3 4 86181 0.912910580725447
26 12 7 29 114125 1.0055959975030597
17 5 21 18 58382 1.0152440347145835
20 5 15 24 91154 0.9588966960811298
19 23 26 28 39365 1.0003741109580044
9 28 13 16 55704 1.0084800492296415
1 9 12 2 67920 0.916834568799522
12 2 16 19 80844 0.947041333906724
15 17 3 27 70261 0.9733324830001129
7 5 16 13 68538 0.9476413137927228
3 0 6 25 100260 1.0800990553779115
6 1 0 7 46363 1.0826834463850297
4 6 1 24 66829 0.9417837823874039
24 20 1 10 109436 0.941006530594056
9 20 0 0 98350 1.023064614606235
8 8 13 28 76859 1.0842319424923346
15 7 5 13 63042 0.9785890184615715
15 0 19 21 93274 1.0242238661899128
0 25 19 15 87771 0.9358864892089616
12 7 15 17 54770 1.0476255463010788
25 29 8 28 56057 1.0921266882789633
12 26 19 2 114452 1.044152806675773
0 24 2 5 74519 0.9069278848976765
16 23 7 9 67993 0.9361093776408564
1 1 21 18 122752 1.0001495740592563
12 20 24 13 69592 1.0171279650575862
24 26 11 27 56410 0.9317631714345811
0 8 13 8 51380 1.045897391481641
20 14 18 3 57050 0.9536092951853214
8 27 22 14 84008 0.9191468221978487
17 25 24 6 89504 0.9256055189689412
8 1 17 16 79913 0.9505157157591235
7 21 22 25 55817 1.0566089835867563
12 12 13 26 64263 0.9182218313832112
23 11 16 2 57127 1.056738698625264
19 3 8 28 120724 1.0197816842656917
22 0 12 4 55418 0.9044603315794798
7 8 9 29 72501 1.0014837583338099
18 5 12 9 34294 1.0469753484023625
26 3 1 4 111829 0.9300935299249776
0 16 26 29 114795 1.090775365772279
24 19 15 27 53118 1.0634264569446716
15 27 16 12 58433 0.9181944655121983
16 6 9 29 100511 1.0183329113706887
19 12 10 1 76889 0.9174060036884538
26 28 13 6 113908 1.0617628460508068
15 0 3 13 94731 0.9020860085099551
9 8 13 22 52954 0.9601608735453374
27 3 23 22 76601 1.0476334663539895
28 29 0 18 118682 1.0046229024243367
21 26 24 18 35076 0.961620977954279
25 9 6 28 114038 1.0304957188708026
1 15 26 28 109160 1.0527945766778077
25 21 1 17 91818 0.9392351810177241
19 10 3 29 112366 0.9204804276037274
3 29 22 8 121002 0.9028090123428112
13 19 3 26 53456 1.0793522211487943
22 25 24 14 51502 0.944398995404772
18 10 10 17 50526 0.9342427403897828
21 27 3 7 117221 0.9494963677428278
17 0 13 7 47356 0.9403100951132355
16 15 29 26 80870 1.0023740094474427
20 12 29 17 53819 1.0937485149467223
21 10 7 1 81254 1.0297300037584454
29 1 23 10 56857 0.9810632873100733
25 1 8 13 96020 0.9165362651295065
6 14 27 9 105370 0.9206819630856022
27 22 13 24 51004 0.9606830148861515
13 14 5 26 63021 1.0689540483665911
25 25 16 22 37658 0.9016392349122488
0 8 25 28 136520 0.9229598585358554
11 14 27 15 75553 0.9110261254776231
0 11 24 24 113276 0.9652636242605382
14 13 0 9 72603 0.9584064788379963
15 11 1 27 106117 1.0268447206527656
15 19 8 3 71139 1.0478633801406592
6 6 21 9 65497 1.0078919461264173
11 2 17 20 88626 1.0133829778788936
0 3 12 21 96608 1.0261125512768445
28 4 23 17 64079 0.9342390492134365
25 11 17 21 61032 1.0167975965634395
28 14 20 0 77381 1.056532848943937
2 23 14 25 39917 0.9460637883964017
19 23 13 16 43559 1.0043570012191256
8 28 22 29 45856 0.9827373480803224
2 1 29 26 167792 1.022661668135634
7 12 1 28 79152 1.022477952075787
15 3 12 10 39093 1.0674285329304662
24 23 4 4 119223 0.9780091571594622
7 29 6 14 73301 1.0644490873321708
11 13 29 19 85973 0.9111959373789544
13 0 2 5 64463 1.041380795626853
17 24 25 28 44136 1.068047498139286
8 18 13 9 47397 1.0523979464183721
6 5 9 23 70547 1.04939275815197
20 0 16 25 110894 0.945945123531509
