4492 4849 4458 4466 4373 4778 4781 4371 4839 4435 4525 4755 4178 4104 4561 4168 4884 4263 4631 4324 4444 4659 4299 4516 4892 4558 4179 4851 4293
5677 6283 6228 6267 5572 5938 6027 5561 5875 5968 5827 5555 5602 5630 5703 5565 6145 6092 6061 5843 5700 5959 6187 6347 6188 5593 5786 5865 5888
8821 8138 8608 8844 8125 8221 8752 8789 8425 8463 8187 8169 8663 8494 8274 8232 8256 8596 8515 8802 8853 8290 8800 8395 8601 8230 8180 8204 8554
5583 5852 5900 6201 5780 5820 6052 5826 5630 5840 5962 5475 5999 5660 6123 5567 5564 6143 5968 6097 6027 5594 6065 5608 6143 5779 5526 5945 5522
6369 5833 6049 6114 6541 5931 6353 5913 6326 5824 5923 5850 6179 6204 6457 6239 6168 6263 6317 6196 6474 6131 6407 5890 5818 5878 6127 6327 6565
4420 4291 4375 4309 4683 4656 4205 4148 4025 4438 4220 4236 4410 4422 4343 4250 4071 4156 4072 4257 4107 4624 4410 4183 4545 4129 4277 4609 3968
1770 1347 1231 1310 1251 1822 1547 1575 1163 1437 1225 1312 1823 1214 1500 1639 1651 1529 1637 1684 1628 1885 1282 1395 1198 1361 1180 1211 1532
6821 6756 6960 6944 6872 6545 6844 6983 6954 6817 6458 7002 6299 6904 6836 6630 6805 6639 7036 6930 6814 6532 6493 6864 6985 6622 7047 6850 6532
2427 1982 2359 2048 2402 2601 2387 2682 2290 2440 1985 2160 2588 2133 2606 2442 2543 2145 2028 2172 2628 2746 2204 2629 2144 2284 2274 2756 2358
1814 2135 1723 1740 2050 1641 1784 1893 1978 1441 1493 2031 1878 1540 1654 2136 2006 1524 1715 2088 1692 1612 2180 1435 1938 1830 1648 1672 1561
6488 6510 6684 6460 6731 6488 6134 6630 6443 6825 6805 6500 6263 6633 6652 6573 6523 6505 6428 6129 6876 6197 6403 6481 6524 6545 6461 6219 6850
6154 5847 5556 5564 6106 6041 5823 6003 6093 6150 5794 5743 6079 5959 6228 5867 5840 5808 5682 6107 6174 5589 5788 5824 6044 5743 5791 5822 6234
5730 5921 6213 5623 6156 6097 6130 6021 6206 6334 6143 6065 6049 5802 5883 6330 6253 6012 5641 5922 5772 6024 6194 5780 6134 5675 5797 6357 5793
2282 2825 2335 2898 2372 2620 2492 2950 2754 2790 2625 2503 2270 2661 2880 2538 2550 2989 2742 2750 2492 2569 2377 2741 2236 3004 2356 2444 2856
4532 3969 4306 4066 4173 4368 4654 4464 4752 4153 4658 4188 4454 3978 4029 4041 4564 4082 3974 4640 4089 4329 4474 4085 4584 4057 4495 3989 4320
2071 2285 2415 1998 2214 1646 2160 2343 2259 2100 2104 2241 2027 2079 2261 2361 2360 2059 2074 2299 1693 1666 2177 2052 1977 2346 1872 1986 1888
3692 3516 3632 3279 3675 3097 3210 3625 3408 3635 3170 3309 3595 3378 3736 3569 3592 3082 3214 3490 3332 3364 3065 3729 3073 3038 3326 3623 3444
5174 5424 5152 4748 5367 4926 4959 5148 5143 5404 5400 5166 5327 5085 4954 5036 5392 4743 4877 5375 5438 5041 5259 5060 5343 5408 5121 4996 4847
8588 8665 8518 8046 8405 8345 7906 8149 8375 8272 7986 8068 8295 8185 8566 7959 8029 8579 8681 8628 8409 8482 8235 8120 8137 8297 7984 8633 7942
5409 5787 5967 5341 5375 5845 5407 5239 5813 5288 5799 5731 5627 5436 5843 5879 5597 5736 5811 5742 5503 5865 5317 5634 5822 5313 5998 5643 5827
5240 5713 5708 5441 5695 5741 5059 5523 5654 5719 5347 5433 5429 5179 5293 5323 5493 5511 5416 5224 5206 5079 4998 5711 5217 5389 5703 5628 5712
1748 1430 1471 1616 2021 1928 1740 1842 1782 1365 1487 2015 1977 1712 1739 2022 1757 1963 1344 1370 1667 1970 1574 1765 1647 2109 1583 1857 1682
1697 1940 1829 1734 1756 2005 1567 2115 1704 1686 1726 2047 1344 1864 2110 1472 1583 1346 1599 1982 2089 1420 1506 1340 1718 1433 1948 1873 1848
5082 5093 5373 5501 5057 4923 4936 5264 5577 5151 5675 5611 5052 5285 5283 4976 5315 5330 5592 5685 5024 5618 4954 5557 5700 5101 5077 5278 5633
6143 6110 5547 5758 6135 5696 6036 5717 5623 6132 5718 5721 5717 5628 5810 5912 6180 5953 6217 5676 5872 6059 6307 6163 6126 6084 5953 5966 5656
1729 1805 2181 2294 2293 1743 1698 1854 2379 2299 2240 2273 2151 2249 1752 2436 1997 1981 2198 2150 2387 2066 2182 2417 1950 1906 2156 2388 2338
5199 5225 5594 5038 5654 5562 5276 5387 5404 5632 5541 5513 5365 5598 5765 5497 5540 5617 5444 5495 5705 5637 5063 5149 5601 5300 5313 5434 5254
8348 8345 8360 7736 7958 7735 8048 8069 7998 8180 8415 8161 7817 8402 8272 7813 8190 7896 8209 7716 8016 8346 8066 8148 8073 8315 8334 7725 8018
6458 5881 5982 6019 6371 5775 5997 5972 5960 5664 5751 6146 6058 5972 6242 5737 5902 6318 6070 6020 5739 6040 5890 6175 6022 5905 6123 6398 5685
6711 6654 7105 6822 6823 6531 7278 6980 7005 6903 6945 6759 6658 6884 7059 6940 7159 7198 6790 7230 7104 6654 7217 7006 6977 6908 7100 7292 7241
5411 7241 2023 7129 5754 7347 2521 6257 7560 3067 6916 2168 4022 5481 1544 4595 8162 3412 6307 3529 4684 5129 2048 8284 8410 7592 4510 6473 4694 4515
5139 6936 1473 7401 6043 7105 1937 5735 7603 3199 7364 2174 3916 5362 1622 4909 8179 3362 5755 4154 4626 4723 2097 7972 8028 7333 4757 6003 4576 4901
4657 7491 1471 7301 5452 6734 2506 5481 7681 3051 7474 2116 3679 5567 1732 4539 8443 3735 6253 3496 4469 4850 2217 8503 7968 7397 4920 6635 4343 4310
5179 7110 1976 6887 5840 6864 1928 6261 7413 3731 7027 2082 4377 5612 2133 4475 8568 3600 5950 3552 4467 4870 1862 8524 7689 7782 4979 6543 4755 4620
5054 7085 1444 7052 5708 6598 1872 5960 7264 3087 6851 2154 3889 5575 2059 4627 8438 3434 5650 3971 5022 5232 1887 8074 8040 7539 4908 5864 4303 4339
5247 7082 2019 6627 5732 7350 1946 5879 7303 3527 7465 1824 4038 5067 2078 4446 8311 3937 5841 3653 4988 5110 2116 8331 8171 7620 4475 6006 4365 4336
4949 7123 1735 7250 5578 6850 2317 6066 7337 3484 7064 2383 3839 5176 2124 4897 8267 3553 5697 3975 4471 4735 2248 8246 7750 7573 4561 6472 4713 4210
4804 7564 2064 7057 5428 7375 2628 6192 7104 3110 6886 1810 4100 5289 1586 4699 8596 3511 6064 3957 4403 5382 2305 8241 8469 7398 4911 6000 4497 4885
4886 7101 2145 7074 5566 6794 1980 6189 7347 3603 7610 1951 4194 5099 1931 4700 8651 3465 5692 3483 4703 4734 2400 7850 8192 7257 4822 6085 4764 4909
4761 7577 1804 7170 5644 7114 2336 5554 7385 3720 6984 1968 4277 5146 2187 4748 8276 3765 6365 4155 4850 5381 2005 7837 7879 7874 5021 6476 4483 4826
5343 7626 1917 6621 5740 6826 1967 6050 7616 3543 7405 2042 4175 5466 1681 4745 8555 3650 6019 4042 4411 5300 1771 8141 8262 7483 4724 6209 4639 4976
5022 7423 1954 7213 5681 6682 2281 5859 7641 3414 7251 2218 3684 5520 2187 4322 8088 3736 6012 3593 4544 5071 2017 8413 7964 7878 4468 6464 4758 4328
4937 7423 2059 6926 6034 7378 1860 6177 7663 3255 7395 2388 3850 5143 2117 4709 8579 3353 6083 3745 4805 4821 1907 7875 7696 7922 4616 5862 4356 4548
5134 7238 1471 7080 5448 6610 2119 6262 7006 3069 7276 2259 4145 5405 1833 5021 8216 3574 6177 3580 4643 4881 2098 8174 8246 7853 4878 6231 4788 4294
4677 7410 1934 6793 5995 7054 2514 5535 7002 3231 6942 1934 4051 5444 2126 4501 8239 3902 6084 3404 4636 5483 2399 8134 7930 7290 4957 6404 4193 4923
5309 7326 1971 7300 6137 6776 2015 5923 7561 3470 7180 2213 3718 5677 1573 4770 8061 3466 5914 3889 4711 4889 2289 8436 7979 7388 4736 6107 4134 4591
5337 6939 1487 6909 5739 6692 2229 5881 7183 3065 6888 1998 3646 5665 1586 4458 8514 3695 6418 3866 4838 4734 1969 8097 8471 7535 4898 6050 4751 4702
4809 7647 1772 6709 5547 6619 2195 6261 7408 3134 7058 2374 3704 5683 1985 4773 8606 3731 6271 3947 4428 4925 1967 8403 8141 7471 4945 6380 4219 4424
5027 7393 1751 6620 5514 7201 1890 6061 7135 3714 7613 2144 3635 5104 1827 4829 8103 3667 5786 3631 5013 5419 2071 8300 8242 7826 4902 6441 4841 4981
5414 7647 1810 7118 6154 7054 2305 5947 7592 3183 7245 2119 3651 5108 1706 4732 8084 3382 6350 3765 4960 4738 2358 8450 8289 7558 5226 5870 4275 4746
4648 7278 1539 6745 6101 7205 2262 5604 7689 3556 7583 1692 4065 5435 2152 4510 8679 3811 5993 3698 4780 5048 2307 7981 8396 7293 5129 6433 4641 4200
4720 7093 1653 6894 6044 7211 2378 6243 7384 3653 6899 2012 3719 5222 2159 4732 7981 3825 5928 4156 5013 5070 2133 8404 8416 7959 5237 6308 4433 4752
5271 7517 1475 7057 5803 7377 2406 6077 7357 3064 7034 1815 4351 5153 1915 4755 8358 3784 5997 4151 5149 4741 1802 8565 8245 7487 4828 6145 4184 4245
4999 6995 1719 7239 5769 7241 2623 5797 7342 3513 7346 1668 4368 5679 2284 4513 8357 3346 6267 3858 4650 5249 2111 8451 8079 7579 4675 6456 4710 4973
4626 7456 1865 7021 5994 7254 1952 5917 7196 3680 6898 2150 4244 5654 1566 4994 8432 3206 6012 3832 4460 5052 2299 8390 8250 7259 4953 6052 4200 4624
4848 6909 2094 7134 5998 6998 2310 5481 7244 3747 7242 2428 3819 5114 2268 4639 8548 3794 5741 3408 4644 5182 1921 8468 7753 7758 5219 6601 4580 4938
5198 6905 2009 6986 5815 6967 2060 5734 7028 3310 6988 1658 3601 5140 2027 4735 8558 3554 6147 3540 4802 4838 2318 7878 8125 7977 4647 6288 4251 4229
5408 6878 1670 6791 5604 7184 2088 5872 7750 3414 7405 1910 4096 5099 1733 4965 8073 3286 6054 3501 4893 4762 2190 8576 8447 7903 5158 6425 4490 4772
4673 7488 1623 6615 5468 6638 2124 5488 7484 3226 7001 2173 3914 5621 1917 4579 8124 3182 6400 4126 4358 4766 1770 8268 7691 7717 4710 6225 4317 4335
12 19 25 17 46341 0.9815950248075967
23 24 13 25 38036 0.9282479103216628
17 14 11 29 51319 1.0673253224619
15 5 21 19 37287 1.0546816935936465
17 0 20 27 67369 0.9751029891624698
29 14 12 20 51911 1.0770239550768
4 26 25 20 59528 0.9250684938067565
20 10 17 3 33372 1.0815217856304005
6 28 19 10 58610 0.9330700221573313
27 13 14 12 39413 1.0142735461062755
11 8 24 9 46911 0.9883757241468542
22 9 0 26 83072 0.9184908654276938
3 16 17 1 60835 0.9707597761896863
8 3 4 15 33641 1.059867811653815
1 5 19 2 45805 1.0542500009654554
1 28 25 13 81896 1.0111525270232071
4 10 15 8 35317 0.9914832455573225
29 4 9 16 71879 0.9080369168007738
3 12 10 27 50916 0.9144420319600437
19 6 23 19 32311 1.0219781228013538
27 8 9 14 55601 0.9492569530693542
15 1 6 29 58590 0.9950291581972818
21 27 26 6 47756 0.9962791992653168
29 0 18 21 75496 0.9756075186573682
4 2 25 13 58197 1.0926312995919654
11 25 28 29 76659 0.9478614670537924
3 17 12 24 44054 0.9451343391011654
2 24 15 26 52979 1.0824725836016764
22 11 17 4 29173 1.0926276016172423
29 2 15 25 68063 1.0110781784814582
16 1 4 18 57290 0.9821927012683872
26 7 21 13 25890 0.9132828684984831
18 27 0 3 93000 1.0209781944100595
8 18 15 25 29306 0.9640662699847612
21 29 2 1 86608 1.0388442303590466
5 12 26 5 62290 0.978381327695739
10 16 9 27 27944 0.9850026249899929
13 1 19 25 71185 1.012708896449019
23 14 15 28 43020 1.0849622771020044
8 28 9 8 40255 0.9983934239025056
19 28 26 19 37807 0.9008407968316505
13 16 0 19 49542 1.0085994585773386
15 16 22 11 22865 1.0236375280064423
24 6 16 20 50195 1.0181889498850072
8 29 26 11 70035 1.097778168454518
3 3 21 3 40223 1.0333464856802823
27 5 15 0 42014 1.0794027151040544
20 16 8 17 40685 0.9460521958019539
1 24 7 4 55813 0.9501512066694043
1 5 16 16 54073 0.9168543179367112
22 5 1 28 89940 1.0317235114290289
26 20 20 5 46409 1.0349489199996924
4 10 11 6 27951 1.013633659703519
27 27 1 2 99366 1.0088923768793456
25 4 13 27 70976 0.9135197433263175
19 15 7 4 50533 0.92318195703455
22 12 13 26 46758 0.9720640239092271
22 18 18 25 36886 1.0130166788877766
17 19 20 8 41632 0.9312969326225685
7 16 4 8 31357 0.9474137616229644
2 8 9 11 30627 0.9790994148187446
24 9 15 25 50145 1.0493835408420025
11 16 22 29 56956 0.9100050468231956
23 2 10 18 59474 1.0454976543607906
15 3 17 20 46134 1.0449573017531604
4 16 29 17 73338 0.9917613242396138
24 11 21 25 29458 1.0996579478077813
12 4 12 14 34188 0.9998760819213468
6 28 19 5 66252 0.9768474556015612
0 23 24 3 84396 1.0552357847873544
20 27 5 14 59622 1.00038453511142
29 0 25 13 44166 1.0208526685546635
22 4 11 8 39635 1.0625619012815464
8 12 11 23 30643 0.9557593729138236
20 27 11 10 60712 0.9984614922252167
8 5 21 14 41579 0.9671450429232449
2 9 15 8 41474 1.0333527989719757
28 24 1 3 100588 0.9444173337095008
12 5 1 12 42458 0.921013613479568
16 5 13 24 48813 1.0555235120109159
21 1 9 20 55214 1.0803983774467727
11 7 4 12 33237 0.9841223147198721
28 8 29 29 78221 1.0525922039204136
3 14 27 21 67716 1.017392090006684
9 9 25 23 55497 1.063270156763592
13 0 14 26 64380 1.0234384062626547
10 25 29 5 89120 1.005258223836578
7 23 17 14 40915 0.9586509012535565
6 20 20 6 51572 1.0210587602967458
17 4 20 16 44437 1.061173883649972
10 24 25 7 70700 1.0720257361246275
2 2 26 1 48354 1.0990044957071283
7 23 25 25 51250 0.9467002064473529
4 14 29 20 71853 0.951593050520195
25 7 14 20 50698 0.9186130907398787
24 6 17 15 33865 1.020219565011825
6 6 19 17 50609 0.9283133867723055
4 15 7 3 33502 0.9210687863282978
15 19 15 9 21666 0.9033488660542193
15 17 20 10 29524 0.9347181603724767
19 16 22 7 30225 1.0203550375525245
11 26 23 28 53035 1.0255475234185818
0 17 13 25 51850 1.0404086944454898
16 20 14 10 31064 0.9245766322706619
8 17 18 18 43620 1.0045795927862697
1 24 12 16 55701 0.9067863314497692
10 14 27 17 42230 0.9343211874756975
20 14 6 2 43359 1.0580334360771897
12 2 2 1 26667 0.9197344121388537
4 7 16 6 32188 1.0900953397248188
10 8 21 2 39685 1.0107471923310518
28 20 20 28 41729 1.0719122133704095
8 17 25 24 50198 0.9289228224259659
3 1 29 8 76767 0.9584160197014109
16 9 10 0 38354 1.092673214947999
4 27 22 27 60475 0.9290853641646534
29 23 4 15 76562 0.9055503948116591
2 16 5 2 43437 0.958710659025272
4 22 28 16 71688 0.9424986518450006
18 25 8 17 51455 1.0329121552952545
28 5 12 28 85973 0.9037086538470965
26 9 27 22 36165 0.9456658847745489
10 8 29 27 97967 1.0829171241894926
18 20 9 13 41062 1.0994018740893652
14 17 23 13 30889 0.9901583272142317
8 13 10 4 24623 1.0669692326610036
0 16 21 26 69425 0.900146621183611
11 19 26 15 50140 0.953830080178858
15 16 26 6 40954 1.0105348952395463
19 19 23 9 30178 0.9201355697424213
17 9 5 11 31516 0.903263059090556
20 3 7 25 73093 0.9639369223512074
29 1 22 5 24428 1.0411551864827928
17 5 1 3 49137 1.0840415074115788
25 21 16 14 32081 1.0092464379092811
5 21 1 29 38405 1.0221746661056437
28 11 17 29 63186 1.0540693322566819
29 27 21 3 76150 0.9248732842525847
7 22 2 3 47829 0.906919867686438
17 21 1 10 62090 1.030003904278186
6 2 19 27 80324 1.0828854965898873
19 4 14 22 56034 0.9805440198750006
10 9 15 3 28310 0.9278556686134207
7 12 23 1 53346 0.9062392218749831
22 15 26 8 26688 0.918792494125558
16 5 2 27 81027 1.0127125343038619
7 2 9 29 50977 0.9316845486120412
24 23 11 15 51300 0.9225776250110194
7 3 11 14 32438 1.0935458677389176
2 24 5 15 41376 1.0627689166639898
19 29 7 22 49898 0.944525885356521
15 9 4 7 36935 0.9256738566800122
24 28 1 8 92554 1.0736672278200297
7 16 3 6 28448 1.007155291763599
26 19 3 24 68005 0.921295524339301
24 5 20 28 55688 0.942417800555766
10 11 29 0 66106 1.064633835880983
5 21 16 0 59550 1.0002420345744603
22 4 20 14 22125 0.902369542937236
1 15 16 18 46629 0.9345002481249473
1 8 22 5 59058 0.9059567052303884
19 16 24 0 51408 0.9800828559373435
17 25 0 16 71853 1.0537939572737485
27 0 15 3 33037 0.9170971638907255
16 18 23 28 40207 1.0834376662276795
10 29 1 9 60764 1.0135638359188688
7 9 17 26 59745 0.923766292218514
1 22 11 4 56628 1.0686717629229987
26 4 11 18 68880 0.9376434845047099
5 8 23 22 60726 1.0176871743410938
7 29 19 11 58553 0.9689684604662651
27 6 12 25 73872 0.989929472741687
9 28 24 13 60076 1.030497180831311
1 12 15 15 40287 1.0211451596229797
16 21 27 23 34686 1.0077960196919997
2 29 4 8 59868 1.0822065433946149
27 8 11 28 87946 1.0730877275633275
24 28 21 0 58010 1.0299043081656853
14 29 26 16 60643 1.0462856694469027
29 25 25 1 73825 0.9117743025822146
18 21 8 3 63917 1.0540250854325675
8 27 4 5 50286 0.9301542616898413
28 15 4 21 70405 1.086623569538471
2 23 25 1 82875 1.019713968068788
13 9 5 16 34720 0.9323151407058957
4 6 7 23 37008 1.0218655411024007
4 6 18 5 38604 1.0077250313428112
20 6 27 3 28473 1.0890803337862616
25 3 27 29 64944 0.9594590050365368
0 26 25 15 81922 0.9688473787470805
22 15 3 3 61119 0.9683571673141378
11 11 29 8 54225 1.005959539249318
29 3 18 23 70972 1.0941890288626976
4 3 22 13 57580 1.0566410656510503
20 18 7 3 65004 1.0077148867427599
23 14 4 15 43248 0.9071155733580547
29 19 7 12 66575 1.02542966393303
14 5 4 6 25674 1.035634409881412
13 26 12 1 65273 1.0956665786878383
3 20 27 15 71768 1.0003189840974578
14 1 1 1 33784 1.0985842202467475
12 12 22 26 45326 0.9374377406798997
18 2 4 10 44650 1.0009930310913182
24 24 5 29 64122 0.9461351245078097
6 5 19 29 76714 1.0206341242821226
16 7 13 23 44701 1.091475081267259
22 25 11 2 58432 1.0560891295732273
25 26 24 3 55916 1.0321591568611321
23 3 29 10 42097 1.084352561392113
1 27 3 5 71076 1.021050555525102
17 17 1 13 47169 1.0345853250243586
13 8 12 19 33047 0.9275575697067794
12 29 20 6 70034 1.0050977212849372
16 13 29 28 65243 0.9678261878986357
21 17 29 9 36801 1.056218541589498
8 29 14 1 65966 1.0580166044842778
14 8 3 29 67952 0.9873983677606645
3 9 20 22 60275 1.0150473204173838
18 9 11 12 28103 0.9476762749901104
20 3 13 8 32847 1.0035620209901253
26 5 26 29 62257 0.9810367591583063
14 19 27 12 45092 1.0554804456554066
5 23 4 5 40724 0.9248370012980964
13 25 23 4 64163 1.0976045929640277
13 4 12 24 59668 1.0128930378297365
8 24 22 26 40521 1.0678587595060178
28 29 19 27 47964 0.9381515084416938
28 12 14 11 34261 0.9055975059141224
6 27 1 3 51090 0.9873174160448319
27 21 8 25 54966 0.905353030155296
25 23 2 21 58947 1.0658443431630933
14 14 28 26 58406 0.9129518872612669
26 5 17 10 39176 1.0261479524127288
12 26 12 7 61214 0.9266589178283691
10 28 8 11 37013 0.9237846750858014
14 13 5 26 42488 1.0613897779479957
5 6 17 29 69098 0.9879666465651427
24 22 15 27 29431 0.9937050820958151
28 10 26 18 32327 1.0657145997034667
5 23 17 29 49267 1.000707175334653
8 14 22 20 37142 1.0885241472159366
19 13 16 25 41336 0.9246785705587265
16 20 16 7 39179 1.0989055252312319
3 8 15 1 42606 0.9087554195966212
2 14 12 8 38312 1.0955806018947303
21 0 18 18 48367 1.0616433128651122
20 0 25 8 26601 0.9750178631707211
8 26 11 19 25250 0.9665310413582756
2 5 15 2 39170 1.0919966121523512
21 1 13 22 53676 1.0571269782347608
17 24 11 19 34223 0.9044228859637837
7 3 25 5 46118 1.046580455960113
3 7 11 22 46938 0.9488440268256622
25 21 4 19 55343 0.9891305975641508
12 3 7 18 46758 1.0223623986532657
23 2 22 22 36453 1.051801186535018
26 5 26 17 34994 0.9229501054671593
19 2 28 26 69160 0.909141249223117
17 20 27 12 48985 0.9818645060953517
2 18 21 1 73845 1.0568736452099587
5 4 22 25 69026 0.9109628618065505
12 13 11 27 48000 0.9939967488590213
1 10 25 8 62233 0.9156479671718296
11 19 4 15 33446 1.0537224230595499
9 2 15 22 47816 1.0524633567638295
21 28 13 11 45736 0.979416014487245
15 12 3 21 46490 0.9264156565903906
23 5 3 2 47201 0.9538212551513471
0 18 8 4 50288 0.9054471948097145
18 16 9 17 38772 1.090950258241678
16 25 14 11 37210 0.9395102891922147
13 28 4 26 43984 0.9605601011093958
19 13 28 11 28176 1.041931070294294
5 24 4 15 31435 0.9417218785817774
6 7 28 17 63093 0.9177241154923773
19 8 3 20 70819 0.9643336872210264
3 15 25 5 65930 0.9285181490886872
28 19 13 19 50666 0.9917068422506049
0 26 24 12 86332 1.0020279940381385
9 14 12 5 26719 1.0584387539494058
28 1 23 15 44955 0.9335286889994112
7 29 6 17 21732 0.9375715354518855
22 14 25 0 29970 0.9423887270817353
25 13 5 18 50934 1.0849844290245605
3 25 12 16 56669 1.003313662346827
27 20 29 5 54216 0.9905901763030707
24 3 0 17 79498 0.9974357464567428
24 7 4 23 78683 1.0911550129466956
5 14 22 24 49285 0.9623607260401428
8 27 16 10 52003 1.0261895249130877
14 19 28 24 48862 1.077136383122168
25 10 16 1 35328 0.904442302899203
12 8 19 29 71240 1.0659044722605342
20 10 8 13 35703 1.0082869939628016
8 16 19 10 39765 1.0293084592005033
7 27 11 20 32406 1.0866530105791739
24 13 13 20 43223 0.9853749761414756
1 2 28 23 88185 1.0367373753068028
16 5 13 26 54053 1.0453056375715757
20 11 16 27 48131 0.9966550823243222
4 15 12 28 52262 1.0237722007930379
1 3 18 27 92747 0.9652213854700016
22 22 16 28 31638 1.0252125336988045
27 20 15 12 44819 1.099074938672071
13 29 11 13 49787 0.9541751316726832
18 15 29 8 52539 1.0708226371100162
9 20 25 21 38873 1.0863210459362702
8 12 17 15 26896 0.9608690223683287
15 26 24 8 58114 0.9354019336365228
26 15 7 6 55921 0.9260251313681318
7 5 13 16 38781 0.9728327473279803
5 9 17 10 34753 1.0408940308137222
16 6 22 0 23207 0.982827024628122
18 4 12 14 43462 1.0926844884992328
13 25 7 17 30661 0.9458343484506899
2 23 9 14 35676 1.01188125005301
29 10 18 3 51629 1.0194442539854307
27 13 18 8 44003 1.0766639300085186
20 4 13 1 25748 0.9686464167434927
21 0 17 26 65263 0.9071633001574984
6 26 5 11 24562 0.9510891756337205
27 4 22 19 44993 0.9748599258630337
12 28 23 27 52649 0.9816908993289228
24 28 23 2 55165 1.0860216286853481
29 4 5 16 82554 1.0084882852683386
12 22 21 25 24351 0.9687659437549203
23 17 1 21 62602 0.9620616336242717
4 2 6 17 25163 1.0841623273118512
3 16 4 2 38333 0.9333103755319807
13 5 28 29 84721 0.9578639500871589
1 4 14 19 64087 0.9530970165909816
19 21 3 26 52909 1.0759933298518816
6 27 15 17 35357 0.9280540418797335
22 27 3 16 67087 0.989870142012056
19 16 17 26 48133 1.0171886309315137
20 5 0 19 77984 0.9623303539771673
6 6 20 22 54215 1.0870719443612757
7 25 13 21 27044 1.0731342992010529
29 5 9 24 79308 1.064216426431073
8 11 6 3 15523 1.0457179555747318
22 16 10 9 40804 0.949592466589654
18 21 11 15 44146 1.011801387220245
10 13 24 11 38303 0.9812741738575504
17 22 22 15 22327 1.0762471174608217
19 20 15 27 30088 1.0855637177023618
3 12 26 16 63754 0.9028028151965187
12 26 16 17 32728 1.0618291492269099
20 0 22 15 32455 0.985478571251014
22 15 11 23 40794 1.0964909059965096
2 28 13 6 65211 0.9155096005888236
21 17 11 18 41171 0.9794118214377137
22 26 5 0 75632 0.954346748094043
21 17 15 2 36804 1.006971433287201
17 3 20 21 49890 0.920356315152577
4 18 4 7 39277 0.9600206697246287
26 27 15 29 52816 1.092845247113343
26 9 8 2 48515 1.0202866024245214
26 22 0 5 81278 1.0632837277117595
11 11 28 17 50718 0.9136596825874856
3 10 11 5 36238 1.0202378644261325
28 9 19 12 32197 1.0022211621894637
9 9 24 15 43511 1.0176784742042575
8 5 3 10 26515 0.9937631789434175
23 27 20 0 58036 1.0901616956754614
9 3 27 16 69292 1.0430289994818782
11 19 22 4 55798 1.092424196845417
19 13 16 26 42468 0.9275535385058558
24 4 0 12 73399 1.0232093922640786
15 25 18 14 28123 1.0018134304039925
21 3 1 28 88916 1.0719519431436493
10 2 22 8 32324 0.9979792564320882
22 19 10 9 45332 0.9112021397367853
2 21 18 11 59349 0.9840977339402315
3 0 29 12 82112 0.9105864375086394
4 13 21 8 49280 0.9207489074869968
28 29 2 19 89601 1.0553217839883842
7 3 5 17 31656 0.9820568161664451
3 23 1 3 56604 1.014386590950648
12 7 19 28 71948 0.9554128245312972
2 13 20 23 64413 0.9597989831866766
15 5 20 10 28807 1.0875497354165715
18 8 22 15 31057 0.9656967218114251
14 23 28 26 51658 1.0076630490980574
4 23 8 9 36530 0.9476810055409794
20 12 9 2 42801 0.9624740210648896
4 13 21 12 42631 0.9274068009024102
25 8 20 25 45819 1.0563508933052683
24 16 3 26 75588 0.9732922575014423
12 4 1 23 66577 1.0861397719674715
4 0 0 14 41496 0.9674111709162592
22 3 26 9 22154 0.9564796977714058
1 17 16 18 54160 0.937328726608988
8 19 2 10 36186 0.9928661830642961
24 27 2 21 71099 1.0637328183374581
26 12 16 1 40864 1.0491410013192923
0 15 7 18 27745 0.9456338115074974
9 2 6 28 43634 1.0498727804216899
11 13 10 22 26259 1.079469210600635
28 1 29 16 59252 0.9009107220003982
22 25 23 14 20080 0.9182060348583435
18 3 7 6 36649 0.9885770572152046
3 17 13 5 45046 1.0926254857922717
25 27 17 21 32700 0.991120688462046
26 6 24 21 39406 1.0803374169486142
23 18 1 3 74789 1.080964514689527
16 7 8 10 30000 0.9439112178412455
2 15 5 6 29518 0.9969368537757228
1 27 14 1 84242 1.077330611826096
16 28 27 16 64170 0.930091544810474
16 12 1 8 49607 1.0971620924674268
3 2 29 6 56657 0.9988203950436509
0 22 28 10 78775 1.0088947090261422
5 23 13 26 31537 0.9135867495742194
14 25 0 10 64367 1.0379153051973744
27 5 15 0 42014 1.0297997522791231
15 15 29 17 41015 0.9719915719569313
1 19 12 7 57717 0.9772341374094321
22 17 18 24 33660 1.0496755596573786
29 8 26 20 49072 0.9843811793103241
12 14 1 17 34554 0.971795562480527
11 1 28 14 57907 1.025726189553643
22 17 5 14 38003 0.9831261272556618
6 8 25 21 59600 1.012652836267954
10 17 28 29 75175 1.0061200868036
7 16 16 8 44915 1.0017145337123101
15 26 27 18 50547 1.0807642247651783
10 10 6 2 26619 1.0497929369299235
6 11 3 2 18000 1.0964303217856455
10 4 20 28 75341 1.033501748664327
10 18 25 13 46818 0.9775456743729632
29 16 17 16 47528 0.9148605380843612
6 14 22 9 39427 0.929578523086187
5 27 12 4 62633 0.9635299308550962
5 9 7 18 22554 0.9536399011978028
28 4 5 10 69763 1.0685505785200875
28 24 17 22 35542 1.013389166275649
26 2 11 20 70348 1.0482091436396754
24 0 15 10 42337 0.9694563521056389
14 6 8 24 46261 0.9749665947912123
7 12 5 26 29740 0.9786064707766078
13 0 14 19 48617 0.9964234405365032
23 15 28 5 38509 0.9383656355593419
4 24 11 16 45139 1.022760561880441
16 10 20 22 35340 0.9973869970059397
2 22 16 24 36315 0.9623901251292877
17 13 28 3 52178 1.0947165665870955
27 9 3 7 67043 0.9651477099632501
11 20 25 10 55873 1.0846484820467968
8 12 26 19 51308 1.0755804676160885
10 27 7 14 33451 1.012448860622237
15 24 5 24 34088 1.0631405900749842
9 23 4 14 26385 1.0270005404617093
1 24 10 15 47187 0.9610985274621764
0 7 4 21 50397 0.9691377276677978
11 0 14 18 59023 1.085995444667637
0 15 15 6 47027 1.0604791657644268
14 4 16 26 57229 0.9267030452176327
26 21 19 27 36574 1.038448577980213
13 16 27 18 48184 1.0089019384435145
26 23 14 3 65886 1.0385216830189445
27 21 13 11 54214 1.008947140102893
18 21 1 12 66743 1.0067155613371976
1 25 21 20 64649 1.001140713050511
27 23 5 11 69051 1.01607889457543
5 29 7 17 25411 1.0953299140923418
2 21 12 20 40371 0.9629312395552213
27 4 16 6 36089 1.0239372955706958
6 15 10 24 30100 0.9299237042105845
28 12 3 15 64834 1.004227554442551
23 7 19 22 38962 0.9517196708219482
20 17 18 2 35385 0.9702591738105525
24 8 11 17 52871 0.9081698734370632
5 19 27 16 67073 0.9300948401910453
19 4 8 12 45326 0.9183576489698212
21 28 17 18 35460 0.9129184337917089
29 1 3 21 89697 0.985274475554623
15 1 20 22 49710 1.0208684078392158
4 3 15 3 29010 0.9356743072154361
12 22 23 27 35588 0.9673845700735928
13 8 24 24 61681 0.9208888052107514
1 16 10 8 43682 1.00973698586064
26 10 16 24 52057 1.0189234440888177
0 8 13 27 71148 0.9944650575094376
22 22 7 1 68554 1.0584852896819077
8 9 11 27 47968 0.9130234492238365
5 6 28 18 72904 1.0589919827523973
24 13 24 2 30924 1.0984264905075143
15 26 2 7 69117 0.9028468800273799
16 2 5 2 21073 0.9685601396665913
6 6 8 26 38263 1.0746115817759914
4 28 13 27 43322 0.9625238115124465
5 23 0 18 32579 1.0507810728332605
26 20 7 4 73630 1.0844557556966796
17 0 9 3 26918 0.9961938703680632
22 9 12 0 38142 1.0999915409945287
16 28 29 0 91766 0.9638432300475924
18 24 26 10 57682 1.0065352419868123
3 20 7 28 29826 0.9697643099159439
28 1 3 28 96892 1.0329096073850732
25 11 5 18 53808 1.074368862758929
2 10 26 23 78269 1.0619298295342885
17 13 24 8 35781 0.9849645704990404
28 16 28 3 55416 0.97818648427953
22 12 10 28 57940 0.9207958490057874
1 5 4 22 44579 0.9336978685322636
12 1 19 12 45084 0.9240331267917288
12 25 23 27 48957 1.05324677049266
7 27 2 19 32757 0.9959720599517761
18 2 7 27 65264 0.9396968913431025
15 4 10 26 57806 0.9399528033381849
9 25 10 1 49486 0.9638811138177341
1 8 23 19 72502 1.0475013333566474
3 29 5 4 55708 1.0745005677290065
21 17 12 25 41048 0.9815103986807759
11 5 20 8 36031 0.9433367235563914
1 9 16 3 49180 1.0815399737361682
23 16 17 6 35976 0.932282932077786
10 17 10 0 39463 0.9659089693051098
13 28 27 29 64874 0.9595456042672964
21 20 27 25 34266 1.0396777966496293
9 18 12 3 40400 0.9381647278860236
23 13 0 21 67816 0.9500510650296357
9 15 28 22 52705 0.9447757732827713
2 0 20 27 95985 1.0672099275023919
19 21 4 2 66799 0.9884135852265714
18 26 7 0 80372 1.087044107167515
29 16 2 10 79181 0.9638196935871164
10 15 18 5 48301 0.9899338505324204
23 10 4 26 71277 1.038354066633007
15 16 12 28 36162 1.0249059803701361
21 15 28 2 35180 1.0262494765751538
26 5 29 14 32960 1.0454535514898997
28 9 6 10 55373 1.0628299420692249
28 10 19 22 43034 1.0357284810865153
28 22 22 17 21077 1.0138855949466978
0 9 17 8 56313 0.9906891842972997
3 27 13 4 69639 1.0387109749734216
24 14 6 26 53348 0.9626607540177239
26 23 28 0 67717 1.0683134476950449
19 28 3 26 69103 1.0511159177396117
29 0 18 6 40966 0.9162412991303139
0 29 3 6 66375 1.040325524411443
18 1 27 21 66970 0.9178339909184897
29 3 13 8 49891 0.9935556876532715
29 10 20 27 56847 1.02694497911505
20 21 13 7 49398 1.0751070249121029
28 29 18 4 85873 1.0280004966006209
17 3 23 8 32040 0.9449601362813267
5 21 4 7 37845 1.0295785099299402
10 15 22 2 50034 0.9809002979081931
6 21 19 24 40282 1.0243849081728977
16 21 3 16 49701 1.0196587940230604
2 0 26 19 88738 1.0197429201099752
4 3 1 17 49280 1.0439934972877474
4 28 0 21 33181 0.9946427580938337
0 25 28 19 83442 0.9000780873525648
26 14 8 22 49979 1.0298259249822046
15 22 20 15 29564 1.0882046939394445
7 0 24 10 59292 1.0944049168225398
12 28 25 27 55928 0.9803121114141703
3 3 0 23 57928 1.0061290232372906
11 9 24 11 34312 1.0031184858095832
1 23 11 28 43144 0.9843610329935331
27 26 14 16 57884 1.0871606724944305
27 16 20 10 39010 1.000598497455161
3 22 4 3 45440 1.060168376330586
21 19 28 25 37868 0.9985446185953513
20 3 2 5 53669 0.9799685790557121
27 7 12 29 86629 0.9498608376556161
18 2 22 14 27619 1.0309098606283773
1 12 20 29 79104 1.020548558804573
4 13 17 25 62297 0.9349707005613258
6 29 19 25 53378 1.0627154930526457
6 7 17 3 32854 1.0228994739300832
10 29 23 26 55206 1.059843140527962
24 20 1 19 71575 0.9433470021628346
24 10 7 19 56050 0.9664068929312476
6 22 11 8 39936 1.0062283729285881
17 9 6 9 32354 1.0934196970063192
20 20 1 25 68990 0.9549285046198832
4 26 2 7 56072 0.9972717855248275
20 1 18 17 44586 1.0873792973047935
6 16 15 19 32026 1.0126303493028126
3 5 15 19 51749 0.9832935870170886
29 23 4 8 85940 1.0096145829627248
27 19 8 14 50127 1.0525925047435503
1 21 4 7 50758 0.9665157160207543
3 13 10 25 45425 1.0370985941313902
28 27 4 24 86358 1.0249173688235733
2 7 11 14 37809 0.9646207504009201
22 15 4 29 63569 1.072913332810789
25 29 17 11 50746 0.9482772352019173
3 17 12 14 27457 0.947233011110898
19 0 23 24 60451 1.0889669186914448
29 10 10 3 64360 1.0933578264460546
14 28 7 1 73094 1.010825653230007
21 2 18 9 22853 0.998756071462835
22 26 2 10 71070 0.9224617801642893
2 17 10 3 50318 0.9120715454114063
6 17 0 2 32106 0.910925093203194
2 7 16 17 56520 1.0764671529102936
0 17 8 29 48097 0.9369841644191138
20 26 25 11 38846 0.9570570255813756
1 22 27 25 72919 0.9393097967460834
18 8 15 20 42009 0.9622061499165443
24 8 15 11 30164 1.0088160609009087
5 3 16 21 60074 1.0666369625343313
3 26 6 2 49661 1.0011035399971295
14 22 10 11 31642 1.0223073583275855
18 3 25 11 36515 0.9697993971231494
26 11 10 4 53346 1.0091954648963148
26 3 9 20 68184 0.9869990593209397
16 12 4 16 42408 0.9541297918704792
9 7 11 25 47591 0.9050671594175197
20 6 9 19 46784 0.9315465715391134
4 4 13 19 53321 1.0137819707785782
21 5 7 18 56278 0.9743672605952666
10 18 27 22 51214 1.017716164697124
6 17 18 2 44013 0.9306905881414785
16 10 22 21 32945 1.0814106681616291
10 24 22 26 44167 1.0606139080898838
3 28 4 3 60625 1.0036103257804285
17 1 20 13 36975 0.9845061250749014
22 3 15 18 41577 1.0417589419609303
10 1 10 28 59119 1.0412260531237119
16 26 21 4 55278 1.0486609803244664
3 4 12 17 51230 1.0127002584883427
7 9 5 19 22104 0.9214529737541662
4 5 15 29 67608 0.9971952212961903
24 29 23 7 53048 0.969852044004308
3 23 11 25 39793 0.9623150016581865
25 22 24 6 36062 0.9076138716988896
1 29 16 1 84298 0.9543340477933282
3 6 12 5 25352 0.9639886089207328
5 0 6 15 26774 1.0968529260530175
15 23 24 24 33654 1.0171674625655025
29 26 18 28 55562 1.029539055090911
21 13 4 16 47125 0.9802811771740335
2 19 21 11 56933 0.9329916756566667
10 18 18 11 38528 1.0285193924526155
3 22 17 0 67067 0.9976738320523981
7 4 18 18 62876 1.0275603844172956
29 12 13 17 50510 0.9802621107420708
7 22 2 15 31677 1.0667016717170137
2 21 13 18 41515 1.0729648594384509
27 27 7 18 73970 0.9651785468853316
8 10 5 2 20758 0.9995848955982938
21 20 11 11 36170 0.9704796449912063
16 11 11 28 54102 1.069410291890758
2 15 22 29 72303 0.9216219599082268
2 20 27 10 82735 0.9374497370787571
12 8 7 20 44359 0.9531456715552954
20 7 28 25 63676 1.0166961164193786
1 12 6 17 25044 0.9888737861813816
25 12 23 0 32936 0.9636289090067148
17 23 28 2 61235 0.9717080578297119
17 29 28 6 73794 0.9293789700341313
14 22 0 0 66523 1.0833897548847549
21 17 3 25 64106 0.9119439269529821
19 16 29 22 37648 0.9030456830007928
6 23 2 9 34842 0.9375574549851389
12 10 3 25 59698 1.0300463448703012
10 0 20 7 43815 0.9313851063394535
0 14 15 24 47662 1.0225630406385267
12 3 29 18 77490 0.9592799891372509
0 23 13 12 48423 1.0297881653058458
19 21 17 3 54628 0.9438092988839671
3 4 1 18 57592 1.0248634157693548
0 3 1 26 74202 0.9843120671243772
26 12 21 7 20213 0.9101561630635904
17 26 19 4 70836 1.080703791319249
4 17 11 29 44753 0.9545611146684391
0 18 16 24 58518 0.9145118692701645
22 24 6 14 47207 1.0747314791591656
19 5 25 11 26273 0.9213232136873408
29 13 19 6 40644 0.9848992020696109
28 22 8 17 52028 1.0695960138039062
12 5 25 26 69237 1.056041806578112
29 26 14 26 63004 1.0229375085599135
0 27 15 15 67857 1.017550964818982
22 26 16 10 40362 0.9116850377719815
21 13 4 26 58085 1.0165235607756684
16 22 17 8 41291 0.9641036781277877
8 5 6 23 33277 1.0619587854323544
18 1 9 17 52022 0.9728809160641929
24 27 3 27 79619 1.024139813604744
9 7 27 14 47433 1.092797652381665
28 9 28 19 42496 1.0320752895727532
0 8 8 28 60656 1.0674286724534612
22 27 1 27 77250 0.9096144306754249
24 23 11 6 60974 1.0754535191640675
24 28 24 2 56884 0.924435348700806
26 7 9 20 61383 0.9145953037375846
8 12 18 5 40561 1.038868134746017
28 1 16 17 59475 0.9158210747281573
7 17 20 4 59702 1.0753621412236236
21 22 16 11 29863 0.9230077818740156
5 0 23 9 53204 1.0227762111704972
8 4 28 1 46387 0.9009204919624095
25 5 12 12 42404 0.912694852226638
16 28 6 12 51846 1.0499315254390982
29 23 13 14 52176 1.028568086358584
16 6 20 23 45938 0.98547537432504
1 27 8 12 56645 1.0132901545005004
3 3 23 10 61330 0.9849300766173675
26 18 5 16 60628 0.9768670630004381
18 25 22 16 39815 1.0083151900360319
24 16 23 28 35748 1.028349433338048
15 25 28 24 46006 1.0264234374003867
27 27 28 18 46622 1.0596398971398353
29 21 23 16 37502 0.9027528245279002
10 20 1 26 44382 1.086941109745893
19 12 9 6 35858 0.9846201393379342
8 2 1 11 26710 1.0369503803076683
26 1 21 18 42468 0.927078941350839
10 2 19 25 74290 0.9438102200042822
3 26 14 17 51367 1.0977808089541594
16 20 7 19 33099 0.9307954011319616
27 1 0 24 97678 1.097610445530925
3 5 14 7 33708 0.9861228739144985
17 20 3 11 51144 0.9764132642665342
14 8 27 24 71593 1.0696059577399568
4 23 15 10 48969 0.9151177817968846
3 3 11 6 28181 0.9829675743138199
25 3 18 6 22146 0.979013004004786
22 19 10 4 56602 1.0863539724624705
24 23 15 10 45260 1.0614958618408237
21 21 16 1 44693 1.0641990553735443
23 16 23 0 42126 1.043005417448187
12 29 25 17 59147 1.0572667420424842
8 21 17 0 63705 0.9819776397613453
13 23 24 0 69495 0.905281924990082
5 15 23 29 66218 1.0508885935652934
21 20 1 14 48420 0.9253971632582941
10 17 24 3 62616 1.0466128035327356
19 14 22 28 29436 1.0701022464706256
0 15 19 1 62490 0.9687314098399655
2 23 13 8 57313 1.0970928115569
29 16 3 18 80373 0.9819469376213393
22 19 8 21 37928 1.0224443498488927
16 12 0 10 41518 0.9105783773498118
15 9 21 24 38551 1.023305095370394
2 3 29 23 98417 1.0727923149370728
6 7 27 5 55909 0.9608076133665837
3 18 26 14 60697 1.0768064783322813
10 7 27 7 51548 0.9374170865595199
5 26 25 9 69051 1.0174722114113766
8 4 16 9 30292 1.0638753859754406
3 2 19 12 51413 0.963150495890774
8 4 15 1 19976 1.0617565068855388
1 19 12 27 57252 0.9229399883641743
6 27 10 17 25765 0.984867955532503
16 1 23 20 49635 0.9193035441063421
1 4 9 1 28957 0.9751387764792694
23 4 8 14 50667 1.0081334085340292
2 0 18 23 85166 1.0081331449356863
24 13 3 16 58547 0.9397605811066256
5 5 3 22 36916 1.043769199338707
26 24 16 26 44055 0.9234396009542674
26 2 8 19 63985 1.0239582231038515
9 13 7 3 28586 1.0512039963107909
16 0 12 21 62486 0.9832836770666495
16 2 7 29 62486 1.007245069018367
11 9 22 2 39754 1.024420311378539
20 16 3 9 54421 1.0365325946017812
10 20 28 1 77000 1.0693770659322563
13 19 24 8 51513 1.0337020277013031
4 23 29 2 81994 1.0526853071358195
9 21 22 17 37339 0.9293538351445484
11 21 17 27 36591 0.9785459977647603
6 0 8 18 33473 0.9311830391831488
14 21 5 27 33502 1.072156247943353
8 3 14 10 32893 0.9715654609590594
19 4 4 14 54984 1.0241460867302612
17 17 4 15 42488 1.0749288161990993
18 5 5 6 36732 0.9467513186201969
17 17 23 2 44193 1.0045154966222647
2 12 17 3 53468 1.0756379927740978
1 29 14 15 64493 1.0552565797663724
6 2 13 23 47055 1.0026640553971917
10 13 1 8 40331 0.9063993168185512
27 17 10 0 71996 0.9819154789230587
28 18 16 22 42139 0.9270785491561954
27 18 7 26 70764 1.0607930807833132
20 27 18 7 57226 1.0545237029919818
19 29 28 11 53781 1.0056152459107304
19 13 16 24 38263 1.0518928600600723
28 17 4 11 61671 1.0181548882104634
27 5 1 12 77078 1.082238535350427
7 27 25 17 64126 1.0258425385376302
4 21 29 23 66006 1.0279547095538175
10 13 24 18 47813 1.0784708325741652
25 3 20 17 38852 1.091691339134709
19 3 19 16 45852 1.0028097265677782
28 0 27 10 47791 1.0848115582411126
14 25 19 17 37846 1.0030925216133688
2 11 16 6 37140 0.996756244196142
15 5 28 3 35424 1.0775780199996636
4 3 29 2 51033 0.9532122212225683
11 29 3 0 75918 0.9596854417046092
16 22 22 12 29614 1.070122108845834
9 22 21 6 51307 0.9722110710774143
19 10 8 13 34036 0.911222308794169
11 7 22 28 66395 1.068817524625311
3 27 28 4 106791 0.9501805889880336
18 29 29 9 71002 0.9432819409977921
12 25 6 1 61301 1.0185594689974047
24 20 14 17 42095 0.9790698207866448
6 1 14 27 64970 0.9334822649360389
14 26 20 18 38814 0.9665003763183235
12 3 8 29 64680 0.9346722486151131
16 7 29 7 39310 1.0831825115501708
4 26 23 9 70263 0.921415245941375
12 21 28 5 73849 1.0572168604418137
11 23 1 11 44331 1.0237763184865005
27 0 15 18 61118 1.0130481037826229
11 19 23 5 59366 0.9408061407699904
18 11 8 26 50931 1.091191720269001
0 1 2 14 40167 0.9199933481914863
13 18 6 9 31781 0.9566669375060739
0 29 7 4 69280 1.0623161714137872
10 12 1 9 31709 0.9134477032178745
28 7 26 17 39577 1.0074179379340689
17 5 21 14 27498 0.9573922812331807
3 17 13 20 39048 1.0906202430285148
21 1 25 7 18351 1.0767461840146773
2 6 29 18 83272 1.0365059143351931
4 18 14 18 45709 1.038590492378358
9 0 16 10 37228 1.004742226194474
25 7 15 12 31198 1.062060804798369
24 5 0 15 71267 0.9303211093909618
18 14 5 13 29197 1.0332520375198997
1 29 7 18 44196 1.0704291327558197
6 26 15 0 56738 0.9841484988740214
14 0 1 4 44528 1.0119849718502751
7 18 21 23 43699 0.9156782467961774
8 20 5 6 30888 1.0760773481820274
13 14 26 16 34600 0.9928984818078954
9 28 5 13 37052 0.9253216531037656
15 23 15 0 48892 1.0470193603856686
27 6 29 15 36517 0.9147608423289671
12 25 16 19 29320 1.0009041122555788
0 15 27 27 89802 1.0782249254908263
28 20 16 11 50192 0.9316561004304059
13 21 23 19 31802 0.9351448093670538
29 20 22 17 35342 0.9026626320398128
1 23 7 3 52448 1.0884848232431867
0 26 5 6 56887 1.028936870925041
14 24 27 19 45815 1.0080860056780263
11 10 7 28 45790 0.9386051795341189
2 2 15 9 39028 1.0708724153593552
24 2 14 29 71817 0.9574712553903056
12 5 0 23 60581 0.9079091806334009
5 3 27 6 53400 1.0090468207379308
19 13 25 19 27582 1.052610786813884
11 11 1 9 29411 0.9904349943423866
14 0 13 14 38578 1.0197799961328025
8 17 17 20 37201 1.0231484023843245
27 5 3 23 88982 0.9172286515176945
7 28 12 13 42991 0.903221964496512
5 12 26 2 54130 1.060406730680075
14 24 27 25 54548 1.0984232094534419
0 25 26 23 73374 1.0424828810255735
24 24 21 6 45467 0.9209159252836078
12 17 26 23 48910 1.0499350393316027
2 1 5 27 57533 0.996024589379649
8 23 16 14 32735 0.913954653586076
22 28 20 9 37094 0.9953904533400892
16 29 29 9 76708 0.9009451986287049
6 15 16 3 41096 1.048651556845398
24 15 12 6 44881 0.9548932224856085
10 13 28 12 51246 1.0222773474372735
22 12 1 20 66593 0.9188309148250509
22 14 2 21 60222 1.0373254801020046
28 11 3 8 63771 0.9305201124439817
2 15 9 12 25335 1.0422262386332732
25 21 14 13 39758 0.9878959483532096
12 3 17 19 55632 1.0185363593701542
21 3 7 14 45962 0.9083371903075917
0 9 13 26 63953 1.0660004896250004
20 0 21 12 25093 0.9970075934913548
13 2 26 3 28135 1.05463917254829
29 22 2 21 64964 1.0422823930066911
8 20 16 24 29054 1.0775771153740408
11 10 29 21 68594 0.9153631478839798
6 0 24 17 63082 0.9155617398498527
2 7 16 6 39021 0.980227645661763
27 7 6 16 64774 0.9383259928501755
6 13 26 20 54897 0.9385535803378062
14 8 15 18 27575 1.0278763673522882
0 28 1 16 59173 1.0320978756264068
29 5 15 4 41228 1.0636786520285613
13 27 21 20 33809 1.0385768672472753
14 4 20 13 40394 0.9092919624381441
15 2 28 23 64981 0.9431652994325698
23 11 19 19 25517 0.9084666517065279
9 0 5 6 17453 1.0454003585252976
0 3 18 19 72363 1.073610970722354
11 1 4 14 36559 1.0162238135573722
16 14 4 11 27672 0.9437406537081199
4 16 23 22 57948 0.9909436721915803
19 7 5 4 42543 1.0679623963650804
18 18 8 17 43620 1.0269535796929004
6 15 14 10 27526 0.9113343997250986
3 1 21 0 41882 1.0021777345249285
26 15 3 9 60272 0.9295780508824356
11 25 5 10 51371 1.068191151262106
21 5 28 9 27689 0.9997489329907554
23 21 25 3 44286 1.0017799675530612
27 2 25 19 40121 0.9370878962439475
17 21 28 2 61017 1.04910317843443
3 9 28 23 80248 1.0804848034549532
0 1 9 7 29578 0.9867313347333365
22 16 7 18 46171 1.0463133771795818
27 5 16 21 62909 0.9680518150999882
7 24 18 1 71468 0.9775858765312938
9 17 17 24 35405 1.0834685976327556
9 0 27 12 58008 1.039237227155143
9 27 5 3 51405 0.9616773350599621
23 24 28 18 38043 1.025948391661209
27 29 27 11 52230 1.0577640519668816
2 2 29 27 109682 0.9072339872517762
27 13 2 25 93259 1.0469555550030971
13 13 14 24 34351 1.0085826177313069
16 15 28 24 53458 0.9814282842595796
14 12 4 4 42667 0.9982355279138446
27 15 10 26 68841 0.9976242961030024
1 28 21 18 68431 1.0498097037683891
25 13 10 12 40828 1.0764283229274547
6 18 15 28 38394 1.0934057464477989
6 3 27 8 61691 1.0294885382830206
28 16 2 23 84567 1.0585344240746144
15 20 20 6 40425 0.9770793931484237
19 18 12 15 37568 1.025817262688241
3 10 18 1 55561 0.9940900143116914
25 1 5 29 79488 0.9522479666911181
10 5 1 24 62842 1.0053126073024572
23 11 4 0 59910 1.023228208916258
1 6 16 28 70294 1.097877054981124
12 8 21 13 35601 1.011747299391873
22 28 14 0 65301 1.068390965679273
11 6 6 13 21310 0.9386007855514951
20 16 9 26 50159 1.0990565865770079
14 20 20 10 40592 0.9941897160886807
0 11 5 21 33245 1.0842942043431925
28 24 13 4 76311 1.0172664849178112
20 2 27 26 62192 1.0089768482285908
27 6 4 6 50445 0.9606788331464233
14 16 4 8 43667 1.02587187027703
17 3 13 9 29712 0.9231343872467502
23 0 11 7 43761 1.0829262862828613
22 29 3 7 79121 0.9936492139641789
26 10 25 0 27355 1.0254557634860166
10 4 12 22 43593 1.0913655575830825
2 3 20 21 77939 1.0958559024383074
17 13 16 2 35705 0.929755325778406
29 20 2 21 78722 0.9738244944731053
20 9 23 16 25516 0.9296918825903606
26 26 4 15 74820 1.0022805610584615
29 20 3 12 83057 0.992272219835258
22 10 26 16 24634 1.019968305740854
24 8 9 14 45986 0.963712603459639
13 5 10 27 55036 1.0400144481736957
15 12 23 29 46606 0.9255733758907666
6 14 2 5 27769 1.0729532002884332
22 6 5 15 50759 0.9837363767718997
18 18 21 5 40081 1.0578848868096093
29 22 13 8 59709 0.9676157459200231
4 23 15 1 59841 1.0975493220974324
4 16 16 28 57596 1.0999989851248753
18 14 10 1 46575 0.9773220622016093
7 25 18 14 47517 0.9544092615918726
29 15 21 0 46466 0.9772735825235972
12 23 1 25 47841 1.0499425117850318
10 8 11 19 34978 1.0718446801306398
29 6 13 2 37540 0.9730513132379612
29 2 28 14 39078 1.0671865800331022
20 1 11 15 53528 0.9459570681769407
22 20 16 3 44602 1.0717808198801313
12 12 0 15 36924 0.936174126611154
5 0 21 9 48177 1.078631962137719
3 24 26 26 71668 1.0844541290028609
18 2 28 4 29586 1.0988924801228237
6 27 19 0 71739 0.9712687053710172
16 25 10 7 56588 1.0214193419025708
27 12 0 29 97678 1.0077131281258944
10 7 4 14 26989 1.0573536252831528
25 9 22 16 19009 0.9401441727424482
0 7 19 8 56468 1.0701724092682643
23 13 14 29 54933 0.9318117934188913
17 23 0 27 63338 0.9103729697044686
15 0 25 19 53334 1.0518601704885262
9 6 25 7 37030 1.020255342349047
13 20 2 29 46478 1.0844940708657447
5 29 18 13 57749 0.9852406892638115
29 28 3 9 98566 0.9819101549946369
26 2 29 11 29244 0.9923067365454371
18 24 26 7 63966 1.09048402436795
18 17 25 11 29425 0.9662140700801702
1 21 26 16 76710 1.0710477269879126
