5130 5577 5803 5843 4331 6026 4637 4276 4517 6814 5495 5397 4514 6679 4437 6333 4381 6788 5684 5549 6265 4779 5274 4623 6899 4298 4684 4550 3862
6355 6960 8248 5625 6440 7122 7597 7769 5664 5842 5317 7105 5775 6414 5219 8088 7179 7675 7676 6614 6382 7042 5928 5419 5369 7123 7318 6861 5880
3209 5589 4819 3483 3275 3705 4233 2997 3520 4863 5635 7176 7048 6435 7229 6733 5716 6189 5495 5374 6322 4537 5472 7237 6681 4740 6353 4926 5911
7331 5902 8043 5673 5258 7264 7482 5271 5765 7552 6903 7093 5815 6574 7621 5533 6677 7195 5260 3702 6194 5696 4239 6086 3840 2949 3858 4396 5413
2653 3223 4754 2323 4091 3738 2604 3186 4410 4057 4974 4549 4321 3111 3620 5218 3210 3820 3205 4217 4084 2797 4699 4159 5119 3376 4100 6141 4699
5116 6828 7944 4896 7364 7981 6862 5033 6529 7341 5410 5983 6903 6147 6697 5633 4994 5978 7422 5479 7418 7483 6158 5880 8714 7417 6390 6386 8131
3539 5588 3884 5780 4749 5645 3289 6338 3842 4283 5014 3246 5982 5040 6334 4698 4489 6416 5159 6088 6368 4241 6309 3395 5917 6402 3416 5203 4640
3681 4203 4084 1517 2386 3053 2362 2209 2199 2287 2268 2085 2488 4286 2805 4549 7577 7375 5529 5452 5956 7311 6643 5310 5839 6542 6829 6899 7800
1800 2087 6863 7033 7942 7280 5845 7015 7570 7309 7224 7196 7884 7482 7113 5430 5961 8175 7945 5556 5302 7598 8281 7548 6907 5338 7876 7534 6882
5384 4642 4325 3157 3582 4258 7405 8218 5628 7619 8256 7720 8565 5735 8751 5668 7902 7277 6324 6301 7732 5774 5938 6356 8630 6811 8256 7732 7086
5819 6010 5860 7137 6406 4898 4919 4945 7058 6791 7266 7408 7774 6152 6857 7638 7807 6761 7865 5121 6671 6446 5715 7533 8045 5794 8033 6749 5793
5663 6068 4861 6607 5712 4635 5252 5423 7082 4135 6010 5170 3902 6102 7028 5559 5190 6677 3897 4517 6143 4015 4746 6685 5582 6882 6239 6164 6162
7849 6155 6553 6468 7540 6080 6644 6202 6261 6443 5402 4568 5682 5475 4566 5047 7428 5257 4794 5739 3948 3409 3220 2714 3626 2406 2489 3223 4452
5680 3074 5245 2606 3251 5611 5111 4938 3954 4326 4788 5583 3920 5267 2627 3290 4070 3935 5226 4932 4126 2826 5715 2769 6377 4921 4674 6933 6543
4209 5376 4433 2384 4226 5356 3560 4911 2856 5353 3831 3851 3140 4801 5038 3958 3795 4358 4216 4613 5434 3281 2560 3739 3429 2566 3230 3926 5465
7084 5537 4662 4572 4992 4985 5382 6516 7199 6182 5744 5580 7518 4705 6390 6374 6010 6608 6533 6468 7993 6924 6613 7637 5199 6344 7032 7153 6306
2443 2261 2453 2476 1095 3426 1027 1334 2505 1522 2067 2324 1271 4006 3155 1769 2809 2139 1132 4204 2911 2746 1688 2400 3958 3006 1765 3416 7938
3616 4442 2553 4803 4288 4839 5362 3830 2507 5421 4185 5264 2766 4804 2799 2271 2649 7941 6671 6453 7695 6939 5485 8187 5939 7045 5464 5976 8001
3655 4676 4606 2937 5209 3402 3229 2132 3633 3407 2000 2949 1986 4430 2427 3809 4542 7400 7374 4362 6102 6024 5133 5323 4180 6608 5177 5227 5564
5596 5187 4493 6356 6625 6140 4921 5976 6142 5740 4699 3680 5668 4397 3686 3416 5413 4394 3267 2987 5026 4141 5195 2675 2644 5850 4868 3712 4392
3503 5468 5003 4074 3774 4837 4604 5833 3960 4842 2862 4863 3194 2721 2926 3364 3681 2634 2750 4074 3473 5302 4171 4658 3913 2423 5178 2300 3421
4897 6388 5874 5988 6173 5838 6499 6406 4378 6775 3856 6574 4508 6034 5716 6241 5968 4311 4949 4496 5732 3910 3085 4936 4602 4061 3903 2529 3349
4332 3531 4811 5978 3288 3836 5068 4037 3367 5425 7710 5035 6018 5073 6699 4983 7210 7462 5407 6419 6974 5119 5518 6971 5037 6565 7805 6331 6117
6794 6699 5028 5852 6245 4912 4335 3367 5844 5411 6468 3351 5072 3758 6054 5241 4256 5030 3488 4309 5830 3477 4818 6290 3821 3372 4078 6097 4983
4347 6060 4582 5900 6048 3015 3869 4704 3963 5959 4682 4867 6099 5126 2925 3635 5966 3279 4787 5135 5566 4227 3282 5636 6137 3510 6375 4708 5829
6747 7026 6882 6913 4830 5694 7921 6136 4727 6053 6047 7888 6867 5217 5417 4856 5073 5946 7370 7169 6899 5519 6790 7900 7163 5191 6531 7379 5125
3208 3504 3874 2878 1883 4025 4205 3304 1857 3065 2481 2772 4027 2399 6615 5615 5636 5113 7479 4846 7240 5591 7303 6700 7215 6353 7079 5105 6684
6588 6242 6078 4661 5548 6504 4084 5472 6283 5571 4511 6633 4366 4867 5016 6388 6715 5300 6111 4605 6540 6065 5848 6320 4288 4639 3339 5717 5389
6545 5966 5951 3023 4016 5212 6035 3161 5395 3886 4372 6033 4222 4797 5696 6164 4240 5775 3321 5884 4584 3525 5006 4603 4267 4791 5145 5120 5250
5603 5693 4507 3865 3275 5263 4461 5526 4144 5015 3686 6742 5188 6769 6287 4166 6792 6038 4438 4827 6072 6771 5000 4929 6434 6085 4248 6149 6613
3798 4641 2568 4028 8755 7967 8509 6160 2108 1338 2643 5828 5552 6746 2970 3315 7569 5254 7445 4828 6610 6917 4721 5899 2089 4446 6985 5392 3336 2103
3245 4625 4878 1929 6717 7192 8535 5033 2252 4077 2868 7233 6641 5759 1851 4025 7857 5261 8372 5780 7817 6113 5547 3626 1334 5254 5185 7541 3975 4777
5232 5902 5473 4316 8411 7145 6259 4777 3335 1307 1489 7018 4245 7613 3525 5820 5785 5141 6985 6260 6608 7247 4030 4375 2906 4814 4411 5752 2129 2121
4103 3227 5290 2871 8059 6424 5295 4712 4124 1235 3198 7397 6088 6139 2178 3981 4727 5004 7081 4142 7877 6412 2917 6108 2428 4633 5573 8129 4079 4153
5130 5058 2731 2637 7441 6154 5392 5928 2376 3754 2051 7469 6269 6415 3914 5733 5533 4639 8305 5747 6416 6071 2932 6625 2378 6383 5679 7051 2772 5184
6028 6315 4252 3117 7177 3588 4457 4080 1773 1407 2354 7518 5967 7509 4869 4602 5404 3884 5392 3946 5187 7408 4606 5870 2459 6955 5484 6918 2667 6594
7620 4348 4991 2365 7538 5773 7049 6253 3049 2944 3089 5173 4904 6147 1959 5952 6152 3385 7031 4177 6762 7828 2611 4917 3020 5315 5766 5694 4947 6822
7867 3783 4223 4140 7958 5680 5362 4744 4642 4262 3596 4833 4387 5948 3615 4365 6120 5039 7235 6422 5630 7038 5550 4552 2107 4322 6158 7079 4634 4859
5519 3689 4725 1481 7507 4470 6381 5296 2365 2740 1628 6446 5781 6231 4753 5746 6409 3961 7682 4995 3844 7700 3636 3881 3021 7383 4368 5443 2916 4946
7876 4423 5101 3555 6355 3458 4524 4177 3451 1400 4143 6552 4042 5676 3686 6117 7404 2922 6395 7073 5541 8055 4529 3507 3479 6413 6307 8034 2958 5419
7751 6068 5461 4509 6307 3919 4542 5702 3226 3643 3700 7011 4856 6061 4462 6582 7657 3218 5300 4759 5590 5439 4403 1347 1440 6462 5006 7631 3371 6383
6376 5968 5401 4126 8763 3154 4711 4047 2265 3376 2665 6082 4033 2711 3249 3315 7929 2692 7918 4518 4634 4964 2864 1381 3050 4994 3932 8254 2338 6236
7638 5279 3471 3048 7658 4545 6677 3346 4016 2823 2377 6515 4605 4126 4096 5670 8265 4955 6139 4527 5727 6210 2400 1838 2118 5149 5549 8341 3427 5978
6408 4927 4444 2878 8156 3171 6812 6495 3694 3799 4130 7549 6611 5127 4311 3790 7192 4894 6680 6668 5385 6401 4688 3042 2917 5718 6297 6513 4541 7033
7548 6930 3939 3523 6234 4603 6402 4596 2475 2161 1628 6841 5970 3565 3096 4967 5658 5123 6004 4239 4314 6050 4097 4291 1846 5090 6312 8075 5178 6823
6237 4596 5122 4103 7512 2902 5126 6675 2220 1238 2668 6151 6800 4249 4444 4491 7087 3722 7544 5927 4197 6311 2850 3010 1249 6314 6892 7609 3621 7026
6974 4916 3209 3467 6889 2906 5081 5855 4077 3696 2722 7804 4054 3994 3534 6116 6050 4611 7714 6752 4294 6630 3675 1830 1531 4305 5858 5768 1969 4770
7012 6961 4220 2358 7998 4201 5513 5403 3730 2733 4165 6095 5640 2348 3490 4950 6149 3921 5905 5367 4636 6832 3134 1251 2515 5381 7273 5767 2399 6401
8099 6282 1790 4971 8395 5413 4999 5419 4969 2835 3362 8655 5793 2790 1903 3733 8484 3438 8217 6183 4748 7161 5763 2019 2094 4533 6667 5207 2854 5973
5796 4467 3697 4100 6670 5184 5438 6429 3891 4041 2794 8591 8512 3181 5919 3844 7197 5839 6922 6508 4136 5791 3840 2601 3134 6170 5503 2905 4108 6558
5414 5469 1898 4190 7037 3676 6162 7128 3697 4353 1845 5996 7219 2810 7042 5990 8208 3918 5629 5292 3682 5453 4840 2480 4500 4951 6103 3449 4457 6524
4989 6689 3637 2739 6741 4025 4788 7971 5483 3349 2264 7208 7321 2891 6524 5422 6415 3376 5337 6155 4904 5665 4071 2703 4201 5667 5330 5125 2924 3939
7981 5386 2197 4052 7739 5121 7097 6474 4188 1538 1264 8644 5923 3260 7733 4260 5553 4667 6567 4037 5477 8009 3733 3970 5080 6648 5961 3173 3469 4766
7321 6447 3262 4482 7800 3308 5292 5366 3255 1604 3141 7648 6022 2827 7184 4887 5594 5838 5766 6656 4948 6934 4044 2910 5131 6919 5886 4661 4483 5804
6425 6643 2200 3014 7995 4131 7020 6304 2491 4024 1385 7923 7911 2731 7457 4907 7927 5242 6048 4204 5091 5099 5521 2338 2974 6455 7909 2673 3906 7017
4957 5128 4561 2632 6780 4557 4586 6464 3584 4054 4225 6116 7282 4691 6650 5180 7284 3284 5380 6849 4220 4991 4576 1612 3360 5669 8111 4775 4331 5061
5166 6582 3191 3992 5731 2856 5169 5559 3092 4792 4184 7443 6271 3239 6364 6241 7102 5538 4471 5953 4774 6073 4936 4292 4527 7457 7114 4387 2089 5251
8023 4553 1741 3274 5779 2669 4974 5767 2517 5204 2426 7300 6946 3749 7655 4307 7818 3837 4455 4893 4040 7205 4035 3009 5404 4462 6875 3122 4933 4940
6260 5303 2761 2773 6337 3515 7465 6069 4615 3947 2715 8134 5732 3253 6416 6525 5476 3370 3091 6492 6609 5296 2930 4349 3012 5413 6996 5117 2299 6204
5 10 18 24 70645 0.9105744597175264
16 13 1 4 67720 1.0914997980600325
28 12 14 5 61501 0.9929313803080475
0 6 5 12 36836 1.0119808785236468
14 29 7 24 36748 1.0048752930064735
19 28 20 8 72775 0.9759453909910076
2 4 15 13 65252 1.0248892506439333
23 18 23 4 69344 1.0763029983672612
24 23 10 27 53297 0.9443116281230246
11 7 8 27 96787 1.047730892084792
18 22 22 14 51302 0.9549976061151728
14 7 8 16 55824 0.9334204690770851
13 29 26 9 92183 1.0490004306667344
24 4 12 4 56279 1.072271794460489
28 16 22 25 62474 0.9874190459737596
18 9 26 7 30959 0.9897445963469739
15 20 2 10 67789 1.048866757068002
19 17 25 27 61414 0.9111784661368019
28 20 8 7 110160 1.0450749019408505
27 17 12 10 72275 1.0838549529461636
14 6 25 28 91652 1.0951483146032348
11 8 2 12 43162 0.963384517234856
6 27 25 26 82376 0.9481819324562701
23 6 19 26 84115 1.0009605764614844
24 4 28 25 102711 0.9219270451685829
9 28 17 22 36304 0.9997450142006483
8 27 13 8 85083 0.9715205889631231
27 21 7 27 82756 0.9406536160420222
24 4 15 24 82900 0.9113767946218198
22 16 18 3 58897 1.0616763546507155
27 18 21 0 88885 1.0072664488526417
20 6 16 14 36921 1.0644872854291338
6 6 24 14 75672 1.0003303072348688
6 5 28 24 110399 0.9301668221153431
8 15 27 8 80013 1.0167809175396307
18 25 1 10 84431 1.0170250468181194
15 6 4 12 54738 0.9088415674921798
24 16 27 27 59070 1.000106974936368
0 1 12 24 116084 1.0221713743443148
21 18 24 0 86716 1.0965157398534333
28 20 19 15 57483 0.9872938862334846
22 13 0 19 106222 1.0245937907953118
14 13 15 26 49565 1.0518592245025054
22 14 20 23 45870 1.0089554087116461
16 24 18 3 53831 1.0526621697258458
28 28 10 19 88007 1.0348499811770726
20 27 6 6 95427 0.9246435159031792
5 26 18 9 84622 1.016400636166704
22 3 3 18 106235 1.0246044200613853
24 2 0 28 130364 0.984206248009838
16 8 29 9 45534 0.991369167207445
8 19 12 25 40605 0.9737566233144785
27 12 9 21 95604 1.0964345473965489
23 17 12 14 51410 0.9577226297611818
5 14 18 0 75760 0.9773903626210905
1 9 14 14 54873 1.073661094794805
8 15 17 3 61356 1.0005735876104647
0 27 18 16 84016 1.0339161365440486
22 26 17 13 59231 1.0302921481474843
17 4 24 19 72489 1.0652489851603448
7 19 26 29 102144 0.9640615198059654
20 27 12 7 74399 0.9377616914774546
11 28 1 5 116091 0.9422911865386737
2 18 7 5 62361 0.9131635190116965
19 15 9 28 63975 1.0154005102455779
23 1 12 28 97680 0.9000493583268953
1 13 4 22 44139 1.0233084414241318
18 6 14 0 34529 0.9094789092526769
10 14 19 22 56506 0.992066635605632
21 19 4 8 77704 1.0025954722446544
17 21 28 7 75276 1.0663957360438752
0 27 23 1 131528 1.0298919770872794
6 16 24 17 80008 0.9068947297464743
9 7 26 27 108600 0.9226375671524769
21 24 2 11 91689 0.9178330113002693
1 16 27 2 118637 1.068619418316517
25 4 18 21 84955 0.9414127708445532
10 3 20 3 37083 1.024245617423708
16 3 23 19 64531 0.9320021280519265
23 21 8 28 58404 0.9941104203185355
29 20 0 0 158146 0.924192742606277
4 15 19 25 73277 0.9049583953073381
4 10 15 29 90722 0.9527131626718987
19 11 16 24 46760 1.0085517108160347
14 28 0 21 62573 0.9683528353016666
19 12 2 21 92506 0.9739080527891918
20 21 10 24 32194 0.9095803564027627
4 23 12 28 36857 0.918337952055148
28 3 27 25 107023 1.0033578500469367
17 18 4 0 86693 0.9121971984394929
3 29 11 23 47079 1.045635288957738
8 9 9 24 73422 1.0000460618516136
16 24 3 10 71848 1.069589655594946
24 5 4 3 76887 0.9686905758142224
27 9 13 6 56544 0.93621017415075
18 12 9 6 47202 0.9547173193479475
15 16 24 5 62661 1.0383561928143747
9 6 20 0 57921 1.0654241224274419
27 3 16 6 46994 0.9891462960892937
12 22 1 13 75270 1.0751354981108119
5 24 17 27 41203 0.9934300983550708
15 27 29 19 74304 1.0218554479242732
3 7 16 3 52808 0.9855807849639355
3 20 4 1 76258 0.9984126818757415
27 17 8 8 88266 1.096948099551978
8 2 24 29 124798 0.9653012287265946
2 18 16 12 77778 0.9349853937424135
11 8 23 2 47129 0.99874933529575
29 5 15 4 58481 1.0549155812301612
12 1 28 10 71264 1.0961674729233712
1 6 23 15 93506 1.069554773023095
14 8 28 24 75616 0.9037734470112643
21 13 10 2 62170 1.0973970211513848
1 20 27 12 128437 1.0843263012125925
10 26 18 22 33714 1.0990264046528895
27 4 24 21 77191 1.0369741326625372
22 23 10 25 35949 0.9011001040167318
23 27 4 27 74214 0.9832658714784883
4 2 13 7 49303 1.0046642931357317
22 6 20 19 51001 1.0981644784008615
29 24 6 27 81012 0.9189797892410528
29 9 11 22 88939 0.9771365239402073
11 12 22 5 59867 0.975696403339334
0 1 1 16 82965 1.094112894710834
13 9 0 20 86096 1.0403859924586698
25 16 1 29 117294 1.0357611458262754
10 12 20 13 40849 0.9574549807192962
10 17 28 24 75042 0.9871336244172646
2 23 18 19 64692 1.035745465456499
21 21 13 12 60250 0.9274635046980653
12 1 1 13 79361 0.9935732036408408
23 28 8 29 57412 0.9923553130992258
6 0 0 25 107943 0.9748632020502404
8 21 9 9 64635 1.0529982439224324
15 6 12 27 62786 0.9247103506359283
20 21 16 2 59436 0.985886726691971
5 15 24 16 88400 1.029413201779887
25 1 0 8 91421 0.9931846535926344
12 19 8 25 36927 0.982559852634927
29 10 2 14 90599 1.0693698844346975
16 19 25 21 43921 1.0393211186910263
28 7 9 16 92290 1.0724212016704582
13 10 13 25 55289 1.052996990573112
27 12 16 28 80232 1.0098871701227583
16 15 6 3 55878 1.0501597889655332
1 19 4 11 47236 0.9657156517605026
11 6 20 9 40210 1.0271298340284867
15 10 3 27 79448 0.9350312791483154
24 4 10 5 62124 0.9150694410691065
21 26 29 3 107474 0.9104538904788536
8 6 12 26 87879 1.0194276940935532
17 29 1 16 99759 1.075872888498773
19 26 14 11 56617 0.9503480251491856
29 4 24 27 111059 0.9258627794457425
12 2 11 26 85320 1.0354959068729594
17 0 14 25 67776 0.991979094964806
19 10 28 2 46941 0.9971547554467558
15 23 9 16 52272 1.0665798141848453
2 9 27 2 84267 0.9934495538017032
10 14 9 3 44815 0.9069426006270316
28 29 29 8 104669 1.0591444662489267
24 27 25 14 67859 0.9667002175111223
21 25 5 28 61843 1.079600859696451
23 15 4 24 83047 0.999410984288437
9 16 5 8 39019 1.0414083252578048
12 19 29 14 84904 1.0142154969784758
13 27 28 12 90525 1.0601077281241116
3 20 16 7 80354 1.0005023518703788
20 11 23 21 50100 0.9860772623483598
17 24 3 7 80411 1.086040852087892
16 8 29 18 77091 0.9339694298940476
19 12 6 5 60189 0.9784208134232509
13 15 9 21 48375 1.0930339478722018
20 9 1 17 90357 0.950046667303715
1 24 24 2 110121 1.0738216245325403
8 28 24 27 58388 0.9262753688573694
28 27 12 8 97422 0.9784252250960287
6 18 10 7 54912 1.0588173198602988
8 15 25 28 100881 0.9793102914216241
4 6 8 19 62858 0.9495515746696628
4 11 16 1 56774 0.9069127182319777
28 2 19 13 58247 1.097433668078692
9 1 23 11 72978 0.9909772198363056
10 3 6 13 38177 1.094345339658671
28 0 19 25 106592 0.9834342176603565
17 15 20 2 44755 0.9361281512380095
5 17 0 26 51574 1.0858416140373093
10 24 15 29 34160 1.0809620224721763
13 18 1 11 69276 0.9867803246610474
17 28 28 26 48171 0.9069622829343916
0 5 11 23 105537 1.0248145071481027
29 27 17 22 58486 1.0968615387415093
2 19 24 23 81606 1.054267327418566
27 2 8 8 69385 1.0800192760899885
1 1 20 1 82050 0.9792084899521456
5 17 12 4 72783 1.0188737386801068
5 22 18 27 58568 0.9159902773330075
4 23 21 10 82752 0.9886923916045794
14 0 4 29 119631 1.0357905367907607
6 11 17 21 68393 0.9379438636880698
20 2 5 7 62936 0.9237756446830405
25 12 5 15 86312 1.0721326790941572
18 3 24 19 74361 1.0984527356573728
19 6 21 23 64217 1.0738548541281179
9 12 10 25 76805 0.934073769757266
3 19 15 23 55871 1.023076031985466
3 21 11 7 78573 1.0967034236019892
21 18 4 29 85929 0.9755401208706831
3 24 13 9 74853 0.9476782130443189
5 12 19 11 56707 1.0688649297603376
13 11 7 5 35007 0.9216964512775805
20 8 17 16 33400 1.0797281800351735
5 2 9 9 31229 1.069090194013604
3 8 18 17 65327 1.010881635705011
16 19 3 28 60504 0.9181258287210492
13 7 19 17 44689 0.9087657125593824
20 26 3 29 67578 0.9139669032776672
11 21 8 13 57321 1.0821685844887965
9 7 29 10 66592 0.952848253464184
16 26 15 4 59293 0.9645921812113976
9 23 17 0 77268 1.0189754912147762
13 7 20 22 60502 0.9085092244170232
11 10 2 23 76638 1.0306359790232489
25 19 29 2 78929 1.0915402400705223
26 27 0 21 97161 0.9834788432176752
16 26 9 29 37701 0.9300100311746426
11 0 2 6 56006 0.9201643644973432
7 8 10 18 47818 1.0689546289252099
14 7 4 6 41558 0.9905837559734746
4 9 13 21 73586 0.9642635271823968
16 11 6 1 54594 0.9610541702127184
21 9 7 21 92041 1.004095441596901
22 20 2 3 104707 0.9016191558435662
11 12 20 5 52166 0.9405591309593561
19 8 0 26 100083 0.9037474923443011
20 26 18 6 66282 0.9867258588430454
2 6 13 23 90925 0.9988749617132066
25 14 23 26 62594 0.9929660874505484
9 16 5 6 50274 0.95076384185487
12 1 8 24 91228 0.9026627958195583
19 10 17 21 44666 0.9038211654715439
5 25 20 19 62541 1.0694918229213464
17 24 15 16 28483 0.9986480421588783
17 29 25 23 46617 1.0342679373590433
19 4 10 27 94713 1.03811597002846
14 11 9 25 67477 1.0946921554015288
8 6 21 16 74290 1.0032079680277999
19 16 27 7 51436 1.0037141410041988
1 3 6 17 61855 0.9249058519713383
15 22 1 20 66295 1.0724408492491078
9 25 1 10 85154 0.9720330992362609
19 7 8 10 41945 1.0188584926695357
28 20 10 1 123746 0.905080188562455
21 20 6 24 49555 1.0932886959309562
10 18 26 20 83206 1.003879071978978
25 27 17 17 60935 1.0895247605959748
11 13 6 5 45204 1.0194084518874484
10 21 3 14 62259 0.9097147987905448
29 10 14 8 44269 0.9592798305703795
29 16 3 26 109527 1.0886212620479188
22 10 4 13 65025 0.9705905626345847
18 5 20 27 71565 0.9510548826290162
14 12 16 21 33079 0.9704789817046062
5 1 5 11 44195 0.9766413683219021
6 17 13 21 44391 0.9255766625317926
28 6 29 25 96145 0.9937112979745558
24 9 8 20 89539 0.9077748036485632
25 21 12 24 42902 1.0473548994546134
20 10 18 21 48055 0.9740724452047047
6 16 27 24 93546 0.9116270375240948
14 27 29 6 98330 1.0120278703352077
16 22 5 15 66832 1.0406333982909806
5 16 21 17 70516 1.0812865327456862
2 29 27 26 99555 1.0100259070510604
1 22 5 7 75496 0.9602551585828121
11 16 24 9 64121 0.9341744410235385
20 17 28 11 48717 1.0636909965303942
28 1 5 11 94467 1.0713459308563493
20 14 12 17 41273 1.0090271084121782
16 17 20 0 55126 0.9383643030842516
7 28 7 18 61992 1.021046698433576
2 5 18 26 101521 1.011402639775059
22 9 16 1 37584 1.044929345881655
18 13 13 18 35755 0.9751685150971472
6 28 18 22 51652 1.0726425453723243
20 4 19 17 55755 0.9969959913795802
17 9 0 7 51941 0.9963120657675819
23 29 13 5 92488 0.9942868281972328
14 6 0 22 98607 1.0000842066917108
1 29 8 0 118560 0.9528483400178087
17 17 11 21 38657 1.003109889237797
1 19 23 24 88277 0.9111107164079041
5 10 17 16 50250 0.9654598555790022
25 5 12 0 72956 0.9002799205066072
12 11 21 1 53245 1.06509793437723
10 17 23 0 91984 0.9961816794858873
24 22 10 12 78141 0.9151048847268916
16 18 18 28 31594 0.9399685575478114
18 25 9 3 81974 0.9279484254812265
1 28 16 18 67740 1.0262596964104478
16 9 9 25 60872 0.9648445736000766
18 25 14 9 47768 0.9837210746450032
3 25 11 14 72555 0.982827851093959
1 20 17 25 67993 1.0279629503120418
26 9 6 3 73287 0.9028602366909331
15 2 28 2 40725 0.9242280025866745
12 14 27 19 81469 0.9369886877691331
2 17 26 15 110855 1.033480102225412
26 9 12 24 72983 1.0092775356742474
18 8 7 24 67303 1.097032887008652
15 20 27 2 78773 1.0183155622394198
19 16 26 10 37950 1.0893307728077155
17 25 12 14 48370 0.9844830683251974
16 11 23 6 39440 0.9197757088267607
12 17 17 11 41022 1.0096500053839235
22 18 24 28 54808 1.0693331845186809
20 22 1 22 61371 0.9483924688929146
20 1 3 22 109702 1.0915645159400817
10 4 4 16 61853 0.9483274180917338
9 25 1 9 88275 0.964094200487488
16 13 4 28 75436 0.9521331150041051
17 26 17 1 70458 0.9858765672034453
23 17 21 28 53054 0.9677630086679346
3 29 23 9 110416 1.0101219426710615
5 23 25 27 72455 0.9299455886606414
15 23 5 29 55591 1.0139511284055522
22 0 26 20 91750 1.0183919914482904
16 7 13 20 44133 1.0675565138291325
13 18 22 22 47770 1.0904622794010943
21 18 20 3 63764 0.9976568545821056
26 4 13 22 87674 1.0386801391719025
21 7 27 13 40937 1.058255423548254
17 18 11 8 45006 0.952311614643032
1 17 16 14 71573 1.010468940471872
3 11 11 4 52944 0.9812956052720817
24 26 4 14 104054 0.909162772555157
6 28 16 6 82047 1.0251272583183515
0 1 1 12 58703 1.0303537992637946
18 12 9 16 54097 1.0062431015628628
0 10 26 8 76316 1.0066897775140586
3 8 18 26 89940 0.96140109939128
6 25 29 27 87395 1.0384141560605795
14 4 2 10 54315 0.9670121070858161
26 25 5 11 107238 0.9250873057058367
27 5 0 23 123564 1.0930126739869603
25 22 15 25 37415 1.077529637951596
5 6 6 20 66833 1.0260522427758683
10 20 15 5 67439 1.0447787026402622
28 19 5 8 107279 0.9796159748257514
9 21 0 1 109939 0.9902328668614947
6 4 24 12 77817 1.0829356724156838
25 16 6 19 97409 0.9897291099580932
21 3 8 29 105431 1.0127251182025259
7 18 24 16 83521 0.9269070964816494
5 19 28 10 104440 0.9839075440840264
16 26 2 7 85713 0.9358669424940925
22 19 15 3 64986 1.0077749132314433
29 23 13 14 69768 0.9015040606107022
15 2 4 15 72656 1.0259176121651756
21 5 24 18 65671 1.0317696459067005
23 11 6 6 65667 1.096686597340513
28 29 16 16 77415 1.006318804473389
12 26 25 23 38664 0.9994021041348166
17 28 17 5 61455 1.0221325333845348
6 14 22 16 70523 0.9410782722457123
29 19 14 5 94821 0.907714247490579
29 22 7 25 68417 0.9347129805084783
21 9 1 14 74810 0.9574157672357602
29 12 29 24 65048 0.9933812560377524
11 8 3 18 62988 0.9833890628039043
6 5 27 1 83596 1.050498683759011
8 8 0 27 94664 1.006204201317732
2 17 26 6 110195 0.9845920894453963
19 29 9 2 101832 1.0558962253397113
27 21 20 25 40789 0.9158293685038629
16 4 10 20 65632 0.9620335643114605
9 23 17 14 44503 1.0986144531130386
29 15 21 29 86191 0.9383813823701028
29 29 15 16 88000 0.9030796005574696
26 15 17 18 56034 0.9025567568343731
8 10 29 14 76396 1.0943708590541055
28 28 8 3 127365 1.079708747600471
23 28 1 24 68911 0.9682003270849995
16 20 9 23 25761 0.9695640826821549
17 6 11 28 68302 1.0705952466012159
18 2 11 7 39333 0.979175280618881
16 20 26 8 56965 1.0222864724462106
11 0 16 26 89240 1.0715864017323233
3 24 23 15 85475 1.0801012190462649
25 27 15 18 61729 0.9633988607928212
1 10 26 4 87090 0.9560384702092597
28 2 1 0 100748 0.9592786453221951
16 28 17 3 63618 1.0002324127371978
29 7 5 16 102985 0.9866444956872996
24 10 25 1 39333 0.9839170242627691
0 22 3 13 56138 1.0585533830610365
10 29 16 21 38210 1.0172733236987372
22 24 7 9 78503 1.0989506459326326
26 4 22 23 83661 1.0529482213203178
18 11 6 18 69343 0.929746973934544
28 9 1 21 126425 0.9933322557778581
6 29 7 13 82872 1.0876008961397579
11 26 22 25 41106 1.006213345562309
14 20 6 13 58217 0.9741623727918928
5 14 23 22 86163 0.974637235999475
29 2 19 9 52682 1.0045592674989487
21 20 8 25 51335 1.0545792026207366
28 3 18 5 45592 1.021407895276143
22 8 11 28 82729 1.017472205326164
19 15 28 16 50829 0.9529892372164571
15 20 12 11 45278 1.0925642560386568
26 3 3 4 84031 1.0647741869798222
28 13 22 9 30553 1.0613890745200594
20 22 12 16 52766 1.0431735427116668
6 14 17 8 47018 0.9870380506827395
18 22 13 3 61231 0.9616843390273856
5 3 20 1 57682 1.0407828225988334
20 11 6 3 58960 0.9683178927540238
17 12 7 10 34980 1.0585408650688157
7 20 11 1 85001 1.0895569037914747
23 14 13 9 39414 1.0787604339175643
24 18 7 26 78769 1.0340383319262993
20 2 21 11 42628 0.9908099867839378
10 22 1 20 47843 0.9490992066217451
2 2 27 3 91485 1.0263163899919334
17 18 3 22 63654 0.9394524656949508
4 0 4 17 64042 0.9347885527186783
4 20 9 25 37354 0.9475780633327415
7 16 19 23 63488 1.0756365039928821
22 4 29 27 122275 0.9194984742179728
3 20 8 2 73106 1.0764374807802477
5 8 26 14 72831 1.0212740473295159
24 26 13 6 88788 1.0552982618892288
28 8 11 15 70829 0.9852013157112605
5 15 27 26 111773 0.9612424269692598
4 18 23 11 89156 0.9129348894509947
28 21 0 23 84410 0.9339804975127677
21 2 5 22 103419 1.0501459932578268
8 23 17 7 65734 1.0070907233282622
16 11 6 19 66820 1.0948074504889964
9 21 19 14 61397 0.9475530567780451
2 12 15 22 84910 0.966709872563298
3 21 22 3 116386 0.9248848277419139
11 13 26 11 55088 0.9276552723630487
1 18 29 20 126037 1.0545636103151133
25 15 28 23 49572 1.0964282218619965
6 6 16 18 60323 1.0066646633641525
16 27 9 10 64661 1.0686376782768612
27 17 16 21 60058 1.0625710641117938
19 13 7 9 41758 0.9428882925557771
3 17 18 4 87258 1.0515847975426442
19 7 8 10 41945 0.9075305885235377
22 28 0 5 123976 0.9781182443942994
25 3 8 25 107406 0.9569674858382207
22 18 5 21 85442 0.9982612517504106
22 0 1 5 89386 1.0900967633783445
23 22 0 5 113721 1.0641884433665163
16 8 14 19 34865 1.0512035011722338
10 25 19 17 49855 1.0267989461146914
24 4 11 2 56769 1.0642824320981898
7 22 23 18 71666 1.065725315823646
22 2 27 23 94516 1.0109472105709807
20 6 1 15 88102 0.939848182457363
9 29 20 11 84956 0.9895209977368375
15 28 2 8 91518 0.9562298853783484
23 5 4 13 87885 1.013716974545864
23 20 27 1 85589 0.9216482236305036
1 17 24 28 109113 1.0662192488117697
22 0 12 8 50530 0.9824964672964551
20 26 5 26 57660 0.9397348721027091
8 11 14 26 73874 0.9527666857922792
22 21 24 13 46814 1.014330236364335
23 7 8 26 99024 0.9292803385200015
19 23 22 14 48471 1.0125771203837306
0 24 24 23 60005 0.9829610543311587
20 0 9 14 74737 0.954351369452784
9 5 22 23 80671 1.023750853235866
4 3 11 25 100180 0.9046374881629023
17 27 13 13 56397 0.9450170522267275
6 17 14 13 45271 1.0654141608922485
12 5 5 26 101706 1.0172209614982823
8 1 12 12 52109 1.0984565191925686
7 28 23 28 55164 0.9759700868855499
28 15 28 26 52160 1.0146043390345996
15 21 1 26 59252 0.9523946583757025
2 10 21 28 99338 0.9982793069800818
7 12 15 6 42074 1.0564903916559132
10 22 3 26 37780 0.9870676894087218
25 6 20 19 60136 0.9569555050289139
13 20 18 12 41438 0.948265738826439
22 0 13 18 77227 1.0421360582750365
29 27 8 2 134523 1.0977911644448242
21 27 21 11 68609 0.979129672147275
24 11 15 29 82932 1.0833781253830275
24 12 2 8 72237 1.0971889652065794
8 19 23 26 75132 0.9480647635322789
0 1 12 21 110875 1.0879638583505802
26 25 4 19 89069 1.0282309734581123
14 16 11 29 56095 0.9779145400157033
1 12 12 0 80097 0.9400579930660244
6 29 11 22 46346 0.9094603966805984
16 17 28 4 70565 1.0082918565236079
17 4 11 19 63559 0.9186341011270845
12 13 25 25 79163 1.0268035983036294
13 26 4 6 92159 1.0359887636666594
22 15 5 7 74052 1.0489873043462736
28 14 6 0 104298 0.9263799206382658
6 17 29 2 109016 1.00678539139873
17 7 13 26 61224 0.9730032751042755
20 1 4 22 106785 1.0680112717592576
19 18 1 22 75215 0.9795833794239938
7 19 26 0 118390 0.9208018442259518
10 21 16 2 72724 1.0921489964126068
17 19 4 21 61231 0.905691242196622
22 12 24 24 61669 1.037395100989279
5 15 23 19 91988 1.0928532699147657
27 20 12 29 73185 1.0488360541329573
7 16 17 0 71319 0.9875400189680636
28 13 5 16 96624 1.0140679586052022
21 2 0 5 80067 0.9235469668391908
5 27 6 11 81589 1.0006188243634653
0 18 22 14 106010 1.0355978091761247
14 9 16 27 48271 1.049961218604652
16 29 17 16 44563 0.9903816900858408
19 18 8 23 48013 1.0275932445365505
13 10 23 21 65194 1.0401892682415599
11 16 24 15 65180 1.0545748678284401
24 18 15 11 54778 0.9486098119470268
11 4 26 14 72747 1.0558946678788876
22 25 2 3 112572 0.9569755285599457
14 0 23 23 82909 0.9891678414784393
2 14 26 13 87686 1.0540839530141246
25 2 4 22 114511 0.9752331798690919
26 26 16 4 87112 0.9050550820445039
7 7 3 14 30742 1.0970856295492748
25 29 27 9 103884 1.0443652420222431
2 25 7 7 78675 1.05165060053213
10 4 26 3 65329 0.9443941270817489
3 19 18 3 90501 0.9513405491664215
0 14 27 20 123034 0.9330782332457858
5 5 25 25 113906 1.012259454779265
16 4 20 12 31677 1.0748902148242343
27 10 20 24 68981 1.061668666953899
16 6 27 29 93601 1.0525084606460557
4 18 12 20 47766 1.0899562825343057
1 26 25 15 110755 0.9016047705425858
2 13 21 26 101964 0.9619267939693241
16 13 8 11 35825 1.0289549952786268
29 7 16 22 77461 0.9193405077496454
26 26 4 27 88061 0.9227992047987964
13 1 23 17 74836 1.057805349660436
5 10 4 19 38079 1.063631742476526
19 13 6 18 67198 1.0133761016511385
12 8 9 24 66207 0.9229338226209866
10 22 17 6 63304 0.9907680169931496
9 27 15 19 55864 1.0845173350239408
11 27 15 4 76662 1.0327321875902966
7 7 24 28 102870 0.9682901414979033
2 8 10 22 81109 1.0588275194625223
9 18 26 8 84293 0.9033365874455603
3 9 27 12 74995 1.034313547863917
20 4 1 22 113012 0.9811860328909336
29 10 2 4 91833 1.01065068765275
23 22 12 1 90778 1.0552368988737033
22 28 14 14 61418 0.9483637067094445
0 3 16 15 74776 1.0353571563223585
5 6 24 11 71479 1.0591647102462167
0 10 4 1 41245 1.0583363482767523
19 1 28 6 45604 1.020154752175093
24 21 14 6 75742 1.0408066080423388
19 22 27 27 46687 0.9056915524323902
7 28 4 20 44861 1.059333919183422
2 14 15 4 71487 1.0844609643640404
16 26 5 26 49014 1.08656853719553
19 7 21 19 50865 1.0352004797807215
9 7 15 1 45686 1.0010055900180634
16 5 0 3 56197 1.0287351401591658
23 7 8 21 100636 0.9769097532476394
12 1 20 13 55462 1.0885993755415735
1 6 11 23 101865 1.0084566703328588
8 7 26 29 119399 0.9955969841878509
27 20 10 20 79441 1.0694342076898278
25 8 27 29 106130 1.0769075237115917
25 1 19 28 102962 0.9392189886040354
2 14 22 14 79250 1.0929914959304086
27 5 7 15 86946 0.9085552323054892
24 15 11 8 55566 0.9345205216742415
12 1 20 20 77612 1.0995326040261872
3 2 6 20 80446 0.9749315497389107
22 21 28 10 68394 1.004966974987847
17 25 13 18 38662 1.0843106617869738
16 25 28 18 59693 0.9547625410948727
18 25 26 13 65856 0.9145229332689676
19 17 11 20 43702 0.9639021297720568
21 16 24 24 47670 0.9065182794706325
18 21 13 1 72116 1.054236075513046
7 23 2 6 81267 0.9185283022172708
6 0 23 24 111431 0.9101345971803421
16 17 2 27 65131 1.0605555277676153
28 6 21 10 32006 1.0654347884154274
20 1 16 14 43890 1.0161300800938908
21 22 21 12 42304 0.9774705766691221
1 12 18 9 61629 1.0772820134040144
1 22 24 23 69263 1.0706118891881353
0 25 24 18 89901 1.0032722570458885
1 23 26 5 119415 1.029944925799619
3 16 21 16 84066 0.9457886352923313
25 19 3 7 103944 1.0867357129486315
11 7 25 23 77498 0.9327363825418318
2 5 26 21 120895 1.058264171508228
22 5 3 2 78502 0.9376248615202006
1 27 29 6 141225 0.9384431228166182
18 18 17 3 49094 0.994918209177464
2 22 25 20 85219 1.0620146665076835
3 15 25 15 95120 1.0188127238379394
21 12 9 1 73387 1.0366798664413057
28 1 24 16 64377 1.0473265151016737
22 28 5 15 99845 1.0457948570241804
9 5 23 1 59123 0.9441484217192163
22 11 9 4 64010 0.9985440330674
13 27 4 7 93001 0.9570413577300297
16 24 23 28 33159 0.9000121342965798
12 14 8 29 73671 1.0587324541362766
6 26 12 3 98124 1.030247170650859
17 19 21 29 49842 1.066081580648889
9 8 18 19 57220 0.9769100495732286
18 21 24 29 53182 1.0605695297485511
8 15 25 9 73827 1.0005043548171997
24 13 21 2 57243 0.9126214651558809
3 16 17 8 68935 0.9012642424958698
5 20 22 2 110103 0.9462463989157601
4 20 22 12 95447 1.0350004011230856
5 23 18 17 58338 0.9379577402174661
3 14 28 29 128442 0.9298285488967925
14 9 8 22 64921 1.0427595231755649
3 5 14 1 54503 1.0293482466044446
19 23 22 15 43462 1.0234859280863728
28 3 22 27 112757 1.0778950009997197
26 18 15 22 58727 1.03204372056807
8 29 22 5 108179 1.0503167431034481
24 16 9 28 82857 0.9335796996677432
24 16 7 5 78236 1.0694049904052985
14 28 21 17 52669 1.0156654352797598
12 10 1 13 48978 0.91315402684535
21 15 6 29 90946 0.909352184962347
2 16 22 1 104815 1.041632639770891
15 10 15 24 38538 1.0088822502593378
6 21 11 1 93225 1.061771330169806
12 26 18 4 70913 1.010708651456475
29 2 18 2 30935 1.0845207314746603
24 0 6 27 124758 1.0254891185621244
17 17 25 10 37861 1.078719360624966
10 25 28 12 92357 1.0153062591758204
0 4 16 4 60945 0.948445293155681
25 6 16 17 61585 0.9461127305344115
23 4 19 17 64726 0.9470926533817122
12 4 16 28 78165 1.0703133463993564
16 28 13 1 78974 0.9993659140138139
5 20 22 4 114321 1.0965728499094696
0 14 29 22 118482 1.079617144151294
23 23 27 1 98064 1.0181286554973639
15 21 28 12 71169 1.0617134639868115
6 24 2 10 65508 0.9069978857609392
8 15 24 29 102804 0.9917558339933519
9 27 29 25 83737 1.0217999358906311
16 14 5 0 71762 1.0685194824948288
19 3 19 27 77539 0.9535472927495621
21 0 14 21 80758 0.9391454241355959
27 28 14 28 45788 1.0975390589004446
23 29 24 9 91929 1.0477613816649276
29 15 14 9 64665 0.9290401303211534
1 6 14 12 62002 1.0026256164446896
28 10 18 22 71119 0.9142840326960021
1 14 7 10 29423 1.0555009893943195
0 25 17 15 71491 0.9606644707101308
21 12 12 8 40780 0.9819295509277081
1 25 24 20 76360 0.9149205380416368
15 12 3 8 50999 1.0596166822483561
0 8 28 25 117597 0.9947962669615149
9 19 23 27 74714 0.9685845214448975
1 22 29 19 105065 1.0374472450911512
1 2 2 21 94311 0.9986731946435036
1 24 26 16 98354 1.0621420160485635
25 27 4 17 95934 0.920282185972311
16 18 4 20 59904 0.9916912515561396
17 25 25 14 68478 1.0376184655706253
25 13 13 8 43965 0.9320528990737166
21 25 12 6 78339 1.029969081102391
24 25 4 4 113738 1.0542892470435261
21 22 10 28 41249 1.059005927755296
12 9 24 9 34170 0.9503091592676078
11 3 9 14 49193 0.954442104717638
25 17 2 13 105135 0.9521980552152103
24 29 13 19 69437 1.034520145735947
17 18 25 11 51849 0.9248486631672336
3 6 7 15 36701 1.0093185051831566
19 1 25 22 91032 0.9572849722369696
7 24 23 8 85519 0.9045883097172126
14 6 6 4 43388 1.0632983726541636
25 21 2 24 69190 0.9860116960636653
3 23 14 21 42903 0.999729192911914
10 28 19 2 85261 1.0387593343438792
2 8 0 28 93014 0.9048038472050471
20 3 19 23 65602 1.002825047921534
11 26 25 26 61222 0.9360970433076472
28 11 23 4 43120 0.9124059196646928
25 12 4 24 91742 1.0735083660342122
11 29 23 28 47447 1.0776092117988196
12 4 2 19 91636 1.0907268572721545
16 3 11 22 60817 1.0579882100470104
7 5 9 29 107035 0.9593385154933752
27 21 23 9 69132 1.086840198813245
16 21 5 10 59765 1.070915835529423
3 12 4 21 40894 0.9997933650721744
9 24 28 23 49514 0.9844419868004834
21 5 29 29 126863 1.0441023456958967
24 6 17 3 38422 0.9813297332295225
8 16 28 23 83283 0.9392063005228412
0 17 7 9 49831 1.042366156130187
24 9 11 14 54295 0.9573806743446551
15 14 15 28 45163 1.0593678598793714
10 17 24 11 68244 0.926233773797433
13 2 4 5 40637 0.9714358385948274
10 27 17 3 82606 1.0536212959853986
5 0 29 27 149146 0.9989077169764183
20 11 27 4 41056 0.9695966052054805
15 24 25 10 58812 1.041615386641399
2 6 18 12 60197 1.000188453224799
18 4 29 9 55632 0.988531661879615
23 17 3 14 84095 1.0090027874806662
20 6 5 7 61601 0.9968736949665146
3 18 29 26 111991 1.079659322223801
24 1 29 6 35352 1.0277910274186923
27 12 20 25 70482 1.008059733910268
3 21 23 23 65809 1.099688080062167
13 29 13 19 41932 1.0769758576938844
1 24 1 2 100161 0.9620647031602512
21 13 17 7 28193 1.0137703199654164
26 13 0 10 80674 0.9880739731983418
1 5 27 17 120730 0.9877977786782179
24 27 6 4 117763 0.9729997649041725
7 7 11 24 77173 0.9653179789954778
1 22 9 20 44937 1.000822797697781
18 24 21 9 57847 0.961708007713738
3 25 19 19 60201 1.0614752476896254
16 24 25 17 53682 1.0420805252028076
24 19 0 3 117434 1.026723568597079
18 15 4 24 60785 1.0047187865051563
14 18 0 15 68092 0.9810330866358166
3 21 25 19 91133 1.0125559194011822
23 20 10 7 80111 1.066875221476336
17 13 29 25 75617 1.046339475711496
14 0 22 4 47236 1.0078421372084954
1 15 3 0 68870 1.0853807050630655
6 13 24 5 80417 0.9411293798621113
12 23 24 26 46753 0.9462507374770776
23 4 16 8 41087 0.9943403545578743
20 29 10 2 101750 0.9689052517154146
29 14 15 28 93258 1.0506630610287988
1 26 26 22 81314 0.9785418971545297
10 21 0 4 103073 0.9587020340050585
27 6 6 7 82362 0.952642112773353
13 17 9 8 49393 1.0806452065007353
11 1 21 0 53925 0.9114150336891775
10 24 24 22 38066 1.0338751135766913
9 13 0 20 68541 0.9526737766721295
7 5 24 0 72036 0.9035232501018075
8 7 1 17 60762 1.0201352433570108
21 24 26 16 54957 1.0693820027746292
3 8 26 0 88870 1.0034958061175558
11 22 21 8 69916 1.0447495766335513
11 7 6 29 103474 1.0569654541954754
11 9 4 29 98665 0.9876510329053736
19 3 8 7 50881 0.9141027953022315
20 21 12 5 68633 1.0154079334385349
24 27 17 19 56923 0.9529638164540689
24 11 29 18 54267 1.0046393047288134
6 29 26 3 128683 1.0606097767844258
13 8 19 26 59961 1.081544416993479
9 18 5 2 67440 1.0415260484813895
18 10 24 27 77939 0.9815341680855179
13 20 3 18 59689 0.972818303409773
22 16 4 17 80747 1.0856994013269692
9 10 23 16 63300 0.9947216247087017
19 8 18 22 53766 1.0215390340555148
27 2 23 28 115480 1.0762495254583941
20 8 27 16 51716 1.0096440247828016
17 6 11 2 33855 0.9552942936959042
5 15 0 5 55726 1.0390239311226441
13 17 15 0 57919 1.092984756017073
24 15 20 3 62682 0.9392553223434814
29 23 24 17 41876 0.99167588541697
13 7 23 23 65484 1.0173910990807882
13 20 18 5 55693 0.9025692555766204
5 5 9 26 106710 1.0350099284489938
15 12 10 5 43299 1.0488086154869998
18 2 8 8 42952 1.0715556460070137
0 6 12 15 65185 0.9328729157332185
0 7 13 10 43199 1.0042984635130203
18 12 6 25 67451 1.038364257268159
23 15 11 19 66880 1.0276521150257385
20 27 28 22 44492 0.9099269913376021
5 2 23 2 64965 1.0024426193487002
6 6 21 7 66629 1.0579615809988856
5 11 26 16 88464 0.9974514294716338
9 9 28 0 80870 1.0354402801530909
1 14 24 18 98588 1.046006518538856
15 9 3 8 37725 1.0204959099066058
18 27 3 19 73193 0.9377079462279682
12 16 21 8 57347 0.9849789011712811
14 24 20 18 32966 0.9577194014795141
2 22 11 6 87832 1.093686756557543
16 1 27 20 91320 0.9893143977852723
9 18 13 25 46304 0.9604037078948594
7 28 27 6 115449 1.054167770434666
3 16 19 7 80216 0.9218440752735263
10 2 6 11 38490 1.0167289155627623
22 25 15 3 74064 0.9904358064016779
25 26 23 10 82610 1.078186517096576
25 16 5 26 100805 0.9932587766647922
10 21 18 29 47585 1.061119428316461
16 7 27 0 53026 0.9880759742117391
19 13 29 21 72347 1.0993192060783121
3 20 19 12 89163 1.0644990866550412
7 19 22 17 74533 0.9894831487240439
4 8 15 8 33332 1.0731982199414978
23 7 15 3 46863 0.9513276405499189
16 13 24 23 46323 0.9532332692156807
1 23 20 29 67680 1.0454138036033227
7 23 15 14 53846 1.0138489104874404
6 25 29 6 116174 0.9261403056103195
26 29 23 10 98506 1.057441572456329
11 8 22 21 72429 1.0548725348241206
2 5 22 3 75252 1.0003393145134982
2 23 6 3 81949 0.9858126726998679
20 28 0 26 72126 0.9134901915905513
20 1 0 14 92822 1.0685272837317186
11 10 18 13 25472 0.9026866823632057
28 23 19 1 93480 1.0146288385412012
15 12 17 2 30238 0.9947102493030138
18 23 11 20 30473 1.0674198240006272
26 14 24 2 43124 0.9303431778890041
21 0 1 21 130699 1.097787039243492
12 18 7 24 36921 0.9299791118016433
11 15 29 14 76002 0.926021690588879
20 19 3 24 58633 0.9592852046003058
14 11 25 13 40621 0.9644940636922407
4 20 10 26 46042 0.9691961011739725
28 20 16 27 55259 0.953263006528962
15 21 2 24 45773 1.0174607647427694
2 18 8 27 65938 1.0541630271453213
27 13 2 29 117810 1.0837897828247525
4 14 11 17 39096 1.0228928784123992
29 18 22 26 59016 1.0344450902630276
24 15 8 9 60516 0.9238548275807361
4 15 27 0 110083 0.9076644152125584
2 20 7 0 83375 0.9636649754075572
13 1 11 27 91162 1.0274416332140586
8 20 2 10 62225 0.9290181900460472
15 2 3 14 71214 0.9158896027284975
2 26 29 14 120204 1.0485387900048826
3 15 21 7 84567 1.0378737050889242
6 28 23 13 91271 1.008551564550484
4 24 0 1 101133 1.0706355059281423
2 21 3 2 91255 0.9565651780758494
27 28 25 15 73329 1.003191636742347
6 12 17 16 54064 0.9093522834893244
18 18 9 29 64327 0.9833189628340582
26 11 16 3 43033 1.0272492787252328
23 15 2 11 81099 0.9568382300627123
12 15 4 26 71005 1.041086036402057
10 3 0 18 79521 0.948081416884132
20 2 1 11 75327 1.0992518293410225
6 24 5 0 100990 1.0948607825645957
29 27 5 11 124440 1.0341197978975687
11 12 25 9 53643 1.096589581307027
21 24 13 11 60552 0.9099777460167546
9 8 10 27 90183 0.9060926038159745
16 1 17 18 45353 0.9725197870227681
3 9 5 24 63654 1.0396062963511796
29 13 1 8 90071 1.0234749602487123
22 17 20 1 72183 0.9386865929873751
10 1 14 25 88540 0.938797683780338
1 17 14 15 61251 0.9047130308698327
12 15 2 2 71596 1.0835658487951123
26 29 15 1 108285 1.0696019771925174
3 4 18 13 69357 1.0599425177679989
10 13 25 23 74465 0.9301755135804355
0 24 20 25 51028 0.9413270234186192
27 23 26 6 80648 1.043726940891922
0 22 19 18 75854 0.9977820513580044
10 17 18 22 44545 0.9959293779604101
14 13 1 8 51767 0.9030187579774753
1 0 9 3 36950 0.9595001199589377
14 9 23 23 53996 0.9923360428627312
25 22 18 0 92386 1.0257597071776947
25 3 9 29 117006 0.9484610729318014
21 2 28 28 117409 0.9745086304487873
7 18 24 27 93135 1.0263086870839169
6 25 24 1 110593 1.0792315209219736
19 21 6 23 44478 0.9477235076749386
6 22 28 17 95213 1.0212226119352557
17 1 9 8 40335 1.0287772880032737
26 18 7 26 90197 1.054208645079314
13 27 23 9 77281 1.051060788755419
7 29 15 1 100514 0.9462789674413237
23 16 23 29 59849 1.0847162738669838
7 4 22 26 100072 1.0015720584892036
23 23 26 6 75971 1.0574666255288692
20 22 19 12 39774 1.0083130163425953
8 20 20 0 101833 0.9595695221246576
9 18 23 29 84081 1.0648309332451953
0 13 29 2 113507 0.9729508786181446
17 3 14 10 21148 0.9920909799236824
26 19 17 10 65630 1.029430379466836
4 14 15 22 70169 1.04637735748473
23 4 15 0 42469 1.0551532956907825
20 17 28 15 46081 1.094956192556017
15 14 26 24 57411 1.0518939584338156
7 15 20 27 83493 0.9945569304192408
11 29 29 29 76101 1.0154316000865022
2 17 25 10 93539 0.908515938440075
15 12 22 6 46192 1.029321705892537
21 27 4 22 62179 1.042825794598248
23 3 11 16 77952 1.0823787513991727
2 2 22 19 108313 1.0931773660635156
8 7 23 28 100824 1.0787237265942586
16 7 22 29 73271 1.0235117169879606
25 19 0 12 114804 1.0487557136611105
22 15 18 0 66632 1.0837976873319968
7 15 24 10 62024 1.0924488594774486
25 24 0 14 107905 1.0751813363998644
28 17 18 12 55000 1.0362895479996195
22 27 15 12 65627 0.9834936277677785
26 25 22 15 61082 1.0281519875577512
4 4 11 27 108934 1.0997524995204242
2 16 1 4 66920 1.0142001716272615
29 14 16 3 66842 0.9963021105868917
7 5 26 0 75102 0.9005224966212645
13 8 11 28 68304 1.0028443599992647
4 15 22 2 85985 0.9693651897195006
16 17 0 24 55061 1.016741485314224
2 27 20 8 101319 1.0873237971513292
21 25 0 29 77995 1.0962259143693913
12 14 6 28 76370 1.0707549036061352
25 8 5 15 82354 0.9878436890954332
5 13 12 16 42353 1.070306135075843
10 8 29 10 57470 1.0655179441324893
7 10 23 15 63283 0.9031739232800229
26 11 11 5 57837 1.0767160329075258
14 29 28 25 63996 1.0674325330760053
20 17 6 3 73722 0.9025429874444512
17 12 29 18 66174 1.0940054358731601
4 15 27 27 113485 1.0069432360543125
25 28 28 21 41978 0.9482945901266361
17 7 25 10 28532 1.0578401299408733
6 4 8 16 45761 0.9387229502260981
4 23 21 29 63358 1.0457125174685107
15 0 10 11 51213 0.9737811226957039
21 6 6 0 77418 1.0475455904816746
2 10 11 13 39502 0.9917327620100237
8 2 9 17 57969 0.9725660352276573
1 1 22 26 131439 1.0494917425007657
24 16 4 17 88054 1.0508265212860073
25 5 13 25 91976 1.0068920449958043
4 3 16 6 46479 0.9507167685403
26 6 16 11 41665 1.0862833294869743
26 17 6 22 90669 0.9302596568621111
0 22 17 19 68230 1.059618105807204
5 2 27 27 130004 1.0698026954459139
1 15 0 29 77284 1.059637160284404
9 19 5 4 73641 1.0449187479573703
16 7 5 17 64059 0.921811636638216
18 6 7 17 69081 0.9295487907983822
22 17 12 21 55679 1.0977569539088885
7 16 2 26 59773 0.9431435469485933
4 7 2 25 78719 0.93189830351294
26 12 7 21 102749 0.9975669580244707
6 22 4 4 76750 1.0300049590699862
11 24 18 7 59388 1.0529356161385046
7 17 21 18 62564 1.0977376565544994
13 0 5 17 83362 1.076119252551647
21 23 29 21 34661 0.9487335633067242
29 4 13 27 109392 1.012961926626593
27 20 10 23 61368 0.9788957674198894
13 28 5 19 61635 0.9642519159850242
4 19 27 15 111843 0.9715771610670879
1 11 26 13 83348 1.03483625870378
4 17 29 12 107125 1.0554742094061476
3 4 16 20 82229 1.046054903463354
1 3 0 12 44408 0.9642116529010789
14 7 3 26 85610 1.0549556319157445
5 0 21 17 96679 0.9917804350479476
19 7 0 10 62905 1.0329653382425434
27 27 0 29 102624 0.9710932982754874
4 15 2 0 62004 1.0294373433812645
0 28 7 17 65800 1.0552258029302737
3 7 21 0 81360 1.0838809969619057
9 25 5 18 53081 0.9463520388797814
17 14 6 4 59913 1.0144292813247349
