3468 3408 3324 3596 3454 3610 3302 3278 3383 3551 3300 3466 3494 3439 3457 3549 3453 3405 3360 3369 3263 3629 3417 3346 3345 3387 3424 3450 3473
1465 1464 1475 1636 1467 1473 1463 1635 1678 1598 1778 1505 1699 1629 1801 1579 1447 1553 1762 1593 1446 1593 1511 1473 1566 1583 1611 1523 1799
2530 2803 2678 2760 2806 2810 2716 2804 2808 2540 2800 2730 2807 2548 2524 2503 2590 2687 2597 2561 2695 2709 2668 2834 2780 2657 2745 2526 2653
8534 8518 8772 8711 8549 8491 8813 8759 8519 8606 8749 8825 8668 8647 8538 8673 8682 8501 8577 8665 8558 8551 8690 8821 8496 8538 8776 8672 8739
7841 7855 7913 7749 7711 7685 7958 7805 7621 7951 7807 7749 7661 7926 7671 7696 7837 7706 7670 7898 7738 7791 7843 7853 7936 7917 7606 7910 7883
5777 5597 5691 5568 5805 5473 5642 5708 5733 5800 5842 5697 5682 5494 5773 5623 5590 5649 5567 5525 5806 5514 5681 5484 5554 5802 5692 5598 5791
2064 2271 2243 2224 1989 2086 2204 2033 2260 2304 2143 2017 2312 2257 2011 2254 2246 2116 2192 2133 2181 2263 2298 2087 2000 1984 2260 2172 2172
2403 2162 2105 2197 2433 2329 2103 2108 2114 2441 2250 2075 2362 2312 2275 2196 2242 2382 2216 2190 2119 2325 2314 2409 2268 2281 2314 2246 2286
7313 7453 7182 7332 7417 7371 7279 7405 7442 7299 7195 7300 7462 7314 7143 7100 7150 7341 7151 7428 7398 7393 7157 7151 7374 7390 7279 7351 7339
7101 7337 7361 7085 7282 7058 7170 7055 7287 7040 7275 7269 7235 7032 7030 7306 7021 7025 7027 7045 7231 7305 7362 7162 7184 7019 7165 7136 7117
8345 8566 8505 8471 8470 8552 8521 8308 8472 8306 8382 8283 8376 8605 8399 8427 8468 8304 8359 8389 8580 8269 8488 8605 8589 8285 8474 8602 8477
2171 2345 2275 2222 2329 2108 2295 2273 2188 2190 2270 2334 2232 2434 2426 2435 2262 2082 2378 2169 2383 2285 2106 2175 2111 2203 2189 2124 2088
3290 3458 3280 3494 3405 3538 3265 3570 3602 3581 3421 3558 3600 3273 3241 3494 3390 3278 3290 3572 3542 3456 3343 3294 3415 3388 3257 3351 3416
2954 2890 2939 2894 2799 2677 2978 2731 2770 2886 2704 2763 3002 2947 2769 2677 2649 2767 2923 2797 2809 2669 2733 2686 2823 2735 2783 2648 2729
4111 3909 4149 3842 3932 4097 3829 4027 4105 4124 3910 4048 4038 3863 4089 4114 3965 4048 3888 3924 3867 4136 3960 3964 4153 4029 3857 3986 3930
3013 2717 2842 3016 2981 2764 2816 3041 3047 2976 2955 2972 2723 2760 2925 2857 2695 3000 3015 2862 2773 2889 2827 2862 3005 2700 2747 2899 2800
1289 1235 1446 1561 1504 1258 1465 1593 1329 1349 1249 1388 1296 1397 1562 1459 1563 1557 1435 1240 1583 1510 1404 1596 1305 1377 1291 1490 1315
1891 1849 1907 2054 1844 1959 1972 2039 1889 1794 1829 1975 1845 1765 1873 1894 1813 2025 1853 1829 1913 2070 1769 1730 1933 1980 2039 1966 1901
7372 7402 7586 7305 7372 7510 7417 7501 7548 7316 7387 7394 7296 7489 7586 7262 7484 7350 7403 7506 7260 7606 7347 7564 7257 7546 7287 7403 7534
8125 8178 8182 8101 8004 8138 8258 7914 8220 8164 8087 7944 8239 7929 8239 7954 8142 8016 7954 8064 8139 8263 8223 7918 8203 8102 8113 8177 7934
1698 1656 1607 1734 1526 1743 1569 1465 1527 1669 1445 1606 1706 1571 1762 1624 1499 1753 1744 1531 1652 1436 1425 1727 1448 1658 1653 1498 1703
6541 6813 6751 6763 6663 6733 6836 6616 6812 6685 6667 6632 6741 6759 6509 6598 6835 6867 6781 6817 6852 6675 6829 6532 6626 6856 6670 6757 6817
1075 1152 1285 1214 1226 1405 1349 1357 1131 1273 1205 1371 1095 1245 1044 1241 1228 1132 1265 1246 1131 1325 1068 1340 1337 1078 1187 1191 1378
1411 1459 1169 1217 1234 1202 1326 1437 1304 1397 1465 1182 1174 1484 1407 1472 1422 1324 1196 1219 1278 1403 1440 1262 1352 1208 1231 1385 1390
3281 3329 3342 3266 3137 3238 3489 3205 3184 3441 3352 3294 3248 3367 3327 3491 3441 3494 3168 3340 3469 3451 3422 3474 3197 3445 3474 3450 3431
7588 7865 7609 7858 7750 7862 7746 7777 7623 7823 7889 7619 7836 7689 7617 7744 7887 7854 7669 7732 7723 7682 7888 7760 7762 7766 7738 7747 7779
6494 6697 6379 6515 6623 6554 6543 6496 6660 6582 6590 6620 6535 6433 6682 6679 6608 6659 6449 6487 6383 6577 6665 6594 6522 6444 6605 6445 6522
4669 4417 4770 4611 4497 4417 4754 4529 4697 4591 4468 4681 4633 4749 4729 4524 4755 4426 4667 4449 4753 4531 4657 4489 4667 4467 4669 4673 4503
5255 5044 5126 5165 5303 5281 5136 5273 5291 5291 5166 5322 5231 5029 5142 5212 4967 5076 5196 5149 5174 5270 5172 5111 5152 5083 5120 5038 5092
4723 4758 4606 4701 4430 4544 4439 4715 4678 4544 4620 4672 4599 4447 4640 4440 4796 4739 4786 4523 4698 4771 4553 4500 4742 4461 4515 4569 4678
6194 4226 7984 3257 1150 5761 5988 7214 5227 5505 5543 3371 6924 6060 7718 2728 7081 3456 7442 6690 5082 5327 7620 8140 5979 2921 2651 6406 7859 8449
6105 4502 7993 3175 1081 5768 6140 7443 5280 5268 5609 3194 6869 5961 7846 2895 7028 3400 7562 6791 5231 4997 7841 8246 5865 2979 2733 6689 8009 8651
6331 4488 7987 3084 1025 5409 6141 7274 5220 5486 5537 3253 7132 5959 7864 3062 6995 3429 7444 6864 5334 5118 7820 8143 5907 2783 2636 6657 8030 8654
6254 4443 7869 3220 1311 5567 6147 7356 5226 5409 5768 3201 7075 6026 7803 3062 7227 3453 7667 6719 5212 5329 7851 8053 5906 3053 2571 6601 7856 8695
6288 4273 7747 3388 1225 5577 5931 7095 5259 5497 5803 3245 7103 5963 7705 2862 7038 3326 7474 6632 5313 5035 7857 8298 6210 2895 2735 6532 7741 8580
6183 4522 7763 3207 1348 5690 5849 7290 5343 5177 5841 3177 6812 5842 7973 2841 7149 3456 7461 6778 5101 5039 7602 8118 5959 3009 2691 6363 8014 8365
6075 4256 7868 3375 1283 5519 6004 7378 5120 5199 5903 3239 7162 6156 7991 3044 7054 3544 7468 6518 5224 5355 7922 8315 6232 2985 2600 6475 7978 8563
6100 4248 7804 3200 1361 5467 6073 7424 5393 5240 5538 3117 6856 6003 7998 2782 7310 3324 7351 6743 5145 5115 7822 8259 6233 2995 2597 6680 7891 8636
6093 4248 7970 3322 1271 5580 5955 7334 5096 5349 5864 3370 7167 6131 7801 2961 7095 3541 7315 6578 5322 5089 7886 8031 6040 3019 2768 6372 7797 8684
6194 4363 7646 3255 1239 5661 5814 7316 5165 5467 5775 3064 7141 5950 7706 2766 7172 3373 7542 6691 5231 5284 7621 8172 6224 3022 2714 6380 8031 8622
6143 4501 7774 3109 1291 5600 6037 7247 5168 5153 5660 3305 6959 5814 7782 2944 7237 3416 7382 6774 5274 5084 7637 8251 6029 2924 2613 6459 7969 8652
6275 4263 7994 3202 1209 5513 5908 7192 5192 5331 5753 3211 6877 6062 7774 2916 7221 3504 7615 6711 5074 5224 7876 8177 5965 2891 2495 6635 7795 8696
6165 4335 7743 3270 1251 5764 5803 7160 5120 5336 5708 3039 6814 5894 7636 3041 7038 3249 7512 6598 5306 5256 7599 8393 6038 2859 2472 6381 7742 8607
6138 4456 7994 3120 1165 5559 5950 7373 5299 5190 5882 3179 6901 6124 7778 2799 7228 3466 7411 6677 5314 5266 7889 8351 5960 3031 2504 6471 7793 8433
6423 4474 7818 3413 1213 5431 5820 7292 5070 5483 5855 3334 7041 6032 7982 2855 7123 3324 7374 6637 5124 5219 7630 8272 6114 3039 2512 6665 7813 8526
6068 4395 7697 3184 1178 5753 5790 7096 5091 5344 5862 3171 6829 6060 7930 3010 7326 3246 7593 6763 5102 5162 7887 8286 6093 2784 2543 6465 7719 8500
6153 4315 7830 3394 1056 5669 6093 7106 5364 5220 5669 3337 6898 5828 7661 2946 7196 3326 7506 6609 5212 5051 7856 8220 6040 2709 2833 6678 7796 8439
6391 4334 7801 3308 1022 5657 5870 7244 5061 5262 5873 3343 7031 5990 7631 2774 7346 3502 7325 6685 5021 5061 7739 8065 6181 2932 2698 6652 7767 8429
6270 4445 7963 3315 1255 5621 6113 7308 5383 5310 5774 3140 6940 5914 7982 2783 7066 3522 7412 6511 5308 5321 7838 8205 6030 2936 2790 6553 8016 8408
6151 4327 7731 3219 1354 5659 5961 7164 5335 5144 5673 3389 7106 5988 7849 2845 7155 3480 7358 6663 5121 5306 7899 8362 6145 2873 2513 6483 7971 8445
6206 4513 7875 3208 1078 5585 5968 7386 5325 5434 5648 3381 6892 5921 7907 3074 7203 3459 7657 6798 5268 5028 7641 8028 5891 3020 2618 6571 7779 8684
6128 4317 7711 3316 1233 5487 5815 7403 5346 5261 5626 3373 7038 6063 7633 2749 7294 3263 7390 6809 5123 5020 7630 8333 6176 2688 2681 6507 7782 8467
6144 4312 7744 3391 1044 5645 5821 7250 5241 5497 5626 3155 7048 6153 7751 2987 7018 3570 7317 6583 5368 5042 7805 8047 5921 2794 2515 6414 8065 8353
6435 4552 7909 3375 1061 5674 5859 7177 5334 5331 5682 3192 6882 6039 7974 2949 7148 3355 7659 6592 5161 5039 7897 8097 6088 2700 2798 6488 7929 8370
6407 4505 7724 3300 1052 5495 5998 7086 5105 5294 5727 3144 7082 5923 7907 2741 7287 3447 7669 6524 5311 5329 7843 8060 5883 2766 2736 6631 7747 8611
6364 4253 7994 3244 1374 5468 5785 7189 5048 5451 5680 3339 6896 5959 7966 2882 7218 3592 7610 6527 5041 5022 7830 8129 6196 2786 2644 6421 7728 8530
6429 4556 7796 3395 1230 5572 5797 7353 5113 5306 5779 3237 7163 6077 7997 2771 7116 3418 7448 6574 5318 5155 7635 8225 6190 2732 2711 6434 7906 8477
6341 4260 7926 3371 1327 5419 6080 7442 5306 5418 5734 3146 7012 6069 7711 2908 7306 3310 7467 6811 5310 5087 7687 8177 5911 3001 2778 6562 7813 8662
6221 4444 7780 3413 1168 5610 5958 7233 5172 5188 5793 3369 6982 6131 7852 2907 7272 3341 7514 6772 5220 5156 7651 8238 6097 2729 2723 6512 7728 8663
4 0 22 8 46069 0.9800793587041985
13 5 26 22 58887 1.0524458559452063
5 27 15 19 50940 0.9159096869536084
29 28 0 2 88600 0.9015332689211847
5 17 10 27 41863 1.0534218847966659
21 12 13 28 52298 0.9587493048586664
2 2 18 28 68832 1.071002933427933
11 3 25 7 34291 0.9831010251856938
16 12 9 1 32857 0.954321388939048
16 5 0 21 52388 0.9894909187461932
22 16 2 7 47642 0.9337214541079681
19 18 22 5 30532 0.9089196845456586
3 5 8 22 62010 1.0769756796102943
13 8 9 2 29592 0.9969163362499942
11 3 29 26 61233 0.9279725222107046
12 1 1 0 29580 1.0331595051729958
26 24 8 29 73330 1.0080299554048555
23 13 15 0 31362 1.0859269662305664
17 2 3 11 41007 0.916694041254478
22 7 0 3 34175 1.0104482752605097
25 0 29 11 46877 1.0204494527764332
25 5 10 10 42794 1.0769771085329598
22 5 11 18 45014 1.0258876191451047
27 27 22 20 25352 1.0496227174292645
23 29 6 11 68091 0.9911801324801663
27 29 1 20 91738 0.9342296583975646
24 5 9 14 54991 0.9680802938915348
1 11 21 4 35308 0.9674909955779152
8 10 28 15 67149 1.0928738242358342
2 13 0 22 26303 0.9275838342931663
14 27 22 24 27460 0.958462506370077
29 16 6 3 58937 0.9660960221153561
25 3 14 0 32891 1.0478811380814137
28 9 27 0 46078 0.9098728382134672
5 4 20 0 25191 0.9633738040563459
29 26 10 13 74762 1.055687075619223
9 4 26 25 52604 0.9848860524617938
26 15 1 25 81850 1.0957264469142642
1 25 9 1 55482 0.9725866835023417
6 0 10 16 49998 1.0538780950172666
4 20 6 10 32095 1.0016485605028038
19 24 26 4 43846 0.9119542798474405
19 19 2 23 73096 1.069673095965959
20 21 5 17 57953 1.0139580606346068
1 3 25 23 69652 1.0608828781672306
15 16 4 6 49573 0.980625398181373
25 0 7 1 43769 1.0803529338971765
20 1 24 16 29404 0.912967046923741
13 7 2 20 54240 0.9736551246370456
6 25 5 6 47160 1.0312728218355875
22 12 28 7 33125 0.9121610998926378
17 2 19 14 31268 1.0408033681331932
8 3 26 17 52517 1.0821662989236533
14 27 28 17 56364 1.0650829413920404
27 8 19 29 64665 0.9185783482983203
12 9 0 10 43816 1.0025108946690766
23 0 1 15 49475 0.9563001176314517
22 9 23 21 18131 0.983044671921114
9 20 29 21 91401 0.9153398866124577
15 3 6 9 24871 0.9211602746631301
1 4 12 18 48993 0.9326277767442339
28 11 12 22 74205 0.9397387779857506
26 16 24 7 33203 1.0923453168148407
28 26 12 11 65110 1.03991086633861
18 0 10 19 61090 1.0809846722157055
6 25 22 13 59615 1.0090224589403312
1 16 10 25 40684 1.0863469599308286
6 19 25 6 66361 0.9473448211369195
20 16 17 26 23874 1.0204348293683085
25 0 3 2 56922 1.0018097919355364
1 1 25 12 54001 0.953594280870304
28 5 9 6 41693 0.9667228306446453
4 19 10 28 53930 1.0859962086156336
27 7 14 3 32660 1.0929280274441
26 23 7 15 79720 1.0738080139008725
0 29 10 15 56379 1.0328467144272542
15 3 28 0 38870 0.9658078449612026
1 12 28 0 65724 1.066691343120681
8 28 9 1 77155 1.0864130169357598
29 6 26 20 52944 0.9574082265696515
1 13 6 0 29088 1.055280790441614
27 21 5 9 79320 0.9426662320019655
8 7 23 0 38765 0.9806980151455114
13 12 0 11 44549 0.9300425578976915
19 17 23 0 32427 0.9132507309332139
0 9 24 25 70178 1.0930962478686101
14 5 13 18 37538 1.0810278412194068
10 3 18 19 43648 1.0539844170790975
23 4 29 22 58082 0.9717904671860438
23 0 27 28 54675 1.0693327535395107
27 3 20 14 28510 1.0109950764952305
27 7 19 15 41798 0.9680743836775452
18 2 21 15 34154 1.031285174364552
29 17 18 10 50745 1.0261581842668315
10 11 13 1 30141 0.9340029910522197
2 22 22 0 64987 0.9745308460630289
9 3 25 15 42946 1.038535813392582
19 5 1 21 56894 0.9750484302065372
9 3 16 0 20133 0.9009152986243655
7 29 6 18 26584 0.9977854085868241
24 10 14 10 40077 1.0800775688908384
12 9 10 19 35148 1.035669334995897
1 4 27 28 75287 0.9749002929918573
14 0 25 25 58494 1.0879572619166258
19 3 9 19 62273 0.9099067812107936
22 16 0 20 71133 0.9465031362096962
21 23 29 15 38114 0.9508251011814574
25 5 6 15 53812 0.9666392909069631
28 26 18 25 28777 1.0293289384804631
13 26 15 12 34672 1.0610597408451317
16 3 20 16 25461 0.9368598050433056
17 14 1 10 46434 1.054740669404316
19 20 29 23 47267 1.0458276462502676
19 9 15 28 47393 0.9548309189653461
24 25 10 8 58695 1.0720191651510753
8 28 10 5 74536 1.0596762295350253
0 6 2 27 43358 0.930655262573773
26 7 12 27 75956 1.0563641278797464
28 27 14 6 65812 1.0258686348527646
9 22 6 9 46942 1.0284593204064598
24 25 25 14 29375 0.9263678768770286
25 26 27 8 50123 0.9258798177486971
14 27 18 14 37391 1.0137710719281565
0 10 18 20 65774 1.0599380007473274
4 28 29 29 94805 0.9560791121846595
5 9 23 17 53758 1.041399043327068
11 22 22 12 51170 1.0110168187174782
19 18 0 24 77846 1.0832256213473295
13 7 2 28 66185 1.099707656735902
29 22 10 4 73431 1.0148601576125622
18 15 7 22 47464 1.0715452124001377
23 27 13 13 48688 0.9482502825031557
13 15 20 6 32010 1.0450157808663927
23 20 23 0 26501 0.9126888550820469
15 0 24 28 57926 1.079771624535058
13 6 25 6 30508 0.9978893393166133
29 21 13 26 62695 1.0887891667061644
25 24 18 2 57347 1.0341750242347683
22 1 2 18 55939 0.9256525715477749
16 6 7 0 22807 0.9891196010136603
20 12 2 14 58059 1.079451566322135
4 14 0 2 42486 1.0806363139516009
3 11 13 2 38267 1.0693527946782275
2 4 1 24 32764 0.904021839350699
24 9 29 14 35238 1.083567429694358
16 18 24 4 29072 1.081666359389829
26 8 22 18 31164 0.95751123509233
17 1 10 19 52808 0.9003546334530436
23 15 0 29 84693 0.9486283634405942
5 6 22 12 39700 1.0478091645549261
20 5 22 18 21139 0.9625892295614467
23 24 25 13 26869 0.9739439841037836
21 21 5 17 62981 1.0338400386433872
20 22 7 24 44859 1.097791655240562
2 28 13 24 39721 0.9045565387270003
29 12 17 8 48264 1.0070054107633912
22 3 14 16 33581 1.0224291114655872
17 19 9 27 40348 0.9114186368363536
29 9 22 1 34713 0.9299367676005714
29 26 15 6 59918 1.0872498540128313
13 2 28 6 34059 0.9842579262006241
25 12 19 26 42219 0.9717359644811707
25 3 11 25 60315 0.909779970477107
11 10 21 22 54075 1.0097620537696084
24 16 7 15 52672 1.0083430746090263
17 27 12 10 42688 1.0127898136507636
21 1 13 7 26207 0.9300353495503613
27 22 7 1 73283 1.005870978702641
23 1 24 17 24706 1.0580329878908956
13 3 6 24 55185 1.0334484181760677
7 14 27 25 71611 1.0006717662847135
11 24 24 19 51213 1.0235230626311205
16 11 3 18 57997 0.9785561662385925
15 19 24 2 43384 1.0438626569484244
11 20 24 13 55035 1.073445901667247
0 19 29 12 90714 0.9517973270917783
27 24 10 9 73819 0.9063940391918577
13 21 28 1 69165 1.07108514301097
2 21 13 24 46249 0.9788217208276648
24 2 5 0 43157 1.0067451610887947
21 29 23 18 25096 1.0769678979836628
27 26 23 2 42463 1.0820399015630537
11 16 11 1 34356 1.0472052670752998
13 12 22 6 31823 0.9479232581937499
4 7 12 25 71328 0.9573460118976289
10 20 19 10 53677 0.9453673979017991
26 8 29 18 52996 0.9432584890104039
24 6 1 3 35565 1.0901659167960989
15 3 1 16 39594 1.028897455259488
27 5 6 3 31941 1.0479974218222992
14 10 2 5 39343 1.0481780205694964
3 22 26 19 102663 0.9130959666610123
25 24 11 10 66040 0.9088560519626114
19 9 13 13 32981 1.0296662073618814
16 24 26 2 53160 0.9301055162117874
29 23 23 18 35106 0.9794604897275633
27 2 18 21 55096 1.0521848025357978
25 14 26 28 49111 0.9116660886422444
19 22 3 5 66308 1.0601323141970194
2 8 15 26 62468 1.0372373289958718
1 20 26 19 91822 0.9730069298266193
14 19 11 4 38934 1.0782953761182266
29 20 12 18 75196 1.062619719612791
9 10 11 20 34396 1.0876753186250347
1 24 11 0 53131 1.0364944619880059
6 0 20 25 59378 1.0339574742601798
7 24 27 26 57304 0.9468324148951042
9 24 23 7 69580 0.9347718734076407
5 7 14 19 58948 1.0548434120032806
8 1 6 28 63797 1.0739861086682918
2 29 15 29 50278 0.916110564176833
28 13 21 22 43607 1.0216673928679316
12 3 3 23 62761 1.0434158744299404
4 26 10 5 62386 0.9721009756376491
3 18 21 7 69645 1.0064936866488188
23 20 5 27 60792 1.0895729244989318
25 8 13 4 27236 0.9894543532327889
5 14 18 25 58025 1.0236978406011308
0 28 27 21 94567 0.9361712222107214
16 19 26 13 46984 0.9336484718550954
19 19 21 10 27021 0.9750225330630548
26 26 16 18 38276 1.0152538201418484
5 8 0 25 51117 1.0288278450042425
29 13 16 1 50347 1.096215781192883
17 8 22 0 18482 0.9771095521168128
14 24 7 0 60063 0.9407712289306052
20 10 29 4 20066 1.0991407748340047
4 20 28 25 82886 1.055165080361268
12 14 13 26 35713 1.000235206942966
28 22 22 8 50164 0.9269351221126658
26 18 11 14 57152 1.0955828606983573
8 10 22 9 43710 0.9026936112510814
22 5 14 24 48242 0.9796569284093326
20 4 7 14 38392 1.0386378655374968
28 11 6 17 74042 0.9980854187906607
21 16 13 18 35335 1.0858542123011095
7 20 23 16 58930 0.9866788989681465
1 15 20 21 64991 0.9673883199619147
20 2 28 27 54046 1.0215540053077405
16 7 20 14 23612 0.9867056281757909
6 7 17 29 58898 1.0623758962950935
3 23 26 11 91156 0.987115508575304
27 13 21 9 33120 0.9612740559718279
14 3 14 14 31577 0.9081080357379193
2 14 8 28 50942 0.9772557976426083
16 14 28 14 41113 0.9220204413628252
18 25 4 12 69906 1.066920732796102
23 0 8 26 65338 0.9519624455696327
27 26 1 13 80241 0.9558745113837688
15 18 7 8 44809 1.0961722091760269
21 24 14 5 44174 0.9075691493403142
12 10 18 16 33973 1.0013781386201848
7 19 26 25 67232 0.9497042411685114
20 25 17 16 25033 0.9516401271391609
7 9 20 9 34782 0.9786803717592037
23 8 5 23 75119 1.0770857966515552
21 21 14 7 47211 1.0079456957591264
29 20 20 6 58641 0.908182496819347
22 28 29 13 45001 0.9359498012563217
22 24 27 8 43652 0.9969942034877914
11 6 8 16 36413 1.0945335979607773
10 1 23 27 55195 0.9241209588185627
1 10 14 16 50501 0.9939062102471877
16 14 1 22 56375 0.9323619170606742
28 24 20 8 50394 1.060645653292009
22 28 18 6 45085 1.0224281869746241
5 18 0 11 32288 1.0737038484911419
7 17 21 27 62508 1.0715758357154546
21 19 11 13 44247 1.0057735386310875
9 7 17 3 30421 0.9977875024480477
0 15 12 19 46716 0.9563369974137755
21 15 21 25 17750 0.9001337259965234
29 9 16 24 66797 0.9951231051656887
21 6 8 17 57666 1.0824161977982936
9 22 20 11 63866 1.0948309636264952
29 29 8 24 79868 0.914005060860826
21 29 15 13 49096 1.0326355891360348
16 6 29 25 55282 0.9065512487744102
19 16 9 20 52415 1.011141630397433
24 15 28 26 31192 0.9791294548044039
11 3 16 20 30882 0.9541779239130802
21 29 12 21 50770 1.0806101954100231
26 27 24 14 35635 1.049031140211135
29 17 3 14 89936 0.9374023310130283
24 19 2 18 79950 0.9316392195049363
18 9 8 3 32596 0.9152187869161471
2 13 24 9 58150 1.0221934082808972
21 8 11 28 60073 0.9926504399880144
20 25 3 25 49251 0.9913220616002988
12 8 25 4 28740 1.0568617950135022
24 8 9 1 40297 0.9212883087691762
2 22 6 9 43213 1.0407935799116492
7 29 13 1 72935 0.9544451842560895
24 20 12 25 43561 1.0784722648512564
19 17 14 1 41873 0.930490921568128
6 20 23 9 61563 0.9707221278570035
28 26 3 28 82067 1.0922163280837525
0 26 1 2 40594 0.9891223471508525
10 9 28 0 57038 0.9942453478530493
18 5 16 29 44072 1.0405196973125566
2 14 24 19 75482 0.991038788767032
0 12 24 17 65283 0.9901405272933066
8 19 10 10 42736 0.9520369098153167
11 2 24 11 31112 1.0872290081115947
15 14 6 7 39991 0.9203855310379236
9 25 23 27 40554 0.9817844319913073
12 13 23 5 38904 1.0381826750013032
19 6 25 12 35518 1.0781375297921152
29 14 14 28 67207 0.9774820219185133
17 23 11 1 45975 1.0790345740200329
1 29 9 21 42700 0.9474247295913171
8 4 13 29 56955 1.0465794795899204
11 18 19 27 46770 1.0235250801363467
13 1 22 7 23257 1.001973069989537
12 17 0 22 53076 1.0645363045740321
17 5 11 27 49034 1.0221207403613721
25 11 3 15 65877 0.9878785558251485
19 14 0 6 55028 0.9497205385902506
4 7 11 2 31606 1.0805079333987757
17 6 4 2 34052 0.93734957954833
25 29 24 4 51236 0.9647656163076116
8 19 26 6 76465 1.066713899421564
15 18 29 16 51024 0.9826260212366229
23 22 17 5 32756 0.9470423755565655
1 15 12 15 32135 0.9580385622007412
27 15 1 6 55388 0.97402106939402
2 3 13 10 33415 0.9138784465015243
25 21 17 9 46270 0.9738917586905453
9 24 18 1 68976 1.047716270608066
2 19 15 12 56720 0.9926642100606557
26 21 19 17 34179 0.9890324595869509
0 12 24 19 71040 0.9839723855503648
28 16 1 28 94292 1.0638886296072232
5 28 19 11 69756 1.0733072003238318
21 14 23 25 23784 0.930583699848822
9 0 12 13 47372 1.003962091343305
15 9 2 29 73989 0.9249464025843053
26 27 6 21 69881 1.0822804365196024
1 13 26 25 76805 1.0690854900049194
2 11 21 25 68437 0.9072739894406683
26 4 26 21 41400 1.052630548040795
8 28 28 4 80756 0.9397448018153125
27 28 15 11 62122 1.0745357260346955
29 17 20 19 34252 1.0509043252120942
7 7 29 1 47362 0.9488168149573447
15 17 2 29 60628 0.9760047599748531
26 1 20 6 23779 1.0813609603367271
1 22 14 0 60770 0.9656781545923142
25 9 0 1 52422 1.0610629530702675
19 2 7 2 31239 1.0739533782990065
20 18 17 1 31906 1.051779541139863
27 28 20 10 49091 0.9243274115640517
20 17 25 27 33062 0.958282989749654
12 21 18 13 42184 0.918155534745091
6 7 12 0 27119 0.951233706590991
2 4 16 2 20377 0.9826903734618673
18 2 23 21 41271 0.9727710457966333
16 26 4 18 57891 0.9428590401949353
21 11 4 28 83408 1.0925426398865157
22 12 4 3 38595 1.0791485359258723
18 24 6 24 42002 0.9206137719413964
27 15 12 15 43206 0.9549064271848482
14 1 25 22 60009 0.9456910682717706
9 27 26 14 72783 1.0846337144701133
13 20 7 27 34428 1.0116843954968733
26 27 22 1 48041 0.9499720111161287
8 1 13 22 64303 1.0545474877020897
3 16 20 17 61027 0.9587678422747269
24 25 25 2 45916 1.0545565174263394
25 3 4 2 44862 1.0424833985934168
17 26 14 11 31010 1.0890685028380251
13 6 3 2 32715 0.9708683127610025
18 4 19 23 41224 0.972897297498619
5 20 23 3 61378 1.0093121517423074
18 5 11 23 56668 1.058462117761174
1 6 5 14 32440 0.9342100686356314
15 29 28 12 69803 0.9313422434562526
10 13 9 4 28563 0.9682429269339629
23 9 2 14 55367 0.9421410058088583
5 20 0 7 49217 0.9399920809513042
5 11 16 24 54196 1.0147437790594735
7 28 2 8 54600 0.9382049446705405
8 5 19 20 52782 1.0816045906504619
11 5 28 2 32722 0.9933034825510018
3 15 25 6 63610 0.9502665624445857
10 25 27 24 53131 1.0118342223095629
26 6 15 17 46364 1.070396298242431
20 1 11 25 54330 0.9598667070489056
19 25 2 13 69246 1.095484316857934
7 21 12 10 40856 0.9362692201043805
27 14 5 19 80934 1.0687590921765133
6 2 9 27 66967 1.0861741059493963
17 15 21 1 32533 0.9042230168785844
17 29 10 20 39802 0.963935396185929
27 19 28 5 51758 0.9534897592736973
20 20 21 11 18177 0.9700984474292831
16 20 24 4 31747 1.0144751042886817
28 6 25 26 51350 1.03188494956556
3 26 8 14 44720 1.03580392499226
24 5 12 12 38268 0.9012553471415391
1 26 5 14 34760 0.9805710990095978
20 5 4 24 74025 1.0990629007068766
8 13 29 17 80179 0.9113399751651748
10 15 19 9 40740 1.0387675486233405
3 24 5 11 45256 1.003868294503998
15 27 5 2 60292 1.0829194274371703
13 27 3 17 50531 0.969014748367286
2 9 18 11 47741 1.0166565516369166
10 20 0 21 53886 1.0465610327061183
21 15 28 20 38510 1.00850544828961
2 7 0 24 39708 1.0342071781222737
3 8 0 20 35204 0.9576996598908593
8 11 23 13 49836 1.0513633725519012
5 10 11 15 31078 0.9909313496786473
25 22 3 11 82888 0.9012492217267876
16 26 29 6 55647 1.0016491155818674
23 7 0 28 74612 1.0390875359810015
18 13 14 20 30054 1.060730085282803
6 23 13 6 55680 1.037138082139088
10 28 28 0 90903 1.0579948731056685
6 12 28 7 59303 0.9704235331662205
4 27 28 17 86302 0.9071168716247732
0 1 24 12 51145 0.9511398992801031
29 6 29 17 50590 1.0687606442370847
16 19 17 1 28270 0.9574911855735456
25 0 3 5 51021 0.9980638213681552
1 9 24 9 46043 0.9435826294419764
22 2 8 10 39741 1.0895973191321884
29 20 10 25 75576 0.9715656359769521
26 27 14 15 53725 1.0993486244122457
10 20 5 1 59384 0.9357216003439861
6 18 10 3 42008 1.014770314042667
21 8 29 5 23369 1.037715687123076
25 22 5 9 75108 0.9163571602884053
4 14 18 14 54942 1.032692399404428
18 24 4 13 70666 0.96391920292408
3 11 16 2 38997 0.9095236890350383
21 7 16 13 29342 0.9593795115346383
21 4 3 5 30659 1.025170873589315
3 14 26 13 86370 1.0949270486817826
27 12 12 2 46581 0.9432673795922776
5 21 21 6 68162 1.0090340364370445
6 13 28 14 72937 0.9862205396449123
6 20 26 20 80735 1.0928409048003849
25 12 17 17 38948 1.0478130208566903
19 14 14 25 37217 0.9062594555984314
2 10 15 6 37941 0.9756830262979944
9 18 21 24 61022 0.99695317830177
23 12 5 24 72337 0.9469364746900141
22 24 29 2 42240 0.9107400832242125
21 26 8 11 60797 1.0277338991587115
28 10 15 11 47513 1.0703890125748763
11 21 21 7 59815 1.0723285790365393
21 4 20 16 20291 0.9312306960058778
4 7 18 9 49146 1.0004991390106912
2 27 0 7 42777 1.0424735605569513
18 16 8 2 50860 1.0021837307152428
8 9 15 20 54362 1.006208967022895
14 7 2 22 62730 1.066510532275481
22 25 8 18 63248 0.9444336080586601
3 19 2 5 40187 1.0013186942975585
17 23 29 7 61784 1.0668381371255153
6 2 1 7 14860 0.9604091958185264
21 7 9 13 54910 1.009020955981181
23 7 8 27 70937 0.9736921638001732
12 29 1 18 51704 0.9229181801764685
6 22 22 3 59674 0.9936445198842849
22 6 26 12 25765 0.9274213739522766
24 4 25 16 29107 0.9149772906544781
17 11 13 27 35351 1.04098997758198
14 8 8 13 42370 1.014850483133257
0 13 22 29 76653 0.923090918077491
14 11 0 6 42917 1.024195576334718
19 10 8 9 47364 0.9743499794328362
24 20 10 17 53227 1.0764479509328366
18 8 26 27 57557 0.9870915492485253
25 13 7 19 70121 1.000607328040869
22 7 10 14 47429 1.028196345844648
20 28 21 18 23429 0.9883906478271788
17 27 8 1 58181 0.9416968812608875
11 7 20 25 50863 1.0051660236088795
21 15 0 25 74139 1.0617626718042714
23 29 4 7 73736 1.0964194671919032
21 17 8 7 51898 1.0458208962356395
3 3 16 19 44618 0.9332391242366623
24 12 17 29 46531 0.961037284729849
23 26 26 9 38761 0.9120743354842934
16 12 1 1 34161 0.9932628505612023
9 4 19 12 32889 1.0279177553346046
20 18 2 23 68177 1.0833815662130857
14 16 4 6 53685 1.0729567652851075
13 1 26 5 30431 0.9016866075319606
5 14 21 3 51668 0.9185098712304992
18 25 11 5 44028 1.0964553743421794
17 11 22 4 19268 1.0580774449739418
13 23 6 13 46746 1.0259953857643018
9 5 22 0 27552 0.9195517270274159
19 21 3 12 79984 1.0330699129253258
23 1 14 4 14278 0.9843571964343141
14 22 28 19 71848 0.9378260790137135
29 12 17 3 42504 1.064166029811159
12 12 28 23 78345 0.9019952733809764
13 27 6 22 29411 0.9878944623322883
8 2 17 15 41620 1.0082486329661335
27 16 29 24 43976 1.0748454683281043
23 26 9 11 61023 1.0807672291693877
20 27 1 10 68807 1.016353709548985
10 21 4 11 46896 0.977804954970584
5 22 16 17 52474 1.0446790361214868
21 18 2 28 72834 0.9871728359794465
11 24 0 18 50161 1.0057441757879573
25 21 9 24 63511 0.9060777754123583
9 7 4 22 66351 1.0343102386483736
27 0 12 28 79284 0.9789550952837491
7 3 12 28 61433 1.0785916856893338
28 11 17 12 37814 1.045353865753359
17 16 4 6 48546 1.0196963177174645
4 1 3 11 35547 0.9322095167480238
23 21 17 1 35319 0.9082755555020385
16 26 23 14 33918 1.0018422278317431
18 12 8 25 53681 0.9184537773763272
6 23 27 23 71885 0.9537462422984461
2 15 11 5 35385 0.9348332643720145
25 5 18 22 56822 0.9494008871648095
26 18 5 4 56410 1.027310315737551
25 4 11 9 27364 0.9920605518135382
16 20 2 13 53271 0.9222047042895483
8 4 24 9 29693 1.0391950661611729
22 25 12 1 48051 0.9371190226500081
7 6 25 20 55699 0.982570496511231
29 18 26 1 59863 0.9487218163814117
21 21 27 5 36222 0.9022512655261586
15 0 26 7 42848 1.0195117781756715
1 4 4 19 43019 1.0484559873611354
1 2 29 10 63016 1.038947778779077
28 10 13 16 57646 0.9377991817083253
4 4 28 29 80556 0.9378126799922256
13 12 29 3 42149 1.0131930644221194
18 5 26 26 50077 1.0828191880943747
18 4 6 1 21277 1.0878911007772476
22 21 18 27 24037 0.9390702242487637
14 20 2 18 54103 1.0430097685578474
6 7 0 22 48331 1.048302058173341
25 29 10 5 71537 0.9727088813607672
25 23 15 8 60476 1.070111220441865
26 8 13 1 41007 0.9947095018187564
4 8 26 27 82763 1.0443828290964943
20 17 26 13 32745 1.001230093409359
7 17 13 23 37105 1.050138641532292
4 18 5 5 46305 1.0452696829065469
9 7 27 12 62311 1.027185171232395
24 27 9 1 64599 1.0820834772245187
0 21 22 22 73193 0.9609279803484622
8 21 9 5 51876 1.03121937846859
25 12 13 3 37425 0.9671084514929591
26 0 3 15 73825 0.9836123927029113
25 21 1 6 62324 0.9815161034662493
3 23 8 14 53949 0.9485158463437746
26 10 23 3 26206 1.0252381980741645
3 25 11 6 55883 0.9302227665617879
28 12 16 10 45747 0.9202365992900094
1 11 10 25 48897 0.9942970272783469
17 10 3 3 35767 0.9092821912035811
13 15 7 22 33080 0.9563907096240287
26 17 17 7 40661 1.0212695315966553
11 27 27 8 76915 1.086217911211982
22 6 5 24 71435 1.0112041503502
11 22 21 0 63593 0.972899643983143
9 16 12 7 37852 1.006307612688919
22 19 13 2 34954 1.09119106285102
16 1 3 6 33369 1.0850327919694214
20 14 14 0 37736 1.0792887916742357
21 8 12 18 47544 1.0870134520774675
7 4 1 25 40522 1.005287509239985
27 10 28 24 55132 0.9826856992178509
3 14 6 25 39073 1.0038763885359736
13 8 17 18 32060 0.9573039514366543
1 2 22 19 47127 1.036107964710216
19 11 0 10 52328 0.9160502767712922
9 20 29 14 78408 1.0602348033164049
16 16 29 6 41077 0.9721982897487079
21 24 23 5 33131 0.9764694697503555
28 3 0 11 52165 0.9674378881897584
24 17 1 28 76003 0.9826431251745336
18 3 7 22 58068 1.059985274506307
2 15 24 2 54783 1.0185178861908766
19 28 14 14 47939 1.073123152774004
1 14 25 22 81274 0.9909080462868799
28 25 26 10 48865 0.9943775420143783
9 20 22 14 54667 0.9612340214400024
21 18 27 26 30584 1.061348656629
22 29 0 9 69518 1.0865585612689186
29 16 15 21 55755 0.9359182015067313
9 24 24 25 50386 1.0553058496366
8 14 21 22 60663 0.9413827959770141
4 3 19 0 38813 1.084613774892917
25 7 25 29 60601 0.977059689981441
17 2 22 23 33240 0.9056492678504123
8 22 20 28 54297 1.0080228391738928
25 24 10 15 61623 0.9404419332705272
7 10 11 25 45113 1.0585552703107242
19 4 6 4 15794 0.9570146400809348
29 19 17 0 62181 1.0856016342552386
11 5 29 19 63881 1.0952409413621453
16 22 11 1 38595 1.0391907514649623
15 0 22 12 28914 1.053189901583827
12 3 17 10 20854 0.9301940048455211
12 5 25 7 34265 0.9202093445473696
0 24 10 15 46211 0.9096168379327555
5 19 22 10 66402 0.9838192719550652
12 7 21 29 61328 0.9247395349935207
0 9 16 8 37492 0.9782988140741504
28 6 19 7 31985 0.937981540474619
7 0 20 24 56712 1.0115978564951
26 14 16 20 42666 0.9374449824816159
11 9 23 16 41335 0.9591241327951493
10 7 21 16 49229 1.020438334680104
21 8 14 29 60062 1.0684390219109152
25 4 21 27 37943 0.9882925900828745
14 2 5 29 80400 1.0850991020808516
23 13 22 26 19269 1.0817246194163654
21 20 28 11 35203 1.0510791028087545
9 22 29 26 71417 0.956023652222924
6 20 11 5 43331 1.0286700684734937
16 19 12 25 20351 1.0170602763116634
12 16 12 2 39472 0.9218138082031225
9 8 19 9 43015 0.9360218769754117
28 8 9 26 84351 1.0634656001031029
24 21 3 16 79664 0.9612430424410986
20 17 27 7 42076 1.0142157703747816
4 3 24 13 47082 0.960771895039487
17 23 29 8 66499 1.0153954384008992
0 13 18 19 70241 0.9352913646097847
14 26 18 17 24890 1.0634103935231545
24 5 7 7 30283 0.943766428797609
16 25 10 10 44159 0.947542279626397
25 15 13 9 45855 1.0302763276308164
21 2 12 18 50878 1.071725391002877
16 10 1 11 38041 0.9213026453835469
5 19 17 25 51628 1.0428820733214315
2 4 19 22 58784 0.9037776759976434
12 20 18 6 50820 1.004491066592513
1 19 26 16 80423 1.0558777976820666
7 14 23 23 59261 1.0968902535795169
20 3 29 11 33881 1.0410022949711266
16 5 7 16 39680 0.9305085393835647
5 5 28 14 61661 0.9770595267552856
20 11 3 7 48607 0.9911092086148339
11 15 9 24 32528 0.9129260321354841
22 8 25 21 29630 1.0867375199775409
18 4 10 2 20365 1.0362578052158669
21 8 19 18 28845 1.0914601988943922
16 29 24 18 40761 0.9782269644155677
26 19 24 2 47338 1.0201607684312997
5 13 12 25 49716 0.9504438622950119
10 0 12 22 62624 0.9108429689464699
28 21 24 11 41982 1.0498448519724044
1 9 23 27 64003 1.0420905159277856
28 6 14 20 57540 0.9410233623842404
18 28 2 6 69010 0.9679858185387406
16 13 26 13 43929 0.948394298438068
12 22 0 27 47879 1.034166739695104
16 4 20 25 38115 1.0695935700206831
12 27 8 17 35974 0.9077591061332883
3 23 26 13 101758 0.9209281589339675
25 13 8 26 67985 0.9184517553082965
2 7 25 26 67841 1.0694467907885463
15 29 20 22 28081 1.0120848225862813
26 16 9 18 68541 1.0917973699181138
8 19 16 15 41853 0.9261086063847911
23 18 26 5 28940 0.9061568017531002
8 27 14 1 72430 1.0694171469630045
21 26 27 7 49202 0.9961468523849127
22 28 14 4 38859 0.9638082388796346
23 26 1 6 57996 1.0160349699555915
29 8 25 14 47893 0.9448780136211956
7 6 13 22 56741 0.9579578458601358
9 0 4 12 51533 0.9193442257284431
1 9 23 16 50293 1.0656537195692546
10 22 4 4 57728 0.969160379725331
2 19 16 10 56385 0.9673720476172087
4 23 14 6 75814 1.0598062878130767
2 3 21 22 57027 0.9566538569287172
3 11 14 8 45627 1.0674620322374393
21 7 2 13 55185 0.9098187603326425
6 18 18 1 53893 1.0227558530223664
7 1 8 10 25530 1.0350157516362724
25 14 19 6 40504 0.9452185597167104
21 26 14 11 41629 1.0361977777158105
5 29 6 16 36469 0.9940318125324891
12 24 7 14 39968 1.0591545882372981
20 27 6 7 59782 1.0517276107349476
11 17 25 0 60835 1.012145132400284
13 8 26 24 65321 0.9191919455658094
17 7 4 2 36024 1.0700544306415063
28 22 1 8 85956 1.0351747991322338
5 16 13 5 43784 0.9229939942689693
26 11 28 27 48285 1.086522568295442
5 12 26 19 84020 1.0923748537623428
3 27 15 1 72815 0.9575390255166563
24 22 2 24 73695 0.989628400277744
26 22 9 27 72298 1.0115068897747452
5 5 25 10 46965 1.0334392198177136
8 3 28 19 69517 1.0458101653071357
8 26 23 7 63658 0.9078865666997298
22 18 21 5 21563 0.9405549373994658
22 8 16 16 26994 1.021586732708417
1 26 26 18 86567 1.0437765684020528
23 25 2 27 59052 1.0634983975127965
2 5 20 24 56843 1.0298099828286493
16 23 3 13 62968 0.9444673615094039
18 24 17 8 36047 0.9344201497270408
3 21 21 27 70911 0.9643933524364444
21 14 14 6 37708 0.9132775295949552
29 27 13 17 62596 0.9337520320982566
20 12 15 0 28836 0.9169584528936059
13 5 28 29 71877 1.0271098790112023
0 3 25 12 54172 0.9205774999621493
20 25 15 0 49714 1.027122924918245
14 23 6 12 57018 1.034920426340512
20 9 5 20 64636 0.9329719517897679
9 0 12 20 62829 0.9475672962373967
27 2 13 18 53355 0.989549684937144
26 0 10 24 84477 1.0820104784757687
24 22 19 2 45440 1.0666284085820468
3 1 20 24 66766 0.9642736537835366
23 25 19 2 42191 1.0633553146752786
22 24 5 4 45484 0.9326366047947646
17 24 9 15 39625 0.9228084897936691
4 18 14 27 56693 0.9281079613175377
11 5 26 3 26389 0.9243824266198383
11 1 20 0 24240 0.9459737882395433
28 7 20 25 54530 1.0988810453023665
23 16 5 3 42018 1.049415731573227
13 23 12 11 36544 0.9252031378470288
14 3 15 21 35622 1.00058162053127
18 1 23 29 49693 1.0757891545588198
12 24 8 13 48283 0.9994351799884921
13 0 5 5 27735 1.0754456860675343
4 18 7 1 50351 0.9578252283092314
16 15 5 10 45656 1.0725445618361937
25 27 10 3 60855 1.0409617891682763
26 0 13 4 35247 0.9975832568470675
28 28 18 20 51243 1.0537792513283621
21 16 26 7 42594 1.0524589814524068
3 17 15 7 53415 0.9980103912127145
24 28 2 5 66503 0.9042300095186698
3 0 1 21 45044 0.9263274018272292
2 11 26 27 84125 0.9322356744730003
15 8 16 25 29313 0.9375158781925736
28 27 12 0 73721 0.9677667850697188
23 0 29 24 54692 0.9720102497961589
14 0 27 14 55948 0.990281137344079
13 5 20 15 28631 1.0746422842950398
3 20 19 9 72337 0.9297762702029059
10 2 24 20 52735 0.9015221207068028
22 16 11 15 33033 0.9300961559904927
28 12 18 0 51823 0.9692715612058463
23 4 16 9 15191 1.0828346355570875
12 15 7 5 35590 0.948987729710729
1 8 0 21 26395 1.0186149806554172
19 1 24 18 37034 1.0855706945232229
19 13 1 14 59307 1.0952067695863696
25 20 25 8 36957 0.9111682485076893
1 23 29 18 99338 0.9926185089423242
11 16 7 29 39692 1.0853915597736212
12 3 20 17 33700 0.9240127503620188
6 11 26 2 51903 1.0358379578136272
18 20 29 22 57128 0.9127106110677902
15 15 11 9 25497 1.0743844722781448
19 7 6 16 55020 0.987224930361146
7 29 10 13 52801 0.9213057506280311
12 17 13 29 36351 0.9540400149454962
18 23 4 7 74307 1.0741040336191043
7 6 21 11 34952 0.9022607019518998
9 10 26 25 74892 1.0419548479132503
3 16 26 20 88860 0.9067002368242919
28 6 26 17 44528 1.0347311660730292
3 3 11 6 21635 1.0040096746546432
5 17 8 3 38252 1.0862059371307742
4 1 18 7 42069 1.0202211158911014
4 13 9 27 54957 1.0980603759822944
12 3 0 16 41141 1.0452136039706066
4 9 28 8 68786 1.0158573493149685
23 19 9 21 61555 0.9963649666383869
29 16 4 24 95751 1.0091927843681412
14 27 25 6 61807 1.0841556930244478
17 10 28 7 40247 0.957690752532329
6 1 10 18 52423 0.9283651737582983
23 0 0 8 43014 0.906941117367272
24 20 21 2 37660 1.0061893812277312
24 6 27 29 57345 0.9220932539357869
16 14 10 2 32115 1.0646557967651118
29 13 6 0 67368 0.9269296502437745
25 12 0 16 73429 1.0828494631987502
23 5 12 15 36371 1.054214953810087
20 18 18 5 32219 0.905375685190922
14 2 25 16 46470 0.994384973003914
25 24 4 21 78160 1.0794075010406985
9 9 3 4 26843 1.018992870683206
29 26 22 11 37051 0.9196256815622083
20 9 17 2 15422 1.0873768083219049
12 11 18 4 24548 0.9476766314846663
7 7 21 20 49977 1.060425120850181
28 16 6 12 71614 0.938945718019184
11 29 16 10 41848 0.9739287927530976
14 25 24 29 38224 1.0901875033847006
25 13 14 1 44836 1.015593103264063
14 2 8 26 62422 0.9131628023859877
14 4 21 19 34765 0.929988748167808
4 3 4 25 52209 0.9610271004109697
4 8 24 3 43744 0.9912591453190374
27 22 10 10 80700 0.9519466103286445
26 5 6 16 56483 1.0551058246417977
14 4 25 26 44530 0.932571905626653
7 26 16 20 31993 1.0676403990102703
16 12 2 8 39641 0.9070168786175948
5 2 12 8 31764 1.0933656010903068
13 18 2 12 48253 1.0142914791554543
2 11 25 17 65087 0.9769267713922193
25 10 11 14 54399 0.9368152024065916
1 24 20 6 58090 1.0375755125550943
29 13 6 28 89006 0.9888352384402954
10 17 15 27 36038 1.0066131539653065
20 19 29 10 44400 1.0892912365188516
16 6 1 22 49912 1.0847336300562787
23 4 26 19 39669 1.0794668555720333
14 4 27 21 53501 1.0988143347539265
6 19 1 1 42989 1.0015069816470579
23 4 3 20 62718 0.946742014231861
24 25 6 1 57705 0.9044471327069605
16 9 13 24 34570 1.0358444436873593
26 5 15 15 36552 1.066309252849614
13 3 22 27 41727 0.9843435186596312
16 4 5 7 26030 1.030877465335676
21 9 26 29 56150 1.0805716120456847
1 2 29 14 66014 1.0117073913471528
3 17 26 4 57561 1.0961694851505015
11 6 27 28 67289 1.0935938400711323
12 24 7 18 34107 0.9370092505573479
22 24 28 11 34944 1.0099310617113466
26 5 15 19 45825 1.0038414167403962
6 22 16 10 51395 0.9866879262135624
16 16 15 25 15977 1.0728123684274757
15 28 25 23 45476 0.9982521476111039
26 12 2 10 67076 1.0909957086882136
22 20 16 13 26242 0.9807920006926889
12 12 23 13 41755 1.0081624153567568
29 12 13 10 59605 1.0357438883359302
0 22 14 21 63761 1.02123968242662
29 10 24 28 53592 1.0449635580594256
19 7 25 19 46296 0.9592814856491797
23 28 20 20 19605 0.9095825172735401
10 7 13 28 60581 1.0227798720579862
12 10 6 26 53939 0.9392587445677784
9 19 8 28 41678 0.9450384980557842
1 7 29 22 88978 1.0494720669629782
11 1 26 6 37564 0.9346207218354655
21 5 10 7 31793 1.0399515772198433
5 28 29 8 103065 0.9494464063674803
16 18 23 7 31773 1.0744710851167072
23 10 0 2 42463 0.9229926410207154
2 29 15 20 58252 1.080420535275578
2 1 13 28 70020 1.0680260971588758
9 12 0 15 41466 0.9483674356805575
15 12 6 7 34630 0.9753126131447426
17 29 28 18 55601 0.9037626311333667
28 14 16 23 51302 1.0927423331042576
14 14 23 15 30112 1.0762503151252345
8 21 15 14 43702 1.068745071578124
22 12 28 26 32957 1.0394186859530816
29 6 9 24 82004 1.0891668534521555
3 16 22 26 77118 0.925991734620739
13 15 21 13 29266 0.9584018662510669
11 11 24 25 56555 0.923627768240963
1 3 18 14 46387 0.924594063815677
2 16 24 5 53815 1.0366450002084542
16 26 1 22 45317 1.0061011277389562
6 7 16 10 27238 1.055404596787887
25 19 6 2 58112 0.9399377728186552
10 0 21 24 59023 1.0579261791100882
23 1 10 14 48338 1.0047835921672488
7 1 3 9 32086 1.0434287755515315
29 28 7 28 71900 0.9251060683644649
5 27 15 3 69814 1.0478896401014939
28 25 15 26 36384 0.9585154033522717
13 0 14 13 39571 1.048076271981967
1 27 14 15 56692 1.0591181722655814
22 8 5 16 56876 0.9692265279913718
9 13 6 28 47951 1.0698868043564425
5 0 8 12 40977 1.0332007160024133
10 12 21 10 45529 0.9983999599727996
6 28 23 25 50106 1.0613958801748908
17 4 15 29 43464 0.975234360816482
25 27 3 5 74402 1.0215124326146219
23 1 12 25 53642 1.0677565432918197
11 1 23 24 47528 0.9286011477457313
5 8 9 1 29898 1.0164434764307213
1 15 29 29 102934 0.9336222615464439
25 23 18 2 60271 0.9718629613895595
7 24 29 11 84628 0.9284361925669553
27 18 22 2 39287 0.9615994545316978
15 5 8 17 45545 0.9835789094858096
9 14 0 15 33267 1.056730986009709
6 25 11 5 54160 1.0722726716450854
3 27 0 0 59201 0.9252277958315053
25 5 17 11 30005 0.9509246010708892
23 5 1 17 48479 1.0859350356094786
25 12 7 9 53240 0.9085210444547243
23 15 8 1 44544 0.9465228932765346
27 8 15 23 66061 0.9740257652965363
27 3 24 22 40341 1.0801970569845403
28 7 13 16 56537 0.9551139754291901
2 24 29 15 91557 1.0042678797482372
9 8 0 1 35536 0.957919652939454
8 20 22 20 63440 1.0666652256965843
23 28 4 5 61966 0.9715036481715352
23 7 15 20 39550 1.0525736810697977
4 20 7 0 55121 0.9894530621864732
7 29 14 1 74594 1.0756376251704605
9 29 27 29 79583 1.0950093035415918
25 16 9 4 44634 1.0081349880356265
24 4 6 11 36583 0.9537093194311596
17 4 3 28 70373 1.0287958164800668
16 5 23 2 11932 0.9672015790251399
5 18 0 5 44303 0.9776556968324464
9 28 9 2 85243 0.9012055260309356
23 8 12 12 39269 1.0693426896133977
14 5 22 22 35590 0.9870636306784234
15 12 25 9 41060 0.9326272074142709
25 24 13 28 44626 1.0722023260565212
4 22 24 1 83360 1.017217677892425
12 29 8 3 68049 0.9954030127431337
17 3 8 13 40506 0.9551719273191365
11 17 1 29 51483 0.9930631237373002
7 9 21 26 59036 1.0263242085763358
13 16 23 1 38618 0.9537319671758843
2 17 1 1 28727 0.9945384176667749
25 7 6 8 46826 1.084772618753128
5 19 29 13 91107 0.928339001815131
14 6 5 23 67516 1.0985727729318626
14 5 16 13 18754 0.918885719674794
23 10 6 10 41279 1.0489599483504586
9 3 9 24 66187 0.9265626798972255
23 16 11 12 43343 0.9485273529342293
12 6 9 14 39290 1.0885874483813622
11 26 22 23 32414 0.9296590248935696
25 13 16 17 38033 0.9615940724351734
18 14 4 15 47271 0.9616995747552997
0 27 22 21 67540 1.0315286968084785
0 11 13 26 58736 1.0612158282668274
19 28 14 13 51802 1.0100327962186169
28 2 0 28 87185 0.9445431584447568
27 3 3 1 47469 0.9193052484805567
2 21 11 19 45862 1.0944398026521227
15 24 25 8 57775 1.0785141350407619
20 13 8 4 28760 1.094772677460428
14 4 21 11 21403 1.0554270489048456
6 17 0 4 35256 1.0650701236168563
19 18 3 3 57724 0.9227037986859536
13 25 24 22 40757 0.9574919961362349
11 25 18 16 38719 0.9738952387076685
6 29 20 4 68528 0.9057723321179895
8 1 22 8 34225 0.9236381931332825
5 6 15 27 59094 1.0394575140085762
22 26 23 10 22766 1.054086300681599
13 16 21 4 32496 1.0745192298787645
21 12 9 18 56411 0.9840743705639463
3 28 20 15 77129 0.9687076070858842
27 22 17 19 53284 0.9711075068875005
0 1 5 21 56386 1.0958507639588053
16 3 21 15 25009 0.9416377383989207
19 24 25 17 33371 1.0741053518450427
18 26 29 7 59363 1.01067868656762
27 27 27 2 58844 1.055000590810189
10 14 0 23 55298 0.9290761514183176
28 19 9 26 75577 0.9143478631876915
17 27 9 8 59459 0.9654165918047019
4 27 22 16 67133 1.0338756796965463
5 9 11 3 24416 1.0596630350577907
10 9 25 10 49713 0.9442363260078921
2 2 28 11 56273 1.06151063480784
16 21 17 5 27127 0.9450786936087403
12 16 17 27 34554 1.0903017522317184
14 10 24 5 32402 1.0298065512785908
26 29 7 2 79835 1.0821796737542833
28 12 5 19 90450 1.052443534960514
15 15 2 18 45715 1.085740188054501
12 22 7 7 51779 1.0093292539221455
19 20 25 11 33341 1.0269057732548652
1 29 18 29 61285 0.973593546078902
18 4 2 23 58009 1.0888538696144328
5 28 4 0 80989 1.0479878790189805
15 26 6 25 25259 0.9911085414255336
0 28 28 3 82059 1.0089692880220444
28 19 24 26 41874 0.9402042200688131
17 23 24 7 50006 1.0956746950034135
21 24 21 12 27574 0.9085960901716035
19 25 22 10 26854 1.0325685293317062
3 9 27 13 76433 0.9899228928807913
