5075 5031 5017 4886 4958 4429 4586 4447 4414 4501 4490 4575 4618 4346 4487 4419 4548 4427 4613 4536 4458 4421 4369 4440 4398 4364 4572 4491 4441
2392 2393 2342 2337 2461 2207 2413 2477 2186 2445 2341 2255 2480 2221 4649 4654 4739 4648 4672 4627 4850 4786 4706 4576 4836 4596 4754 4624 4588
8660 8431 8586 8398 8635 8602 8450 8471 8594 8643 8486 8445 8575 8362 8503 8552 8534 8515 8388 8477 4884 4845 4759 4710 4937 4906 4763 4823 4828
6176 6032 6093 6021 6130 6088 6032 6179 6113 6094 6000 6013 6045 6095 6125 5984 6097 6114 6190 6184 5952 6154 5991 6158 6047 5951 5999 5982 6633
4097 3937 4118 4049 3953 3995 4113 3974 4100 3868 4011 4025 4137 4015 4126 4089 3982 3992 7436 7663 7695 7694 7473 7681 7509 7708 7591 7557 7619
1767 1902 6134 6007 6143 5979 6068 6061 6154 6081 6058 5878 6159 6026 5960 5886 6016 5931 5895 6056 5926 5917 6021 6144 6148 5896 6073 6117 6074
6341 6449 2318 2356 2284 2410 2288 2201 2408 2214 2301 2366 2149 2393 2191 2378 2402 2169 2274 2171 2304 2301 2420 2195 2406 2224 2322 2297 2433
3243 3251 3343 3401 3266 3250 3415 3359 3490 3088 2906 3073 3158 2891 2893 3167 3132 3101 2901 2904 3016 2938 3170 3133 2879 2967 2903 2989 3013
5281 5440 5242 5427 5498 5516 5288 5480 5470 5406 5235 5277 5310 5500 5473 5305 5285 5384 5499 5357 5455 5442 5524 5438 5429 5384 5236 7211 7173
3849 3810 3891 3971 3862 3882 8555 8458 8512 8585 8372 8373 8457 8330 8542 8285 8564 8287 8424 8389 8443 8341 8580 8458 8371 8283 8323 8578 8327
3770 3785 1521 1644 1530 1583 1710 1589 1458 1601 1569 1619 1448 1474 1470 1673 1706 1474 1499 1703 1544 1659 1444 1537 1461 1613 1577 1468 1502
3866 4114 4005 4121 3844 3849 3847 4118 3939 3954 4041 3989 4057 4138 3986 4005 4033 3911 4138 3914 3890 4147 4029 4103 4148 2127 2293 2180 2364
6520 6403 6330 6334 6376 6469 6598 6580 6627 6493 6553 6465 6555 6577 6465 7590 7568 7732 7565 7564 7537 7648 7766 7569 7644 7798 7531 7706 7608
1716 1718 1755 1704 1795 1874 1721 1712 1668 1875 1712 1902 6522 6644 6636 6521 6628 6626 6652 6510 6442 6423 6614 6687 6485 6584 6608 6421 6679
1309 1573 1512 1565 1599 1403 1499 1344 1510 1427 1364 1546 1344 1321 1503 1598 1379 4794 5038 4932 4850 4901 4772 4926 4756 4821 4921 4928 5031
3975 3918 3723 3789 3959 3702 3712 3897 3695 3693 3744 3693 3818 3782 3965 3852 3838 3691 3811 3828 3739 3767 3868 3736 3884 3896 5546 5670 5485
5025 5058 5076 4925 5082 4869 4926 4848 4991 5059 4822 4795 4999 5052 5071 5039 4977 4992 4889 4890 4938 5029 8509 8417 8379 8586 8463 8347 8570
1770 1708 1766 1821 1719 1848 1863 1889 1783 1910 1662 1791 1837 1808 1882 1786 1919 1936 1893 1553 1467 1495 1692 1469 1617 1719 1532 1570 1502
7419 7256 7358 7162 7266 7413 7288 7396 7284 7224 7427 7407 7434 7240 7286 7186 7295 7393 7162 7710 7566 7835 7810 7857 7579 7793 7692 7766 7661
6746 6916 6927 6945 6852 6972 6975 6788 6732 6926 6704 6788 6943 6957 6807 6942 6689 6892 6708 6980 6737 6856 6807 6764 6846 6920 6731 1317 1430
5984 6131 5987 5919 5942 6030 6032 5936 6137 5914 5994 6058 5859 6006 5890 5883 5943 6067 5947 6041 5931 5984 6065 6135 8219 8112 8202 8071 8023
4129 4157 4120 4183 4239 4081 4331 4155 4175 4321 4159 4242 4074 4158 4299 4214 4093 4158 4310 4208 4089 1460 1444 1694 1409 1451 1654 1521 1592
4567 4418 4344 4373 4556 4507 4336 4319 4393 4414 4445 4335 4306 4478 4752 4754 4847 4758 4803 4848 4849 4598 4836 4796 4613 4581 4763 4731 4769
6354 6248 6373 6185 6310 6351 6175 6082 6294 6379 6115 6345 7110 7043 6937 6945 7029 7126 7134 7073 7214 7105 7048 6916 7218 6948 7091 6984 6985
2124 2175 2218 2016 2289 2184 1529 1425 1593 1578 1442 1697 1610 1540 1620 1614 1484 1691 1529 1541 1427 1441 1464 1621 1543 1481 1553 1635 1444
6358 6261 6376 6397 6137 6133 6137 6142 6178 6338 6288 6222 6283 6369 6306 6346 6271 6126 6239 6308 6224 6163 6364 6359 6719 6761 6803 6924 6823
7102 7091 6988 7041 8222 8396 8281 8244 8470 8381 8243 8414 8292 8469 8344 8238 8311 8270 8304 8303 8283 8235 8191 8447 8352 8455 8272 8261 8435
5604 5395 5566 5586 5465 5406 5478 5506 5580 5514 5588 5613 5653 5647 5541 5651 5507 5546 5636 5541 5628 5666 5596 5447 5645 5618 1574 1632 1654
3735 3954 3975 7982 8146 7993 7883 8091 7876 8034 7842 7961 8024 7979 7861 8074 7928 7885 7983 8091 8108 7888 7931 7857 8118 8017 7889 7979 7962
3848 3696 3709 3722 3661 3826 3902 3772 3733 3864 3923 3917 3932 3916 3513 3418 3362 3474 3513 3514 3614 3565 3579 3492 3427 3604 3412 3583 3448
6001 5685 1532 2418 3605 8614 2587 6630 5745 4170 6291 5452 8374 6849 6015 4855 3346 5440 1887 5889 5592 3489 7566 3150 2667 6153 2639 8976 2180 4985
5876 5781 1653 2520 6209 8358 2622 6879 5773 4160 6333 5515 8580 6832 5955 4615 3159 7957 1797 6005 5464 3684 7626 3080 2617 6334 2764 8884 2152 5065
5842 5879 1743 2428 6125 8451 2552 6726 5755 4106 6540 5533 8541 6837 6162 4755 3313 7947 1837 5766 5739 3515 7554 3354 2585 6252 2777 8717 2340 4963
5919 5660 1668 2402 5999 8332 2545 6639 5567 4024 6393 5422 8559 6991 6100 4843 1414 7918 1877 5800 5707 3651 7577 3224 2492 6261 2735 8929 2352 5050
5910 5623 1693 2625 6192 8476 2548 6825 5660 4149 6287 5537 8481 7093 6031 4635 1399 7714 1703 5961 5622 3586 7846 3153 2624 6037 2679 8925 2395 4952
5962 5725 1594 2580 6245 8601 2648 6902 5786 4023 6385 5385 8453 6898 5935 4833 1457 7989 1658 5937 5520 6403 7560 3256 2741 6139 2709 8699 2170 5082
6003 5621 1765 2305 6069 8566 2459 6711 5852 7641 6391 5607 8304 7122 6018 4731 1509 7889 1671 2225 5465 6468 7627 3172 2593 6153 2723 8757 2136 4991
5782 5607 1587 2531 6128 4510 2637 6748 5556 7795 6438 5458 8461 4837 6140 4858 1502 7967 1830 2243 5620 6293 7662 3168 2760 6209 2790 8678 2127 5183
5954 5731 1572 2259 6103 4504 2510 6719 5625 7573 6500 5385 8423 4850 6064 4758 1382 7993 1670 2140 5470 6239 7603 3257 2661 8069 2900 8951 2097 5043
5875 5684 1665 2466 5985 4524 2444 6791 5751 7706 6507 5608 8336 4695 6172 4730 1464 7697 1724 2093 5554 6479 7699 3154 2553 7845 2634 8835 2241 5155
5947 6368 1579 2246 6178 4578 2702 6629 5589 7781 6524 5343 8521 4915 5995 4649 1581 7742 1627 2313 5608 6229 7610 3146 2513 7888 2652 8814 2193 4985
5958 6366 1683 2445 6203 4677 2536 6884 5768 7553 6385 5354 8448 4793 5906 4741 1468 7728 1715 2367 5554 6412 7703 3314 2634 7968 2834 8795 2390 4966
5910 6518 1630 2476 6079 4698 2582 6605 5731 7723 6512 5390 8430 4804 4017 4608 1529 7710 1265 2190 4529 6180 7566 3227 2587 8083 2881 8707 2388 5115
5811 6581 1532 2458 6149 4662 2464 6903 5679 7725 6460 5331 8589 4707 4015 4821 1432 7847 1312 2278 4508 6444 7776 3200 2508 7866 2719 8695 2117 5020
5908 6634 1790 2450 6286 4572 2461 6642 5743 7638 6449 5597 8309 4657 4170 4805 1438 7718 1295 2105 4289 6309 7637 3166 2535 8053 2651 8685 2247 4987
5721 6486 1542 2397 6182 4686 2458 6797 5673 7632 6280 5537 8514 4678 4155 4734 1540 7837 1099 2315 4322 6290 7611 3143 2622 7842 2708 8913 2098 5131
5788 6486 1828 2481 5994 4484 2727 6680 5663 7639 6373 5469 8376 4846 4109 4825 1506 7870 1332 2087 4475 6199 7556 3136 2412 7982 2855 7623 2307 5016
5824 6549 1578 2466 6024 4679 6514 6763 5592 7612 6409 5372 8376 4834 4093 4763 1560 7850 1148 2128 4436 6307 7846 3141 2215 7973 2861 7706 4517 4931
7803 6649 1633 2492 6039 4520 6499 6755 5834 7632 6267 5394 8369 4716 4027 4838 1447 7982 1233 2270 4368 6345 7650 3214 2201 8047 8246 7650 4696 5207
7973 6552 1638 2306 6128 4704 6310 6786 5594 7775 6517 5569 8419 4905 4091 4662 1576 7738 1151 2098 4570 6211 7685 3351 2450 7873 8201 7697 4632 5021
7927 6422 3562 2345 5999 4572 6434 6727 5639 7680 6405 5449 8313 4854 4195 4741 1351 7895 1227 2207 4557 6298 4543 3046 2231 7839 8026 7625 4751 5181
7851 6481 3424 2271 6266 4493 6299 4532 5766 7759 6340 5498 8566 4919 4187 4631 1447 7945 1339 2153 4503 6193 4647 3225 2165 7880 8056 7790 4620 5030
7858 6454 3582 2479 6190 4493 6322 4270 6333 7525 6494 5552 8529 4944 4128 4798 1301 7812 1118 2151 4448 6463 4661 3308 2221 7865 7945 7740 4577 5093
7929 6355 3549 2349 6140 4569 6508 4264 6281 7718 6466 5466 8385 4933 4014 4763 1359 7889 1137 2301 4523 6297 4759 3251 2390 8105 8085 7763 4651 5112
7831 6544 3460 2425 6021 4662 6382 4261 6427 7686 6464 5474 8319 4914 4021 4602 1517 7832 1121 2309 4589 6408 4711 3058 2284 7969 7981 7692 4503 4996
7892 6441 3460 2412 6099 4744 6546 4320 6528 7787 6548 5449 8499 4829 3996 6406 1345 7702 1144 2385 4520 6278 4564 3163 2173 7837 8138 7564 4726 5180
7827 6600 3480 2297 6064 4515 6294 4311 6301 7706 6402 5599 8594 4881 3998 6486 1492 7747 1196 2192 4525 6304 4783 3264 2351 7836 8156 7748 4750 5187
7693 6579 3627 2495 6085 4478 6321 4480 6472 7807 6547 5436 8585 4923 4118 6379 1495 7951 1310 2387 4534 6448 4724 3075 2404 8098 8095 7578 4757 5081
7675 6446 3516 2236 6095 4509 6348 4463 6518 7564 7949 5352 4390 4958 4182 6468 1393 7921 1338 2253 4298 6383 4798 3146 2280 8039 8130 7683 4673 5190
17 7 27 16 30743 0.9623465799818632
29 0 22 26 71258 0.9205324126386215
22 8 21 22 46144 0.919367083529374
19 29 26 22 35984 0.9324370846140422
4 2 22 28 73911 0.9925342263559199
25 24 18 28 29112 1.0480490369384412
3 2 12 22 58331 0.9705093181152634
23 9 0 28 77687 0.978160266712288
4 9 23 8 69531 1.0256852134684153
19 13 9 10 41280 0.9456471257399274
0 22 11 1 66444 0.9307502241307755
19 22 16 11 39690 0.9950730849117014
14 0 25 20 47768 0.903349297636633
11 4 17 17 36134 0.943309704481844
4 5 0 26 71249 0.9300690352270805
10 12 9 26 24339 0.9322490334529836
21 27 2 9 74156 1.075459955482294
9 11 17 26 39022 0.9071017757803504
21 26 25 9 40621 0.9532953111918299
2 23 20 2 71086 1.0212887931294155
11 18 0 3 46396 0.9485316839560676
0 10 9 0 46028 0.931494387304566
7 23 15 25 27768 0.9009683954834767
16 15 20 29 41874 1.0589874551366498
24 5 10 1 38148 1.0456963454655095
8 4 19 9 51190 1.020642904100006
11 13 27 25 52186 1.063090534714763
28 6 10 6 65758 0.9718355103544081
14 29 14 2 56564 0.9794680465471904
25 9 9 28 57706 0.990900371597498
5 2 6 28 57358 1.0555196526593262
24 28 10 3 56781 0.9814231884772876
25 1 7 29 79230 0.9838290430540394
23 23 11 9 50466 0.9593381929229875
0 28 15 18 44909 1.0501207246008835
2 14 9 27 54450 0.9132397809619592
17 9 5 19 40624 1.0818164251712692
2 15 29 27 73002 0.9170795273400423
15 1 4 2 22008 0.945355435384405
10 2 23 1 33249 1.0374116848398196
26 0 5 6 69177 1.0489948194034644
20 12 2 25 74622 1.0746207353076054
17 17 5 3 44849 0.920451661342999
24 29 26 0 64231 1.017143629929291
8 26 3 3 58710 1.089216063235326
26 25 12 22 53789 0.9856934417377078
11 19 22 20 27905 1.0835391569484232
24 7 5 9 60526 0.9356167809925671
29 16 20 6 45192 0.9723491633404521
8 17 17 13 24101 0.9594503189743124
2 3 13 28 65620 0.9631102898900789
5 26 7 6 50923 0.930411260801882
4 28 10 18 28671 0.9797560956212568
9 14 19 25 42971 1.0331348993786962
14 27 7 2 58360 0.9602237942793187
15 1 20 7 36609 1.046907718061336
4 0 15 26 69028 0.9249715058452951
21 15 5 9 46514 1.0591970703512343
13 28 0 4 70769 0.9763103532691789
21 25 13 6 45334 0.9379783075659126
4 14 8 2 42054 1.0071119419821417
21 21 9 16 31655 1.0634365525530527
9 29 24 8 56029 0.9814310031905735
8 7 15 14 36051 0.9228117780130054
16 27 16 10 43054 0.9339660957881454
29 9 11 19 57409 1.0825804040509264
21 11 4 5 68062 1.0064064080317336
5 5 28 20 72900 0.9962173873729999
24 6 11 22 50836 1.0450451809323853
26 0 4 24 90868 1.014451079466729
22 22 6 18 40013 0.9719775877555147
17 25 12 2 43222 0.9246113846526625
25 25 9 20 44780 1.0966520043767252
17 1 10 16 33413 0.9540531576908164
22 21 28 7 50344 0.9413786448455695
10 24 3 17 27633 1.0592153752500508
9 23 4 8 48304 0.9668486693153477
17 19 10 5 31912 1.06970335609117
26 5 6 3 52676 1.0461417920332319
20 13 8 24 48031 1.0064632435373744
12 13 7 22 34338 1.0008467122863505
13 4 26 2 36037 0.9481346395228871
20 6 0 21 81876 0.9620290139642018
7 18 10 8 20716 0.9098727837677708
18 23 28 13 45816 0.923337523216335
1 29 14 22 49913 1.051501986575076
25 8 3 29 77950 0.9533201976241952
22 23 15 18 24745 0.971491210253212
4 18 3 3 45478 1.0249188798683853
3 25 16 18 42170 0.9484936673509425
26 18 1 25 58111 0.9168823699770897
18 12 20 3 31926 1.0903636902887626
11 1 14 13 25072 1.0133856808220547
19 1 3 22 78450 0.9378548206072056
5 8 20 9 65164 0.9010036819791268
15 19 21 2 43873 1.0896944895778027
25 26 18 22 36896 1.0676453297632271
11 18 17 4 33651 1.0817438225889855
28 13 10 7 57483 0.9175581396063052
29 7 4 12 81569 0.9649084515260167
13 12 26 24 44527 1.0044195316053608
8 12 0 1 51978 1.0500626194526792
5 11 22 14 50100 1.0606446902273219
10 26 11 15 21226 0.9424834654089138
27 15 6 16 36397 1.0599178938751306
26 9 2 10 88641 1.0208323755052664
21 28 18 2 55499 0.9333107696741759
7 5 1 25 64729 0.9440425436989636
4 13 3 0 56378 0.9094773954518114
5 24 18 18 33487 0.9300617322015381
16 1 1 9 46177 0.938088479083938
5 10 19 17 46210 0.9096074989292618
2 12 22 23 74322 1.0231782751002834
25 11 28 4 37141 1.0528668514657311
14 5 24 21 37048 1.0503822981775541
6 25 17 16 35859 1.0870395163276787
16 28 20 8 53648 0.9078127245195496
19 22 6 23 45204 0.948449081023094
18 12 5 16 33497 1.022182068095809
10 7 11 18 18708 1.0887861597409585
27 22 0 18 55648 0.9339714306885154
26 25 26 7 47707 0.9687871718320349
2 6 22 14 63335 0.917116240656772
9 16 25 24 33949 1.0541484232962977
28 4 29 17 50352 0.9581767607919688
20 24 19 7 50156 1.0057799199446953
4 20 29 14 57828 0.9890816987302725
11 6 16 26 46137 1.0599341972974659
5 19 28 10 71105 1.0600983123405108
11 11 21 18 30611 1.0059231121981718
18 28 6 28 28858 1.0728734046039992
26 16 10 12 29462 1.03419699868605
15 24 18 1 52080 1.0124837342749775
14 18 20 10 37540 0.9660240591539992
26 29 8 5 74114 1.0358579690604355
7 16 29 20 38662 1.0746483694185343
5 14 28 27 73785 1.0212978306614282
21 27 11 7 56535 0.9186269337104495
2 22 25 20 61301 1.071213462479066
20 23 8 19 33183 1.0230516695228513
25 29 4 26 65845 1.043093403799629
22 10 0 1 77135 0.9267340838703798
23 0 26 28 64222 0.9745649126639209
11 22 2 0 64685 0.9729195813734347
11 8 26 4 56028 1.0407409928525249
15 12 8 15 27058 1.0063950531269577
6 6 23 11 59743 1.0448716797651854
0 4 20 2 39657 0.9300185862578441
22 12 4 24 64489 0.9304914371293885
21 29 19 4 63989 1.0546454756832173
2 27 24 24 60732 1.0023023560969229
5 17 29 18 38591 0.9295836949567867
25 1 5 1 49354 0.9422879471991956
7 24 18 2 53823 1.0306372682125784
5 0 1 7 22186 1.0043826553263564
24 13 3 21 53231 0.9751405639979157
26 27 6 15 58269 0.932044682718932
19 13 10 11 33204 1.0531240640194635
24 11 6 22 45199 0.905596273799416
1 12 26 22 66994 1.0605265121063998
11 20 0 25 42483 1.0249715429340933
24 15 19 4 39218 0.9238104641711822
7 8 8 19 35565 0.9253676871433681
5 9 21 26 60223 0.9356626537524212
20 11 26 18 35486 1.0570261810582362
17 25 8 28 24899 0.9556918423980978
24 2 0 18 63182 0.9580609656924507
29 19 8 19 33352 0.9217956843929397
23 29 20 4 62466 1.0003618598986928
25 28 4 21 61369 1.0509395294136479
12 9 24 10 48001 0.977654367467079
8 12 6 23 36648 1.0012654798230904
24 14 6 7 50227 1.0395817228664765
10 22 20 22 37570 0.9830370458595544
19 21 1 19 47649 0.9850092837353375
25 25 5 15 52272 1.0607204970266615
13 22 11 6 45643 1.0604279764949744
27 21 22 14 34135 0.9720954246413767
28 9 24 16 41289 0.9609848048976539
11 10 23 13 46019 1.0761982846105342
17 22 21 1 48196 0.9103168183509264
6 15 11 6 26548 0.9328452566061349
3 18 23 9 52125 1.0621401787727096
7 15 24 16 28050 0.9349013113879262
22 15 14 19 24337 1.0046476320777995
14 20 5 18 24132 1.0029968909717404
15 5 28 12 61367 1.0740474821131398
27 27 8 6 70411 1.0406203712387925
19 15 17 3 31414 1.0531697539532388
8 26 18 1 61136 0.9270266517352642
20 3 29 8 40192 1.0311132476582365
26 8 4 1 66269 1.0186744570472879
8 19 26 5 54143 1.0089826193399007
29 7 20 11 49838 1.0826093166579949
13 6 1 21 56026 0.9739703724462604
22 2 15 21 54864 0.9551628240314484
1 0 0 16 45599 1.0904070887454143
15 7 28 6 60415 0.9242935687064469
23 3 2 11 69373 0.9846274972434227
28 18 10 11 33633 1.0729417506559402
9 24 25 2 60927 0.9947654653357512
0 2 14 9 33328 0.9464000508823301
0 13 15 12 52104 0.9873386729369531
12 0 24 1 37177 1.0115059182858592
19 3 6 21 54143 0.96868214949774
23 8 15 28 50915 1.079343870713988
0 25 13 4 69856 1.083854386010734
1 8 13 3 35824 0.9876345616454123
16 24 4 6 55663 1.0203939237303348
9 4 29 3 49881 1.093035530622127
17 3 28 13 53618 1.0809807870358048
18 1 29 22 66145 0.9011134394694695
0 5 0 21 60018 1.0291548281072196
28 0 0 24 100282 1.0063137312254409
14 23 12 14 37017 0.9791568844487077
23 12 16 27 48357 0.9613185300021793
5 8 12 0 40468 0.9777381486891515
8 25 26 22 53240 0.9450832858928352
26 8 23 24 40237 1.0779572850167904
3 13 24 19 50641 1.0979997988528314
6 6 18 10 41834 0.9302596949341699
18 3 17 13 20589 0.9684389180025816
18 16 20 0 43889 1.06382993499123
13 29 5 5 66623 1.049912741577071
27 15 20 27 41118 0.9867857328003816
11 1 12 21 48149 0.976634395509653
21 27 13 12 45874 1.008248049930807
14 11 12 3 16645 1.0236159861706042
6 2 14 10 24872 1.03319158977461
28 9 2 12 101007 0.9586741752855885
4 2 12 15 39482 1.057490767439441
28 9 15 23 67196 1.062995072763498
22 14 13 17 29431 1.0500003005623402
22 11 12 16 36585 0.9795101523130036
26 21 21 12 41210 0.9840980146128226
7 9 25 21 57607 1.0580507690234064
26 5 12 28 65930 0.9708174392379195
2 17 28 26 74853 1.0570020845878918
17 16 26 4 42282 1.0001528566799829
9 28 17 22 27580 1.0301327670982057
27 2 17 10 42159 0.9439444966253827
0 18 29 1 80234 0.9802122032746821
24 4 14 4 27617 0.9215410871397058
2 2 29 2 58919 1.0672683784500805
22 9 29 25 53461 0.9794828028211541
15 28 26 18 31030 1.0374090367891267
26 20 1 13 61480 0.9323172289331427
6 4 16 18 41848 0.9515991495553214
27 22 9 28 55740 0.9010561527028977
20 7 0 18 67806 0.9719532295068193
11 9 27 10 68107 0.9818681147755294
3 4 16 2 32173 0.9306823933628894
28 18 28 2 43687 1.085880387100887
2 1 24 6 58265 0.954733707940041
9 24 27 13 52510 0.9506210337816755
13 22 23 9 57706 1.0527240876937918
4 10 20 25 69746 0.9229348221216592
7 18 14 8 26027 0.9278083144909766
15 24 29 10 55992 1.0652248194178555
28 26 0 22 88050 0.95662250719812
5 7 22 4 54276 0.9273457135011965
2 15 29 22 62359 0.9309958337422448
12 14 23 21 38619 1.0282750557555584
13 23 2 15 41582 1.0917191998847013
26 8 5 15 59252 1.0184448732476659
28 22 6 9 67747 0.9918836700965233
6 6 7 24 43718 0.935731945770917
7 24 25 0 75018 0.9995797092340616
11 2 0 7 33039 1.0244264555141602
10 9 4 22 45361 0.9062420653539504
27 25 27 5 56404 1.000236319270319
15 13 5 14 31450 1.0167475545418565
14 27 21 3 63103 0.9427715758937639
10 12 3 2 27368 1.0925947697628515
4 11 15 13 43345 1.025408453962631
8 16 23 24 35437 1.0533293519572855
7 29 9 8 46226 0.9856250124593217
7 19 11 25 21024 1.0185670758794176
17 10 0 4 49407 1.091300077908569
6 8 13 26 48264 0.9992957046978795
11 3 1 11 39916 0.9972848190807304
26 1 10 10 57197 1.03347053544891
17 22 19 6 41487 0.902420891762755
9 0 1 16 47812 1.0724931607060986
29 22 14 12 42773 1.0570180648773382
7 20 24 8 44746 1.0616456997439332
1 4 1 15 28135 0.9897972898277196
25 4 9 23 58318 0.9037852026613743
28 5 16 0 50403 1.0958734817237212
1 0 16 0 39564 0.946776443300132
10 15 16 6 27058 0.9103597006072964
13 2 28 2 38770 1.028958266630509
0 28 11 6 59188 0.9539329105740685
2 1 11 2 23297 0.9166231041433736
2 2 12 3 19499 0.9393364442262556
27 7 17 17 38971 0.970293335415915
25 19 26 6 35589 0.9440195961808745
16 23 26 17 30124 1.0606907983205853
26 18 29 27 33223 0.9097710371349791
12 9 4 3 38838 0.9275429317357743
21 29 29 0 71856 0.9558327522868724
22 15 10 29 42642 1.07360182240087
0 5 16 14 59945 1.083381565185176
4 8 7 22 46192 1.0292625968216909
0 13 27 16 58086 0.9434582643600583
12 18 1 1 45744 0.957525429238621
3 5 25 6 71476 1.0605339710013237
20 7 3 9 69240 1.0869303238733756
25 22 0 21 59908 1.0183591122739661
5 29 4 13 50086 0.9886286162056216
16 28 2 11 69512 0.925316633687679
17 22 10 15 20906 0.9756647880426449
26 2 15 7 40131 1.0139183623370762
18 3 15 22 47496 1.081904730659002
4 1 20 4 40346 0.9750928872179961
7 17 23 17 32312 0.9282024929881727
0 2 17 17 49834 1.010805700712428
20 3 0 9 56147 1.0778276809981384
27 18 8 16 27485 0.969632654366653
23 24 5 13 52308 1.0059239966387654
4 16 25 18 31012 0.9637349364955922
10 2 18 22 48968 0.9381533378405844
14 6 15 24 37398 1.0438963207564766
28 23 16 28 38799 0.9127862449379784
23 6 0 8 77977 0.9362447513403733
5 9 2 0 39300 1.0321433984449222
14 0 2 0 34907 0.9352506976341759
5 3 8 28 55532 0.9379839126329076
16 27 16 5 50458 0.9307418955539543
11 6 29 24 59245 1.0165647240765772
28 26 0 6 96711 1.0680271450157697
7 7 29 23 70903 0.9400166148010267
8 19 25 4 53047 1.028230144100134
0 8 8 21 61001 0.950222866111316
14 5 28 16 36233 0.9450496047839846
13 18 4 24 29925 1.0453096244648141
3 1 17 13 49049 0.9678329152309769
27 11 18 3 44820 0.9047466500934588
9 22 12 9 43472 0.9650258246084505
0 22 21 23 63704 0.9367332302732563
29 9 20 20 53052 1.063532958568609
19 0 15 10 40341 0.9719514714054067
22 28 14 5 53519 1.0867648158112733
15 4 17 17 30147 0.9607903990322081
12 27 26 9 72352 0.9946694224578836
6 8 13 29 56592 0.9622911729046737
2 20 19 27 66428 1.0255475151889106
24 23 12 12 44582 0.9008016310615633
8 23 1 17 31330 1.0918633625278433
27 2 13 3 37813 0.9793513691858574
4 3 29 15 66138 0.95784332359373
9 21 22 4 63019 1.0749131122755788
9 15 2 4 50774 1.0194262913026668
5 9 5 25 46796 1.0146983650918568
4 13 6 29 45004 0.9230265296425967
17 12 12 27 45418 1.0365055308697966
27 1 15 3 39599 0.9101160788946614
6 9 3 0 33357 0.9528776417467745
17 7 20 23 38009 1.092624544672532
1 5 26 17 72491 0.905978761595853
16 29 22 3 61018 1.0114115425951562
5 0 16 15 46752 1.0136594457877959
18 23 17 7 31444 0.9055843418827773
0 28 7 16 42583 1.0762658316529803
18 8 9 19 37143 1.0295205975718758
20 29 29 4 69506 0.9430833852663281
12 7 16 0 30284 0.966999226778951
22 11 16 29 53152 0.9705313042085051
22 26 11 4 67309 1.0975369024366606
26 18 16 18 11950 0.9213880358311765
6 13 26 19 40220 1.0610409844606652
10 16 8 26 21174 1.063630642631313
6 11 17 1 40661 1.0228832808592023
17 5 28 13 53147 1.0208484574359211
4 19 17 1 54285 1.0617269013973833
22 10 12 22 65374 1.0360506998170431
7 24 25 21 46263 0.919544516317107
27 23 26 4 52303 1.0301102744782222
21 27 12 23 30952 0.9756009579006559
28 10 13 24 66658 0.9091939637893929
5 8 16 5 40397 1.0891870797825705
17 20 28 1 54669 0.9440152036557478
3 21 0 28 40938 0.9749130600651619
18 26 28 15 41217 0.9125779683762052
4 15 27 4 68194 0.9390894920197826
22 10 2 8 88461 1.030719348599153
20 19 14 27 30643 1.0122989429804519
26 12 27 26 53078 0.9725433972743162
11 19 26 19 26732 0.9040494198548931
9 28 14 21 32457 0.9566040248738669
2 29 11 2 64839 1.022049498338022
1 28 28 0 100118 0.9871588317656392
23 7 8 28 59399 1.0245838061179546
3 26 11 7 55340 1.0302383800175672
23 26 23 5 45708 1.0183542253341447
2 4 17 23 68642 0.948461590002928
1 27 15 15 54619 0.9970630550933915
26 15 18 5 45879 0.9182828169860257
10 7 11 23 28076 1.0135848271859265
18 4 26 8 43802 0.9967547073860913
6 4 29 19 61155 0.9728015188759617
0 12 8 24 55547 0.9210510331854712
18 11 2 22 63620 0.9516255368561841
13 9 25 23 43382 0.9857547285474532
11 3 0 27 67980 1.0752379065730584
6 26 19 13 52033 1.0590122921340344
15 7 11 24 40688 1.0052729271641259
8 6 29 0 64408 1.0549025449769256
27 4 8 22 75814 1.0077284703727607
14 2 28 16 40909 0.9266036926194942
1 22 21 6 87391 0.9297965069597361
17 5 0 3 36590 0.9776871282857602
9 7 23 21 52664 1.0123807135490754
26 2 11 18 50821 1.0900930936898308
9 28 14 2 47471 0.958988410252583
16 6 12 28 48653 0.9830431175050098
15 21 6 27 40591 1.0580563463840489
27 27 24 5 49675 1.0452125781574495
28 0 2 3 70175 0.9377597208449091
6 11 28 20 55946 0.9712838472352373
17 6 2 28 64655 1.0981622710215728
21 25 17 18 20075 0.9564974081362521
20 1 13 20 56674 1.0641163110677996
22 16 15 25 29723 0.907364444225914
29 23 5 3 76795 0.9574135086058679
22 2 10 10 36055 0.9938274720763118
7 9 21 9 66371 0.9372396267658532
4 2 16 12 45452 0.9206541246675575
23 7 13 27 60357 1.0263588308037037
12 17 27 17 31395 1.0498152622325807
4 21 15 28 44926 0.9723504220296196
25 27 1 10 77669 1.0301747009712172
3 5 26 5 72316 1.0170690051777957
17 21 3 7 57172 1.0340270630656994
16 24 3 20 46133 0.9965267820317595
6 14 22 28 52572 0.9444416474621774
29 29 9 3 82001 0.9568130568231479
25 12 16 25 45399 0.9814977978821368
3 13 21 27 63939 1.0043749888319697
12 8 20 0 39831 1.0136003183766984
27 23 11 28 46964 1.0064367695138459
10 11 27 1 60550 1.0667481575111637
1 22 10 14 41025 0.9282545514324478
20 16 13 5 27861 0.9083416345142382
25 28 16 0 66577 1.099112189529237
6 18 12 11 28456 1.081568656559631
21 24 27 18 19260 0.9069213771127106
26 8 3 9 80229 1.0043615757354745
20 3 22 27 62347 0.9755536808432272
13 27 21 17 39363 1.0289301619658082
28 7 11 10 67803 0.9948168137809374
6 23 24 29 53042 1.0569046389173486
16 26 17 2 44980 0.9710142409320961
21 22 0 18 46125 0.9736823879265282
6 24 22 26 48391 1.0880176782428155
29 2 6 17 66505 0.9235739905608907
4 28 4 2 63616 1.0875968930590947
17 4 11 8 26760 1.0830404476001723
13 3 25 8 42364 0.9805230355212483
25 3 5 0 44335 0.9753790095282928
2 0 17 17 58963 0.9114937387282641
19 7 12 10 38979 1.0734641210331424
14 15 21 10 37162 1.0700776354325785
20 24 23 15 27582 0.9306945724337786
18 5 20 24 45028 0.9414404652030752
14 15 21 5 40827 0.905217109705621
11 20 7 1 40870 1.0673342838687327
12 2 4 24 53649 0.9017120741372429
10 16 9 26 18274 1.023737994279165
21 7 17 20 42159 1.005984884589657
12 12 5 0 42892 0.9986659828367849
23 18 26 4 36553 1.0895387759851118
15 6 6 20 37447 0.9661923620698607
4 5 14 4 31497 1.0633984884605714
9 2 1 6 22622 1.0792925491709484
27 21 4 19 55274 0.9350811218620342
11 8 2 21 51880 0.9015216625003095
18 14 17 26 24521 1.0894775517718824
22 15 16 19 19970 1.0265183382215222
3 22 24 14 57845 1.060012687065028
14 18 28 14 33609 1.020643483447883
4 1 22 6 52479 1.0503199287967522
23 13 16 10 36887 0.9374233310524038
3 21 27 28 74496 0.9491026946467076
3 6 20 5 51472 1.0831332770158724
0 17 28 5 79485 0.980708059567122
14 13 12 23 27921 1.0950063855723218
6 3 6 22 43560 0.9613064268355239
4 14 20 5 60791 1.016204004371004
4 10 2 22 59730 1.0305683561145242
13 8 1 20 51548 0.9113815365580514
11 14 14 25 36702 0.9067174442798276
7 12 16 24 41263 0.9814201422461869
10 19 0 3 46268 0.9985052284453737
22 3 20 24 48170 0.9853329856992398
13 11 29 13 45257 1.0394994700093896
23 15 11 12 39710 1.0787750568897407
1 9 28 14 76534 0.944604077419487
5 7 29 20 67674 1.079614961233959
22 1 3 15 64069 0.9042419907510778
22 2 12 9 38362 1.0011305958707002
9 26 5 16 25588 1.085616411038624
28 0 19 10 63510 1.0569000672536604
24 25 0 9 73558 0.9274027291116372
20 14 8 25 49408 0.9090116122459955
19 24 6 6 52471 1.0375462701438056
22 2 2 3 42243 1.057831849774261
1 27 10 14 46462 0.9039327585172622
27 18 12 19 24629 1.0186040373700034
5 29 1 6 70804 1.0408403307951928
11 25 19 19 31520 1.0370293965580772
5 3 11 17 38123 1.0835845680311982
6 10 20 0 53616 1.0389944050878093
28 15 10 27 49133 0.9785375473172824
8 1 8 29 60762 0.9754731045045494
9 5 14 25 49282 0.9487402295259109
28 17 10 3 54202 0.9576270955249561
6 4 26 20 63712 1.0157030286423803
25 7 15 29 55805 1.0550480219556353
15 17 18 10 24059 1.0539696852831293
17 12 8 24 35413 1.0414797911813953
25 8 14 6 44473 1.0267579898093535
24 4 2 17 62630 0.9348820398476014
18 5 8 27 61049 1.0960166684372656
4 22 12 2 59658 1.0929443463356574
18 21 3 10 62705 0.9936937512171788
8 16 0 0 50461 1.095750894564901
1 20 14 20 40645 1.000655363993421
5 4 0 25 72188 1.0772361301228617
11 5 4 19 42644 0.9995825509074621
5 15 25 24 45553 0.9524149619810913
7 22 10 6 35624 0.9890941251508558
23 9 16 2 39056 0.9696004655205155
19 12 1 4 65018 1.0232166550885522
4 9 26 12 73365 0.9153024929458948
23 28 11 0 69938 1.072810409097227
5 29 21 14 59568 0.9128428440794405
2 27 26 14 70610 0.9676749413930092
5 1 5 13 35689 0.9832565958883361
23 23 8 17 37429 0.9020026369670834
2 27 18 29 44854 0.9129047611236505
3 13 4 4 43167 1.0291437189834052
29 16 17 17 19202 1.096491682987769
6 16 14 19 19684 0.9825276037580599
27 10 8 8 73160 1.0195479612329266
8 1 18 20 51273 0.9870142795835893
12 13 10 23 25354 1.0980229555471235
27 27 3 19 64989 1.0480505898189234
15 29 2 26 40940 0.9789979472365359
20 14 29 21 36740 1.0973735413508572
11 26 25 10 52272 0.9232167665239916
18 8 8 3 34328 0.9360339287998167
14 29 4 19 47316 0.9176229517944237
24 20 11 23 32063 1.032557648703937
16 10 20 4 32389 1.0875205105880428
12 27 2 14 57055 1.0924726653792056
5 25 22 1 79636 1.0591540857493025
10 28 2 13 53456 0.9002419498490013
6 25 17 13 41335 0.9633333136641136
3 0 1 27 88889 0.9003072433472784
29 7 11 24 69026 0.9788565766513005
2 10 28 13 85114 1.0427189925906373
16 7 26 11 52073 1.0810722055615751
29 20 29 10 36482 1.0843632965904866
16 5 2 4 46186 1.0860173053265492
14 4 7 28 48618 1.0550894433444349
18 0 22 24 59353 1.0124085369391633
21 19 14 27 32850 1.0715814740871745
27 18 6 3 54568 0.9352020740426968
5 28 23 8 66424 0.9777229624647665
4 3 22 5 48153 1.0382844682301102
15 29 0 7 81254 0.9141886028034205
12 0 10 25 50152 0.9326050800364687
21 26 0 1 77743 0.9532571892911901
17 28 5 8 58875 1.0372037094838298
6 20 15 22 33459 0.9802544842921057
29 5 6 18 68808 0.9968385244028511
3 5 18 21 63535 1.0645938941662563
10 29 26 17 45540 0.9864538412521459
24 3 1 4 49677 1.0525087814580987
4 4 1 25 72164 0.9049782505486903
16 27 1 16 51484 1.0569944420545923
19 20 0 15 49439 0.963875719566345
11 19 2 5 51548 0.9408921531382518
17 28 3 2 62265 1.0208681229601584
2 15 14 0 50293 1.0718492226482228
23 4 15 23 52168 1.0307163125995817
19 12 14 2 38975 1.0461483439477626
26 14 1 0 72460 1.0788757467316976
12 20 1 0 58074 1.0609066846272783
2 6 27 14 71738 1.0284543476442605
12 0 26 4 46388 1.0378595767583132
16 29 28 9 75342 1.0907881944498474
13 19 29 25 42920 1.0476370043982686
2 6 20 5 54024 1.0109082744142086
18 10 22 17 29403 0.9491547810930875
4 10 21 26 66618 1.017688426805437
3 19 16 7 51814 1.064300385266657
22 4 13 5 29538 0.9758471439957435
5 15 26 20 46425 0.9195479911046668
15 12 29 25 53531 0.9908543685478433
2 21 5 6 54012 0.9595350034821531
4 5 5 14 33446 1.0606794507904638
26 15 11 16 30054 0.919071570920442
17 6 16 18 23398 1.0504285763724381
26 1 0 19 81806 1.0591485140361858
18 0 10 26 56647 1.0126143691642266
10 15 11 26 19965 0.981985339230341
26 3 16 8 36348 1.0543404732659496
19 11 13 23 44470 1.0540653669063196
29 9 8 12 73732 0.9105792075643121
19 27 24 8 48403 1.0334936481850154
17 14 25 4 39851 1.0233114501543574
9 16 8 28 24487 0.9815174484593943
4 26 23 10 66057 1.074532660660068
16 4 10 14 36454 1.0343131221532933
26 2 11 10 56630 0.9357618608764805
12 11 11 29 41623 0.9741648116735919
20 8 22 26 62716 0.9252385704626517
11 8 11 22 35096 1.0230850912823621
21 2 11 13 42182 0.9093031241677364
13 19 16 7 37508 0.911369152854211
18 3 24 18 38273 1.0084698729364303
18 2 8 15 41434 1.0414838974495497
21 15 3 20 48155 1.031740643036397
21 28 26 4 57250 1.0317090735232193
17 7 15 23 34582 0.9098848992586621
7 15 15 25 36742 1.073886081059884
27 18 11 28 39157 0.9990608830225677
14 29 3 18 41757 1.0904781300743724
26 5 18 28 59290 1.034526204375109
21 4 7 5 41976 0.9781382636248578
23 28 25 9 41848 1.031984065561537
23 22 25 5 36366 1.0991253247450412
15 7 17 16 24083 0.9612786292770269
12 1 17 14 36422 1.0247849771034765
10 3 0 15 44732 0.9288135889023285
1 1 29 1 66661 1.027896539939136
23 4 22 21 45114 1.026699846076497
23 21 0 16 51917 1.0855622834723837
0 27 23 11 76906 1.0570654935501573
8 22 24 12 47341 1.0361903044273792
19 13 4 17 38215 0.9391476094016038
8 28 27 13 60414 1.0751196146238986
25 26 24 13 27977 1.0450927404348185
28 15 0 12 72273 1.031485012366996
6 21 3 14 27699 0.9487884396834712
15 8 0 9 53081 1.0572308256631153
1 13 8 18 30338 1.0831979126980682
11 25 20 5 63090 0.9819936298084592
21 11 23 26 47904 1.0905335026787815
7 11 0 23 51949 0.9202645127780223
23 1 21 29 59486 0.9231534714932982
21 26 17 6 43592 0.9970672791655809
14 5 16 29 46723 0.9306203191086597
28 5 18 10 58613 0.9601202822889636
8 28 28 22 62561 1.0649207530549587
23 0 4 19 75448 1.0046221093188967
5 8 1 15 38441 1.0781374978308356
21 29 23 11 40148 0.9835220532162301
3 18 25 23 40591 0.9884813041532592
24 12 9 7 47611 1.0754520489816228
20 13 9 10 46185 0.964597502188511
2 5 19 9 67654 0.9717859378683393
5 18 9 3 34567 1.0544721566093587
21 15 1 14 46544 0.9481127435873061
25 22 16 6 43795 0.9468429317634985
23 4 10 28 62939 0.9596206125573081
12 19 23 11 37890 1.0053230875105656
5 16 1 26 37987 0.986757209599856
0 11 10 26 53950 0.9240650169982457
11 3 3 22 59232 1.0556755992806734
4 6 27 12 76443 1.073980115312156
22 28 24 12 34022 0.9737164386646487
7 24 3 13 42906 0.9393256820662638
29 23 16 12 50637 1.002575777621324
12 5 6 19 38798 0.9780002257145908
20 1 24 16 43049 1.0656696134722936
24 13 11 18 24320 1.0954822771918111
0 24 14 0 68286 1.0353778593389837
1 27 18 14 61400 1.0671545413556482
0 12 17 23 58740 1.0133500697219207
20 9 7 26 69979 0.9294669343760235
29 13 29 28 52986 1.099495684269692
0 28 1 17 50023 1.0903228841714199
0 24 22 23 58120 1.072631534770676
8 13 29 25 59282 0.9221060046354659
8 28 8 10 45283 0.9262779757080212
17 23 6 8 45182 1.052981594453857
14 26 4 28 27297 1.0027994908948343
6 0 5 15 45937 1.000119614456455
25 3 0 17 67816 1.0162886480282194
20 7 9 4 48863 1.0471808868770736
13 12 21 21 40060 0.9869203932688676
19 21 10 23 35059 0.9869534435388736
23 16 20 0 50392 1.0585884199141216
11 26 18 17 33298 0.9218355158084172
5 1 15 22 57513 1.0279708278828452
19 11 1 29 73473 1.021133428846464
17 28 7 3 56456 1.0858348267446325
29 4 0 12 91821 0.9301026006237967
24 22 20 15 20454 0.9840517585535417
8 2 24 17 46205 1.0020982531809441
8 21 15 24 30135 1.003057861816956
8 15 25 11 42241 0.9812593847916555
17 6 10 13 28924 1.0896779306736495
19 5 13 25 59244 1.0083601254620664
27 18 4 28 50130 0.9410934490132637
11 16 9 5 23299 0.9341364905214751
12 18 21 20 19580 0.9141434858293499
3 15 20 17 37131 0.9716753074498089
17 10 28 16 26656 1.0003877604739804
5 1 17 17 43447 0.9617866334585222
0 28 22 11 77967 0.930668049766933
11 25 2 8 64670 1.0067629483830334
22 9 5 10 72899 1.099154544550181
7 4 3 12 42744 1.0042969358580822
27 12 13 3 61057 0.9907475334152462
5 19 29 14 49794 0.9292271735270972
12 13 24 9 39559 1.0506643136633922
10 9 27 5 59278 0.9750050738157867
2 4 6 24 64917 1.0688403402942468
23 11 2 7 78486 0.9266745360285609
7 28 0 0 72765 1.0054643243143557
22 1 12 23 65447 1.0163225205950939
22 24 29 9 50534 1.0728240038308365
21 17 7 5 46973 0.9086028071426192
29 14 11 10 50485 1.0186011117655043
12 17 28 2 60795 0.9047977399758581
28 8 11 8 76858 1.0896593937396715
17 17 26 0 56337 0.9951822388162432
6 7 28 9 88106 1.0840788530206908
9 12 27 25 57055 0.9658574505664219
13 17 14 29 39354 1.0636828915985534
24 10 28 21 35831 1.0444398589927597
8 21 5 9 41298 1.005369801931443
7 8 4 26 52506 0.9790399268013948
10 18 6 11 20514 0.963982784466073
2 18 25 16 36660 0.9113977046282468
5 12 24 2 68311 1.0986955376071357
29 29 29 14 52518 0.9210691393391258
27 18 16 15 22214 1.0252988007335124
15 2 22 20 46413 0.923444151131377
19 17 3 18 31051 1.0339718429843139
24 6 27 15 25653 0.9101702388167501
16 0 23 19 50669 1.0045226103563787
10 12 3 0 39505 1.0169917292423292
28 10 4 20 79139 0.9507267765042768
19 4 4 0 43015 0.9556572210828628
25 10 16 21 38627 0.9759405964168871
7 6 23 0 53472 0.9583242786856776
27 24 28 6 57816 1.0388232213153137
5 15 18 16 25122 0.9660178096786695
15 23 25 15 32123 1.026833284364365
5 27 13 12 55834 1.0062116027526375
0 28 11 15 46461 0.9050030135952339
19 24 5 26 39057 0.927770940992411
16 24 3 20 46133 1.0742610730576065
28 20 17 12 36955 1.045800006011442
9 16 19 28 39509 0.9320866266463119
9 28 27 18 39205 0.9240514713982426
4 7 24 26 68195 0.9573596954643527
27 20 18 2 53107 1.0208012421224186
17 2 8 28 54728 0.9166815052915306
19 29 12 8 58012 1.0299038814706054
4 29 17 5 69430 0.9799549125404848
17 23 10 1 46599 0.9050443420229285
8 13 6 25 35939 0.9094741402646321
10 17 4 23 26248 1.0211024359626697
10 29 13 12 40552 0.9822088203117845
5 29 0 6 73391 0.9010581424603586
12 23 4 5 52341 0.9800521570233203
5 14 24 23 44941 1.029648275759825
6 18 27 19 33308 0.9186386679313933
24 3 1 2 44998 0.9967445351886736
29 14 15 15 31112 1.0206088941670015
28 21 9 0 75524 1.0299198066867914
20 4 29 11 56729 0.9998129903766012
6 28 26 15 56379 0.9983719135969299
20 0 21 23 66454 1.0822556599428814
2 9 24 8 71380 0.91697277234843
13 8 10 19 27981 0.9773550094264511
28 24 24 12 27794 1.0515966629837203
27 26 24 9 41370 0.9030901691898866
15 21 29 9 59062 1.0242781307218423
14 18 25 18 13200 1.0695433173160014
25 9 3 9 73367 1.0387438883907123
3 11 5 24 48798 1.0030967529257089
15 20 12 13 29040 0.9913329826793303
10 2 14 26 48615 0.9096434224837616
6 16 20 23 36488 0.9206561460782984
1 14 19 11 56266 0.9093237019909323
19 16 0 24 52186 0.9366352904145406
19 23 19 7 48176 1.0627974582663722
27 3 13 21 64376 0.9963186876137652
29 1 12 2 46066 0.9278876564388399
12 3 14 29 57863 0.9751717651377327
20 8 15 21 49143 1.019524850248862
18 24 2 19 43787 0.9311842472800202
28 11 25 4 40019 0.9747135306459519
29 8 21 6 43004 1.057125178396008
27 19 21 15 19911 1.0056054313508889
13 7 29 12 55187 0.9689173871855404
3 26 25 14 60058 1.085354551745378
17 5 6 16 35817 1.0889305132673572
2 3 28 22 85862 1.0691427622745553
6 6 9 27 51713 1.0323493671018134
3 0 29 9 88220 0.9595072562503831
27 28 28 8 70811 1.055038640587988
14 1 2 14 56516 1.0409131406751275
0 3 18 14 57074 0.9029028900999629
23 28 4 10 73331 1.0166062425650246
6 2 16 0 26428 1.0478793211005544
5 7 29 12 75916 0.9349119291007217
17 13 24 28 32919 1.0269811088888703
20 22 3 6 69596 1.0843441835644967
14 6 23 8 44327 0.9007383042813072
3 23 29 22 66311 1.0775378884216635
29 10 12 4 71054 1.0818753258305764
22 15 4 4 61434 0.9150028861281317
26 15 11 2 51005 1.0621788797441103
23 13 9 7 50934 1.0483497598690625
19 21 1 4 71898 1.007853084864544
28 15 22 5 40817 0.9948350705213729
27 26 2 23 76444 1.017976574947454
26 7 8 15 51386 1.0638226120903997
28 11 2 3 84896 1.034251973351876
11 6 14 29 51117 1.0190078027215939
9 8 22 2 38747 1.0025435392480044
22 22 0 17 55199 1.0636391758216956
0 28 14 9 56988 1.0352385408500777
5 26 13 2 56177 1.005886884596818
29 22 14 19 37015 0.9056680603046018
19 17 29 0 58978 0.9622611733769721
11 5 17 17 32290 0.9587409235447116
11 28 15 20 31280 0.9142326011381291
14 26 23 20 37065 0.985963770264284
27 29 24 18 30868 1.0896065406919246
28 23 5 24 60654 0.9212964094062508
26 26 1 7 90333 0.9479205662485518
28 10 27 28 67873 0.9289115566735879
16 3 1 13 53667 0.9378873534480844
16 11 4 14 41384 1.0096328883262682
25 26 16 17 34705 0.968041063121054
6 10 2 0 37491 0.9557701402310187
28 16 6 13 39203 0.9047294395873574
0 29 14 28 35719 0.9026052240346679
17 2 27 8 44890 0.9135234166424714
6 2 15 1 18721 0.9734695632517794
15 11 28 6 66244 1.0689371970129216
7 7 4 28 58468 1.0536571582975593
6 25 8 0 61386 1.010350118371263
3 20 9 11 40979 0.9842193953120848
13 2 29 16 43834 0.9972181919054759
9 2 22 16 40489 0.9188802046112333
12 21 27 27 63393 1.000148064581366
10 5 2 0 30296 1.0285810594312998
4 24 17 23 35212 1.0524811718537108
20 28 7 27 39039 0.9218069904485818
10 28 2 10 60217 1.0832823726867373
20 3 22 28 59219 0.9059486048027963
6 29 27 28 69276 0.9409606405093638
22 28 21 1 65151 0.9816381802425901
1 2 27 14 71673 1.0659386337056083
10 6 16 20 36357 1.0026728643617866
8 11 19 24 45487 0.9966069508579712
17 25 26 22 29850 0.9142694715584877
26 10 18 29 56503 0.9702519390856956
12 6 18 25 47000 1.0914389277624434
6 20 17 24 30554 0.9064322290905675
25 18 13 25 35605 1.0561701411088873
9 6 16 0 28561 0.9817621283799601
15 14 0 8 58856 0.9325965958168008
14 27 19 16 32902 1.0913402986033345
0 7 18 9 61215 1.0583430444226534
14 9 24 2 34558 0.9788265790795554
8 13 12 24 31875 1.0950437434824078
17 22 14 7 27704 0.9628399759375273
23 15 2 22 63194 1.0002573052314696
12 29 19 5 67367 0.9634771727105862
11 17 25 17 27529 0.9740643745553335
14 12 4 28 43627 1.0126517885344988
20 24 23 13 30912 0.9692581283891256
17 8 5 7 40448 1.0039193890330191
8 15 21 15 28793 0.9497821701973441
5 18 29 17 36134 1.032031519385739
20 1 4 13 63628 0.9341574740256476
24 9 14 23 40174 0.9938676477704008
28 0 3 20 89110 1.0846508143128921
17 15 11 10 28057 0.9259125419400861
16 4 6 8 38154 0.9394115417888129
0 25 24 16 61250 1.0456351039178924
2 15 5 28 44664 1.030884874102763
28 11 16 12 55401 0.9606366409994525
5 9 23 28 66936 0.932541549225106
25 11 8 17 42221 0.9715480334223314
11 16 3 3 39117 0.9451838576136358
20 25 8 22 46368 1.0188628022396966
21 4 8 17 54284 1.036227183403967
17 9 1 14 49072 0.9426388641356955
24 3 22 22 40670 0.9476385956015589
1 18 17 24 34981 1.0101460911361912
27 18 5 2 54711 1.0371091556929082
2 25 5 12 51179 0.9462468853711716
10 12 18 7 36102 1.0746997865356547
19 6 6 29 70844 0.9069786854026533
9 10 24 4 51217 0.9216402439524533
0 20 28 5 84207 0.9470814826043081
17 23 7 5 47377 1.0959262610170044
25 13 28 0 43570 0.9753034969816026
9 3 8 18 29408 1.037835385483999
11 22 2 9 55346 0.9957678602625786
3 14 20 9 68425 0.9264595514010636
18 26 19 7 49487 0.9933459128912869
1 8 25 21 71913 0.993948878715486
24 4 22 25 41543 1.0001286183688343
1 25 26 11 78025 1.0437875551914892
16 2 27 9 52298 0.9627582617954273
29 14 15 12 41595 1.0071139011675427
1 8 6 0 30625 0.9280383284453636
12 13 27 21 50209 0.9312015712289189
25 4 18 1 33345 0.9909765409727196
15 8 26 28 58512 0.9523170722884056
17 24 22 6 48086 1.0580915259509425
6 0 26 24 73868 1.0271363403747096
5 14 26 29 64394 0.9381406262551899
3 26 29 29 84894 1.0097015972037897
26 24 23 8 35630 1.0413885003685013
1 10 12 25 60556 1.0293418903290723
7 22 24 16 38006 0.9848216086598076
11 2 18 13 34728 1.071633511947613
3 4 24 2 52967 1.0318320396867227
28 20 24 4 40730 1.0753799464660307
19 4 13 14 38646 0.9147899387348838
20 7 13 18 45545 0.9723290168958252
28 5 13 4 50861 1.0054763250343701
0 12 21 12 70988 1.0341000468899169
23 3 5 6 46314 0.932595271940602
2 6 4 25 64292 0.9578988328243082
2 9 21 0 63804 1.0657105433530019
29 26 10 26 55281 1.0103630163209636
22 22 2 26 59714 1.0711621453472184
15 12 11 23 33082 1.002809926198067
9 5 20 23 52349 1.0116750576910596
15 18 22 27 33401 1.0234984044510658
29 6 0 25 101106 1.0646365623728626
14 21 23 13 39364 0.9031552386167268
23 27 5 22 62866 1.0180288156609703
7 10 17 28 51268 1.0826048881366925
23 26 24 9 34408 0.9343622744508085
7 5 29 21 64380 1.026119647244337
8 15 0 12 40274 0.9657491765548493
23 17 13 20 31477 0.9167923041561764
28 12 1 27 87723 0.9946089458919467
18 20 7 0 53914 0.9828747035906885
8 20 12 4 45374 0.9638285845692671
7 4 19 5 37657 0.9464609808676517
22 6 0 20 74965 1.0924594532065515
27 4 28 26 72402 0.9940479250812857
13 13 16 27 39528 0.9271603588284961
3 4 7 12 39235 1.0128956368938036
17 1 2 11 54956 1.0862621136460704
13 20 27 29 56356 1.0456821079206022
0 4 28 2 66886 0.9496850752603669
7 24 28 23 55320 1.0158800792249965
13 14 14 27 41495 1.0251397073624777
24 3 16 27 55725 0.9864788515462213
15 4 23 9 44129 0.9102187716471293
26 29 4 2 79798 0.950890025310755
20 17 28 14 29756 0.9876661570463355
19 27 11 23 36369 0.9257827842266199
0 16 0 29 58078 0.9273648145305343
2 5 7 22 59712 0.9041518048702887
28 21 6 19 50300 0.9371092091311279
28 23 11 27 52219 0.9468690107783067
9 14 5 29 44116 0.9780609059729516
22 22 15 8 49168 1.019054054447147
20 22 12 18 29672 1.086693866053164
2 10 12 7 50655 0.9690774376786698
6 3 6 28 57215 0.9359926253857671
15 28 11 4 54922 0.9694074855773461
6 18 27 27 53561 1.0068838522479602
15 6 4 23 50881 1.0150331334729874
19 8 29 22 58408 1.0387353869918678
12 18 11 6 24835 1.0252716334451564
3 6 1 14 23992 1.0407292562731714
23 11 10 18 34720 0.9217277013205306
16 14 7 12 33893 1.0594175673458297
6 3 19 7 43026 1.0300110012151125
13 28 23 26 42189 0.91088716134279
28 25 9 21 55576 0.9700169477068182
23 6 23 25 43962 0.9439575690494517
18 10 23 15 32802 1.090727812191005
5 25 29 19 56118 0.9527957120077593
27 7 16 29 61064 0.9446437014796398
22 3 17 15 33693 0.9240089057388112
28 14 13 15 39299 0.9879884161787619
20 21 26 4 57499 1.0378799749045688
4 25 28 21 73958 0.96500243109516
28 2 9 14 65591 1.0073898653040358
