6740 7037 6549 7191 6280 6866 6240 6917 6502 6709 6183 7187 6690 7040 7228 6409 6521 6567 6221 6786 7233 6913 6778 7197 6976 6963 6962 7153 6320
5873 6176 5955 6247 6250 6163 6487 6785 5935 6127 6333 6502 6691 5746 6763 5709 6732 6679 6067 6070 6113 6540 5926 5895 6157 6014 6617 5860 6560
7340 6785 6879 7085 7441 7536 7478 7396 7203 7369 7276 7294 6897 7279 7394 6960 6814 7177 7226 7107 7735 6761 7532 6708 7334 6851 7510 7755 7227
4364 4137 4456 4292 3560 4414 3611 3955 4156 4352 3844 4630 4073 4011 3607 4282 3720 4470 4330 4176 3716 3929 3920 4100 4329 3817 3689 3727 4124
6218 5888 6211 5856 6902 5999 6877 5861 5859 6320 6528 6092 5879 6658 5997 6826 6626 6641 6276 6685 6132 6737 6910 6852 6796 6003 5952 6765 6036
1740 1629 1867 2242 1733 2090 1868 1896 2187 2104 2019 1661 1821 2079 1669 1384 2114 1734 2246 1297 1641 1342 2148 1251 1361 1843 2085 2092 1560
1690 1644 2185 1947 2383 2235 1937 1886 2175 2063 2013 2237 2197 2231 1621 1383 1559 1385 1784 2092 1918 2171 1941 1983 1498 1936 2396 1653 1722
2451 1617 1742 2058 2239 2572 2387 2284 1732 1658 2182 2096 2561 2248 2182 2373 1797 1812 1788 1670 2505 2077 2250 2122 1785 2403 2311 1831 1704
3892 4189 4582 4009 4448 4544 4033 3991 4739 4188 4092 4199 4688 3920 4749 3923 4289 4845 4397 4188 4148 4228 4166 4331 4510 4753 3883 4273 4604
5140 4873 4646 4293 4334 5095 4580 4366 4347 4319 4899 4916 4554 4123 4957 4157 4811 4763 4878 5092 4153 4129 4794 4311 5132 4532 4924 4331 5005
3851 3567 3759 3335 4080 3359 3819 3668 3426 4151 4092 3926 3970 4060 3884 3569 3533 3626 3398 3777 3629 3675 3850 3858 3797 3331 3556 3200 3355
7171 7069 7284 7038 6959 7012 7619 7606 7016 7097 7608 7254 7624 7676 7452 7804 7591 6869 7445 7130 7020 7037 6936 7456 7555 7189 7751 7372 7830
8053 8366 7748 8543 7918 7782 7670 8591 8245 8307 7717 7931 8144 8560 8658 8142 8173 8323 8055 7902 8461 8396 8006 8291 7853 8188 7756 8158 8187
2642 3331 2612 2903 3224 3150 2503 3047 2557 2642 2681 2456 2825 2281 2711 2632 3318 2617 3002 3232 3156 2876 2943 3101 2944 2354 2498 3295 2895
5195 4850 4779 4892 5651 4676 5080 4981 5505 4908 4636 4719 5384 5623 4862 5164 4813 4984 4864 5618 5425 4706 5109 4598 5146 4808 4971 4611 4939
3709 4028 4152 3674 4032 4518 4266 4154 3703 3964 4619 3763 4060 3873 3985 3578 3922 4353 3687 3900 3866 3900 3728 4411 4209 3713 4129 3671 3724
2894 2644 3241 2669 2730 2539 2937 3430 2578 3165 3241 3212 2797 2713 2481 2513 2864 2705 3276 2619 3156 2685 2658 2986 2470 2910 2744 2658 2915
2116 1353 1770 1645 2092 2239 1826 1867 2408 2390 1692 2396 1453 1825 1494 1538 1408 1456 1817 1908 2180 1751 1684 1810 1634 2400 2113 1809 2159
8382 8448 7734 8375 8623 7918 8303 7920 7721 8198 8358 8234 8543 8175 8172 8348 8590 7874 8117 8103 7893 8263 8506 8104 7781 7876 8161 8179 7893
5117 4848 5082 4478 4486 5227 4251 5044 4388 5190 4608 5232 4868 5037 4690 4906 4981 4342 5152 4549 5019 5041 5170 5039 5194 5203 5216 4969 4811
1554 1779 1327 1678 1492 1397 1992 1886 1736 2119 1819 1289 1143 1527 1120 1665 1509 1722 1761 1771 1698 2135 1945 1966 1198 1484 1458 2074 1482
7178 6808 7431 6827 6877 6801 7710 7344 7573 7475 7537 7012 7699 7412 6916 7409 7377 7717 7527 7086 7840 7082 7621 7542 7147 7754 7669 7864 7038
6844 7005 7275 6503 7381 6633 6579 6472 7373 6966 6509 7400 7125 6524 6950 6687 7368 7071 7154 6928 7229 6357 6731 6658 7151 6330 6946 6325 6822
1920 1162 1854 1120 1568 1640 1464 1189 1879 1909 1752 1565 2202 2101 1416 1747 1628 1579 1751 2084 1334 1481 1840 1250 1659 1890 1963 1724 1639
4855 5172 5320 5568 5598 4748 5794 5528 5034 5377 5525 4971 4802 4897 4753 5177 5310 5388 4911 5705 5220 5465 5397 5427 4731 5373 5220 4756 5468
7858 7684 7987 8078 8140 7790 8329 8342 8074 8223 8150 7768 7562 8414 8042 7380 7554 8399 8184 7489 8438 7378 7845 7479 7766 7764 8312 7978 8254
1929 2706 2790 2218 2330 2713 2157 2416 1864 2245 1727 1892 2774 2346 1791 1745 1794 2033 2223 2153 2539 1812 2367 1843 1896 1909 1793 2030 2299
8217 8515 8566 8353 8091 7821 8216 8411 8303 8434 8837 8809 7997 8159 7940 8528 8769 8447 8564 8036 8055 7792 8776 8346 7932 7839 8603 8174 8431
3090 2605 2671 2463 3023 2757 3019 2536 2558 2877 2465 3257 3252 3251 2841 2877 2657 2577 2799 3535 3096 2799 3360 3122 3391 2995 3174 2492 2705
5378 4892 5301 5150 4452 5223 4956 5369 4654 4749 4716 5245 5460 5021 4882 5216 5312 4424 4830 4713 5379 4547 4455 5262 4492 4940 4414 4790 4744
7037 6692 2307 3065 8625 7745 3028 3106 1856 7813 2109 5884 3172 3919 8432 7507 5210 6743 5559 8224 7102 1492 7021 6656 6011 4968 7062 4401 5402 6632
6795 6551 2253 2883 8117 7394 3131 3022 2278 8101 1601 5817 3656 3574 7535 7696 5385 7472 5070 7845 7634 2302 7941 6332 5698 5804 6554 3868 5543 7423
7604 6826 2391 3556 8750 7336 3621 2700 2230 7730 2395 5470 2768 3484 8200 7762 4974 7435 5153 7928 7640 2374 7840 6308 5574 5618 7356 4351 4878 6901
6616 6678 2176 3567 7913 8070 3238 3017 1658 7511 1834 5614 3588 3825 7738 7408 4969 7033 5902 7938 6942 1952 7643 6753 5930 5484 6524 3950 5433 7542
7520 6956 3103 2811 8501 7844 3172 3268 1672 7886 1907 5696 3156 3649 8447 7205 5324 6640 5698 8599 7048 2436 7347 6642 5625 5146 6684 3629 5284 6598
7406 6817 2700 3089 8195 7479 3135 2939 2476 7917 1492 5033 3756 3711 8473 7202 5309 6737 5826 7730 6941 1453 7835 6116 5669 5265 7450 3663 5678 7675
7390 7160 2778 2862 8455 7376 4016 3620 1607 7259 1466 4968 3082 3366 8035 6968 5878 6985 5567 7801 6802 2258 6998 6048 6234 5445 7404 4060 5420 6847
7290 6590 2938 3103 8381 7516 3799 3419 1860 7865 1649 5521 3764 3556 7931 7651 5033 7393 4980 7733 7074 1572 7237 6602 6015 5244 7225 4298 5686 6661
7646 6250 2969 3384 7850 7347 3815 2736 2515 7415 1531 5731 2820 3851 8179 7016 5210 7199 5057 8663 7225 1845 7805 6590 6393 5628 6812 4142 5440 7282
6565 6438 2655 3650 8352 7456 2961 2778 1891 7456 2121 5623 2913 3683 8130 7223 6038 7016 5031 8088 7032 2496 7979 6703 5499 6028 6531 3815 5703 7117
7018 6502 3002 3126 8165 7493 3710 3570 2492 8158 1863 5196 3140 4225 7813 6788 5121 6868 5087 8563 6680 1493 7463 6263 6016 5927 6726 4679 5654 6695
7483 6920 2877 3213 8395 7501 3852 3421 1677 7831 2397 5239 3828 4163 7855 6996 5272 6719 5441 8446 7431 1821 7233 6328 5499 5966 6556 4691 4959 7504
6996 6615 2682 3292 7845 7726 3994 3184 2039 7434 1614 5787 3129 3594 8325 7349 5152 6800 5956 8609 7081 2014 7308 6120 5645 5180 7028 3616 5662 6909
7538 6421 2496 3280 7938 7159 4041 3190 1725 7749 2299 5426 3266 3584 8233 7682 4964 7405 5560 8057 7514 1915 7781 6080 5781 5308 6417 3639 5511 7197
7571 7217 2627 2655 7702 7375 3995 3397 2621 7866 2466 5397 2876 4310 8207 7064 5367 6979 5744 8416 6576 1750 7975 6752 5664 5883 7246 4048 5015 7186
6895 6251 2463 2761 8226 7256 3816 3608 2388 7533 2345 5206 3143 3451 8484 7824 5220 7497 5977 8205 7048 1614 7324 5819 5850 4996 7295 4511 5155 7451
6564 6454 2720 2650 8491 7517 3281 2823 2404 8023 2069 4844 3559 3486 7944 7420 5531 6600 5805 8315 7399 2305 7282 5936 6406 5890 7359 4455 5899 7276
7600 6236 2895 3053 7804 8067 3115 3342 2204 7722 1555 5629 3828 3406 8538 7376 5005 7073 4972 8484 7191 2321 7234 6379 6036 5479 6919 4288 5406 6668
6760 7102 2588 2828 8554 7794 3717 3207 1597 7483 1697 5187 2781 3419 8110 6825 5810 7522 5567 8415 6556 2336 7290 6342 6087 5223 7312 3996 5588 6943
7543 6416 2434 2801 8401 7992 3960 3271 1799 7158 1779 5578 3767 3572 8114 7237 5754 7376 5765 8248 6553 2200 7699 6386 6369 5979 6700 3857 5361 6822
6838 6743 2727 3359 7765 7112 3382 2790 1986 7559 2226 5886 3369 3845 7753 7183 5267 6488 5722 7920 7428 2468 7350 6593 6195 5316 7285 4449 5797 6705
7013 6824 2337 3297 7800 7466 3453 3397 2483 7204 1480 5387 3221 3924 8045 7102 5947 7408 5572 7921 7515 1845 6970 6457 6476 5580 7062 3830 5491 7143
7047 7010 2829 3333 8631 7428 3646 3649 2190 7274 1713 5419 2843 3477 7755 7362 5001 7267 5744 8052 7381 1769 7099 5880 5431 5164 7132 3923 5324 7005
7269 6598 2905 3389 7765 7190 3656 2660 1568 7838 2353 5657 3412 3419 8273 7605 5026 7047 5424 8070 6596 1961 7046 5885 6180 5002 6676 4230 5094 7432
6606 6421 2803 3043 8542 7066 3938 3564 1791 7442 1926 4935 3415 3644 8280 7156 5852 7530 5207 7697 6639 1997 7148 5900 5817 6033 7123 4230 5846 7093
7078 6657 3027 2859 8788 7924 3743 3545 1565 8150 1700 4861 3285 3976 8409 7500 5799 7073 5959 7799 6704 1748 7796 6473 5624 4964 7376 4017 5206 6839
7563 7175 3232 3017 7976 7772 3725 2999 1914 7365 1488 5701 3814 4242 8330 6960 5588 7386 5221 8124 7085 1927 7819 6238 6240 5421 6663 3671 5261 7288
7034 7047 3199 3005 8176 7666 2991 3181 2434 8079 1922 5596 3151 3835 8153 7658 5790 6871 5897 7853 6906 2000 7663 6286 6459 5888 6842 4094 5276 7419
7150 6242 2201 2622 7913 7662 3644 3121 2137 7695 1902 5881 3659 3792 8352 6991 5863 7277 5439 8202 6933 2434 7666 6589 5567 5852 7163 3846 5466 7243
20 6 20 27 34943 1.0048235232405562
25 2 18 15 44710 0.9980369723702998
16 5 3 24 70423 0.9071751154638076
21 20 15 6 42999 1.0069583622486185
2 24 27 4 100010 1.0599962991500564
7 6 8 25 44753 1.066294727630865
8 29 2 22 40378 1.0961003413244617
13 12 9 23 42521 0.9095481487798401
24 4 0 25 102372 1.0065271494915773
6 22 25 24 52761 0.9479258786460958
28 21 19 20 22934 1.0496469159491797
3 6 16 11 38949 0.9760183898638641
18 6 20 17 25482 0.9630356180285156
3 9 20 25 60704 0.9998871249740036
15 29 24 27 44565 1.0796808106368636
13 0 0 7 53487 1.0856563660094507
1 25 1 4 81003 1.0999674036744191
1 1 15 2 43823 1.0437258249148669
22 11 18 17 34125 0.9222722714611379
3 11 7 4 23415 0.9718575919248925
19 20 1 7 67520 1.0264034430696698
9 12 22 13 43035 0.951341516294463
2 7 15 20 56424 1.0212819575147323
3 9 20 12 39544 0.9671313368611377
28 16 3 6 75559 1.0945432317436379
27 0 26 28 67598 1.0874323024544297
12 25 29 14 75934 0.9014349004999972
9 15 3 22 36000 1.097708316532047
18 13 0 24 71012 0.9904889145425365
20 28 16 17 33078 1.0962071960159545
28 12 7 18 63166 1.074474008117868
4 5 6 28 51922 0.9027144881967445
15 29 25 2 75015 0.9830949974780387
0 22 21 19 58251 1.0595727414940619
8 22 2 9 42681 1.0354319986348361
27 5 16 0 47533 1.0317741697707268
28 26 8 16 71669 1.0929199436948254
12 29 21 11 65347 0.9841872335812122
28 2 18 24 68370 0.9131252040930988
5 22 20 28 42995 1.012464405094369
2 21 13 22 24590 0.9652703156235433
3 16 1 1 53012 0.9850251068716384
28 5 15 14 48173 0.937927761899468
6 8 26 16 54055 1.066878361644482
20 14 12 29 55502 1.074068227377878
22 5 11 5 52492 0.9032804341553958
2 24 12 15 62128 1.0602978910185121
16 22 17 13 18616 1.0780077827464785
21 18 29 12 41705 0.9545711605496161
29 12 3 28 91942 0.9889432190361978
0 20 12 28 58414 1.0120053183051698
27 24 22 19 29438 0.9988072398377459
9 5 19 4 43613 0.9467257131689257
28 5 20 3 30788 1.0971096213872484
29 23 3 21 60932 0.9489010653072179
0 1 23 0 71066 1.0042115517728305
7 25 17 15 37366 0.9385013540760426
24 13 27 6 25948 1.0566891963374476
10 5 0 25 76247 0.9451792733330941
24 11 8 24 65981 1.0094770039484657
20 1 9 27 78081 0.9877814576120325
0 5 13 17 64148 1.0260784929961118
20 15 12 22 34751 1.0368313069839838
17 23 23 2 45358 1.0257681980993145
1 10 8 18 32926 1.0623294379275507
29 5 14 29 90396 1.0767636415500776
7 29 21 28 60222 1.016788257711183
25 15 29 24 38762 0.9627032248998793
21 13 25 0 42500 1.0480433990455316
26 13 17 28 48470 1.0707993601457821
3 23 10 28 43113 1.0980381664559045
2 24 13 18 46212 1.0812576363742639
28 8 15 21 46279 1.0225497914816226
24 26 15 20 35520 0.9054238863835465
10 5 13 14 32496 1.0885345342616068
14 28 23 10 57975 0.9243065416188162
3 23 6 1 51849 0.9086303151661675
10 12 24 11 40930 0.9978152843650852
8 9 18 19 46456 1.093724290810482
25 7 5 13 50464 1.0325664706828217
19 5 10 15 55535 1.075824525240259
20 12 5 15 40700 0.9903065386722641
2 7 28 29 96013 1.0838942419776496
5 23 26 28 58321 0.9627236345853466
0 15 15 25 76168 0.953194139705694
26 25 29 6 48591 0.9721194556780683
21 11 12 12 30181 0.9417458834292146
26 16 5 18 57107 1.0769543088636244
13 6 0 24 75481 1.075377471290148
10 8 2 22 45802 0.9859086281350214
13 24 21 13 39979 1.0732211115596146
9 1 27 20 85725 0.9822933064967605
4 17 20 28 55211 0.901080617251906
29 25 8 12 82621 1.0198942759856486
9 12 27 20 69202 0.9532071136354521
12 1 23 22 65733 1.0681823450458334
9 24 18 14 48981 1.0257419970507333
15 7 29 24 65340 0.9715043891675972
25 27 24 12 37797 0.9810810311846203
16 18 28 7 45113 1.0706948445248914
23 7 5 14 46319 0.9262401987106398
14 0 29 3 53454 1.0937992995510053
12 5 7 18 49541 0.9505229000956559
9 25 20 26 49359 0.935797310495891
11 9 24 29 69302 0.9443870111397721
29 5 11 22 75238 1.0053354413271542
23 0 0 10 59313 1.099713785199179
2 25 22 21 56056 1.0927171145229158
3 23 22 17 61727 1.0444465060594725
24 11 13 25 55451 0.9208379999878418
23 22 27 4 46944 1.018088138075408
17 24 25 1 60560 1.06144043273339
13 0 14 17 53974 1.0763118263096687
3 7 7 19 33573 0.9248412823247991
20 13 9 14 43943 1.077662620546019
4 5 22 24 78677 1.066076702921006
19 25 15 2 56324 1.0720000310664
14 5 29 4 59866 0.9105513916962329
11 9 21 3 37274 1.0870056031565418
17 9 14 28 50232 1.0185991549330007
27 5 2 12 70724 0.9854953799828231
12 4 9 20 66417 0.9125397003738894
7 25 28 26 65298 0.9395389048593112
26 14 8 0 73213 1.010122437241344
2 0 26 15 87642 0.9635810326772358
26 9 13 6 33735 0.9933229542132207
2 29 5 17 39279 1.0109312319878498
5 11 28 21 62754 0.904241580425259
22 5 18 29 65459 0.9959724238216565
14 8 17 20 29198 1.0151988739074833
22 28 13 1 74768 0.906160257623548
24 18 20 11 26652 1.006660123137095
6 18 13 1 52726 0.9272310089060979
15 21 10 11 42231 0.9874099935340496
13 9 15 17 32481 0.940667832473246
15 29 22 22 44911 0.912518972930643
3 2 16 18 63645 0.9582854943104069
9 11 23 7 37500 1.0341246724380473
10 8 20 26 50553 1.064868274806142
6 26 9 12 35365 0.9396547197519817
9 5 23 18 59753 0.930580210838664
15 28 29 18 61101 0.9140968990823012
6 29 18 27 52063 0.9080201930210863
28 9 17 9 25106 0.9042366679001937
0 10 19 20 60068 0.9913772641851737
20 11 4 9 38389 1.0557842045212547
25 5 21 28 62325 1.03911576458724
24 9 10 14 49281 1.0734019472754464
11 21 23 6 47160 1.0480202414688107
21 20 20 7 28495 0.9884688082964375
20 14 1 17 72138 1.015003136938463
27 19 15 4 66056 1.0266304491216378
19 19 14 4 53885 1.0932403481592274
26 10 8 13 47178 1.0325564918612755
15 11 0 29 86592 1.0687176141153845
22 23 23 9 30269 0.9613813290955071
18 3 23 9 22612 0.975800623650809
29 12 14 1 57743 0.9832471275586141
16 4 10 26 67631 0.9348966445835329
13 4 3 4 39292 0.9583837957508209
29 4 12 6 59087 0.9479297956885357
6 23 25 26 60053 0.9429201359683894
15 23 25 23 39592 1.0513500230712713
10 12 0 10 26123 1.0144120037577606
10 19 5 26 24975 0.9999671571194649
9 12 28 23 69664 1.0028829629327838
18 23 3 1 77418 1.0551489609916818
27 5 21 27 60765 1.0735411648628952
7 4 4 24 45861 0.9286824938814807
26 14 9 3 63888 1.0558293923945492
5 10 27 20 66779 0.9309673001859873
0 3 1 19 70914 0.9870732610690744
8 20 28 11 62555 0.9002817400823478
12 21 8 28 29692 1.055454448825551
8 0 22 15 74259 1.0850265253275495
23 5 2 25 82267 1.0104651591198792
29 29 5 18 78190 1.0578460966047594
26 18 16 21 27865 0.9810533110832441
27 0 17 27 74248 1.0296093880854547
7 13 15 28 55690 0.9708326790159705
11 2 16 18 51169 0.9000011827975812
26 29 12 16 62655 0.9943557405156987
28 18 18 0 69248 0.9379543866422012
14 8 6 6 19629 0.9023068347090994
5 15 27 25 64936 0.9786917669002517
19 10 1 2 52474 1.0156613639551748
21 27 17 8 41114 1.0344871566548504
29 17 14 5 71601 0.9552643550168182
16 17 25 15 51784 0.9614721664501693
2 11 12 7 36328 1.0530840777127022
17 25 19 15 31099 1.004340392337236
13 29 28 5 81162 0.9155605470031333
1 26 16 22 55361 1.0619537312069778
19 10 9 2 41011 0.9887492444089924
24 1 1 10 61882 1.0020305291091145
7 29 26 0 90601 1.0845906628033826
0 11 15 14 49374 0.9312149066933684
7 19 23 11 51595 0.97449053236529
28 20 24 0 54862 0.9804483280761341
15 6 3 4 47471 1.0989097065081233
16 3 27 4 40806 1.0136107069917784
9 26 13 5 71416 0.9857307927399148
26 28 22 10 40228 0.9255763503790064
2 28 0 5 76990 1.0769643725360638
4 15 29 26 85559 0.951065166658615
2 15 22 20 72194 1.0225071302027025
29 27 24 2 63624 0.9313391278374583
5 14 18 19 47193 1.072008473935138
1 2 11 12 45327 1.0878555573441557
14 3 5 0 31862 1.0638587719798518
13 2 17 13 32084 0.9337952215735403
12 7 28 10 39632 0.9942620938685769
14 13 10 3 41203 1.0984318009942755
10 2 3 13 41167 0.9192208591102721
0 3 8 12 41002 0.9151641951649281
16 19 29 26 53482 0.9852851737283512
25 23 8 14 68928 1.016968456952017
25 24 12 5 74693 0.968771198392416
3 18 19 5 69793 0.9147135903152701
11 12 28 4 56118 1.0626058605905546
21 8 1 2 54900 0.9480219518283962
16 10 3 2 42509 0.9571815655380133
21 21 22 11 26440 0.9860862053790527
27 25 14 12 56641 0.9866501856035088
22 6 1 19 82232 0.9676431607249494
27 17 29 1 53184 1.0844831906090597
1 1 21 5 68532 0.9062779738172101
4 16 13 26 43526 1.0059453446895184
24 5 27 14 37159 1.071762664478612
16 16 8 26 49002 1.0853399344635108
19 8 1 11 45831 1.0476083631130741
29 0 14 18 81498 0.9099951913075243
18 7 11 3 28995 1.0095021004875753
7 25 12 7 51763 1.0246348133157561
13 12 9 21 33598 0.9106011516084836
1 10 14 19 53815 1.0654726253447526
1 3 15 25 81467 1.0621921434528998
25 19 11 29 76039 1.0203519642561543
21 16 27 6 36259 0.9445683356346624
10 20 19 4 59445 1.0845741731156004
18 28 13 1 67648 0.9095904327955354
23 15 4 7 52253 0.9070600597478299
21 8 25 0 30465 1.0531887152153847
8 26 0 11 57267 1.0508599570137398
25 6 12 5 48070 0.9990138153775309
0 4 4 14 53001 1.081983058071154
5 5 12 13 35834 0.934092059674909
14 14 14 27 49256 1.0937267106230193
4 19 27 7 73215 1.0771012068522603
1 3 23 20 78524 0.9584253328334915
23 22 10 12 52440 1.0249291981464232
23 27 27 11 42649 1.07053610895974
5 27 4 8 35658 0.9252928305273845
28 26 15 22 46058 0.961577934529341
12 22 20 11 39830 1.0279716356349655
13 13 4 20 46469 0.9001107088751611
25 29 12 24 63059 1.0815924009777542
28 4 14 29 87309 1.0399146946238504
7 9 22 9 37715 1.0101980459858264
14 2 15 29 70598 1.0737690801630564
26 2 18 9 35346 0.9344848463110464
10 29 5 16 44501 0.9061341332499834
26 12 17 1 37264 1.0936241318425561
15 21 5 22 19959 0.9600114814184001
17 7 9 2 31094 1.0312452066534847
1 14 18 12 57007 0.9890144973457526
28 0 7 14 73375 0.9196311627404229
29 25 27 9 55078 1.0802611630590124
5 20 28 19 53380 0.9548665877066973
26 7 25 29 52330 1.0633622790212325
20 7 12 27 57538 1.045682853713444
27 24 28 2 59915 0.9795337329874368
3 3 7 27 56822 1.0443321306533027
10 1 8 22 57815 1.0451927987058671
21 26 20 7 38778 0.92858300564521
9 21 6 9 28158 0.9533932019842146
15 7 22 1 35739 1.0337644445948468
10 17 24 5 67382 0.9098785847714581
2 28 22 18 72131 0.9196875233841418
17 27 27 16 46367 0.9549092811102287
17 19 8 3 53466 0.9255126823285447
7 2 1 19 60542 1.077228834786211
20 25 14 6 48508 0.9913404538105868
0 10 17 14 40524 1.0348692355282374
27 9 14 5 45873 1.0079135059843187
24 25 7 16 52568 0.9503060978651763
24 11 9 28 79128 1.0626838429073544
22 13 7 5 48038 0.9034093458639991
22 0 15 14 49553 0.9756942198972747
3 8 23 23 62391 1.084403033246799
21 29 10 14 65632 0.9085424797815651
15 10 1 4 52082 1.0262312495594677
29 2 29 17 51982 0.9892154491218468
4 27 5 5 43469 0.9078114582456209
21 6 22 20 38746 1.0870411868019938
0 21 17 16 41861 1.0857817206210536
11 21 0 15 52420 1.0122528931396813
10 6 2 0 46048 0.9096001470195251
2 20 2 8 44013 1.0585516671952662
19 13 27 7 27369 0.9410969330562281
23 1 28 8 19269 0.9191041742719824
9 4 7 28 63097 1.0968283813494963
24 26 21 6 47495 1.0665220878860753
17 0 13 18 50406 0.9079396292639555
23 3 4 3 55249 0.9917671317462534
10 24 3 2 61938 1.0729642839270737
13 23 24 2 58231 0.9993391151749997
5 14 17 12 34980 0.9433011672133906
9 26 1 2 72924 0.9674485525215254
25 29 25 6 58230 1.0384520928841838
22 5 6 20 66281 1.0854218596217347
6 16 21 2 54887 1.0251459775419667
27 5 17 22 54821 0.9377406497519378
27 11 3 14 64155 0.9717543716815162
12 11 18 18 35233 1.0955765728307714
12 0 14 19 67552 0.987992829745933
2 14 27 6 74510 0.9006803297941627
3 27 11 11 54821 1.0553844541307291
5 26 3 9 35703 1.0513752146194606
27 15 14 16 60435 0.980750792929712
14 11 13 0 35546 0.9042646361778698
22 2 6 22 65826 1.0392106051927383
20 24 12 28 41891 1.0774965373059757
1 29 17 19 64872 1.0187630847411504
11 8 22 6 29167 1.041098679291508
24 23 5 12 60666 1.0891376003448414
14 17 7 26 41290 0.9261396215334616
17 1 21 24 51512 1.0396152676865649
1 19 28 1 103477 1.0789772984827122
29 7 2 20 85050 1.0091304999130721
19 23 26 15 34741 1.0654944785891651
14 10 29 16 50525 1.0727796634223432
25 9 8 16 61981 0.9005331167540022
0 7 26 3 70339 1.019714716596855
16 5 4 2 41930 0.9946442286616209
12 1 17 28 68857 0.9572223739180222
24 0 3 23 87047 1.0468025567389347
3 6 7 16 31065 0.9766668321522051
12 16 8 26 49580 0.9003832235852455
20 21 12 24 29006 0.9492421037088378
3 16 9 25 42142 0.9712088106624596
28 0 25 27 68985 0.9620306969069887
20 18 19 6 23487 1.0291938072757327
11 11 27 11 44655 0.9756321138594759
20 4 15 18 40697 0.9672839736860303
3 0 24 21 83177 1.0637459433626668
24 20 7 14 53072 1.0031424059401541
9 18 5 6 38301 1.0282817444353862
6 18 29 26 72279 0.9917594550317395
4 25 18 18 44661 0.9583942867507873
22 4 4 20 77114 1.0677130255151852
25 21 13 18 33871 1.08833840846757
15 4 20 19 41764 0.9492872742954883
22 27 25 7 44366 1.0053997744462853
24 11 2 10 47307 0.9883047942413006
18 6 14 22 41148 1.0883563493113928
13 13 27 13 44205 0.9822281496843976
13 1 7 5 26493 1.0201348610618473
29 21 21 15 35458 0.9083482556749257
4 27 18 22 45180 1.0448343937607731
20 26 4 8 60058 1.0031161665099306
4 20 18 28 49711 0.9423577907141582
25 21 15 9 40473 0.9047296372720205
24 22 8 16 53795 1.0056359723892265
18 2 26 27 59081 1.046167095106639
7 23 20 8 50888 0.9489843970918199
27 14 8 8 57674 0.9006367053340927
17 1 4 8 40159 0.9216723944897888
13 4 23 1 32793 0.9477953910744077
0 20 25 2 87956 1.0821945700363358
7 9 25 20 62545 1.0687785724210495
29 14 4 22 82531 1.071973725325917
14 15 8 23 43516 0.9245649669224295
5 24 1 11 38476 1.0643727721230491
23 9 23 21 21068 0.9366618968809546
19 19 26 1 51286 1.0845591447602092
13 0 26 23 70164 1.0859904249387875
21 27 16 3 53433 1.0477372947618588
16 11 2 7 38760 0.9463467961984325
29 8 9 14 60308 0.9876151475812586
7 3 14 21 51300 1.094978624955273
2 3 5 25 49821 1.021329934447852
22 24 10 17 50283 1.0014677520951722
27 13 10 14 58165 1.010604341773282
18 27 17 8 39645 0.9460754139332171
16 23 3 10 48980 1.098251788627564
24 13 16 26 45677 1.0340363871225042
6 10 16 22 41883 1.0962861367140313
14 22 25 24 39882 1.06455822546173
2 9 18 19 60380 1.0198902269847203
23 18 20 0 36369 1.0085532230390162
18 17 18 29 36462 1.036114535789001
12 28 17 6 60915 1.087370446969501
11 8 26 18 49809 1.047225951607836
1 25 7 0 71517 0.9716319628658104
22 5 9 5 53835 1.0542133997285932
28 0 4 0 80467 0.9515721921498366
9 20 0 5 62057 0.9035766885755969
17 0 9 10 36880 1.0525052505331578
26 5 24 15 32639 1.0502338675344762
20 3 13 28 63776 1.0104189382277233
17 3 2 2 42347 1.0474330787025232
4 4 17 20 60678 1.0100760876963493
24 29 3 8 79948 0.9991202113627569
25 24 6 9 68588 1.0675010324739016
27 25 7 8 70926 1.0017663165425457
6 13 6 25 21566 1.0642928904655924
25 17 10 10 52491 1.0199311652645109
17 14 7 15 38989 0.9586181408559061
14 11 4 25 51981 0.9987232373818593
15 3 17 14 27244 0.9250704354391448
23 8 13 17 42321 0.9686703616953539
26 5 9 12 52432 0.929501859497812
8 27 6 11 37911 1.0198318145668641
18 27 27 26 40988 1.0312615108059484
11 17 26 9 60276 1.0029639714246206
4 13 21 29 67653 0.9180214664002875
20 24 4 8 57376 0.9134649531697533
3 22 1 5 55362 0.9237371149543157
0 14 27 18 92056 1.0033209629690896
24 15 1 3 77340 0.9165510293475599
15 0 23 4 31704 1.0019831499703686
20 13 22 23 28056 0.9171813124121054
1 16 14 20 51976 0.9955028917637236
22 12 3 26 70448 0.9476618047429022
27 11 22 29 53017 0.9880369580584063
6 1 12 20 58821 0.9549745962772871
27 20 0 27 81034 0.9486315329392355
15 27 26 15 51490 1.0737353509615994
9 9 15 14 31526 1.0835590252081244
21 0 4 25 81463 0.9535501633948065
22 19 13 15 49950 1.0313235603402302
13 25 27 13 58959 0.9302202101284871
21 17 14 2 45264 1.0417365320591747
29 1 13 26 85984 1.016325848097456
11 7 1 4 46059 0.9700492930151594
25 20 22 5 46569 1.0944882011264763
15 21 28 22 29290 1.0783783284203623
1 10 21 24 65345 0.9822899191013856
4 5 13 24 60763 1.0938727297447746
0 27 13 11 66708 1.089704435805356
28 14 5 15 64625 0.9342520904367815
29 1 14 8 50766 0.9261239363004181
6 6 9 16 32705 0.991300428491641
26 5 4 1 70445 0.9390458479782041
5 7 22 26 72888 1.0988945944010267
21 11 0 22 67953 1.0406178606640077
6 0 10 17 53239 1.091353130394975
15 2 26 0 34363 1.0227814322734554
15 29 4 27 51675 0.9237972244189439
7 3 17 24 59696 1.0381951606525353
12 2 24 21 58949 0.9909933777578626
12 3 7 10 31406 1.0319159561076074
5 8 21 11 40339 0.9594013129076361
14 22 7 29 34345 0.9142553560673187
11 25 26 28 62889 0.9726838212993867
28 26 3 7 88325 0.9223233433504135
19 20 16 12 28314 0.9125586346966456
29 21 6 24 52184 0.9382955609752603
3 27 25 16 72338 1.0615294152122665
5 15 24 22 53317 0.9304724332953663
2 2 0 24 74766 1.0004592334606612
28 20 4 17 61762 0.9079904709995759
27 18 12 22 48549 1.0420381739330886
24 14 6 17 59346 0.9506534757399804
14 4 6 27 69537 0.9351843674389053
17 24 25 13 38887 0.9453592652751446
25 1 2 15 88132 1.0015159485537384
24 7 12 17 52970 1.0169096657499417
12 10 1 14 38298 0.9562740272699777
0 22 17 17 47366 0.9033212516209929
7 20 9 3 42126 1.0992767799213778
8 20 17 4 53390 1.0077845454385823
7 1 15 24 68448 0.9791953707881733
17 9 11 29 66460 0.9513054155620644
22 21 6 14 43995 0.9697195318358733
15 7 25 17 50160 0.9923715842294087
21 22 12 18 39272 0.9532455202556753
10 3 29 20 80653 0.9433063380952504
10 1 16 27 73685 1.026040117373151
0 18 28 8 88685 1.0796133503358758
21 24 22 9 39937 0.9131338492577693
3 28 18 18 54749 1.0454562817695143
5 14 15 10 26478 0.9394851464415248
15 4 5 16 50771 1.0491291713180972
12 18 5 9 43714 0.9188194703653082
3 2 4 13 30416 1.0568150580290907
1 25 13 20 46262 1.0231270574318043
28 8 13 20 53100 1.0918271198989862
12 29 3 22 53084 0.9502592342475759
15 4 11 10 30526 0.9047417760869504
9 7 2 21 41214 1.0477636578880027
4 10 10 5 25367 1.0271954323883612
25 10 9 19 58232 1.0655332542916172
28 27 18 16 51198 0.9904592871368789
8 18 21 0 71414 1.0596401142062362
14 27 24 10 56059 1.0603864214740588
17 22 12 27 29667 1.0942372248448518
18 5 10 16 57351 1.0317608447276203
17 10 3 1 48715 1.0241752454284914
6 6 2 26 57123 1.0009026627999162
5 13 11 9 22720 1.063791974987462
15 4 12 27 70635 1.0477013068084386
8 21 20 11 39315 0.9291881102867023
14 28 23 1 71760 0.9492309894476112
26 20 5 2 75681 0.9226858828529682
28 19 18 7 51589 1.0050079281824706
4 28 16 22 40322 0.9232498140562014
24 21 11 15 54786 1.084555628969937
19 7 14 20 43475 0.9633943354741294
17 8 28 24 51475 1.0675780122887457
5 20 26 17 51770 1.0151782385683938
26 24 7 9 61877 1.0245288724469996
12 12 21 7 31007 1.0636611717220164
0 6 2 19 62584 1.0941977349022811
13 14 26 10 35851 0.9280332873141506
14 3 22 1 29822 0.9181087189990678
0 4 14 24 86511 0.9292578667080736
29 26 10 21 58314 0.9913055217273449
22 17 28 29 44303 1.054163151032158
25 17 10 18 57980 0.9439680897725187
25 25 6 2 83326 0.9615828910634763
8 1 24 0 54841 0.9996793612441289
24 24 24 1 50293 1.072774938214465
28 22 15 2 61615 1.0776251601840625
19 27 4 2 78500 0.9258491950987995
29 27 11 7 80288 0.9461145067434324
8 24 0 3 65842 1.0776604331313344
27 7 2 10 54025 1.015819622937706
8 21 25 12 52861 1.0454730305127717
6 25 24 6 68073 0.9814049555307167
8 8 18 4 35580 1.0072021324877722
0 20 3 10 41195 0.9749232331728326
12 26 26 4 76458 1.0039854599307196
23 16 9 1 63491 0.913637199562874
22 14 27 23 35417 1.0811099147089807
12 20 26 13 53090 0.9763434462975397
16 27 3 16 56009 1.0534386754044975
29 2 19 5 37749 1.0727053402969857
28 28 8 2 95684 1.055925168214092
28 28 17 27 47077 1.06596504695328
21 11 23 26 35293 0.9711676003257459
5 26 15 29 50131 0.9775405919624487
1 16 21 20 68203 1.0110070707066163
15 7 8 3 35032 0.9297694732527798
23 7 2 10 44875 0.9518521281114349
5 16 25 14 65391 0.9364300343803615
21 22 6 0 72798 1.0117615697446534
5 8 24 22 63166 1.0989370741746287
23 7 9 17 64013 1.051386862194274
27 2 11 26 89276 0.9455688841761039
2 9 26 27 82280 0.9266871795762665
0 24 21 3 93520 1.0302568466746755
28 23 11 17 61841 1.008235495125163
29 0 8 27 105631 0.935743073252632
11 12 1 2 45327 1.0115598156725765
5 25 14 14 49955 1.041403517696883
22 6 1 13 62944 1.015047262808425
21 5 2 6 57477 1.0306367483497036
25 11 25 24 37797 1.0538226472193435
7 12 16 1 46083 0.9825505110138544
4 4 20 6 51261 0.9896862232955549
16 29 9 1 83219 1.0987756133442357
5 16 11 24 36055 1.0476162262719866
18 27 10 25 40814 1.0890831559911274
26 15 10 21 44044 0.9502988694830654
22 10 1 20 65300 1.0808247546664016
5 23 21 21 35351 0.9391359345567992
17 14 12 27 39717 1.0575808133538822
14 26 27 18 59000 0.994132800618691
0 27 6 6 59447 0.9426234748854369
8 11 4 24 38688 0.9246824316808275
19 1 17 21 44790 0.9154050059908355
2 26 26 14 83364 0.9944625840724387
26 20 25 1 48574 1.0999120739984771
10 0 24 26 85081 0.9357546312040608
21 2 10 0 36929 0.9099409152485617
16 10 23 24 34777 1.0983907150170134
16 2 27 10 36500 1.04475901440571
4 20 21 22 47446 0.9741807641918064
1 4 23 18 80936 0.9586649807011411
18 3 0 23 83470 0.9113627495853984
18 14 6 2 53828 0.966703864144705
24 21 12 25 39528 1.0686793641917869
15 11 10 19 45862 1.0832477662163753
25 11 17 1 40010 1.0989171104911553
23 29 1 29 87169 1.033701061501107
4 28 21 22 56284 1.077980391536479
26 11 5 15 50717 1.0011446606481622
2 3 15 8 40666 1.0969108541081956
28 27 27 1 71016 0.9239837425133793
13 24 18 0 62977 0.9630378864404687
1 12 19 22 61387 1.0091136041908408
10 3 21 0 40637 1.064997984386757
26 10 29 23 38380 1.0113170842643697
9 25 21 25 53191 0.9732723585236737
20 23 3 12 56202 0.998995693628608
12 5 18 0 37840 0.987256062146204
17 11 27 22 45166 1.098177366536345
12 12 1 5 49779 0.9839888255350576
12 14 26 18 60278 1.0782846849553425
14 7 22 23 53457 0.9237667386647864
9 20 23 6 55302 0.98691899267519
27 3 23 10 23077 1.0558918167649434
28 0 21 21 56257 1.0111519723020836
10 4 21 12 46204 0.9080858649356255
20 15 7 9 33941 0.908706621041606
18 13 6 19 42125 0.9467909945344881
20 12 4 6 42678 0.9846386879150641
28 23 23 4 44600 0.9603882998127053
18 12 3 0 60995 1.0992760871139933
19 12 14 17 33850 1.071875344350285
15 6 0 14 62580 0.939621875254749
10 1 15 13 50105 1.038045919515879
1 17 15 4 78155 0.9089369503442896
8 19 22 27 50911 1.0024490261966879
2 18 27 27 78235 1.0518872569780597
1 1 10 0 37557 1.0435333888335256
10 0 4 21 57711 1.066321605163927
11 1 24 13 58185 1.0206407093308052
15 8 15 29 56141 1.055547214634966
10 14 17 28 51529 0.9380229051031224
22 15 8 29 72393 1.0222219830846966
9 20 3 11 38531 0.9504922750465853
26 13 3 7 57710 1.052611738778992
0 22 21 15 64171 0.9166311336062454
25 14 14 12 45112 1.0542757034517476
1 4 7 28 71339 0.973824358341007
25 13 9 18 62389 0.9738497982906368
10 21 14 29 35233 1.089764354155364
8 4 18 4 41469 0.922890820535896
0 1 2 11 48309 1.0547340087802435
2 14 17 16 57448 0.9090037759735704
10 16 16 12 34865 0.9754469157583644
28 26 24 3 58617 0.9446561854017826
26 1 27 22 54087 1.0534017939298768
17 29 2 0 94932 1.0932550238569667
0 0 10 0 47465 0.9192564314023538
6 24 1 8 39342 1.0298016671747448
5 28 5 0 51143 0.9879887170065523
10 24 14 8 54546 0.9829478640649852
21 14 8 19 51445 1.0861690003174864
2 20 11 29 56661 1.0642560092553754
9 0 4 25 66463 0.9608765988036787
0 7 14 4 52532 1.0853244153062847
15 8 1 27 68661 0.939326164865867
16 2 23 17 41444 1.0542231348468936
11 4 7 19 51786 1.023024811377634
6 12 16 5 37220 0.9793474603697555
9 5 28 29 93738 1.0531398842307589
16 29 8 19 45310 1.034584500674204
0 25 12 8 69570 0.9613138242872785
10 8 26 12 39818 0.9590857673259396
28 28 14 16 65409 1.0112429124746927
17 12 9 0 51860 1.0752750280313788
28 14 18 25 54543 1.0061594908458955
25 19 27 0 57055 0.9218245351163904
8 27 0 15 62260 0.9321614510057809
19 16 28 1 50130 1.0764496053330024
16 6 8 26 67626 0.9210888253951933
20 8 16 26 43415 1.0491422691020549
8 21 3 26 25832 0.9108859554827758
25 0 3 1 75090 1.027883827627236
12 19 1 23 50831 1.0193873288831443
0 12 6 26 43307 1.0627051571579427
2 0 13 8 49637 0.9892783842008483
21 22 11 21 27761 0.959933878659273
19 7 25 2 24758 0.9824476313327879
1 24 28 29 93188 0.9478533643026914
14 9 2 16 47240 1.0846279586044947
26 0 25 26 63588 1.00516770392866
14 13 1 18 61983 1.0810306826177596
19 20 1 0 88181 0.915487546379003
2 0 24 24 99571 0.9797824457848224
6 25 4 8 34674 1.068939314428665
26 29 9 24 63236 0.9320618114761987
5 11 21 1 52511 1.097350526420184
26 27 27 6 47044 1.0702150245299817
17 11 3 13 37979 1.0854534418741566
11 9 3 5 34445 1.0730214568068663
26 24 8 14 65550 0.9491094894421991
9 11 24 11 39932 0.9876810798764784
7 5 28 9 52944 1.092888506046563
13 25 10 16 35155 1.017262761805402
19 25 21 8 36088 1.0147702406567674
20 29 21 8 36607 1.0998550333117034
15 11 29 15 50929 1.081482756739943
25 1 15 22 63134 1.004403866338399
5 17 20 29 50053 0.9303672566597203
20 21 1 18 56226 0.9992807909887501
5 7 17 5 33523 0.9027338919732354
9 27 10 4 69184 0.9451243517686847
10 1 11 20 66441 1.0933316557175823
22 16 14 14 42793 1.0706097369362435
14 11 22 19 45759 0.9560389456087698
25 29 22 7 55756 1.0360152198245947
0 1 19 13 70932 0.9188082900864817
4 12 24 28 71517 1.0715525432784971
3 28 15 28 55628 1.0773396336492793
25 16 22 8 27639 0.9568366540513965
6 7 12 0 43198 0.9282733531630175
16 1 16 22 45758 0.9832981436631898
29 21 14 3 62363 0.9127022144084181
14 24 21 11 48030 1.0501955638783849
10 8 19 29 62389 0.9964383357042434
13 15 1 27 58737 0.9474558214605733
21 17 29 6 44238 1.0136000002654773
8 12 3 25 41201 0.952193897708579
0 20 11 26 52650 1.0063089207068414
20 25 14 11 40815 0.9630866386099894
6 13 28 29 78283 0.9420053450192263
12 20 8 1 64701 0.9708243645564806
18 20 29 26 50974 0.9348162996389625
9 15 12 0 66046 0.9641951416355461
0 19 22 24 70052 1.0848829416628873
14 13 11 5 37153 0.9682565016199765
21 19 11 16 51579 0.9398737686349239
24 24 28 4 54305 0.9999911738649299
14 0 4 10 50709 0.9351340532214387
1 10 18 9 40802 1.0144173209209035
5 13 14 27 49471 1.005079472087338
1 29 15 25 73113 0.9690969591035167
16 25 1 12 60183 1.0604806516196457
14 7 3 9 30280 0.9347888434135289
26 12 4 12 50196 0.9716082070227319
22 19 3 12 67979 0.9389305457381928
11 23 21 21 34717 1.0453220151910019
19 23 8 3 70908 0.910914777733378
27 1 8 23 86186 0.9821759270145068
25 7 1 19 84284 1.0548642661860994
2 21 8 26 28335 0.9328561135603746
16 7 6 0 40152 1.098563577485378
14 25 27 10 60415 1.023658353461471
20 12 1 14 57230 0.9715726892179309
6 3 25 24 80444 1.0893698118677604
20 6 1 21 63214 0.9405449345910514
17 2 24 17 45771 1.0331002398474118
25 25 5 24 57481 0.9708836129649532
23 15 6 22 46316 1.0660205944900896
29 10 5 18 59534 1.0728085177008815
10 23 27 1 80976 0.9583613016454308
29 29 3 13 94644 1.003430418490164
29 21 21 12 33973 0.9189642919492919
10 0 20 10 47179 1.0946635501830142
1 21 15 15 50987 0.9008151155323124
6 21 19 5 60800 0.9146432064376216
6 16 13 3 43839 0.9312420077391097
6 17 23 25 47431 0.9781040904206965
1 25 7 8 54167 0.9490947892434489
5 16 26 17 59161 0.9704124287493116
16 23 7 14 35990 0.9038638011375758
24 14 18 23 42565 0.9418028111527218
9 24 20 3 64823 0.9572381250510071
1 20 29 15 84817 0.9258254726700674
12 6 1 14 53442 0.9186623864303055
9 7 21 27 62717 0.9686287989026148
7 24 9 10 32843 1.0791355653614876
29 3 7 14 68595 0.9163636894954545
21 28 11 28 50581 0.9405444207051554
21 18 4 22 49034 0.9678461152531931
20 28 18 0 60547 1.0510916914365551
26 25 20 5 45860 0.9098934591451519
14 7 29 21 56323 1.0402380303799847
17 0 22 23 56670 1.0118109930217936
9 11 17 2 38310 0.9835790816308458
6 14 10 2 35378 0.9881760312901565
8 21 11 13 33262 0.9230951136935542
10 10 2 18 39493 0.9478721901941478
25 10 3 19 68395 0.9047613726598343
3 10 11 26 58267 0.9010098217627743
29 21 10 1 78501 0.9213281552842744
11 5 14 22 63139 0.9455976082149105
16 6 0 18 73786 1.0509264536334841
8 24 16 19 33448 0.9601872187112824
7 24 28 12 69685 1.0291933059641931
12 22 24 4 64482 1.0859296776565306
13 22 4 27 31487 1.0017820228805063
9 13 22 1 61265 1.0122931828559176
13 8 2 21 45249 0.9345788591362513
19 25 1 13 68813 0.9632844475812061
4 26 13 4 65040 1.0673368318013807
9 8 15 0 38398 0.9442134294800694
15 2 7 16 52068 1.0107580926655133
27 6 29 29 67249 1.050999672228847
21 16 7 28 54189 0.9117597972818489
12 13 2 14 44792 1.0812723341705892
19 11 5 7 37359 1.0975170310520403
5 20 12 14 45586 0.9529471577914896
24 27 18 20 32824 1.0248366712310084
22 15 12 0 65352 1.0519248215535686
22 15 3 2 70792 0.9838542419365083
26 13 12 23 54792 1.0043270969151312
29 11 23 5 23354 0.9302998249129311
11 7 19 9 26979 0.9271452468382485
23 7 8 8 33200 0.911602830191907
21 7 1 23 76478 0.9124373148522886
16 8 28 2 38664 0.9976658183543636
6 27 1 0 71002 0.9631026199748618
25 8 0 21 69539 0.9219093738621739
16 21 23 10 31605 0.9232671526456321
27 8 6 17 56137 1.0364203782875643
1 0 12 10 50478 1.094814078137694
19 22 23 6 36125 1.0173529966640267
11 4 18 19 62919 0.9971707138510854
23 23 20 12 23319 0.9778474321035837
9 3 15 15 55789 1.0201027009128283
5 1 1 27 63109 0.9901839614712099
10 24 6 16 28292 0.9387341998266792
11 4 24 10 51785 1.0209847997896528
20 10 16 20 29342 1.0895915185951577
28 14 12 22 60722 1.073224508022303
6 12 18 14 41974 0.9864378291603726
0 9 14 16 51238 1.0574947958420413
13 3 3 22 61631 0.9238516822251186
0 22 28 20 65673 0.9291553921341973
3 15 11 20 41744 0.9810535185567378
17 29 15 7 47623 0.9728418523839406
9 12 12 22 43143 1.0349274171391796
8 26 16 21 34382 0.9012376495347648
17 17 3 3 55616 1.0866510299870398
28 21 12 22 40340 0.9837728400982705
12 14 12 0 54175 1.0590975635238773
11 27 2 2 76915 0.9674408765130119
10 26 29 6 82982 1.0097421011964645
4 24 8 4 53841 0.9127678134665239
1 16 28 29 95447 1.0409313239773335
25 11 12 25 65566 0.9272013733107983
26 1 10 6 55368 1.053526989128033
12 5 9 15 52064 1.0053306695367745
23 16 11 3 53177 1.0081265566597495
10 19 17 0 59191 1.0393621563660047
8 3 24 17 68295 0.9754645354358182
16 7 23 1 26946 1.0128089593579823
5 27 3 2 50961 1.0995573323420775
21 22 10 5 62156 0.9042576461652697
26 10 4 5 56967 1.01620484013684
18 23 10 21 22726 1.0140046051343659
11 27 19 21 37264 1.0491773448288646
21 27 17 21 21492 0.9902786815292688
2 29 7 9 56642 1.075156378473234
18 17 1 11 56261 0.9568342808644439
17 12 21 22 31421 0.9990795200223062
18 1 0 25 98651 0.9105642929384464
0 21 23 6 68833 1.0480301405287107
3 11 11 24 54273 0.9808941066303389
5 5 21 14 52019 1.0689492768282278
13 28 28 17 62174 0.9820843688065616
28 27 5 8 80831 0.9355070217524168
7 6 14 18 46317 0.990510678484645
25 23 3 7 78131 1.0483537841089632
11 29 25 22 69178 0.9685362915107602
21 25 4 26 56582 0.9380209737307236
10 1 19 14 56074 0.9291814513779413
21 9 20 29 40444 1.0726564611829945
12 5 16 16 45692 0.919339077070284
25 25 8 7 73569 1.0003803991790252
0 26 29 9 105067 0.9918593878249975
25 27 19 16 38840 0.9730431094833721
14 6 27 28 71963 0.9768345792579969
28 22 1 7 81179 1.0199908234339612
19 13 11 17 46117 1.0444210553109812
29 11 18 5 44754 0.9624118775208985
13 29 19 11 57410 0.9078873074234802
12 9 29 2 57590 1.0384884558090712
17 7 26 20 42673 0.9949968924145791
0 21 27 27 67028 1.0744810138298229
29 24 21 13 45522 1.0626360839826052
2 26 22 22 67968 0.975969316132111
23 7 16 15 29648 1.0540862594752665
14 17 27 9 57368 0.9550537014418881
16 22 22 17 31944 0.9999341995544315
17 4 19 17 34927 0.9987279571279501
24 11 1 16 72456 1.0752029309604565
6 19 19 28 49288 1.0816962751536006
6 19 17 21 25093 1.062799336015553
8 25 2 4 67993 1.0187131434759111
2 5 12 24 74804 0.9947628487046816
2 27 29 22 74049 0.937660497274041
15 7 0 23 71234 0.9446980358783925
8 29 3 20 34959 0.9659623162450944
24 1 6 20 71155 1.0211380812801771
16 9 28 27 58462 0.9207869823418651
17 25 20 2 44387 1.0399337813339928
29 19 27 5 54859 0.9363205259116392
0 8 18 2 49723 0.9168192890649046
28 4 14 2 43250 0.990714972365746
17 26 5 27 41845 1.0920435471802068
14 23 3 12 49411 0.961110553647375
6 8 26 9 42266 1.0782432598257772
12 12 0 20 54959 0.9765544830026394
21 24 11 17 52208 0.99192833636762
26 0 28 12 32500 1.0284907660960263
2 19 14 21 37075 1.0105625076187004
18 14 8 25 52642 0.9483348981594846
5 21 23 12 51317 1.0842458908488075
9 23 27 11 67038 1.0382472826587998
16 24 29 12 58704 0.9894705946877402
4 14 28 7 65166 1.0351733061865944
3 19 21 7 67228 0.9231897204832954
0 9 16 1 58694 1.0609440826164833
17 15 11 4 48216 0.9466178915020531
17 25 2 11 62135 0.9313447906201592
29 14 27 4 42733 1.0540161509276038
23 22 8 21 31673 0.9217552892915354
6 11 8 20 26385 0.9617669944078605
26 15 11 28 69348 0.9074646722741846
25 28 7 24 60960 0.9358121059461721
4 29 6 10 41437 0.9659357696369397
9 7 8 28 55508 1.096907817959814
7 24 18 5 63238 1.0364354278946344
24 0 17 25 59153 1.0672670066047436
27 21 18 28 36924 0.9340767858646507
20 2 27 20 52063 0.9610394537069724
5 26 13 11 44424 1.0626458012870124
3 4 29 22 90502 0.934422368668436
27 29 1 3 107329 1.039033043002243
16 28 14 19 33518 1.0754006068359112
26 17 29 24 27723 0.9880743800864784
14 0 5 10 48802 1.0518202141271136
29 10 8 0 69786 0.9423758348850271
20 29 19 17 28070 0.941569074658355
12 7 3 11 30858 0.9412409456055184
7 2 11 15 48693 0.9825204118677275
23 1 19 12 26079 1.0207865708068895
8 29 24 26 69704 0.9186150405855976
29 27 7 3 92358 0.937971204574951
3 10 6 22 27030 1.072091514064497
10 24 29 15 71399 0.9931336349268407
3 7 6 18 27694 1.0170270877846836
12 6 27 26 73439 0.9229158598802591
21 8 23 19 24202 0.9946315764555944
10 17 11 0 71067 1.0417315583734081
22 26 3 15 74334 0.9502890459680206
7 4 5 15 25079 0.9495529333357119
3 10 25 28 77937 1.0744380192253167
26 27 17 14 42066 0.9230384313937913
0 28 28 15 99739 1.060324388542052
7 1 7 22 43580 1.0527477500751863
14 27 17 17 31767 0.9921777997145699
19 14 15 21 29407 1.0628110054106017
15 5 14 21 44942 0.9791270558031524
21 19 13 14 44733 1.0160874591961961
28 21 25 14 26614 0.9859607506263246
11 27 29 26 77805 1.028320845125586
2 27 14 3 78554 1.0364958881138455
23 1 25 19 45154 0.9990125127826228
5 13 6 29 30917 0.9910095483883399
13 28 23 18 45703 1.0282779310718726
9 2 5 20 43561 1.0623523671522892
7 12 15 18 45295 1.0118345960397161
26 4 25 19 39849 0.9288895469201892
23 14 5 24 51755 1.089619803150128
9 11 18 2 41205 1.0399071587136826
15 8 6 15 31975 0.9451521757898088
0 1 21 3 64777 0.9683318411938447
24 21 8 23 40547 0.99127499376872
6 18 13 15 37250 1.0429783534736619
15 0 29 22 73534 0.9836300909602202
8 20 24 6 60798 0.9706620992198187
21 22 0 27 69107 1.0165692469507996
26 27 7 6 73878 0.9529046413134845
20 5 23 25 38466 0.9990224609321522
2 7 5 15 23525 0.9700107016295904
1 2 22 20 82819 1.0502144313464574
4 14 21 0 67949 1.0174358042043972
1 2 19 15 68388 1.0374748803467153
17 9 26 25 44151 1.014609505519759
26 0 3 3 70332 1.094209390752252
8 3 27 2 56850 1.0873292717993117
6 4 21 3 46583 0.9999197554133353
12 13 20 9 27885 0.9875589591850128
20 28 17 11 36007 1.0590301607741075
27 28 24 5 58621 1.0439505571406569
8 23 12 10 42741 1.0982315511859342
9 9 25 0 59635 1.0609927252100781
27 4 19 6 37013 0.926151198737744
0 14 9 15 49055 0.9644334716650736
25 9 8 16 61981 0.9913490844492423
0 25 5 4 64665 1.093356232580519
15 26 11 12 56357 1.0504059310666907
5 25 25 22 52913 1.060169611520967
16 29 27 19 52881 0.9173457119719923
18 22 4 3 68117 1.0350871873986618
28 26 0 26 97966 0.9371516369437238
8 26 26 19 60024 0.9259228675028597
17 24 24 4 51959 0.983502993318842
5 4 9 14 33205 0.9180237454224066
1 13 28 1 84189 1.0224795830111066
19 16 4 9 50887 0.9631218946745688
23 5 22 26 42492 0.9467991229939
4 10 4 0 28783 1.0872745829129222
15 27 4 13 57168 0.9544566872578207
18 21 4 22 33546 0.9808522405860391
28 25 23 16 30681 1.0398770533009756
6 11 12 1 42958 1.0852237152882427
18 11 24 25 43284 1.0908765361379618
18 6 22 26 53768 0.979563652208598
15 25 19 5 57482 1.004179594360942
3 15 17 22 47894 0.9461680457067254
10 10 6 28 40765 0.9341388899391779
