4933 6808 5865 6759 5289 7702 6058 7433 6842 7521 6916 5409 5758 7723 4725 4652 4679 5841 6848 6162 5638 6909 4878 4602 6567 5673 5295 6830 8069
3146 5278 6074 5369 2810 4263 5094 5097 3306 4310 4544 4721 3527 4842 6337 4849 6104 2971 3843 5360 3891 3698 6310 5810 3330 2959 3626 4856 3035
2913 3408 6227 3140 3042 3560 6177 2874 4745 3497 5078 4491 6244 4428 4237 2877 4150 5514 3657 3510 2445 4332 4210 3984 4297 5154 5156 3946 2362
2215 2778 2897 4900 5221 5797 3767 4788 2265 3670 4899 5747 3810 2146 3544 4084 4318 3895 2949 4757 5185 2679 2636 5250 2645 3915 4578 5803 1933
4392 5484 6123 5011 7597 7327 5144 7952 8069 6507 4834 8181 5441 8314 6406 4705 7511 6345 4462 7515 6801 8062 8167 7266 7710 4960 8130 8003 5878
5556 5048 3650 5133 6439 6709 6183 3202 4016 5043 3465 5701 4213 5887 5062 4526 6250 5656 6320 5923 6213 4265 4669 5239 4731 5764 5300 5807 5460
6892 5047 6534 4567 5672 6572 4876 7197 4609 7386 7334 7342 4167 6702 5356 7283 4008 4947 6572 6144 5409 7433 4059 7243 4077 7412 4624 6058 6235
2548 5283 2208 4274 4492 2286 5213 4843 1905 2811 2492 2105 4015 4382 4405 4496 2058 5132 1780 1559 2988 2661 3070 3861 1974 3353 4030 3360 3241
5940 4504 3751 5442 4096 2827 5003 4711 5303 2830 5618 3743 5474 5314 3503 4659 3832 3891 5894 2838 2965 3174 5630 5644 4784 4152 3484 5701 4935
5547 5506 4022 3277 2665 4557 3908 4649 5082 2410 2736 3823 4901 3682 4089 5198 5514 4714 4336 3520 2450 5700 5463 4101 5058 3846 4385 4884 4794
5825 7891 6616 5817 5350 6611 5728 5887 5671 5070 8465 5484 8094 6399 7211 7385 7859 7220 5077 5378 6995 6992 5241 5248 7872 5009 5925 7471 7315
3013 2452 5254 4362 5040 4503 2367 3030 2335 3437 2845 4149 3445 3503 3460 5090 1933 4208 2482 5509 3627 2096 3385 3068 3604 4640 2155 2371 3708
4376 1714 4123 3045 4276 5550 2707 2165 2143 2426 2679 3831 2503 5093 2850 3311 4053 1813 4588 1727 5234 5147 2128 5176 3025 3943 4562 3985 2736
4316 4278 4281 4503 2720 4663 3010 3043 3170 3348 1294 3686 2648 1326 1977 2171 3183 4358 1417 1279 3069 3866 3408 2672 3570 1819 1140 2628 1240
1713 5269 2646 3166 3872 5132 3667 4682 2622 4784 4221 1511 3396 3862 4728 5007 3297 2431 1795 4434 1422 3736 5261 5025 1821 4756 4677 5063 2478
8208 5322 6266 8177 5794 5096 5702 4852 5881 7159 7804 7745 4918 6942 5637 7379 7156 5921 4604 7450 6491 4595 6437 8467 6411 5585 8347 8156 6546
4136 5515 7560 6277 5371 7583 6658 7069 7872 5243 6151 5365 5736 7350 4281 5906 4613 5638 7086 6283 7192 7165 5863 4996 4611 5379 4804 6000 4657
5255 5959 3915 6523 4732 4189 3207 6750 6656 3512 5905 5913 6541 5249 5940 3035 5094 4805 3011 3840 5707 6652 3356 3028 3640 4850 6346 5596 4115
6763 4115 5952 6206 4894 5058 4657 4345 5828 4638 4148 6290 6666 5600 6623 4273 4305 3299 4865 3513 3456 7163 5993 4509 4244 4918 5452 6458 5083
3041 5356 5123 3623 5219 4907 3503 1874 3201 4157 3509 4512 3143 2414 2056 4550 3460 2650 4668 2592 2606 3415 4208 2064 3036 4851 4014 4917 2385
5253 2688 4028 3999 3187 6136 3371 4092 4227 4058 4943 3566 4476 3844 3692 4984 6024 5322 4658 3149 5197 5276 4792 4813 4353 3461 4322 5870 2890
8546 5641 6131 7660 6290 8132 5749 6341 5254 7435 7766 8681 5917 7166 8478 7219 5423 7528 8505 8097 5094 7583 5678 5438 6830 7459 6911 7812 6370
3065 3222 4417 4575 3572 2016 2960 4856 2430 2972 3616 4873 4923 3119 1167 4431 3146 3635 2069 2496 3896 4778 1983 1532 4126 1653 2605 4301 1366
3814 4228 4331 3042 3576 3961 5035 1437 5073 2015 3859 5069 4495 4398 3249 3674 4871 4067 4994 3649 3786 4961 2903 4495 4125 3056 3920 4366 4361
8553 6246 6933 5698 6644 5365 6056 7517 5916 6837 5516 5346 7555 7086 8414 6183 7557 7643 5669 5421 6221 7887 8425 6047 7472 8360 6881 7790 8475
5511 5611 6012 6082 6269 6433 7268 5324 6986 5897 6131 6433 8377 8228 5305 5194 8169 5009 7121 7321 6896 5565 4745 7436 5696 5117 7518 8038 8235
7670 5180 6273 6920 7890 7840 7244 7384 7431 4982 5041 5278 4626 4216 6479 7658 5683 4057 4135 5507 6223 4206 5842 5401 6908 6838 5473 7883 7425
3671 5995 4325 5106 3300 5784 3818 3091 6050 5327 5313 4679 5877 3243 4974 6021 5982 3672 2497 2473 4553 5251 3268 4570 4262 2645 4963 5432 4328
1453 3837 1284 4939 3078 3445 4283 3023 3942 4633 4901 4399 2994 1433 4265 4456 2255 2520 1993 1366 1664 3148 3962 1627 3964 4906 2068 3898 3868
4158 7640 6875 7262 5039 7060 7771 4641 4124 5879 6486 7638 4878 4375 5632 7910 6174 6255 7362 6370 4194 5019 7709 5684 7211 7273 6864 5368 6238
5541 6918 5039 6539 5853 5888 7395 5175 5869 8383 8109 7083 4800 4250 6655 3348 7449 4487 4729 4270 4776 2768 3782 4817 7661 2186 6677 4457 5637 5714
2171 6691 5575 7446 4360 7235 8749 6481 4563 7736 4941 6390 4832 4493 7747 2507 5239 7620 4595 5924 2507 1738 6367 3747 6905 5818 6273 6125 4541 5587
5297 4857 5750 5785 4741 7884 5296 4092 4053 4687 6443 8054 4579 2887 8645 4106 6970 7716 4941 6885 1530 4241 4088 5029 6533 2916 5611 4721 5766 4737
2048 7116 5421 5334 4159 5618 5617 3493 6884 7126 4492 6289 3676 4758 5702 4340 7746 7780 2598 6164 2544 3789 6684 6555 7568 3763 8357 7118 6690 6623
3452 6041 5073 8118 3173 4881 5523 4098 4108 7528 7097 7947 4219 3546 5856 2102 6709 4261 4649 6027 3714 3401 6083 7169 7823 3040 5463 6275 4775 4219
3911 5271 4996 5034 3932 7464 6668 6389 6853 5434 7189 4757 3572 1578 7882 3832 5214 4619 1573 6771 5185 3206 7483 5435 4799 4025 6627 6666 6575 7728
5478 4892 7978 7437 4984 7385 7053 4275 6307 5435 5497 7666 3476 2788 5069 1934 7146 4167 1747 4673 4632 2919 7196 3390 7069 2247 6399 5806 5174 7046
4890 7572 7256 6098 6281 4782 7001 4535 4000 5634 5968 5445 5895 3154 5196 3808 6884 6826 1440 6815 2626 4559 6525 5864 8133 2624 5646 5039 6575 7080
3520 5842 4492 7632 4880 7691 7693 6890 4461 5052 7771 7786 5715 4347 5612 4613 5920 7103 2153 6855 4241 4982 6768 6867 8604 4853 7142 6712 5453 7686
2505 4132 5969 4925 6882 6553 8365 6719 7319 7215 5656 6313 4309 2235 5115 3980 8001 6561 3916 3906 2544 3726 6755 3843 6947 3745 6004 5126 6523 4797
5108 7950 6746 6857 5014 4648 6022 5665 6338 6041 6539 5276 4524 3902 6817 4985 7024 5403 4211 5940 1719 1628 6663 3356 8597 2580 7827 5903 4109 5430
4871 5443 7572 8356 6571 6280 5921 6184 7234 6150 4935 5272 5294 3303 8335 4470 6112 5295 5045 4648 3800 4806 6963 6614 5153 3141 6166 3434 5351 4822
4710 7787 7730 7189 5273 6417 7424 4705 4103 6654 7968 5837 3877 3454 7480 1891 7279 5925 4558 4624 3601 1608 3974 5036 5014 3686 5072 5549 6241 7169
5155 4744 4316 4602 4044 4892 5720 4330 3744 7990 6698 6885 3032 1973 7605 3983 6599 4452 2734 4309 1863 2119 5603 6559 8047 3878 6098 4792 5423 5386
4175 5506 4612 7880 6349 5958 6457 5637 6716 5310 7815 4396 5863 2058 5269 1641 5360 5914 3067 4073 5038 2428 4032 5188 7241 3852 6995 6573 3995 4835
3906 4791 5054 6139 6220 6286 6923 3863 5954 5237 7738 6273 4047 1974 7230 3134 4830 7772 4526 5903 2697 4584 5179 3875 8326 2427 8455 5713 3048 6120
5016 7614 4685 6977 6310 8364 5894 3971 6706 5223 5066 6785 4948 3824 5075 4677 4895 5302 2885 4045 1734 3221 7073 6057 5075 3249 7543 5246 3356 7405
4566 6109 7085 6201 6945 7954 8367 5066 7039 5974 6078 5475 2886 4830 5474 2077 7191 4742 4647 5843 1830 3908 3896 6384 7875 4276 7929 6473 4623 6483
5455 4463 5600 6074 6526 7694 7314 4971 5050 7223 5693 5806 2754 2431 4896 3076 8585 4777 3038 4513 5146 2707 6828 4851 6075 3598 6569 5641 5682 7238
4046 5071 5150 7558 5951 6115 5556 6434 5848 7968 7738 8143 3953 1781 7716 3517 6253 4716 1553 5268 4691 4273 6361 3935 6231 4555 8132 6577 3438 4869
5421 5584 5973 6050 6249 8314 8584 3657 4498 8382 6232 5770 2667 3628 8246 4274 4803 5642 2603 4649 2492 4969 5396 4101 6363 4153 7537 3789 4879 4644
5744 5942 4652 8267 5679 5790 5577 5119 7347 8219 6035 5304 3039 4129 6023 3680 5081 7382 3945 5525 3784 4466 3844 7018 5405 3598 5037 7013 3085 7053
2906 7728 6245 7540 6294 4645 5148 5065 4262 5231 6582 6180 3984 3268 5118 2039 6202 6973 2602 4737 1803 4480 3829 6323 6965 4505 4974 6435 5964 4202
5011 4791 5660 6059 4426 8192 5024 3471 7361 6728 7573 8305 3262 4474 5453 3720 7482 5913 2779 4600 3477 3563 7331 4546 5316 3854 6271 3869 6233 4117
3492 6926 4282 4968 5534 6391 8648 5378 6494 8042 8076 5618 4212 3244 8308 3595 7901 7252 3159 6448 2003 2248 4994 6164 6576 4723 7483 4125 5929 5717
3250 5307 4637 5750 4280 7863 6435 7227 6016 6256 7175 6906 4295 1384 4905 2382 6323 4131 2359 5149 5105 2928 5086 5396 5645 3761 7237 3628 4167 5781
4484 6745 6792 4906 4091 6628 6993 7069 3625 6465 7543 5728 4795 3320 7051 4621 5752 7237 2359 5161 4443 3875 4123 3278 7597 3270 7954 4982 3263 6922
2119 4039 4595 8316 4197 7444 5281 5886 5806 6408 4458 8036 6227 1365 5922 1263 5455 7889 3956 7523 2113 1661 4982 3956 8055 2468 8045 5854 5400 4356
3587 5685 6143 4934 6137 6349 8285 6507 5819 5311 7493 7580 4325 2937 7905 3571 7637 5136 2959 5686 1483 1556 5587 5951 6807 2258 4791 3867 3001 6386
22 14 21 24 34538 1.0023374812461554
25 17 9 9 80395 0.9268394789144856
12 14 24 28 82259 1.0353927355100114
26 18 27 3 65245 1.0375818825218455
9 10 0 8 53458 0.9737319998515158
6 27 7 2 88199 0.9448295176394289
22 10 23 26 56417 0.9483752129300009
8 2 20 14 80627 0.9797543039200078
27 26 5 4 139613 1.0219897649719374
26 27 11 2 128708 0.9452883567854664
2 21 7 3 76774 1.0557383219911571
16 11 23 21 52481 0.9069089259693713
25 1 2 9 138110 1.0426885856072792
25 24 2 2 154384 1.0927429364606351
21 14 5 2 97921 1.0835433424846412
1 15 22 29 105626 0.9723633069053428
16 3 0 16 101988 1.009698667034586
13 3 22 27 96408 1.0811739728821943
3 10 13 14 48841 0.9365948913262673
20 4 11 27 99340 0.9308375812419041
25 15 14 6 63178 1.0186518753920843
29 10 2 23 124359 0.9900442769114801
4 7 7 26 74652 1.0122918249400068
1 19 20 16 78529 1.065792514649296
8 2 3 18 73815 0.9890657671715813
17 10 27 6 68241 0.9873171988566279
26 22 13 14 62194 1.016130932544573
13 9 16 20 36285 1.0670833444522452
16 5 2 14 82187 1.0140124109241524
8 21 20 24 51635 1.0301259395098903
10 18 24 12 59926 1.0628817455015045
20 12 3 13 56412 0.998785517017037
16 15 6 6 59778 0.9645572093234276
3 5 17 13 76214 0.9877428965020609
21 8 16 1 55023 0.9796874873651493
20 11 10 19 54751 0.9809662938170309
4 24 3 3 93875 0.9953920401579771
27 20 0 20 89525 0.9656124804553631
29 18 10 20 60987 1.013857920775823
9 7 4 26 79076 1.0828149448511386
21 4 23 20 59763 0.9410051821563195
22 26 2 25 71859 1.064663180194403
14 18 8 22 27474 0.9557952675179733
15 20 29 26 64470 0.9726334780770847
1 25 25 11 117549 1.0627286132711855
3 10 22 24 104552 1.090319542635358
21 12 16 25 57766 1.0269061815844607
2 2 7 16 71858 0.9543155272510709
10 10 1 9 56551 0.9712486312897793
9 19 29 26 86555 1.0864410681773733
29 29 18 26 63514 1.080723021732724
5 24 12 27 35034 0.9596190855774527
0 20 24 6 116392 1.0643072187657576
19 13 21 26 50801 0.9217152503602795
5 2 14 16 80329 0.9587812185261906
22 26 11 12 71920 1.0768254642924997
27 28 7 26 90151 0.9260222836949341
28 21 9 21 62585 1.0487575528211195
11 5 29 0 95433 1.0938228827566145
28 7 8 16 95476 0.9410574905304159
24 20 0 25 91635 1.0890173829391059
6 11 27 18 87760 0.9144758267659362
8 1 18 4 67390 0.9745389275574659
18 19 9 24 41548 1.089148156258826
11 19 1 19 38148 0.9931481265227482
26 16 22 25 41519 1.0668647108978975
4 2 7 10 44322 1.0534385140829856
6 19 0 7 71439 1.0506795487655631
24 14 4 28 113334 1.0375360611892785
10 23 22 8 76975 1.0906910822975031
19 28 20 2 97636 1.0868754595706465
27 19 23 9 48850 1.0743626098015595
3 21 9 13 45848 0.9609009761995886
5 10 23 22 93576 0.9309395092752492
5 3 25 0 101630 1.0694553724961504
13 5 24 5 68534 0.9938850434450593
5 29 0 7 109219 0.9175479427872296
3 19 28 22 87673 1.0535838072681933
26 29 12 3 124586 0.9249013065209477
2 24 2 10 59157 0.9640660005995016
2 20 18 29 82371 1.0564733826755122
19 20 7 3 88850 0.9159638599912087
27 22 28 13 26864 0.9300843931072047
15 9 17 28 74900 0.9332990605964075
8 23 25 24 79929 0.941338945356607
27 17 1 25 103518 0.974258108310905
25 0 7 9 113549 0.976934874718462
1 1 10 0 36418 0.9669594868214716
5 15 0 7 50192 0.9056947452832307
22 19 2 21 70352 0.9294460368020699
8 21 10 9 56221 1.0228916050497516
1 17 15 23 61689 0.9248652388651517
6 12 27 14 72911 1.0757335096728813
1 10 5 23 67174 0.9570849574351588
26 12 5 23 95410 0.9454064580490386
1 23 25 23 99910 0.9065179210440276
2 13 19 11 60697 0.9220565302394039
0 18 7 5 69163 0.9094255425667155
3 4 26 6 129699 0.9431079451991393
25 29 23 19 45728 0.9129880569470304
19 9 15 2 47417 1.0598540501870484
12 17 9 6 52256 0.9649982976733747
6 3 7 20 63525 0.9701932822621284
13 16 17 22 30407 0.9743917669901937
28 28 15 6 112778 1.0584875371456923
23 22 18 2 86717 1.0810696028244482
24 6 6 15 87154 1.0156185732264489
24 23 12 13 66339 1.009530459411047
21 20 15 28 52866 1.0307703691742596
12 7 7 25 66857 1.0654103807664574
17 5 27 8 61522 1.0588098043120757
18 20 8 26 48737 1.066754680596591
11 10 26 7 80563 0.9517639325083711
20 21 9 2 92729 1.0887011344211668
14 25 14 2 72277 0.948370561151113
1 0 16 22 118261 1.0061775119144927
14 19 1 10 70572 1.0222183236981612
19 13 1 20 70536 1.0745503467747253
8 29 23 27 79003 1.0889042131261246
14 13 7 6 45752 1.0999667199836554
4 3 14 27 107704 0.936524281324026
7 11 3 23 51550 1.0057406195814171
1 25 4 16 48526 0.9359650563218608
9 0 16 27 107986 1.0397981855268275
1 0 18 2 81534 0.9183010204738875
23 12 20 27 59201 0.933235154053455
24 11 10 5 78548 0.969331251600858
13 5 19 25 72621 0.9456814735603979
13 17 9 29 51791 0.99507441173703
3 14 22 6 85971 0.9744671980090969
5 5 26 9 119839 1.06690800848456
19 16 29 12 42932 0.9775630533103973
11 14 20 10 42116 1.0497911663688702
22 18 1 14 85608 1.0329586009122942
25 6 10 14 81818 0.9997054284031301
8 16 20 28 78664 0.9587436454371715
3 7 7 25 71626 1.081258837020094
0 12 23 29 122964 0.9626448708166132
14 18 25 2 91032 0.9281139237275318
1 16 16 0 102527 0.9676131120751943
6 8 19 1 92607 1.0282793115931934
16 21 5 5 86922 1.0492946394388618
5 4 11 11 52460 0.9394691660089898
21 5 26 25 87657 0.9142268407363329
24 11 17 4 61669 0.9764504881247342
3 4 19 24 111528 1.0918918617992728
0 5 12 15 85684 1.0183679731001978
8 26 15 7 79833 1.0713957377645584
2 28 12 14 76920 1.0384162326419426
24 2 26 29 116020 0.9381246801987015
17 7 22 15 44257 0.999223287057012
6 14 27 6 105452 1.0177416756973563
0 28 24 14 124954 1.0476999416432295
28 8 7 6 108331 0.977592773721065
25 13 19 22 47866 1.0501209712753505
11 21 28 17 60505 0.980679999722317
5 24 4 3 93857 0.9933478854011123
19 21 29 14 53615 0.9465875607876187
26 0 8 25 134811 1.0428756888999013
20 7 17 0 41542 0.9750350016721374
1 23 20 2 127861 0.9174214174500736
2 14 19 2 100241 0.9440941600179442
22 22 0 13 98217 1.0332130802082307
13 2 21 15 65717 1.0583466334981604
0 26 27 18 107705 0.9097602464193199
26 18 28 2 62165 1.010483249284232
4 5 2 15 50157 1.0574064534710383
2 11 27 5 127329 0.9775704618636188
13 16 21 0 82061 0.9808416629231049
15 20 24 4 81140 0.9851668267172748
0 24 25 8 133143 0.9643126552073029
7 2 19 10 85293 1.08186395931486
16 1 26 14 89323 1.010996605425855
11 19 24 26 67228 1.0546071403464965
9 11 4 18 42899 0.9651105197609936
8 15 29 19 82181 0.9616071413250352
1 10 10 12 49538 0.9386985258077866
22 27 27 18 38396 0.9612628662314914
22 15 3 29 104630 0.9064812332379859
19 16 5 18 51650 0.9904258980384344
14 18 12 9 30433 1.0075663383679154
9 28 19 7 94273 0.9673054664665125
11 14 18 8 50420 1.0285625721713123
25 22 17 14 51384 0.970039912101344
18 2 22 26 94135 0.908439483287368
23 27 13 20 54901 1.0453350642488108
6 29 20 21 76639 0.9629109903108852
24 23 29 2 91954 1.0611691673185506
18 0 6 15 91067 1.0569508567160542
13 12 29 10 66118 1.0252483698019397
7 26 16 20 46036 1.030464438476949
25 24 12 15 72720 0.925468792880202
23 6 24 24 72875 1.097454319352751
16 26 8 22 48026 1.048010704520996
7 25 23 25 58720 0.9446160942295805
11 26 5 21 36133 0.9690678841813654
17 17 23 11 38768 1.0904826564061134
21 2 1 23 133834 1.0550281006834554
20 11 3 13 59978 1.0852058006805563
17 10 17 22 58864 1.0901231222066539
0 11 20 12 77528 0.9675912923298482
12 3 1 6 65095 1.0514967037603005
3 13 24 23 95950 0.9327673312699507
0 14 14 17 60447 1.0416119210976102
1 1 25 12 129439 1.0905978763146547
3 28 1 19 42059 1.0586537363265254
2 20 1 4 70538 1.099014185185787
14 3 8 7 47756 1.0943547096438977
13 29 4 18 51786 1.031935796887522
18 25 24 0 103771 0.9883516261929421
27 1 25 9 48046 1.0451702842385935
26 24 23 8 72916 0.9766085883073161
16 20 24 0 92564 0.9113945752786857
2 15 7 27 52246 0.9593885042419907
12 7 15 0 36111 1.0344821245117897
19 4 4 0 83861 0.9219650816652011
19 8 5 9 78299 0.9251127290940918
6 17 15 10 56687 1.0023607051194792
27 13 16 16 42781 1.0559664387909597
27 17 9 6 97654 0.9295406463729572
18 17 25 3 74100 1.05376683017953
24 18 28 26 34231 1.0478969250173482
5 14 11 9 37767 1.007171956753318
13 27 24 27 50961 0.9819231094011133
6 28 14 4 96339 0.9610307007707385
27 23 29 6 66592 0.9332694947616507
2 16 17 17 64502 0.9532444311701035
16 22 3 20 50093 0.9882253943714963
27 12 5 2 116451 1.0658082228875305
19 10 9 7 60343 0.9722710299721627
21 19 15 29 63039 1.059369459727344
12 27 15 8 65410 1.011289228172139
24 3 26 27 104515 1.0409160729736935
24 21 9 2 107458 0.973744943000469
10 4 25 5 93654 1.0484689151230477
27 15 3 1 124651 1.0854041355553392
24 24 26 11 65526 0.995771860193235
16 13 20 21 40354 0.9386382522839168
18 24 0 29 84554 1.031518909297291
15 3 19 13 59762 0.9414812367468561
13 2 6 27 98351 1.0840221257015217
4 28 23 14 107881 1.025698759557249
22 17 26 27 46684 0.9331059544704691
7 19 20 22 48964 0.995979650291626
4 11 20 27 101471 0.9024622880821753
12 28 28 29 76231 1.0628798916427522
17 28 2 17 79421 0.9621508578040248
5 22 23 29 87671 1.0746810072532524
18 9 1 3 103177 1.0460045096215982
28 12 4 1 125203 0.9301333231956541
23 29 13 12 76840 1.0187679597516552
29 28 23 24 36074 0.998146309858693
19 8 7 12 60022 1.0451428268177578
25 0 13 24 111762 0.9204151411184179
23 8 5 8 93909 0.9848127193846842
22 6 10 20 75591 1.089783706477913
29 29 4 10 140375 0.9936759271904914
9 17 18 8 68674 0.9989581045086537
11 21 23 8 72400 1.037461152877518
22 10 18 27 72139 1.0232720213629798
4 4 19 27 119270 0.9521522206013077
10 25 18 12 59183 1.020331769526023
26 17 8 15 72244 0.9555708880690372
28 10 20 6 55407 0.9687900604471651
14 2 20 8 49713 0.9552074072603286
4 26 20 27 68519 0.9211644744016537
0 23 17 29 78989 0.9535742198590463
16 12 20 5 42366 1.0815877107380933
17 10 0 18 84156 0.9827385827868415
0 8 23 3 129638 1.0145692989488904
24 27 20 4 94940 1.0053100841835427
16 29 4 13 83313 0.9506664798397142
21 0 12 11 73934 0.9908871729895784
23 10 28 3 48564 0.9571489447598471
11 8 24 24 91118 1.080028395578057
26 9 3 17 104523 1.0955995154954752
26 12 12 17 56182 1.0399277699529932
8 0 4 7 45956 0.9812622963269086
13 27 10 3 83325 1.0345616592248847
13 13 27 14 45561 0.9990829035955431
14 29 1 6 115553 0.9756436590757583
0 0 7 17 87550 0.955715332159343
17 25 8 5 93215 0.9976367625409199
29 13 25 4 50203 1.0673561881731661
5 26 22 12 89885 1.0034486592875376
15 2 21 19 85130 1.059672158869407
14 18 23 17 32933 1.0418981634257212
27 14 29 22 27066 0.9531666587383851
11 29 17 25 31427 0.9617438767273696
29 11 1 1 147568 0.9252261477221657
6 27 23 4 122982 1.0373021125562398
10 15 22 16 45836 0.9674406122251411
12 18 0 18 41597 1.0792498906873866
16 7 8 0 57967 0.9320989166129017
1 0 23 13 116959 0.9210024801642831
11 16 16 21 26592 0.9897639796969997
6 29 23 17 92478 0.9007220324468732
14 3 1 27 111982 0.9736341041545244
11 18 15 6 51059 1.0200920259315183
1 14 29 21 108379 0.9703875016817183
24 8 4 21 101323 0.9460088576271055
0 11 23 4 115178 1.08280137474427
4 19 24 12 79866 1.020714755971935
24 17 22 5 49429 1.015604852304406
25 27 29 14 54844 0.9399181653253323
15 11 22 2 68172 0.9599050799806775
26 16 10 27 86261 0.954155878192168
17 13 10 7 40879 0.9861817845690257
1 1 16 3 79909 1.0377644698583552
12 23 17 6 65860 0.928863402398411
25 5 1 13 110371 1.0944870026082376
22 9 19 27 70008 0.9243263443876953
13 13 7 4 50557 0.931568487179185
29 26 6 29 107357 0.9460943690530621
18 10 8 13 46935 0.9289714744880473
6 6 27 19 103793 1.0965595796953178
3 17 21 19 67129 1.0979390256439154
3 1 27 3 119326 1.0239929758934325
17 11 0 29 113078 0.9154024025605304
20 0 2 22 128478 0.9159503781427357
11 21 5 15 35462 0.9550161863343877
6 16 6 5 51059 0.9902977366781522
15 11 24 19 58701 0.948985604589558
23 23 1 29 102481 0.9081228636486818
24 18 2 26 91305 0.9390499806188165
21 1 12 9 69720 1.0686119807132062
19 8 16 23 66198 0.9238841034685537
21 18 5 13 61137 1.0067299228554174
17 14 5 20 58644 1.0333227290946252
13 23 20 26 35538 1.094618448874194
21 8 14 17 54928 1.0873300529882781
14 3 20 12 58108 0.9057833704635255
8 24 23 16 76552 1.0121929457274348
19 16 0 16 73706 0.9315855655619385
24 27 3 3 146186 1.0742291200675655
1 8 29 3 149107 0.9021240852542867
28 17 15 6 82124 1.0583429791479115
19 23 25 12 56040 0.9704226724389453
10 24 15 3 81951 1.0672853278162362
12 20 4 26 43756 0.9087887825003277
11 29 2 27 52965 0.92312520082584
28 13 0 12 92455 0.9674774136190516
25 20 6 9 89422 0.959328480506247
15 9 2 3 80154 1.0609137933655846
17 21 12 13 32683 1.045807575240523
23 0 17 8 55906 1.02893523344908
28 8 3 11 107168 0.9266223639450666
2 6 8 29 100838 1.030390364788746
16 1 3 25 114034 0.9479607210713326
15 2 23 20 88739 1.0790294914870002
3 8 25 3 128055 1.051830538290137
3 9 12 16 58985 1.0837374416254069
0 23 3 10 58220 0.928400628756199
3 18 26 18 71787 0.9094798575570546
14 28 2 27 57928 1.0733028889321448
12 9 7 16 41567 1.097272872021575
6 29 17 17 74828 0.900427368364504
16 10 8 18 52953 1.0074851235050672
6 9 15 19 58661 1.0139996770531825
12 22 29 29 89684 0.9708278857940115
23 25 7 20 67390 1.063193229645531
21 10 7 11 64603 0.925025207736221
0 28 11 6 108302 1.0983802912196272
14 19 20 7 58435 0.9660007243683871
5 24 20 19 67462 0.9994600020725576
26 2 16 29 133476 0.9599785066193377
25 9 10 14 75808 1.0207542512994159
1 11 17 4 95620 0.9979194253650547
26 26 25 15 47797 1.0201711566015579
12 3 26 17 90056 1.0070149341486139
17 29 7 25 46153 0.9305980361723521
18 18 3 26 70630 1.0691302292501204
10 21 1 10 65108 1.0383010449265004
17 25 5 29 61987 1.0655870783882053
23 15 6 27 90554 0.9718897388714022
1 19 9 28 60026 0.9535526984378377
13 16 1 21 50556 1.0804456494304449
9 8 14 19 49181 0.9341902723052299
22 23 11 24 49675 1.043291376689512
28 26 14 26 61951 0.9701539899453283
3 16 21 25 81406 0.9737138947546016
18 16 14 26 49302 1.0576629277772591
5 6 23 3 109804 0.9734348565326455
15 5 18 16 58800 0.9769199165127754
22 16 27 21 29549 0.9980791178740199
26 15 12 16 46997 0.924417600848983
1 26 14 26 53314 0.9991421353204681
29 26 10 29 89149 0.9467742289043225
14 2 14 12 36303 0.9617192260915216
11 24 13 5 58605 0.9642871941686204
10 11 23 8 66833 0.9062618663270886
16 27 1 26 65434 1.0603349423960948
26 29 22 18 50622 0.9148797677346369
17 15 6 13 39921 0.9412818975640149
1 1 11 12 84313 0.9850694015924402
2 16 7 21 31499 1.0889563697922187
24 28 17 12 73650 0.9256324261329737
18 27 14 20 41439 0.9232225491666994
1 10 5 2 48688 0.9657342240172083
26 10 2 24 118816 1.0462646473590622
16 16 26 12 44087 0.9693457539048328
10 29 18 13 70310 1.0192565768040127
16 24 5 2 109583 0.9742668970283426
22 24 1 7 122987 1.0539609647183454
12 1 21 29 113129 0.9034872107751234
9 12 22 18 58116 0.9386512123782611
0 0 25 12 133115 1.0730922461400358
4 28 14 2 113501 1.050566000388391
16 10 8 24 72286 1.0533179006585218
14 6 28 4 78110 0.9993326828284854
0 16 6 27 63322 0.9612143169700931
23 12 11 19 54935 0.984104944090276
25 0 3 7 122961 0.9046145116610909
21 20 10 26 53325 1.064605189121164
6 26 18 18 63299 0.9234041168812808
9 1 3 18 81030 0.9886787794688243
7 1 27 19 118398 1.05569595397289
21 28 7 19 74237 1.0692134664629804
12 13 23 18 46377 0.9663357246760483
1 15 28 19 99005 1.0682317282323575
10 15 19 3 69387 1.0181844176179426
8 7 2 16 47382 0.9710508550938322
17 28 12 19 43322 1.0472445502738619
19 27 5 3 121230 1.0264867924922512
16 28 29 23 67745 0.9690324624471915
3 8 0 20 54897 1.0776015638122132
25 2 17 22 99485 1.007474131693959
18 23 26 11 68213 0.9325381788295851
13 14 22 21 47418 0.9396296388385929
27 17 10 27 82552 0.9138410854545457
26 5 11 27 121931 0.9413307861239503
6 7 29 0 124516 1.0705479097513408
27 12 28 21 27194 1.0283325540981816
0 29 9 5 115268 0.9942627153729164
20 19 11 21 34240 0.921044052604306
22 23 5 26 71909 0.9423981364245037
18 2 13 29 97997 0.9367102885585001
7 2 17 19 86068 1.09392094487406
14 28 26 26 59531 1.0107412589976208
4 17 19 14 61714 1.0844896472916412
15 16 12 8 33342 0.9344809674369409
22 26 14 9 74793 1.050225785255283
22 21 10 4 90997 1.0881020160898711
25 23 17 1 108101 0.9416467463173487
10 8 9 23 65041 1.0975560879026485
29 5 17 0 67434 1.0530443602599335
17 12 27 16 44985 1.0505500845245812
3 16 8 25 39297 1.0874076856233184
17 22 4 11 77255 0.9578980214626637
0 10 18 5 110677 1.0023752980433538
17 19 6 25 50504 1.0910816164630368
5 8 18 10 76397 1.0016106941675285
12 9 8 22 52648 0.9298249426936398
1 6 27 24 146425 1.0068077709731773
29 17 7 26 93002 0.9695708695049288
13 7 1 11 65691 1.069223872947081
1 4 14 0 66823 1.0075811310845164
16 8 7 4 60763 0.9420178516173813
7 5 27 11 98939 0.9475576470614819
12 2 26 25 115810 1.070909400937127
23 22 9 16 69573 0.9414765564931282
22 23 25 8 67651 0.9039718757325043
4 14 12 9 44489 0.9546498027196826
22 8 10 2 84557 0.9224262063823746
3 14 23 1 107809 0.9937678984646969
6 24 14 19 43471 1.0322925611917744
9 29 22 29 62353 0.9689659811757487
13 0 27 3 76618 1.0835912877764102
5 16 20 19 63244 0.9492439397358032
17 11 4 19 65850 0.9186690150968758
22 11 20 29 65587 0.9363611354039328
27 12 2 10 99212 0.9645622391695949
13 21 24 21 40105 1.0794066648863174
20 6 12 9 45910 0.9338282436093425
2 24 28 19 98747 0.9632346534111408
23 19 21 10 41751 0.9767991140106134
6 28 24 6 122883 1.0593061005153712
23 26 22 13 43005 1.0761985942636536
12 29 19 19 50090 0.9192363667706387
2 6 3 20 59188 1.04453156888865
9 6 10 21 64738 0.9415319295196347
21 7 5 13 72338 1.0976833933469705
12 7 17 26 68418 1.023195778741059
13 14 8 0 61531 1.0936957412322446
9 8 26 10 85789 0.9267716060835418
3 26 11 18 46603 1.0511913321130575
8 20 28 1 120057 0.9660998700105144
11 19 14 8 39788 1.0273145400083896
28 9 13 29 99733 1.060642473220919
29 28 4 1 167426 0.9374137409510128
12 23 27 28 77447 1.0487645729039536
19 24 3 11 87339 1.022912342813497
16 21 11 4 63303 1.0779079864579042
9 14 8 1 54708 0.9803093297076518
14 24 1 11 81711 1.0269770803857612
9 29 14 22 43501 0.9295331606907518
2 25 12 0 108639 1.0302192187082058
2 12 14 20 59022 1.0921519645402284
2 3 13 25 106982 1.055675474063451
28 12 1 17 100887 0.9092136343337034
23 24 2 10 113851 0.9126975941294811
25 20 19 7 55475 0.924694836184261
7 21 13 4 64812 1.0857214696893955
16 14 23 2 68865 0.970961024659731
16 3 5 14 79268 1.0350640547174257
9 11 17 29 79438 0.9975044939218382
1 3 10 6 57466 0.9671742070099161
7 3 22 25 114896 0.9943728677657382
4 22 22 15 80233 1.0232637300836802
12 18 21 10 52459 1.0321208617488258
27 21 26 4 64599 1.0605176903317204
3 14 19 25 80326 0.945591844110175
0 28 19 14 104798 1.0871161026697154
17 22 28 0 109588 1.0222338353820841
2 2 11 29 121055 1.0241535321235777
12 12 27 5 87347 0.9680586856267268
7 26 15 21 40269 1.0008834948689531
5 24 2 2 101705 1.0739344055413074
11 1 3 27 112594 1.0572657233174942
16 2 26 20 97868 0.9971971983388561
16 24 5 17 56462 1.0908381843119683
27 9 8 24 112543 0.9063636024385342
1 24 11 2 110224 0.9424051108834973
6 4 19 23 98200 0.9302900698274015
2 25 1 11 60382 0.9250123837824769
22 24 26 17 31710 0.9681265384053286
23 19 6 20 57890 0.9889484957997735
9 2 22 19 95810 1.0741555717139843
23 15 0 19 88147 1.0045264187225948
15 21 28 7 88304 1.0582656039171743
10 15 22 29 78033 1.062103612467764
12 16 2 21 44879 1.096067455351487
15 10 12 20 38228 1.0043950716281775
2 12 12 24 68655 0.93021345747973
28 12 1 10 99914 1.0508075267993975
16 5 27 0 75103 1.0200608450330901
0 23 20 27 87083 1.0449617708379844
9 16 27 20 75184 1.0939472843371467
29 3 16 23 117361 1.0472588358674069
20 24 5 18 60433 1.0427880662436768
1 24 8 16 48706 0.9347491504638925
10 5 18 22 76395 1.0030141727418704
26 1 19 26 113609 1.0313998390635826
2 1 23 11 120343 1.037246904294521
9 0 21 11 89368 0.9181020011338767
17 9 24 26 81122 0.9471478814137851
5 20 13 25 43468 0.9744553957395791
6 15 25 29 103805 0.9595165358072432
5 1 16 4 67958 0.9622004287443959
17 10 15 23 60644 0.9915468742166242
0 9 3 0 48720 1.0528330959978447
8 27 22 15 82691 0.9296388155313845
24 8 9 1 98984 1.0603379569004023
25 8 12 13 64515 1.0750514061414351
24 5 3 15 102290 1.051848534056463
28 11 8 16 78977 1.0699857520650191
21 3 10 15 79896 0.9676514084944481
7 22 5 11 43741 1.0013353348198628
24 28 8 24 77131 1.0216480566261366
10 9 0 28 104071 1.023506278445017
9 14 19 27 72736 0.9000363052680594
8 27 7 6 72010 1.0919109263310798
22 19 7 4 92947 1.0958987221585625
15 12 10 3 54885 1.0960703695216942
27 11 11 5 85129 1.080967512685874
9 17 20 23 55117 1.033367676191149
29 15 8 7 93123 0.9143243726829898
20 2 8 20 94841 0.9017180408897157
25 6 11 2 94636 1.048949930881912
8 22 29 6 117898 0.9108273502216261
16 28 12 14 51787 0.9542544732068706
14 0 25 24 118452 1.031540113119457
21 27 5 20 76523 0.9942460850749967
13 2 24 24 104516 0.979368228270098
7 11 23 3 90554 1.0369895544942676
0 12 29 0 142253 1.0681263520669804
13 7 10 23 51220 0.9655181049810011
27 0 20 24 106630 0.9269501870065443
12 22 1 13 63003 0.9853964018352032
8 11 26 3 107274 1.0548193586934929
18 22 3 14 72059 0.973220561433787
27 29 21 19 59682 1.0417089251820548
25 18 14 1 91568 1.0170208931636786
11 13 1 15 38611 0.9385572627171196
24 29 4 22 97871 1.057910080180364
12 15 22 27 62911 0.9942427302213166
16 4 28 13 75464 0.9486819066129313
18 28 27 2 121817 0.9248633833289737
19 12 23 18 28976 0.9852809680801735
20 26 15 21 35159 0.956781834424353
27 18 12 20 48553 0.9976743117196623
6 8 7 21 46435 1.0433836125367333
11 1 24 14 85806 1.0448220579635412
1 19 12 19 42129 0.9441595349368633
11 26 8 2 98373 0.9187959082798244
7 4 21 0 77657 1.017023808686999
16 8 29 19 85332 1.093303467636849
16 16 12 23 33300 0.915977892565148
14 5 25 20 80211 1.037081284816142
7 13 20 19 58826 1.0073132207226936
21 12 27 22 50682 0.9329295138185028
3 29 29 18 114256 0.9928908357166663
2 0 27 17 142143 0.9519921755655961
11 4 20 18 71068 1.0496311464830792
25 8 11 28 107574 0.9407549600648965
16 12 4 29 92708 1.0305684103816346
3 25 18 9 96203 1.0331739982384498
12 8 6 27 77881 0.93058217830625
10 23 28 26 77928 0.9875781305824087
15 2 17 13 51879 1.0473681627833569
27 14 3 25 107432 0.9404503549356763
2 26 6 12 65694 1.0581795249055215
2 9 9 21 62665 1.063567623719325
7 10 28 7 96582 1.040670022153527
11 24 29 19 71912 1.0677372658660824
5 11 19 22 73126 0.9342612467665924
2 26 26 2 152890 0.9857282385376509
13 11 7 29 69114 1.099961695715401
18 0 17 23 98242 0.9955874683550815
6 29 25 2 148138 1.08242860952624
29 18 24 5 68515 1.0791603399170249
13 9 2 13 46928 0.9412002243374813
3 8 12 20 67214 0.9872460719854256
12 25 3 7 87037 1.0089430544540343
7 16 29 19 82404 1.0838895498536822
4 1 7 15 66918 1.0448810215023572
24 6 16 19 70693 0.9603308679518211
28 10 8 4 106978 0.9899576344743158
22 15 1 8 91767 0.9297379931221842
0 9 11 10 69612 0.9232771174928504
1 18 11 17 36031 1.027144522583395
16 8 3 20 79969 0.9362907740308011
23 29 9 16 88229 1.057919669768661
22 18 1 22 75711 0.9828601934506886
19 4 26 29 107878 1.0362423731523542
25 25 28 12 45146 0.9058969189307023
22 20 11 15 48044 1.087289450536392
26 3 19 16 72746 1.038921399815426
13 0 4 14 79298 0.9712749352041968
5 5 7 27 86268 0.9102315117053054
10 12 16 6 48255 1.024534182731014
8 21 28 12 81258 0.9276409263822408
28 0 12 14 97938 1.0979623675799357
21 10 7 16 69634 1.0351296501768026
7 28 3 18 39203 0.9730232017027134
4 4 20 14 85361 0.9247976145391844
29 9 4 3 133578 0.9272617443314749
25 16 24 3 63777 1.0503279772379224
5 28 22 24 80833 0.9129237516589347
13 12 22 24 59685 1.0646698131317307
4 12 0 6 44898 1.0720492289312784
29 18 18 25 54461 1.0136395298136354
27 13 16 18 49859 1.011205661056131
22 9 4 9 90729 0.9522571892600509
21 25 12 27 38496 1.0925274896142703
16 23 23 15 53898 0.9803328538884412
0 2 10 4 58452 1.0825769164951276
8 8 14 22 59039 0.9685379349116643
19 6 7 17 74593 0.9707564963793183
3 16 27 7 114627 1.005235647662628
2 13 16 27 87253 0.9694931339522195
18 26 29 9 93587 1.0126770514967216
20 19 10 8 67737 1.0654453788235738
17 21 29 2 103789 0.968310170896042
1 9 13 24 86273 0.9447871127714516
27 25 11 15 80884 1.0396771508211646
12 8 24 16 59892 1.0945224414876142
13 29 20 16 58962 0.9554341120689843
10 13 20 3 69856 0.9075610629972753
21 10 5 5 99002 1.0955080543111804
5 26 12 16 52560 1.0969116387376734
8 18 12 25 33107 1.0970570866117912
2 25 13 4 92369 1.0750969384070408
21 20 12 0 86194 1.0641678800615144
25 25 6 16 90008 1.0743548078924154
20 2 5 9 101246 1.0780133820826976
13 27 21 25 32947 1.0836914488125509
19 20 11 14 40537 1.086279329211109
11 0 0 2 51843 1.041638368231005
11 16 26 3 95433 0.9482595302103798
12 2 27 3 86798 1.04947601207326
17 29 21 17 62475 1.046002341295276
19 21 10 0 89216 0.915286876927874
14 19 14 3 52127 1.0537524539805487
7 24 8 10 50972 0.9405742983029409
0 6 25 16 122645 0.9505140438305453
19 23 27 20 38027 1.0313653413685469
19 27 27 24 45546 1.094766774395614
2 28 15 27 65188 1.0511305174911403
0 2 23 6 130766 0.9417549238644353
10 23 24 1 111420 1.026230967500084
29 14 28 0 53523 1.0722301732572384
27 1 1 11 141173 0.9846285655047634
4 7 17 6 70468 1.0661804779810995
1 1 18 12 108184 1.0589056190675883
0 14 21 6 105268 0.9003907864579396
18 13 6 2 79676 0.9823497536973321
19 10 24 21 48112 0.9471975730371454
16 8 4 18 69665 0.9112155668043055
15 5 14 15 42998 0.9065351522729725
25 12 7 11 67026 0.9834808339834495
29 12 4 29 131969 1.0584674485075944
15 17 7 27 54243 0.9159774458613256
20 16 6 12 57411 0.9231965577739755
12 11 29 0 103269 1.061504050577509
7 27 27 15 99066 1.0893559276478813
29 3 5 0 111247 1.066036452111617
7 2 28 10 113016 1.0737274345558894
16 24 26 2 115581 0.9615455944883216
25 23 4 27 99308 0.9093573701145045
24 11 16 28 86371 0.9416024851003804
9 1 27 11 111015 0.9453643549245059
9 3 11 20 69439 1.0981863526902877
3 12 20 17 71155 1.0457418419382358
13 10 26 11 56530 0.9970599848500694
20 15 11 25 55923 0.945058692033653
1 17 4 25 38340 1.050141720852529
29 24 10 28 84058 0.913476699624042
3 29 25 1 162023 1.0445784381523284
21 20 12 25 44253 1.0554396103071597
3 19 6 7 56052 1.0165431308953337
27 29 25 20 45122 1.0632296385744728
8 5 7 24 66261 1.0223716941350407
5 22 20 3 106817 0.9348054714358006
29 3 24 24 95508 0.9058843921255554
14 14 3 13 38900 0.9972234391384796
2 26 5 18 40905 1.0378125808365897
15 19 18 29 56002 1.0090720313474755
19 28 2 3 136227 1.0122996734927352
28 26 4 3 147590 1.0694553253558357
4 7 5 28 93791 0.9069607980960966
8 13 16 17 39821 1.0948085800810945
15 14 13 22 30378 1.0449776974036111
15 15 5 2 77183 0.9766233097704137
23 23 6 13 81522 0.9267828499908071
15 18 11 26 34773 1.034442321376115
10 28 1 24 52216 1.0333400058224085
17 4 2 19 97419 0.9268329256641429
11 1 14 10 44184 0.992023829446962
4 21 27 12 94951 0.920996325163119
9 14 16 23 52443 0.9504683411930199
16 28 16 13 56354 1.0168949011863921
26 9 16 8 65175 0.9390489176670791
17 7 22 28 83103 0.962304246347813
21 5 29 29 103408 0.969141236370638
6 29 22 11 103752 0.9136549610611684
13 28 6 0 108231 1.0683923955543646
12 9 19 25 62652 1.0881623179090556
14 13 22 11 31953 0.9503614495269358
9 6 27 14 85964 1.04282204695953
3 23 23 16 83383 0.9656585146527025
6 2 25 29 149043 1.0338671741681509
14 23 20 10 59849 0.9335070620639224
5 27 17 26 56221 1.0845735379893713
12 26 5 15 54699 1.0680964582697503
12 4 5 12 53800 0.9466312536724251
26 17 9 29 90981 1.0440115598626782
21 16 12 13 38318 0.9578187035187044
7 10 13 26 63122 1.0069663461152567
1 2 9 19 91522 1.003943098413592
29 24 23 18 34947 0.9801975520060481
26 4 1 29 160318 0.9104304850106508
27 24 14 20 57907 0.9040828229193433
16 28 2 21 67804 1.0506730987490291
2 12 18 27 100461 1.0485601524515968
2 22 17 8 94578 1.063396445288001
26 12 21 26 60064 1.0280610328245339
11 7 4 27 89450 0.9396834000781744
9 21 13 27 27293 1.021712235579736
27 26 2 1 162377 1.091715071351382
0 22 25 14 104017 0.9331618860789036
6 6 6 21 57041 0.9226166492359198
0 1 4 15 76511 1.0141267920971158
20 25 5 3 116920 1.098520786561943
16 2 24 27 116211 0.9842893863512259
27 4 5 6 125093 1.0238708320316843
23 9 6 23 90331 0.9642334818915835
7 25 25 19 76964 0.9388634983928603
3 19 21 9 88948 1.0062108786392838
9 13 29 8 82939 0.9194763811723613
28 5 16 13 69298 0.9216239563639832
29 28 10 17 94646 1.0779357295851784
19 1 2 13 101169 1.014805927134907
14 21 18 2 77870 0.9916705122530596
20 3 13 6 52559 1.0997706180278355
4 29 22 16 103731 0.961641909487007
18 24 2 4 121540 0.9859202785216099
16 28 8 12 73064 1.0577941312859427
26 18 28 3 60881 0.9817374793351706
4 18 23 6 92783 1.0475523888022589
15 17 11 10 36219 1.072356879864784
29 16 18 15 43648 0.9119616174821588
13 3 8 25 80610 1.0968644853288751
25 17 21 6 59210 1.090616498329159
5 12 21 10 67062 1.051388549723243
5 1 11 16 77781 1.0135633241649549
3 17 23 6 99276 0.9709051797653158
22 14 0 8 96469 0.9493850782139426
27 12 28 27 46869 1.0116547968393403
8 23 29 25 85990 0.9019405201628005
5 8 25 8 107764 0.968659663866862
0 8 23 2 133969 1.0927438250880839
22 8 15 15 43288 0.9124857878688505
6 11 24 29 112490 0.9035661617413531
4 4 1 25 94677 0.9407092207790801
7 2 6 13 39432 1.0328613548667358
11 23 13 3 62760 0.9370149440032027
6 10 24 28 115325 0.9143778330303781
0 11 6 15 37080 1.0540601814988801
18 28 1 19 85155 1.0315162163970293
2 3 14 9 74844 0.9604619416046132
7 8 29 2 124470 0.9573544959340722
21 5 11 12 68768 0.9107341516008693
1 20 8 23 34103 1.06327106869612
25 3 3 12 111935 0.9414238492998307
20 16 27 19 32420 1.0856185261072329
2 11 7 2 56444 1.0830045218946653
3 5 14 15 73671 0.911291022959554
10 9 28 9 87284 0.9194653962285623
9 6 16 12 52144 1.0405953034392956
5 27 19 17 76664 0.9363696020663801
16 18 27 10 65728 1.0188532233693541
11 0 8 29 114935 0.9230973446112939
7 6 14 2 49640 1.0223816693646324
15 27 20 15 63785 1.0238014305916263
13 5 25 23 91458 0.9913411076965183
24 20 12 1 90782 1.0998830414077305
11 15 7 28 51587 0.9978140434231773
3 7 12 29 100846 1.0831166724164545
18 9 10 4 57430 0.9638661498295662
15 4 6 27 99960 1.0050397647177605
14 27 13 17 31390 0.9685059897300246
20 6 16 0 43187 0.993360043526133
0 11 26 20 111455 1.0424882745393802
19 21 7 24 49868 1.00230340127433
0 28 25 18 112206 1.0621100159878387
12 14 27 5 89434 1.0521761023676657
1 11 26 24 123356 0.978412153133868
10 11 16 2 54410 1.0839859421743425
29 16 5 11 94690 1.028857676165583
27 21 14 16 54760 1.072527798661548
7 16 20 7 75466 1.0468264873961566
2 27 27 12 123280 1.0571157112354004
16 3 16 27 100112 1.014950710383814
18 13 7 27 70838 0.9039989373146882
22 15 19 27 50767 1.0951160768708108
27 22 4 4 130189 0.9831954994731653
4 10 13 15 48540 0.9352207107322946
16 2 13 26 81219 1.0513804326075067
22 6 19 16 42690 0.9113590165622878
6 0 10 11 60675 0.9619996535776003
19 7 2 2 100419 1.061923505800269
18 3 2 17 109539 0.9898762107912258
23 19 8 6 93148 1.0890603061007857
26 7 21 27 88238 0.940734828473625
28 6 15 28 115503 1.0454237562367408
5 9 1 29 90944 0.9940163072302188
10 28 14 22 33675 1.0827705338759386
20 1 3 4 89668 0.9984160912427633
21 0 28 26 107008 1.0651568546227805
16 26 13 1 87141 0.9592356048098803
14 5 23 13 57938 1.0060622257633214
12 17 21 29 65869 0.9260099868000715
15 14 22 11 36837 1.014329169186919
18 15 6 24 65577 0.9832301680366882
23 23 18 8 64821 0.9215345995641155
25 7 6 19 95081 0.9836452604836861
15 25 7 17 49852 1.008612467293716
23 26 11 28 54526 0.983296050152882
22 8 8 22 80699 1.0786695445481502
15 18 4 12 51800 0.9772845874150067
2 15 26 5 120650 1.023180947220661
14 15 26 23 62307 0.9833129078543477
26 13 19 16 30928 1.062677783072932
25 14 14 0 89993 1.084309889358203
19 29 2 22 82422 0.9536761978101519
13 19 0 20 44698 1.0616011090124209
11 12 2 16 42426 1.0042643270794167
28 17 0 13 99940 1.0460325178060161
18 27 11 4 96308 1.086545293001271
21 2 8 15 92440 1.0547098408479052
3 16 10 13 32180 1.0953181014677207
29 8 29 18 44250 0.9917592025487141
25 28 11 0 135716 1.0898664974951469
20 21 9 4 85430 1.006708033956521
12 27 3 23 45001 1.056128068445116
27 28 15 14 87576 0.9165558898854689
1 1 1 20 88699 1.0510797645390542
17 21 0 17 62949 1.0486044040246032
11 20 29 14 74107 0.9927293185757694
15 8 5 3 68858 0.9547039923391273
29 11 0 27 140287 1.033876430343592
25 25 15 25 38938 0.9187413038290634
13 14 27 23 69585 0.9274703192424857
21 4 27 16 64561 1.0296497731713687
9 7 1 0 58797 1.0554524244133034
11 25 27 2 126106 1.0789427123629705
20 5 7 17 85615 0.9471902467653474
28 10 12 10 68444 1.0367282258168733
29 1 17 16 89694 1.0484638092694425
3 23 24 11 97505 0.9375638546607326
14 29 1 29 69127 1.0346484402388296
5 26 24 1 138221 0.9047783605615827
5 10 3 2 42434 1.0250823486116967
12 0 23 3 63473 1.0265014070453764
2 14 13 17 49037 1.0334189342862812
27 16 10 13 63951 1.032147160251204
22 22 19 14 34056 0.9562304644724345
6 22 0 4 95048 0.9076534818256726
29 21 15 15 55286 0.9441909182150854
29 27 28 8 64363 0.9929093985106928
1 11 27 25 126188 1.0041334609994628
29 10 10 25 103397 0.9216152277009407
15 8 10 17 46559 1.090677530889247
5 4 28 8 124025 0.9911942338158634
21 21 27 14 43712 0.905422726437549
10 29 15 17 53715 1.0556401142178746
12 22 14 1 68242 1.0663837085154952
5 27 12 4 96726 1.049539062787996
27 2 6 16 125026 1.01862199506978
6 11 17 1 91470 1.0479782067594177
15 29 12 22 30454 1.0073170268066909
27 19 8 21 66319 1.017688398370165
12 28 20 9 80038 1.0321988529211477
9 14 27 6 92182 0.9456536826232174
14 13 29 24 75897 1.0579716281392024
0 1 22 15 126760 1.0739171946578967
24 8 10 28 105189 1.0641106120602049
24 25 15 13 65529 1.080213509578762
24 8 29 23 73496 1.0765367471289118
16 22 4 25 54405 1.0363818945987355
2 25 20 2 128012 1.0399687574429815
22 6 25 21 58093 1.0250385333063643
11 19 23 18 42289 1.0681926777359765
26 14 2 19 93515 0.9773472607194933
14 19 28 21 50064 0.9885936536945332
16 13 2 12 47453 1.0011514511111106
10 19 2 1 93261 1.011747611622382
1 15 24 1 122757 0.9767339079091619
5 8 8 26 71450 1.022270848812951
25 23 11 11 80947 0.957785481431819
14 4 10 25 71553 0.9650869043835426
6 26 10 13 55993 0.9604364505061046
12 16 23 4 69502 0.9436619787938704
25 10 14 3 83794 0.9354689165838781
26 28 9 1 148258 0.9314188905862304
28 0 8 27 146055 0.9550742961625461
14 13 14 24 34991 0.9575395155582318
7 7 29 13 85186 1.0335746122248322
8 19 2 8 60332 0.9643256242929692
21 2 19 14 54522 1.0985501438867096
1 3 10 28 121818 1.0066795809274631
20 22 23 8 59888 1.0016112276591047
18 13 29 27 71209 1.0206634500667815
22 0 0 24 143709 0.9296290114867631
18 11 28 25 70124 1.037448749691303
21 9 7 21 81526 0.9086056452806344
15 13 27 4 75297 0.9212803678338434
24 7 2 1 122572 1.0254925117198037
10 16 29 25 86585 0.9576220053955463
18 0 26 10 80834 1.0004021396498777
10 1 7 21 81305 0.9102725084847002
6 5 26 5 123933 0.9222384719667017
19 11 3 17 70343 0.9775546832794899
1 17 24 9 104918 0.9836228462176044
22 25 6 6 107782 0.9587349535980837
19 22 2 9 92965 1.0170682490668537
0 23 28 15 110816 0.9087732406679472
7 5 17 11 68348 0.9026383852267359
24 9 8 29 117505 0.9472386429677944
12 29 26 28 68231 1.0537453701697368
18 15 4 13 47122 1.0029053021321614
29 22 16 8 89019 1.0560556123322242
15 10 22 1 69779 1.0281594518008965
0 12 27 7 120560 0.9003894028319216
0 29 18 8 130955 1.0317665693841378
16 25 6 10 75622 1.0069583778067266
28 17 28 29 34984 0.9335808891985149
26 6 12 28 115319 0.969287942941478
16 9 6 20 65306 0.920152534866267
8 19 29 27 91424 1.0108485743868547
18 21 4 27 71031 0.9206931288517525
19 6 2 13 76941 0.9766356966324674
5 0 25 8 120702 1.0455999032576513
29 28 6 1 156114 1.0425083406075664
10 27 22 28 55043 1.0561645622564158
25 16 3 20 88018 1.0078180252794735
4 0 4 17 76674 0.910451957952959
2 4 28 19 131074 0.9825210269030524
28 13 15 11 51013 0.9574874403469481
28 14 12 18 59487 0.9895069413646042
23 29 22 6 77135 0.951811368327781
22 2 24 26 90486 1.009729135246755
8 13 0 3 70573 0.9105364668545523
14 8 29 16 74576 1.077274914964738
16 26 7 9 78315 0.9209923430560447
9 26 20 12 70865 0.9729041368312165
6 4 27 6 122846 1.060122958866639
17 11 9 21 52108 0.9011871662507351
15 9 4 27 92393 0.9032802931381319
