8054 8304 7575 8560 8505 7495 7753 7588 8684 6785 7443 6935 7097 7305 6680 6867 6759 7715 7198 7804 7085 7762 7296 6675 7237 7769 7308 7591 6840
5911 5899 6830 6646 5621 6620 5815 6606 5425 5856 5447 5594 6099 5696 6259 5624 6414 5662 6059 6395 5633 5975 6029 5339 5347 4867 5594 6035 4791
7992 7861 7386 8102 6986 8100 7237 7925 7664 7576 7974 7776 7524 6977 8371 7410 8199 7877 8184 7059 7215 7176 6384 5989 6114 5927 6325 6620 5928
4428 4624 3540 3602 4117 4187 3697 5266 5942 4987 5148 5728 6134 5866 6032 5492 5690 5126 4729 5818 5264 4869 5190 5567 4761 5672 4789 5477 5390
5863 6130 5720 5186 5903 5643 7923 7000 7905 6858 7439 7958 7878 7686 6912 6793 7497 7722 8019 6815 7096 7623 8015 8165 7102 8019 7381 7275 7637
7647 7537 7537 8241 8308 8212 7588 8257 8271 7924 7725 8255 8377 8013 7317 7554 7230 6764 7602 7094 7676 6435 7447 7566 6572 7031 7727 6705 7613
5414 5635 5348 5462 4847 5824 4764 6042 6223 6192 6520 6750 6602 6476 6863 5756 6702 5961 7032 6961 6383 6769 6015 6485 5826 6415 6528 5792 6874
1879 2854 2554 2402 2040 1786 1688 1317 1851 1670 2320 1809 2161 1478 1707 1707 1960 1854 1822 1142 2083 1074 1952 2064 1960 2261 1560 1122 1522
3663 3921 2818 3769 3907 5471 4941 5588 4959 4948 5104 4609 4604 4385 4774 5072 5572 4284 5114 5554 5555 5498 5251 5139 5575 5184 5715 4495 4530
2249 3172 2330 2811 2491 3235 3219 3280 3028 3575 3307 2510 3173 2744 3460 3666 4266 4200 3769 5003 4259 4923 4934 4839 4060 4625 4283 4580 4395
6044 7145 5998 7200 8843 7982 8051 8189 7544 7740 8199 8554 8642 7480 7656 7667 8673 7612 7951 8906 7562 8196 8250 7591 8155 8456 8913 8905 7516
3718 3418 3287 2695 3520 3785 3834 2921 2467 2842 2152 2887 2114 3042 2283 2043 2930 1560 1999 2650 1698 2579 1689 1886 2054 2127 2229 2007 1951
6989 6967 7069 7251 7194 8036 7512 7219 7798 7957 6965 7050 8059 7112 7047 7150 7845 2746 3021 2548 2550 2701 3271 3172 3111 2193 2765 2307 3233
5519 4551 4997 4556 4484 5523 4561 4485 4347 5146 4829 6423 5740 6764 6204 7047 6607 6250 6634 5843 5933 7080 6692 5810 6610 7060 7123 5953 6777
4402 3533 3401 4519 4419 3620 4124 3553 4077 3473 4542 3167 3337 4118 3864 4372 4508 4551 4127 3797 4501 4546 3222 4237 3501 3320 4520 4398 6819
7000 8236 7908 7164 7650 6767 6943 7541 7046 7033 8020 7701 8080 8156 7840 7847 6931 7885 8071 7332 7066 7679 7084 7654 8174 8252 5708 5297 5482
3465 2957 4164 3614 4225 3554 4120 3501 4308 4303 4014 3654 3643 3005 3225 3750 3956 3511 3088 4203 3945 3613 3986 3169 3401 2954 3154 4011 8131
6386 5096 5357 5178 5663 5704 4956 5051 6034 6406 5308 6058 5423 6250 5755 5879 5233 5175 5609 6302 5180 3754 3413 3686 3478 2864 3619 3865 3488
3054 2440 1925 2913 1714 2612 2216 2053 1602 5395 5477 4571 5133 4634 4695 4794 4065 4818 4653 4443 4535 4821 4465 4614 4187 5375 4559 4244 4618
3911 4165 4693 3943 4471 4489 4657 4522 4773 3663 3954 4369 3594 4502 3713 4118 3681 4533 4781 3898 5251 4830 5099 5022 5231 5158 5460 5491 4889
3502 3683 2900 3657 4167 3141 3390 3250 3412 3429 3012 3042 2832 4025 3444 3969 3870 3570 4036 3457 3800 2456 2832 2671 3463 2826 2476 3369 3449
4736 4206 3603 4746 3849 4992 4130 4227 3842 4000 4961 5027 4949 4815 4123 3895 3759 4706 5039 5035 4795 6704 6099 6103 6296 6535 5743 5653 6094
3536 4541 3432 4493 4002 3690 4528 4570 4199 4380 3834 3940 3658 4310 4392 3279 3871 3186 4640 4414 4594 4541 3741 3566 3266 6983 7501 8007 6889
2629 3337 2674 2259 2768 2772 2386 3354 3478 2473 2814 3588 2302 2359 3004 2371 2906 2568 3476 3371 3029 2380 3502 3463 2469 1778 1780 1528 1666
2017 2065 1599 1432 2409 2138 1766 2051 1966 6761 6201 6195 5810 6252 6420 6059 6610 5950 6039 6273 6774 6526 5606 6256 6432 6167 6558 6375 6164
6316 6480 4397 3392 3230 4608 4486 4044 3328 3396 3512 4561 3740 4425 4242 4294 4045 3525 3770 4462 3480 4390 4661 4382 3896 3418 3539 3341 4148
6051 6003 6324 6064 5540 6659 6609 6640 6110 6591 5644 6015 6594 5469 5256 5622 5670 6363 5307 6476 6048 6271 5633 6079 6590 6139 5896 5387 5657
4636 4643 4173 6732 7565 6940 7542 7112 6721 6723 6967 6191 6787 6299 6359 6359 6236 7547 7300 7249 6711 6480 7105 6980 6180 7555 7493 6862 7024
6113 7260 6515 6561 6536 7105 6958 6425 6650 7236 7222 6779 6612 7793 7703 6848 7939 7817 6900 7735 7628 7917 7126 7007 6970 7731 7119 7323 7807
6095 5975 5504 4795 6209 5121 6016 5885 5094 5039 5482 5772 5397 5732 5402 5732 6278 6193 6194 5886 5800 5041 3837 3483 4629 4724 4692 3379 3817
3675 5762 3840 2419 1426 6893 5170 6964 3314 5987 3955 5799 5763 1637 3815 6243 7272 6278 4068 6056 4485 1107 3331 7611 7515 6327 3961 3748 3056 5838
3911 6053 4945 1622 2681 7234 6207 7374 4359 5173 4604 5366 6630 2599 3586 7261 6708 5048 3364 5273 8833 1281 2633 7560 7187 6179 3438 4677 4080 6529
3133 5441 4287 2437 2631 7033 5386 6393 4299 5222 4286 5214 6208 1487 4141 7566 6725 5142 4108 4784 8637 1517 3589 6671 6340 5348 3554 4358 3522 5636
3572 5376 4626 2206 2263 6948 6116 6584 4296 5912 4551 5578 6209 2143 4385 6475 7752 5762 4170 5194 8075 1512 2882 7969 7546 4932 4597 3502 3209 6108
3146 5458 4214 1976 1872 6043 5946 6208 3052 5807 3504 6420 5730 1659 3417 6165 7438 5953 2963 5697 8812 1955 2446 6917 6930 4976 4042 6100 4132 6502
2677 6553 4730 2368 2097 6661 5456 6843 3717 5706 3513 7766 6221 2266 4759 7389 6971 5974 4197 5103 8081 1390 3197 6624 6476 5486 4419 6215 3614 5436
3346 5225 2267 2752 1838 6109 5862 6605 3409 5080 3385 6682 6750 1961 1598 6871 7390 6308 3547 5406 7693 2075 3615 7958 7329 5959 3869 6975 4320 5624
3718 5325 2943 1894 1366 6678 5323 7074 3193 5862 4274 6318 6699 1830 2193 7428 6613 5778 2817 5329 8362 2301 3508 6860 7182 5993 4250 6522 3610 6160
3639 6236 2330 1844 1276 6267 5387 6728 3326 4730 6144 7069 5893 1866 2603 6556 7557 5587 3728 4648 8435 1897 3067 7276 7644 5481 4686 6238 3762 6598
3829 5762 3208 2681 1648 6915 5075 6206 4430 4890 6743 7525 2557 4295 2020 6655 6498 5920 3794 5878 8144 1460 2883 7224 7030 5666 4563 6673 4157 6076
3665 6453 2482 2229 2239 5926 5715 7373 4003 4697 5973 7446 3161 4023 1267 7333 6598 6325 3023 5357 7806 1898 3536 7984 6532 6262 4046 7175 2974 5441
3587 6120 2458 1994 3097 3061 6112 6788 4406 5543 5775 7173 2678 3478 1484 7392 6848 5930 3522 5777 7707 2226 4055 6791 6984 6135 3977 6200 3103 6724
3134 5907 2326 1685 2456 3828 4997 7064 2507 5120 5604 6750 2836 3439 2493 7179 6592 5729 3711 5554 8778 1687 3972 7746 6707 6412 3523 6879 4108 6423
3072 5758 2621 5678 2553 4243 5778 5922 3330 4832 5849 6637 2591 3680 1448 6385 6706 6122 3408 5223 7615 2500 5064 8022 6416 5386 5607 6983 4167 5976
6588 5651 2414 5695 3860 3890 6188 4631 3546 4731 6191 6948 1903 4003 1628 7200 6638 6323 3506 5245 7817 1409 4048 6858 5336 6323 5841 6497 3834 5855
6082 5820 2354 6354 3073 3168 5032 4894 2384 4839 6325 6852 1804 4315 2089 7596 6996 6095 3377 5389 7767 1086 4282 6976 5461 5283 6772 6768 4306 5719
5875 5128 2669 5569 3245 3090 6033 5604 2230 5705 5707 6344 2750 3203 1789 7044 7020 6096 3789 5254 7871 2271 4339 7830 5187 5771 5743 6293 2998 5624
6571 5224 3434 6493 3793 3800 6394 5739 3287 5563 6545 7536 2484 3950 1773 6394 7770 6248 3158 5383 7579 1640 4474 6656 4741 5936 6367 7566 3414 5466
6552 5531 2261 5983 2865 3555 5167 4557 2610 5083 5792 6685 3228 4303 1341 7046 7158 5835 3088 4741 7743 2486 5012 7808 4932 6548 5932 6394 4125 5606
6182 5909 2556 6826 2638 3860 5781 5536 3222 6863 6476 6753 3127 3774 2542 6213 7308 6397 2998 5056 7794 6846 4036 6853 5498 5466 6600 7597 3749 6489
6644 5290 2416 6688 3422 3937 6466 5545 2197 7567 6194 6736 2103 3753 2450 6729 3444 6035 3095 4995 7963 6632 5247 7034 5816 5434 5357 6913 3910 5546
7314 5367 2816 5731 3648 3040 6379 5833 3053 6578 6435 7736 2330 3997 1809 6812 3807 6111 3266 5470 7558 6958 4608 8015 5723 6633 6347 6445 3293 6189
6119 6326 2874 5594 3903 3435 6014 5111 3328 7044 6336 6544 1965 3663 2083 8236 3776 5970 3337 3870 7572 6496 5327 6691 4847 5496 6510 6149 2899 5863
6058 5600 2309 5657 3919 4000 5784 5916 3036 6912 5618 7463 3060 4004 2162 7136 3262 5939 3663 4146 7483 6973 5261 7380 5884 5781 5453 7044 2393 6052
6795 3802 2910 5844 3367 3668 5709 5790 3258 7667 6156 6517 3123 3472 2126 7397 3989 5058 3323 5091 7931 6237 5249 7801 5931 5350 6339 6439 2765 6294
6541 3521 2816 6252 3154 3551 5290 5803 2379 6667 5813 7382 2958 3554 2517 6993 4071 5707 2938 5180 7594 5508 4853 7986 4615 6377 6806 7500 2457 5762
6226 3272 3399 6150 2895 4132 5282 5239 2617 7285 5931 6403 2537 4371 2523 7010 3778 4456 3365 4517 8148 6453 4892 6603 5135 5668 6616 6126 3214 6255
6916 2976 3438 6450 2788 3168 5580 5614 3303 6686 6262 7543 1887 3394 2188 7075 3949 5247 4061 4284 8069 6352 4105 6850 4991 6552 6630 7270 2789 2098
7136 3283 3122 5944 3101 3056 5439 4741 3141 7183 5436 6849 3205 3503 1742 7111 4456 4660 2899 4824 8562 6338 4524 4739 4896 5300 6224 7143 2199 2574
11 4 19 15 47322 1.0599634577428516
6 3 29 6 76154 1.0125241266929585
16 19 1 22 40317 1.0653160887023976
12 18 26 5 68491 0.9856675124693537
28 8 10 16 65460 0.9635556990386214
18 6 20 18 44706 1.019229666219207
13 7 16 15 36654 1.0599102854202591
10 1 3 12 47522 1.0303715128190736
10 11 15 1 51538 1.0422573463402078
23 15 16 28 59009 1.0804351454830807
16 22 24 13 49441 0.9717702903223916
2 10 0 20 57204 0.9173176148593649
22 14 9 15 27593 1.062095997293837
4 24 18 12 67207 0.9005765954350131
2 18 18 22 49228 0.9880959890066308
23 26 2 23 79637 1.0694956121357377
3 29 2 0 88616 0.9086276795558815
15 0 26 21 96881 0.9206921959477162
9 13 20 8 42370 0.9769830790044389
14 18 22 6 62557 0.9088808814138848
22 17 11 10 42583 1.0029181402533343
24 18 10 27 65333 0.9683035635080125
8 4 12 24 50687 0.9814070785142023
27 25 25 16 48645 1.0396870239111418
20 5 13 16 55394 1.0366911483314496
1 22 10 3 54234 0.9783160420436419
4 1 16 7 54815 0.9640828408332954
2 17 22 17 72844 0.919416319439636
8 14 19 28 64450 1.016516560357966
4 23 0 13 45852 0.9465177569731908
18 22 5 21 28661 1.0834066961982587
4 16 16 9 59323 0.9811904150457575
9 1 11 16 41484 1.033538860514692
7 2 13 17 50074 1.0451185346572116
9 16 6 24 32477 0.9596402098838626
26 21 6 3 89341 1.0851046472772985
5 7 16 1 46603 1.096004245712073
23 29 11 1 101184 1.002810315800177
7 15 22 23 55891 0.9484436794601798
7 14 18 22 37471 1.0795932253810594
1 16 19 26 87673 0.9749694284008412
26 2 14 5 41458 0.9049617191224628
8 15 21 20 55273 1.05038533773936
13 25 27 14 68175 1.0440530782832438
5 6 20 4 49253 0.9235515390211282
14 0 8 10 42477 1.0509806378720097
7 11 23 10 47523 0.9214452396751015
11 6 2 17 62715 1.038092137844832
6 13 20 28 65078 1.029798002831731
5 28 4 19 39258 0.9307526539331944
8 4 11 14 27569 1.0685463652429514
0 2 11 18 60744 0.9784859019713715
12 9 3 20 51134 0.930318169722595
9 9 18 23 55864 1.0771288619723145
2 1 21 4 62808 0.9064472061944917
1 11 14 24 63535 0.912694955725038
0 0 23 18 93130 1.0454147722792082
8 14 0 3 38463 1.0514654951313571
17 27 18 1 93080 0.985941169032928
2 6 25 19 92497 0.9421876350834466
26 15 14 16 37801 1.0266071813277973
14 9 22 23 67497 1.0231227992874556
6 28 19 25 59356 0.9155039639040214
13 23 5 3 61064 0.9060252107998529
25 20 8 1 86234 0.9171347027172944
2 26 27 2 113649 1.0204062853911078
18 16 12 8 42103 1.0383947909787512
9 26 25 13 65749 1.090801325104682
9 16 12 7 35626 0.9300122715529628
24 19 2 19 78168 0.9301323945750137
28 18 11 14 51128 1.0194293525083333
25 6 2 3 70292 1.0597032246331366
2 22 23 6 81431 1.0363133276363186
14 21 16 8 51100 1.099308234447979
21 15 22 27 48349 0.9911640936111631
7 24 26 7 80704 0.9669290463626572
23 25 25 9 54852 1.0457131493307723
29 23 13 1 117088 1.0339658555693416
9 6 14 12 32742 1.0845106923359984
8 20 29 29 82354 0.9418427343775179
27 13 0 1 98788 0.9186941497086197
26 8 1 0 86021 1.0034191212338948
18 5 14 28 85187 1.0769771934709353
21 6 19 14 32848 0.9101143924552746
0 9 25 5 96453 0.9056718766510586
5 15 18 3 63313 0.9243754114935849
18 21 27 24 54806 0.9043662665411242
23 17 1 1 85873 0.9191093323172913
29 21 26 6 83844 1.0719949283072507
0 21 26 12 67926 1.0766697124686562
10 5 26 24 101399 0.9928752091245536
9 14 16 5 46139 1.0850457925605932
3 27 26 11 94131 1.0413206260312373
18 13 1 21 47426 0.9488396180977804
0 13 6 6 32430 1.0411341283203748
8 27 2 8 59730 1.0798368118769432
4 2 17 18 68794 1.020978112160972
3 18 12 23 35678 0.9267950700226878
5 21 29 21 84299 0.9928250358479103
29 23 16 25 71231 0.9127541491041322
29 16 7 13 56882 1.0112561311200357
24 5 3 25 96611 1.0541907631429221
12 16 5 25 43736 1.0203702506283299
22 18 27 25 48203 0.9741921120757367
19 21 0 10 69824 1.0821824064113963
15 18 2 19 50773 1.070938805003805
18 3 13 12 39602 1.0185774138683539
0 4 13 23 68350 1.0847792948720116
8 21 20 6 63397 0.9769812757303019
1 11 11 21 45117 0.9280690726127889
12 29 24 6 82866 0.9711670671334469
16 7 21 16 44341 1.0464596031956865
3 5 21 22 79556 0.9255193656562567
26 29 6 28 76001 1.048857448332993
28 17 5 29 99229 0.9588693667227632
7 22 18 5 61789 0.9296289092096466
17 1 0 17 90454 1.0908286681285064
14 8 23 13 38874 0.9102046223347704
2 6 28 0 89528 1.0099394465965097
6 4 7 23 35259 0.9253094145698281
18 7 23 16 37214 1.0020990658975009
12 14 23 2 54672 0.9542452185815911
8 8 20 24 63987 1.091798948397905
2 10 14 22 57797 0.9857464947991245
7 23 2 8 45363 0.9251803412896188
5 20 15 10 58279 0.9620631293106419
0 6 8 24 73460 1.0546130624959777
12 24 16 8 58210 0.9468779594987121
8 12 26 9 64410 0.9354999675797379
10 29 2 21 37968 0.9154099359924102
20 2 4 19 78980 1.0601445596566494
8 8 16 24 53989 0.9477805282121381
25 19 29 7 60163 0.9150113824487571
22 2 20 26 82189 0.9758062409976661
23 11 3 0 79811 0.9146593699083913
3 16 15 25 66538 1.0540502216410816
22 21 22 6 55971 1.0932120501494071
19 5 11 24 68947 0.9102650180815949
26 4 7 10 65874 1.0585498560860205
23 21 19 8 47901 0.9373454554936955
29 10 26 3 45780 1.0400938241458924
0 11 18 29 92983 0.9143767594482068
20 2 17 26 91838 0.9318922362459594
12 14 27 1 65550 0.9967904924339872
13 11 26 23 77257 1.0848205383943452
24 25 21 2 77237 0.9617009222434718
25 14 12 21 44606 0.9707206667803654
8 25 20 0 86227 0.9783711275013132
12 9 22 4 45412 0.9397544655270393
15 0 27 14 71154 0.9735260475929296
5 15 13 17 40672 0.9167137467217342
8 0 21 28 97076 0.9751227025136302
20 23 13 19 34111 1.0296121291869562
12 8 6 4 26833 0.9666742845275484
10 3 12 20 50861 1.0948476932430102
22 29 1 18 90852 1.0000315517006972
25 11 19 26 68093 0.9410015354049414
24 12 8 7 58413 0.9837439584919178
15 17 11 25 36070 0.952048974140681
25 15 0 15 68757 0.9770169620892696
19 11 9 10 36178 1.0008466994055074
1 14 19 20 59676 0.9770890914971894
21 5 1 17 93379 0.9982603542164344
4 26 22 20 69532 1.0907623352070228
11 9 23 1 53850 1.0106047694636195
17 9 2 21 62273 0.978193024359878
7 24 21 25 51217 0.9843253408811271
13 0 0 28 94689 1.0046355822253736
17 9 8 21 53884 0.9993821009121594
26 17 5 23 80987 1.058445855699174
11 24 2 6 65865 0.9925864500627641
12 18 18 5 56413 1.0291273582007268
2 5 29 22 118808 0.9960627702165902
28 13 16 5 59073 1.0488789987316436
17 8 0 23 80160 1.0952131872431443
25 7 11 19 61096 1.0842451639567265
11 19 24 29 63976 0.9943317244093012
28 10 8 5 82631 1.0975819288606645
20 6 1 23 85071 1.0165565830102496
21 23 1 17 74651 0.9344188336909549
20 25 14 29 37916 1.0531050191681122
20 25 3 13 62475 0.9783326565073269
20 14 27 1 50447 0.949965678868945
10 14 25 4 55977 0.9523821052400252
21 10 13 20 60544 0.9729425334335757
3 0 11 13 51086 1.0293541878668928
2 17 8 8 46855 0.955577301490087
12 12 14 28 48946 1.0352215889544507
4 10 20 18 57693 1.0816417318315532
1 0 9 11 52734 0.9258307011496502
12 20 27 12 57175 1.0943365198946164
19 21 2 9 68066 0.9912210786349382
21 16 11 7 45480 1.0701161061315871
16 23 24 29 48795 0.981602716887669
23 0 8 1 49106 1.0027494954301113
16 25 26 25 56340 0.9761433868184863
5 12 11 17 29421 1.0394499355272702
26 18 9 9 62298 0.9872281741472908
19 14 4 7 50595 1.0061691808122113
8 8 0 28 64683 1.0839160933088907
26 29 28 13 69918 1.0965236758624979
2 4 21 19 76478 0.9134694576734074
13 2 26 17 79078 0.9595917087449515
0 18 17 8 75635 1.030863280625588
5 7 12 24 57255 1.0835135898614041
24 29 12 23 62069 1.044856540859721
7 18 0 4 40156 1.0397105266241924
5 14 19 8 53340 1.0263747515905215
29 23 18 4 94207 0.9056224763482643
20 20 8 8 60264 1.0172365933736605
20 8 4 20 69213 0.9137868513889422
15 11 20 4 39092 0.9340526396675218
20 10 26 18 37886 1.0157415701801549
9 28 24 4 88208 0.9062775286111763
27 16 14 14 37979 1.035742504576641
25 2 27 21 75863 0.967238371895313
26 2 27 11 44400 1.02893769446471
9 0 14 24 69573 1.085701238885512
26 18 17 21 40676 0.9985941236744207
15 29 18 10 81500 0.9812880658065346
5 11 10 4 29265 0.9966148249288429
21 14 19 5 35843 0.9964809577107053
11 8 21 20 60113 0.9695577703429795
6 8 28 19 80591 0.9139139892621416
15 13 11 6 32548 1.026617838393327
9 6 22 20 72751 0.9743952678756549
22 26 7 11 72946 1.064783898282471
7 17 11 1 39423 0.9492538296249
9 28 3 10 54361 0.9927854435576533
1 16 27 29 116791 0.9500543053026473
2 8 11 1 41533 1.0702281625600607
29 14 25 28 56041 1.0016126441423776
7 14 1 8 34421 1.0263276547669415
17 29 18 1 100433 0.9714419318947266
28 2 0 17 116380 0.9924058687803607
28 0 8 16 91859 0.9187140678942355
26 25 26 1 90880 1.0398318503143322
10 10 16 19 42840 1.020260580080998
3 9 29 3 94455 1.0078310242577735
17 20 10 6 59496 0.9594743270919988
25 0 21 22 75362 0.9374485890132096
21 16 14 28 64448 1.0441036183126569
21 22 11 19 33766 1.0760045704911025
21 9 0 0 82221 0.9198278067979072
4 12 2 2 49905 1.0580115887731545
0 28 20 2 103925 0.9841786484992606
24 3 9 21 71296 0.989688820871917
8 5 16 28 75785 0.9977505736542405
26 16 16 6 59621 0.9755038146725531
12 9 24 25 79829 0.9966282604908988
12 29 1 25 52307 1.030888424808126
17 18 6 10 46609 1.081698015525242
6 10 3 25 50747 0.927512489314482
11 21 20 23 27003 0.9634050876757048
6 15 8 7 28141 1.008762742053846
17 11 20 23 53188 0.9986081768889788
14 17 11 29 38061 0.9207104819427567
16 18 28 6 73219 0.9427460676111572
11 20 5 5 50379 0.9784021098639161
4 14 28 21 88646 0.9135899065657822
16 24 20 2 83140 1.0110697919896288
6 24 10 3 50948 1.0175764784368413
14 23 24 13 56091 0.9055856710590269
18 15 27 27 70236 1.0907455050994532
18 11 11 15 27878 1.0995871782289364
3 23 10 13 38735 1.053292519560101
10 20 25 21 63713 1.0247827644122003
8 21 8 0 46103 1.0422655980347426
25 18 7 29 69988 1.0634732573360985
0 9 4 21 59168 1.071845625864642
28 3 29 28 100621 1.0690855494896423
27 12 3 10 70072 0.9143179641497491
12 0 28 17 100189 0.915743746567625
26 10 6 6 75898 0.9503182852856653
26 29 5 4 103964 0.9160820610690955
23 21 12 7 68867 0.9513059573694911
11 28 20 22 38742 0.980110275478428
6 15 23 8 56487 1.0587698813480637
4 21 29 12 70138 1.094267070250172
16 9 7 3 42991 1.0489991548374462
0 28 9 24 46236 1.009006908134893
18 19 9 1 70703 0.9879944632434805
25 2 18 15 49275 0.9035072629599487
22 26 3 22 67024 0.9258633343831348
29 17 4 17 85291 1.074032188100254
23 4 5 12 72534 0.964453578880555
2 15 7 22 39691 0.9626289830784706
17 21 4 5 60840 0.9769458690480411
17 10 25 28 74047 1.0708868245083907
4 12 6 20 33127 1.0965704980239799
26 19 9 2 82995 0.9916592785667858
15 1 26 22 96567 1.0638985275940267
7 5 27 29 102570 0.9064326793425642
16 2 0 27 97651 1.0114389307398985
13 5 4 25 70432 0.9004776133175747
5 5 15 5 35187 1.0500290144271227
28 26 24 17 61094 1.0151855218617918
14 7 1 16 66425 1.0029451675421888
17 2 1 9 62741 1.0888587261590712
3 19 1 10 54161 0.9361901163429249
20 2 16 26 89495 0.9409474737517937
29 22 3 2 116333 0.9452140660777063
22 6 15 24 83452 1.0121408197648045
22 5 5 19 79532 0.9699482807487512
28 2 23 22 67113 1.0265154533889684
2 12 18 19 60146 0.9255636891257953
11 15 18 25 43786 0.9734121293486857
11 22 28 3 87850 1.0684542411574716
19 10 8 17 49699 0.9986884389077038
25 21 17 29 54298 1.0543321980051024
12 17 18 27 47939 0.9785561770625418
12 8 8 16 35646 0.9490283391481102
26 27 19 22 44777 1.0619641365850834
10 10 16 25 54408 0.9599491152029744
10 15 3 8 40235 0.9735901327176912
15 11 6 20 48452 0.9473516606510805
2 16 12 10 55545 0.9636755895080563
29 14 11 9 49224 1.040105763978187
3 27 7 6 57596 1.0544354896057702
21 6 5 20 78392 0.9546453745943159
17 7 24 3 33950 1.0358148344677591
19 21 23 10 48538 1.000767343502135
4 8 11 17 36806 0.9775659849253675
29 0 16 11 71821 0.912815297595165
29 20 16 4 88597 0.921627534412003
10 2 12 28 66616 0.9965988033383307
0 5 29 10 102791 1.0682983768175918
29 24 6 18 91707 0.9295094598136948
19 24 9 3 73660 0.9769133226895954
23 19 10 18 46754 1.0851100498608386
23 26 23 7 54685 1.0336348216610645
2 6 7 0 31449 0.9484617384031522
20 12 15 1 47040 1.0833719754739919
5 9 10 19 43644 1.006769941448559
14 0 27 24 113660 0.9203552727504285
15 22 9 8 51794 0.9591299645905659
21 14 19 27 52917 1.056309410591715
24 0 28 27 94093 1.069733678638195
19 9 14 25 68664 0.9153301405074491
14 9 25 13 42654 1.080654435061248
1 23 26 20 92928 0.9876122939755155
13 0 24 25 103417 1.03370102566693
2 3 10 12 40177 1.0249102725559163
26 15 15 7 55759 1.0912150294185177
11 27 2 7 69817 0.9541460139196387
3 3 25 25 104474 1.0315861134351803
29 3 15 26 111874 1.0099687855033181
0 12 6 1 50349 1.0809488769051379
17 22 19 4 71607 0.9528051493615208
20 12 13 27 62563 1.0569389491996684
10 25 26 14 59367 1.0788917817420582
8 3 1 16 50632 0.9825875306056946
4 16 18 24 64935 1.045108460905601
22 29 10 1 110568 1.0753586468665424
21 1 19 28 94599 0.9223810667836765
26 25 0 2 124904 0.9047713053902787
23 18 17 10 42113 1.0702308496862667
19 5 3 1 53711 0.906816382762968
14 6 27 25 102793 0.9763168196971069
5 10 1 27 65765 0.9443694942802139
15 3 2 15 65782 0.9371457912348328
17 29 17 0 110058 0.9989135772687237
3 19 23 0 94630 1.0794379440987358
1 13 20 26 69387 1.0277206795293354
24 7 27 15 37788 1.0646206241134675
5 17 22 12 53616 1.0427961434013218
11 6 17 17 48428 1.0663851575802186
4 23 28 3 108813 1.0288306847665214
27 26 10 8 101967 1.0224676852138204
8 21 10 7 41870 0.9934360011073378
8 4 7 29 45276 0.9965853034453853
21 22 22 12 39666 1.069980480617908
22 9 8 26 73950 0.9869097672084484
25 26 23 9 59645 0.9532557869964599
21 26 4 21 54296 1.0478253474015709
10 10 28 10 68377 1.058151415263797
14 24 2 21 34423 1.0740482523480228
13 14 3 14 26219 1.0759537268017816
0 17 3 7 66539 1.0794900736322102
27 8 10 12 56603 0.9066625227808265
10 6 23 25 83442 1.0932024885858835
0 10 23 15 68704 0.9289516115287222
4 27 3 1 79253 1.0537805243058245
17 7 17 20 59294 1.074507226007528
8 5 14 13 40384 1.0224884910491665
24 19 0 1 101632 1.0948524428385171
15 16 18 24 43510 1.0434102711378455
29 23 2 19 102353 0.926054059070118
14 6 10 22 54702 1.0962134805222188
18 16 28 26 79503 1.0696666883057377
19 28 21 2 90393 0.9787988162429223
6 25 29 20 94825 0.9872971432982549
27 10 22 21 56700 1.0212033770577444
12 28 26 7 88093 0.9921310234006308
12 8 2 16 59485 0.9490718238213297
1 21 21 1 82351 0.9291496793176006
16 10 1 12 50281 1.0424547323320394
6 11 27 26 102673 0.9804126438210841
13 4 8 17 41354 0.9763407435645282
20 20 7 6 60076 0.9540904550342647
15 26 19 15 56554 0.9146029228501121
8 25 1 12 45010 0.9292775473031435
17 6 11 21 59077 0.9861209247727496
15 13 1 16 52801 1.040936329183504
29 28 0 13 99684 1.043626821173537
28 14 22 10 25916 0.902558324232038
3 23 28 10 92505 1.0811645466786604
19 12 4 18 48159 1.0899340345404898
15 2 6 23 63429 1.0453383365082267
7 10 15 2 32682 1.0507645059235604
10 10 18 29 75221 1.0040624223417864
21 12 8 10 43183 1.0530766720687081
15 7 23 13 41339 0.9435392675348608
20 24 3 12 65146 1.0172435288977333
18 26 16 13 54516 0.9107574092794056
10 29 8 6 61411 1.0537594239513062
6 16 5 28 36178 0.9889271817001245
3 3 26 12 74606 1.0371186007599948
2 9 12 23 60959 0.9355574765636415
7 2 26 3 56521 1.0330349420052092
12 14 1 28 56712 0.9576787794067895
7 3 27 11 74064 1.0006596125916294
18 25 29 19 70010 0.944315970471244
0 22 10 2 59985 0.9826834820730678
10 23 16 9 55176 1.0321829649314254
0 5 20 4 57422 0.9772280066082111
1 13 28 9 82862 0.9975874515295414
29 26 25 4 93294 1.0739380367173446
22 23 0 3 93868 1.0173852941845658
28 2 7 17 80394 1.084193906959544
28 4 11 3 52030 0.9987579350693223
2 2 1 24 76967 1.0284534608651559
25 9 16 12 35639 1.0366203615112726
25 16 5 10 58304 0.9150558615919425
3 29 18 8 90210 0.9219998363917655
3 20 22 25 64231 0.9634895505338555
7 9 27 15 56137 0.9097522647248383
28 26 13 11 98841 1.0363860807764582
16 2 1 3 37292 1.045881357128439
12 5 4 16 54709 1.076249433137125
16 14 24 21 41485 1.0606342860449631
11 6 0 27 85189 0.9573974634600164
4 2 0 14 52917 0.937864318556654
1 1 0 16 79706 0.9531141615567358
26 23 0 28 105831 0.9592264456841375
7 6 1 20 41932 1.0444858258781853
26 21 5 6 91679 1.0427448739061767
6 19 8 7 34136 1.0445285366393067
1 21 17 19 39596 1.0857204058615546
1 2 27 6 89188 1.0104508066132083
22 14 12 12 27486 1.0975028409589338
23 2 11 16 60482 1.0126431491005659
12 12 24 28 69587 0.9034014135639789
26 22 2 8 99542 0.9894361464694671
23 12 6 18 46448 1.006622192000708
19 18 0 16 74255 0.9812951728822704
0 12 20 24 71832 1.0909597415125551
6 14 17 6 53595 0.9607948143036663
3 3 26 8 71600 1.0428016045545143
21 21 21 11 46143 1.0391738261956418
26 26 19 21 53600 0.9659942293204721
3 11 6 23 44348 1.0779843659683446
17 24 9 27 45259 0.9077146976424834
16 23 23 6 69818 1.059832729171314
8 6 6 23 42596 0.9231407056702107
18 22 6 16 41447 0.9825594660111613
21 24 11 14 50653 1.0091358494876779
19 3 7 10 45766 1.0618858450149533
10 0 19 23 80218 1.0794863641251762
26 7 22 26 73154 0.9959238535463747
26 0 7 20 88088 1.0775158025390779
28 8 16 0 50709 0.9920290564533654
0 1 22 11 92049 0.9802562628768428
15 3 0 5 47589 1.0705040288508096
3 22 3 2 57408 0.9950153990064832
7 0 29 29 116080 1.0723848992617002
29 14 15 24 68952 0.9403106925314111
12 14 27 11 43975 0.9032397682131755
16 20 4 26 42050 1.023686738099394
8 10 23 28 80679 1.0762763351875366
28 11 16 14 38792 1.053638577523799
22 16 14 23 47006 0.9076280539151192
23 23 15 29 45194 1.0520314504242037
22 22 14 18 40038 1.018720743731714
20 14 5 12 38752 1.0318875043611582
4 20 22 10 68525 0.9687878630391717
2 0 19 13 70313 1.0258007944144203
24 22 12 27 59601 0.976450088404169
19 14 26 2 46055 1.0651386931398878
7 6 5 28 46496 0.9666165750606002
15 0 19 25 100658 1.0284428809253727
14 2 6 14 39634 1.0036129254704798
11 23 28 21 75898 1.0411511332634873
1 29 22 22 81243 0.9791692984716055
22 9 27 18 42918 0.9566630140329726
18 21 24 4 68375 0.995909600330886
21 19 11 28 48974 1.0275102987924223
12 2 23 6 39214 1.0638948194036597
0 24 23 13 78216 0.9731215146263132
10 14 21 29 67233 1.0209456935148078
27 26 16 3 108564 0.9560689024210824
28 23 23 18 43742 0.929889233778507
27 8 11 2 53157 1.0440775319083766
14 7 17 15 36711 0.9334620661086384
28 11 23 28 62630 0.9321566684112201
0 21 5 26 28436 0.9274270791160887
13 24 7 3 58430 1.0285028963900422
29 6 7 3 73402 1.0017227780853375
20 9 28 24 77168 1.0357315689279345
5 21 15 21 18843 1.0601382271326734
0 24 26 20 103764 1.0932406451689836
12 3 25 18 75017 0.9599774755879655
24 7 9 9 52648 1.0164005061414645
13 16 28 1 79284 0.9908841848783603
27 10 9 11 62863 0.979962252472061
12 17 0 27 62743 1.024534665535419
9 18 24 7 60663 1.0838484991318047
7 7 27 12 59957 1.071939386947081
14 14 26 11 37321 0.9632554727719936
29 23 26 13 62285 1.0100140723929723
9 23 22 4 83504 0.9252706016380091
5 29 3 1 74806 1.0610837136645375
12 11 13 22 38946 1.0653202799263901
17 20 2 28 54705 1.0607246583261356
25 11 9 0 69508 1.0071199588332753
7 2 13 12 39699 0.960813535740695
7 0 19 23 72874 0.9334014586879936
19 8 9 7 36013 0.9625536540662135
12 11 29 18 67717 0.9867727596612491
14 25 9 19 34539 1.0191103533540036
29 1 18 13 63010 0.9044573412148937
26 10 5 22 75903 0.922523431935311
3 5 2 28 73372 1.0011428068979302
17 21 25 19 41508 0.9129798774383998
15 9 28 18 65444 0.9416217716861511
25 11 0 16 82499 1.028442573278612
11 11 27 8 54851 1.055008122129872
8 25 1 10 56051 0.9488033227537807
16 10 24 28 68121 1.0657059747510211
13 12 12 0 46627 1.021006763301951
27 5 13 19 81198 0.9532904213013371
28 2 0 12 96073 1.0639428122981665
3 14 10 18 31726 1.030612913643489
18 25 5 11 70633 1.0526236343058257
4 23 9 10 44786 1.08635988853353
21 1 22 15 49598 1.0015045214202072
1 26 10 17 54942 1.0376684089431238
0 2 11 1 38531 1.0969492741527023
25 3 1 27 117284 0.9587513529777363
13 7 22 2 42744 0.9012131241517657
18 28 13 9 78135 0.9879687882150588
15 8 29 13 55193 0.9507397391253288
10 3 23 28 94891 0.9073304311560783
15 12 12 28 47620 0.9680946085383506
13 9 8 16 39436 1.0994503429238387
1 24 12 4 67094 1.0933745197083133
19 1 24 22 76420 0.9037766876878803
27 29 10 8 97914 0.9220761019062892
10 22 0 6 71720 1.0470769749214912
10 16 27 14 43181 0.9392526869848349
15 11 1 10 59551 0.9516741469310319
7 8 9 25 42088 1.0892582110760953
22 11 29 14 23824 1.0831971827436102
15 3 24 15 63969 0.9935571655182591
0 24 12 9 71508 0.9836465094375793
20 24 17 15 44783 1.0706126324114966
26 18 6 12 61826 0.9200311836211615
29 16 12 7 72534 1.0172583689834356
9 22 9 11 30781 1.091693705481911
13 1 27 12 68220 0.9721046342854744
24 16 29 11 35840 0.9889108753597917
7 21 23 1 77442 1.0962638051545865
6 4 27 25 106685 1.0600733275134375
18 24 28 4 90847 0.949936498126362
13 25 0 13 55816 0.9083339553011367
18 0 1 19 88434 0.9545133101473776
19 10 9 22 53908 0.9427754125589772
26 29 9 14 77113 1.0887979015990374
28 15 10 19 58320 0.9077858411641717
7 9 18 27 68569 0.9061489868773818
17 16 7 14 30648 1.0278280772240411
28 7 15 19 74738 0.9532525087974351
1 26 16 25 63863 1.0230154819883719
27 0 12 29 107740 1.0026714788845625
3 28 27 3 115117 0.9529844239887947
23 11 18 5 30056 0.99251410607425
2 8 22 14 58991 1.0195592833575307
13 25 6 29 38429 1.0881985114212798
7 18 2 7 44650 1.0786833342485784
1 29 25 3 118121 0.9481705152840267
11 0 25 14 69899 0.9424652141460675
29 26 0 12 114852 1.0821664906791395
20 3 3 22 79962 0.9205810560750597
26 26 17 8 85988 0.9601321589912433
29 27 15 13 77928 1.096839534820215
13 3 26 24 105367 0.9051376429305023
18 7 17 26 75641 0.9748018421516603
0 11 29 5 103854 1.0346663428224805
18 20 5 11 57081 0.9778666665634033
18 10 8 17 50307 0.9574401598416737
12 27 18 17 46255 0.9852538472491429
25 25 17 23 48843 1.0315670884842716
4 1 9 21 55941 0.9770164794288448
20 15 28 12 28012 0.9638599030910102
10 19 17 29 49051 0.9760737205616381
21 29 7 21 58359 0.9681392683197321
26 2 12 3 41132 0.9968402874248502
1 23 8 7 53689 1.0823726020003757
7 2 26 23 98189 0.9496915245791131
6 4 9 18 33731 1.0751214176130528
17 14 23 10 23061 1.097053198668295
9 28 9 9 49379 1.033080272288466
4 8 15 7 43557 0.9921900589037391
15 15 8 12 27394 0.9300806122716527
20 23 21 8 53383 0.9242857753498297
25 15 22 26 46997 0.9636541276805954
10 8 22 23 72437 0.9394863375209626
25 2 6 0 55460 0.9882213315249433
7 14 18 27 59131 0.9673055050050108
2 28 18 16 73341 0.9035437829459978
25 22 16 9 66021 1.024069319863464
3 16 7 2 47017 0.9183040262452888
27 8 4 27 100613 1.0508252945832257
18 1 8 25 76665 0.9128806900269332
5 6 28 8 79968 0.9634587085642419
2 11 25 2 84596 0.9464941182990932
11 20 16 3 61682 1.0730827484252132
18 27 26 13 72112 1.001729022129858
19 8 6 21 61333 0.9270216452503102
22 7 11 2 47146 0.9294559107262532
28 29 22 10 71976 1.0879619496847153
9 5 2 25 68195 1.0612070256654045
26 19 4 19 82348 0.9395533737397432
1 13 3 21 32800 0.9368028831462855
9 26 24 20 71189 0.9682041564765014
11 16 16 1 55002 0.9526894161373181
14 13 20 25 52848 1.0663979413676512
11 1 17 24 75912 1.022824598226502
7 10 2 23 41817 0.953125365452336
23 23 4 13 64983 0.9462962388760541
17 11 2 18 58894 1.035089831327946
12 26 25 28 51033 0.9124244225338191
29 12 2 9 85373 1.081989119521208
0 10 13 2 55445 0.9545088404645272
17 10 9 19 48567 0.9735403480588535
28 13 20 18 39568 1.078902278201935
22 27 1 9 108217 1.027499605052804
12 22 22 15 45328 1.0912316600484953
15 19 7 24 32602 1.0968713149112883
7 9 16 8 32976 1.09554500194855
4 19 15 9 62132 0.937043183611446
28 26 1 25 117937 1.0505792749864373
25 4 11 2 39906 0.9038269040154051
18 5 24 9 26293 0.9002564702273593
15 2 5 10 39580 0.9468764485691088
15 15 18 7 40426 0.9200499833708674
27 7 5 1 85102 1.0042857904865885
28 5 0 6 96722 1.0308108052852594
20 16 4 23 62705 0.9853480314274798
10 5 18 17 58228 1.0684391713014147
23 29 29 9 77015 1.0400779633656725
6 11 26 24 89642 1.0025197206267964
18 3 25 16 53920 0.9647233727389617
22 7 2 18 80455 0.9114975899515656
4 3 25 23 96906 1.0885384049367954
10 29 27 18 77183 1.061520677301222
17 14 2 2 56633 1.0830278779456841
10 22 6 16 26783 1.0017196644820296
8 19 27 12 61730 0.9683166955708227
13 24 11 1 71957 0.92867500687282
1 6 15 9 64782 0.9641788948230716
20 23 10 19 36708 0.9575923544565327
15 2 24 9 37050 0.9371041465556992
1 6 25 1 77509 0.9763015721140936
6 12 28 15 60272 1.097712640866462
3 27 18 8 88579 1.0764925657714512
0 6 24 25 118245 0.9024722653094034
15 22 25 6 76936 1.0408633682268302
13 16 12 3 51481 0.9682843128112671
21 1 19 17 60933 1.020265271858957
29 20 25 12 49614 0.9145116980739256
8 12 11 22 30243 1.021915008025214
3 11 6 4 32291 0.9068229870554556
8 22 17 27 42746 1.0098946260018926
1 24 17 25 60139 0.9241290636116875
0 18 29 1 115021 0.9464791868500753
12 6 1 0 49420 1.018073996448403
8 8 20 16 46565 1.074391655390619
28 15 11 15 44431 0.9365239916552668
11 21 25 17 52442 1.0883581688965396
3 4 14 0 35921 0.9219442272591979
29 29 3 18 99024 0.9646413758833302
28 16 24 1 57934 0.9806584092895081
1 18 5 29 51971 0.9383522980904357
5 19 16 5 63472 0.9816802096055963
17 12 1 7 66698 0.9790194271099764
4 15 10 21 34619 1.0435297017399479
20 15 28 26 75306 0.9550513730885786
29 21 5 5 108840 1.0537887782262545
19 21 3 28 50129 1.0298785968060669
23 23 0 16 93701 1.053450711373406
12 10 6 2 38896 1.0393034694520815
29 27 20 6 87415 0.9191996015762596
11 15 20 0 64912 1.0697272677895984
21 15 5 17 48899 1.0237853918173345
0 21 6 9 37630 0.9325367842256774
18 2 4 26 82823 1.0217620610677014
2 7 2 19 69040 0.9896676426669322
14 24 27 11 76495 0.9525000703147208
0 19 24 27 92413 0.9725250504660371
18 2 6 27 79028 0.9969362091388593
20 4 5 28 84431 0.9096337350269649
3 15 23 13 53562 1.0550130491445193
18 28 29 14 68859 0.9766729295639509
21 15 11 4 52724 1.034838172124581
26 15 4 5 72903 1.0067247148392444
12 8 20 2 35534 1.065126056256955
10 15 17 18 35179 0.9839374315254328
22 24 11 6 78635 1.0163136471492533
28 27 26 15 70135 0.914821713408548
28 14 12 16 45619 0.9257367369871499
11 29 0 27 49114 0.9014770977802714
19 20 6 25 41121 0.9125207539677068
8 7 15 14 34816 1.0168472647658504
1 19 8 5 56791 0.9162243010154907
1 4 24 12 70235 0.9881000679631683
9 2 28 2 51761 0.9604951855227016
17 20 25 1 79014 0.9457381305313768
14 17 22 9 47350 0.9090043458688948
6 19 12 29 37094 0.943795936856449
10 25 22 15 54871 0.956498718965278
13 7 5 27 71321 1.02556026287795
18 8 29 24 89095 0.9825717372916505
7 28 23 16 60655 1.0769333259105327
22 6 1 20 86408 1.040202320582867
7 6 14 24 52543 0.9757350865643184
26 7 21 21 64648 1.0919161659383372
24 29 23 18 34494 1.067447488343864
15 3 21 18 69133 1.0221820640463237
16 27 7 1 74946 1.0472219910264031
12 10 17 21 42312 1.073185974638288
8 15 18 12 31688 0.9647118360761726
27 21 0 20 91566 1.029224918026134
26 22 6 4 89438 1.0873487476998376
5 8 14 19 50082 0.9518935210487499
23 29 18 23 38946 1.001692009594715
9 6 18 5 33404 1.0953970347220785
15 17 8 21 33117 0.9849395469991854
8 29 20 17 63034 0.9831193994151414
22 1 27 15 56329 0.9094392341906905
29 17 19 25 64321 0.9083756856483592
18 8 6 24 69971 0.974580380272932
17 5 5 10 46133 1.037829578661833
25 16 17 28 60891 0.9560964024232126
4 4 20 26 79721 1.0040075447261807
3 9 23 25 91259 0.9072541741011703
19 26 28 5 93212 1.0513741912469932
1 2 17 16 71329 1.051249004685033
8 2 28 27 114812 0.9406176146087368
9 8 16 11 33604 1.0731307608176133
24 27 9 7 90974 1.0139282010743194
14 1 15 21 69222 0.9090187648428699
17 7 28 15 56797 1.0784350886360572
0 13 4 7 40741 0.9946691859016358
0 26 2 5 85273 1.0440782815150473
24 23 28 7 72004 0.95007997320076
28 19 1 11 91179 0.9898632158785686
19 14 2 15 48470 1.0738899152995711
7 9 21 18 52056 0.9043846878566318
7 27 1 12 42838 0.9909640740469116
10 27 10 7 60700 0.9631722814518451
8 17 3 5 41459 1.025597796059738
27 8 13 22 75295 0.994823213432736
2 17 13 17 50504 1.0922297673042205
20 1 3 21 76614 1.0059929453210164
4 18 11 11 34061 1.0157069328565793
11 9 26 20 68522 0.9822940309311448
7 3 28 21 99394 1.0087276907820235
7 27 16 26 42308 0.9925785362863799
15 22 5 16 45785 0.9803811087403825
2 24 16 11 67565 1.0252603115145822
7 0 14 18 55349 0.9846365643031969
28 24 26 11 73130 1.0631425421910061
8 21 23 16 48722 0.9019068055774401
12 28 3 8 63268 1.0408524970075854
19 3 4 21 71229 0.9528129377540455
27 6 16 29 108275 1.0811366650975451
9 10 25 5 63795 0.9180675302937433
19 3 18 22 77931 1.0244503907835052
16 21 0 19 42190 1.0312279001418072
27 20 18 2 81065 0.9534488046244609
15 5 6 9 36706 0.9769893143858588
28 24 20 7 83830 1.0930405635209866
6 23 15 8 60355 1.048446530988013
0 0 22 5 77569 0.9163417354857063
26 29 15 4 99389 0.9509150931063504
29 20 18 25 75027 0.9234097765675592
26 24 4 5 107342 1.0302576004389805
16 24 15 0 92066 1.023773580883606
2 11 26 12 71108 0.9335027736405126
3 16 11 25 46504 0.9473812629277478
6 28 18 17 55137 0.9514447166277828
11 22 1 12 42102 1.0805908569169584
22 7 25 22 58527 1.0786004049371842
0 7 28 17 108293 1.0280946341662367
3 8 22 2 62141 1.0146712610106166
28 14 12 29 70515 1.0711188982617108
29 3 29 19 85806 1.0452106375116492
27 13 24 3 39516 0.9551337524461635
20 26 13 6 82589 0.9712161418411698
7 21 11 2 42906 1.0963155369277207
5 21 28 21 82651 1.062569040944082
10 24 25 5 80451 0.9465365135348844
11 14 9 27 38390 0.985865841708627
9 3 6 25 48857 0.9945750658306487
3 18 21 5 80245 1.049533980721923
17 19 29 3 83914 0.9482676775836978
8 10 15 29 67138 1.0577360218189984
22 22 5 27 65643 0.9938705946783536
29 17 9 3 85255 0.9164298921653836
22 5 17 28 87976 0.9039864916052901
22 4 18 27 92042 1.0960692300616313
27 15 10 19 54788 0.9882778334205201
21 20 4 24 66959 1.06391549713079
0 22 5 13 36579 1.0994961275053659
26 8 16 11 41225 0.9763528383258813
20 21 3 26 55945 1.031199166960767
8 0 19 2 35287 0.9491088880385015
17 14 9 10 25952 1.0633761013710596
25 20 20 13 36434 0.9374841904357157
24 4 8 1 48480 1.0890191237204012
7 24 4 8 38832 0.9701022821138933
29 9 4 21 86431 1.0718477972323601
4 25 25 24 88902 0.9827570035476592
21 7 6 28 79434 0.9181373863830529
25 7 15 4 42609 1.0739161064808738
2 18 17 16 56861 1.099490046713137
0 11 19 22 69228 1.012505370381764
6 29 17 23 45041 0.989453438377504
22 1 29 5 32739 1.0560501282521644
4 16 17 6 75476 1.0009519343400268
20 17 9 16 38283 1.028989175389801
9 20 28 25 85874 0.9358613727048622
15 24 24 17 57759 0.9143251946821211
0 7 11 25 73362 0.9456915710692173
13 22 23 29 56743 0.9489854252040215
20 3 24 19 60030 1.0609460659109744
0 10 6 22 51652 1.0473833910396004
9 7 27 20 85679 1.0948033000681916
4 13 18 9 50962 0.9987986654565657
16 6 29 27 99745 0.9714281018740025
25 15 8 20 57432 1.0598404809818973
3 22 20 6 75138 0.9596750680733723
5 1 4 19 62787 0.9548879332109943
17 10 4 29 80600 0.9539048301897491
5 12 26 16 61791 1.0035197377403
28 2 12 20 84844 0.9177780439678122
3 6 21 5 57754 0.9046445210178561
13 18 23 17 35590 1.0369894426109594
26 4 9 17 72543 0.9707159193975134
21 27 10 1 100020 1.0340552637860891
8 29 1 15 57498 1.0252384833891375
1 12 8 27 49360 0.9916415506507978
12 3 18 8 31360 1.0643398402420612
29 8 4 15 82446 0.9542895727836442
5 2 19 15 55914 0.9454075325865063
3 0 16 3 44774 1.0440228987906013
22 14 29 8 36831 0.995876153240971
9 27 13 17 41571 0.9961380508367736
23 26 12 28 44111 0.9826813973127313
10 16 26 22 72151 0.9931595521418843
20 23 15 8 64190 0.910863744498375
26 8 14 7 38083 1.0572388135684962
15 23 15 6 75814 0.925457997790665
22 0 1 15 89625 1.0589488044575126
2 25 7 6 59236 0.9724510415459138
9 5 17 15 48022 1.020564326298516
11 4 23 11 53847 1.0315764003719472
11 0 29 6 68780 0.9107294296147117
29 21 4 13 87354 1.074284786295355
4 6 10 22 54365 1.0873317830218086
28 26 16 16 85034 0.9431519322358097
16 28 8 8 67509 1.0765199103246716
3 28 13 22 43723 1.0948686109338197
2 9 27 6 99824 1.007244722967739
10 4 12 20 47017 0.9601136338541414
2 22 13 25 43701 1.058555109751988
8 25 7 11 30766 0.9531425319135212
21 13 17 7 33104 1.0589254895287556
23 9 10 25 66098 0.9178196207633537
10 18 4 2 50905 0.9080164630702015
18 3 4 13 54047 1.0503110797611028
8 16 8 28 31077 1.0648094772079815
26 28 3 8 102015 0.9186382086930294
14 19 22 23 39652 0.9343922697477315
26 27 0 12 103966 1.0091529774274395
19 29 21 1 99488 0.9123240865502045
27 23 25 2 84820 0.9046611510422006
13 9 29 26 101669 1.0221209811525547
13 22 20 6 67041 1.0603585120265369
14 6 20 12 37851 1.054785792501359
27 28 16 15 65466 1.0199513111959182
3 23 6 1 60244 0.9502328449940071
11 27 27 19 74243 1.0811876046635198
29 27 2 1 131230 1.0294239694078722
5 25 18 17 57319 0.9632325435815662
25 29 28 11 71936 0.943946128378942
26 27 17 1 101510 1.0876069181897239
16 20 15 2 70192 0.976542710174816
21 1 11 9 49029 0.9183542784193882
27 17 6 1 88701 1.0062628036046701
26 14 2 6 77697 1.0764517574419348
27 29 0 6 135403 1.0928339703949879
23 17 3 3 69085 0.9085717142613373
1 27 17 6 103096 1.0897651949830047
5 2 20 19 73632 0.9655857138528084
7 18 17 0 62329 1.0035383326292675
22 19 5 9 68521 1.0276176443697913
16 1 28 20 94895 0.9814097075590159
19 17 1 23 63058 0.9785035482871619
6 7 13 13 36664 0.9738528006529072
25 23 9 0 100612 0.9692774842576061
11 0 4 13 42175 0.9276795563163596
12 6 15 19 57200 0.9099584488185097
20 20 3 17 58557 0.9743965977767943
29 8 29 21 74001 1.075349476450957
3 27 22 16 79902 0.9501964161047369
4 2 12 9 43817 1.0667679904661262
4 8 13 24 59375 0.9855277552102304
14 28 0 26 56443 1.0758653619930654
6 16 22 20 63515 0.9780511857194751
20 16 3 3 61875 0.9973734562752146
8 1 25 17 76838 0.9616846353287083
25 7 27 27 82668 0.9502920520580183
13 27 1 9 80376 0.9946653739322748
6 3 19 11 56657 0.995586031435082
17 27 27 29 43108 0.9711197751499865
12 24 11 6 48792 1.0839581361184984
11 8 5 27 59923 0.9598151226284778
26 23 12 19 63221 1.0458796947831726
16 0 29 2 43442 0.9309536867445932
4 9 5 28 57230 1.0982353047578306
7 29 16 0 75016 0.9950226781349817
25 1 21 14 41204 1.097576226988726
13 1 5 29 76816 1.0628224631410752
3 10 26 23 97834 1.026098346549279
9 1 18 10 47568 0.9871816498611166
25 28 24 17 40441 0.9066437547031697
21 4 1 18 85228 1.0374966847902463
6 13 29 26 95964 0.9464040044475998
0 10 17 21 65698 0.9208642863613616
8 28 25 21 77412 0.95888783284545
12 3 13 20 59015 1.0218860089276762
0 0 18 17 85610 1.013947654935433
9 18 5 5 42623 0.9505865991776948
3 21 7 0 47016 1.0294291283024346
6 11 19 19 55084 0.9967093557092258
26 29 16 6 93821 1.0089495554858359
28 2 29 14 57266 0.9866229623256411
12 17 10 25 27085 0.9901096314270955
6 24 27 7 91122 0.9929849326806616
18 27 10 17 53532 0.9947847197300762
23 0 28 17 71151 1.0541995867917393
5 13 28 16 61141 0.9491886667643854
23 23 7 11 63067 1.0982032407678555
22 15 29 22 53669 1.0080846216011237
6 15 0 10 43149 1.0196509186860963
9 2 29 4 57534 1.0525644264883025
25 25 15 27 49447 1.0447294868958088
3 14 12 7 46539 0.9513977262648436
5 21 25 5 76425 0.9987260100221093
15 7 19 24 78348 0.9511623856666622
15 21 29 27 63284 0.945177396237461
27 24 3 6 117141 1.0911876356369683
13 0 17 16 71968 1.0776168214511155
10 6 8 24 53929 1.069840683290557
21 21 28 24 49355 1.065783505315455
4 6 12 28 69063 0.9865603409808044
14 6 3 26 79307 1.0434235553356965
26 22 17 18 46561 0.9617085954419498
20 15 28 0 62980 1.0447342426593242
2 26 12 19 44672 0.9713575680928778
23 7 16 18 48597 1.094454876195282
12 6 29 5 67745 0.961128269793804
10 13 3 17 36700 1.0475990463109914
23 13 3 26 71884 0.9922840180077204
10 16 4 6 49978 1.000140861625502
4 10 1 26 63675 1.0256409199110375
1 23 11 0 71776 1.079847277345301
5 7 23 29 96357 0.9048951529563306
14 13 0 20 47823 1.0832841652044154
8 6 19 4 39483 0.9235658858611854
20 18 14 28 53564 1.0213314009377958
13 25 24 20 66724 0.9672693140884148
19 9 1 26 87715 0.9453836297272699
4 7 1 26 73972 1.081635705388957
14 7 23 9 32888 0.9461775471109621
21 18 18 11 35731 1.0380555638023055
14 7 11 26 54798 1.0023278156791309
27 8 0 11 88578 0.9541968910028265
