5016 5008 4753 4942 4990 5358 5141 5147 5347 5161 5124 4745 5129 4987 5155 5288 4820 5317 5138 5044 5132 4994 4985 5049 5138 5087 5210 5360 4723
7168 7150 7538 7478 7287 7254 7325 7082 7473 7436 7568 7596 7566 7602 7493 7439 7179 7198 7086 7168 7314 7544 7281 7461 7429 7132 7096 7486 7126
4029 3880 3862 4027 4230 3690 4157 3972 4189 4188 3592 3690 3613 4236 4197 4132 4191 3836 3714 4026 4241 3988 3899 3620 4155 4121 3888 3869 3995
2717 2948 2691 2620 2716 2897 2463 2552 2588 2826 2848 2698 2811 2777 2745 2830 2774 2687 2869 2541 2512 2623 2577 2581 2661 2978 2883 2897 2418
5125 5427 5091 5016 5575 5059 5531 5445 5045 5031 5500 5218 5219 5247 5032 5345 5297 5585 5180 5624 5522 5152 5493 5243 5340 5358 5636 5475 5124
5497 5454 5155 5008 5423 5025 5274 5496 5446 5544 4966 5372 5216 5519 5474 5061 5075 4974 5219 5084 5470 5403 5467 5217 5467 5429 5275 5161 5148
1371 1382 1849 1444 1349 1855 1624 1345 1725 1608 1835 1853 1746 1329 1938 1521 1888 1297 1796 1594 1360 1592 1327 1798 1470 1828 1735 1751 1482
6967 7198 6930 7222 6784 6948 7295 7310 7300 6879 7074 7122 6760 7237 7088 6694 6677 6708 7068 7172 7050 6706 6828 7225 6970 7213 6878 6853 6846
3269 3452 3335 3318 3141 3373 3735 3407 3636 3195 3328 3266 3291 3701 3315 3205 3100 3177 3447 3111 3590 3382 3664 3217 3248 3437 3681 3173 3678
3655 4000 3773 4072 3635 3676 3587 4041 3872 3629 3507 4005 4111 3889 3945 3612 4012 3563 3664 3838 3994 3529 3528 3763 4092 3857 3686 4130 3959
2865 3041 2879 2869 3077 2548 3080 2805 2957 2664 2842 2435 2451 2836 2999 2639 2491 2809 2531 3006 2663 2515 2752 2890 2702 2521 2984 2679 3091
4877 4869 4800 4769 5016 4784 4719 4408 4789 4699 4573 4414 4545 4731 4878 4757 4953 4671 4798 4905 4507 4621 4742 4450 4711 4905 4625 5008 4507
4326 4210 4276 4170 3920 3996 4141 4150 4287 4189 3769 3870 4047 4166 4239 4388 4027 3893 4430 3971 3780 3896 3773 4259 4031 3773 4185 4435 4081
6060 6313 6012 6326 5827 6176 5733 6160 6376 6019 6172 6137 6208 5822 6286 5785 5938 6072 6009 5836 5809 5933 6320 6100 6153 6126 5908 5862 5750
5477 5093 5372 5328 5127 5597 5267 5292 5575 5312 5670 5146 5686 5733 5235 5309 5170 5428 5119 5653 5272 5631 5534 5688 5177 5260 5156 5686 5439
5470 6022 5550 5683 5895 5550 5505 6063 5456 5910 5735 6038 5509 5900 5477 6033 6006 5441 5855 5740 5976 5941 6064 5792 5623 5747 5607 5978 5833
3079 3509 3114 3088 3336 3342 3712 3720 3358 3703 3488 3100 3532 3376 3449 3558 3161 3487 3239 3607 3107 3695 3537 3473 3346 3583 3567 3216 3135
2301 2848 2258 2676 2490 2796 2717 2570 2803 2709 2525 2356 2428 2478 2561 2539 2647 2837 2893 2896 2604 2469 2384 2861 2355 2637 2415 2286 2865
5018 5111 5383 5509 5323 5268 5001 5405 5038 5130 5371 5418 5129 5291 5415 5571 5451 5028 5102 5060 5472 5057 5222 5249 5201 5163 5152 5081 5118
2269 2040 2255 1969 1967 1871 1763 2269 2062 2327 2086 1729 2285 2100 1697 1723 1810 2110 2103 2114 2240 1883 1755 2247 1747 2265 2047 2330 1827
3675 3107 3551 3644 3300 3657 3718 3230 3334 3696 3423 3517 3705 3650 3347 3184 3426 3401 3448 3399 3541 3193 3275 3473 3673 3106 3400 3578 3083
4308 4152 4177 3753 4028 4231 4190 3932 4332 3869 3775 4052 3955 4323 4166 3852 3905 3944 4105 4103 4239 4194 4302 3883 3754 3818 4314 3923 4396
2456 2455 2100 2233 2001 2009 2463 2331 1969 2581 2168 2621 2128 2540 2171 2407 2454 2238 2265 2619 2030 2494 2356 2051 2032 1976 2514 2227 2019
3268 3275 3091 3169 2932 2825 3324 3221 2753 2938 2924 2896 2734 3299 3113 2691 3028 3069 3145 3100 2957 2880 3332 2931 3066 3180 3147 3283 3321
2788 3048 2721 3298 3375 3049 3150 3117 3053 2728 3131 2988 2838 2770 2869 3221 3262 3210 3372 3164 2798 2857 2888 3333 2999 2922 2843 2782 3304
6373 5887 5931 6188 6175 6190 6293 6151 6006 5871 5860 5878 6277 5840 6390 6017 5996 6206 5932 5816 6363 6125 5940 5876 5799 6334 5996 6323 6334
3188 3254 3256 3311 2821 3399 2821 2881 2779 3001 3300 3224 3031 2749 3137 3151 2927 3385 2948 3205 2985 3326 2768 2904 2994 3279 3106 3047 2871
2255 2316 2457 2265 2617 2550 2248 2744 2399 2698 2549 2641 2727 2323 2829 2745 2441 2478 2394 2370 2239 2359 2532 2824 2259 2618 2555 2284 2179
7840 7625 7855 7316 7338 7883 7491 7787 7849 7308 7738 7413 7945 7824 7830 7424 7893 7838 7678 7921 7529 7294 7433 7867 7475 7858 7636 7593 7703
2640 2254 2521 2562 2665 2839 2380 2745 2741 2809 2699 2333 2423 2375 2433 2549 2497 2382 2510 2796 2462 2739 2598 2315 2396 2448 2688 2465 2612
4809 2408 2149 3176 6327 4155 6277 4966 7160 2006 8936 5334 4909 3608 6905 6256 1567 7422 2924 5650 4891 3729 7775 7193 5077 5744 8014 5103 5251 8118
4467 2746 2219 3257 6707 4080 6296 4863 6841 2378 8472 5290 5017 3805 6871 6322 1640 7702 3461 6158 4468 3295 7415 7346 4950 5639 7911 5600 5361 8610
4344 2456 1749 3707 6502 4021 5836 5132 7220 1928 8625 4804 4871 4069 6700 6234 1966 7563 3125 6101 4658 3271 7759 7647 4996 5681 7835 5505 5646 8652
4462 2861 1958 3445 6376 3792 6054 5356 7046 2488 8668 4925 4901 3582 6711 6470 1717 7213 3409 5625 4498 3515 7210 7193 5037 6031 7833 5528 5104 8318
4367 2508 1686 3487 6565 4031 6253 5067 6592 1971 8933 5141 5050 3846 6808 6164 1952 7497 3099 5639 4576 3362 7710 7409 5247 6067 7821 5735 5187 8477
4455 2318 2244 3367 6769 4121 6170 5397 6876 2325 8842 5393 4916 3481 7082 6406 1781 7337 2951 6209 4602 3245 7651 7501 5511 5695 8098 5282 5216 8237
4638 2225 1858 3767 6232 3813 5997 4994 7019 2167 8950 4779 4747 3624 7109 6517 1858 7567 3111 6041 4377 3299 7140 7385 5464 5944 7588 5467 5178 8607
4861 2232 2146 3659 6742 4399 6406 5059 7078 2318 8472 5147 4448 3783 7197 6158 2098 7270 3456 5999 4439 3391 7411 7537 4879 6087 7961 5569 5153 8191
4708 2884 1644 3475 6368 3870 6066 4832 6607 2041 8645 4769 4555 3761 6808 6361 1673 7701 3317 5815 4683 3372 7745 7621 5455 5671 7834 5631 5597 8132
4230 2340 2127 3695 6258 4169 5945 4983 6801 2088 8798 5163 4559 4015 7136 6325 2083 7258 3171 6263 4885 3516 7191 7366 5481 5947 7784 5523 5386 8178
4250 2735 1860 3434 6203 4031 5916 5026 7176 2313 8723 4748 4688 3741 6791 6247 1796 7289 2920 5857 4503 3597 7228 7525 4973 5874 7739 5351 5040 8175
4604 2697 2068 3666 6582 3934 6100 4908 6603 2037 8826 5260 4742 3807 7004 6143 1926 7625 3264 6079 4757 3233 7184 7374 5279 5988 7835 5474 5331 8415
4249 2340 1934 3486 6442 3902 5923 5309 6712 2203 8852 5358 4447 3514 6928 6461 1682 7632 3046 5710 4668 3517 7609 7466 4965 6001 8102 5521 5392 8245
4809 2269 1647 3780 6748 4204 6397 5096 6969 2034 8316 5221 4837 4002 6982 6152 1789 7239 3385 6104 4605 3656 7484 7317 5423 5813 7829 5481 5604 8313
4300 2356 2114 3459 6483 3986 5898 5071 6745 2142 8352 4782 4615 3848 7032 6374 2168 7679 3283 5841 4906 3722 7266 7611 4953 5923 7693 5713 5412 8470
4396 2777 1691 3435 6489 4262 5945 5095 7197 2020 8713 4825 4751 4058 6932 6628 1860 7392 3495 5912 4778 3725 7765 7226 5100 5999 8149 5679 5324 8482
4617 2787 1888 3141 6265 4220 6127 4953 7195 2176 8793 4840 5016 3674 6862 6133 1560 7366 3495 6179 4273 3828 7527 7234 5389 5963 7868 5544 5045 8372
4563 2609 1911 3313 6303 4356 6097 4962 6580 2406 8574 4800 4659 3741 6721 6508 1673 7715 3021 6102 4424 3418 7363 7442 5419 5830 8147 5234 5024 8679
4673 2318 2026 3323 6775 4268 6127 5446 6712 1937 8358 4765 4873 3810 7272 6154 1520 7233 3254 5953 4480 3774 7252 7246 4984 5986 7859 5527 5090 8276
4836 2319 2228 3190 6692 4183 5868 5336 6954 2176 8529 4997 4620 3783 6798 6197 1901 7253 3141 5752 4379 3808 7472 7129 5164 5967 7623 5492 5611 8082
4645 2591 1749 3415 6197 3898 6358 5170 6919 2279 8782 5370 4951 3619 7221 6497 1822 7561 2867 6249 4380 3515 7513 7643 4945 5753 7765 5258 5236 8407
4773 2745 1827 3512 6319 3900 6273 4911 7229 2202 8530 4844 4884 3566 7206 6323 2116 7183 3478 5713 4324 3296 7235 7638 5047 5630 7873 5647 5652 8540
4646 2624 2073 3639 6294 4228 6114 5376 7039 2314 8962 5066 4724 3724 6991 6373 1666 7241 3266 5899 4603 3605 7128 7634 5517 5812 8081 5411 5195 8643
4482 2805 2175 3509 6137 4438 6442 5041 6874 1919 8621 5274 4805 3830 7348 6497 2167 7344 3298 6117 4926 3702 7454 7593 4987 5920 7582 5121 5271 8044
4245 2451 1896 3753 6481 4336 5900 5299 6850 2097 8438 4980 4744 3530 6784 6615 2130 7329 2937 5857 4274 3732 7391 7569 5031 5597 7576 5696 5601 8577
4327 2376 2124 3791 6721 4242 5983 5022 7176 2138 8935 5069 5101 3843 7211 6420 2127 7259 3507 5973 4427 3795 7241 7540 5455 6236 8013 5669 5049 8351
4354 2528 2177 3666 6687 4001 5926 5321 7122 1862 8687 5157 5038 4030 7249 6293 1651 7677 3433 6231 4604 3636 7732 7476 5423 6108 7581 5274 5395 8046
4864 2753 2247 3707 6455 3902 5961 5405 6677 2240 8671 5180 4893 3630 6913 6241 2046 7621 3395 5883 4852 3706 7613 7456 5219 5637 7945 5426 5521 8477
4630 2570 1999 3344 6117 4195 6073 5206 6906 2091 8572 5118 4500 3925 7215 6253 2061 7336 2947 6071 4528 3747 7499 7553 5174 5893 7787 5633 5495 8372
3 10 21 23 71322 1.0534392860131558
23 15 7 22 50549 1.0987604359502405
12 15 3 7 39576 1.0621211724186228
19 29 19 11 36012 0.9531687847111199
24 1 17 8 32544 0.9958002705358137
6 4 21 2 32184 0.9317103634205175
23 11 7 24 64040 0.924994054635942
27 9 8 11 46907 0.9517621767788795
3 14 25 22 69320 1.0697725206403335
22 20 8 27 67822 1.0869097997671346
26 4 21 21 54687 0.9880784582548919
8 23 9 1 53415 0.9830392866484396
11 16 18 28 43919 0.9188030176699706
25 9 2 11 57361 1.0320621371072298
20 12 19 28 37076 1.0318844379091743
4 13 14 23 58495 1.0360546711794847
14 13 22 8 34567 1.0848303035610127
17 5 23 14 38407 1.0983642924883081
29 23 19 18 41591 1.0506400935901354
2 11 20 4 59822 1.0556959281713223
24 26 13 27 62950 1.0133257103804387
18 24 27 5 62121 1.0264902787664791
15 12 6 26 53549 0.9078450243124176
13 21 22 20 34772 1.0274533434764
7 2 5 25 44696 1.0982795761655935
15 18 7 13 36932 0.9805087095469138
25 17 13 28 73660 0.9024055946555352
3 13 25 4 76608 0.9170970942157257
2 8 23 7 55728 1.0252675098542676
16 13 22 1 40450 0.9033611763011278
9 12 10 0 38621 1.0292811471658283
27 19 16 9 43359 0.9891331463347942
5 6 17 21 57064 0.9815762893800912
22 5 10 29 80984 1.0197316497471904
21 14 11 18 35177 1.0564556481077618
2 18 24 11 62080 0.9863707491216507
6 4 15 11 38886 1.0929783099384964
0 15 9 19 32644 0.9339004955973818
6 16 15 10 37083 0.9451863531961789
28 1 19 21 59798 1.0793406120800717
28 15 27 25 30882 0.9307658930251564
15 6 27 18 57700 0.9097906835830606
4 4 10 28 72361 1.0799541459715523
7 8 22 23 66555 1.0201221730651326
22 12 22 27 34275 0.9656957902496229
27 17 2 3 76227 1.0664930807337822
18 12 11 16 25650 0.9560880383096989
21 20 24 8 37802 0.9650565766800353
19 24 11 15 35197 0.9388824096494528
16 9 8 20 48206 0.9374068592255393
0 0 0 12 55443 1.0415427969413784
21 4 15 9 28613 0.9418774704382944
13 1 6 20 47849 1.080576354376807
14 11 25 21 58486 1.0162348644292838
10 6 11 22 49426 1.069578218929915
8 18 1 2 42629 0.9959152414783251
18 25 7 10 66853 0.9717686705471557
20 16 4 29 60550 1.0198895931957925
18 26 6 10 62041 0.9398142200223522
21 9 18 19 30378 1.0603855492898688
29 29 1 16 85337 1.0771308184644326
13 11 3 22 57118 1.0507915989331988
8 18 28 15 50573 1.0273050376823458
2 15 25 7 71540 0.9009097597630934
1 29 26 3 118339 0.934613467099187
12 4 28 13 66644 1.0777283256642016
28 13 24 4 36086 1.0763927276281795
26 11 4 11 63285 1.0865237767935247
5 6 17 17 45834 1.0005337527636529
7 7 14 18 45397 1.0306399459728046
4 10 26 18 65084 1.0501158014459362
7 26 2 12 45022 1.082938041787248
3 16 15 24 56789 0.9213024447540006
27 29 12 20 75685 0.9352794219433646
4 13 24 14 51563 1.0788467869191405
18 19 25 15 29795 0.9998669167571903
14 1 1 4 42610 1.0384148963630504
23 5 0 24 98151 1.0760257093555572
7 15 22 14 38939 0.9550816688071598
10 28 24 12 69887 1.0817496072136488
25 10 22 17 31271 1.011243054302368
7 29 1 13 51201 1.0249645916173624
28 14 26 5 33593 0.9190591384793602
2 19 28 0 91369 1.055834299722319
0 9 23 8 52702 1.0278490090284806
22 11 23 2 21928 1.0959044084122782
21 23 8 11 62704 1.0134789442090295
22 19 7 24 54598 0.9354677863927795
4 18 10 3 42910 1.0192015848551783
12 17 24 7 47286 1.0026896054521195
21 21 21 3 48036 0.9022880920526904
22 21 21 12 25736 0.9672979597085156
3 19 13 3 56266 0.9420341493071236
9 25 22 5 75656 1.0784269263045607
11 13 26 16 42118 0.904529944691895
1 29 21 15 84337 1.0354923107640563
2 22 10 0 62018 0.911661572956659
19 7 29 6 33515 0.9406131824863277
25 22 28 15 34464 0.9877733805126339
20 1 12 24 76743 0.9698761202792625
6 16 3 4 31830 0.9328719348751024
9 1 17 12 44483 1.073293185490565
21 8 3 6 51056 1.001765040277999
16 13 7 29 58841 0.9049253697950236
17 23 4 14 53333 1.0286527321300036
16 11 25 8 32703 1.0532027569157147
23 17 13 4 62208 0.9769304672286296
16 25 17 12 39915 0.9228747884747968
22 24 10 25 60849 1.06942787214642
22 5 3 22 73742 0.9061947829171473
27 8 21 4 29429 1.0563413698154036
24 24 10 11 63164 1.0615978981149916
29 19 9 13 55539 1.0751470629324482
9 25 18 0 83365 1.0605189554691656
5 22 13 3 59069 1.02417965097056
17 7 28 18 47557 1.0206645431435977
4 6 5 15 33832 0.9528703177832815
19 22 5 18 42082 0.9815149440456294
1 0 26 16 80424 1.0994604928261602
26 27 9 29 97230 1.0974595198292827
20 2 12 13 47177 0.9834128304677682
26 25 8 14 67621 0.9866835689231489
17 2 21 27 65111 1.0948849468262611
8 18 0 8 40025 1.038760569980961
15 17 13 2 51999 1.0029666455337753
9 11 6 19 28063 1.0874344588544966
20 16 8 27 54308 0.9783908446436153
24 18 13 8 49182 0.9557660118624715
17 8 28 26 69132 1.055212612624736
20 2 10 10 38316 1.0145602889271041
20 7 24 0 30971 1.0194889070803277
19 11 0 27 83658 0.9333021554570264
0 11 22 16 64264 0.9287653268319815
28 18 28 0 53424 1.0239701178828586
16 4 22 21 54177 1.0864897671390628
27 21 18 13 36832 1.0755571368655272
29 2 3 6 62221 1.0194576238386301
21 20 13 6 61827 1.086280685920623
18 4 7 8 48351 0.956178809468837
10 25 12 9 47575 1.0887588499241903
24 28 5 5 89747 0.9318338665527939
11 20 2 13 40923 1.0131658578853773
15 11 16 2 34390 0.9760489973071668
23 1 7 21 70052 1.013271715847994
23 22 20 3 52968 0.9523416161108724
27 3 18 29 80511 1.0284309745390474
4 13 26 28 86129 0.9905639514752593
9 26 23 28 80844 1.0417166240511584
1 20 26 10 81206 1.0306865485457821
22 3 7 23 74078 0.9175518570898196
14 29 1 15 83556 1.0210942747181688
29 27 23 6 67097 1.0542148947854326
21 17 1 0 74123 1.0331507594304359
26 7 11 14 58545 1.0369255286993684
13 8 11 16 33591 0.9884607854073317
9 1 18 9 38613 1.0389216688722396
23 26 12 4 84729 1.0778608117509354
14 21 28 28 70508 1.0976563874807792
28 19 28 6 45020 0.9266505745142556
7 22 21 9 58755 0.9955623385695378
18 3 18 22 48379 0.9820518776407676
29 28 10 13 74431 1.069291029450369
29 24 15 13 58489 0.98762357678007
17 13 24 9 25251 1.0623848825141418
28 6 7 12 67973 0.9432876291626086
10 15 1 22 42518 0.9161345190491568
15 3 13 22 74965 0.9709445610224934
28 15 25 0 51647 0.9286771937803617
12 21 14 4 71784 1.0249800166689236
11 10 2 14 41882 0.9734163040706094
16 24 24 11 54531 0.9740638081753228
11 13 27 25 65665 1.0697239375521275
22 2 24 12 28186 1.0653740588679828
0 13 21 19 63003 1.0567598430530032
26 28 12 0 100178 0.9128849670005281
0 25 17 18 71540 1.0105274679883796
28 3 13 22 87398 0.9208746191605608
25 21 2 23 81385 1.0015552083377426
5 20 22 24 59209 1.0039128349504725
24 1 18 17 48174 1.0922905789441821
20 3 17 23 50961 1.0829647776626652
17 10 9 26 61831 1.0464645855108001
11 19 26 5 69186 1.005167850732779
15 8 10 3 33521 1.0281546590580986
26 20 8 17 49224 0.9674353999019432
0 10 8 29 63532 1.0376077570552977
15 4 28 1 39375 1.0081486654085519
15 0 3 29 88585 0.9362152607914367
5 7 10 20 38846 1.0196545475823942
26 21 22 9 40156 0.9352133084452467
21 17 8 0 63362 1.0459655951840836
24 1 9 19 69312 0.9013601168798914
27 11 5 6 60980 0.968551289572362
13 5 22 0 38530 0.9633960939633566
19 25 29 28 60463 0.9393031917408803
18 18 6 3 50170 1.0759215516020926
11 22 0 3 69209 0.9978556857510692
26 4 8 29 100904 1.0407526321601601
9 18 6 26 22649 0.9361657650122859
5 16 16 11 37729 0.9421252644938555
18 23 2 29 87800 0.9704056721280142
16 26 9 23 46866 0.9832954463919396
16 13 2 0 61698 1.0033055586217516
1 17 25 10 72726 0.9765615583218329
6 0 19 3 29922 0.980416604800785
18 3 16 15 37482 0.9162654263511807
9 2 18 5 27109 0.9573570723830753
17 23 16 5 51432 0.9646249922543602
16 25 28 4 83049 1.0288074697972265
20 16 15 5 39559 1.084140263888287
24 25 20 19 33135 1.0268626543806296
11 21 29 14 57740 0.962635777096005
4 2 19 5 35035 1.0952436601029578
21 21 6 27 59071 1.0946448021735797
11 19 11 1 57302 0.9794978461049887
27 23 20 16 30492 0.9890619797736786
23 28 28 4 78410 0.9944446088731502
10 13 20 22 41826 1.0010954591548342
14 24 29 12 69693 0.9703831382836572
6 19 15 25 55905 0.9068286707982741
6 21 15 12 45534 1.0909496070881437
22 24 15 21 32265 1.096295420461948
10 25 20 2 70664 1.0017485012853982
4 18 13 19 34344 1.0430649222980806
4 17 14 27 68154 0.9408969016812063
28 29 4 7 104639 0.9000045853328321
0 21 15 16 45425 0.9834025494646693
16 29 23 23 50287 0.92715391359378
26 23 19 6 55514 1.0342930276310631
19 13 12 26 57605 1.0556314985334527
7 5 4 27 50894 0.976109553488358
5 5 19 24 62448 1.023987286901899
19 20 1 17 48058 0.9772951229795799
26 27 0 9 96368 0.9659786880421799
5 25 16 16 38750 1.0372103579498897
18 29 27 17 52775 1.0485988769375432
16 16 3 18 29844 1.076162428926093
27 9 13 3 48432 0.9002074888676955
14 21 13 6 69220 1.08872108413629
13 21 19 15 33724 0.9792411469767481
2 22 28 25 92115 0.9801646679874417
28 21 19 9 45155 0.908168685274055
6 17 19 14 28994 0.9727034311511744
0 2 16 28 91848 1.0062573125749328
19 14 29 9 31845 0.97063256539825
12 4 20 1 26016 1.0550603146411672
18 14 29 24 50678 0.9609949663678359
21 3 25 13 35966 0.9464768162362548
1 27 11 28 55755 1.0065992225818718
5 16 1 24 34779 0.9418826165387956
22 14 6 19 39084 1.0291641942152903
17 29 29 17 59526 1.0320213436427257
27 16 19 3 41428 1.0875399793879836
26 29 12 0 103049 1.0772405414054613
17 23 13 6 62967 1.0249775397828427
9 14 17 17 25068 0.9017517542489012
20 15 11 23 47351 0.9596971877384542
5 0 0 23 68560 1.0732150755779428
10 2 28 20 75357 0.9787628536051264
28 18 16 13 38339 0.9344256618880582
7 5 15 2 25853 1.0410041332086692
21 28 14 1 78068 1.0951859032750875
5 8 13 21 51160 1.0580448255277748
11 28 12 10 64720 0.9004621109873224
24 6 16 0 34908 1.046331010488725
7 6 23 26 81577 0.9389096615262581
21 14 29 25 46677 0.951880613445894
5 11 13 17 32834 0.9447442229123979
8 27 29 25 94789 0.9482882081328492
4 26 2 4 68607 1.0268799230068297
15 22 13 1 75403 1.0514007787619812
26 23 28 11 40097 0.9177499050060433
0 15 12 18 35107 0.9076722080716974
29 7 1 19 88345 0.9341839996986517
11 14 6 26 35093 1.048580256396708
17 8 7 21 49406 0.9073002221118581
22 15 3 28 66875 1.0510334507215902
19 24 13 6 61193 1.0561661581848167
3 2 6 9 17079 1.0259682972573707
17 17 15 26 38994 1.0106441537323094
7 11 17 7 36097 1.0073752487515761
6 28 19 9 57069 0.9683043044098089
18 16 17 4 32645 0.9683921277495144
12 5 1 19 63707 1.0004789812118235
11 17 17 6 41624 1.0506918566309156
11 15 29 5 64905 1.066388292949625
22 4 29 15 40506 1.019550651743984
18 0 8 9 46365 0.9281280971304988
23 13 3 18 51205 1.019419006375196
1 15 14 29 83556 0.9309351960220617
28 26 5 7 92022 0.9416743492147222
0 20 7 1 56966 0.9789715915559847
11 6 18 9 28934 0.9156289101312385
6 21 27 12 57825 1.005899383163616
6 28 19 9 57069 1.0430103532261963
14 25 5 3 79725 1.0916529102682706
16 15 22 26 36665 1.0162278468923174
13 13 15 24 54697 0.9127602770753835
20 13 4 13 45104 0.9758677259038552
1 9 14 1 42658 1.0487275430909122
18 20 2 26 74491 0.9976813537498972
2 16 18 17 35033 0.952740467391816
24 21 16 4 61484 0.9439558181626967
13 10 22 2 38694 0.9809401217588536
28 18 21 12 32185 1.0369410361294413
3 8 9 16 26831 1.080834274225236
21 19 12 15 30673 0.90514242431919
14 7 17 29 68950 0.9980559163053521
24 9 26 24 49165 0.9803320528087236
27 6 11 2 41417 1.0675111854889705
17 1 4 25 72730 1.0360736102962667
29 4 7 15 77157 1.0928409040815596
5 18 11 5 42001 1.0270073858430988
15 7 9 16 43197 0.970376711023285
12 24 6 13 44409 0.9525845115922559
14 24 21 18 42813 0.9949879590348185
20 0 22 27 67005 0.992745498867175
20 22 26 11 44992 0.9693801969620515
0 7 8 2 38240 1.078123443493787
23 3 28 16 45048 0.931898085397429
17 12 27 19 36092 0.95762584980577
5 9 15 18 42675 0.9116492222709932
25 1 12 6 45124 0.9036952994587563
23 24 18 5 56043 0.9684991342546148
14 19 6 28 47040 0.9388275649036952
8 14 5 7 26617 1.0039666699500198
6 24 4 3 40678 1.0888504793583464
5 22 16 13 45899 0.98412930242683
19 24 25 12 42376 1.056386598936486
27 13 12 1 59179 1.0292742574069913
24 24 26 7 55324 1.0662385991323338
22 23 29 13 37661 0.9969894030741983
4 9 26 19 63001 1.000760973444881
25 10 5 8 54511 1.0716373709389293
13 8 9 19 43930 1.0635344920059604
28 26 24 2 74448 0.9005427948876005
22 7 5 21 59770 0.9287151820801578
17 25 4 17 53469 0.9748060389408955
24 24 2 23 86731 0.9064957290130707
16 11 23 27 56674 0.9919484161323437
13 4 6 17 50700 0.9166827773748177
24 9 15 13 32983 0.9651618815088424
15 9 23 27 58765 1.0946936274742276
2 27 27 11 92266 0.9712932025630543
29 7 13 13 56747 0.9653524760631258
10 26 14 4 78334 1.0579563412715223
19 21 20 6 36286 1.021380272098978
0 1 6 22 48994 1.0701954527476627
9 1 29 7 55982 1.0226826119771775
4 6 21 0 54025 1.0455900834247238
18 13 13 19 35699 1.0100862889126607
17 5 25 3 27887 0.9912291475396705
19 11 1 24 69004 0.9864814205151683
1 25 2 9 56608 0.9980578857697242
16 18 28 26 59440 1.0230672527692544
6 10 16 9 22971 0.9702191226712022
22 13 26 2 32872 1.0997501736811588
1 1 29 18 85311 0.9934517894609223
14 7 10 19 46151 0.9339727474445366
17 15 12 7 34069 0.9808166309173306
24 11 14 24 64584 1.0798607134545024
8 2 19 20 57150 1.0604135354178719
15 2 21 13 37501 1.0265742524018173
6 14 21 27 60216 0.9508122968980974
4 19 18 1 63870 0.9421759952627875
17 6 17 22 42032 0.9071958674202779
5 12 7 0 28794 1.0401997947817083
12 3 14 26 95874 1.01921168812809
12 14 27 16 36459 0.9745393034560041
4 1 16 23 71995 0.9647479018027818
19 6 13 10 24828 1.065510154622394
8 22 13 12 48079 0.9070898198370191
9 10 22 1 47400 1.0610332525226338
15 13 25 16 30305 0.9938800596131576
24 28 4 23 92434 0.9387778412244222
22 23 12 29 66568 0.9391127155573686
11 27 27 29 91001 0.9330031527790681
1 0 3 12 40799 1.0788936753825284
4 16 25 15 45238 1.005515434968872
8 13 2 1 36932 1.0745333662364993
2 16 8 7 30774 0.9660857400859272
14 7 15 23 66964 1.0463284782415805
20 3 9 2 24711 0.9600727328602152
10 27 0 14 58642 0.9416360950393223
21 19 8 16 33763 1.0282596971664564
9 21 23 2 68970 0.9488514059500184
9 6 28 27 94878 1.0316589988174238
29 6 15 0 47891 1.0913793405227685
14 14 29 22 54398 0.997733312264034
19 24 2 2 70606 0.9689176202329123
23 4 14 16 45317 0.9505882198103144
10 6 27 1 47077 0.9510959487621836
11 14 6 8 29203 0.971678279414396
7 25 26 22 76457 0.9255433509137014
20 15 1 22 60938 0.9024641757113073
15 1 7 20 56706 0.9090274014433499
15 9 8 26 60763 0.9378179855330809
28 16 21 23 35185 1.0903336629583489
21 2 5 8 45233 0.9261044378415567
1 7 21 4 66091 0.9949408294948324
17 18 4 20 41730 0.9960719535821897
28 15 5 13 56521 0.9594536579523107
8 23 18 6 69369 0.9255924616146676
5 8 11 2 25977 1.0851658916520874
0 5 8 7 37732 1.0128370830487485
23 27 16 2 70207 0.9897152517363061
0 21 9 12 48393 1.0051942139955494
3 2 5 27 51876 0.9246451130011294
22 20 17 9 33705 1.0624601401659084
29 1 2 8 71755 0.9423264543374177
12 13 10 4 32407 0.965884008142029
11 4 16 19 60411 1.097361807353147
12 11 28 12 52644 0.9570081131671255
3 14 28 16 52337 1.097933139532405
9 9 29 14 55313 0.9439389864777181
0 5 15 4 54802 1.0709383822560876
18 20 6 3 57362 1.0543661784909903
21 5 13 18 51557 0.9880036580623286
29 8 27 29 56001 1.0873820529109905
27 9 11 9 33942 0.9675018425530555
2 24 28 8 94530 1.079401168625147
21 25 1 11 82820 1.0770962589302784
3 11 21 5 56386 0.9134885913923722
18 9 1 19 61683 0.9246713104280297
15 19 6 15 35896 1.0151414631430546
6 21 15 29 65233 0.9999308328156646
3 20 19 9 53954 0.9885751711750025
10 7 1 15 42701 1.0627074482537398
8 19 0 27 55790 1.0160524140246932
20 22 6 5 59443 0.9434251592384488
4 14 7 25 34176 0.9475102151324216
7 0 20 24 75524 1.0113791717267429
19 20 27 5 49012 1.0178776736885875
1 3 4 28 67616 1.001342688659471
0 11 15 16 51812 1.0079866010700926
26 10 5 0 64404 0.9116929784795004
2 4 17 21 71735 0.9530051270205964
10 23 26 14 54958 0.9308194622885966
27 15 29 28 37148 1.075779426813295
4 7 11 13 36281 1.053051313393294
3 24 23 16 57029 0.9097682787924702
5 11 4 29 48743 0.9029971087166137
18 25 13 4 75670 1.0959742976381575
12 11 22 26 61316 0.9978466470538457
18 9 13 26 72847 1.0347580622109258
28 18 18 0 60979 0.9207115899337516
5 28 15 19 56275 1.082386978677383
3 13 20 23 58141 0.942718716108403
19 24 4 16 43681 0.9591256593344963
0 3 27 10 75513 0.9545505698729977
17 15 14 7 32262 1.080218558289419
15 9 6 0 33287 1.0650938843764637
18 23 11 17 40392 0.9544681934990544
5 11 9 5 27467 1.0016565102003065
11 25 4 5 64476 0.9613329623351549
18 11 15 18 28865 0.9911211802529284
0 29 22 26 107964 1.0419269672270348
9 16 6 23 16483 0.9073514243377011
4 12 17 26 63576 0.911605630283372
5 24 15 21 41531 0.9305620573414474
5 12 18 12 46000 0.9048604804804894
20 23 0 13 69623 1.0290842876510138
1 9 20 26 73688 1.091477946718818
4 5 27 4 58679 0.9594955676681359
15 12 10 18 35187 0.9397285207332216
16 25 10 2 78344 1.0096909012987207
12 27 18 15 60321 1.0676178536133965
3 8 17 9 32911 0.9166200366564189
8 22 17 19 41048 0.9266984661665459
29 25 2 25 100248 1.0693897502739105
5 7 20 12 47111 1.0886941479401955
29 8 9 27 89367 1.0539282424956262
19 7 25 19 43291 0.952593910472805
17 0 18 19 49165 0.9026914483481782
24 27 0 9 90012 1.0221324982736673
15 3 22 21 56505 0.9728191450818117
19 17 28 15 26376 0.980970712542204
6 16 14 11 40013 1.0244956538053838
7 23 19 2 66174 0.9431591419484774
29 15 5 15 52764 1.0480410417845478
4 15 29 4 81399 1.0319432995152846
24 1 0 16 71658 1.0495563493045572
15 22 19 7 48842 1.0198362050352328
25 22 22 13 35888 0.9463231703229169
1 13 4 25 46082 0.9405348937536158
8 2 27 9 52053 1.0092264236376967
24 12 13 18 42934 0.9138163244472908
17 18 21 10 30948 1.0643700298002767
2 0 18 28 91769 1.01801869030339
3 4 3 22 48757 0.9053149485550447
14 8 26 21 59582 0.9690758511240308
28 2 12 19 71201 0.9040690760124073
24 5 11 4 44294 0.9971288257315468
27 20 24 10 33408 1.0213331185579198
22 2 12 17 50186 1.0872835867973272
28 15 12 12 53658 0.9397091838044926
24 7 1 28 100643 1.0052322483052867
17 3 9 1 20841 1.0173699936652996
29 2 22 10 32378 1.022165915081428
14 4 3 26 80482 1.0199410369197703
5 11 15 7 39698 1.0912580178469844
26 22 10 22 63764 0.9851257604757635
26 0 10 19 72422 0.9492511340660937
22 29 13 17 51622 1.0093295689205917
16 28 23 20 46614 0.9471319865800535
1 27 8 7 68693 1.0664882915387914
4 22 11 12 43019 0.9626650351707398
19 18 0 13 52890 0.9132276880725009
3 17 20 25 55886 0.9676989031256927
19 23 9 0 68293 1.03309670908229
25 11 13 25 80175 1.0656955042764238
9 25 5 0 62053 1.0101525055081415
11 18 24 7 54443 1.0028142317808404
13 11 16 24 59010 0.9310823830852738
8 22 2 17 29614 1.081913595864517
13 6 9 12 35351 1.0689361295176838
23 14 17 1 44119 1.0657101429902514
12 9 25 22 63474 0.9394890513612012
14 5 8 23 69576 1.0175982935324275
5 21 18 8 53993 1.0416136612031663
27 11 27 27 40334 0.9598568617550952
15 21 9 15 36920 0.9862537962618777
10 28 12 18 33427 1.068728356190992
11 12 12 26 55326 1.0284836473206584
9 29 10 14 47526 0.9612367413035694
10 1 0 2 22821 0.9029717756633058
14 17 25 10 46756 1.0651947816888598
12 4 29 25 91741 1.001091063034849
10 10 0 17 38551 0.9088003316448352
8 28 27 29 100565 1.0539836966264073
3 27 19 8 73925 1.064114068391434
24 0 14 1 28719 1.0787121030813913
25 23 13 1 82905 0.986734802425538
27 2 29 19 46621 0.9023804426116204
15 7 1 25 82511 1.081795524781227
6 4 2 13 29918 0.9368392096652697
9 22 3 3 52997 1.04354540863346
29 14 22 29 48105 0.9954334854639744
15 13 6 17 35262 1.0306549254764454
18 19 11 15 29349 1.0278865865777183
7 12 28 24 75403 1.0176243994757914
11 27 8 7 65253 0.9368489191266138
24 6 15 24 69430 0.9722430604561633
22 9 27 0 30122 1.0430227888909838
18 1 11 14 56274 1.0313784754246087
9 26 29 14 74806 1.0579096192434558
10 5 3 11 32462 0.9989369324684224
7 18 3 24 25764 0.9099050820324707
7 0 15 22 75290 0.9225214163734842
18 27 27 16 43428 0.9928056264602318
25 0 20 5 28400 0.9873506748854489
9 3 29 23 88813 0.9995938733106451
3 13 14 0 54996 1.0567568065291755
24 1 3 7 57289 0.9906656516154745
17 0 21 7 29417 0.9336650522161015
21 12 25 22 42900 1.0330302519939598
13 27 2 27 60586 1.0408161385437853
12 6 13 16 41198 0.988195863684354
17 26 8 20 48462 0.9527816086473252
24 1 19 15 39480 1.0245326226304035
19 6 3 21 61784 0.9426509200207307
10 23 10 2 57275 0.9871022928692309
19 19 24 1 47226 1.0998903572902945
9 22 7 6 44047 0.9917081272337528
21 18 17 6 36308 0.9824813567001572
12 13 17 25 45798 0.9563262032165292
5 4 26 15 67263 0.9340449794733399
15 21 21 29 44262 1.0655929138302633
20 0 9 4 35145 1.0746971992557022
11 17 1 10 44817 0.9225251654537012
2 20 29 0 94303 0.9960983490698235
7 13 25 18 51179 0.9583458092285347
2 0 6 22 47869 1.0496073304187181
12 8 10 27 57367 1.0469070132842622
23 25 23 13 36611 0.9678903991091038
19 22 12 6 53703 1.0804691935684383
8 1 28 7 58153 1.070692445092811
25 10 9 22 69324 1.0443789862625064
22 12 29 3 37963 1.0984995750113205
27 15 1 6 80360 0.946668234902305
28 18 27 2 44106 0.9770797399549271
13 1 4 12 44706 0.9791044916398621
5 8 23 1 52139 0.9476693706131274
10 24 24 29 80666 1.0597523021367046
19 24 1 23 76509 0.9473762556819768
27 15 11 5 66961 1.0672982744238813
7 6 26 19 69396 0.9290384896109605
2 20 26 14 64882 0.9227508227607502
1 29 3 8 72839 1.0658491163554369
27 17 3 0 76281 1.08223698508881
24 16 17 9 27962 1.0264457258126447
5 3 14 23 70919 0.9413743655949055
15 24 19 3 61121 1.0306712075471283
12 19 10 2 54422 1.0572375591824794
8 14 19 24 42512 0.9168328828022743
3 8 20 18 51949 0.922748894539075
8 12 0 23 53817 0.9384226718377318
6 2 13 17 42075 0.956454915104509
10 21 18 1 61935 1.0880553971599962
8 11 17 7 30950 1.091354434612036
6 5 13 23 61556 1.0024640827233446
6 23 4 6 39801 0.9173027376290686
7 15 16 4 53308 0.9702979604272317
1 28 23 25 101826 1.0837448745579499
15 24 5 24 52383 1.0248041847493004
17 15 29 25 48114 0.9058896620713893
23 5 7 6 53774 1.0484005379084251
26 16 9 29 71791 0.9032070099151784
17 2 27 28 76973 0.9103702886367508
13 6 2 28 83884 1.062870170878669
29 15 8 1 74701 1.0290092116442566
7 21 18 28 57988 0.9409800904305576
9 10 20 24 59430 0.9961284915824654
18 11 7 21 48889 0.920680863541835
8 22 8 5 44598 1.0357980575274985
25 22 16 11 55004 1.0610156491196219
12 22 16 8 56186 0.9677837217960741
6 27 10 5 49519 1.0773427351103877
4 12 18 21 54288 0.9530521000508327
20 9 29 12 26983 1.0860055320220054
6 1 13 7 38853 0.962187306715944
10 25 16 20 35416 0.9101570064373915
19 3 1 14 71487 1.002364874278178
4 6 29 18 77199 0.9059819250230663
20 1 5 1 32973 1.0564112015853437
29 2 10 28 97115 1.0428739512448022
10 16 3 29 45073 1.0232375446840687
0 28 14 3 94878 0.9756876642748874
5 19 18 4 65530 1.0431789053628697
8 3 0 13 46201 0.9556830630689456
20 29 18 14 44037 0.9191606353997152
23 13 21 21 25671 0.97326393379174
25 24 11 10 74462 1.0562682980915339
1 19 18 11 61563 0.9681230287224845
16 6 15 19 47921 0.9424223372121544
20 8 20 20 31973 0.9676546750072417
20 23 23 8 46324 1.0871713629861595
15 23 5 20 49270 1.054017572531525
16 16 1 19 42841 1.0164886285931325
7 1 12 10 31951 1.0483640054613375
9 19 15 11 45196 1.0116614658596335
3 17 9 21 26221 1.075750653531207
2 4 29 11 80243 1.0917349847254276
1 4 1 15 54719 1.0777672531744125
14 5 7 28 72519 1.0223840809390075
19 10 4 28 65145 1.0986946192414977
23 4 11 4 38985 1.0758988502109623
10 22 18 3 61160 1.0814439224189059
14 27 19 8 65136 1.0825277531984914
5 23 10 0 55057 1.0070341278717383
2 24 0 3 70613 1.0281848032646415
8 28 18 27 55651 0.9742819469655406
5 7 17 13 42024 1.0709069047498516
18 14 21 0 42942 0.9158505030673616
18 18 28 6 51460 1.034892679046013
25 3 8 16 64241 1.0369619638854064
21 17 28 11 34207 0.9652186540703244
18 13 7 14 41573 0.9084265871830804
8 23 3 4 53501 0.9729907984952957
11 14 8 25 45123 0.9632987610101029
2 11 12 6 42034 0.9302067663151143
22 2 13 0 28600 0.9128414322690346
11 23 23 23 58672 0.9202512154282856
1 2 20 3 40215 0.9764064103104138
16 24 20 2 60504 1.0930568463196941
19 27 5 9 60162 1.047440928629457
21 28 13 1 80337 0.9692178623977766
5 9 16 3 35719 1.0080163941849871
6 18 20 14 35303 0.911581090620509
11 12 10 3 29965 0.9966829925134627
29 5 4 7 71742 0.9760115607539048
7 17 21 13 41427 0.9051920393056451
1 15 19 15 41904 1.0051059426620124
15 28 15 16 45073 0.9662521774407865
25 25 13 20 63532 1.0026398356419113
4 2 13 9 30288 1.058301934629232
15 14 1 29 81659 0.98805816048438
18 26 10 22 48646 0.9101350386012517
19 22 24 3 53018 1.08890695431391
22 17 22 29 26821 0.9442442745491725
23 29 10 19 65416 0.9174509886678162
11 29 16 19 56754 1.0903623511430778
5 24 2 15 29711 0.9544131926282051
27 16 1 14 61882 1.0108801390319244
7 9 23 4 48304 0.9819514360062944
15 0 4 6 46056 1.0379837322408376
20 6 6 13 46886 0.9350966764333668
5 9 9 26 49836 0.9212375395962688
12 2 10 25 66795 1.052351107979819
7 28 28 23 88149 0.9705337665229847
18 13 11 7 35568 0.9468351168636872
27 25 27 7 45551 1.068369493444762
1 13 22 2 67734 1.0099606911293606
24 0 13 27 98599 1.0697216092001511
25 10 0 25 102054 1.0473869803680496
0 7 2 25 65847 0.9200972096862611
22 4 9 7 46699 1.0897740734273256
26 28 10 17 68793 1.028895575368539
21 18 1 25 73433 1.072693352055362
5 19 29 9 70141 1.015734866036229
1 24 29 17 81654 0.9805118754504002
23 11 14 26 72522 0.9071402768212546
20 16 10 23 36642 0.9545670458482045
22 29 20 13 43394 0.987783414529193
23 21 1 2 77613 1.0928557064873619
1 0 5 20 53986 0.9569672814459416
6 10 21 23 60104 1.097283833683766
12 26 4 15 56503 1.098211713245902
5 6 13 23 65871 1.0923783816789476
20 12 5 3 51353 1.0968502528617923
2 4 21 18 70979 1.0069170734564643
2 25 24 4 98186 0.9507638680766051
28 16 8 18 43633 0.9800944206597508
10 3 13 20 60755 1.0972394949824478
16 2 11 18 57364 0.9597432891990876
27 27 28 9 47821 0.9688238801749329
18 11 7 10 38285 1.0558244772713914
9 1 9 20 51818 0.9315601998124717
28 16 18 9 33510 1.014625995677826
14 14 26 1 63156 0.9052004965853854
20 15 25 10 35881 1.0706193992963136
29 6 26 17 34172 1.0663740046793235
6 2 13 8 32734 1.0685440139149756
11 12 12 23 43612 0.948040500276283
17 17 7 0 53552 1.088561612338381
20 11 5 22 54800 1.034448932635986
29 24 9 20 71682 1.0554080504631318
20 28 6 29 74866 1.0344332657309852
3 26 4 12 42867 1.0418739605588379
11 14 3 11 38454 1.0074822179876008
27 11 4 15 61609 1.0826516100982688
0 2 4 22 54720 1.0351769401030162
22 24 28 28 40781 1.032875884785597
1 8 12 12 43355 1.0874040491342614
3 0 10 14 44586 1.0657734112404345
2 11 22 12 58401 0.9389689753795931
22 5 11 19 57610 0.9669214006066391
14 9 1 2 38248 0.9301369460679678
15 1 12 13 52934 1.0256146565707298
23 10 16 13 29944 1.0367918544671273
15 4 2 14 66078 0.9478680664985224
28 21 19 27 44739 1.0042090398907861
5 1 0 21 55073 1.0270417669067144
1 27 18 22 84731 1.0099223858589153
11 5 21 26 82183 1.0174100619504522
22 15 2 23 61147 0.9249535396109496
15 19 27 2 64904 0.9713475343057346
11 27 5 15 49769 0.9796220007435148
25 4 15 24 82335 1.002259602307036
25 15 3 17 49729 0.9026753376721692
1 16 0 29 57170 0.9695611510456975
12 9 26 2 43146 0.9080305686206417
5 0 9 11 32061 1.0237397230290985
13 28 26 28 69114 1.0602545811005972
24 12 8 20 53935 0.9575077223999794
6 1 9 29 63726 0.9945323451031522
6 4 26 26 88064 1.0132395214823227
10 5 21 22 66499 1.0670132917852118
14 15 1 21 44837 1.0580353370535212
3 12 10 16 24325 0.9993505791274757
16 9 7 22 49860 1.036456204014963
23 0 2 14 76512 1.0126246445588873
12 18 7 5 41388 1.0916148310381495
20 6 5 6 50708 0.9907658339911225
24 3 27 26 68165 0.9193039970451854
19 10 27 2 32732 1.0097019952572235
1 24 6 9 47614 0.9427934584544405
19 5 21 14 28117 1.000165169262964
14 20 13 11 50909 0.9970133401846535
19 15 27 3 44034 1.0681528884563742
2 0 29 5 68478 0.9300188524563058
18 0 21 18 47013 0.9466801920645811
29 26 14 15 58920 0.9803266310880989
24 12 17 24 46154 0.9068687076544155
24 7 1 11 66724 1.0604428177734477
28 16 19 25 35635 1.0227795595332791
10 26 13 8 58675 1.072780621560097
18 4 17 29 67996 0.9975344141187797
18 16 21 23 27716 1.0583663727893275
6 1 20 1 30655 1.0191474946847576
23 11 1 14 68540 1.0028322924553885
14 15 1 26 66426 0.940007927770425
20 7 26 28 72150 1.0545320690011337
28 5 23 25 67140 1.068542386868905
16 13 10 29 57238 1.0398360151767783
29 8 15 12 45620 1.0102552060572778
29 16 23 3 47109 1.0857822659086747
0 11 15 4 63203 1.0197502043046458
13 4 5 12 47194 0.9622633033450095
27 12 18 11 34053 0.9231747451725468
24 2 28 28 76863 0.9285707216921488
24 19 23 5 43293 1.0433059556582251
25 18 8 21 55236 0.9240829011609327
6 15 16 27 56556 0.9753552109049484
14 23 12 0 89360 0.9896840480098736
18 28 0 22 86698 0.9400903608422267
7 3 29 11 67817 0.9784096774976587
18 25 4 8 68852 0.9871492752941837
22 24 0 11 82771 1.0549245319618026
0 13 7 1 44231 1.0411506244710946
26 21 12 4 78738 1.0410905321935782
29 3 4 6 65783 0.9971554008160138
13 23 25 23 65616 0.9827347532250611
18 6 3 26 81033 1.044793301726169
20 7 5 29 75528 1.0852364249100368
21 3 18 10 25573 0.9168283018553399
15 0 27 18 65411 0.9498522487797778
11 2 29 12 58594 0.9758038791866903
5 6 18 19 56794 0.982070091917047
29 21 8 23 75535 0.9775158960589471
11 8 24 3 48555 0.9775228144274482
6 14 25 29 82587 1.0805403317850115
3 27 10 14 47580 1.098837374464291
15 22 25 19 50431 0.9679303497806819
16 28 21 8 62256 1.0013621982558107
0 4 19 25 86416 1.0396754454493173
27 16 11 15 34515 0.913066701722848
3 7 21 10 48130 0.9539844059730349
20 2 21 24 56702 0.9590561571827596
28 11 0 8 73739 0.9788498140405983
4 8 21 25 74586 1.0740915124697483
13 24 20 6 71558 0.9344748544322244
0 7 21 6 68381 0.9413657040966854
4 24 16 9 56603 0.9809628130737426
17 14 10 26 44761 0.9056583839521807
6 1 20 13 52662 0.9718963141055774
22 20 28 4 55535 0.9435922331476452
5 19 3 0 45764 1.0059245466832687
9 6 19 11 37269 1.0803816117668017
29 1 4 3 56366 1.0951667872728048
12 24 21 28 55469 1.0376669422251736
17 15 28 20 35847 0.9121008675202543
20 4 20 16 31296 0.9067056912590309
12 20 21 0 67934 1.0110336215673803
18 24 15 9 43732 0.9729252597371763
24 16 11 1 57893 0.9101670029782393
25 4 18 26 75195 1.0446498091392185
8 29 29 20 87003 1.0989953823650898
23 16 20 5 33600 0.9973837123687
17 28 23 21 38612 1.0695129716479943
18 29 10 10 66930 0.9083484728321809
14 7 9 1 39581 0.9545655202533434
29 18 28 1 45777 1.0571446325786074
8 12 13 3 41840 1.0782448982688966
1 26 22 9 90502 0.9651569829133266
16 2 28 4 33251 1.0242932987711004
22 4 24 13 26691 1.032201309836545
20 23 13 12 52833 0.9095811797920319
4 23 16 28 76202 0.9992631183493481
11 9 2 5 32232 0.9877287854065173
0 11 19 14 61790 1.0774733911914862
7 11 28 24 77288 1.092924892030754
23 20 6 29 64451 0.9701230380596665
0 18 14 19 49758 0.9515502202589127
13 12 12 26 61120 0.9131871239652858
27 10 26 27 48157 1.087525677945784
3 1 18 23 76804 0.9030539426422022
9 13 4 27 44658 1.053730466913714
10 14 14 24 47935 0.9487499316237037
11 21 0 1 64276 0.938912548322484
4 24 0 10 53497 1.0724574900528647
21 14 2 19 53177 1.023896248222496
25 27 15 22 60956 0.9242640611454023
4 29 24 23 89146 0.932731973514512
16 27 10 19 48320 0.9299775248229015
5 13 20 17 37282 1.0163514441475996
20 1 28 13 46364 1.093501526999831
6 21 27 16 47201 1.0298356715710484
17 14 28 17 33812 0.9511232355707222
18 21 8 26 52532 1.042126822883374
8 0 9 11 33961 0.9439705149769513
12 21 25 8 65293 0.9033333080368492
3 22 6 12 27214 1.0772018296327708
1 17 15 28 78381 1.0327774733501518
11 5 20 15 53110 0.9834706356830274
5 6 25 10 57604 0.9092586622290917
21 28 3 23 82441 1.0246759498792661
25 18 20 0 55218 1.0529641086803139
23 0 16 11 42017 1.0173854584075503
9 5 28 13 66059 1.0792345668036776
28 14 26 25 40037 1.0902797763271788
4 17 0 4 53751 1.0442698672255069
19 19 8 24 52441 1.059948615045788
18 13 13 24 53775 0.996142643021965
11 17 23 28 57421 0.9918432993648071
22 17 10 8 44465 1.026521649629669
29 18 24 5 45297 1.0474227604633297
11 16 11 6 35420 1.0124175647295748
23 0 16 11 42017 1.039703772751504
7 20 0 26 48452 1.0242191277164574
5 25 12 17 35278 1.000974349865429
11 21 10 5 47353 1.0708711499763597
17 25 5 2 69704 1.0565738181803108
6 4 22 9 42437 1.0669876582327447
21 17 13 3 53020 1.0421234613073702
14 23 10 1 80217 0.9835082464475993
12 4 26 24 87736 1.064785653147403
8 22 5 0 48236 0.9465641673374434
28 22 16 12 55451 0.9995395919202522
18 9 4 22 57469 0.9846365212677027
6 26 4 14 30060 1.070084801608115
5 17 29 22 65615 0.9283018635116529
9 9 1 4 38768 1.0848718500881722
29 18 13 14 47207 1.052728796831046
10 26 2 11 58707 0.9331663088233586
27 20 2 5 82084 0.9992116234679183
13 22 2 7 66195 0.9200347897624492
21 14 23 0 40840 0.9273375408139864
20 23 26 6 58206 0.9324382815933283
2 14 13 17 34799 1.0007345625233002
5 10 26 16 56361 1.0062153100059557
4 13 23 16 43306 0.9299272981072866
12 24 6 28 38315 0.96584600634122
7 29 22 5 82587 0.9979586869034004
20 11 23 21 35581 1.0835143558041918
3 4 26 20 81910 0.9145597147126229
23 25 11 11 66272 0.9389136828999556
18 3 27 5 29166 0.9495605820289263
10 22 28 19 60765 1.0444995867304214
2 7 28 29 107978 1.069631075355571
26 21 2 11 77180 1.0047210557855653
24 20 0 27 96804 0.9834709524192744
10 20 25 7 63117 1.0977935426604992
4 22 14 17 39769 0.9871613204086394
10 12 22 22 46838 0.9875767726927773
6 13 14 18 30291 0.9297883606817934
5 18 22 5 59198 0.9616764998117542
0 0 6 24 57135 0.9568065916930836
9 27 17 3 80608 0.9135960285418502
14 4 4 7 44569 1.0495571929924932
23 19 4 18 49668 1.078193031473882
3 22 12 26 52536 0.9142126721678532
18 26 6 1 76222 1.034517238259073
27 23 11 28 85950 1.0334808603247378
13 25 27 22 72407 0.9893446898042993
0 4 7 18 51017 0.9898238641607087
26 0 0 15 84360 1.0742647426959138
24 29 28 10 70127 0.9164559176989203
26 28 21 19 46620 1.0202727932942741
25 5 29 15 37387 1.0596121398923912
27 28 3 21 86676 1.0578680992607303
14 10 1 25 74162 0.9864350642219745
6 20 8 29 26870 1.0446046124519983
20 6 6 22 59122 0.9614485583687743
11 13 22 17 36482 0.9658273952240884
11 14 21 0 63174 1.070765014138601
23 22 20 6 49470 1.0610056005066115
29 8 15 23 73362 1.0126414555848688
14 29 7 15 71897 1.0316149864994597
29 26 0 9 93442 0.9483452739180948
19 20 28 22 41301 1.0477335369976137
15 14 17 0 47109 1.010070385105867
27 8 13 20 65869 0.9193264052161776
21 24 14 28 44393 1.0061223630853822
15 2 21 12 37385 1.010342267428005
2 23 19 18 56821 1.0563785034127318
2 20 18 12 56137 1.0442772570465848
11 10 3 27 61686 1.0436890463704123
25 22 9 23 70826 0.9561720150641132
1 22 12 3 71167 1.0462589543368679
3 13 7 22 30469 1.006079053967898
11 11 26 11 47653 0.9950962623705656
26 11 15 6 44680 1.044509486781219
8 15 5 4 33658 0.9541316877050611
1 8 4 25 56277 0.9386050801464046
9 26 11 15 40716 0.9863691207476304
10 9 19 27 55536 0.982599899322085
21 28 6 10 69406 1.0805574256920603
12 17 28 28 66733 1.0885601505060347
1 21 8 25 34906 0.901348675640224
27 11 1 23 89092 1.0099884477971888
22 11 14 25 62730 0.9791320584505782
14 20 8 9 51558 0.9989571801362396
18 29 9 11 69251 0.9470964521330949
3 9 11 13 29531 1.037490861362721
10 7 24 24 72807 0.9647861692041482
18 22 1 25 79215 1.0902590195427384
27 24 18 17 42188 1.055331214966667
16 12 22 27 48845 1.0649386723177647
29 20 17 19 41442 0.9786128441017917
25 18 5 26 66815 1.082295659353699
27 12 23 6 25202 1.0900801319897018
1 0 26 29 119694 0.9203880688396419
2 1 29 9 71680 0.9130678385838484
16 7 5 13 38964 1.019916765199179
9 21 20 25 49585 1.0229450584512376
23 6 3 18 66813 1.0539857717093124
11 9 3 26 54234 1.0539759999401874
16 26 3 28 75707 1.0783345273346092
4 5 27 0 58528 1.0396437487869508
2 19 10 17 27953 1.0585241404460428
24 7 14 23 70517 1.057043332609565
1 0 19 21 76872 1.0021943931969985
1 13 11 5 49860 0.9191879767454455
24 25 3 0 95089 1.0432454128315478
18 24 29 26 59907 0.9888568457349229
1 1 12 13 51783 0.9801065269199183
24 19 24 9 30389 0.9309118211887408
13 4 4 15 57890 1.0465611401824457
11 29 24 6 92221 1.037331980961069
