2494 2573 2533 2501 2525 2520 2448 2449 2616 2440 2399 2386 2428 2364 2410 2399 2426 2492 2579 2600 2451 2445 2580 2373 2388 2363 2526 2484 2569
4285 4243 4320 4308 4465 4223 4401 4359 4293 4299 4412 4313 4298 4419 4329 4448 4286 4409 4394 4455 4313 4315 4385 4355 4388 4208 4333 4267 4369
3044 3118 3086 2928 2910 2957 3175 3011 3027 2988 3011 3044 2905 2915 3094 2966 3060 3156 2918 3143 2910 3174 3062 3016 2994 3168 2919 2945 3089
3595 3718 3603 3669 3485 3625 3514 3615 3473 3585 3585 3634 3696 3545 3596 3718 3522 3557 3538 3658 3550 3688 3465 3612 3592 3460 3699 3597 3484
4627 4736 4805 4832 4620 4759 4717 4573 4688 4693 4659 4647 4803 4651 4670 4845 4646 4719 4591 4715 4725 4672 4747 4588 4661 4575 4840 4626 4711
2810 2810 2740 2863 2913 2947 2841 2937 2906 2852 2780 2734 2843 2783 2947 2907 2919 2730 2842 2804 2832 2877 2705 2826 2705 2764 2973 2732 2905
5302 5326 5312 5492 5351 5460 5482 5518 5372 5377 5279 5449 5398 5393 5378 5373 5342 5261 5467 5450 5514 5479 5258 5347 5306 5384 5456 5381 5450
3702 3692 3830 3698 3811 3652 3766 3802 3889 3785 3836 3658 3904 3767 3766 3680 3780 3870 3882 3764 3832 3825 3690 3843 3890 3688 3783 3759 3893
1356 1272 1310 1334 1372 1129 1200 1226 1252 1335 1114 1207 1116 1221 1230 1181 1129 1335 1381 1145 1257 1139 1269 1157 1233 1270 1236 1139 1181
1297 1183 1239 1241 1187 1038 1152 1246 1270 1100 1277 1055 1259 1103 1066 1084 1123 1098 1088 1309 1253 1280 1108 1176 1069 1200 1112 1197 1128
5783 5605 5653 5593 5726 5662 5596 5611 5703 5615 5826 5787 5588 5727 5635 5609 5684 5803 5620 5832 5622 5792 5735 5760 5561 5787 5744 5675 5754
5461 5520 5561 5574 5638 5410 5602 5668 5669 5523 5653 5599 5664 5542 5490 5662 5641 5592 5431 5601 5516 5677 5536 5589 5449 5457 5587 5531 5454
5663 5742 5766 5740 5679 5686 5682 5875 5847 5868 5640 5768 5689 5657 5861 5858 5738 5823 5874 5868 5813 5739 5771 5688 5886 5725 5852 5859 5863
5318 5370 5283 5390 5336 5304 5279 5162 5376 5355 5306 5321 5268 5381 5369 5223 5367 5262 5233 5188 5398 5285 5384 5219 5283 5370 5308 5351 5285
7986 8083 8151 8204 8129 8091 8168 8215 8117 8220 8017 8060 8009 8153 8127 8183 8085 8123 8178 7985 8159 8017 8120 8128 8123 8127 8197 8114 8083
3156 3041 3222 3016 3239 3142 3120 3206 3201 2998 3041 3187 3131 3184 3170 3223 3109 3052 3021 3085 3233 3186 2997 2985 3187 3087 3224 3245 3106
4664 4739 4833 4672 4647 4861 4752 4855 4779 4723 4830 4773 4651 4773 4704 4778 4681 4874 4852 4765 4698 4628 4810 4697 4837 4624 4634 4791 4806
6295 6233 6313 6227 6229 6192 6215 6359 6189 6443 6188 6263 6405 6456 6452 6258 6261 6457 6333 6447 6396 6351 6317 6367 6441 6430 6416 6422 6210
2113 2111 2256 2178 2245 2082 1995 1990 1993 2127 2075 2168 2192 2129 1980 2180 2004 1993 2217 2229 2149 2003 2077 2184 2160 2042 2049 1989 2117
4094 4162 3932 4077 3982 3937 4012 4189 4058 4077 3936 4083 4200 3986 4120 3928 3924 3982 3956 3958 4058 3984 3992 3972 4119 4018 3957 3975 4054
3396 3287 3373 3308 3332 3558 3387 3366 3419 3512 3508 3529 3357 3310 3487 3413 3516 3329 3529 3324 3512 3334 3304 3289 3501 3282 3456 3357 3468
7130 7193 7175 7281 7212 7170 7356 7249 7274 7360 7312 7375 7287 7160 7286 7194 7203 7191 7270 7191 7198 7241 7139 7358 7238 7327 7192 7339 7196
4043 4078 4130 4139 4138 4033 4020 4055 3949 3904 4149 3981 3977 4051 4048 4083 4157 4096 4039 4003 4015 4151 4098 4035 4154 3946 4105 4143 4053
7198 7187 7421 7377 7325 7442 7306 7250 7400 7370 7363 7412 7206 7334 7373 7254 7233 7313 7300 7294 7313 7337 7345 7238 7202 7408 7420 7441 7233
5376 5500 5366 5529 5305 5493 5314 5328 5413 5336 5305 5378 5373 5566 5376 5344 5511 5522 5476 5541 5559 5432 5438 5474 5342 5400 5504 5373 5314
8727 8709 8794 8596 8809 8842 8758 8818 8586 8755 8716 8809 8779 8761 8829 8770 8822 8728 8569 8653 8594 8574 8676 8573 8728 8651 8791 8577 8628
7171 7055 7201 7128 7102 7199 7054 7100 7157 6997 7192 7058 7028 6964 7208 7203 7231 6959 6961 7100 7162 7105 7136 7022 6960 7125 7074 7209 7178
5530 5489 5495 5566 5515 5360 5509 5496 5576 5431 5482 5386 5480 5437 5386 5553 5415 5389 5413 5530 5418 5370 5470 5303 5377 5573 5519 5315 5339
2539 2365 2336 2547 2488 2468 2509 2452 2560 2436 2345 2543 2417 2347 2415 2545 2432 2445 2567 2565 2429 2392 2406 2489 2496 2315 2448 2492 2461
3235 3254 3260 3356 3444 3260 3369 3215 3251 3333 3419 3279 3207 3464 3465 3346 3396 3320 3287 3417 3285 3210 3431 3427 3429 3408 3378 3416 3313
7940 4865 2409 6403 6649 3083 7372 7178 8243 7823 4160 3417 6464 2416 3754 2599 8364 3709 3129 7628 5188 6028 1580 3427 4393 5485 7312 5180 5438 8603
7821 5025 2529 6328 6677 3244 7431 7284 8247 7806 4146 3473 6363 2369 3747 2719 8295 3938 3199 7665 5410 5832 1405 3497 4454 5358 7370 5107 5422 8609
7943 4989 2447 6407 6535 3010 7364 7421 8296 7708 4254 3224 6257 2285 3967 2836 8406 3760 3199 7759 5326 5835 1622 3344 4364 5377 7347 5169 5601 8675
7894 4965 2305 6511 6587 3000 7388 7242 8363 7817 4233 3298 6447 2542 3925 2596 8449 3770 3191 7634 5195 5932 1547 3511 4396 5342 7353 5115 5405 8807
7757 5093 2319 6471 6572 3239 7417 7352 8201 7846 4218 3452 6304 2325 3823 2812 8379 3956 3286 7801 5322 5895 1357 3442 4398 5489 7224 5237 5552 8733
7796 5038 2328 6349 6536 3073 7346 7274 8315 7712 4222 3431 6242 2293 3940 2641 8461 3901 3219 7536 5317 5815 1445 3448 4443 5409 7329 5135 5433 8703
7938 5012 2348 6284 6486 3271 7419 7313 8241 7653 4016 3384 6245 2323 3804 2616 8397 3809 3277 7764 5225 6074 1360 3408 4315 5443 7380 5308 5531 8682
7767 5122 2386 6399 6482 3101 7413 7357 8437 7858 4121 3319 6348 2422 3801 2694 8481 3845 3370 7573 5272 5854 1426 3348 4319 5462 7155 5120 5482 8790
7906 5031 2462 6409 6670 3114 7411 7441 8404 7825 4080 3291 6280 2361 3729 2688 8311 3835 3338 7615 5378 5965 1613 3482 4418 5507 7252 5183 5486 8617
7820 4867 2483 6478 6493 3190 7296 7316 8386 7629 4109 3312 6376 2333 3898 2739 8335 3783 3232 7746 5412 5930 1421 3330 4300 5386 7351 5294 5439 8634
7773 4972 2306 6507 6698 3024 7325 7270 8405 7881 4162 3250 6351 2542 3841 2714 8444 3843 3263 7801 5334 5912 1493 3325 4344 5437 7370 5151 5582 8674
7804 4869 2348 6307 6562 3131 7257 7255 8204 7815 4172 3315 6298 2537 3755 2765 8447 3714 3278 7686 5329 5853 1551 3298 4405 5502 7298 5305 5552 8830
7977 4991 2439 6256 6530 3256 7454 7441 8431 7799 4002 3485 6490 2496 3893 2572 8353 3835 3357 7672 5329 5824 1573 3406 4462 5409 7249 5308 5528 8642
7760 4979 2540 6408 6731 3198 7429 7239 8304 7856 4209 3410 6314 2505 3827 2749 8428 3904 3249 7632 5412 5982 1610 3481 4439 5336 7146 5098 5616 8697
7942 4864 2430 6238 6493 3261 7347 7245 8389 7711 4086 3366 6466 2453 3855 2738 8218 3892 3278 7526 5373 5807 1494 3492 4447 5477 7419 5317 5467 8635
7903 4944 2491 6320 6508 3209 7235 7360 8378 7866 4179 3331 6389 2459 4006 2569 8392 3735 3303 7592 5260 5825 1595 3394 4378 5349 7398 5258 5648 8612
7813 4960 2382 6342 6510 3007 7265 7219 8319 7831 4015 3347 6352 2364 3868 2813 8359 3830 3341 7678 5259 5857 1407 3468 4357 5495 7335 5195 5509 8711
7818 4864 2543 6353 6726 3001 7497 7411 8435 7753 4255 3330 6263 2458 3938 2802 8361 3717 3143 7531 5365 6053 1568 3451 4364 5452 7339 5272 5490 8594
7909 4893 2511 6507 6575 3090 7465 7306 8351 7764 4027 3399 6241 2522 3950 2572 8242 3771 3212 7765 5292 5924 1593 3505 4442 5464 7329 5263 5602 8735
7920 4901 2409 6363 6571 3104 7482 7299 8238 7820 4206 3323 6279 2345 3850 2676 8365 3890 3250 7696 5408 5806 1413 3335 4379 5469 7410 5244 5522 8743
7832 5120 2337 6272 6634 3017 7310 7230 8263 7857 4161 3271 6479 2394 3762 2671 8459 3845 3373 7744 5286 6072 1411 3382 4519 5277 7227 5229 5596 8748
7852 4928 2502 6435 6573 3073 7471 7318 8328 7648 4165 3480 6260 2457 3731 2672 8439 3798 3192 7763 5182 5974 1417 3427 4265 5508 7307 5231 5646 8834
7898 4863 2534 6414 6517 3090 7240 7301 8232 7776 4220 3493 6419 2544 3938 2728 8325 3879 3245 7639 5432 6062 1563 3505 4298 5255 7240 5187 5466 8816
7941 5083 2325 6312 6528 3093 7222 7255 8372 7897 3994 3282 6318 2511 3909 2683 8225 3853 3349 7733 5440 6027 1358 3363 4492 5476 7352 5192 5483 8680
7912 4907 2450 6425 6539 3242 7499 7428 8304 7863 4012 3341 6420 2482 3956 2725 8341 3827 3203 7649 5340 5882 1553 3376 4501 5333 7256 5357 5623 8634
7869 5054 2504 6394 6566 3031 7369 7370 8354 7882 3994 3232 6492 2351 3870 2686 8426 3712 3140 7725 5188 5902 1476 3386 4509 5495 7233 5288 5574 8643
7779 4973 2402 6360 6639 3267 7326 7264 8262 7687 4149 3384 6448 2461 3992 2704 8350 3945 3340 7778 5171 5955 1438 3544 4409 5309 7162 5187 5523 8829
7749 5064 2379 6357 6525 3015 7389 7404 8415 7777 4148 3241 6252 2391 3912 2844 8383 3700 3334 7610 5214 6022 1357 3442 4294 5457 7212 5230 5543 8627
7814 4876 2410 6324 6518 3019 7262 7440 8281 7872 4112 3391 6451 2424 3772 2582 8488 3863 3129 7755 5208 6063 1361 3348 4522 5416 7364 5238 5560 8601
21 11 13 14 31973 0.9503476157321334
6 16 0 2 45800 1.0475932675109179
9 26 29 3 80006 1.0247409579147444
24 6 5 5 64796 1.097802827602434
27 11 22 17 37573 0.9952616762116937
13 8 0 25 61867 1.0236351977440816
26 27 1 18 76576 0.905925037438725
3 18 23 10 72992 1.0943775241233087
15 2 11 9 37813 1.018123068940015
21 27 1 16 72321 0.9222927914177278
10 22 5 2 34413 1.0039412661597442
22 18 0 6 83962 0.9549839950008031
24 26 11 8 77277 0.9020078130925512
18 12 13 29 60739 0.9746340200244166
9 0 13 7 29331 0.9454993845997903
26 15 1 17 74721 1.0299985908449922
8 13 0 18 31066 0.9355604156040073
4 19 24 6 87834 1.0352872012008114
28 5 9 13 66335 1.0052174934007205
25 8 23 16 55988 0.9142776255469799
4 22 23 22 28310 0.9044087812499257
16 13 0 0 56989 0.9815729380584427
28 8 17 4 47422 1.0427045284415142
0 10 20 3 71820 0.9477107823999467
1 16 21 24 61372 0.9413213029531148
15 19 3 21 31082 1.077237914779162
3 21 27 23 44840 1.049556882619409
11 2 12 14 30450 0.9690357720107317
28 20 11 20 41391 1.06306471601515
21 29 1 9 93349 0.9171605446420078
27 1 7 8 67895 0.993758865812411
29 28 18 12 55861 0.9442545022353621
12 23 28 14 49387 0.984103003954131
15 9 8 0 40486 1.0759870009497354
19 0 26 5 39224 0.9432429684311316
9 9 1 7 38382 0.9200956856389793
5 0 15 24 53736 0.9404473846660528
13 12 14 1 48165 0.9658133458501065
2 29 6 6 62379 0.9772426729550759
1 29 17 22 50020 0.9333714065368214
0 14 16 15 44715 0.9422427559302288
25 0 19 23 81173 0.9505561629644791
19 5 21 26 62205 0.9229281242052131
0 7 13 1 49006 0.9190050708456353
16 17 13 1 56523 1.0947652063670623
25 21 8 11 47548 1.0351394921636956
18 2 13 10 37610 0.9326645801224727
25 4 25 21 72834 1.041030371268899
29 18 26 2 47195 1.0131669243000028
7 12 28 9 65033 0.9773105465437155
3 9 18 6 63384 0.9531240398444902
13 27 3 28 54783 1.0666543111872686
25 17 14 2 67646 0.9685682488629378
15 11 6 15 31306 1.0093357465884567
4 25 14 29 59177 0.9354052633642012
14 9 27 0 69269 0.9724463343360373
9 10 20 12 33962 0.9055435367813983
27 8 4 0 90736 0.9272742496573821
0 9 18 21 56974 0.9772053337002546
22 27 9 28 46746 0.9943876671608932
28 2 12 26 95186 1.018387631264567
16 19 2 0 69107 0.9078230217586111
19 0 17 18 47497 1.0880549263426196
15 20 9 24 17845 1.0156680384192907
20 15 6 17 42361 1.08114882945704
5 25 13 28 43043 1.077157431604156
7 20 13 15 24921 1.03633877680698
3 5 8 25 39940 0.9946032592844485
29 12 22 29 65047 1.0295572017381327
15 20 26 1 76107 0.9835752441788028
18 0 8 15 44062 0.9798065949869352
2 29 8 17 36207 1.088940366569177
21 28 1 23 58663 0.9985453734824331
2 12 14 23 44629 1.052333620754235
29 26 0 17 69269 1.0607552246262522
4 16 10 24 32372 1.055771332916985
5 5 21 21 57025 0.9241422692548854
29 14 3 28 81886 0.9037037785963803
24 15 8 3 56904 1.0001649197413913
14 27 8 18 36474 1.092203075109845
19 20 2 4 66970 0.9745401366407587
12 18 3 13 29513 1.0378288334685979
11 13 28 23 45976 0.9154692175496366
29 8 20 18 54647 0.9789873476624736
15 0 13 18 52411 0.9953445889005771
10 3 18 23 44496 0.9024337024165033
29 16 7 15 60822 0.9500395298370969
4 6 20 26 69747 0.9365869901573158
29 22 16 6 62315 0.9161010567411154
20 26 27 2 76566 1.0679134432537936
1 5 20 14 64202 0.9860439877195585
4 1 28 20 73159 1.0860138495056677
17 28 20 13 41742 1.0784684311023178
14 18 2 7 56390 1.0888327324196714
7 24 16 13 36087 0.9048526415517028
16 25 25 1 84529 1.0610120243156342
10 22 0 12 35455 0.9665495442256806
12 12 17 26 53019 0.9253055715000639
6 13 15 0 40913 0.9476605332275575
29 13 5 18 67352 1.069362374711786
8 23 28 25 38564 0.9302357150688738
19 19 10 17 36925 1.0009120804638438
19 9 10 10 41184 0.9531649771873802
22 26 13 13 53190 0.9594958151619124
8 7 9 25 23234 1.034869953710042
14 7 26 18 69540 0.9663337399032994
3 11 27 2 74554 0.9571748199615033
15 4 8 12 33876 1.0662508335297145
2 11 2 23 36347 1.0251910713277925
1 27 29 4 107257 1.0485655475619977
12 26 23 5 83197 0.9013382292634806
29 8 12 9 77264 0.9873179811075108
24 28 9 12 66639 0.9934427363148104
18 3 29 10 50517 1.0104366372075073
0 0 22 5 67525 1.0563913321450689
24 2 8 20 60627 0.9610530392427297
11 16 0 4 52770 1.0082760749451145
15 14 8 25 32954 1.0024114636768515
16 20 13 3 58390 1.0148315638955994
9 19 18 9 37271 1.0187292340475076
5 21 16 28 42236 1.0802132344213775
11 19 13 29 51104 0.9250318483893
16 25 13 13 43972 0.9787435790802881
13 8 22 9 51938 0.9272357546446152
14 17 26 14 47029 0.9698276695581263
25 10 11 15 56885 1.0390293901257395
11 12 14 0 50822 0.9209532533902741
27 27 10 25 54414 0.9195036233955688
16 25 24 27 46384 1.037105944971868
26 3 13 14 67694 1.0056400531870824
13 4 1 26 66746 1.085245160245458
21 17 15 29 48498 1.0264715727147566
5 8 23 11 66672 0.9894908977685914
25 13 0 5 76363 1.0518551385538466
10 16 23 23 42635 1.0029855657962736
27 19 13 16 59788 0.9245858884872313
0 4 26 10 98174 1.021274587758826
24 8 9 18 68126 0.9867931086006799
12 14 22 19 45347 1.0041834329666086
10 14 23 14 43248 0.9614766840410189
7 29 16 28 51807 1.0001098970910005
22 20 5 9 58432 0.9124641284047357
0 11 13 3 54073 0.969593265751805
2 0 10 5 29614 0.905999358149585
12 5 24 28 84122 1.0234252215568818
25 13 25 27 57199 0.9189828365049045
12 17 28 19 53045 1.0025125002274928
1 25 3 9 56120 0.95142251256938
24 26 6 27 62327 1.0913925510054778
2 15 9 2 34071 0.9977143802578292
2 26 17 17 50630 1.0924923684448131
19 14 9 0 43770 0.9775331723929248
12 6 21 7 44987 0.9800690163531152
18 17 1 21 40393 0.9952613054318017
23 15 26 1 57341 0.9328754078013435
24 2 3 5 58742 1.0312602207156487
27 14 10 1 68765 1.0654432703843582
7 3 23 17 70011 1.094882011873854
26 11 5 6 77503 1.0296928832126582
15 26 8 11 36352 1.0124002908108967
21 7 23 23 64438 0.9122390008040331
20 16 7 26 49177 0.983781105320134
5 23 5 11 30411 0.9538377826833738
28 27 13 13 57856 1.0872929079441445
7 9 0 23 36683 1.0518705798527168
7 20 12 0 47861 1.0466558285782073
16 26 4 10 60370 0.9303070532904507
16 18 22 6 49709 1.0389807659150485
15 17 9 22 24719 0.9756920390779528
26 13 21 1 55553 0.9892372526327116
23 23 8 3 52065 1.065492169137284
1 17 10 20 37554 0.9130561435188559
26 0 6 24 91901 1.0942345085350582
12 7 0 26 62511 1.0022448336152472
25 17 24 27 56737 1.0880872329294347
3 14 1 24 37904 1.0681865632976701
1 19 12 1 61205 1.0516018316748081
5 22 12 5 34990 0.9697005428693941
16 15 27 19 46509 0.9646755034111791
22 26 2 28 64253 0.9936686872312014
0 17 8 13 28574 1.0873143993112426
8 0 13 6 26662 1.04575288339439
26 22 21 6 63671 1.0888286072749742
11 22 4 5 37808 0.9056633304458945
15 23 9 10 26134 1.0903598514132953
8 8 24 28 73631 0.9292684655619798
16 3 22 11 41062 1.0660367361591416
12 3 0 7 46963 1.0130017416419772
23 7 12 21 74904 0.9684093794153128
3 15 14 15 29586 0.9383153980847829
7 18 14 13 24240 0.9503751558562048
6 14 16 5 42853 1.049566330841417
21 28 3 23 54716 0.9774702566485944
20 9 5 0 63709 1.045752578534863
23 10 4 3 76255 1.046880385870083
11 11 20 8 40745 0.9629057416352776
6 15 17 20 38719 0.9314814354128649
27 21 26 4 58881 0.9168189481116898
16 2 21 26 70719 0.9264474766456298
7 9 28 8 72610 1.0899673104460765
15 20 2 21 29105 1.0200847794002308
15 18 28 9 54272 0.9544609431969584
21 22 11 0 57367 0.9706575594721282
16 5 1 6 51544 0.9005757072841494
0 24 23 25 55396 0.946163887814711
6 14 6 0 37783 1.0282383127880588
14 29 7 16 55103 1.027156523484402
13 25 12 3 58295 0.9834431439732716
23 22 16 3 58230 0.9693511712390599
3 28 10 2 56124 0.9030605595616135
14 0 17 13 47314 0.9702839786076082
26 17 1 8 96853 1.068413016226717
14 21 7 18 25570 0.966255469800518
15 12 16 0 43266 1.0521651805770131
9 11 25 28 72295 0.9012805492933141
3 4 3 27 64729 1.0562138065464282
12 16 25 26 73688 0.9065017349989775
22 12 3 18 60642 0.9611278574324205
6 2 18 8 41904 1.060551609288278
12 10 10 29 43062 1.0774492485320137
17 25 27 10 60042 1.0927441262950555
10 24 11 13 21863 0.9922230878180975
22 29 17 1 83528 0.9552601618027439
8 26 2 0 49837 0.9053190296796793
0 1 11 5 33987 0.9190010527721514
18 24 13 4 55711 0.9702084913050848
21 3 19 19 53182 1.058984067244715
6 28 20 23 39952 0.9044729338919821
18 1 22 20 56767 0.9989541759419178
19 27 19 10 45121 1.013178753315092
8 24 3 15 24352 1.0515445293161125
27 15 28 28 34865 0.989562286554797
26 13 1 19 77015 0.9069597179546509
1 23 0 6 45297 0.9355070477342201
4 19 29 9 86491 1.0104402783727182
17 2 15 21 52484 1.0917137171866294
23 23 4 7 71064 1.0652463126051104
9 13 1 17 30971 1.050547582747328
19 24 5 15 40546 1.066385770672864
5 16 26 15 59420 1.038438742723578
7 29 24 5 84837 1.0896180393354558
8 22 1 17 27996 1.020897346464896
6 25 7 11 31224 1.0872511279367112
16 27 25 29 59719 1.0801784824133978
1 10 11 5 43849 1.0161388362018984
0 27 15 23 37724 1.0645323829385271
20 29 14 3 83879 0.9589399787286949
24 20 16 25 37065 0.9812140656693285
17 5 15 26 55333 1.0837485666682565
21 10 17 28 55626 0.9488092601295846
0 7 21 14 70140 0.9497447347738287
21 17 25 8 59228 1.0033857514045381
7 6 20 10 54961 1.092863041395183
8 11 28 0 64953 1.0155009376267832
19 14 6 4 51889 1.0912722189867308
17 26 15 6 63667 1.0567997877916506
24 9 9 10 60830 0.9887777066285002
26 4 28 29 72358 0.9847310443970146
13 7 19 18 54027 0.9408809701156684
16 2 1 23 56665 1.0646351252685582
22 28 29 0 91363 0.9968440439917641
13 13 26 28 71414 1.069438463292737
18 10 23 1 35566 0.9939484133324712
11 11 5 16 24546 0.9640282328621643
7 25 17 28 42437 1.079187630575391
16 16 28 8 51261 0.9147908651588567
11 22 20 23 17108 1.0476719542904667
9 0 16 14 37600 1.0160720802797232
9 26 13 4 42291 1.0727936406363865
18 3 11 16 49824 0.9418922512512707
22 27 14 9 72405 0.9764935572331401
9 27 14 13 28482 0.9194392599113534
9 4 16 19 43870 0.9848908983419234
24 6 0 10 90183 1.0488140424520647
9 0 20 11 48773 1.0462638428055562
2 22 17 15 40264 0.9469041273151805
28 4 1 1 74565 1.093662479126313
12 4 9 15 26590 1.0009679103386957
19 16 24 26 48695 0.9329482606546746
2 29 24 8 104619 1.0498050331613296
4 8 12 19 52318 0.9182198658549056
18 20 13 28 38530 1.0415901175128544
18 2 2 17 62059 1.095514969023055
11 18 25 28 71002 1.0532298438979875
18 17 6 6 54212 1.0945855406101375
16 9 6 17 47903 0.9255716585555928
25 24 13 10 67987 0.9548683031790189
16 11 12 19 41145 0.9765622650420994
18 10 19 25 37204 1.0455574485556207
17 23 12 10 44899 1.0691153440131156
28 4 13 22 66608 0.9081019205242731
23 8 23 19 59172 0.9210966827881572
19 27 13 4 67225 0.9465419377592124
10 12 19 11 33161 0.975930958560153
29 0 1 8 96613 1.0340197993828473
15 16 27 11 48175 1.0861996809112315
9 7 4 1 22436 1.0742560878286098
8 12 19 17 37688 1.0306373601066163
11 13 25 14 41567 1.0086764445526037
12 19 26 15 53135 0.925422555089586
0 26 8 19 24987 1.0570583196975876
1 12 2 23 34927 0.9814682016313997
18 2 20 21 48525 1.0810157576981587
26 0 26 25 86402 0.9054220260513697
7 5 21 23 48715 0.9757903535990848
16 16 2 24 48307 1.0317378574473743
2 16 6 3 45253 0.9536349787134011
28 22 14 0 78319 1.0569850342849871
4 20 23 2 74321 0.9009911829263775
14 13 9 22 22817 0.9831596755092044
27 27 24 20 34199 1.0152825633038036
2 29 0 7 61062 1.0254617427506965
26 17 19 13 37996 1.0360064936368463
0 27 29 10 87430 0.9920134445257863
1 8 0 23 44711 1.0959889131510494
16 11 18 0 29842 1.0677919653644823
15 22 24 18 32789 0.9030094774371024
25 1 15 11 53974 0.9478160190202313
11 13 13 29 49527 1.0456097374179234
28 21 12 15 47136 1.0444497572210552
19 29 10 7 60796 1.074075879793988
12 21 26 8 80680 1.0056413119228307
23 22 13 8 61947 0.9685502400981411
19 28 1 26 60823 1.0157538799783288
28 12 4 22 60046 0.9648073740930032
23 11 24 21 54240 0.9702782614308152
2 9 16 10 56756 0.9370452018734898
13 9 8 19 35229 0.9014882563500132
21 15 9 5 43572 1.0274308559725014
2 24 28 1 88596 1.0695674775476627
7 27 28 8 75627 1.085698787079397
22 8 3 24 78054 0.9788867233240132
13 10 9 3 24679 1.013637961808898
2 11 13 20 49491 1.0143287023310577
29 5 2 26 95787 1.0666806544019132
11 15 26 28 67691 0.9228508636544744
9 17 17 20 29257 0.958033501200505
6 3 4 18 42889 0.9759771295635582
3 13 12 29 53834 0.9366742295722914
1 21 23 5 79542 1.0247355287169821
9 3 16 29 60550 0.9164019284075039
17 24 26 16 50478 0.9743297930165111
28 23 10 18 38859 0.9935593768165835
10 15 23 0 65712 0.9933643350704784
1 14 15 22 42358 0.9078537619272179
24 11 4 28 85103 1.0203107566184701
16 12 9 3 33801 0.963970833809247
14 5 5 29 61054 0.9819959403365156
12 26 2 23 38835 0.9637081164660554
18 3 21 29 75340 1.0360327028099505
23 29 11 28 73875 1.0111429339459044
26 10 3 2 85755 0.9463011368452744
14 16 5 19 40763 0.9219634548303198
10 18 24 13 45626 0.9166042860721489
23 19 24 5 68135 1.0708312846642252
5 12 27 19 65764 1.0765986573309676
8 24 23 4 74014 0.9232734769200761
5 0 3 9 34602 0.9801114221092248
9 16 5 4 27551 1.0900004497181783
8 13 21 23 36035 1.0642687797997068
11 29 18 17 47640 1.0127161110408784
18 4 8 6 34003 1.0091119008573315
15 3 3 19 59170 0.996646786044996
1 27 15 26 52034 0.9985317828932936
29 19 14 6 79386 1.018577873111429
25 0 21 12 69077 0.9191390022005251
25 22 0 20 42271 1.0528394442302302
8 28 0 5 52922 1.0762540175535131
1 21 13 16 40338 1.0353232425369758
9 0 7 12 23191 0.9107914230945923
6 26 18 2 66507 0.993967568040522
12 2 23 28 80098 0.9965708656343237
2 23 8 1 37704 1.0303390732206212
25 27 8 22 56595 0.9137872270064947
13 16 0 1 55352 0.9756245165925166
4 12 10 21 31581 1.0623746119594504
6 5 15 26 49980 1.0930105862606656
20 13 21 4 37602 1.0216853890409117
11 16 26 26 71666 0.9421258218602405
11 21 19 6 57364 1.0818911241540086
15 7 3 26 66911 1.0282404626604773
23 24 5 12 54489 0.9332867317411085
20 12 25 21 45990 1.080578851656349
11 7 21 7 53444 0.9617881707569509
22 6 22 16 40217 1.0813867907665353
1 1 10 11 37429 0.9048683753498169
0 15 25 9 90780 0.9985207745823863
7 23 4 10 35090 1.0804106024838023
18 0 16 18 44295 0.9013594413964142
9 24 2 29 33847 1.0310786654864916
23 18 8 18 45117 0.9515848207994333
13 3 14 20 59261 0.9254930588091328
14 10 2 6 51225 0.9959431611125096
12 4 9 18 29895 0.9168901898251225
26 5 22 12 40547 0.9948895766622812
2 5 16 26 69188 0.9646758748305544
19 4 7 5 41564 1.052512705002424
28 15 13 11 49595 1.0496634621806116
29 14 5 15 65256 1.0245347465606824
3 7 28 8 90416 0.9340526435443586
25 21 13 10 62701 1.0334254114969175
4 24 23 5 79225 0.9545431785298186
7 19 12 9 37611 0.9521008852059352
29 8 6 28 88359 1.056936989481898
4 28 14 0 79480 1.0311067013847686
4 11 22 21 52237 0.9701368736740034
18 19 1 19 44951 0.9476426712012768
11 13 8 26 21821 1.0006282359350998
27 22 9 14 36235 1.0183299626167837
15 18 4 7 58776 0.998928505982215
8 19 29 8 73583 0.9670300686577378
22 5 18 16 35195 0.9675221500242096
15 3 21 28 79769 0.9878512252613982
20 19 6 5 55470 1.0789846038331223
22 13 2 22 52639 0.9933820521693777
28 5 15 9 52908 0.9469270123762156
29 15 9 15 54004 1.0018895258654086
7 19 14 27 42666 1.0974269584058283
18 16 13 27 43060 1.0465224067797323
28 21 12 21 31957 0.9572587538397849
0 25 26 23 53328 1.061079990417007
7 11 24 27 67898 0.9108348952539916
3 13 2 24 35699 1.0786326040045553
2 18 15 4 59695 1.0323127034344302
3 23 12 17 29581 1.0473240800322463
23 17 12 29 72610 0.9867970876929268
17 28 2 1 74884 1.0385462268112082
10 19 25 2 66402 0.937093862346168
27 18 5 5 73233 0.9479291807939216
2 23 19 26 42936 0.9743922018224771
27 19 12 15 57137 0.9883355107398982
8 28 13 20 25638 0.9063331603755534
15 16 4 1 51312 0.9481532525265017
25 6 29 13 40309 1.046805155619665
26 3 9 21 70923 0.973389522454317
29 29 27 4 73916 0.9595541820375234
29 8 27 23 45986 0.9495559222788905
20 3 7 27 66621 0.962188828368501
15 14 1 1 54481 0.9431247236777428
5 16 19 6 59822 0.9420362040346972
20 13 23 28 59532 1.0752593805216182
19 14 8 9 35359 0.9543744081631859
11 8 12 27 54571 0.9755638887419664
0 3 29 7 87400 0.9801983158410196
23 12 4 17 64160 0.9859583593246759
27 9 15 12 51754 1.0079106923920829
6 7 12 16 40526 0.9011920663722887
9 24 24 18 44215 0.9099523104545071
19 3 25 10 48957 1.0410543587541572
24 14 13 19 49102 0.9077870700938029
8 25 21 2 57959 1.0989379307664384
2 21 17 12 50042 0.9839320783144416
15 18 28 2 67727 1.055270734586422
12 23 29 29 53116 0.9339758705039098
29 4 13 10 68416 0.9458417902718856
26 9 18 6 47881 0.9818646204365296
23 18 11 28 56465 0.9254742858279058
13 8 6 27 59377 0.9150614375538126
6 10 21 10 54833 1.0655324763206275
28 11 0 16 80074 1.0097886719451987
1 8 26 3 90134 0.9179740371113915
27 16 3 26 72681 1.016665882485919
23 14 19 7 37558 1.0600013522351999
6 26 19 23 40371 0.9248138914593295
4 13 23 23 49143 0.9598007679907825
6 25 25 7 100957 1.0697841227160425
15 13 1 21 41360 1.0153068039947009
18 9 26 28 67737 1.012620435481934
5 25 1 19 27250 0.96071018778221
25 27 2 15 81357 0.9224396552705645
8 16 12 4 30414 1.033311483678967
3 29 3 15 50140 1.065495329903286
29 5 14 1 50064 1.048624573480955
5 12 14 22 30160 1.0655185087094856
22 0 12 15 61533 0.9208842303822208
23 13 26 24 47931 0.90203750798557
14 22 5 6 42250 0.9616100572266391
21 28 4 26 66571 1.004007235165897
21 14 24 6 49211 0.9260042062041007
14 11 27 29 75956 0.9369255652384598
3 25 14 1 62810 0.9713266200182701
27 9 14 17 63859 1.069261846197698
19 24 0 10 61234 1.0527720570594505
29 25 16 10 59816 0.9917785910802501
8 13 19 4 47107 0.9076913486363702
20 4 5 23 65580 1.0007312255389895
11 3 2 24 50266 0.9673265091003131
22 4 1 16 81228 1.0572696469602112
22 22 15 6 53699 1.033303012743915
29 8 15 0 58200 1.0556469593711748
22 10 9 22 54376 0.9599609739092463
28 11 11 12 52354 0.9694678454749174
14 28 10 19 44922 0.9725809359957048
29 24 5 26 53354 1.0456316743275436
25 25 4 18 63741 0.9907927754671678
5 5 12 23 41891 0.9825316818517589
17 7 29 12 50045 1.0886043584248812
1 24 25 25 64569 0.988667609764774
23 2 21 10 38789 0.9119110912850087
10 5 5 15 25350 1.039974100593396
5 18 19 11 48229 1.0033061935985463
15 25 0 16 46659 1.0597023809303978
22 14 3 11 57484 0.9775469959490843
24 18 10 19 51453 0.9273560760066565
24 17 4 23 59113 1.0191903338199104
18 11 29 6 49563 0.9837163940609963
19 15 27 3 57451 1.0238427182145644
29 12 16 6 57580 1.0056427233741798
7 19 19 6 59861 1.0216381198343394
3 26 12 6 57709 0.9306234680953838
16 26 1 13 57474 1.0591932738380143
7 28 25 13 64205 1.0101834436679593
9 15 26 18 53153 0.9374539031407105
0 24 8 7 34963 0.9094717820860506
24 7 17 27 80501 1.0906513060890162
26 19 1 20 67266 0.9683478192685396
0 12 27 23 66438 0.9538402711284755
20 23 14 28 35072 0.9597872533658334
26 4 6 17 83703 0.9601012133554109
11 21 19 5 55071 0.9449293375148384
17 28 9 17 37731 1.089039138072678
25 6 17 3 41327 0.9349332072330547
14 0 16 23 66912 0.9555649312632638
24 13 24 3 51887 1.074600717581546
12 11 22 19 51212 1.0986949403608222
9 13 29 29 62214 0.9893287822391779
23 25 15 29 49777 1.009589193885864
5 21 4 2 41102 0.997509085230703
23 22 4 10 53195 0.9793061770600049
14 2 9 19 31742 1.0659820734496779
27 16 2 22 60174 1.0292712756129603
3 27 21 13 66388 1.036312271921576
14 19 7 5 45072 0.9999813750143884
13 5 11 27 48512 0.9935680375990347
9 29 1 8 56509 1.018881344838454
27 16 24 27 54495 1.0804737398844626
29 0 6 5 68064 1.081347271657529
7 7 16 26 55522 0.9640402739272178
12 12 3 21 35941 0.9400363678598963
18 9 6 5 45823 0.9851674803374337
2 5 4 27 62732 0.9579125745905532
27 20 7 5 63033 0.9412381193996385
3 10 9 23 36531 0.9225933791444476
20 13 22 2 37927 1.0273265885874074
9 12 18 5 36415 0.9282634380387996
23 7 29 21 71358 0.9823959553253307
10 26 22 1 71171 1.0803922729716309
7 7 29 29 79048 0.9485791798978235
20 7 10 10 51331 0.9614686963090168
17 13 28 5 46646 0.945824498510033
24 25 10 16 54207 0.9504116981983147
21 11 5 13 45899 1.0184113199558902
25 29 19 18 66303 0.9685518762547307
15 29 3 28 61146 0.9577978607946542
9 17 25 1 64427 1.0360430016041127
28 15 11 20 53945 0.9124917348865796
23 12 29 25 53187 1.01694528876269
13 23 27 18 40924 1.0624972794939676
6 9 9 18 24786 0.9403895967429372
15 27 11 15 38310 1.0720194933104241
25 18 4 3 84969 1.0030459929726208
15 24 15 0 59335 1.0612682880405155
26 26 16 29 66859 1.0836133600854332
23 0 9 25 74561 0.98589846874472
20 5 11 29 77609 0.9352369577806656
4 28 6 16 45585 0.973817559019284
27 20 18 28 36511 1.0345672023334085
2 21 17 2 56431 1.086450029513583
26 23 5 5 64287 0.9581518185357918
2 24 2 12 36319 1.0698920013006656
7 16 18 10 39768 0.9302395433737589
10 0 22 24 61447 0.9484074523625805
28 5 22 28 75093 0.9581408965163263
4 24 10 11 31803 0.9606940941475793
0 13 7 25 39114 0.9029711369838315
0 8 19 4 68991 1.0962098115240773
2 13 1 29 51472 0.9597449340478614
1 18 23 12 72813 0.9891943575159032
15 6 12 24 57336 0.9605458943836693
10 3 7 15 25809 1.03078737686422
2 29 11 16 50858 0.9560831020904437
27 3 9 11 60181 0.9260034898112209
7 20 24 15 53770 1.0986391966494538
12 22 6 17 19989 1.0670589711366827
13 11 1 17 46647 0.9532924167669492
16 6 25 28 92240 0.9646194998249438
29 10 10 2 67740 1.0252536603830325
28 9 0 22 73524 1.027668715591711
13 21 9 15 19558 0.9041761223943927
5 5 11 19 38785 0.9815570042836135
22 25 7 13 46886 1.084775100640186
16 2 27 23 65802 1.0902104139900308
25 24 11 15 51568 1.0600945619540914
26 18 26 28 42339 0.9848686656582062
14 19 28 14 55887 0.921105875281195
9 21 18 8 41826 0.9563784762982361
14 1 29 11 65206 0.9579696003078234
0 4 6 15 42519 0.9081927102777624
2 21 11 26 32818 1.0951029645603025
1 7 15 20 67652 0.9115820030090909
2 18 25 1 88050 1.011963832916688
25 5 12 20 78014 1.0058814823957176
0 0 23 17 88630 1.0880600670521163
16 28 12 14 54310 0.9042629582498449
11 14 6 22 21439 1.0209947076638368
22 9 17 24 53238 0.9546298341989565
6 2 16 2 24233 1.0199845443311715
12 8 22 4 52597 0.9210037516548532
10 14 4 2 29908 1.0821515872689484
20 12 11 11 33835 1.044520494064842
25 7 10 9 77314 1.0162782773872496
28 16 26 3 44789 1.0441557839665918
18 2 11 5 28742 0.9732907097298087
0 18 12 22 27895 1.0919146857362898
7 26 17 16 47978 1.0848846768919804
10 28 18 14 42768 0.9968221414955325
4 13 2 28 47242 1.0628426017182506
17 15 5 18 37858 1.0630336114347179
2 18 16 0 67503 1.049722342234871
26 12 17 14 32701 0.9904334315567349
28 27 21 4 78399 1.0244318409376274
29 24 12 19 49465 1.0463532603386434
10 15 24 14 43100 1.0013966388734301
19 10 13 24 47623 0.9874007284910709
14 21 14 8 54831 1.0539717828543913
15 6 21 20 57868 0.9905552239000892
6 8 15 27 59576 0.9033926205405166
8 17 26 7 83148 1.0209034831275936
11 12 8 27 28721 0.9263057422706887
16 2 4 5 36199 1.092743400376585
17 24 0 8 66212 1.0275276442076993
9 10 14 27 43934 1.0786866573438225
15 25 26 7 79876 0.999096379198447
7 23 25 23 37511 1.0361702819524805
28 5 3 16 88224 1.0143495959086202
13 25 2 8 63720 1.0513000000052188
7 19 8 4 24299 0.9273330847509397
19 3 27 21 65028 0.9846169669224275
8 28 21 12 56016 0.9392755343823102
13 29 13 18 52308 1.0369258074241894
7 14 15 22 24353 0.9313013284612582
28 28 10 4 70418 0.9067825494417859
18 0 13 14 45145 1.0650131766567437
4 8 12 27 62882 1.038140499151833
28 22 3 12 56523 0.959391863734144
1 26 7 13 40835 1.0554821172916486
29 25 6 3 75915 0.9693430335794418
8 14 15 24 26534 1.0424136479898047
0 18 29 6 98382 1.077331547512316
22 15 29 20 33625 1.0357441614010374
13 24 21 16 47577 1.0063243797525778
16 14 29 12 39684 1.0316444266129663
12 8 24 1 62972 0.9177553768939667
6 2 13 12 35436 0.9111452065869529
17 13 5 24 41468 0.9558846581597857
17 25 2 13 52406 0.9379484112951768
3 6 10 10 32338 1.0065064050812105
21 21 17 27 27442 0.9294379678078275
23 17 5 23 51861 0.945082571962654
3 11 16 20 51901 0.9094593082774434
2 19 2 2 51151 0.9141485460016691
18 28 27 8 69933 1.0658321354079985
10 12 21 12 39950 1.0153114058361128
10 10 6 25 34281 0.9174057144011677
24 2 20 11 40281 0.9515425606436937
22 18 13 8 58979 1.0556219565955896
28 8 28 21 32046 0.9547939631349361
17 21 6 21 28373 1.0234001559638766
25 7 29 25 70576 0.9938255075011522
28 15 23 0 58308 0.9428566357561481
10 0 24 8 72148 1.0312725807929675
24 20 17 8 57620 1.0604429588954707
11 19 10 1 36514 1.037232646414954
21 12 2 12 56151 1.0036310596575804
1 12 14 2 48398 1.073283693186976
1 17 21 23 53013 1.0483132895846674
0 0 24 1 68680 0.9415010907936537
25 3 15 9 54427 1.0343659861168806
28 26 8 6 59078 1.0769697022362326
14 4 5 8 45212 0.9398919410637966
11 18 26 3 73768 1.0982682275811175
19 27 25 5 72990 0.9915222964122923
8 21 28 26 40749 0.9773306255957126
27 5 3 4 78068 0.9754056173644114
19 20 9 21 24436 0.9598986550279399
9 24 2 29 33847 0.9300586528300543
19 16 7 16 40023 0.9575101957556407
9 27 6 6 39707 0.9420473277898173
9 10 15 15 22037 0.9043402303121745
27 10 5 3 82523 1.0811913986962645
5 25 13 14 38474 1.0789242971419952
7 11 13 2 26629 0.9775338124245533
3 29 23 24 65634 1.0542715015639084
19 13 9 16 27922 1.0233716161736064
2 2 10 27 51022 1.0918908963793723
27 7 6 13 75868 1.0332671147645165
22 6 6 2 52154 1.0585239533057655
7 5 21 6 50873 1.0519780870355881
3 26 8 11 34605 1.0656239324529027
6 5 10 15 23220 1.0522591449425667
6 24 6 11 31104 1.0403073472571562
10 20 20 26 38039 1.046378454140078
0 4 19 5 58298 1.018287570417387
7 3 15 25 49626 1.0427079979056202
16 9 28 15 48648 1.0919459233654687
7 23 23 24 38207 1.0285724565522358
6 16 1 9 38301 1.0801246360345849
25 12 22 28 71345 0.9819687411568736
2 20 24 14 66319 0.9150508045138169
8 28 16 16 40776 0.9882048558622764
14 15 26 13 34637 1.0757755676973935
10 24 27 17 50973 0.9987318750837184
28 15 10 5 63954 0.9171072921312609
8 3 25 1 50759 1.0715638098181586
4 4 25 6 79246 1.0880161605594125
23 20 0 13 64750 1.0905244098574618
5 11 9 25 28441 1.0470937567572254
1 18 9 21 26994 0.9756634451363184
6 11 22 23 45301 1.0826677648101488
9 15 28 10 56079 1.0776533703629003
2 21 27 7 86129 0.9142059891294609
29 16 1 23 64108 1.0759053862476455
29 1 28 15 37527 0.9718352088160476
6 26 17 14 55482 1.0930738134337545
14 5 7 23 41830 1.033166811139238
9 18 14 12 25896 1.0372834848162662
13 1 10 22 39835 1.0713706113060368
16 1 15 13 40246 1.05688399214336
21 13 24 20 40503 0.9631427722420536
19 24 14 12 44465 0.9736530679850617
8 20 0 28 28852 1.0586495060425865
28 21 15 25 30710 0.9503624147573714
15 19 28 15 45946 1.0664572033783806
2 5 10 3 30714 0.9133321801510536
6 5 14 24 48153 1.0731426575537921
2 8 19 15 60354 0.9165606909208491
6 29 12 25 41422 0.9932978419605423
5 29 1 6 70599 0.9324702349994489
18 6 11 23 49758 1.0420242811455513
12 29 19 21 48587 0.9263826917119352
1 9 9 29 52216 0.9766315170462114
11 18 27 29 65244 0.9175029349466627
9 1 1 28 58158 0.9407148892171616
17 22 2 2 52207 0.9239025338763485
22 2 9 25 58542 1.0057776693595135
20 18 10 25 37511 1.0444772545586847
27 6 9 24 77363 0.9100588785155378
3 11 14 2 42734 1.0696698172846442
8 22 22 22 21159 0.9150775006671507
6 21 18 21 25593 1.0145864406162333
15 29 25 27 58445 1.072755675794136
18 9 23 15 25990 0.9874891320757369
21 24 5 27 47647 1.0464347278978305
23 29 23 6 101336 0.9271648227078234
17 17 9 11 34657 1.0950260595577803
11 1 24 18 75427 1.0384413071557332
14 9 21 3 48703 0.9328937742016421
7 14 10 0 30747 1.0255072272661603
1 18 14 27 55653 0.9804322411260008
19 24 12 14 43210 1.0557983906418393
14 2 19 18 46645 0.9092021057437805
27 10 12 14 56303 0.9201319987124835
7 12 28 8 67593 1.054547916382228
6 5 19 21 47871 0.9381879625357742
16 23 29 11 52852 0.9807334068838518
20 24 9 6 42074 0.9983190122407941
5 8 22 15 60203 0.9992919053326388
24 21 6 29 53279 1.047568602653128
6 26 20 8 75149 0.9093187203525529
22 5 4 26 84430 0.9309210546708796
7 28 24 6 86437 0.9697798408461109
4 28 25 28 87678 0.9839338463171377
11 25 24 27 63285 0.9468645413877398
24 0 8 12 62397 0.9122356299034873
5 24 6 7 42700 1.0362719007664827
8 18 28 11 60022 1.0308444229263314
11 0 28 25 74920 1.0145226637576115
11 14 26 14 49384 0.9087325912709904
7 17 19 0 56760 1.0580441857843592
3 12 19 19 55346 1.0236385774298404
26 26 18 29 53171 0.948524094457321
13 18 0 18 41490 0.9318415612953419
24 16 17 19 36999 0.9853039724919269
17 0 8 22 57028 0.9444684972106951
14 10 8 21 36485 1.0163128874076346
20 7 24 15 38242 0.9800075762160254
22 21 12 29 52995 1.0263049647092954
18 24 9 11 30691 0.924108920631307
1 7 12 19 62942 1.0156888442971028
22 10 28 24 53879 1.050052637746015
28 19 16 17 40103 0.9313966955849889
14 1 26 24 83047 1.0926787068036552
9 14 0 13 22439 1.0590633042487814
1 0 1 11 36785 1.083794817465151
17 7 28 14 46761 1.0016057540299184
7 2 28 12 66934 1.051295240652398
7 8 16 20 47155 0.9075443543911142
0 14 25 2 75794 0.9869652635133137
5 19 22 29 62437 0.9582286203089635
15 19 0 10 56701 0.9175627893969004
16 7 12 19 57620 0.9852189469626887
25 7 4 23 96728 1.018823335713155
11 1 12 29 63075 0.9980553375506256
25 27 8 12 68729 0.9895098437220554
14 3 7 16 44517 1.0016216178821848
25 7 6 19 94947 0.9205175765995357
26 13 10 13 39420 1.0243794884278734
11 3 3 25 53235 0.9281438666535003
11 1 27 18 75355 1.0683362195963393
2 19 9 0 45545 1.077246444909311
4 9 28 0 85109 1.046444523478377
0 13 25 7 95712 1.0977973840507327
13 17 19 21 33154 0.927429409276167
15 24 7 9 39098 1.0765309320160508
13 15 22 18 32875 1.0467420916514836
12 8 7 16 38935 1.0745320147309125
14 23 22 9 55672 1.000284017191382
4 26 20 9 74721 1.0882541329043651
21 29 3 13 73659 0.9778121607504379
1 5 17 24 66485 1.085874049815516
4 7 0 29 71327 0.9300632831400927
22 5 13 6 33264 1.074048747167985
4 28 25 13 77907 1.0816447863922696
6 25 21 7 80845 0.9199956213356176
15 7 4 5 41120 1.0889777711752828
7 25 16 27 40614 0.9363574587686652
5 24 18 25 31508 0.9178830609150691
10 1 12 23 39754 0.9787538809638756
20 22 16 6 49381 0.9595637900854502
3 16 1 27 42689 0.9815490301192674
14 15 22 22 31531 1.0286758746680538
27 20 14 0 87750 1.00527874663474
15 28 28 8 72312 1.0937191123437737
23 27 11 21 47834 0.9077480277476114
7 25 20 20 34298 0.9551225320080465
7 15 20 14 37830 1.0303149476001483
29 11 22 18 40146 1.0940699997537189
29 25 11 10 62205 1.0380363619090334
7 12 24 9 65926 0.9054618572619234
26 7 23 23 66085 0.9267589854145478
26 22 6 7 60047 0.9503241641815579
27 18 7 22 44617 0.9545821622013886
22 14 2 15 56923 1.0422738550012438
27 18 17 4 65183 0.9573876244262379
3 22 25 9 83822 1.0003595153318179
24 7 28 27 73831 1.0989279843447175
24 5 3 8 76296 1.0751568434403338
24 13 2 7 71457 1.0584972380736892
19 2 21 13 33073 1.0685618864871957
8 23 11 3 36700 1.0475416722222768
14 12 18 19 29381 0.9690771335112035
25 14 3 17 71853 0.9042632919357488
11 18 26 11 64259 0.9846119519158847
11 18 2 28 39899 0.9660223193701889
25 1 1 29 108331 1.036739132359865
1 11 14 2 49431 1.0488583689618909
18 14 14 5 31229 1.0890033213076866
2 25 21 19 54074 0.9454031495735784
7 28 7 1 43477 1.056236628595637
5 16 29 14 68163 0.9084234676459458
18 15 10 11 31882 1.081699337164471
1 19 9 1 49509 1.0058747340686656
12 24 28 4 79640 0.9390670627735845
24 16 10 9 59922 0.9887840765982796
3 22 0 5 46459 1.0171832984876894
3 17 8 23 26091 0.9525423808825728
22 26 18 15 36842 0.9457479526042755
25 7 19 15 57867 0.9567246114624777
29 8 13 11 62834 0.9823006043323235
15 14 24 21 40316 0.9232535709434755
2 6 11 29 67198 1.0047634564527874
20 19 28 5 59905 1.017828418552956
16 19 27 18 40640 0.974777590880262
20 24 27 6 64954 1.0864999468901024
17 29 0 23 52859 0.9931898575827671
19 9 29 3 52526 0.9157127325852698
21 11 3 3 67315 1.0609683960928455
19 4 8 8 42018 0.9055283778577542
5 10 17 23 46329 1.0859838718634163
21 28 9 26 47056 1.0585666481826055
5 12 25 3 73130 1.0422254541615479
9 17 1 11 30349 1.0502252324287171
22 0 26 15 60126 0.9302049830545723
20 29 18 7 58092 1.0824429668093627
12 22 5 14 25543 1.032324263180317
4 9 9 25 40132 1.0923574081090353
27 18 10 10 59682 0.9320795119048726
15 6 24 27 83778 0.9629438664348123
23 13 7 22 47852 0.9200492242896817
16 14 23 27 55920 0.9571499109181673
12 27 27 23 53819 1.0195953840886098
22 24 8 22 29292 1.0833401112771202
3 27 28 1 98724 0.9607842797243858
27 17 22 6 55940 1.042417303637281
27 12 10 8 64041 1.016894769134686
7 2 11 23 36079 1.0567205474719636
29 0 1 24 99197 0.9792656549429155
22 12 24 28 73843 0.9036833534481205
6 7 14 1 43402 1.0448445751871156
18 26 13 13 39586 1.0081889972433695
21 22 14 16 35891 0.9465391524724507
27 1 11 14 71331 1.0672576599889791
27 4 18 7 37599 0.9145094570479908
11 1 13 25 55701 1.0465360081654762
4 21 7 13 23700 1.0962206545537687
25 27 1 29 92858 1.0407206758455183
0 15 12 17 37748 1.0473352948247452
15 21 20 3 56096 1.0877538404286304
8 28 18 17 33220 0.9628439065109944
3 24 11 20 29104 1.013532642692942
18 28 0 24 44521 0.939119218330466
27 29 10 24 60403 1.019954127571723
25 7 5 19 95541 1.0974673885434112
14 11 24 5 44103 1.070985528105513
23 13 10 8 48756 0.9324504937393432
25 19 29 12 36198 1.0495973189589365
23 13 24 26 61555 0.9855797679906686
28 7 18 9 44059 1.0781714574202939
26 27 24 11 62866 0.9417414339241663
16 5 8 28 50987 0.9277781747753701
5 4 26 8 89842 1.0062735189773737
2 8 9 21 40650 1.0954459885972054
29 9 6 9 80667 1.0479497858743732
0 19 9 11 33569 1.0729545999399217
18 18 16 27 29577 1.08463646107473
6 21 4 8 48119 0.9378046219112615
6 21 20 0 66911 0.9291105449288742
29 0 19 18 70051 0.9717570695747014
12 26 27 28 67085 1.0090225826237855
16 14 15 5 32216 0.9585404212964239
25 3 11 6 60014 0.9358674553762706
18 15 4 3 55968 0.9453480475749041
5 9 14 10 39945 1.0787265608236014
3 4 29 3 73405 1.0272549800984379
13 4 28 13 62092 1.0640004698636913
17 21 2 21 32039 1.0726036710523177
9 24 17 0 57699 1.0950359270258228
5 28 27 1 95442 1.0910804506032465
16 9 27 0 62852 0.9075157295776385
18 1 4 11 51393 1.075089155132735
29 25 27 5 56530 1.0036195462189612
14 20 24 19 41649 0.950839913348166
15 15 4 29 57324 0.9847499285280168
20 21 5 2 53044 1.094144806169268
18 11 24 3 38925 1.0866855991443987
5 3 14 19 55359 1.0532092218411928
28 7 0 24 83489 1.0161692751105091
29 22 0 12 63686 0.9853466118203815
20 29 28 26 44936 1.0920616785541697
7 27 7 8 36764 0.9867570436500412
14 6 2 10 57379 1.0659815964726778
5 25 0 14 35549 0.9206101095058721
26 28 16 0 96804 0.9973964417602189
11 14 27 15 48615 0.9087615673962847
5 6 28 4 70068 1.0663279888896136
2 4 27 0 77564 1.0053499395956331
27 11 10 15 58490 0.9364231341273364
15 5 2 0 45484 1.0581693110146664
21 5 1 24 77804 0.9128992799719275
0 1 5 21 53365 1.022076775114387
3 10 18 20 53287 1.0921203863049185
15 25 0 16 46659 0.9703738368697822
8 0 13 8 37103 0.9410777703931821
28 26 11 10 60263 0.990216204366961
7 20 27 6 84360 1.0762826828401857
2 28 26 14 84459 1.0462043470635134
18 17 7 27 37201 0.9400804861834959
3 21 25 1 82891 1.0784217909535647
14 13 29 26 58253 1.0969674447574675
10 22 21 10 49926 1.0517466783254346
10 2 28 15 66914 1.0998576275481637
8 22 19 9 48703 0.9798966211402691
23 10 15 27 64979 0.9849176447689235
8 8 22 20 46367 0.9526105267657209
7 19 2 6 44578 0.9529621194629008
11 25 11 3 47994 0.951584028541156
24 21 5 4 62467 0.9838178893117
29 11 14 1 65206 0.9094815041727236
5 15 17 12 38857 0.9021937288896532
2 3 11 16 46029 0.9913712293713048
28 29 9 15 53633 1.0335677267599572
25 6 10 23 83067 1.0839970513238262
28 26 2 14 67466 0.9343948644923947
8 13 6 1 23655 0.9222559999821213
22 7 21 20 57674 0.947839221326404
9 16 1 0 43969 1.0992207601384816
22 26 24 14 55564 0.9535565909894294
8 28 9 16 16068 1.010627440781646
21 25 27 1 83207 1.0917653682016426
14 16 26 15 40518 1.067416835636395
20 29 20 15 46686 1.0525053881443496
26 14 25 29 67608 1.097434261787041
3 7 27 25 86172 1.0356653442891035
1 5 22 22 63694 1.084662658627674
27 27 17 21 39882 1.0018023392464055
5 9 23 1 68216 0.9967898221673813
22 24 5 21 36400 0.9728591543122109
29 0 2 25 98124 1.0289609162932087
12 0 19 7 43948 1.013477601484137
13 15 15 6 33725 0.9397036151628243
