4050 2641 2470 2857 2908 3077 2933 1772 3307 4592 3135 2465 2213 2739 5281 4369 4083 3016 1666 3725 4955 4109 3701 2988 1928 3312 3333 4355 4040
4922 6279 6162 6322 4674 4260 5378 3467 6713 6615 4501 6090 5954 4801 5693 6280 6532 3631 6624 4463 4930 3918 4520 5985 6376 5834 6815 4868 5113
3175 3904 5011 3961 5700 6426 3201 5832 3570 3185 2647 6240 4826 3036 2751 3098 3159 3577 5262 4292 3810 5102 4567 5133 4771 4693 4293 2993 2883
4454 2854 5269 5195 5919 3374 4573 2723 4340 3845 2500 5198 3538 4261 5460 4617 4086 2417 4811 2921 2842 4923 2358 5332 5358 2444 2556 3421 5083
7797 5122 4601 7910 6573 4468 6182 4948 7180 7977 4871 7398 6549 6243 7831 5808 5830 6405 5029 4681 7171 6495 7565 7528 7439 5413 7372 5951 8153
7419 7104 5533 7432 5870 7625 6833 5277 4319 5587 6442 4338 6035 3967 4072 5722 5424 3930 6164 6926 7721 7593 6969 5732 7302 7676 6785 6524 7140
8379 6128 5912 6924 8309 5090 5014 6462 5468 8536 6201 7691 6247 5613 6626 5238 8266 5074 5406 6476 6882 6797 6907 5239 8237 7780 7989 5500 6810
7387 5851 8895 5666 5692 5580 8155 6451 7191 5833 6786 8197 6415 5712 8009 6381 8398 7497 7528 7247 8676 5124 6030 6721 6049 8898 7627 5720 5354
7150 7488 6748 7650 5598 7917 7081 7082 6812 4444 6637 5320 5150 6169 7553 7165 7524 7432 5851 6188 6312 6638 4283 7292 6197 4906 7489 4767 7328
5610 6224 5160 4707 4147 3668 5880 6845 4971 3335 5418 6757 4430 4479 6803 6376 4826 6117 5075 4578 3641 4384 3743 6391 5912 6195 3777 3726 5930
7124 7071 5522 6356 6805 5024 4333 6966 7503 6976 6868 7014 6354 6587 5119 4140 5383 7116 6131 4007 5340 3911 4674 5078 6301 5954 5584 6819 4578
5725 3984 4656 6238 4414 3674 3895 5296 4153 3155 6177 4306 3073 3549 3115 5321 6130 4637 2969 4059 5674 5723 5363 3306 3325 2497 3189 2573 3479
3749 2989 3626 1746 5031 1580 2187 3218 2455 2123 3875 4812 1478 2948 4281 4411 4697 2266 2766 4904 3263 1786 1966 1572 4086 2830 1547 2622 4354
2717 2771 4437 4304 4553 4317 2321 4392 3457 1979 1812 4122 2702 2631 4903 4224 3205 2389 3716 1744 4160 5042 2732 3616 2229 3341 1524 4094 4028
5278 4453 2774 1818 5105 1810 4407 2177 4680 2186 3681 4572 5138 4299 2710 4272 3615 5506 3808 1816 3627 5436 2169 3792 3949 3933 3119 2896 4964
5746 5396 4234 5453 4455 4319 5270 6447 6878 4889 5473 6705 5065 6605 6850 6997 4612 7046 3786 6534 7307 4861 4371 4478 6532 7306 3681 3961 4727
5848 3634 5113 3191 6641 6903 5660 5066 3971 3164 5945 4163 4666 3713 6731 4666 6921 3361 5501 4969 5266 6573 5568 6155 3832 6293 5566 5711 6140
5730 7791 5140 6961 8618 7073 6691 5247 8173 7366 5129 7518 5118 8311 7734 6996 8587 8097 5151 5240 6041 7505 7911 6730 5760 8083 8062 6351 6075
5869 5504 4483 6400 4349 4300 3177 3839 6209 5120 6070 3944 3065 3859 5693 3760 4214 4720 5251 3760 5150 4867 6339 3792 3143 4555 3347 2697 5057
4463 3933 3058 3505 1744 2122 4799 3786 3357 2677 3101 3844 3568 3306 1911 1875 2719 2348 1904 5509 2623 3328 2720 2192 4482 4940 2640 3912 2595
4105 3433 3525 5763 3589 6285 6326 4655 6418 3344 6567 3037 5282 6443 6177 5115 5839 3206 6593 5103 6556 4921 2953 3490 3366 5026 3627 5674 5237
4413 5099 5840 7389 4020 6048 6263 5395 5763 5706 4676 5343 6765 6288 5194 4599 7316 5219 5769 6368 5688 3973 7643 4560 7206 5489 5257 5250 5643
5577 5463 7099 4927 4380 7183 6424 6713 6127 4710 6002 4790 6989 6012 3994 4375 6375 7068 6045 4999 7468 5237 6053 6404 4132 6089 6354 5881 5378
3878 5709 4756 4439 2984 4227 2087 3037 4816 4778 5745 5276 3785 4648 3659 2804 4126 5582 3104 2656 5413 5656 4302 4065 3112 2477 5041 4460 4838
7773 4414 5103 6207 5791 7703 4237 5137 6713 7733 6924 3994 5217 5307 4626 5271 7231 5870 5175 5024 4307 6023 4534 7411 6048 7681 6746 7653 6319
2583 5688 4100 2512 2437 3124 2337 5305 5446 2415 3899 3087 2627 5527 4668 3747 3274 4769 4815 3958 3869 4537 5360 4231 4624 3799 4266 5059 4565
3927 3751 4042 5041 5404 7172 5201 4570 3825 6608 6058 5753 3872 5146 3769 5892 3687 5958 6682 4428 4804 6949 5150 5000 6219 6214 5936 4489 4665
3397 4277 5078 2919 5890 5417 4556 3342 4977 4841 5203 5239 3375 3676 4890 3832 6366 2848 5569 3306 6612 3047 4587 4241 3615 4233 3798 6117 6558
5778 3299 5093 3536 3428 4234 5515 5006 5892 4980 5063 4459 4032 2817 2751 4413 5782 2947 3589 5589 5081 4942 5568 6016 2971 3546 5966 5277 4517
7983 5436 7666 8437 7337 5483 6405 7233 5815 7844 6600 7381 6192 5189 5844 4794 8363 5525 8492 7961 5793 8227 8032 5754 8378 5039 6949 6463 7926
3329 3121 6986 3504 6663 8777 6704 6023 4378 7036 4485 4832 4703 3976 4642 2938 2896 3891 4722 8179 2369 4380 1532 3592 3026 3058 3353 4070 3950 5866
3391 3482 4538 3051 7258 8811 5637 6669 2933 6741 6841 5675 2051 2795 3399 2477 2376 6361 4450 6983 3976 5274 4416 4738 3234 1391 5821 4507 1859 6315
4746 4151 3301 3762 7266 8201 6507 5803 3925 5827 6106 6238 3716 2218 4226 3555 2917 4775 5169 6735 4450 1874 4042 2929 4956 2079 2614 2407 1683 5252
5376 4616 4359 1613 5610 5576 5407 7562 4878 4208 4064 6606 4612 5444 2547 5941 3921 3514 5267 7109 2581 3261 4807 5649 4385 2378 5631 3349 2354 5971
4936 3734 4176 3236 7265 7323 5762 7055 4286 7236 5577 5511 4914 4575 3263 5964 4079 6498 2553 5927 3875 5362 4259 4235 1666 3817 2176 4510 3832 4175
3941 2631 3434 4893 6843 7121 7529 8670 4247 7226 6139 4063 5428 3836 2318 2526 4890 6896 4663 6673 3751 4055 1479 3492 3954 1409 5632 3604 4146 7172
3455 2241 6439 3287 7236 7780 3921 7884 3898 4248 6974 3721 4232 5435 5543 2384 4440 6901 3324 5634 3033 4083 4435 2865 4412 2697 4615 2165 3443 4939
5155 1690 6558 3470 6166 6133 6900 8587 2782 4316 5649 5064 4501 3579 4328 5130 2256 3956 5422 7252 3939 4709 4640 4876 4222 1321 4157 3727 4891 6375
5881 2643 4431 2600 7057 7443 4024 7360 3374 6765 6397 3351 2954 4211 4648 3366 2980 4536 5145 7904 1540 2863 3212 2711 1565 3284 5696 4986 4730 5430
4480 3494 5791 2810 7002 6666 4573 6051 5070 6881 3990 3260 3611 4085 3816 4209 2018 3146 2640 6255 3013 3861 1443 3180 1416 1656 2865 4695 1833 6213
3605 4157 3459 1692 6013 6643 5639 4906 2458 4397 6979 6130 3543 3632 5551 4678 3022 3451 3012 7180 4262 3765 4065 2386 1402 2863 3096 1967 5352 5566
3596 1608 7029 1826 6966 7869 6454 8193 4561 6433 3706 4364 1859 3261 4884 2380 2549 6466 5933 8043 2806 5494 3925 3487 1242 1905 4750 1885 2130 3871
3387 3243 5322 2656 6313 7929 6217 5003 3893 7182 5623 6757 5537 3512 5126 3126 2611 3482 5869 4755 1859 4251 1669 4384 1725 2251 2875 2221 2648 6139
5113 3964 4161 3618 5423 8754 6362 6301 5840 5883 6502 4510 3909 3724 4636 4692 1319 4563 4333 7605 3876 3570 4472 3137 3045 3668 2205 2865 4388 6078
5009 2789 6795 2127 5734 6373 7370 8682 3981 4481 5305 5945 5036 3404 5172 3883 1773 4502 2551 5413 4463 2240 2220 5305 4077 1289 3565 4893 3188 6418
5217 3285 4667 5043 5299 8523 4972 8171 2906 6642 6991 4909 4421 3765 3207 2658 4338 4634 3491 6716 2602 5051 3115 4728 4064 2439 5667 5088 4312 6253
5899 4564 4978 4445 6423 7726 7052 6762 5621 7518 3722 4906 3806 4952 3093 5755 1322 6462 4209 6000 4286 3360 3119 2430 4143 1489 3338 2707 2058 4245
4410 3013 5180 3445 5511 6557 4362 7412 4107 6327 7255 3639 3186 2944 5407 3603 4382 3252 4313 6652 3248 3212 3883 5654 1471 3682 5004 4707 3570 6612
4774 4674 4741 3633 4666 6717 7400 6480 3836 5072 3615 3064 5428 2828 4299 3439 2652 6613 3168 6096 2979 1944 2460 5773 1221 4124 2866 5062 1909 4483
2413 2055 7059 4967 6002 8288 6547 7063 5634 6609 6608 6616 4391 2391 4660 4038 4816 4530 5022 7651 4338 3519 4816 2319 3731 3712 2322 4179 2817 4741
4462 2220 4066 1680 5432 8363 5947 5623 3836 6233 5655 6410 3166 5435 1971 4778 2955 5166 2183 6971 3168 4242 1392 2956 2047 4390 4804 2131 2770 7144
4630 4192 7079 1617 6906 6476 6820 5488 5187 5194 3818 6136 2357 3629 3080 4359 4933 5228 4221 5338 4377 5436 4378 3674 2251 2880 4534 2318 3753 6843
4159 3753 6578 3554 7470 7387 4099 4983 5062 6863 5239 4508 4759 1855 3459 3999 4038 3269 5942 7058 5143 4782 1309 3250 2381 2873 4982 1718 1704 5492
3079 1255 4671 1989 4541 7066 4611 8411 3426 7500 5259 3994 4892 4283 4662 4402 2982 6293 3275 8006 3075 3563 1777 3034 3294 4725 2247 2288 5160 5524
3281 2721 6566 3978 6562 7718 4300 8245 4074 7273 5943 6208 4466 5376 3848 4358 5091 3774 4789 5666 2958 5174 3589 3404 3923 1863 4402 2681 5036 5584
5540 1899 5315 2902 5967 8773 7207 6942 5141 6838 5602 6015 2215 4478 4591 4972 4883 6504 2968 7016 4394 4558 4086 5617 2979 1515 3094 1985 3231 5946
5687 3053 3770 3930 7193 6542 5351 5543 3122 6537 5122 6734 2945 2780 2249 2390 3131 3476 4481 6454 4799 4219 1691 3058 3920 4626 3047 2886 4301 4720
5638 1223 4318 2785 4214 6751 5415 8084 6028 5822 4932 4240 2286 4148 4883 2591 3609 5002 4631 5183 1668 3083 1594 3240 4678 3881 3807 2182 4123 4473
5232 1633 4194 4205 4570 8456 4792 7167 3212 6003 5178 6459 3150 4229 3405 3937 4747 3700 4935 4846 1932 4545 1167 2952 3558 1918 2706 3337 4288 4010
22 19 20 4 64630 1.0272015504055123
9 5 18 0 48203 1.098272296235254
0 9 18 21 94684 0.9413349339821431
24 17 10 11 70765 0.9817033754627367
6 2 11 29 101267 0.9354502387262923
6 28 22 5 127527 1.0978659993352549
12 19 6 8 58255 1.0079312437533225
19 26 24 4 92374 0.992384757413768
5 12 17 2 75435 1.0044593160179935
4 22 5 12 52696 0.9060172050712566
25 8 16 4 48214 1.0688530656731663
29 7 17 14 75975 0.9138708184424976
29 16 3 9 112922 0.9691682907178362
5 17 21 23 71952 1.0290016600654568
1 3 7 15 60805 0.9912402888518275
29 26 18 25 39666 0.9602830304600171
28 25 19 17 50642 1.0834453854350217
0 13 11 0 76055 0.93483028029831
16 2 6 2 38876 0.9479391447641402
17 26 28 0 112001 0.9536746345066095
9 18 22 24 51848 0.9629040695143627
16 27 28 10 92679 1.0046581032719257
25 8 8 9 79678 1.0305085709866704
5 11 2 24 62647 1.023115879347406
25 18 29 28 55177 0.9087166832053899
20 1 8 17 83989 0.9836477677336734
12 12 8 20 39372 0.9683271962884447
20 11 11 13 39100 1.006554921625532
3 17 20 23 69975 1.0073741127577558
12 16 2 27 54071 1.0724095546960273
24 8 10 3 60503 0.9961137131303034
1 3 18 24 114130 1.0758147857455438
21 24 10 29 42427 1.032042911893653
20 22 13 18 36914 0.935521261974173
29 21 23 15 42891 0.9540677854890907
13 3 2 19 87871 0.9966494279157561
11 7 21 27 91482 0.9379017668278264
1 9 29 29 148947 0.981522168148801
6 26 10 11 72253 1.098119082281707
8 22 9 11 60678 0.9756649536689649
15 9 26 2 64033 0.9174951942611287
12 0 9 22 79624 0.9578707254609653
17 2 24 27 98370 0.9379039894688622
9 13 4 23 66922 0.9613250109016054
10 0 12 24 80918 0.9239209017462174
29 24 9 11 103061 1.0222469608019364
10 13 9 24 44367 0.961058014737017
9 21 2 3 90982 0.9744345639776468
26 0 25 16 61753 0.9895184342440894
15 12 9 7 43142 0.949339686544194
5 19 16 8 78841 1.0410409990610816
14 29 2 11 94034 1.0874354690939076
0 0 19 11 94963 0.9935088453628672
15 20 18 9 50949 0.9458940464490847
8 12 16 20 49691 1.0367154118611408
8 12 12 19 34814 1.0785438186197611
23 3 14 6 39244 1.0270830470675312
10 27 29 15 89766 1.0306657134436483
13 29 22 22 42281 0.9218680874458748
8 6 26 15 99023 0.9137456135383852
11 4 27 19 107279 0.981054304729655
20 8 11 17 56349 0.9681163961000594
22 28 28 24 30126 0.9100585974175103
0 17 22 0 120728 0.9414774576463302
4 5 29 25 146333 1.0492099811442146
5 21 27 0 129262 1.0483632980822262
8 16 4 24 53661 0.9293552121401212
2 7 21 0 88991 0.9690478909581757
0 22 21 15 83630 0.9789456036309274
6 26 25 11 96681 0.9997815731018544
12 11 23 13 44729 0.917605791436975
12 26 9 17 36571 1.080524137738108
26 26 29 18 45047 1.0935166619601238
3 16 11 19 41024 1.003861787817808
13 13 27 20 70965 1.086688464166796
8 17 11 28 47017 1.0309116568441326
29 6 26 13 44148 1.0968918888527839
28 11 8 14 82735 1.004857883967329
4 24 0 0 91068 1.032546254257623
6 0 21 2 59118 0.9411403668003842
16 13 20 20 34634 0.911868213143321
12 10 13 19 33726 0.9052125947170772
5 6 20 13 80473 1.0733875505996147
20 8 11 17 56349 1.0548482673233515
10 19 0 9 70952 0.9706518764081342
12 25 23 17 56136 0.901094581441448
3 9 21 16 79508 1.065767936816623
7 13 29 5 115062 0.9608338448228638
9 8 18 13 48843 0.9566198093375391
9 17 17 11 48530 0.965172470750293
3 5 4 24 78186 0.9596583091660377
20 5 2 2 72060 1.030953710670257
25 15 3 29 102043 0.9690150396296439
6 9 25 21 106544 1.098484142114206
23 26 29 7 98683 0.9044360032994602
9 17 27 17 67673 0.9631071990843816
27 20 5 10 110788 0.9057175294504531
1 17 4 27 44856 0.9522707947350473
16 12 7 21 58642 0.9545445084895401
1 29 15 24 49367 1.0855530747959565
19 14 9 9 54221 1.0183517515681255
19 22 25 12 51119 0.9999906969936148
27 26 5 12 108605 1.0411330550691449
20 12 12 17 37238 0.9320333613291965
24 9 18 13 43222 1.0802539017007655
16 0 22 12 63939 1.061021554688584
25 27 21 20 39314 1.0260526998960318
26 11 23 18 40644 1.0192474260140603
16 23 22 11 58539 1.0065558272734654
24 7 12 1 61894 0.9353733165599434
19 25 29 15 67250 0.9553631534574402
26 24 18 26 29525 1.0842982552764782
15 14 20 27 58506 0.9343905158513679
9 2 19 9 55768 1.06138468214299
21 1 19 22 69292 1.096497600202489
4 15 19 11 62981 0.9648084949605576
19 26 7 8 91790 1.0610931467561646
9 28 18 2 104691 1.0417062435001556
24 4 28 10 42778 0.9099778729352996
3 26 28 21 74772 1.0294383089316814
28 22 8 19 68428 0.9297613922998063
9 6 25 0 69455 1.02471664469677
11 24 15 8 58393 1.0816517967357986
9 5 24 6 68228 0.9744404533257381
14 16 13 27 31638 0.9135414004504856
29 11 22 19 60100 0.9251135243150697
4 26 17 28 46282 1.0112742807458217
10 18 16 2 73355 0.9150015785376293
17 1 19 11 39769 1.0840406801739024
29 7 21 24 97726 0.9300243229956889
24 24 16 19 39935 0.9711759341634314
26 18 14 13 58452 1.092211764290439
26 9 6 22 104395 0.9975749298915695
19 5 14 26 74885 0.9878985312248437
29 29 16 21 63508 0.9267154684502212
19 4 2 16 87559 0.9332959906098414
2 12 21 24 92707 0.9374411232838247
26 12 19 26 67668 0.9954265135065794
24 2 14 20 86928 0.9427345874661253
26 13 15 3 71000 1.0099601050028146
14 4 12 16 47780 0.9542383329445181
29 6 13 18 95283 1.0303498219219411
10 26 23 6 95928 1.0877094540572627
12 13 20 28 66706 1.0920242869131547
29 27 19 11 74132 0.9235109419363372
26 24 0 1 143232 1.0108048445059665
27 29 6 6 140108 1.0569476869977632
24 17 3 2 116193 0.9646529876208987
22 24 11 0 103748 0.9089032894317185
16 10 5 20 69800 1.0497944306448337
0 18 27 19 103857 0.9941732441257113
2 11 5 2 45493 1.0900238424918527
8 7 26 3 75609 1.093049934660409
29 24 7 18 87148 0.9413563991852154
19 2 19 17 45372 1.0915350387495066
25 21 12 28 50214 1.0381657506971675
13 24 25 15 66820 1.0048795166331126
12 20 0 8 77320 0.9696303431299577
14 4 27 3 45128 0.9272674710555902
8 24 27 14 75217 1.097442516866709
19 15 16 4 50815 0.957517925045579
27 10 2 20 110239 1.0261867607434154
5 14 27 8 102383 1.0075054003845132
8 19 13 9 53095 0.9908454734219623
5 2 26 26 132544 1.0421314718530152
18 1 6 25 104386 0.9129274807851475
0 0 27 23 149503 0.9819230873648759
23 25 15 13 58332 0.9424732069359912
17 2 29 25 107092 1.0097941238016777
7 3 20 26 102027 1.0649486508993729
0 26 22 19 78097 0.9330341663282061
18 26 26 16 58620 1.0875776915813455
26 13 6 3 95086 1.0222478867598022
8 24 0 0 105322 0.9417987943113688
14 5 27 4 53152 0.937229339043545
20 13 28 7 56051 1.0571081160386366
13 18 16 5 60554 1.0130807423076926
11 4 5 25 85834 1.0541730760054953
5 27 15 26 32544 1.0865065700752856
28 29 14 6 116110 0.924617157327609
6 27 14 9 77357 0.9318951547665254
14 12 25 19 64748 1.0077443304305091
16 7 21 28 86524 1.096686305059447
23 28 10 19 59735 1.049813426645131
17 15 26 29 69294 1.0618325230900292
2 16 7 21 36755 1.0109026776338959
12 16 0 1 81000 1.0011221501764453
11 14 25 18 58802 1.0633465744473745
27 28 13 5 110162 1.0802979288894299
3 14 19 5 86741 1.0674792714735626
1 10 28 7 129775 1.0822830614419994
20 24 29 16 58530 0.902673263413352
3 11 7 23 63355 0.9173416732713062
23 3 4 29 131071 1.0015099255648336
9 7 14 20 62858 0.9209594433230822
3 27 18 27 49050 1.094267766753487
0 11 20 28 105239 0.9559185735310054
29 1 11 24 109118 1.0564236428046025
0 3 8 25 89969 1.0337030846134332
26 6 18 10 50610 0.9029285021349845
12 28 14 10 58576 0.9983046808234963
4 9 10 17 57360 1.0109111849338717
27 20 9 18 71051 0.9862318921083784
8 20 17 29 50421 0.9863153855626113
29 6 0 13 133362 1.0418110730633445
28 24 11 19 64402 0.9587885935794277
25 13 2 8 102030 1.074115403187009
10 6 13 22 65232 0.9338153540097696
14 4 24 3 34318 0.9607889865924828
27 5 11 9 80869 1.0691269552809048
21 17 8 23 59893 0.9501852221384552
25 18 5 19 83433 0.9359638290774427
10 11 28 10 81466 0.920647777986282
8 16 13 8 39010 0.9058764533270678
12 15 29 8 86548 0.9486356197984067
14 22 20 26 28552 1.0579087723893068
19 12 1 6 92306 1.072702623894055
15 1 3 9 67841 1.069498997742134
11 23 29 19 70533 0.9477684425502104
15 16 12 1 52463 0.988251134990374
0 0 11 29 118671 0.9865579452049218
29 4 0 16 131844 1.076567381853485
15 5 17 22 78012 0.93714134439589
11 23 3 9 78475 0.9237561298581075
21 17 6 25 63228 0.902925451925592
0 21 12 5 89157 0.9265938930533402
20 12 16 21 38384 1.0883384502799556
22 1 18 23 81977 0.9286707003543196
8 24 25 15 70720 1.0429718750824752
11 23 12 12 38253 0.9290039903611599
6 24 17 29 44472 1.0715321523350096
21 6 26 18 65970 0.9512337362917892
20 18 4 13 65216 0.9078573013217596
4 29 25 8 127193 1.0879300784621195
23 29 5 25 58343 0.9458171761576494
0 4 26 13 118002 1.0400134679401396
27 23 24 3 86695 0.948731387482347
3 7 28 13 112234 1.0679210473647347
28 1 22 12 59650 1.0446776232463018
27 2 10 10 82491 1.0830083516649547
15 8 7 17 59169 0.9771314873524372
25 27 9 5 116369 1.0269796788721637
14 27 1 19 60781 0.9661942687099685
1 0 3 29 104341 1.0189430202169416
11 24 2 18 50873 0.9135540473989394
12 7 29 11 86275 1.0783342169127699
15 4 27 28 118002 0.9504140809995758
12 19 24 14 49123 1.000554385747522
28 22 16 22 34094 1.0021840070992492
24 23 9 2 106414 1.0109238000716207
7 25 2 4 98778 1.0672366084329052
24 29 26 3 112743 0.9733392488765448
25 17 22 27 48029 1.0801904295328644
17 4 28 0 48822 0.9727146272846465
26 21 13 3 103853 1.019480753751955
29 4 6 27 140069 1.0690980869751088
23 0 6 11 96029 0.9535560357818869
10 17 24 14 50969 1.0145822843361867
12 12 19 20 43995 0.949291841986199
2 14 3 4 41264 1.0429320497388843
14 5 27 26 103853 0.9793457441385467
11 12 19 24 56717 1.0967908132721682
19 20 12 6 62665 0.9515837585215253
17 16 8 4 68086 1.0190442512085616
22 12 29 6 55332 1.040162832801699
17 26 28 1 106223 1.0550540902471228
14 29 18 4 92274 0.9205270235375881
20 1 27 18 80485 0.9692896026496693
19 10 28 3 49392 0.9371541587668768
5 22 21 24 52261 1.0746011437902871
13 11 22 21 62668 0.9350587665686599
23 13 16 28 64336 0.9316256947401678
20 16 0 21 76685 0.9704776603711532
23 6 18 11 37042 1.0200285137313259
20 23 21 5 74236 1.0277608037033783
13 9 23 5 58818 0.9513409660485116
23 29 15 7 99474 0.9988020447007675
25 22 7 2 115527 1.0776749841779434
25 29 9 19 73897 0.9596405345478923
14 15 23 27 63008 0.9894236471146082
10 29 3 6 110067 0.9363375093488608
20 21 9 5 89141 0.9242019188666283
28 4 21 16 75813 1.042328778529229
3 17 28 24 96486 1.0434388988509302
9 0 6 27 112529 1.0126956491228856
2 22 24 22 70917 0.9365035654721702
14 7 24 5 57638 0.9995967201640203
2 18 27 16 91034 0.9526638049462836
17 8 5 27 96962 0.9805128440421658
12 12 29 23 83098 0.9473699757706269
16 20 1 18 58951 1.0667784076799078
1 5 24 27 138276 1.0134358173002866
24 15 8 13 64855 1.0468483127573252
25 17 6 15 68076 1.096139140941735
25 16 1 24 94555 0.92207718908308
23 9 21 19 54306 0.9371035033324622
17 3 16 26 85844 0.9505177415464938
22 17 8 20 57963 0.9120995745643468
13 2 28 20 110312 0.9333316753712215
8 15 23 2 91852 0.915552469475922
16 27 15 2 96513 0.9151787538347139
20 4 14 11 49451 1.0853923814914432
12 15 2 20 52294 0.9575329119572908
0 25 15 1 108475 0.932908123137072
21 25 28 29 35087 0.9766769095167496
4 15 24 16 68201 1.063139557041178
24 10 13 23 78146 1.0365229664517495
21 20 2 25 60960 1.0792304617397912
16 6 27 9 62725 0.9284589770231244
12 29 8 22 31604 0.9927942086401079
4 7 26 1 98868 1.0445556966222327
16 17 15 3 60001 0.9173215234578636
27 13 15 18 56230 1.0264357392802164
12 15 11 2 42216 0.9623575483000966
17 17 13 11 35921 1.0129189798027085
29 4 26 12 48378 1.0844271093306115
4 1 27 14 112334 0.9175576603387925
22 21 27 7 75083 0.921304238820048
8 8 8 28 89807 1.0640517937624623
6 17 4 29 64322 1.0468152398282033
19 16 10 15 28108 1.0330584509179022
25 16 6 10 88603 0.9018446210486039
17 0 16 11 57108 0.9904210641689299
24 17 5 15 69468 1.0457898510850594
10 2 6 26 96025 1.0719767262150657
20 6 1 16 92616 0.9504625338608398
14 27 19 18 38591 1.018708966375486
2 2 8 22 101018 0.9907117211323145
15 12 23 15 37441 0.9300360729882123
19 28 27 3 103529 1.0995906572923104
11 6 28 1 69008 1.0247259038730427
3 5 2 29 92146 1.0131594405563151
20 4 24 17 68152 0.9026817720546298
7 8 11 15 41212 1.0656148735881674
0 1 7 15 62412 1.029124080486684
22 3 11 10 55277 0.9118160000087355
18 20 9 26 41946 1.0778269912457923
27 27 19 23 32958 1.0120329433194117
11 12 13 24 39922 1.030403718360155
1 17 21 5 111143 0.9804120510444007
3 26 17 20 51561 0.9807286325472789
24 1 11 12 74187 0.99888221056573
9 3 26 16 94568 0.9883794595506735
20 23 28 12 63604 1.075079927377528
5 21 16 26 50708 1.0848932649882614
18 1 22 20 75623 1.0938916619679684
6 10 13 25 72565 0.9731530615754135
1 3 10 1 34582 1.0888900103834285
11 6 19 2 42836 0.9567364151916221
17 7 12 21 65601 0.9455092637360036
29 21 8 24 61732 1.0651382101881997
25 24 22 0 100760 1.0264017689339788
5 26 5 13 64869 0.9101531512318782
11 15 27 16 58017 1.0978443114282723
6 5 11 14 58561 1.0711253619326941
22 9 23 22 61694 1.0857363363591521
29 28 23 12 82017 1.0027857751144587
24 9 2 20 109435 1.0370732281363337
22 10 15 26 73703 1.099226472654731
23 1 8 16 87772 0.916738558100267
0 4 0 17 42874 1.010627413586689
2 0 3 24 92411 1.0796455928050024
8 19 28 8 107036 0.9059241915968951
6 10 3 24 70181 0.9241420415950375
22 28 9 8 100061 0.9434604513691773
19 27 3 25 46209 1.0027036489518981
23 6 25 25 83477 0.9128420365115499
3 23 25 11 102657 0.906770830154587
28 11 4 18 97052 1.021134742127451
0 9 16 16 69694 0.9340172875013957
12 10 26 29 97191 1.0158231611026038
17 0 14 7 36735 0.963621909991988
28 29 26 9 96257 1.0515043082772588
15 5 2 12 76884 1.0462375038659546
20 28 3 17 79382 1.0109558101252694
5 10 22 22 96384 0.904911832114491
24 29 21 8 92200 0.938966270662843
0 27 10 11 85250 0.9092873479741939
14 10 7 25 60634 0.9137986252415372
3 11 29 1 113726 1.0880331388737379
18 10 6 26 82126 0.9692307695511382
3 28 17 28 49305 0.9355336299117241
19 14 10 3 60168 1.009206171609308
2 12 21 5 108535 1.0136084346528365
18 11 5 26 79140 0.9480342980523072
19 3 26 22 79373 1.083484625499305
21 28 29 11 92702 0.9938479723272245
14 22 19 1 79814 0.9638337212906974
11 27 23 23 39422 1.06815166944393
8 3 14 9 35199 1.029426736754224
25 13 16 16 38417 0.9166297878377219
18 22 29 21 36173 0.9647867649809163
1 7 14 18 79883 1.0570204243544261
22 29 19 22 35604 1.053998936775867
7 3 21 13 73568 0.9774057831755498
20 0 3 18 107801 1.0086643206458705
23 7 13 13 60753 0.9673058089544067
9 29 29 27 66935 0.9389518950409782
22 27 0 20 78176 0.9050508450459032
25 13 1 7 108430 0.9529953790685188
4 3 17 17 83909 0.9658846275998653
27 24 0 11 118078 1.065407098587383
19 23 8 13 64931 0.9777489420609958
6 26 10 17 50129 0.9273133654855327
22 10 13 26 73824 1.031754196615214
1 8 29 20 129296 1.0962014810798768
21 12 11 0 74591 0.9531514883645454
1 24 14 27 40639 1.0919594695323704
20 20 13 4 74017 0.9633953661589568
19 12 18 22 31551 1.0450941202711133
12 9 28 0 76192 1.0350036703607135
9 6 28 14 98362 1.0139024407767776
9 27 24 29 52972 0.952804693192186
9 24 11 11 46563 0.9516423934447844
18 11 1 22 88336 1.0391952491261773
22 14 18 25 41204 1.0175013362733578
9 1 2 19 88581 1.0153430038419295
11 23 25 10 78875 0.986078768222776
27 26 25 16 47675 1.0483778950710263
2 21 19 18 62607 1.0630738462545304
23 6 1 3 80675 0.9907611493608783
15 3 27 5 49992 1.0553778281405526
17 13 10 27 58441 0.9932762597687731
29 23 2 24 82218 1.0027493748829415
13 9 19 18 43226 0.9506931313866375
21 8 2 24 99615 0.911585003414714
12 16 26 14 48454 0.97040635608113
7 19 5 6 77461 0.925023311756045
10 29 19 14 62943 1.035847621270476
18 11 6 3 63788 0.9676296590345782
14 26 13 17 27795 0.9346168507052742
15 2 29 18 104270 0.9523945428114424
23 16 13 17 35733 0.9937935464956097
16 1 16 13 56044 1.0382757136143548
3 1 12 9 49646 1.0565073735351946
17 28 8 1 106020 0.9247329770780467
24 15 3 0 115764 0.9012829690535513
1 29 3 12 69682 1.047743106050886
24 8 7 26 104955 1.083421788675636
17 17 19 8 33757 0.9174691193252665
20 24 28 16 53783 0.9397297117172501
27 1 28 18 74470 0.9177728053537542
8 2 25 21 112315 1.0098103003022751
7 2 26 6 79325 0.9292872087583972
13 24 3 29 38673 1.0586617488724313
26 29 18 27 31516 0.9668834375991604
16 18 24 20 37893 0.9680328837198371
27 15 23 0 65305 1.098841924487258
28 21 19 13 54691 1.0694622445491255
7 27 11 3 90706 1.0309387068320712
19 1 21 20 66572 1.0666045254964267
23 27 1 12 106359 1.0382243161489917
27 23 7 5 128354 1.052092734276189
29 16 28 25 47232 1.0957989074050465
3 29 22 5 131400 1.0993135432023537
22 29 26 22 39991 1.0083654678450287
9 28 25 25 54899 0.9216991129361032
8 28 18 9 87381 0.9588434220521964
16 16 11 6 48283 0.9930512775665399
22 14 1 26 83531 0.9304672250566416
2 13 5 1 58493 1.063451207442206
9 3 8 27 91481 1.0162634017633991
28 5 5 6 100119 1.0877162672892482
28 28 3 24 77621 1.0681648221459221
9 18 29 2 112350 1.0158468354424364
9 1 5 20 92996 1.0311126758309186
7 7 29 19 120490 0.9408413486484264
15 4 28 10 76526 1.0904483593439813
26 11 26 24 62329 1.0536818930208256
0 21 27 11 114956 0.9635838368355047
3 19 13 11 62662 0.9437561172575217
9 19 21 9 74523 1.0235008113056083
18 1 24 6 36799 1.0337838520177172
0 15 22 12 80270 0.9695760088273997
14 13 19 0 61683 0.9934796993620789
28 22 3 11 108455 0.9485946968886221
23 1 28 26 111589 1.0565766233771177
9 21 13 4 68048 1.0909233643155731
0 8 4 20 51101 1.0973051716329363
21 17 27 29 70733 1.0423175317191815
5 3 20 21 97742 0.9532497202399615
24 24 27 4 95618 0.9001669851394621
7 20 9 11 54920 1.0071742801230883
7 11 21 21 76730 0.9031730316996913
26 14 7 7 93855 0.9355795322321229
0 26 5 6 87744 1.0695054315619885
27 25 23 7 85395 1.027091077806341
26 1 14 27 108339 0.9122522876265791
15 25 27 14 67623 1.0042248907624287
22 26 26 5 100481 0.9689259399989251
25 18 17 13 43363 0.9900567192579919
6 22 20 29 61623 1.0926789017172869
22 29 18 0 109858 0.9130206165673592
8 26 2 21 36373 0.9269927972604558
13 6 24 10 63863 1.0793579133713511
4 0 24 9 98304 1.0249100818896286
4 4 27 28 146891 1.0157215100633954
29 6 14 20 102326 0.9859597905209494
18 23 26 13 61463 0.9740115820107929
18 15 9 13 40366 1.097454006117116
21 24 8 27 42457 0.9424296028434359
26 6 9 0 77185 1.0168460341341858
0 8 11 8 42229 0.9954336770213627
21 14 24 5 51764 1.034627075847875
27 15 15 4 85461 0.9945507929655593
4 13 14 23 63950 0.9842329167663737
20 25 4 14 79028 0.9158600280065827
8 18 4 4 83372 1.0852252987820785
25 25 11 19 55308 1.0806768118383019
0 9 17 25 93959 0.9756741564200065
15 16 5 18 37212 1.048295825748952
13 14 27 7 76296 1.0516067880479374
23 17 23 0 70754 1.0991990811891643
28 16 13 17 55429 1.0377512975194014
9 29 15 25 28745 0.9447499512422436
17 11 13 28 67917 0.9666949734595076
6 0 14 28 108772 0.9628048619287585
27 11 4 18 95546 1.0783113340979718
15 0 16 23 96773 0.9334074747506549
9 10 21 24 81495 1.056045362547348
23 0 17 18 75232 1.0305321623319013
0 6 22 2 84916 0.9481152114670969
19 14 22 7 40206 0.9269628046548117
22 10 9 4 74073 0.9892615063041521
23 27 19 14 48055 1.015406559877956
10 18 9 8 54156 1.0210265832587098
22 4 11 11 64737 1.0748755071578877
4 29 1 15 62468 0.9776099750906172
10 25 18 7 76030 0.9866164804143245
14 18 6 15 34128 0.9834577720880615
13 16 29 14 56380 0.9883549738464914
23 10 11 10 62535 0.9621530655890463
10 10 23 0 76949 1.033710255288104
25 13 11 6 74410 1.0065844230804628
2 7 28 8 115774 1.0120717708090456
7 22 14 15 40838 0.9584462919466578
21 17 28 6 72173 1.0797326917748948
12 15 0 20 55245 1.0305384594813713
3 7 26 1 94409 1.0793501457202885
14 16 29 25 69746 1.0986125151814548
6 10 29 29 130495 0.9657221995095092
11 1 7 24 81435 1.0115474400353304
22 20 12 3 82905 1.0152423172683698
0 20 8 1 84915 0.9962730542384646
4 2 3 19 72753 1.0620507943457616
18 17 15 10 41388 0.9496134692923548
14 25 20 11 54408 1.093443309185266
12 17 11 4 50062 1.085368859251979
1 23 12 16 60483 1.0257918999976825
13 17 19 8 42630 0.9899256231267605
19 13 29 15 42264 0.9207503867395342
28 12 15 1 75375 0.9980791939864482
29 11 4 27 119744 0.9003046910944562
2 29 19 20 64362 0.9891561688473046
11 5 24 8 68183 0.9372670005792763
23 21 1 9 115595 1.0181786776071802
23 15 1 7 104791 0.9806392532372266
7 4 4 27 113222 1.051849013838772
17 26 22 19 41668 1.065839409602026
20 11 5 29 99449 1.0677049274524508
7 27 29 12 106085 0.9511129205716901
24 27 14 10 84244 0.951641176037453
7 28 27 11 110005 1.0827819195629593
7 27 10 13 65822 0.9794243508827973
5 12 8 29 92781 0.9022768414972281
0 19 20 10 89719 0.9173710040058974
1 19 16 4 107662 1.0208801712095161
7 11 3 3 52199 0.9899989721367166
6 5 24 17 110444 1.0796694756638021
16 24 5 22 39648 0.9410358512913622
9 8 3 21 73983 0.9647952084152884
12 14 2 26 60414 1.0832812119737907
4 2 25 5 76116 1.0563241090825608
25 0 8 16 94331 0.9558754835776435
29 21 23 28 45275 1.001597363158935
6 19 14 10 63973 1.0510531713373361
2 29 11 26 34909 1.0976054663670158
12 27 3 8 89363 0.9658745256280484
17 20 6 21 42463 1.0619868568042299
29 1 11 21 107769 0.9176726696197671
15 12 14 26 52069 0.9933476924064785
7 15 28 26 93428 0.9040873222684108
22 7 18 23 70916 1.0614468427230983
10 15 6 23 48974 0.9593499955734042
13 27 23 15 63317 1.0175826118205045
11 14 9 1 51189 1.0785770718164303
10 8 25 4 66045 0.9527778054458069
19 0 10 22 92787 0.9625462444482721
17 21 24 8 67043 1.0025090533662024
21 14 5 9 78708 1.0495782730340915
4 12 24 29 116759 0.974055304043585
0 4 23 26 131275 0.9615999147693569
24 6 28 19 60566 1.073858438616504
5 16 13 4 66179 0.9693636391443491
8 14 13 6 44402 1.0778666323932862
11 26 14 18 27010 1.0279483127707087
17 1 0 14 91881 0.998248811705636
0 22 3 6 64646 0.9985144175895493
0 11 20 18 80412 0.9002808497744322
11 5 26 17 93019 1.0578416928042556
5 11 26 21 103580 1.0946448938534976
28 17 19 7 68037 0.9080310403217349
9 2 25 0 59153 0.9086193795867555
27 6 18 16 66348 1.0204042196649616
9 24 1 27 31298 1.0639480895177869
9 8 3 20 71141 0.9204392170591055
27 13 0 18 99822 0.9362335547494738
10 9 25 20 85637 0.9769546760398016
28 28 24 10 88430 0.9588996869513942
12 11 2 14 48332 0.9030887895656353
24 25 15 7 87383 1.0614596573395851
8 24 13 8 52955 0.9112447525030312
5 25 14 13 51349 0.9174351808030171
1 28 19 15 74568 1.0003529056907567
8 15 28 7 101217 1.07818626036675
8 22 22 28 54552 0.959450512078245
29 10 4 22 116040 0.9421593458708875
7 1 22 14 86568 0.9596202022213254
23 20 25 0 81369 0.9891600419944486
26 2 27 12 42666 0.9786729586794032
24 15 29 21 41267 1.0971487425970725
23 6 25 21 64725 0.9553782522214808
14 0 27 11 84433 1.006098836202998
19 16 29 0 78573 0.962192491694027
9 17 10 8 45173 1.0450336621824945
12 13 7 6 47594 0.9742006791051341
8 12 3 0 73931 0.9729695743730045
3 23 21 7 105386 0.9656213843659598
9 17 27 6 94508 1.0237473586254344
14 5 1 17 84655 0.9477760256603007
17 9 10 26 76885 0.9590623303330987
27 2 10 0 61019 1.075101132794355
4 1 26 10 98739 0.958709761253999
15 4 23 26 97217 1.0709909262161033
27 16 24 28 63188 0.9962901399631355
29 23 13 4 108782 1.0205403950789216
22 28 4 27 59898 0.9022057377952611
20 5 11 7 56769 0.9870926278836607
2 9 22 18 92265 0.9364259426035937
26 9 5 23 107638 0.9224754077926135
28 3 14 29 118515 1.0200730523647084
23 2 14 10 57450 1.0207695094189992
6 18 24 17 75957 0.9676935968148787
12 26 19 14 47988 0.9347390299823988
19 5 3 14 86741 1.0451646743356988
10 20 1 15 44459 0.9322013084945486
1 3 10 5 41432 0.9942121956914792
23 26 23 10 66410 0.9422707262408092
23 21 28 14 43731 0.9490639780997814
0 4 13 1 48459 1.0484294224993937
21 16 6 0 97140 1.0310772440217504
19 0 1 26 121083 0.9936945938726058
26 7 4 10 108987 1.0497950061267303
6 7 20 19 88007 1.0370291922994468
4 1 20 7 73013 1.049265586086551
2 17 10 6 73517 1.0605951937253282
0 24 14 11 75710 1.0584442055126606
3 24 7 8 80440 1.0304638548740561
14 6 7 21 72461 0.9450247366969777
7 9 25 7 88144 0.9204594966349016
28 3 10 26 114443 1.0689631567722282
2 25 11 28 29763 1.070044485134003
4 1 24 11 99701 0.9408690010095043
1 13 14 14 53850 0.9116627587978575
9 18 21 21 48416 0.9242927685311236
4 11 11 6 51374 1.0554018649017678
1 8 28 21 129874 0.9864206252724173
1 13 13 12 49285 0.9416204606418608
18 25 25 29 34130 1.0445576978745985
4 14 27 16 82677 0.910056338571961
9 14 28 26 92868 1.090865304719891
12 8 3 2 44458 0.9872776448381984
9 9 27 3 80406 1.0235955823129816
22 1 13 23 93202 0.905950347908025
19 6 6 3 48023 0.9332469746211017
27 27 1 13 112117 0.9902406802482786
12 15 3 24 51895 0.9014929496164259
9 21 0 25 40430 1.0558180748829655
28 7 12 28 113905 0.969520346146798
18 3 19 20 55708 0.9521430282977547
6 8 29 16 108108 0.9704726125996979
8 6 24 21 106452 0.9799760829916674
17 6 10 29 98010 0.9040597716615159
18 18 4 6 92868 1.0962774863931062
15 25 10 12 50651 0.9165325452665054
9 26 24 26 47791 0.9224373149113005
3 7 17 8 60518 0.9857945588868842
29 16 7 7 110661 1.0638376913283516
13 21 19 8 54639 1.0844002775659038
5 11 23 28 105821 0.9773202591007745
13 28 1 23 46013 0.9693662718193093
14 12 5 16 42504 1.0816793242386824
25 24 28 12 57951 1.0835477004368999
27 21 25 13 43404 0.91932940354311
19 12 0 18 74500 0.9967845553214619
19 15 5 22 58822 0.9936256334594834
26 23 19 9 65210 0.930153503978656
3 27 10 8 85066 1.0395816767479198
5 13 8 22 56399 0.9492807821907051
12 5 22 20 76128 1.0317859151809268
22 0 9 20 98684 1.0900407919059074
12 18 10 7 47331 1.0849455047787429
9 29 16 8 85998 1.0165366805835636
28 28 15 16 74262 0.9633986858758332
29 16 14 9 79839 1.0822642569236023
17 0 28 0 41566 0.91967294447465
3 27 22 8 104026 1.0879013673525086
28 5 15 28 121591 1.0432847585533418
4 25 3 10 62682 0.9872769861604912
20 6 20 16 43587 0.9896227258773234
0 20 15 11 80282 0.9916533684427118
3 21 7 6 79326 0.913751171106809
10 28 10 9 74410 0.9273268120343426
22 2 27 15 64283 1.0497482575834094
24 7 12 17 74394 0.9589152641575929
22 1 19 18 60120 1.0703085805976524
28 2 0 7 104981 1.0703374838649211
4 5 4 16 53608 1.081898750425996
28 29 24 22 41705 0.9038212358796133
2 29 3 0 110765 1.019804633122852
12 20 12 3 54778 1.095531952631076
4 24 24 18 74272 0.9518475966231283
19 20 3 9 84217 0.9330005461375278
12 9 13 21 41753 1.0398267221966506
18 5 19 26 71556 1.0416382615194433
22 23 24 1 90161 0.9526985688015615
7 22 27 3 115245 0.9063955592634291
19 12 20 21 29282 1.0524130009074983
25 29 5 15 97987 0.9969188428211044
18 9 20 23 48824 1.0261082601354905
13 18 19 12 32040 0.9440869331271493
29 14 9 15 72911 1.0143462265703047
3 13 20 17 63905 1.0490371323569767
22 12 29 25 73406 0.9063937058924246
3 8 26 3 92865 1.056872189942746
29 13 17 20 62942 0.9131687355547841
2 21 27 7 121355 1.0777800003807414
14 12 4 20 56870 0.9567356826841401
24 20 5 22 68139 1.0329945663905318
28 2 27 25 102780 1.0067662689978065
5 26 22 26 56710 0.9849593015305874
16 25 17 0 92881 0.9524021053025897
22 2 1 6 87826 0.9761970517903182
23 28 8 17 74264 0.9716032703840671
18 7 11 4 47624 0.9015138663584547
5 29 23 21 79338 0.9467289489484283
9 2 16 15 59733 0.9640492214933499
24 25 4 9 117421 0.989124144120056
14 12 25 28 83731 0.9396351955862192
25 29 13 22 55274 1.0478091730013652
20 0 22 27 95909 1.0122069517462857
26 0 19 13 61516 0.9306674469270833
10 12 7 2 53722 1.066605624789992
15 8 5 29 101512 0.9481052792891851
2 10 11 17 57453 1.0937120128172755
15 1 5 9 60761 0.9414697690496169
18 11 29 17 61597 1.0449334426487917
20 12 26 4 53657 1.0684597487755505
2 29 9 16 67240 0.9727912201201188
22 0 14 10 61053 0.9144565971293885
6 23 1 9 73175 1.0459035665686582
3 23 22 8 105178 1.0625132900132035
17 0 1 19 120896 0.9078515596781864
25 27 2 25 62733 0.9410726341834673
25 17 27 28 54316 1.0194118637143712
9 24 15 0 88309 1.0209445613379178
15 22 5 15 52159 1.0836192609819009
21 22 14 14 46088 1.0649164432016076
22 3 4 14 97005 1.084255977039952
24 29 29 18 65877 0.9517771372949367
3 21 1 12 35756 1.0016774027640187
13 18 0 25 45878 1.0299630636268176
3 18 8 27 50900 0.9443353304372161
3 15 4 3 52539 0.9101917695613239
25 9 12 13 60126 1.041896907722975
22 29 0 1 146832 1.067242211117673
14 15 0 9 67855 1.0556622927564248
21 21 23 4 78522 0.998476168430104
11 13 1 16 44884 0.914913862095664
29 25 8 4 130399 1.0601898254327473
2 27 3 11 65211 0.9042574854642511
28 14 27 1 58577 1.0599691086809635
7 29 12 2 101977 0.9832082052102371
9 19 1 11 61873 1.0696072628913393
15 28 2 22 53427 1.0133238649923624
28 9 12 0 85001 0.9122362163160378
29 21 18 8 79619 1.0648320967781975
13 25 23 6 88756 0.9821119546816068
17 8 7 14 60365 1.0292551703293018
21 15 0 17 71515 1.0270618443444195
1 3 28 3 84609 0.9279316552313044
8 25 20 5 91742 1.097329884918344
6 26 20 28 51339 0.9919904714293805
21 7 7 15 76107 0.9474000049305
22 3 19 26 80624 1.0625965346115214
15 23 0 27 49942 0.9194055470689019
14 1 29 20 111932 1.09899893588261
4 6 14 9 55039 0.9114276181260517
3 18 21 26 76187 1.0226158187078163
3 22 29 20 89384 0.964474336883711
24 11 25 2 37783 0.997587779999291
19 4 27 9 50245 1.0811990638912112
10 8 5 14 49333 1.0974770427646947
24 5 8 28 121802 1.042730190404263
20 23 6 26 45199 0.9006658045603501
15 9 2 14 66533 1.0715229592270976
26 7 16 18 74003 0.9863821466964976
2 17 18 2 102022 1.0552471318975976
28 10 12 10 77858 1.0078465568686221
20 19 25 3 72002 1.010908972675085
27 29 7 0 147845 0.9386496206037833
9 5 21 0 55696 0.9265502883891172
0 26 16 4 110975 0.980106048420922
24 11 28 21 52907 0.9669159455065793
13 25 0 26 33421 0.9113848560148279
4 8 5 25 79562 0.9994512608310375
9 29 20 16 68043 0.9806153900726003
7 19 12 2 79703 1.0143525753237783
2 27 11 1 102439 0.9318165587647707
16 8 2 16 74240 0.9401465855881004
18 0 3 5 69562 1.0876842509044806
15 10 26 3 64260 1.0696795113150426
22 21 14 23 32583 1.0405413399833883
5 14 5 1 66346 0.9645312319188545
24 17 16 28 61108 1.0548580586597054
24 16 2 6 107528 0.9678194940380477
27 1 12 10 71314 1.072595612024331
1 26 15 15 63722 1.0483783777058364
15 8 28 6 65265 1.048632803143577
13 20 17 27 34818 1.0156273534408047
29 9 9 14 94133 0.9686209800417556
13 13 5 1 56806 0.9150634427062373
14 2 17 27 95633 1.0064031239531752
28 17 13 3 97899 1.0982272473625043
15 23 4 0 109169 0.9023455611297494
21 11 26 6 44569 0.9058786920674253
10 28 17 10 77943 1.0207132669378078
17 18 9 27 46999 1.0396124578511468
9 10 21 24 81495 0.9349175579288624
22 4 16 17 68063 1.099033725855007
20 17 14 26 42350 1.0157161359432803
27 25 16 24 33086 1.0505172053398766
19 23 4 16 65782 0.9576881130240226
27 26 19 2 94671 1.018442004502355
7 17 29 18 86818 1.0615023837303215
8 12 0 8 47656 0.9229224696398458
25 2 5 4 74862 0.9008018474503653
24 28 21 10 81839 1.084976121627034
17 21 15 1 82381 0.906176892817987
18 22 15 14 40683 0.9948404478969104
24 14 6 12 68445 1.029094276837693
16 7 12 17 50310 0.9438613439302977
6 9 3 26 85202 1.0978254327321113
10 10 28 9 91728 1.0877227314894187
10 11 27 8 84613 1.0545912925997172
14 15 27 5 86576 1.002966761887581
11 28 8 14 59340 0.9394231438304861
2 27 2 4 95770 1.0592645954434148
22 13 17 3 51036 1.0561044254316228
26 20 19 26 42131 1.045441228071366
10 13 18 0 68419 1.099817160197384
6 16 16 5 74836 0.956531949428203
16 3 1 11 78601 1.0610415330715728
14 3 8 22 77594 1.0626448212459554
1 9 20 11 93855 1.018247085076832
7 9 12 23 67450 1.0993493459021662
6 3 26 23 119155 1.0293312901393108
5 24 22 25 49840 0.9068406805592661
4 28 27 29 86286 1.0832228724266182
24 2 15 11 60519 1.0064872707065429
13 3 16 11 38902 0.979246333628905
18 8 8 21 72759 0.958347520504029
25 11 1 15 92819 0.9577972282488829
21 21 1 5 118244 1.05405815183458
13 20 0 27 47063 0.993695272016023
12 10 10 19 43844 0.9477182530383654
3 3 18 5 57510 1.0663097019045507
26 16 15 20 55293 1.0334760288314049
4 10 8 27 86723 0.9309702420458976
25 14 9 6 86639 1.0901957779282367
20 15 7 23 58267 0.9838936325034353
21 11 0 27 97177 0.9467743924644054
5 13 27 11 89163 1.0591120140495185
2 3 29 5 96978 1.0096574609218667
27 5 9 0 77546 0.9672182670812894
0 25 28 6 136369 0.9104550264689285
17 21 17 3 66932 1.0796855433045829
4 25 29 8 122092 1.0104815561809273
5 13 13 1 66402 1.0547748610523227
12 12 21 24 60522 0.9374368553936591
1 27 21 23 59893 0.9277443781330493
23 19 9 26 57813 0.9031375360271664
10 6 3 28 98966 0.9488538745086998
3 22 10 16 46584 1.0658797212383786
16 3 25 1 34710 0.9238664338398633
26 27 13 16 64512 0.9840658819498658
1 3 2 25 79772 1.0939745448265794
13 21 5 7 75875 0.9143692432825256
25 7 6 24 104385 1.0191604670805794
26 4 6 23 120542 1.0726784166202072
24 24 4 27 62565 1.0993290714676283
21 17 9 2 82445 0.9115961354298939
10 11 24 17 70765 0.9137424941779381
24 29 25 15 66457 1.0220740244057798
4 29 25 15 107467 1.098224519510564
18 2 21 10 42052 0.9555269879212032
15 4 8 24 78017 1.0995796325499005
4 25 17 8 86744 1.0625972721175072
4 3 1 17 61552 1.0279015892862462
9 19 23 2 97568 0.9541811840066472
18 9 19 19 32325 0.9172264395096803
8 14 12 23 44942 1.0608911433308248
4 13 28 20 100216 0.9192666691869218
0 14 27 4 120245 0.908270487659626
26 18 11 25 61143 0.9051115964944184
29 2 3 8 108477 1.0748978728914589
16 7 2 19 91304 1.0564823756866297
29 29 11 3 127075 1.0862679941416662
28 1 5 7 99626 0.9913639784297199
16 17 28 5 88622 0.9892815535050795
9 23 24 15 68218 1.0395335865856639
29 24 5 5 146601 1.0464014798544128
18 6 12 12 46378 0.914666636964931
3 19 12 18 39391 0.9624978912807743
19 11 8 27 73578 0.9080321847178374
24 25 15 22 35622 0.9425700648053295
2 0 0 12 41935 1.013966699339651
10 8 20 28 88468 0.9320626051726933
25 20 9 6 101079 0.922146180640418
23 25 9 20 51936 0.9184300324339585
9 24 12 16 27280 1.047971932059293
23 0 1 22 134091 0.9493934914107346
14 11 9 22 49705 0.9948021616993651
28 2 4 9 109080 1.087598984439678
15 2 14 19 66145 0.9044490596281223
8 6 1 1 51401 0.9598568806850676
26 9 3 29 123161 1.088238478453608
0 26 28 4 141103 0.9995520067196964
5 22 25 4 116839 0.9800245437786181
23 5 18 23 79633 1.0307620280121046
14 7 23 14 55002 1.099476675388504
23 29 27 21 42485 0.9466321442792294
22 25 8 13 79170 0.9468361060997819
20 23 29 16 55040 1.0018805418413557
6 0 27 3 78407 0.9234060896443852
8 11 20 8 61376 0.9394264726503871
4 6 12 29 106848 1.0140448098892625
10 21 29 29 76467 0.9630113035676301
26 22 3 4 128942 1.013298630414883
24 3 12 8 52536 1.0585267682521926
26 19 8 27 73816 1.0906993037185686
10 14 9 28 58061 1.0745474029071027
1 20 22 24 73588 1.0374791046638923
8 7 28 4 85860 0.9698567659066597
28 0 15 11 76749 0.90382028163396
23 29 10 16 73702 1.0584137436417214
29 1 14 7 62696 0.9111732012787696
5 22 29 23 77289 0.9844446312634778
25 0 9 29 128592 1.0486251630503705
5 20 15 24 39778 0.9972125139871326
24 11 26 22 54337 0.9639701628709288
10 19 1 15 48466 1.0686987038096702
5 1 18 15 82682 0.9888220725223171
4 10 14 23 80130 0.942204117441103
13 22 0 23 40095 0.9063154720005183
24 25 10 12 78393 0.9508566157008908
8 16 4 2 75109 0.9640720602793696
22 28 5 25 51801 0.9574374286915015
1 29 1 4 95688 1.0508063454521939
14 20 25 4 88315 1.0157529491416983
10 27 3 8 93120 0.9240139281106489
24 8 3 26 109958 0.9017837651658601
23 8 8 16 72324 0.9245787251213909
25 13 20 8 39059 0.9244481096203022
23 15 15 20 44644 1.0281896494853193
17 17 6 12 53768 0.985848011791823
11 1 1 16 83816 1.0651095079475126
16 3 25 2 33408 1.025269814564508
18 24 10 8 75147 0.9520493814507871
3 6 8 1 36120 0.9877033690764638
9 21 0 22 36931 1.0735282152401289
3 8 12 24 80900 0.9811277579605034
21 10 7 18 74751 1.064398414971713
3 5 8 26 95687 1.0963607108962228
8 2 22 22 103235 0.9391699382137694
8 20 6 8 74759 1.0913018713524472
6 4 15 8 48181 0.961761337315133
20 13 26 23 54411 1.0753866751298413
26 24 1 2 140779 1.012859431753753
14 12 1 19 71231 1.0036827883932475
13 3 0 24 97921 1.0883994714159173
13 13 25 6 69702 1.0843609756628718
4 4 24 0 82727 0.9525132188364418
26 11 2 1 111818 0.9914175822500436
14 4 13 15 40945 0.9208066903945177
6 22 12 10 63207 1.0271220851041354
0 19 10 12 58454 0.9289978858382433
18 28 1 3 122725 0.999813268777197
12 21 16 9 53883 1.0524099346358275
0 14 24 27 104322 0.9179434310553589
