2628 3418 4155 4102 3048 4344 2657 3430 3813 4160 3722 3455 1759 1828 3084 2775 3382 2754 1721 1512 2110 1449 1971 1770 1841 1894 3367 3008 1744
6568 6957 7746 8272 6494 7349 8060 6310 6864 7088 8245 6447 7146 7929 7492 6120 7995 5949 4703 6638 4966 6378 5875 6131 4945 5365 4824 5626 6038
8455 6597 6681 6467 6533 5498 5217 6471 4795 6144 4637 4808 5354 5534 4909 5640 4697 6100 5262 5026 6591 5515 4616 6562 5580 5124 5908 5666 5408
5805 6570 6838 5731 6662 6003 5677 6302 6600 6496 6825 6290 6838 6942 5657 5501 6189 5253 7291 6022 7107 6994 5600 6449 6192 6876 1586 2466 2056
5074 5181 5740 4180 4435 3732 4338 4980 4476 5258 4939 4260 3853 4315 4462 4131 4127 5191 5368 4015 5693 4594 4090 3964 5302 4997 5156 5417 4442
3891 4357 3739 3726 5059 4384 4337 5025 5073 5498 4521 4762 5366 4478 5596 3807 5819 3618 5178 5453 5541 3704 3733 4888 3898 4869 4681 5266 4725
7642 7278 5747 6110 7009 5828 6964 7265 6328 7690 7089 7605 6117 7474 7550 6233 6793 7711 5941 6309 4425 5904 4625 4620 5462 4271 5573 5591 5935
6033 5818 7066 6497 5978 7052 6797 7050 6319 7028 5605 7133 7335 6318 6298 6589 5442 5245 7211 6392 5808 5228 6197 5413 5419 5091 5063 4918 4297
6118 5870 4660 4862 6507 5791 6139 4806 5726 4603 5850 5045 5256 6368 5363 6033 6087 5784 5774 6199 6593 4706 5564 5912 7405 6069 6565 7364 5722
4784 4427 4369 5386 5245 3279 3828 5173 4560 3716 5107 3504 5065 3708 5062 3588 4902 4920 3570 5150 4794 5396 4894 4339 3743 5200 5090 3387 5348
5401 4379 5674 3783 3839 5270 4260 3575 4244 4044 3895 4854 5712 4226 4276 5561 3746 4420 5259 3841 8318 7630 6907 7657 7038 7576 6647 7372 7693
5546 6341 6576 6364 6207 6839 6910 6708 5959 6832 6839 5643 6750 7404 5973 6057 7346 5701 4579 4689 4180 4670 4303 5352 5223 4278 5023 4536 3958
6065 6960 8204 6471 6061 7207 7475 7843 6878 6479 8149 7203 7195 8103 6208 7624 7095 7912 7780 8050 8031 8171 6857 6380 7123 6712 7571 7674 8157
2266 2299 2955 3291 6810 8055 7408 8771 7078 7933 7380 8798 7082 7223 8318 6824 7866 6888 8126 8548 8665 7978 8350 8112 7271 7292 8216 6784 7469
6432 6103 6682 5569 6481 6282 5555 5530 5536 5582 6342 6654 5781 7273 6262 6105 5611 6058 7061 6905 6987 5818 6157 6435 6819 5923 2492 1696 1629
7262 7471 7327 6825 7117 8409 8314 7262 7322 7859 7769 7069 6735 7833 8337 8293 7224 6504 8269 6578 7582 8220 7714 6287 7446 7909 4487 4150 5659
2679 2216 3479 2470 3568 3404 1527 3392 2113 2903 3429 2252 1412 3612 3630 3820 2401 3476 3088 3448 3197 4558 4397 4512 3365 2543 3965 3925 3434
5776 6204 5717 5385 4669 4395 5685 4742 6205 5846 5043 6495 4545 4713 5648 4986 1706 1824 2974 2214 2811 2879 2791 2159 2162 1638 3616 3189 1654
7176 7119 7019 7396 7423 7235 6454 6484 8111 7678 5113 5468 5432 4591 4410 4593 4163 4817 4987 4270 3619 4760 3511 5192 4139 4081 4280 5315 3980
5399 6032 6021 6251 5278 5268 4353 4687 5075 4127 5247 4055 3746 5743 4869 4569 4350 5285 5890 5260 4819 4011 4593 5287 5873 4316 4737 4140 5677
7603 7581 6980 6435 7445 7401 7283 5758 5661 6115 6943 6771 6903 7615 5935 7542 6806 6678 1366 2598 1368 3389 1466 1548 3205 2159 1318 2371 1236
7297 7547 8602 8164 7095 7471 8338 8410 7678 7933 8275 6909 8451 6778 7716 8475 6758 6467 8477 7351 6598 7749 7417 7073 7784 8118 6797 6370 7074
5906 5479 4435 5060 5508 7766 8334 7468 7914 6693 6695 7137 7248 6498 7775 8414 6367 7759 8117 7910 6744 6958 8297 6456 8209 7071 6807 7385 7818
5426 6526 4801 6897 6411 5871 4601 5658 3982 4761 5425 3678 4462 4039 4890 4398 3735 4986 3678 4139 5136 4470 5268 4008 4538 4798 5067 5700 4230
7243 7991 6593 6234 5300 6067 5653 5289 5466 6318 6601 7045 5018 6908 6538 7092 5296 6126 6064 7056 7113 5082 7178 6659 6596 5100 6743 5921 5362
5167 5058 3904 5397 4384 4080 4472 5391 4302 3633 3837 4565 3786 5135 3760 5222 4573 4158 5334 4128 5614 4589 5531 4123 4301 6005 5103 5395 5572
2027 3212 3140 3353 1821 1303 2348 2610 2626 6953 6954 6909 5429 6340 5419 6752 5923 6463 5803 5095 5009 6633 5290 6091 6154 5256 6730 7039 5003
4480 4945 3524 5885 5380 6383 4832 5407 4614 4791 6148 5691 5403 6215 5992 5344 6606 6023 5155 6530 5821 6039 6512 4867 4762 6363 4553 4825 5994
1373 1206 1953 2362 1537 1135 1462 3093 2567 1459 3159 3121 3082 1790 2514 2679 5769 6565 6125 5358 5327 5831 4946 4885 6656 6132 5187 4736 5860
3488 4619 6051 6365 5608 6350 5440 6538 6760 6743 5345 5759 7267 6260 6979 5985 6263 5867 5988 5571 6538 5486 5651 6517 6944 7217 6366 6615 6054
4785 6333 6272 3593 4031 7986 7491 6355 4267 6097 2988 3766 4059 4118 6271 5375 1987 3154 5639 2480 3060 3937 2873 5674 3964 2999 3613 2966 6622 2251
3131 4868 5110 3581 4385 6946 6991 7116 3406 5471 3260 3319 3033 3188 8090 5695 1887 2950 4818 4324 3241 3321 1276 5403 4590 2309 3677 2791 6616 2870
3745 5601 5153 4750 3863 8437 8155 6261 3121 5557 4166 2486 2568 3798 6496 6302 2154 5044 3982 3697 4003 2190 3128 5944 5607 2000 3420 2514 7118 4225
4182 6324 5077 3920 4409 7900 7573 5661 3654 5982 3618 2957 3198 4711 7772 5173 3322 2907 5163 3584 5150 2648 1375 4734 4322 2636 3542 1834 7240 2948
4873 5275 5581 3919 4421 8400 7012 7024 5000 6162 3111 3506 4359 4349 7791 5167 3457 2886 4604 3710 3106 2732 3043 4439 4750 2184 5178 1718 6720 2797
3685 4450 6016 2794 4616 3757 8543 6083 4473 4261 2496 3694 4223 4000 8373 5167 3036 4261 5458 4186 3020 3586 2841 4152 4938 2312 5412 1587 6650 2863
3952 6136 6623 2078 4894 3990 7281 6888 3444 4329 3296 3960 3471 3679 6325 6007 2029 3103 3972 3356 4646 2562 1348 5485 5417 2425 3266 2130 6754 2763
2978 5351 6768 3086 4626 4004 7898 5907 3539 4213 2530 3907 3498 4293 6403 5627 4999 3198 5655 3640 3298 3528 3284 5656 4470 2456 4477 5543 7158 2554
6373 5919 7129 3469 5240 3732 5628 7325 3955 6071 3330 3365 2596 2750 6856 5660 4339 4927 5488 3562 4203 2486 2390 4137 4306 3895 5396 6131 6599 3046
6360 4740 6737 1736 3695 2987 5411 6030 3737 5782 2699 2709 3491 2783 6662 3042 5763 3916 4181 4526 3418 3807 2915 5379 4211 3605 3389 5605 7961 2548
6563 6537 4173 1799 5029 3494 5102 6016 4839 4487 2957 3876 3372 2852 7458 2982 4795 3445 5878 3279 3102 3943 1344 7711 4954 3112 4944 6457 6007 4102
7202 4967 3115 2066 4174 4342 5437 5960 4658 5471 3287 3345 2268 3757 8144 1121 3771 4099 4628 2954 3843 2351 3012 6301 5665 2535 3570 6441 6522 2944
5985 6416 3993 1934 4968 4686 5181 7259 3435 5370 3349 3394 2413 4349 8409 3055 4673 3200 4970 2491 3158 3456 2233 6768 4028 2239 5193 5322 7893 2859
5899 6094 3265 3389 5489 3162 6120 5556 4699 4166 3617 3577 3147 2585 8367 1979 4843 2998 4857 3943 3083 2774 3239 7266 4119 2022 5159 6434 8035 2628
6133 4887 3341 2114 4659 4843 4746 6189 3610 4624 2093 3297 3618 2736 8385 2345 4269 3493 5073 3868 4186 3061 3197 6554 5224 2937 4694 4699 7232 2740
7143 5181 4546 2689 5513 3108 5085 6064 4476 4254 7837 3745 2803 4245 7782 1171 3982 3961 5629 3745 3131 7917 2282 5956 4841 3862 4423 5006 7122 2430
6429 6252 3967 3224 4603 3251 5919 6999 4686 6022 8258 3417 2464 3302 6445 3108 4004 4261 6099 4485 4314 8647 1609 5856 5564 2200 4338 5032 7633 2250
7464 4545 3036 1726 4423 4260 6337 5362 3533 5827 7078 2646 3062 4682 7501 3287 5515 4530 5023 2671 3174 7370 1745 7643 5577 3918 3816 5341 6493 5186
6573 4617 4203 2545 4174 3354 4464 6264 3187 6045 6738 2656 3981 4305 7447 3079 5286 4526 4243 4525 3976 7518 1845 7535 4964 1997 4756 5162 7696 5142
5634 5695 4670 2742 4506 4477 5594 6852 4221 6156 7604 3942 4256 3192 8021 2928 4453 5015 4937 4264 4599 8055 1351 6229 6782 3690 5768 6785 6693 5239
5812 4716 3101 3148 4572 2892 5276 6115 4021 5714 8464 3477 3308 3294 7614 2169 5422 3486 4238 3567 4419 6878 1572 7046 5808 6912 4036 5458 7298 7121
7144 2616 3272 3123 5342 3262 5316 7075 3720 5120 6950 3801 3655 4721 7384 1175 5931 4010 5985 3611 7402 7464 3428 5689 6316 6948 5606 5596 7839 5034
6848 3270 4035 2107 4445 4389 4634 6633 5059 6000 8051 2367 2247 4476 7825 1911 4716 4178 5507 3306 7858 8523 3398 6740 5058 7731 4943 6370 7755 5759
5596 3192 2618 3396 3807 3650 4354 6094 3445 4280 7194 3766 3489 3080 7498 2195 5847 3270 4813 5755 6818 8099 3357 5960 5726 7680 4262 6159 8054 5981
6876 4336 3528 1791 3553 4663 6389 5453 2989 5621 7636 3377 2723 3652 7487 2691 3783 3587 4237 5772 7751 8055 1929 6625 6296 8191 4057 6659 7970 5391
6596 3359 3581 1744 4052 4715 5086 5400 2480 4095 8551 5278 2640 3254 8327 2710 4394 4554 4460 4547 7221 6937 3256 5758 5155 8089 4584 6122 7091 5504
6818 3111 4344 2707 4497 4399 4773 6290 3142 5681 7674 6437 3479 2826 8111 2841 4207 4896 4551 5224 7405 6826 2067 6199 5959 6363 5189 5519 8245 6320
7630 3808 2927 1960 5533 2711 5293 7218 2365 4955 7351 5331 3498 2967 8172 2252 5806 5727 5042 4919 8404 7366 3309 6607 5517 7534 4979 5432 7834 5174
5681 3402 3256 2290 5314 4707 5296 6017 2527 6295 8485 5164 2253 4161 7965 3205 4375 5502 4513 6232 7914 8758 3473 6967 5994 6935 4708 5435 7096 5203
15 22 6 13 60783 1.0638919458728782
16 17 26 7 62376 0.9621500953023483
29 6 1 27 129373 0.90311200248554
4 25 21 6 115795 0.9130083684375869
9 28 6 21 39579 0.9115832480189631
26 15 0 28 96779 0.9427831055081481
4 2 17 10 64109 1.0668054503429376
12 18 19 10 52657 0.9623175664196524
16 23 13 7 66761 0.9246858631289839
0 4 21 11 89963 1.0937914643596096
9 21 26 11 86286 0.904524297184639
21 24 10 9 75063 0.995899516612725
15 12 25 22 52314 1.0150078946040055
13 28 0 13 81072 1.0188929118610512
4 16 21 0 106017 0.9934047691444438
20 9 10 22 74303 0.9176357248509636
7 23 2 10 57880 1.0668312436835121
1 11 1 26 40684 1.071654809340596
23 28 21 17 51705 1.0688729869345912
3 3 12 5 36460 0.9749836825174256
12 7 24 6 65601 1.072691178037381
29 29 16 24 73741 1.0536769235723038
15 0 12 7 48554 0.9747460653687686
10 19 4 26 46418 1.0569289831309177
19 18 20 1 79130 1.094901786541132
1 19 29 13 95641 1.0964025815752003
11 4 19 1 38104 0.9046539360119565
10 6 2 24 89153 1.031336394594205
25 10 19 23 66549 1.0647958344164874
17 10 21 20 52076 1.00905744163588
17 27 28 2 88232 0.9980326385424806
24 5 7 17 89519 0.9526216807617887
2 3 24 28 139828 0.9424608869907929
22 12 11 13 39810 0.9985090623444545
26 29 3 3 143971 0.9453787712581596
29 11 8 29 104786 0.9471448926256083
27 4 3 0 81592 1.0276372745745406
1 6 13 23 90514 1.0998568558557789
15 10 19 25 57431 0.9616099050011245
20 5 27 24 100575 1.0225043892609051
23 27 29 17 70520 1.0128876344142574
26 25 8 2 119216 0.914764884315734
15 19 24 20 41131 1.0123721840177373
8 23 28 16 77096 0.9432379122754351
8 5 25 27 121586 1.0634963645189275
24 1 26 14 52883 1.0745876620033588
21 5 0 10 86207 0.9240696684059917
0 29 3 5 81895 1.0848055892343063
15 23 6 20 41005 0.9878542947193045
15 26 2 4 112347 1.0352950668430787
1 23 8 14 54840 0.9185101069710024
19 21 23 15 38356 0.9838246618641424
22 21 13 15 44626 1.0899134523278862
4 18 29 28 118101 0.965939805639668
27 20 15 11 71843 1.0437447413200234
12 19 27 21 56423 0.9221477786173635
19 1 13 6 44754 0.9283854862145342
7 4 15 15 63567 1.0169775693342074
7 12 3 0 71121 1.0394558808135905
19 6 15 18 55123 1.084305710209335
6 18 29 10 92616 1.0503255925883903
24 1 1 16 111102 0.997913855628046
13 14 25 1 76023 1.0729798228736112
28 23 5 1 123397 1.0678850382416751
5 14 12 11 37066 1.0209691959744944
20 12 22 1 64565 0.9369387878511558
3 8 7 20 68276 1.0719198835093944
16 1 7 24 98754 0.9584400467489795
5 17 22 22 63129 1.0231301647797484
21 21 13 15 41989 0.9028778998906336
10 20 9 8 56064 1.0224473387585085
2 27 23 12 102869 1.0954582252580938
27 1 5 4 65889 1.0254318791346675
25 26 15 9 79947 0.9345705444210104
7 14 14 22 62441 0.9017279533834928
2 25 15 26 42038 1.0801725606894168
24 11 2 22 92018 1.0724931251176775
21 12 24 1 56352 0.906673580698548
8 26 27 27 81470 1.049385409378683
23 1 28 9 33121 0.9439443489350872
22 22 2 23 51797 1.0174506329647002
16 26 26 18 51823 0.9976456219915959
7 28 18 24 50234 1.0273657473431381
11 25 0 19 40586 1.0773854895730357
29 27 10 18 97122 0.971562285182445
3 27 18 14 80112 0.9576031815787485
0 4 10 23 82383 0.9766960815334973
29 22 24 17 39515 1.0217442411464877
3 16 18 24 70793 1.0261566731395397
29 8 6 4 72799 1.0053953384350451
13 22 21 4 85454 0.9923578982210255
10 14 19 0 75588 0.9924989378197041
24 29 29 22 53526 1.0418038774978124
19 22 13 12 44044 1.048544874573924
15 11 15 28 61798 0.9160930742563717
5 27 18 7 106117 0.9550348401742164
24 21 18 6 80536 1.061982489534644
0 1 21 14 106065 0.9181103271145807
14 18 0 21 57254 1.0267779469869553
13 28 25 28 67509 0.9299797695383764
15 9 3 16 61957 1.0134402393266042
8 20 22 0 108068 0.9179999325858458
12 13 4 23 66875 0.9997211083547599
16 21 26 9 69461 1.0489701646902796
0 20 7 7 68363 0.9953444077577033
25 12 24 26 70316 0.9991851847230127
17 20 20 8 51520 1.029680565028086
0 25 18 24 53467 1.0471684557588044
10 5 28 28 133340 0.9750849144334559
15 16 15 27 43159 1.0855026982095244
6 15 22 5 82159 0.9053388029599095
11 28 6 17 68032 1.0169499939550557
11 8 18 17 54289 0.9093693162607596
7 20 24 18 67534 1.091333813605633
2 10 27 29 136542 1.0303593904413206
24 0 3 13 113008 1.0958462549979038
1 21 20 1 120419 0.9004834847418873
24 15 15 10 42024 0.922876392808269
16 29 28 4 91010 1.0914859490316824
19 9 8 15 50354 1.0041964139309807
22 14 19 22 42217 1.0888589530492199
25 29 15 9 91254 0.9819455412371109
10 9 15 27 82065 0.9774785571428442
7 7 8 16 53193 0.926817577428959
1 23 13 24 48167 1.0826212563667337
17 27 8 8 84443 1.0468114755342601
22 8 25 22 72124 0.958466018924078
24 9 20 23 67637 0.9186243907931415
11 1 18 17 72368 1.0540098384616496
22 2 27 14 50299 1.0732551810442723
2 22 8 10 58855 0.9677501857262532
10 20 18 27 44370 0.9745595507127357
11 13 4 19 49830 1.0263979639903011
9 2 5 24 108212 0.9636141997605729
13 10 13 0 48636 1.0771825457571078
24 3 9 27 117869 0.93024809759318
18 18 10 28 58313 0.9692886770547354
12 14 7 19 37535 1.0725279216532846
11 18 0 13 52188 0.9763887230058339
18 29 28 2 98261 0.9744737217518097
9 9 23 0 76558 1.029803697595744
10 7 29 28 136014 0.9858654610685991
12 10 20 0 66854 1.0133000370756244
5 29 16 13 80410 1.0740964880593256
5 3 26 5 57874 1.0064458932457758
19 22 7 3 81816 0.9943398923478723
25 4 22 11 35835 0.9553482293589106
6 23 13 5 92497 1.000009645796609
28 25 24 11 79086 1.0624395911856352
13 26 4 16 69859 0.9922191869509744
1 12 29 1 109890 0.9034605822962741
25 21 6 26 65885 0.9426014947930897
14 10 9 1 52757 1.066714399294435
22 3 16 8 30869 1.076072948000752
16 4 14 13 30981 0.931746523011172
9 0 9 25 112509 1.0177917085624086
15 2 25 26 100192 1.0088827595101078
12 29 2 13 78122 1.005983744618218
21 22 1 3 105781 0.9397772257910746
5 28 7 2 114738 1.097835072370114
24 10 11 5 69582 0.9454776872336693
1 22 20 7 101484 1.086075180771735
10 10 18 23 62512 1.0810343715723993
4 26 6 13 64058 0.9290021551464415
29 12 23 21 48400 1.0453774882694447
6 1 9 21 102215 1.0936625750484503
26 24 16 14 59124 0.9031113836497414
26 29 2 29 94054 1.0665819962515466
5 3 10 23 106248 0.9151087289515613
19 1 8 27 121537 0.9022316187337148
3 28 15 15 78890 0.9784394578088494
23 24 3 14 94118 1.0483320731099355
1 13 18 11 61882 0.9845320023911082
15 29 6 12 82689 0.9372791955356935
22 11 22 24 64312 0.9561195086681554
14 8 9 24 78733 0.900293183282095
18 10 10 24 74495 0.9448133012103221
11 4 21 3 31941 0.9304597056774699
25 1 1 21 128385 1.0719613151551382
25 21 17 13 52969 0.964083882192265
19 4 5 4 44626 1.0573349689050975
23 16 7 17 54365 1.0031860215174406
11 9 24 4 68604 0.9338895974916945
14 15 19 4 47333 0.9884342730266211
9 17 28 4 79450 0.9339248281228996
0 5 12 16 76566 1.071221042014464
11 15 26 7 65826 0.9617702838902686
29 28 12 14 103885 1.0951616464759883
17 11 3 18 63753 0.9370898488983548
27 3 19 8 40077 1.0323978509570573
13 17 0 24 60377 1.049567742488669
11 22 25 17 53873 1.0786554313919487
16 20 4 13 59242 0.9233150667854796
22 20 15 10 62284 0.9097018552475233
13 17 18 2 60867 1.094627541559532
25 28 27 4 102331 1.0847548959489195
12 22 13 0 84216 0.9931608341129681
7 11 3 18 44468 1.0647913426299507
4 26 17 17 60595 0.9649409210291033
23 23 4 20 60430 1.0557673464494575
9 21 21 4 95514 0.9370235911134257
29 10 29 26 85724 1.077645214482778
28 17 3 8 104559 0.9562296376080416
14 16 16 1 49028 0.9110630950010115
16 20 24 3 71956 0.9219208750870781
28 0 5 26 124026 1.052874464021294
3 4 19 8 65429 0.9313939212992706
16 16 4 22 51149 1.0182197462083926
20 5 3 11 77156 0.9142114912095255
16 11 14 20 34456 0.9836002657101577
14 21 21 26 30261 1.055455872593797
21 11 19 20 50736 0.9247646212412521
2 14 22 22 78681 1.0437819895326461
14 19 4 6 90429 1.0674394541117724
25 21 6 0 121768 0.9393317838183884
8 28 26 9 116118 1.0915963542359415
5 27 20 0 136356 0.9393309192378356
16 1 20 18 64964 0.969030106153808
27 14 26 2 39966 0.9860633501276791
24 18 8 9 80733 0.9558301419072768
19 27 5 11 91087 1.0627556934038749
6 3 7 21 94501 1.0713949392049704
24 3 11 5 46774 0.9947392283278218
7 25 10 14 58965 1.0813716245294491
29 1 6 14 103634 0.9752559668006539
27 11 6 24 98568 0.9968501552772739
16 4 25 7 42241 0.9284712855455831
29 28 17 28 74701 1.0468731351045304
9 9 19 4 55186 0.9294892371120651
23 29 10 19 67523 1.0025661708192901
26 29 13 22 63361 0.9411841812648611
25 20 10 18 65452 0.9331241622996256
29 27 19 6 122527 0.9911785117079617
6 21 20 18 46419 1.0739062793041354
5 22 0 29 27290 0.9174585606467586
0 14 16 11 57956 0.9782319358413099
2 27 6 21 34632 0.9492289929141868
13 23 10 2 94286 0.9340899005922324
9 24 22 4 105974 1.0683545280167874
17 2 20 18 66715 0.9166069222302792
19 8 1 21 92666 1.0964559751839156
11 8 22 15 55975 0.94065695767716
15 25 20 0 99699 0.9783681809048751
24 12 3 25 96355 1.08554686789276
19 10 11 27 79312 1.0169096353412255
24 27 10 29 62710 0.9514403340125726
28 1 21 8 35948 0.9887024567731892
22 24 2 25 65354 0.9459271374216667
9 4 28 16 81286 1.0918957963286586
23 1 9 19 96079 0.9324210159067046
12 27 6 14 87765 1.0754739241827926
14 8 0 16 72135 1.086805771453952
19 24 26 0 96507 1.065060575108955
9 0 21 18 92814 1.0967760444456216
11 25 28 4 94458 0.9946235668099692
12 16 9 6 53965 0.91739884596062
15 13 14 28 58879 1.0439586656289261
5 29 7 5 107829 0.9685997822615279
16 20 11 0 78844 1.0381297851908027
4 10 4 29 69880 1.063785950228303
19 27 7 27 52662 1.0013446356423736
6 6 12 23 102337 0.9838627046526658
1 9 14 11 53681 1.060495742545596
0 24 25 9 108675 1.0407198176120493
1 13 24 1 111509 1.000290670119385
12 1 20 19 79362 0.9520854871914681
1 29 29 18 113309 0.9209979583207331
16 27 12 11 62971 0.9203926409895659
7 27 10 9 89788 1.0247060077318546
8 9 3 3 47552 0.9192739869761903
23 11 14 15 36728 1.0801442332711673
17 0 16 23 76753 0.9840057154447581
14 23 8 16 51971 1.017429217232734
9 21 19 29 48710 1.036684591895011
7 20 24 28 80404 0.9989055861636752
11 16 25 27 79286 0.9942265972156956
18 12 8 13 32995 0.9777828923548769
18 18 7 18 49590 1.0865246452743405
23 20 0 21 65783 0.9598405362913481
29 17 10 9 82731 0.9553032451065311
3 23 10 7 85475 0.9577168747969536
25 0 25 20 77103 1.0843235266054418
5 13 17 7 59566 0.9559459687489982
22 21 9 20 46920 0.9478982506802318
13 17 25 29 74945 1.003849884711854
8 15 2 29 62548 0.9665969542342725
14 0 9 22 97386 0.9108473698567293
25 6 15 6 46767 0.984756852315441
7 20 9 0 96844 0.9763508386884798
9 0 14 28 110411 0.9360824189404574
11 27 21 28 47847 0.9109218560396739
10 20 24 21 49302 1.0266842973906267
21 8 26 25 96635 1.0605228189241338
6 14 29 11 85190 0.9823014701384946
19 1 10 2 39213 1.0936794178177538
15 12 0 24 74619 0.9830913709292098
25 13 11 15 41109 1.0960871894701887
17 21 3 9 81844 1.0248977291544423
25 26 15 20 48718 1.0677410451380214
26 7 4 10 85569 0.9768794570581157
7 14 16 9 46664 0.9092577169152585
26 6 4 27 126338 1.044408986236548
16 15 26 23 49403 1.0956305854778174
2 14 17 15 56276 0.9132410106032814
28 26 10 14 89037 0.9739704978263232
3 28 29 1 135961 1.0530267441564518
21 11 9 12 39502 0.9212701071644033
27 2 29 25 92400 0.9884327900441252
25 22 3 1 121418 0.9453896729791542
12 4 14 12 47301 0.9527454329881601
2 7 3 25 64558 0.9393739132811054
27 13 13 21 68976 1.0041808306506128
21 13 9 7 62257 0.9725831657853011
27 7 20 19 65434 1.0477577158345137
6 26 28 15 89303 1.0062655876542954
7 2 28 22 112549 1.0187894084756106
26 1 2 0 83839 0.9866065488954048
14 27 26 18 63432 0.9033392780437729
26 22 9 19 57052 0.9093674179798076
17 0 0 18 101144 0.9310762603773654
1 11 11 11 33779 1.0129255779871928
17 19 14 26 28876 0.9389876013815055
22 2 5 13 85442 0.9804091366960205
4 3 15 25 100191 0.9756090533244939
11 6 7 16 58094 0.9648763600491794
16 6 9 22 66333 0.9179032749761241
12 11 24 14 51309 1.0228337324776229
8 0 4 18 93198 0.9947376619608864
22 7 13 24 96218 1.0275757215264405
24 19 8 3 93117 0.9335856485892413
25 20 13 0 95382 1.0394732886693825
15 11 13 28 70078 0.9327421626374102
21 13 9 16 45300 0.9577203779124089
3 17 9 3 78921 0.9669572904947494
29 25 29 7 86996 1.0058866509793964
10 2 1 25 102286 1.0493336365468895
3 29 13 6 116214 1.0134600832877088
16 10 17 23 39358 1.0585715379036438
29 0 21 4 34156 0.9735797068537613
18 9 1 24 96213 0.9467784231874053
16 29 17 4 77285 0.9106487832218747
10 16 0 26 53377 1.033152817629177
0 19 27 3 113937 1.0638551664582803
0 24 28 8 109454 1.0472201080211587
20 19 12 13 46945 0.9939393084919643
25 4 17 2 31692 0.9357969695868911
10 6 14 14 49126 1.02076615133899
2 23 12 22 29296 0.9483330917360417
16 28 2 6 116428 1.0878710671594172
16 25 6 7 95637 0.9055770403889131
27 6 20 17 59832 1.0827777172962745
23 19 11 25 45687 1.06230227558106
27 17 2 4 115194 0.9454761873944372
9 21 22 29 55626 0.9116001885893261
24 27 6 11 104191 0.9448391078976716
0 22 19 16 66598 0.982956479933802
26 28 11 0 138655 1.0084551224932874
15 19 1 14 72589 0.9168487275434002
13 6 4 16 75242 1.0575161349750508
7 21 27 12 87971 0.9761354631660957
5 3 9 18 78470 1.0014958675237655
21 7 12 9 48027 0.9729301594997827
27 10 16 25 76961 0.9479874263074859
5 8 27 5 84804 1.0366379292067758
15 16 24 2 67548 1.065097426705992
15 16 26 20 55917 0.9573288538341802
11 1 26 21 109054 1.0920840889947123
8 12 27 4 82162 1.0302934833926498
8 21 19 0 103764 0.9240863240882495
3 6 10 29 103452 1.083890824926492
19 5 9 20 76364 1.0763442998687502
5 17 19 9 68504 1.0001152555873094
21 11 6 25 87676 1.0546278591384726
18 27 9 16 58361 1.0113440459218275
8 24 23 18 59828 1.0306373001489681
29 13 12 19 65643 1.0621141014423663
2 27 16 10 90356 1.0020227225072589
11 3 19 20 69596 1.094223081231527
3 20 19 25 58912 0.9675098755689395
27 1 9 23 105605 1.019172355723779
8 9 16 5 47111 1.0621200585232016
25 25 2 22 69820 1.0297560440458629
23 2 2 24 127778 1.0029724306996677
29 3 17 5 39333 1.0459540945569024
1 20 15 28 66194 0.9773323765463638
22 15 9 22 51863 0.935530497253771
5 23 17 24 38377 1.0989113480755175
20 24 5 0 103040 0.907763810537746
3 25 4 15 39299 1.081812538121713
16 20 29 8 65475 0.946879190690582
12 11 25 0 74750 0.9154658936915887
14 23 27 22 37193 0.997094970448556
6 25 7 6 98741 0.9024045801587527
28 5 0 17 103603 1.0340267229728095
11 22 3 9 72278 1.0956314898294146
0 5 9 0 51920 0.9355496497797968
27 2 6 23 110271 0.9297815801663265
28 5 21 26 83121 0.9976015388701811
14 10 11 28 83241 1.0981222700839026
12 16 19 10 41046 1.03923555927395
27 21 3 25 75519 0.9048677795299546
9 27 19 9 91145 1.0270693419981396
11 16 12 7 55841 1.0075535466987164
4 20 21 26 59178 0.9818088935877709
21 11 4 10 58729 1.0837893586903278
5 5 10 24 104179 0.9829147064115384
28 7 6 12 82878 0.9653477580109543
0 21 29 5 116407 1.0082755291426861
6 11 17 11 38592 1.0370981703744389
2 28 5 10 68650 1.0456213392800775
2 17 25 21 80253 0.9060125836964691
2 14 19 2 94487 0.9486617210536732
10 18 7 3 73996 0.9313069457717824
9 1 19 27 101889 0.9975909960368678
21 26 2 26 61344 0.9633294921497082
14 2 13 23 85987 1.0349386472355324
25 0 16 29 111976 0.9714588003975355
27 0 28 17 47176 1.0851356283344904
4 24 4 11 55063 1.0812154818071338
27 28 26 10 100007 1.0739002279869299
28 18 15 25 62735 1.0473705925753374
10 29 5 13 82690 1.0296866756973302
17 4 26 1 34059 0.9798815685761142
16 24 4 24 42251 1.048203668807211
22 16 1 5 112276 1.0044562852549566
18 20 22 11 50561 0.9664871885035401
6 25 3 10 59987 0.9109005041193873
7 10 7 22 65706 1.0476015977219848
7 18 29 25 99426 1.0091985612006633
4 27 28 7 118966 1.0878357029703207
14 19 20 24 27957 1.0081832777626412
9 7 1 22 74358 0.9141018243406396
3 12 12 1 75771 1.0260875027854355
1 27 8 23 38124 0.9020736873056372
1 26 26 2 132908 0.9196218847123931
15 23 8 3 86745 0.9161682226011202
23 26 29 16 68897 0.9130258304102569
18 14 11 1 63641 1.0798937751190518
18 4 28 13 55636 1.0372928549701186
10 29 27 21 67149 0.9794190622650765
27 15 7 3 82028 0.9682662636241539
29 0 24 6 32668 0.9115495325554094
9 8 15 21 72836 0.9042855627050281
24 25 0 1 138900 0.9258858467088665
9 29 21 16 70294 1.0764337716611376
23 0 11 24 116289 0.9366371103974254
8 21 20 0 109398 0.9518755889324259
10 27 16 10 75232 1.0531553751595921
17 2 13 23 82067 0.9693703044919795
18 28 26 12 76198 1.0345973591842805
17 19 12 9 49980 1.024188062470016
9 14 10 3 47896 1.0136830141655397
10 28 22 10 102523 1.0577797979418304
20 3 8 22 88402 1.0189894736106826
14 21 1 28 58503 0.9318541806551673
10 0 23 16 85212 0.9917247316085687
1 5 28 5 88516 1.059614998500878
5 26 19 11 87438 1.0741762765252085
6 29 2 10 68043 1.0903020557244278
11 26 20 2 100346 0.9818827741983218
21 3 24 21 88996 0.9540394359253473
22 11 5 6 79352 1.0877934880533877
29 29 18 12 106143 1.079989131045796
21 25 18 7 74358 0.9904095307870207
10 17 17 13 32504 1.0493816736563966
22 8 0 18 95348 1.0688258472290015
1 12 20 1 97914 0.9930482728719399
14 7 26 2 51908 1.099249501966966
21 4 29 20 82131 0.9986201681259406
22 9 15 23 78070 0.9141147891837034
15 23 27 29 70959 1.0039483100755577
16 29 29 11 81489 1.0384769358475272
7 29 5 4 107119 1.0063067035410513
0 17 6 23 28707 1.0234333749071096
9 5 25 0 62531 0.9464185163541803
23 21 0 16 72126 1.020961162072131
27 2 28 22 69815 1.0394947334298923
12 16 3 24 64128 0.9099999515604776
28 9 22 22 61754 1.0939199503940917
25 3 4 10 83721 1.0807232950897625
28 26 20 7 110944 1.0939027540825017
24 14 10 14 43319 1.0865291985233736
28 27 17 22 55063 1.0934481341146343
26 14 10 26 79087 0.9976571824598925
3 22 25 2 117762 1.0656431079857567
28 9 21 6 37197 1.0668086046966172
2 11 23 27 106364 0.9272968412154591
12 4 7 25 107741 0.979019986692037
15 15 1 6 83496 1.068732007663876
19 26 12 22 29882 1.060789196443204
10 9 29 24 104198 0.9742192769394715
2 6 26 25 137690 1.0669728683472517
11 21 23 28 58003 0.9087090103121347
5 25 1 13 42443 0.941929102687344
2 0 12 15 94031 0.9280048631891759
21 13 13 6 51306 1.095519031519685
12 23 21 7 88500 1.010454586208179
18 13 10 1 58498 0.9989451689941746
21 16 17 22 30584 0.9815321734162261
25 2 4 24 124441 0.9640423686234043
3 2 1 14 61351 1.0793683466968937
23 26 0 13 89908 1.0185030750623758
7 28 24 25 76837 0.941059475102809
6 14 28 25 105422 0.908880165595601
11 9 29 8 71373 1.0069161616416629
10 4 3 12 54519 1.065324387148752
26 2 8 3 47882 1.0116352755927884
24 2 18 20 79462 1.0616720435255633
26 17 23 6 60060 0.9864163774596779
19 17 12 6 63795 1.011973109634541
4 21 29 22 66860 1.0150504214914462
13 26 13 5 86444 1.0580566579417778
6 11 21 13 55587 0.9628320163342341
23 15 10 1 75413 1.0943943438498116
3 3 17 5 44282 0.9223806393480787
17 17 28 20 51117 0.9506369642430667
2 25 14 22 41945 0.9355350598901083
3 26 5 15 47728 0.9604717396108836
29 13 17 6 66138 1.0194877548729335
24 19 4 26 76428 1.0021993526929476
0 24 13 7 94467 0.9022847192884078
19 17 6 8 75221 0.9249316170244087
27 29 17 24 59961 0.9031885359358165
26 4 29 28 108573 0.9076696391040407
0 18 20 29 66425 0.9759568960935279
14 5 24 14 62015 1.0393353029556782
26 4 6 2 59006 0.924695340268113
19 22 27 12 59560 0.9938703731417055
23 16 29 22 43535 1.0337976136249327
26 26 9 14 83796 1.0845283240061707
18 4 24 22 78945 1.016098171105289
10 28 7 11 91545 0.983000039166984
15 18 28 11 56179 0.9727059750586191
20 3 10 0 39682 1.0157008907840797
1 18 23 17 82005 0.9163117546253948
2 14 21 7 94110 1.0674446865992933
17 10 28 28 101397 1.0174897574777888
7 6 1 10 46490 0.9886036624686001
18 22 9 29 41455 0.9332313891656164
11 12 3 21 65094 0.9631150250477444
3 4 3 18 67824 0.9831186305478283
0 7 22 10 94660 1.0618707827202667
10 17 28 9 67431 0.9983253891458997
29 20 16 17 59717 1.0454258068352766
0 7 11 15 64848 1.092419322987799
18 5 14 24 77097 0.9873706566438452
14 24 28 12 73698 1.066250560002639
15 25 2 11 78162 1.080195739730615
24 12 7 7 78351 0.9558468561224764
9 27 19 4 105963 0.9838739295553768
11 1 24 25 115373 0.9401886125089157
16 29 15 2 83428 1.006818877389674
23 7 6 2 72044 1.052506005999253
18 24 7 22 35953 1.083477189760269
24 3 26 21 75579 0.9293792210671388
27 25 16 18 55566 1.0863701352610593
17 7 14 26 71983 1.017227963639407
3 17 5 5 60399 1.025011092569273
23 21 23 6 67568 1.01367841607628
13 19 4 6 86486 1.092857732705397
0 12 16 16 59759 1.0005109249079343
27 25 24 6 96714 0.9402243686752343
5 13 29 7 95763 1.0489284743591472
28 12 8 14 64450 0.9796874619323941
14 9 15 19 42646 0.9014904076522833
7 23 29 7 105091 1.0691248461834484
9 3 10 19 72700 1.0268132312926643
17 25 28 17 60590 0.9839030823233861
4 10 23 0 95037 1.0085508176816267
9 1 16 26 92322 1.0547820883268537
8 10 20 9 55407 0.9794792224719878
12 15 3 20 51744 0.9633437267578111
24 6 7 1 74689 1.0570418138393929
13 24 15 13 57518 1.0392545121222028
21 28 6 25 54039 1.0517971770726788
16 19 28 28 72188 1.044712679734812
20 4 19 29 94038 0.9481544637863557
28 2 7 29 121176 1.0181332100035412
0 27 14 27 48170 0.9503924204127354
22 9 2 18 97645 1.048751814561785
11 28 26 26 67789 1.027326522320046
24 19 11 20 51628 1.0061016447134947
22 4 13 10 53890 1.0956494541910906
7 5 3 25 91338 0.9398685738139279
22 0 5 28 143369 1.0711974795699564
12 21 22 22 29077 0.9072074012665079
1 29 17 14 84277 0.9603039549295782
0 25 22 17 74807 1.062778376623658
15 26 1 26 49712 0.9542750666744387
1 13 6 28 54577 1.0665163006875127
22 14 11 10 56822 0.9853885214299393
14 25 25 15 54940 0.9587833097751163
6 11 26 28 119783 1.052455314075571
0 26 11 27 41128 1.0505303229694511
21 28 6 23 55784 0.9343468617440281
0 19 26 19 83963 1.0826277615299378
12 2 10 13 54966 1.0779985267654295
21 8 24 22 73915 1.035922948163271
17 1 7 24 105006 0.9488259109827476
4 4 29 25 141039 1.0863273805235079
2 0 14 1 55097 0.9236942593722488
19 10 27 6 44868 1.0672890384917268
18 29 23 10 78832 1.099078053096978
13 22 29 3 86530 0.9629017310513502
24 10 27 3 31395 1.081729317531274
4 22 4 1 90522 0.9562996684367189
5 28 10 4 113350 0.9704967267317137
18 5 25 23 81573 0.9008332759688383
28 15 13 17 47019 0.9417484903024638
27 29 24 2 119963 0.9623511818988966
1 13 22 7 95100 0.97371575040087
17 25 1 10 81040 1.0857210184242168
23 10 20 27 66826 1.089660298930453
16 8 0 12 62814 0.9178106912973306
9 1 26 16 90240 1.097261928721613
26 22 5 13 82773 0.9918344200259239
2 6 3 22 64162 0.9898099396622181
8 27 9 2 119719 1.0617262900369353
29 19 18 17 56784 0.9995527417337376
27 14 4 16 71229 0.921410179941531
2 17 21 10 82635 1.068099756827511
20 8 1 18 91193 1.05145212882576
6 10 21 25 87074 1.0771779281560776
18 28 4 22 54785 1.078556673852091
7 2 4 15 69085 1.0607032476311933
16 24 5 3 93612 0.9093938924127083
13 12 16 22 42063 1.0253968753760634
27 14 20 20 46308 0.9964077168389847
24 13 18 2 65244 0.903313784298206
5 17 21 4 92400 0.9942033360405853
26 15 8 1 88691 0.9678757819843701
25 3 17 11 50025 0.9210647077168853
25 17 7 3 88332 0.9440887562810689
26 24 5 1 124456 0.9871213328261791
2 18 4 5 65013 0.9894156219837148
26 3 0 6 83957 1.0589164568778933
16 6 4 25 89398 0.9971102270909702
24 10 6 25 99779 1.058878149359823
16 11 11 2 41061 1.0547127563132617
16 4 9 28 96775 0.9761865349262273
16 0 28 10 52202 1.0517168388769385
26 17 0 21 85693 1.0170064443390963
16 11 15 26 49416 1.0217729811435627
2 16 24 7 98733 0.9947595133580402
29 3 17 3 29279 0.9715521289737573
13 24 10 9 81134 1.0697536940316152
25 22 28 2 70655 1.0184639986748008
10 8 29 1 71492 1.0412157809600275
20 9 27 29 116218 0.9540333146319917
17 20 4 16 53685 0.9836053588956766
15 7 16 17 35028 0.9072024770857146
2 16 27 23 88651 1.0144389265891036
23 26 7 23 59606 0.914089799975883
9 15 20 28 54935 0.9803295143355153
2 1 28 11 99437 0.9219914874518963
1 15 14 19 61229 0.9481143364299152
20 6 10 28 110374 0.9153038898871345
6 18 19 22 53022 0.9617808871972401
18 24 23 5 86239 1.0851175542613063
6 25 24 22 55096 1.0605707620719187
0 24 17 1 108821 1.0741646134595821
27 20 14 8 84629 1.0140384445418775
9 4 27 23 107517 0.9715925101896619
0 4 29 27 152890 1.0884049291636047
29 8 3 2 83880 1.0720666545606135
19 11 27 19 59601 0.9783631798876227
23 9 5 1 82020 0.9570604772507784
15 6 2 11 65981 0.9412380651634707
27 17 25 6 47418 1.021774753332028
17 24 5 8 87019 1.0338479458392547
19 7 2 20 97607 1.0076690902531749
14 20 9 6 78251 1.053183860622637
8 24 2 12 60110 1.0418413738249765
24 25 8 16 80687 1.0688888091982474
18 29 9 2 98435 1.0032227250129349
17 26 12 8 66553 0.9453416755846324
12 27 24 1 123483 0.9776053417323242
13 12 3 29 88559 1.0523398521263885
7 0 7 25 116106 0.9937777122498204
1 11 8 6 46385 0.9234181018012001
20 1 1 25 126512 1.0829403077444981
8 7 22 24 96962 0.977824603385743
23 11 12 0 66809 1.0000396856515492
7 17 0 12 32760 0.9245882014685213
12 20 18 24 33370 0.975471139666633
13 3 22 11 50937 1.0833361269413766
17 29 23 24 39824 1.0924699237193998
14 1 5 17 88980 0.943894745649955
9 6 11 27 100481 0.9690010607916644
20 26 24 15 45209 0.9099494702487142
9 24 17 6 81485 1.0357686651168718
28 16 15 21 58648 0.9073231210182716
1 19 25 2 118248 0.9001195604954233
19 16 29 10 46184 0.9481746041496574
28 6 6 27 117123 0.915341073363417
28 29 24 6 115666 1.0124260293761043
1 2 18 10 85052 0.9360047779385683
3 12 13 23 71446 0.9562640133918119
2 0 9 9 63685 1.0403023803695035
16 4 26 10 49030 1.0778554391823094
8 23 7 6 91743 1.0880563484531807
11 16 0 9 58551 1.087245508352215
21 0 21 12 71170 1.0602729242080497
25 4 6 24 118063 0.9344392844328283
11 28 6 12 88694 0.9468717034644965
7 8 15 20 72748 1.0176666104009122
14 23 29 19 61570 0.9299484635474697
0 3 20 6 74682 1.0462013449504326
7 14 27 11 79075 0.9515808151635129
8 26 13 10 88796 0.9171885412511672
6 0 6 14 74897 0.9739755891350578
27 7 4 16 92953 1.024589027733502
26 2 2 0 80627 1.0451517694527483
19 15 9 6 64365 1.0184059607172786
3 19 8 13 47499 1.0543890668713387
5 18 28 24 86658 1.0544085298122003
9 9 19 4 55186 0.9274995478335625
16 12 3 11 46005 0.9845133681730058
28 28 4 18 111005 0.9448636448165487
2 26 3 0 91733 0.9988596135985722
27 5 5 2 66012 0.9407551002494093
10 26 24 17 66843 1.0711737943617528
13 26 22 12 75006 0.9314719163097359
4 27 24 26 75048 1.012003311623598
5 9 14 24 96676 1.0254524923063113
10 26 4 21 37864 1.041628549390076
15 3 2 24 107051 0.930679946735312
7 8 18 4 55870 1.0747574661633015
26 2 12 15 70948 0.9544025405840881
18 15 6 22 49534 0.9898418135144993
28 19 4 6 122052 0.942022359473409
23 6 1 8 98732 1.0263872119601687
19 21 26 1 88404 0.9092512472638968
0 22 4 11 38357 1.039155290549038
22 18 12 10 67011 0.9386782395946518
14 0 23 22 90894 1.0295082483183189
20 6 16 23 73629 1.0861051369228794
10 6 1 23 84503 0.9154138781072442
29 11 11 14 61388 0.9967990703182764
9 14 17 3 56709 0.95832975842664
25 10 15 26 76190 0.9505454945980198
6 20 25 8 101103 1.0980658083877284
25 20 4 29 82561 0.9520674717200021
21 29 13 17 52780 1.0224972872752562
0 24 29 0 129092 1.0919689087992177
1 7 13 20 88977 1.0699257055775417
22 8 20 20 66175 1.0588349856656638
1 19 7 29 42558 0.9786531092998638
16 7 18 24 55423 1.0214294795331926
10 13 20 1 71792 1.0806114984314943
9 18 21 18 49925 1.05717583686345
10 3 5 21 92044 1.096230895894612
0 5 29 1 90841 0.9821613032949537
26 11 11 19 74559 0.9271833525836013
15 15 27 10 52534 0.9522713028814506
24 14 15 22 46567 0.9405688189383714
28 19 23 13 41221 1.023779557131613
2 23 27 18 86375 1.0668173628733308
4 16 20 20 65434 0.9538042640498752
2 20 18 12 76343 1.0100981964304308
1 1 28 28 170199 1.007547392693157
3 22 22 24 54191 0.9953890550797481
19 3 12 15 49757 0.9065181677699222
21 1 4 7 75623 0.9915737582395263
17 6 1 25 98191 0.9689845335393699
28 20 8 3 103186 0.9337435058337229
14 5 16 25 67169 1.0614979376601996
20 22 6 4 91355 1.0938923910971925
21 26 17 11 53910 0.9593196700812543
18 9 4 11 60270 0.9286943877258118
1 23 15 14 74232 1.0445076137436318
19 22 11 9 66945 0.9846780757869992
3 22 12 10 74256 0.928667810238643
22 7 15 11 43026 1.073449699134978
23 9 27 1 33794 1.086339673447621
26 10 4 2 83034 0.9726733693739953
6 20 12 27 51907 0.9195989564413446
8 18 24 10 78172 1.0040969010817924
2 20 11 3 92572 1.0430292184010679
28 15 23 6 42372 1.0183603697338832
29 5 24 11 33472 1.0080470261628063
26 23 12 21 46307 0.9575396139367964
20 29 24 1 105682 1.0005424759261725
24 27 14 1 109927 1.0663940810199972
20 1 2 19 116920 1.0171381457778537
6 18 2 8 57708 0.9057872642458962
1 16 21 2 98536 0.9199791600768492
9 8 7 21 63660 0.9969676583034982
8 3 23 18 83684 1.0545342163681086
15 4 6 2 34243 1.092984959886018
11 25 4 1 117385 1.0166089231881488
19 3 5 8 57180 1.0112228524936726
18 20 24 13 43436 0.9506107484691264
20 24 0 21 50793 1.0226412554960114
14 12 20 29 55551 1.0077698896759935
11 22 23 21 33381 0.9945891933786741
23 27 15 9 75785 0.9903218023667442
18 27 18 17 34078 1.0072206262577088
17 2 1 4 55356 0.9863339326625904
28 27 13 29 73202 1.0697050523799039
12 27 10 12 79290 1.0379894928741749
13 5 18 27 77865 0.973114570413039
8 1 22 7 72902 1.0796986834157023
11 9 21 20 73833 1.0160247628053467
9 9 14 26 84534 1.0843581668053117
29 23 1 24 85475 0.9310176519510035
29 4 10 16 78793 0.9648277853370372
22 2 7 11 74964 1.0044995320764574
12 28 12 1 114079 1.0583164845731545
18 14 24 10 40153 1.0336699006762098
18 3 4 9 62164 1.0103580688641636
13 25 27 16 67857 1.064449775119129
27 4 4 11 98231 1.060725984452418
20 26 8 28 51761 1.0247751250935349
6 7 25 6 86227 1.0553717607648496
14 18 12 29 56295 1.0692437621222108
15 19 12 26 43218 0.9996881719806866
11 23 19 21 27476 0.9852513986269232
24 23 13 6 86327 1.0828806730234104
28 19 14 25 59884 0.9594428826300823
3 25 27 20 81340 0.9530121982674796
28 27 8 2 134863 1.0197027230357052
21 10 2 10 74788 0.949006419102879
24 9 11 6 68177 0.9633473186219506
15 27 15 5 73779 1.0049489307509016
17 8 18 17 38097 0.9560175412095608
20 5 1 24 110142 1.082627128074166
5 15 2 22 33691 0.960200085228005
4 7 22 6 82600 1.003145511002051
14 27 10 3 93399 0.9778639204680687
15 24 3 2 112850 1.0609633865188175
10 15 3 5 70408 0.9511753946285363
20 20 10 7 75178 0.919861839168375
0 7 23 24 104958 0.9936914008164861
15 19 2 24 59641 1.075024677144505
13 16 20 26 44825 0.9744523159906727
23 18 23 5 60486 0.9957195467353395
13 23 18 17 35909 1.080040712471788
28 10 27 19 38876 1.0567979419671427
15 18 11 8 55555 1.080165790185936
0 13 7 1 72009 0.9306011281348961
14 14 9 1 65247 0.9002596883317159
21 22 25 2 86493 0.9188524941288193
0 21 21 17 66664 0.9392889466273171
18 16 2 23 61779 1.0889459812030302
13 27 14 18 56077 1.0447773125131952
10 23 22 1 106189 1.0751114202668706
24 21 13 21 37458 1.0679327160111196
3 22 29 16 87798 0.9405726126768794
18 4 0 3 58413 1.0234530064247815
15 23 24 27 49825 0.9719405334097647
1 11 19 9 69230 1.0892085502182982
10 18 23 22 49963 0.9912865332522727
11 20 0 24 38408 0.9573339482289861
3 7 28 6 88666 0.9553401425976652
17 26 12 0 86391 1.0369744473304736
9 23 22 0 112997 0.9338292549854321
15 8 18 18 40204 1.054655569289122
21 22 10 20 34037 0.9207654021559107
0 12 11 12 37868 1.0522477644421908
6 3 18 12 54944 0.9462748241956729
10 11 7 3 41201 1.0586426485526845
29 27 10 17 98657 0.9854149894212476
26 7 17 17 59739 1.0576247980418427
11 24 13 12 65681 0.9634544367484903
6 2 18 29 108446 0.9752040697901999
22 3 15 20 69584 1.0912889441929319
14 10 23 16 46320 1.0336028164929592
9 12 28 13 62996 1.0716472959232717
26 23 21 17 41115 1.0420339744998874
10 7 4 26 93121 1.0995226667489284
16 4 17 19 45570 0.9174231399123567
7 1 22 22 100962 1.0638352885873568
8 28 7 17 65207 1.0565898544833177
5 11 4 29 68447 0.9526669808983883
16 14 1 9 66988 0.9469572797354745
12 13 28 15 51503 1.0968164613831402
14 27 9 21 39744 0.9046538533949844
15 20 26 17 51613 1.0846424424810632
28 20 3 17 97396 1.0508540327036213
4 13 11 18 48059 0.9229019957284674
28 15 20 13 31494 0.9624661603159886
26 6 1 3 75347 1.0332851722320726
4 10 8 0 57920 1.00128511369608
1 14 27 21 96434 1.090896477780168
0 23 1 9 41598 0.9521134890746878
6 21 27 29 92111 1.0771051175263129
13 24 1 5 101106 1.0202939312764319
18 6 22 26 81719 0.9035968528010444
29 0 10 11 84302 1.0256593191980758
9 6 16 1 33574 1.0881507923328897
19 28 29 6 93628 1.0965593395069528
17 7 3 29 107692 1.0097405287463246
24 26 25 8 86653 1.0549724318016627
18 9 25 26 87542 0.9081895976790487
28 8 9 23 89049 0.9379724597926655
0 6 15 23 88823 0.971211332078509
10 15 4 5 62508 1.0294398433637804
26 21 9 6 105637 0.9032192917934282
21 1 10 9 66827 0.9597204784012516
1 29 11 3 107676 1.0458993839289246
11 23 3 15 54577 0.9079504943524807
18 21 4 7 90426 1.0697918875077175
27 28 2 3 151061 0.9717747711944684
28 0 5 27 128276 1.0455806363962112
1 5 26 15 113369 0.9626460211219776
1 23 4 0 88794 1.0048671143187624
11 1 9 17 76164 0.946371885479254
9 12 19 6 52255 1.0915635596348296
21 23 12 24 39250 1.0003924907836685
3 9 17 21 81844 1.0464324334704669
27 28 2 17 112413 1.0146964055741046
15 2 22 27 89660 1.0708285426372126
2 7 6 26 75961 0.936183934922685
28 29 9 10 124374 0.9057785586329895
8 25 6 17 47467 0.9392220072082126
4 20 1 13 36628 0.9463657055828045
14 29 6 18 67274 0.9382610782511973
19 5 1 24 105665 0.9709695149800605
6 24 29 19 84423 0.9017985825921536
16 5 29 16 65074 0.9488720736892958
0 24 1 10 36280 1.0759284728479253
27 28 5 19 99766 1.0092007065697797
16 13 4 20 62386 0.9947153799012356
18 17 8 6 74579 1.053087973681018
24 7 13 24 97713 1.0503813828088169
10 14 23 19 51383 0.9326368111809851
24 19 3 11 94105 0.9271562390272738
22 18 0 16 78202 0.9299059109463765
14 6 24 25 91166 1.0329599556476952
22 5 14 1 42839 1.046627087438247
28 3 11 20 89938 1.0625029155266286
21 17 14 0 82217 1.0291562046778235
11 7 27 6 73955 1.00505276599276
2 21 23 29 77126 0.9037115389062624
14 29 0 27 44845 1.0143039544859183
12 23 1 16 50601 1.0891857017911508
0 2 12 20 97770 0.9858828847685093
23 0 26 29 136627 1.0533538275767833
17 27 14 14 44376 1.027205479147288
16 4 7 9 53163 1.0611568738415504
8 23 25 0 120302 1.0080266354282374
16 6 19 23 54685 1.0910430000538416
20 2 18 27 90007 0.9947078374336223
0 9 12 21 66549 0.9056515258429751
29 9 1 11 104646 0.9998861316707055
7 15 3 3 73015 1.0574384915880515
29 12 0 14 92337 1.0308417352528425
23 6 9 3 53063 1.0687101108095676
17 28 18 18 31117 0.9488178186664755
13 29 19 4 93306 0.9083125420947764
3 11 28 27 131191 1.0180514287889835
8 17 5 3 75337 1.0712250368611533
22 23 12 24 44035 1.0132765598701996
24 26 6 1 125495 1.0282753121939825
12 28 16 14 64135 1.0977893917943993
1 11 3 21 37594 1.029887332729328
19 24 28 9 72246 1.0564125718579018
13 18 28 26 80912 0.9848186469155954
1 0 27 21 141003 0.9162700950350393
7 23 21 4 106829 0.9064755779704067
0 9 13 29 86771 1.0946746310209192
29 20 14 29 67383 0.9926486191202212
26 13 15 23 62583 1.060207912501465
18 10 4 11 53551 1.0355622085952603
20 16 26 10 46867 0.9027070847541643
29 29 18 29 61868 1.0862150505061652
4 18 1 3 64438 1.0075384949813453
25 28 27 0 110607 0.9901889390822954
0 17 26 24 84197 1.0824674841930981
23 3 4 6 62035 1.0504448805638038
16 2 18 19 54190 1.0001635049844566
9 21 8 2 88686 1.0106297105512292
16 7 26 9 43359 1.0134729370438536
1 13 28 10 98649 0.9974453750005582
27 13 7 11 70939 1.0219195504842178
18 28 27 29 55471 1.0042904068757768
5 26 28 9 107338 1.0934542710408632
5 18 7 27 45662 1.0279187043806484
12 15 5 6 60649 1.0053125989384237
12 20 22 16 52628 0.9621987846675066
20 25 5 14 76481 0.9918908300646614
27 17 15 7 68851 1.0091143916955616
0 4 11 18 82576 0.957143812669759
25 23 16 20 33520 0.9733489609172417
3 1 27 17 118518 1.0183719382059082
16 25 29 13 64409 0.9530739675431272
0 9 18 8 72029 0.9534818568843515
9 1 27 18 102072 0.9921965653231417
29 27 2 25 100281 1.0875333380964642
4 21 28 13 87066 0.9073590803168418
7 22 25 12 77015 1.0294728680909764
27 9 1 27 121910 1.0837867958368785
24 27 0 7 120563 1.0141031632115758
18 27 11 9 80201 1.0278163356163237
14 12 3 11 39584 0.9929168366843983
26 26 20 2 113968 1.0998856270433812
9 5 15 29 98417 1.0530292225413445
4 11 23 5 84742 1.0017284007468357
0 21 28 26 92714 0.9671011847709996
