7598 7767 7744 7569 7641 7696 7548 7742 7747 7614 7625 7782 7566 7564 7703 7576 7605 7748 7648 7544 7836 7532 7647 7541 7803 5624 5504 5539 5443
2428 2275 2323 2202 2396 2229 2315 3375 3443 3207 3374 3403 3491 3322 3310 3194 3296 3465 3218 3386 3243 3443 3338 3159 3461 3482 3256 3424 3260
8161 8039 8059 7985 8265 7964 8197 8014 8253 8230 8259 8201 8249 8163 8135 8105 8060 8044 8208 7973 8246 8258 8153 8052 8151 8122 1583 1422 1645
1759 1529 1503 1569 1608 1800 1747 1738 1506 1547 1611 1708 1628 1727 1683 1590 1554 1838 1581 4505 4489 4528 4596 4662 4472 4344 4658 4400 4346
4410 4265 4533 4281 4272 4599 4362 2250 2366 2303 2256 2282 2263 2408 2343 2313 2182 2186 2408 2113 2438 2305 2280 2438 2390 2157 2227 2183 2243
3828 3814 3999 3919 4052 3841 4068 4025 3784 3902 3881 3891 3841 3873 4074 3921 3959 3901 3835 7203 7013 7132 6969 6958 7202 7002 7092 7078 7073
3013 2866 2931 2805 2927 3014 3085 3032 2992 3061 2980 3013 3115 3034 3052 2872 7364 7414 7411 7192 7314 7277 7337 7195 7482 7316 7341 7500 7469
2474 2378 2189 2421 2256 2367 2289 2229 2301 2294 2401 2457 2249 2371 2274 2246 2419 2306 5317 5186 5384 5357 5471 5451 5442 5338 5491 5399 5450
7155 7019 7221 7282 7180 6998 6999 7231 7055 7115 7149 7296 7159 7017 7090 7076 7094 7183 5931 5980 5942 5899 5853 5894 5847 6005 5899 5988 5927
4049 3855 3949 4093 3846 3997 3994 4066 3857 4052 3924 3921 3984 3931 4111 3897 3968 3892 4018 4037 3843 3965 4814 4689 4622 4671 4770 4830 4525
6064 6070 6363 6361 6380 6158 6131 6258 6319 6132 6336 6324 6113 6271 6322 6135 6278 6176 6113 6151 6258 6084 6248 6267 6134 6273 6389 2891 2882
2393 2544 2384 2572 2280 2566 2385 2395 2445 2584 2567 6907 7125 6988 7013 7125 7094 6933 7193 7191 7043 7042 6976 6979 7087 6940 6915 7015 6897
4017 3847 3941 3750 3883 4015 3944 3715 3938 3745 3901 3826 3882 3906 3838 3799 3909 3967 3944 3988 3820 3752 3860 3801 3720 1893 1735 1709 1732
1474 1314 1363 1256 1161 1348 1192 1311 1337 1214 1220 1368 1220 1409 1423 1427 1477 1462 1285 1265 1357 1458 1466 1301 1156 3030 3003 2998 2932
1733 1717 1852 1843 1787 1791 1904 1915 1726 1943 1796 1878 1687 1758 1772 1883 5000 4940 5018 4966 4961 4951 4821 4972 5024 4872 4892 4911 4847
6378 6374 6440 6430 6498 6529 6385 6560 8654 8906 8696 8678 8639 8741 8814 8649 8791 8844 8906 8871 8658 8856 8633 8926 8683 8606 8623 8662 8806
6687 6724 6721 6607 6882 6812 6743 6684 6467 6442 6215 6306 6199 6275 6522 6519 6201 6260 6333 6291 6262 6486 6276 6373 6377 6218 6370 6338 6284
3297 3025 3247 3318 3336 3093 3079 3348 3278 3114 3108 3058 3095 6028 5837 5936 6044 5898 5944 5953 6041 5751 5929 5831 5852 6009 5847 5897 5981
3403 3473 3473 3423 3414 3402 3357 3402 3322 3422 3448 3293 3454 3397 3418 3467 3482 3170 3163 3237 3231 3421 3269 3494 3240 3287 3435 5903 5760
7136 6979 7056 6921 7055 6828 6930 6998 6840 7002 6816 6836 7087 7001 6842 6856 7126 6876 6937 7013 7092 6921 7126 7097 6999 6989 6969 6923 2090
5329 5227 5195 5354 5256 5091 5126 5113 5241 5052 5295 5303 5306 5385 5197 5275 5109 5109 5101 5148 5144 5187 5377 5356 5213 5121 5164 5150 5232
7761 7444 7526 7471 7516 7455 7725 7736 7496 7677 7506 7739 7630 7687 7593 7588 7609 4663 4597 4614 4748 4782 4725 4575 4655 4779 4859 4662 4763
3193 3200 3238 3223 3322 3221 3291 3304 3369 3436 3225 3349 3425 3357 3201 3184 3518 3348 3435 3290 3284 2125 1820 2082 2075 1975 2012 2056 1972
7876 7994 8061 8142 7917 7902 7930 8084 7915 7936 7833 7949 7920 7845 8048 8079 8040 8062 8109 7840 7932 7810 7954 8061 7977 8051 1471 1748 1671
6816 6762 6729 6815 6925 6870 6827 7017 6735 6968 6823 6833 6733 6977 6916 6734 7012 7000 6773 6038 6019 5850 5864 5781 6022 5882 5981 5867 5941
6078 6233 6263 6223 2081 2145 1917 2063 2066 2146 1922 1864 2022 2123 2045 1913 2009 2177 2064 1848 1898 2101 2090 2093 1878 2053 2066 2165 1982
6273 6274 6333 6213 6419 6423 6369 6139 6315 6102 6099 6283 6372 6299 6199 5659 5832 5649 5728 5953 5748 5940 5809 5797 5718 5936 5929 5803 5936
3103 3078 2989 3120 2946 2975 3029 3046 2856 2854 2940 3021 2835 3060 2879 2876 2886 3007 3105 3118 2848 2965 3069 3909 3957 4164 4166 3897 4083
4434 4298 4255 4152 4255 2156 1949 1943 2050 1899 1873 1922 2132 1927 2094 1999 1944 2190 2168 2155 2028 1930 2114 1892 1921 1994 2110 2007 1909
6669 6601 6712 6565 6439 6481 6459 6583 4435 4567 4706 4417 4688 4501 4607 4649 4428 4671 4469 4466 4591 4690 4675 4535 4714 4390 4721 4402 4485
5006 8001 8624 3458 7170 1848 3565 4384 2256 3875 5093 5476 8837 2689 1538 5416 4444 8860 7835 3924 5802 8335 1682 1419 6539 3115 5095 6725 4349 2295
4949 8119 8850 3523 7316 5310 3684 4439 2148 3786 5253 5686 8677 2797 1487 5279 4410 8823 7903 6559 5699 8331 1460 1442 6727 3103 5076 6771 4431 2483
5087 8044 8645 3450 7132 5396 3371 4140 2087 3787 5159 5697 8741 2742 1710 5540 4669 8720 7777 6414 5743 8191 1717 1614 6530 2980 4877 6893 4386 2518
1568 7880 8650 3444 7140 5535 3508 4220 2248 3882 5140 5461 8806 2717 1493 5343 4690 8698 7851 6430 5739 8181 1536 1445 6538 3006 4901 3200 4322 2469
1565 8057 8889 3474 7187 5313 3409 4253 2084 3788 4924 5583 8766 2757 5305 5497 4527 8533 7876 6503 5825 8096 1713 1411 6711 3006 4436 3214 4402 2347
1397 7946 8734 3486 7402 5349 3368 4318 2211 3497 5098 5716 8520 2841 5367 5390 4442 8768 7822 6562 5569 8287 1533 1468 6591 3069 4450 3136 1166 2449
1570 8153 8874 3611 7273 5254 3397 4312 2230 3465 4932 5675 8526 2842 5287 5594 4487 8862 7729 6532 5824 8362 1552 1417 6601 2938 4318 3390 1287 2248
1392 8137 8816 3456 7351 5337 3518 4160 2095 3544 5013 5731 8752 2676 5498 5574 4682 8644 7855 6482 5815 8194 4642 1612 6813 3100 4488 3326 1259 2510
1434 7987 8883 3594 7351 5535 3676 4165 2071 3532 5145 5615 8736 2667 5453 5278 4384 8644 7594 6560 2587 8131 4784 1495 6561 3183 4472 3253 1270 2365
1425 8094 8780 3457 7077 5263 3590 4228 2878 3594 5104 5415 8654 2701 5349 5548 4487 8670 7888 6393 2463 8337 4794 7445 6630 3210 4351 3398 1190 2492
1331 8168 8632 3561 7382 5227 3675 4156 2968 3368 5220 5564 7099 2658 5496 5507 4623 8695 7738 6519 2608 8386 4883 7381 6616 3110 4476 3271 1416 3883
1613 8161 8655 2149 7275 5481 3671 4343 2802 3447 5114 5579 6979 2727 5363 5453 4687 8544 7831 6346 2598 8253 4653 7528 6824 3211 4245 3274 1401 4029
1464 8073 8751 2017 7248 5527 3482 5316 2789 3473 5141 5724 6977 2827 5495 5457 4429 8588 7838 6608 2413 8224 4676 7365 6580 2564 4382 3277 1326 3852
1434 8077 8732 2253 7160 5504 3713 5237 2702 3586 4929 5622 7085 2758 5297 5569 4625 8823 7593 6597 2672 8388 4737 7441 6761 2325 4444 3249 1200 3983
1544 8147 8815 2121 7387 5284 3606 5228 2785 3568 4983 5481 6948 2773 5313 5528 4418 8576 7770 6437 2503 8123 4691 7363 6776 2403 4378 3060 1273 3926
1293 7925 8644 2203 7223 5475 3617 5205 2798 3488 5259 5559 6914 2704 5439 5542 4681 8868 7813 6361 2431 1626 4641 7600 6544 2434 4388 3211 1404 3935
1511 8047 8677 1986 7244 5462 3588 5343 2802 3607 4954 5689 7129 2883 5420 5489 4459 8846 7853 6592 2516 1460 4596 7534 1554 2470 4469 3210 1353 4061
1484 8120 8914 1978 7363 5554 3490 5379 2710 3381 5201 5431 7148 2595 5260 5289 4402 8634 7695 6657 2619 1610 4872 7582 1729 2473 4453 3346 1342 4069
1597 8131 1150 2021 7084 5525 3581 5285 2741 3666 4527 5470 6938 2709 5486 5582 4559 1605 6765 6403 2573 1537 4853 7570 1726 2349 4484 3163 1359 3881
1486 8008 1320 2217 7112 5399 3584 5378 2970 3366 4468 5572 7150 2811 5553 5478 4600 1470 6752 6489 2515 1619 4675 7324 1645 2341 4264 3236 1279 3929
1457 7970 1353 2282 7189 5343 3618 5193 2889 3623 4375 5730 6914 2676 5317 5514 4657 1397 6868 6419 2490 1754 4598 7273 1753 2401 4459 3173 1373 3928
1603 8091 1192 2050 7149 5528 3569 5154 2776 3423 4431 5670 7175 2691 5551 5554 4547 1400 6940 6454 2597 1464 4797 7359 1643 2331 4474 3290 1289 4041
1541 8217 1124 2207 7228 5352 3561 5227 3008 3390 4583 5691 6895 2669 5434 5433 4074 1597 6792 6467 2549 1652 4761 7302 1750 2232 4326 3300 1450 4001
1533 7964 1274 2082 7338 5237 3615 5308 2926 3572 4507 5564 6986 2807 5432 5501 3984 1595 6810 6502 2608 1638 4592 7595 1651 2478 4323 3380 1311 3936
1516 7904 1424 2128 7134 5515 3658 5275 2918 3558 4649 5571 7041 2852 5295 5488 4089 1288 7013 6424 2382 1456 4612 7573 1776 2547 4552 3178 1137 3856
1393 5031 1167 2071 7208 5221 3691 5225 2702 3432 4503 2603 7119 2648 5536 5548 3959 1357 6919 6540 2537 1473 4794 7467 1674 2454 4357 3237 1236 3999
1378 5181 1193 2053 2829 5372 3636 5368 2865 3641 4663 2579 7171 2631 5339 5382 3804 1477 6841 6366 2604 1739 4870 7513 1733 2238 4423 3150 1336 3933
1291 5083 1126 2202 2795 5290 3541 5323 2834 3655 4467 2630 6900 2685 5568 5344 4084 1535 6981 6626 2570 1432 4840 7534 1723 2407 4343 3241 1414 4086
1317 5084 1272 2263 2635 5407 3588 5292 2875 3522 4632 2399 6892 2666 5572 5368 3846 1306 6766 6367 2574 1697 4620 7306 1640 2483 4295 3288 1418 3820
6 16 0 10 36998 0.9394605935941582
17 15 23 10 37573 0.905309018688554
6 26 17 21 50100 0.903403036238484
25 17 20 7 37740 0.9445905865927391
8 20 19 11 48347 0.9926833397057777
21 12 13 26 49055 0.9861079655408083
24 0 16 23 66169 1.042649284698639
18 10 5 24 69310 1.0135298021846388
7 18 7 29 49004 1.0447971339406266
2 23 1 5 47001 0.9606815771314017
29 13 21 8 32278 0.9197207337010387
17 23 7 18 55995 0.944788808042885
1 9 29 14 86472 0.9239815440308069
24 4 22 18 41278 1.0054295949374306
2 3 23 2 43281 1.0854584502482867
17 22 5 9 61014 0.9140519529685348
24 19 11 11 57750 1.0757798028181134
7 22 26 24 58796 0.9928003768554493
19 0 11 24 54375 0.9154743540237011
12 15 7 8 30251 0.9818541609392539
29 10 5 26 84351 0.9387683744476943
11 3 20 11 44932 1.0786665813139877
15 19 23 13 47744 0.9980252579234311
23 7 26 21 40216 0.9523451803827555
10 26 5 19 41375 1.038051751188457
12 16 15 23 29003 1.0789236015798904
23 1 23 18 60439 0.9710700365914149
19 26 18 7 59920 1.017040239746138
21 8 1 10 57658 0.9110965500964766
4 24 11 10 56356 0.9304652865794394
13 19 4 7 39220 1.02677379106201
23 0 5 17 67324 0.9703160439216699
7 28 28 29 29527 1.0466896606672198
18 28 1 24 40344 1.0833668786371806
28 8 19 3 33308 1.0671911669314293
28 23 13 13 45528 1.0116519076109427
0 15 25 2 72641 0.9852101249043319
9 6 19 15 49390 0.931144566511638
21 6 12 16 46347 1.0623539943209204
25 4 7 21 77994 0.9321552817486065
7 26 11 9 52144 1.0947621671767027
26 8 27 19 29758 0.9098016167301558
27 7 6 29 80486 1.0125922342346998
7 22 17 4 61572 0.9649050050015968
11 11 18 21 39611 1.027286213092923
26 11 25 22 24667 0.9558623046017709
13 11 18 17 30065 0.9349062248163524
7 10 10 0 27449 0.9675648990257041
23 28 21 5 66554 0.9393347086683073
18 16 27 29 42922 0.9567835539877202
19 28 5 6 66693 0.9790745152529187
0 11 11 23 63179 0.918375523738613
8 29 5 19 38831 1.007522933152428
16 12 13 1 29738 1.066305899305008
23 2 14 21 50161 1.0535587235165405
0 15 25 7 82114 1.003435048891693
23 11 26 27 46616 0.985625565250913
9 18 24 24 49911 0.9523958333925411
22 19 23 7 42019 0.9834669502939387
18 6 8 24 64487 1.0448198841249225
15 29 12 0 53732 1.0648714228982108
20 28 13 11 37315 1.096643104742243
25 1 28 19 49998 1.0128362090843308
8 13 23 10 52762 0.9380404735626452
8 20 18 22 32062 1.0395310269974705
24 29 13 15 41614 1.0831481818983257
11 15 16 1 41478 0.9007905826755894
4 13 26 4 71135 0.9852966205240955
27 17 22 25 23669 0.9630898841634769
11 22 2 7 58505 0.9149020116955522
20 24 6 28 32535 0.9725460711522982
6 29 4 15 36659 1.011303234333607
0 11 9 10 40583 1.0843343416068159
26 18 13 11 47423 1.0343376327344194
27 23 8 19 54987 0.9804679342987741
3 9 19 8 42420 0.9738173857687162
5 18 8 1 56020 1.0954194634067906
25 16 3 10 71369 1.0707150933076965
27 5 10 6 48859 1.0667628104987317
11 4 3 28 61465 0.9710368367921907
0 18 16 14 67404 1.0204927861011979
2 11 8 5 31356 0.9388473823169704
7 1 7 28 58834 1.0127424904443738
0 10 14 1 47157 0.9465617056254667
1 14 24 16 74194 1.0107865444581952
23 25 10 20 38116 0.9061319873545682
6 27 22 1 73090 1.012091571249302
10 7 17 16 40230 1.0945418142116035
21 2 13 22 43027 1.0113992324575478
24 23 7 24 55114 0.9967173281294744
19 29 23 4 73150 0.9211457037003791
7 18 7 28 46572 1.0376356472423636
11 18 6 5 55758 0.9089898428596327
11 24 22 24 34974 0.90684696006379
27 0 3 25 84431 0.93946522623197
23 0 3 29 74218 0.9834375006387537
22 16 6 4 70160 0.9378314078853551
4 4 24 8 68718 1.0783207971318816
0 4 1 27 71290 1.088424919316242
22 0 18 25 58778 0.9643720456899174
23 7 3 25 86946 0.9851771555506105
29 21 24 26 21108 0.9102098549504256
28 25 26 2 54638 1.030925205949608
27 24 23 16 27760 0.9382596966524752
2 8 11 16 46197 0.926495046918039
0 11 21 1 67314 0.9067220414416836
26 9 20 15 35663 1.079786808316491
15 26 26 23 38204 1.059756666724079
12 9 15 2 21892 1.0323435286103488
12 6 3 16 40236 0.9551739604351265
28 13 24 4 33324 1.0332508039940258
29 15 5 21 83233 1.0700714129013416
20 2 8 11 51082 0.9424407421966439
13 12 28 0 37619 1.0505186927372312
1 1 7 26 71000 0.9683213166420801
18 23 14 15 34659 1.037053183938191
5 18 17 16 61665 0.9124323451473858
1 14 29 0 64314 0.9448985642722789
27 6 14 4 36831 0.9935036631598565
13 16 28 13 45151 0.9104905559501939
20 24 20 4 67962 0.9136864532053182
19 6 7 6 43207 1.0468514207870343
25 24 8 23 50190 0.980035188867651
16 6 5 13 41737 1.0622153731743638
4 11 6 26 43392 1.0555767690413622
8 9 10 18 44650 0.9394065113504936
21 6 28 29 64821 0.9874926892594604
8 29 20 28 21092 0.9168508671575677
20 18 4 1 70040 0.9354489182895176
18 29 19 1 70626 1.067983618066367
5 28 27 14 59993 0.9031577629818436
7 24 28 11 79608 1.0304828650802156
2 6 26 13 73167 0.943392729686518
6 12 27 28 66072 0.9578781439203055
13 6 27 15 53008 1.0271952660382841
15 3 8 17 50964 1.049619331012619
15 3 19 9 29444 0.9169929384858206
15 29 1 20 49764 1.0605129243856257
8 8 25 20 58605 0.9884528652310703
5 11 6 21 41347 1.0028924016795344
4 19 14 8 47597 1.0663041606837327
15 17 6 22 50279 0.9635436548574707
11 14 17 28 40196 1.094111601839724
1 29 23 10 85687 0.9163393662237559
14 6 23 8 29298 1.0686771956371164
21 14 29 20 33390 1.0651751128546874
27 22 11 8 54967 0.9358237925901425
24 16 2 10 79919 1.0934570889603854
22 1 9 7 42440 1.0200766330463018
9 6 27 17 63943 0.9071960346061533
19 24 17 8 51003 1.0542679162640343
23 11 4 27 77026 0.908161161521828
1 22 19 1 78232 0.9405356573192065
6 21 26 22 65609 0.9333027909624072
24 14 29 22 30280 0.9910867278949096
27 26 2 19 74497 0.9152729718893252
7 19 8 2 50874 1.0140704150825484
12 10 1 12 45225 0.9756523584621468
27 14 25 2 37188 0.9518184480245409
5 13 22 8 53471 0.964241150436726
17 22 8 2 65453 1.0879132479682072
23 11 2 14 67372 0.9858197367797064
19 2 28 10 33203 0.9401837863383071
11 13 18 24 37385 1.006308071503995
15 10 20 26 51504 1.0908864780992384
19 15 5 22 65243 1.015671107662726
7 1 24 3 37817 1.0434189800127307
4 17 23 19 75082 0.9751038548375973
20 27 27 24 21109 0.9058351255305302
11 25 29 5 78077 1.0456725199266044
21 11 8 26 73296 0.9858676870380705
3 27 17 10 63540 1.0785208692007737
6 20 10 3 54410 0.9339780198909315
17 29 6 9 63912 1.082537817929049
18 10 23 20 42453 0.9380226063992508
8 1 17 4 30454 0.9473077180622229
23 16 9 3 62227 1.0759478815192431
11 9 21 0 30261 1.0563540396113913
19 26 0 4 88740 0.9304370944305234
22 17 25 29 28895 1.0886753103982265
15 14 6 27 48911 0.966330467494097
6 13 7 22 31092 1.0631468494028302
4 15 7 7 24565 1.0352649029118774
3 0 23 17 66483 0.9588341634744049
13 22 23 5 56198 0.905098369857955
4 0 19 1 29190 1.0695463867267985
10 6 3 17 38629 0.9367101454583909
1 1 27 11 79317 0.9098791257165727
7 0 0 8 25844 0.9370545958807242
13 27 1 6 63179 1.0655828673987513
15 26 29 1 74886 1.090410091769202
1 28 12 15 53376 0.9464694567876106
1 11 17 27 72713 1.0860256223923164
16 15 11 20 28078 0.9342815477960816
7 15 9 5 32056 0.9791656757522299
12 6 0 11 46971 0.9457931731397028
26 5 1 16 87206 1.082412629166371
16 17 22 4 58432 0.968175525634474
3 9 17 3 40713 0.9156689347454456
29 19 5 22 71205 0.9663711425466637
12 1 11 22 44151 0.9342402909424653
10 9 4 22 49207 0.9148851613530881
2 11 19 5 63908 0.9932650730303919
2 2 9 6 36001 0.9035862585425588
0 4 14 29 83942 0.936542512410048
11 20 18 1 42206 0.9263618535285024
3 10 18 6 47946 0.9355241646743063
25 2 1 4 51704 1.0834849215637263
20 1 6 9 46922 1.049552048726416
19 12 9 17 49962 1.0581766910760884
0 5 1 19 43409 1.0778443747409618
20 6 12 17 46638 1.0957916778533228
23 1 27 7 28111 0.9899417929714016
18 18 7 3 59750 1.016320350147469
6 22 0 16 32454 0.9831724632351744
18 10 5 25 64779 1.0636381460209858
18 7 3 28 65658 1.0780775520116572
17 5 11 22 48371 1.0370285740914074
6 29 28 14 63862 1.0566774028300912
22 0 18 22 59328 1.0587131400966645
25 16 10 15 56272 0.9291090129260163
15 2 16 11 34306 0.9339677362711523
7 10 29 15 73644 1.0300104055642016
5 14 27 18 69482 1.0423751270926276
18 13 28 1 54031 0.9772441595329108
25 28 26 3 57043 0.9888151504731705
3 9 23 1 52344 1.024842551916427
21 10 22 0 37228 1.0533676284024056
17 16 6 15 46913 0.952218608151968
19 19 24 1 69548 1.0734471348013728
6 13 8 29 51766 1.093096730835278
10 16 2 29 54488 1.0610264240977354
14 27 24 26 24575 0.9971786321997249
6 9 20 3 41872 1.0698092861635289
23 26 14 17 45145 0.9356505454992916
27 15 19 9 40104 1.0680997054549588
9 6 2 19 44872 0.9309732593549949
27 1 3 27 83812 1.0947867080926372
29 8 9 29 72497 1.0714566709706483
10 29 12 8 39234 1.0256325827090498
14 16 21 0 36755 1.0831884177662745
24 28 9 21 44327 0.9836827517600008
1 28 9 25 34547 1.0388988254776046
16 14 6 25 52312 0.9750842959735428
13 6 7 25 43726 1.0969555852548438
15 11 21 7 38058 0.9318068747056863
29 28 26 0 68533 0.9866836452488179
16 27 15 1 58173 1.0115735985391945
4 5 13 27 62217 0.9932975364932601
19 15 9 14 40954 0.9304515947136976
12 11 17 21 33388 0.964779976254432
8 24 8 13 45894 0.9931976123019504
9 12 21 9 48204 1.0051341766272441
9 6 15 16 35869 1.0836219431262386
0 21 29 29 67804 1.0485848408635012
5 12 22 2 57436 1.0534852083480026
27 16 1 12 79992 1.0749495369511084
3 20 26 13 76924 1.0061007084479208
10 29 0 22 33526 0.9429899836162794
14 16 1 6 48831 1.0001707872996846
0 5 28 15 89650 1.0617892237565327
27 14 6 25 72192 0.9846923800016213
12 10 28 14 51768 1.0351136077278138
26 16 15 25 42112 1.0885325619607715
7 15 18 16 44896 1.0093614433134166
25 6 16 9 33803 1.0007957249781778
3 28 20 0 69227 1.072113915113626
29 21 10 15 56766 0.9555405539362056
19 29 2 26 36451 0.903537316661676
24 14 13 20 43925 1.0405419742424495
2 17 18 13 55857 0.9308563692560744
21 20 8 0 54112 0.9370314610714437
13 26 5 12 45296 0.943912186082748
0 5 7 9 25076 0.9432892576520667
11 10 26 12 56011 0.9393523021964091
1 9 5 21 41366 0.9850830624052312
22 21 15 0 51850 1.0224269130892685
17 7 13 22 33357 1.0927779503497717
7 23 13 4 46930 1.0340561809343214
2 28 3 13 43556 1.0110041659731628
16 3 9 6 24760 1.065664938865371
14 29 0 26 42648 0.9909424347024216
13 10 25 23 44839 0.9728500671077028
20 15 2 21 79395 0.912671238976379
23 6 1 22 88263 1.0835233934912198
22 29 5 2 75407 1.0063691435717355
29 28 0 19 68275 1.0999207668719486
1 12 23 15 73034 1.037776785800984
24 6 7 13 61559 0.9617853642507722
7 4 22 6 49532 1.0694012843397445
10 14 26 0 50653 1.0287046661697037
17 24 2 8 64401 1.07323735482838
17 24 24 0 64840 1.0708983815940578
4 5 11 18 62565 0.9746221159634839
14 22 26 22 35785 0.9911657795083222
24 16 7 5 71247 1.0765428194804068
14 4 8 11 38124 1.0601367536601494
14 11 10 22 33098 1.09091131574053
29 23 18 5 72192 0.9085817105828589
9 16 2 6 41970 0.9878780565978603
18 29 4 3 77621 0.9347600624981437
10 14 27 22 57500 0.9987395237475402
28 16 11 11 58033 0.9177948585466561
25 20 3 12 67779 1.0015641731227896
12 11 25 16 47321 0.917472502741148
29 1 23 18 59596 0.9100748080220857
16 22 19 2 54423 1.0849485365743172
19 3 19 19 57264 1.0751288749939858
15 5 26 27 66339 1.0175624862212849
18 27 2 20 57092 0.903314975533546
17 6 1 21 73404 0.9587349304375679
1 21 24 14 84195 1.0263539505829273
21 21 3 19 65127 1.0298987683482437
29 0 15 28 68146 1.023322438152401
29 0 7 24 80462 1.0047608214112864
0 16 16 21 66358 1.0467165508690235
28 23 15 14 53513 0.9149099917034964
11 20 24 0 48020 0.9126176520104216
8 16 3 2 40695 0.9277829164219327
6 13 9 5 30253 0.9510648675907272
25 5 10 16 64457 0.9479266713412606
1 27 4 4 63680 0.9318955679730457
8 6 18 25 55547 1.0048198002179207
14 29 20 6 65605 1.0154916941881051
4 21 28 18 70772 1.0374848760091389
21 29 24 20 28599 0.950009973013394
23 2 25 13 33410 1.0847944429599146
3 28 1 0 69966 0.9770552754567592
9 3 1 21 63421 1.0033572817458907
1 2 5 28 65343 1.026628899571144
14 8 5 15 38947 1.0497203550952354
2 26 12 16 49661 0.9132846832757994
24 8 7 5 53595 0.9354095394910608
0 4 23 13 79647 0.987206344664483
12 19 9 28 25047 0.9587780820342399
16 0 6 8 32523 1.0750898177384103
25 9 10 24 70464 1.0983113264631668
13 15 29 21 40349 0.9188513768876563
28 22 25 12 24673 0.9479518166143908
10 19 8 7 49545 1.0855717954669983
18 16 5 17 60030 0.9932269160381471
1 23 17 6 67742 0.9781257217137179
11 14 15 28 37439 1.0583129048722075
20 9 29 5 39123 1.0641351721538892
25 29 21 0 71853 1.038164357209995
10 10 26 2 46126 1.0189665184688907
3 9 14 15 38529 0.949315060215002
0 3 24 24 88281 0.9201389601936164
13 7 11 15 21412 0.9704563276853793
10 12 27 5 61218 0.9237252579825351
21 13 22 2 39094 0.9466445702913489
19 25 2 16 67479 1.0691262381089053
25 5 4 11 69153 1.03282701107106
8 20 29 24 51981 0.9373824634887163
1 24 4 14 28228 0.9440921377432937
11 14 28 16 56238 1.038328108571343
10 16 23 8 52538 0.910900296937799
6 12 0 28 57321 1.0279882318503457
14 9 3 5 34089 0.9897150849759472
23 16 11 29 54053 0.9528857640819268
3 29 1 4 62445 1.0340308128301854
29 17 13 15 43521 0.9222799065747757
12 23 13 2 35089 1.028902609888996
6 11 10 0 34117 1.063880295420689
24 2 0 28 89154 0.9984741061110611
2 12 11 29 62891 1.0337367078533513
7 17 11 11 33537 1.0091540560178096
1 23 20 26 50137 0.9583468398495958
6 27 29 2 79946 0.9076659247810646
29 8 26 22 38367 0.9109290732939318
3 11 24 15 72841 0.9528913742631857
28 26 26 2 56632 0.9170642786675829
15 8 2 17 53137 0.9607590689700038
20 1 6 14 54588 1.0680549269339485
18 18 20 7 44697 1.0122454399035397
26 5 11 20 66439 1.012427239302292
26 14 13 4 51958 1.0390589313620533
10 2 2 8 37825 0.9681088431287252
17 16 10 25 39295 1.0550733690093115
21 12 20 1 47925 1.0278775274248733
16 19 5 10 56949 1.0611752041553515
3 29 12 1 64749 1.0787184869476572
12 4 24 0 26401 0.9341169872470324
16 27 6 4 67857 0.9795908336698564
17 23 1 2 82380 1.0310808894314953
19 5 15 26 63591 0.9848555576973526
23 23 19 8 59577 1.0498237772336432
16 26 4 8 58353 1.04453712569777
18 19 3 11 56475 0.9193931218016365
13 2 23 22 52970 1.06227857274839
14 3 25 15 51892 1.0796659928939447
28 12 10 26 65784 1.070550666225266
4 12 25 26 71352 0.911017833690043
2 3 28 3 53530 1.0358077843495919
6 13 1 1 36348 0.9666198181610417
27 18 16 27 44960 1.0689879040841905
24 10 4 16 75145 1.0768026788106309
23 28 12 4 57233 0.94013079136627
5 8 26 16 69371 0.9377283708156829
3 19 13 14 38252 0.9533417808224227
4 20 11 13 35095 1.0566498228335668
9 18 1 15 42665 0.9057254462747191
4 25 8 4 61881 1.0294738519513713
14 21 20 13 36614 1.0043577188042367
26 15 0 0 89223 1.054763596923452
21 20 12 0 48309 1.0753250282413753
18 3 2 26 72659 0.9989872629190244
21 3 28 24 59573 1.065929268517721
27 8 8 27 74471 0.9201904827061972
20 1 3 17 58244 0.9752455976278038
4 18 4 29 25182 1.053139869480405
26 20 13 21 32884 0.9811205915889185
19 16 24 1 62861 1.0726311274392253
19 2 13 25 44277 0.9142113444710438
29 6 23 11 32249 1.0735603663967952
10 9 29 16 63242 0.967437592075164
13 3 1 3 30674 1.097352169096453
4 11 10 17 39707 1.009016895710089
22 21 22 1 58127 1.0687198754802758
23 24 7 23 48375 1.0349260272468765
3 8 26 2 52158 0.9344155847195086
8 16 1 26 48653 1.0278306087901752
12 1 26 6 46486 0.9954236851788554
28 2 11 21 60766 1.0605913305786197
4 27 28 6 80897 1.0325559769478267
27 20 16 0 63949 1.0988295285748482
5 12 15 25 46994 0.9393690365554495
1 13 9 8 26478 0.9878416989739092
23 4 0 26 101640 1.0890500444697575
5 8 29 8 65345 0.9321630833045637
3 8 9 26 53173 0.99147483666313
23 4 19 17 49535 0.9248310753305534
26 21 0 7 81042 0.9866764606415586
4 14 10 5 40965 0.9743859985508706
12 9 9 22 36133 0.9199738269847649
25 17 1 3 81130 1.0707966476179878
26 28 16 9 58187 1.004944577719554
21 19 4 22 57047 1.0154224060360613
8 3 18 0 26195 0.9644211884678487
6 7 28 27 74504 1.0851421184773242
24 20 8 24 55936 1.0257969155475908
19 0 3 24 71603 0.9413442443899377
3 8 18 13 44448 1.0909996563635302
2 21 12 29 40309 1.072826088035576
1 5 23 4 63865 0.986350804410878
12 3 3 26 61733 0.92541002802627
12 9 3 2 33276 0.9000822968462114
2 4 19 26 81122 1.0566699315071912
10 23 26 17 57295 1.0305967857248342
27 7 29 20 32807 1.0588472510423061
23 29 29 12 45932 0.9576043038586124
8 6 1 2 31473 1.096217093071814
9 26 2 23 24444 0.9572744896088785
11 19 19 3 46626 0.9790436582554962
13 12 21 29 42083 0.9687382836254058
17 25 28 20 29925 0.9497717607675837
28 25 22 0 66020 1.0944396003866883
11 17 20 10 53372 1.0206067538514523
17 13 9 11 29936 0.9455826302120531
25 24 5 25 48222 0.9004470419424438
3 29 17 14 59636 0.9242551474968168
22 3 2 9 55048 1.081798706062845
25 0 4 17 64069 0.9514071686969789
16 26 25 17 39928 1.0433745521947084
9 21 29 18 56934 0.9543695892278217
29 15 22 29 41676 1.0419990661078677
8 1 8 11 36993 0.9241996449338747
2 14 10 2 47175 1.0913608125855654
12 26 0 6 65168 0.9637628876551267
3 0 23 17 66483 0.9971826639367096
29 29 0 20 71078 1.0022592300000939
27 12 20 1 43730 0.9059855197349004
17 26 14 10 40246 1.000186186527548
29 29 14 27 29196 0.9965119116878332
2 15 29 20 81906 1.0397073028092698
8 21 23 8 62899 1.0298961687960126
24 0 15 18 55822 1.0518688353465198
4 16 19 18 67414 1.0338422469065076
5 12 12 28 50167 1.054289055417831
6 18 23 17 66496 0.925928455721054
26 4 12 26 67382 1.0258391183114597
29 26 10 1 80935 1.0525248951945376
7 23 21 15 66250 0.9723852172388636
18 0 11 8 23276 1.0945551255912804
11 27 13 0 42730 0.9878077902257063
16 7 2 7 45223 0.9787798597183449
9 29 28 26 33390 1.0729930353340271
4 20 5 29 23008 0.9505975583999108
13 29 26 9 60611 1.0104227403248882
17 11 6 5 47119 0.9000616360927379
25 23 6 29 41585 1.0242744438280371
26 22 0 10 90448 1.0556635684983429
5 16 17 22 62789 0.9558550829129315
5 7 5 28 55942 0.9743614380212627
11 23 0 13 53498 1.09463424967321
16 20 0 24 51174 1.070648848622572
8 1 23 14 64591 1.0417873283047805
1 14 14 23 53264 0.9220814649696819
25 10 19 21 31468 1.0052456147211664
26 14 1 21 84436 1.014171697786913
17 23 2 25 54301 0.973666035515688
25 3 3 1 45330 1.0740042899676747
14 8 27 1 35276 0.9815756562275573
15 9 18 24 44007 1.0747506330281462
11 20 8 28 24927 1.0911370560811176
11 0 4 7 27417 1.0943057950468886
27 13 8 5 71019 0.9729299652961718
7 7 19 7 40316 1.0995593161194626
25 2 16 12 49912 1.031810221658983
19 10 27 29 67926 1.0387112110514136
10 8 29 17 58422 1.0159362096174023
25 11 27 1 30754 0.9937945816394306
7 8 16 17 45433 0.9150186451874999
8 18 19 12 57837 1.066553385548389
7 16 7 28 47618 0.9066899751733333
1 5 3 19 30127 0.9652476054529793
11 9 28 13 52834 1.0383650038954024
8 8 14 24 41958 1.010716727452448
16 26 4 6 64965 0.947685652745302
27 9 9 19 69734 0.9210995834520297
8 20 18 28 35010 0.969992450200864
9 1 15 8 25788 1.085166894938379
27 28 10 0 65045 0.9923057634609044
2 27 19 24 48493 0.9283549139961329
13 25 29 11 58187 0.902139094900212
13 17 25 22 33205 1.098681600654516
4 9 1 24 39740 1.0895518895493659
11 22 12 3 36536 1.0417966851576446
27 24 18 15 34979 1.0377689280517841
11 22 24 25 39489 1.0985164188871732
16 20 2 8 50176 1.0887727107122294
9 27 23 22 38816 1.0558241656908902
16 28 19 16 46890 0.9537168187324101
15 13 25 1 46386 0.9397268178992324
8 2 2 29 79634 1.0652899060162653
10 13 17 24 39791 1.0289415029844888
24 26 6 29 36424 1.0537867727476806
25 13 15 12 36036 0.9155721359651924
15 16 24 17 26088 0.9721663202161317
21 7 9 28 64567 1.0386952995106387
10 20 20 23 37311 0.914429312494164
11 23 27 26 48117 1.0077949103395512
13 11 23 0 29140 1.0573961289993008
10 25 2 8 53799 0.9457967425690744
3 16 27 7 80014 0.9251900328042951
20 1 12 20 44617 1.0711574057024251
7 9 18 12 41430 0.9279838343242681
28 2 22 16 48776 0.971620606670666
8 20 23 29 43431 0.948552431321326
21 28 12 25 17246 0.9728926294533387
0 8 17 21 62302 0.9929754104153254
22 13 15 22 45485 1.064465642275015
8 3 14 13 30163 1.006627012374881
11 27 23 16 51979 1.0419795757199137
3 3 24 6 58887 1.0747131557479306
23 26 9 24 37357 1.0593052865248396
13 9 25 27 48474 0.9646891035694654
18 1 19 28 60895 1.0521530224932374
29 14 11 21 60695 1.0231576495903327
6 21 20 14 65988 1.014580345547978
17 0 0 16 57666 1.0063485465652573
26 4 18 9 38964 1.0221709765441884
18 17 17 29 45943 0.955729393228537
14 18 27 21 37616 0.9730969833673228
17 17 27 8 42663 0.9524645363959937
23 11 28 2 39937 1.04893337700906
22 21 28 6 38834 1.0794036937968767
29 0 15 7 39799 1.0385374848489086
1 16 23 8 71985 1.0367452898195717
25 10 12 25 55863 0.9586482054808776
8 10 4 24 45974 1.0210690251227705
25 0 29 12 40797 1.0743905702005234
8 24 26 7 85283 1.0427930055994779
27 12 20 6 36338 1.0741326332843222
21 3 4 20 70337 0.9106968074844893
20 8 22 27 57449 1.060184562495484
1 24 26 2 84160 1.0220634511687832
25 22 9 13 49854 1.0055007342731532
12 24 29 3 67202 0.9472516327967911
27 16 13 20 38383 1.0926379209864319
22 18 10 11 56152 0.9078133210587646
27 1 2 13 62627 0.9522918763462473
4 20 15 0 55755 1.0590709545054646
14 21 1 5 60270 1.040835718923688
10 24 1 22 25715 0.9583141530856177
7 14 13 1 33931 1.0512407231820113
11 4 5 22 59514 0.9600594176620613
18 29 20 16 45320 1.0549600000385568
15 15 25 9 47182 1.008528269865629
2 24 10 28 31149 1.0101823043734974
15 25 26 4 67653 0.9098359664092234
25 28 2 1 82627 1.0003589529298655
27 20 2 13 73055 0.9399724575748534
22 21 7 15 52995 0.9485473162336888
20 11 26 5 40960 1.0929532237399533
5 29 4 10 45762 1.0898115094535064
29 19 13 14 49143 1.0485428745249536
10 4 15 22 48706 0.955745286125657
5 0 27 23 74490 1.0044724984037814
5 4 16 14 55648 1.0399453353743824
3 7 22 16 66815 0.9533331166138439
17 11 22 20 38457 1.038620127242119
11 3 8 10 30802 0.9864122740473891
27 24 26 14 29181 1.0692075508391863
0 15 14 25 59331 1.0973981945234441
26 27 26 5 52961 0.9564942067122101
12 8 19 2 24221 1.0284233690880398
4 21 11 27 32716 0.9071423928727963
29 15 8 15 74514 1.0676130880063073
10 2 29 13 70275 0.928692147430164
28 13 1 17 82486 0.9165384753199899
4 3 25 18 79778 0.9525987428933587
11 11 4 22 53363 0.9741969810802825
9 0 1 3 20690 1.0676280572015138
28 29 7 2 77471 0.9062825836175116
16 22 25 24 26960 0.9591036033807584
14 16 14 0 26383 0.9125458367184528
29 8 2 11 80038 0.924067143177567
21 1 5 25 77216 1.0975104394894406
13 19 2 8 41305 0.9980692411442493
19 18 13 25 32644 0.9123108354758402
0 25 17 0 76651 1.024385432063397
21 11 17 28 59848 0.9974253053639288
21 19 7 3 65542 0.9209095575302007
13 1 26 18 60139 1.0012893690261702
23 20 27 11 28237 1.0809036526146936
7 15 16 17 44372 0.9979076933133086
17 12 0 4 66591 1.0080616865354857
28 15 20 17 15589 1.020359875575125
6 15 19 11 51114 1.0770264243182228
7 3 28 13 70122 1.0911157433769307
5 26 25 12 71878 1.0668580881669338
11 29 27 15 53886 1.0924773225672106
6 7 24 19 71083 0.9444260070092219
28 14 15 8 48449 0.9478716333360626
12 25 27 3 59877 1.0036859955337318
3 3 25 14 71379 0.9162471235688088
22 1 20 20 60957 0.9566311705651626
25 13 13 5 43138 1.0568232342953343
2 6 23 26 79649 1.0104112897261275
5 8 12 11 27628 1.0918758495092658
25 15 6 21 68207 0.9256098934676577
12 2 0 4 42295 0.9141160761954544
29 13 12 17 56155 1.070668716646215
19 10 19 28 61883 0.947956337768828
13 23 4 29 25992 0.9459145376323325
5 8 12 15 34692 0.9295061790172483
3 28 0 4 69148 0.914909351489514
1 24 28 18 73847 1.042477118344007
7 22 12 0 55306 0.9494114680246137
7 14 16 29 54305 0.9584706406835091
18 19 28 0 63809 1.0904621651888882
2 10 24 0 52707 1.0015280936116664
2 15 14 16 43991 0.9441374011583903
17 24 28 18 30264 0.9378860167072667
4 9 9 23 39483 0.9606496718829068
18 24 21 0 60415 1.0961800387975504
13 7 18 17 35147 1.0388606246903014
23 3 13 24 49275 0.939956734797568
14 12 27 4 45650 0.9093615775025724
16 15 2 7 53971 1.0590790094889535
17 24 28 4 59768 1.049367282960224
5 28 19 27 25169 1.0885474761780773
22 5 18 19 52085 0.9449444368251014
16 23 22 27 22485 1.0886366913233803
13 21 20 14 35723 1.018193955183466
7 26 15 10 53304 1.0556148544854809
23 0 8 5 40664 1.0100253205243521
15 3 29 15 59309 1.0665480378863217
11 12 2 15 37391 0.9941422727885274
2 0 6 24 60202 0.9256625024567993
4 10 8 16 26814 1.0231078768694601
15 13 2 25 55394 1.0121181630604832
25 3 20 16 44925 0.9749600342660789
3 6 4 29 48911 1.030353464914117
22 20 4 5 72362 0.9704317424045641
24 26 4 10 76753 1.0054267718497278
2 26 19 7 78334 0.9064401277743781
15 20 12 11 23235 1.0456076581520584
5 25 26 13 73231 1.0743737065436831
0 4 28 21 93862 1.041258093386575
10 28 24 14 53608 1.0622390327011049
18 5 8 15 54238 0.9419628880123069
27 23 2 16 82568 1.0959841770244676
2 5 22 18 78113 1.0653966806910116
4 27 24 22 49627 1.0923201773796296
9 12 2 20 40162 0.9433498957966888
28 27 11 22 44046 0.9818809423878223
17 5 21 11 38661 1.0465284818644776
9 6 21 18 59892 0.9515091442246424
6 28 12 10 41159 0.9874134193850981
8 13 22 29 52941 0.945266400190508
15 26 20 14 52679 1.0311061321669897
4 17 18 1 56739 1.0764669771716333
5 16 12 20 40228 0.910880435850114
3 8 9 25 48502 1.00863027599532
15 18 29 11 55669 0.9547996261960162
27 29 14 29 26072 0.9737621943826738
1 3 14 29 74865 0.9627735564408783
1 7 17 12 52558 0.9921586338976107
11 7 5 11 28415 0.9924802425351271
14 8 0 22 57318 0.9263497694615007
13 17 21 27 35026 1.071101744987855
16 24 9 21 34202 0.9376536783473298
18 0 8 22 56466 1.0564450992280057
3 4 18 3 35811 0.9988565266749718
2 14 13 23 44336 1.0684992830167266
28 19 8 24 62837 0.9092227738535963
2 7 2 22 38639 1.0245388538967672
22 27 11 3 56238 1.076912243240949
15 10 8 19 41499 1.0005506304643264
21 0 16 14 43094 0.9025900303605152
24 7 18 21 44555 1.0688567388147443
25 25 26 8 36961 1.096536426939323
7 11 0 29 59525 1.0087930085705787
6 4 22 19 71772 0.9039815256620333
17 6 5 0 34066 1.0383970532995925
16 6 21 19 54479 1.0601633881295813
23 24 9 27 31903 1.0693065891800466
25 15 28 5 27736 0.9125939216490223
14 13 25 4 47136 0.9637339555954569
29 2 17 15 62738 0.9188332667349026
27 29 27 15 35303 0.9166129093164651
9 5 15 15 39093 0.9859582879471227
0 24 2 2 63859 0.9721109711848256
1 27 25 18 67140 1.0924320919482748
0 16 25 27 75535 0.9795643794914031
19 23 18 1 67427 1.086980885688445
11 7 9 23 46797 0.9853932016980114
4 23 12 2 58440 1.0879994849793022
25 5 5 18 86395 0.9356275817970796
18 18 23 8 37476 1.0531768295905746
16 9 27 13 43071 0.9421186495949108
11 19 13 4 32808 1.0882132253116503
22 10 8 27 70251 1.0934166164627324
13 11 2 13 32743 0.9381057887031236
21 3 17 22 60515 0.9215500138221612
1 21 10 11 55955 1.026689787949567
21 10 11 19 58715 1.0361584273866826
23 21 1 25 58042 0.9700612907893903
10 16 29 15 63838 1.089116684884791
9 24 13 0 49981 0.9845976842641097
10 17 7 28 46681 0.9465572144901162
8 27 18 8 55808 0.9432330640199283
17 14 21 1 53491 1.0659839970652303
0 19 9 23 28392 0.9388574146016685
1 5 23 4 63865 1.0404196901954263
18 4 24 13 45711 0.9897471816104169
9 3 26 13 59387 1.0245964648449426
23 4 12 3 31477 0.9401199231568027
4 19 12 7 47954 0.9839903432699078
12 11 18 5 33141 1.0241786856740114
17 17 21 8 46267 0.9353513911623186
10 29 28 29 28690 0.9111953007357179
27 4 2 4 59699 1.0149371418727355
4 21 23 15 74737 0.9340721670973239
17 25 8 8 45985 1.0880157048790564
5 9 23 2 50249 0.9517658947011285
26 17 3 10 71546 0.9760587309896556
28 2 22 6 20312 0.9601632760727409
21 10 10 20 54645 1.0438563373357368
6 2 21 1 35675 1.077584188189035
10 24 0 0 77977 0.987833823591789
3 14 7 20 32256 1.079446601923171
27 1 17 24 69986 0.9448566408597789
24 15 24 2 41792 1.0189314543860202
2 18 27 20 85939 0.9046041651556502
5 28 7 0 58813 1.0660951188516
4 5 15 6 43161 0.9990491567501527
18 7 12 11 26694 0.9295719862930087
12 24 24 4 64752 1.0793516868938187
29 7 22 11 34518 0.902070838389918
19 13 22 24 40822 1.0122580068068079
12 22 0 29 41899 0.9926809799196661
14 12 10 24 35950 0.9525309604984736
1 29 18 21 53715 1.0811133097765948
0 5 13 22 57300 0.9929296917088742
13 2 26 17 53176 1.014205970874372
17 5 15 29 61969 0.9519112325614455
19 11 7 18 53802 0.9385724958375898
27 23 9 13 56999 1.08766660853168
22 22 11 1 55940 0.990198346596685
7 5 11 11 24493 1.0019491052595197
21 26 4 14 66784 0.9487386403147228
9 15 17 11 36226 1.0308523840998616
8 0 15 7 26028 0.9535364045834865
16 18 22 29 43481 0.9865683428276886
18 14 8 7 43137 1.0176873356832647
18 7 2 26 73049 1.0882745665159965
0 20 19 22 73561 1.0489729142184874
25 5 0 6 72263 1.059526408356588
22 11 24 22 37892 0.9859380695829995
28 4 12 14 53475 1.0818648946245748
0 16 1 25 34453 1.0498070907494361
25 8 9 20 60214 1.0924457234614542
3 12 0 26 45114 1.049583047624954
17 15 29 16 32693 0.9693899533728323
27 17 1 27 72151 0.997299828010818
7 5 5 20 46248 1.0012831460322809
25 1 5 21 87388 1.0271807289359192
1 22 18 3 69743 0.9565230837514355
3 11 13 27 53268 0.921534663013007
29 11 7 18 74897 1.017598721816881
26 7 16 4 43149 1.0655039206913597
12 21 29 2 56217 0.9660138428450515
25 14 10 3 55405 1.0712092606086758
12 25 15 5 38700 0.9374726270315882
23 14 11 15 47133 0.9232076770589555
25 15 6 27 58774 1.011947994255317
17 21 2 10 62595 1.0283547685993386
10 5 13 24 39138 1.0253969623245625
9 17 1 2 56840 0.9584910473815674
20 25 14 16 33647 1.0724763042305754
3 10 24 21 67744 0.95512250020371
14 10 18 23 40529 0.9287239183810585
18 26 9 29 25427 0.966848209498261
29 15 12 28 52902 1.014298022957623
15 28 28 13 47756 0.9459621750404013
16 19 24 22 30171 0.9152061038389986
22 17 27 24 22158 1.0780350688723597
6 7 24 20 65045 1.0135346630356734
16 24 29 29 31781 0.9089488750059435
7 5 29 2 48114 0.9576048915551256
27 13 20 29 47594 0.904033284498036
22 13 20 29 48656 0.9809107595402011
7 11 29 20 67048 1.0048897399558918
12 14 24 26 50467 0.9144679527196592
9 0 7 25 57475 1.0292926440868002
25 21 5 3 74798 1.0056338490797658
29 7 4 19 94556 0.9739429851593683
5 11 26 26 79546 1.0308460712162741
16 8 4 6 37025 1.0293236951495053
1 17 23 4 82828 0.9173169844937877
2 9 14 28 61381 1.0141955720330544
12 5 21 25 51419 0.98594186020872
27 28 13 18 36661 1.0547606231140896
22 7 15 25 56050 0.9528286579913555
27 5 22 19 43655 1.0711820669239926
15 21 3 12 52622 1.0260940463799704
27 6 6 29 83098 1.051674033387794
1 18 27 23 77643 0.9282657683590059
3 28 13 21 30995 1.073820240607047
18 29 11 15 45927 1.0285820293832528
13 3 2 21 65802 0.9643390090230628
11 12 0 18 54465 0.949340981790484
8 0 3 26 64419 0.9809966644971218
10 19 16 11 40881 1.0134332913520308
28 5 28 24 38365 0.91528032401092
24 24 6 14 63654 1.0949065820284867
9 4 13 28 53421 0.9584161625179888
9 10 18 3 35859 1.0474748683307562
12 4 15 14 28223 1.083621920028119
13 21 20 8 36972 1.0252265632815705
25 16 17 25 33249 0.9423330624924233
13 25 25 9 55445 1.0174035383336884
15 14 8 9 32265 1.031595232715544
20 2 8 12 49850 1.0415601687210427
29 9 15 15 57302 1.0836558978329534
25 21 14 26 35432 0.9294659319026961
17 29 18 19 39610 1.0031333650928569
7 22 18 28 39762 0.9051313229010589
10 26 24 4 72506 1.0129143051711953
5 25 23 8 75411 1.0272042088071411
8 17 26 22 64660 1.0858949579012507
28 2 6 7 53470 1.07357564496263
19 18 17 8 40493 0.9480788111338246
16 7 24 27 65295 0.9631883061852055
14 12 13 3 16313 0.9386437758311722
29 28 18 25 24767 0.9391961284183383
26 11 7 14 58044 0.9676333733947682
16 19 18 2 50286 0.9996099893967897
20 6 7 22 71105 1.0841695425175317
2 2 16 19 67115 1.0793514579640644
18 23 7 3 63271 0.9868021837700827
13 10 4 3 35964 1.0753386112690322
29 10 24 20 31363 1.0732180909236793
7 20 1 5 53430 1.0148812515609642
11 7 6 2 30155 1.0852323802750445
0 23 6 5 53382 1.0752599537283523
25 20 7 22 56306 0.9339719963941138
8 5 29 23 85358 0.9909385504365218
6 13 15 4 42529 1.038665685801137
17 4 3 18 58917 0.947206437684951
4 2 17 13 49762 0.9219457871187494
20 16 19 6 46720 1.033097477766618
29 4 26 25 51821 0.9106258854207495
16 3 25 24 62328 1.0927060359768825
13 17 25 6 50100 0.9790202414746025
27 18 29 10 23065 1.0976581526111162
27 5 20 21 48343 1.0092418145550204
1 4 24 3 55409 1.0942018113559788
7 25 27 2 72702 1.0362933769363807
7 7 29 13 67749 0.9957415212541227
6 10 16 17 51677 1.0267425873759242
23 8 13 16 38799 0.9568175311267856
1 5 11 25 65150 0.9859174452481038
18 29 23 4 77031 0.9152008869127655
28 22 10 0 64600 1.0171485015566724
29 28 28 13 31891 0.9967213311526733
17 6 5 10 44757 0.9497968460810204
15 12 6 6 40511 1.005749249278463
0 29 25 29 44477 0.9456928932899937
5 15 15 10 42988 1.0034328177150695
28 28 7 12 63778 0.9245578706525378
9 13 26 2 47558 0.9221401107184505
14 8 6 13 28159 0.9102463421053497
10 17 5 0 52680 1.0982631385426265
25 3 15 24 67022 0.9582816355686408
3 5 27 26 87942 0.9467538460182566
1 12 11 29 60805 1.0251507594693137
22 29 13 7 47031 1.067156011149413
11 24 18 17 41297 0.9261150192389553
22 22 20 8 47485 0.9123915738178777
23 14 21 29 48852 1.006388439930666
14 23 25 4 65848 1.064200328125998
18 18 21 2 56908 0.9507955908439344
15 28 9 12 42887 1.0998839421016369
12 7 27 13 51070 0.9266720685380816
0 7 18 5 59810 0.975645637239247
14 3 22 23 50919 0.927828648968618
10 24 14 7 42481 1.083776655005034
5 20 13 13 39625 1.098145871096648
12 26 13 6 29805 1.0571795988125627
12 5 25 25 60739 1.072442593465432
5 24 13 18 38204 0.9140993778063348
11 10 8 29 49006 0.9158009967502946
26 16 17 8 42998 0.9518370033780351
20 8 2 28 72353 0.9640711595752123
12 24 29 16 54928 0.9385546109272314
20 7 13 22 43543 0.9048294917706399
29 0 2 17 74664 0.9201135430353476
18 23 27 24 18845 1.0026014188464374
14 18 22 25 37760 1.0441094957569388
25 8 7 6 54146 0.9932365733080988
24 3 19 26 69564 0.9128035415592907
13 18 24 28 32952 1.0554139900843047
14 0 4 12 40901 0.9084416843700432
0 18 9 14 45912 1.0094105689088408
6 9 7 24 49112 1.0705997715942226
15 4 3 3 34505 1.0639833068983195
2 27 27 8 86727 1.050894196737313
25 25 9 26 36987 1.0380298131405783
24 21 22 12 29286 0.910461589483048
27 24 19 17 26425 1.085392840013316
1 24 7 6 52739 1.0464108907571377
16 7 6 7 35834 1.0237134373601382
15 27 21 5 72187 0.9026372684344173
14 22 24 16 42975 0.9434286345293981
3 17 23 24 66837 1.0889265760100317
0 28 7 20 43451 0.9103587673621579
26 24 2 5 86214 1.0115333471953087
12 1 3 2 20600 1.0344493542994695
21 17 27 26 30885 1.0873877000975753
18 14 1 6 57770 1.0039358309726623
7 17 9 27 50880 1.0620533805322796
9 12 1 21 46619 0.9892305639569107
22 2 5 21 78294 1.0925641983626735
17 16 29 3 57163 1.085604145997415
1 9 15 14 48242 1.023425876131873
3 16 25 14 66921 1.0505828740818286
18 26 10 23 36678 0.9985341267235734
22 23 26 11 31257 1.0999662858535382
8 23 1 18 26191 0.961930596021622
18 24 29 25 21478 1.0337016059236803
16 1 9 10 40427 0.9136338925031907
18 24 9 13 42744 0.9264701531823522
12 25 17 20 19424 0.9076906828624378
29 9 29 25 38193 1.0071974886705701
11 7 6 19 47574 1.0760407819538418
1 2 11 20 60383 1.0751185928661353
7 28 24 20 42320 0.9707601174621101
8 6 22 13 51556 0.9223387172399371
2 10 18 27 72481 0.9909875457390251
24 0 18 18 62150 1.077458209864694
25 4 4 18 80506 1.0591348683268813
8 17 6 3 44829 1.0023792733272694
12 8 27 8 42381 1.0962163119987964
13 27 22 14 50476 1.057144567017093
11 15 3 18 43446 0.9183185382874443
28 13 17 9 42149 1.017899508122167
13 13 26 12 41948 0.9475810244810077
1 12 10 8 32847 1.06840592403284
24 20 24 4 41921 1.0220445795322388
23 21 10 2 60463 0.9270962459243214
6 22 21 27 46883 1.0845853336056366
8 4 29 6 66174 0.9192161364710627
23 25 28 9 41333 1.0181149276957837
15 4 12 21 39412 1.0104675135504548
22 12 19 19 34765 0.9306122171530906
18 7 24 17 43028 1.0766483413842936
3 17 22 26 61037 1.0492209701439532
24 0 23 21 61201 1.0883523968512654
6 16 15 12 39027 1.0232945183932194
22 28 1 5 80278 1.0000035512651244
16 29 13 14 34269 1.0749288013587295
2 14 21 0 51255 0.9516475810157323
17 21 21 6 57210 0.9999444936173391
8 9 28 19 68103 1.093607318365985
5 25 8 4 64887 1.0084596743280667
10 5 6 20 57864 0.9479125727328617
