5188 6460 5530 5850 5748 5411 5979 6574 6515 6167 5820 5797 5954 5238 5323 5772 5223 6283 6587 5267 6247 5062 6609 5337 6122 5417 5741 5072 6567
1596 2549 2218 1923 2467 1335 2336 1640 2484 2475 2754 2851 1377 2500 1977 1915 2101 2105 2565 2356 1907 2599 1996 1869 2528 2692 1516 2415 1424
2974 3779 3567 3498 3146 3235 3249 3178 2469 3281 2954 3544 2670 2882 3495 3419 3704 3418 2925 3078 3239 3799 3000 2552 2414 2717 2686 3654 2869
6333 6861 7460 6142 6475 6583 6965 6551 6787 7383 6844 6688 7251 7468 7150 6281 7110 6872 7547 6671 7620 6361 6905 7522 6681 6545 7663 7334 6274
2553 2792 3047 3866 2391 2595 3269 3268 2946 2669 2664 3666 3683 3181 2492 2326 3618 2503 3383 2999 2853 2670 3198 3628 3311 2598 2963 3038 2985
3412 3545 4310 3144 3027 3622 2881 3633 3920 3071 3645 3433 3374 4216 3207 3826 4001 4233 3932 3825 4087 3113 3174 3719 4268 3055 4054 3827 3423
4434 4261 3510 3091 4391 3619 4153 4212 3218 3082 4002 3252 3455 3785 3656 3508 4206 4478 3854 3900 3774 3697 3818 4365 3376 3199 3824 3695 3502
2972 2344 2905 2757 3219 2919 2893 2749 2336 2145 2281 3378 2985 3568 2448 3188 3219 2481 3462 3316 2435 3110 3318 2056 3594 2563 2498 2913 3074
6015 6850 5697 6505 6395 6040 6749 7051 5744 5891 6017 5903 6349 7215 5823 5910 6614 6840 6779 7206 5891 5892 6721 6693 6848 6907 5690 6620 6694
2278 2231 2860 1911 3065 2701 2090 2137 3399 1972 2338 2129 2657 2080 1876 2071 2466 2391 2948 3092 2668 3000 2422 3021 2301 2357 3001 3213 2500
1378 2358 1982 1563 1864 2014 1505 1839 2719 1670 2045 2206 2820 2156 2294 2499 1603 2147 2460 2454 1930 2704 2814 2705 2562 2549 2160 1464 2319
4821 5188 4528 5699 5445 4903 4305 4681 5681 5712 5086 4798 4648 5130 5243 5277 5585 5654 4416 4556 5118 4240 5063 4450 4686 5155 4747 5575 4981
6736 6504 6505 6032 6535 6985 6576 6329 5980 7018 5718 7141 6550 7223 5804 5797 5698 5857 5937 6968 6686 6798 6702 5867 5806 6334 7175 7030 6164
5061 5118 5943 6161 5733 5539 4829 6235 4807 5403 4976 4793 6131 5515 4772 6264 5423 5390 5504 5913 5529 5199 5588 5777 5746 5397 4867 5207 5917
5484 4282 4772 4534 5393 4363 5527 4373 5448 5134 4590 5316 4350 5600 4844 5611 5509 5253 5161 4367 5378 4181 5118 4849 4889 5650 5231 4678 5484
1926 2646 2439 2651 2957 1615 1904 1646 1584 2342 2930 1623 2192 2471 1822 2946 2681 2840 2931 2511 1837 2874 3017 1749 1708 2642 2864 1975 1899
4022 3583 3836 4485 4229 4056 4546 3345 4245 3487 4058 4508 3553 3144 3170 3702 3267 3837 3746 3673 4049 3198 4382 3488 3992 3922 3640 4573 4082
3611 3530 4509 3601 4190 3252 4274 4506 4193 4070 4420 3644 3167 4531 3639 3659 3364 3889 4384 3990 4548 3419 3415 3157 3418 3222 3165 3256 4209
5858 5525 5706 5277 5702 5744 5082 5344 5377 5086 5234 5521 6349 5605 6416 5148 6021 5262 6583 6265 5524 5218 5488 5238 5653 6299 5288 6191 5459
7687 8615 7324 8594 7523 8734 7451 8121 8145 8358 8633 7530 7935 8537 7750 8291 8323 8810 7707 7679 8170 7773 8270 7818 8508 8126 7582 8718 7360
2419 1618 1979 2265 2110 2033 1455 1959 2429 1925 1384 1536 1997 2745 1423 2603 2504 2449 2799 1443 2642 2555 2254 2441 2111 1695 1584 1480 2259
1615 2790 2223 2369 2583 1906 2465 2398 1671 1545 1688 1481 1392 2598 1455 2071 2520 1510 1602 2242 2741 1850 1701 2241 1346 2420 1386 2214 2563
2697 2128 1877 2080 1823 1223 1433 2017 2201 1393 1430 2642 1709 2594 1502 1907 2153 1715 2329 2215 2142 1441 2624 2066 1308 2396 1987 1619 2301
3346 2819 3522 3061 3369 3414 3946 3223 2797 2753 2984 3513 2588 3842 3656 3533 4102 3794 2674 3976 3646 2646 2882 2735 2874 3004 3045 3573 3347
6015 6157 6951 6028 6884 6691 6997 6268 6936 6493 7131 6386 6149 5969 6899 6584 6932 6223 6811 7070 7075 6937 6297 6423 6106 6522 6317 7429 6956
3110 2847 2381 2777 3345 2309 2800 2396 2624 3522 3588 2491 2253 3297 2945 3561 3637 2993 2561 3384 2495 3539 2341 3333 2449 3711 2583 3314 3021
4140 4146 2697 3435 4068 3883 2947 3070 3033 3314 3890 2959 3905 2847 3087 4141 2727 2789 3677 4000 3756 3964 3611 4131 3078 2777 3165 2717 3601
6177 6066 6012 6229 5988 5795 5677 5741 5651 6643 6751 5943 5962 6570 6068 6011 5799 6326 5531 6405 6636 6828 6591 6629 6688 5683 6770 5885 6089
7340 6813 6493 6132 7506 6603 6257 6720 6887 7158 6974 7337 7315 6106 6880 6082 6188 6523 7217 7235 6607 7389 7278 7580 7280 7369 7117 7511 6262
5266 5317 4992 4895 4056 5479 4145 4554 4913 4547 5263 5185 4180 4706 4688 3982 3998 4213 4442 5397 4184 5250 5147 5316 5026 4498 4129 5098 4130
7523 7491 6998 4641 7242 5978 5621 6927 2137 8179 7767 2453 2913 4654 6553 2755 6757 3741 1929 3271 6413 7252 5249 3623 2669 7320 2664 5527 5505 5124
8978 6529 6381 4586 8013 5841 6261 7184 2755 8505 6733 2414 3114 3431 7282 2217 7250 4411 2419 2789 6412 7340 5755 4619 3054 6957 2312 6234 5930 5015
7969 7253 6638 4545 7522 5811 6541 6934 2852 7906 7698 2947 3058 3746 6913 2170 6192 4364 2103 2582 5812 7399 5674 4346 2228 7501 2879 5701 5837 4383
7715 7068 6419 4446 7418 5539 6186 7644 2095 8481 8122 2148 3815 4532 7070 1730 7436 3062 2177 3852 6631 8015 6390 4352 1988 7884 2382 6270 5970 4329
8345 6718 6445 4441 7302 5838 5816 7416 3258 7112 6700 2645 3825 3648 6822 1993 6138 3752 1817 2812 5849 7471 5112 3394 2291 8234 3117 6690 5720 4431
8862 7212 6805 5461 8136 5782 5979 6401 1718 7028 7751 3611 3060 3601 7134 2106 7424 4314 2600 3625 6054 6576 6502 3400 1902 8219 2940 5227 6626 4447
8364 6909 7456 5047 8594 5472 6014 7731 1968 7163 7629 2986 4106 3847 6961 2682 7489 3656 1445 2839 6645 6723 5124 3578 2910 6823 2281 5482 6192 4304
7728 7267 7436 4108 7989 5849 5529 7630 1808 6969 7681 3185 3340 4338 6435 2452 6795 3532 2739 3283 6415 6656 5760 4568 1934 8361 3071 6041 5546 4150
8876 6015 6772 4597 7040 5225 6087 7206 2326 7707 7490 3469 2820 4420 7734 1661 6723 3395 2489 3375 6003 7329 6216 4309 2154 7419 2391 5205 5852 4422
7450 7303 6602 4271 7769 5333 6586 7636 3152 6994 7999 3521 3431 3537 7880 1638 6100 4468 1972 2406 6042 7910 5323 3548 3082 7563 2954 5178 6240 4967
8310 6219 6520 4498 8470 6054 6402 7163 2832 7737 7461 2876 2701 3905 6561 2604 6219 3644 2117 3503 6666 7360 5950 3438 2852 8241 3537 6304 6034 3866
8188 6022 7163 5235 8166 6065 6876 6859 2386 7547 7594 2518 3959 3838 7258 2056 6674 3113 1826 3122 5725 7444 5938 3271 2681 7202 2120 5830 6680 5321
8080 7131 7525 5221 8394 6144 5494 6474 1865 8418 7626 2813 3265 3304 6907 1653 7162 3841 2746 3193 5569 6986 6175 4418 2021 6880 2793 6386 6513 4361
8981 7007 6808 4255 7270 5265 6622 7050 2308 7547 7153 2950 3041 3294 7454 2443 6134 4341 2432 3845 6711 6891 5838 4109 2294 7929 3041 6423 5456 5018
8956 6174 6365 5234 8461 6053 6087 7159 1930 7001 8095 3586 2916 3904 7609 2745 6153 3112 2600 3008 6317 7846 6486 4609 1621 7781 2783 5714 5684 3816
8705 7222 6960 5516 7875 5753 6088 7294 2872 8192 8052 2940 3425 4049 7762 2025 6403 3780 1937 3205 5892 7123 5480 3942 2862 7616 3487 6007 5711 4447
7560 7009 6834 4629 8239 5304 6816 7264 2552 7393 7664 2757 3126 4520 7266 2808 6639 3408 2305 2684 5294 7719 5198 3528 2033 8267 2487 6137 6471 3995
8264 6238 6584 5102 7419 4922 5742 6716 2277 8208 8043 2294 2920 3515 6415 2191 6116 4317 1646 3128 5786 6863 5746 4511 2718 7347 2890 6612 6345 5091
8628 6365 7242 4176 7939 6121 5522 6620 2243 8216 7647 2656 3384 3986 7246 1530 6125 3979 1688 2760 5738 6624 5536 4416 2075 7598 2426 6114 6418 4894
8300 6492 7043 5016 7045 6297 5619 6746 2414 8172 6715 3041 3017 4651 7717 2174 6490 4262 1436 3187 6125 7597 5561 4102 2660 7752 3140 6142 6270 4254
7486 6234 7170 4474 7996 5580 5774 7072 1789 8093 6945 2562 2921 3597 6407 2867 7227 3558 2582 3410 5515 7593 5825 4550 2762 7064 3314 6466 6473 4130
8984 6611 6799 4516 8408 6242 5468 6857 3260 7783 7249 3055 4005 4051 6842 2808 6235 3977 2504 3174 5670 8015 5378 4096 2644 7265 2854 6018 5574 4080
8362 6788 6134 4675 7626 5053 5879 6867 2003 8199 8038 2474 3484 3940 7707 2403 6352 4133 1704 3175 6162 6738 5489 4057 2798 7270 2709 5640 6392 4037
8292 7317 6507 4548 8092 5786 6063 7482 2430 8404 6972 2527 3512 4727 6877 1959 7128 3412 1826 3237 5262 6785 6194 3750 3034 6880 3076 6494 6826 4242
8855 7402 6073 4850 8357 6289 6669 6557 1923 8019 6692 3592 2666 3484 7781 1670 7398 3376 2472 3866 5170 6508 5108 3690 1992 8151 3477 6279 6510 4823
7847 6054 7452 5076 7987 4866 5502 7153 2473 8257 6898 3543 3097 3473 6826 1505 7008 3707 1779 2867 5613 6651 5377 3865 2763 8297 2105 5316 6584 5152
8024 7094 6776 4413 7333 4889 5750 7885 2673 7066 8077 2983 3312 4075 6416 2084 7282 4263 2714 3531 5904 6836 5287 4391 1857 7377 2134 5395 5950 3876
7665 7096 6767 4588 7171 5892 5392 6542 2408 7106 7185 3563 3300 4618 7208 1982 7580 3424 2786 2533 6292 7006 5519 4266 1995 7084 2132 5670 6074 4634
8616 6011 7253 4388 8508 6047 6754 7617 2834 8253 8226 3580 3198 3700 7302 1966 6323 3400 1869 3012 6585 6950 5225 3812 2558 6810 2331 6723 6311 4107
26 28 12 15 62511 1.0675877006531296
22 7 6 18 55083 0.9622167709280929
26 10 4 21 77720 1.024352591023296
2 22 21 20 57542 1.0039853243307395
24 6 3 19 79953 1.002090591912463
29 1 13 18 86489 0.9515853489215265
27 25 24 9 62564 0.969567910945368
24 17 8 19 42970 1.0559561044555554
25 12 4 25 78372 0.9405608326348026
24 26 9 2 83825 0.9909252732129022
0 28 24 12 92104 1.0361438668891132
19 2 20 12 26118 1.0223050034333165
25 0 18 27 79226 1.0662738654580446
27 16 2 13 66345 0.9779731478790088
17 5 20 16 35008 1.0350066767056871
24 14 5 24 69504 0.919794661364143
2 20 26 22 72314 1.0552318842997883
11 1 11 11 28654 1.01775992033947
27 27 11 17 65504 1.0050665145553532
23 1 0 11 80195 1.0104224767385337
8 14 18 3 61607 0.9909051699577799
13 16 25 25 52604 1.0801479811408323
12 24 14 13 37519 0.9900650067492948
8 2 4 29 88152 0.9963313352195964
4 9 25 13 63940 0.9236144027079022
7 10 2 27 57189 1.0118965697409021
27 7 16 2 54775 1.097321251879737
3 20 4 11 34482 1.0262614984833507
26 15 17 12 28032 1.0293034380928332
13 5 8 13 42769 1.0928649924594973
5 20 18 29 62165 0.9370583280385645
18 0 13 10 55280 0.9538636057603307
12 25 11 15 35259 1.059969226880971
10 17 24 21 46751 1.06976214069125
5 10 29 11 73652 0.9597985592080855
25 15 8 12 45007 1.0711992111607667
7 25 18 20 47453 0.9551391533566308
1 3 13 16 57345 0.981913541374934
6 18 27 28 73884 1.0957988957535918
11 4 1 20 61293 0.9386768503435707
22 26 21 0 55005 0.9336678416196657
22 2 8 15 53853 1.009241241091926
10 0 12 16 40870 0.9123039671014396
12 19 2 16 33549 1.098961364989654
21 3 26 21 51320 0.9507462511262295
18 25 16 6 61254 0.9214000495681139
4 11 0 5 26511 0.9617071944464876
6 14 12 27 51348 1.044365276701377
8 11 0 8 26730 0.9049280123933775
11 22 7 2 61412 0.9990505159670622
5 4 1 19 49227 1.0522970024596559
7 18 25 13 51068 0.9769325062246551
14 9 14 23 46627 1.0558722799511089
8 14 2 0 61562 1.0909255626906917
1 14 6 7 31331 1.0919217223947193
13 9 0 13 50417 0.9029877368705538
17 23 9 14 42124 0.9016007346232001
19 2 29 25 75608 1.0291052539794334
21 27 17 11 41109 0.9300273295252843
19 3 17 28 68380 1.0535821101751583
1 16 28 12 72456 0.9635777518241333
6 8 10 16 26690 1.0766253326528696
24 19 15 5 47340 1.0084914647185017
5 6 13 20 56778 1.0864614813325384
21 15 15 21 24974 1.0142264283629987
7 13 14 6 39702 0.9834137475122379
18 3 6 2 61223 1.0340760435549012
7 28 25 18 65101 0.9313432414243689
10 2 13 20 51032 1.0186222297955718
29 29 8 6 106911 0.9270584168518307
2 12 13 14 36564 0.9077191251444726
11 25 8 4 63976 1.0501464923556219
8 14 18 9 47042 1.0393207194364087
9 13 15 18 23564 0.9965997018747731
5 8 14 1 44325 0.9332140375963374
7 23 26 18 56441 0.9092048338007348
1 28 21 27 61594 0.9790871364699442
13 12 27 7 49086 0.9299693849641784
23 22 25 7 41614 0.9274527290308111
11 3 21 8 38751 1.0221010367444414
4 20 18 29 62712 1.047608450059046
13 12 26 1 63108 1.0709039166702428
12 8 3 27 71859 0.9824470466421531
11 1 0 4 56296 1.0916789749783196
6 27 27 2 112927 1.0552911547433066
6 5 7 28 71246 1.035587810255898
15 12 4 4 45553 0.9956692587251382
20 4 10 0 45739 0.9772747510116163
3 3 10 12 42705 1.035882659778471
3 6 16 8 41146 1.047726147736014
22 20 9 8 53542 0.9725232030322033
3 10 1 0 32267 0.9698641243335671
11 6 6 25 60428 0.9982989150201641
24 19 12 3 67658 0.9342659404455346
8 5 17 3 47544 0.9789334849036571
20 15 2 15 38661 1.0317425414125976
23 8 22 24 34066 0.9129273089371492
2 1 14 6 62120 0.9513519310395232
2 11 17 21 63898 1.0896633209457471
12 25 7 19 32744 1.0323128009989035
26 2 11 21 84150 0.9698954541879251
27 16 4 20 65842 1.0459531283442918
11 10 4 5 35212 0.9693090120576516
15 18 26 15 27410 1.0064357657261265
16 11 29 4 56367 0.946621050846418
0 18 20 16 47376 1.0688831877242213
5 4 15 15 50420 0.9759730199082179
27 17 25 6 38552 1.0879875565412607
1 15 11 0 57372 1.043973101511174
8 27 19 19 51055 1.0366543955719778
1 29 19 26 55246 0.9195147310556808
7 21 21 29 52162 0.9614752147214188
27 23 15 5 68303 0.9599755059797008
15 4 23 8 27532 1.0420883341983755
1 10 19 28 84364 1.099508137309491
28 21 23 8 52585 0.9872407667327563
4 2 6 27 81507 0.9030895259745313
4 18 3 0 61178 0.9591759296444531
11 21 26 14 54191 0.9307546485372387
25 0 24 20 61183 1.0973707603304692
12 12 11 26 43894 1.0895521549326161
17 29 4 28 52209 1.0834076903600458
10 2 17 17 48908 0.994292165029864
23 2 1 23 92192 1.0526615607117864
28 27 21 21 34890 0.9246394820070928
23 17 3 17 49944 0.9798077922850529
27 13 2 29 96636 0.9273142747476694
23 2 11 8 42483 0.9141051291378618
1 19 7 8 39750 0.950059830980758
9 15 20 6 40720 1.0949364163509892
25 10 6 28 89247 1.0809961185032424
19 0 7 14 68005 0.9675928613798506
13 15 12 6 38845 1.0997411866227809
0 0 12 0 76520 1.027866508752414
17 5 23 28 66738 1.0806102505779325
20 27 4 26 47042 0.9186868902160071
18 19 14 25 27515 0.9794939967128672
6 3 15 22 69930 1.0312294525810262
19 18 11 0 64269 1.0683275797441238
26 10 18 15 32578 1.0681309068573295
9 27 1 1 76419 0.9803844173799688
21 26 26 0 72654 1.0752550271376133
14 20 4 18 31711 0.9556676063108321
23 1 15 18 52069 0.9399530867159073
3 13 18 9 58789 0.9140881200338085
26 0 12 2 84139 1.055138069789736
13 8 6 17 38807 1.0677064297833452
1 26 13 29 43818 1.0865251970563967
10 10 22 23 54283 0.9034791756126682
8 28 19 2 95045 0.9358012995188149
11 20 5 29 46546 0.9914119231650214
21 9 7 9 36761 1.0889142989492981
24 13 3 21 74669 1.0029514214354123
22 6 12 11 37062 1.012913987835903
9 20 7 12 25741 1.0013074921316203
25 17 28 26 33177 0.9863229479305315
20 4 27 29 70728 1.0001176834039796
28 29 27 18 48404 1.0799474454400937
10 4 8 20 43342 0.9744621372295632
1 22 4 5 48800 1.0924300247309213
29 5 5 1 94784 1.0738222893338616
25 17 0 28 82523 1.0673593598226125
17 7 15 25 49988 0.9853481306476204
9 11 17 8 26700 1.0157887647414754
0 19 28 18 64697 0.98598833053046
28 22 15 8 68516 0.951763796746901
8 9 0 20 53896 1.0691836085828643
4 22 26 25 63987 0.9590840520051463
5 2 26 15 79232 0.9964341259945209
13 12 4 16 32053 0.9029049281572367
9 29 27 26 59283 1.0377451132871334
6 23 24 17 61148 0.953388146146767
29 19 3 5 94374 1.0559489204763473
5 21 22 22 55901 1.0800346259344447
0 25 23 5 95991 1.0378194308023792
7 14 8 1 43746 0.9960716152889556
0 23 13 23 40366 1.0025264425611708
14 28 18 0 91933 1.0399833642568963
14 7 11 17 37420 0.9574906681378008
23 15 22 25 22303 1.0495257079811173
11 28 9 18 31808 0.9892895308145914
15 10 10 16 25038 0.9505014187197657
1 13 16 20 50452 1.097994654039368
22 13 25 6 20927 1.0542806375973799
27 3 12 5 69506 1.016685866472731
12 25 29 28 60391 0.9926234847268479
25 27 12 4 91810 1.0069704423503854
14 19 20 15 22507 1.0831651101800897
3 3 24 22 99721 1.0346177874211753
29 10 23 15 33321 0.9653710106179432
22 12 2 18 54741 1.0182411249966128
27 4 28 18 58969 0.9804094404313484
5 3 21 0 71096 1.02277566679824
21 9 12 29 67056 0.9042272486023405
10 24 25 14 55238 0.9028911979052668
1 10 7 17 30764 0.9939834901870885
11 3 26 6 56857 0.9549407421314261
25 8 20 29 51730 1.096648241202662
16 0 27 27 97219 1.0781927578474013
11 6 18 26 69039 1.0250411714030687
26 22 3 21 79281 1.0339348604386474
21 13 13 6 37226 0.9433453177605682
23 27 11 15 53072 1.0510093063570671
1 17 11 29 51279 1.0116989543019768
20 4 2 3 66719 1.019862780693343
5 7 19 22 71524 1.0461559637881377
10 4 28 4 72725 0.9006472153685627
22 6 7 10 43945 0.9612744185383431
16 22 6 8 57794 1.0828653889455961
15 22 3 0 88786 1.0449685221822347
20 13 28 17 31935 0.9404319045680049
14 26 19 19 30898 1.093712827054888
3 7 15 0 51981 1.0843225497773565
28 1 3 12 104173 0.9296679945528943
1 4 16 7 47248 0.9237287471073342
27 15 17 15 21191 0.903601506011541
28 15 16 4 53692 0.9590512866886536
21 0 14 15 46519 1.0138751057521975
24 12 20 1 32594 1.0182384683508494
5 26 21 0 92685 0.9211872395339712
26 5 4 6 68222 0.9804574298847907
14 22 5 10 61733 0.9281531695204356
1 10 3 19 25506 0.9870576138119173
11 14 16 9 32733 1.0214032802035145
9 18 27 29 68738 1.0356949016972783
24 8 10 17 48636 1.0205168966982407
7 5 9 14 27270 0.963055927300144
22 20 5 24 49478 0.9866383625734602
0 7 5 18 39622 0.9442042484112432
29 7 25 1 33797 0.979563067795699
22 2 4 1 74639 0.9554888768837946
27 12 10 14 50886 1.0001505295171214
21 18 0 3 78973 1.0439873627876968
18 19 28 20 38192 1.0201846660384395
5 18 6 0 63196 0.9120259061796465
5 22 12 6 64983 0.9810611824780104
21 23 16 14 30977 1.0281024067467965
11 3 11 14 33460 0.9151628212716377
12 22 9 1 61742 0.9304107108259347
13 2 17 19 58003 1.0005403775517567
20 8 2 7 46034 1.0516346125219722
25 5 3 22 89639 0.9768802721211944
1 11 26 21 78608 1.0520849631261837
1 1 18 26 95534 0.9807647866789928
11 1 27 0 91501 1.0438460132757579
1 18 14 14 38370 1.0361303446551768
28 25 3 18 75294 0.9197360926442943
7 23 17 29 40225 1.0597918851845631
7 1 1 14 48873 1.0109660313298947
13 19 29 22 58305 0.9186254934361993
8 25 11 6 59056 0.9846736233471312
25 29 14 17 54451 0.9895549742257087
22 6 8 25 74622 1.0773748896540287
20 9 5 17 51605 0.988396459192712
24 8 7 0 63143 0.9991680702399051
3 29 18 28 63083 0.9850653828804457
6 20 19 26 51202 0.9664530447001989
13 28 28 16 72725 0.9313337849515049
5 19 9 10 31213 1.0050012604643928
22 8 28 19 36740 0.9928795016504676
0 0 14 20 83552 1.0057421204947983
6 2 7 25 72414 1.0143662879083086
18 12 29 29 70914 0.9455048198879581
23 11 8 7 48396 0.9241154312531638
20 6 4 24 74082 0.9908676980827
22 4 28 19 43236 0.9954200189189981
14 26 4 16 50852 0.9026912712074099
5 0 2 24 77419 0.9118515374856752
29 0 15 12 79909 1.0430457475917454
0 26 24 17 75666 0.940742177546406
8 1 18 11 50330 1.0781194040135798
14 27 23 22 38533 1.0299455500216577
15 25 21 4 55504 0.9031979527567069
15 9 10 14 26521 0.9122957788346525
23 13 1 25 75211 0.9695801369676191
8 29 17 23 39964 0.9468133011543022
3 5 20 20 75062 0.9453783532455567
29 20 18 4 69732 0.9935847592148869
2 15 7 25 39500 1.0521783720604057
0 20 4 10 36102 1.0526935302851974
17 18 28 19 27350 0.9954863173218864
15 4 25 1 50740 0.9877184434684917
7 16 22 15 36843 1.0998338113705128
19 29 0 16 78974 0.9443573320637362
19 0 10 20 70780 0.9181447683565291
26 29 14 24 43929 1.0122571888012948
28 6 1 14 86715 1.0742439646542903
26 5 17 27 70399 1.0009932606489251
11 19 23 19 32496 1.0594395317064484
25 4 19 13 36031 0.9551506309370579
24 4 18 25 67820 0.9114331082429905
8 28 23 8 80897 0.9714834833607248
13 17 8 25 39230 1.0692750306993055
0 25 9 16 44729 0.9323539283915617
24 3 9 22 75846 0.9428016393226887
25 25 7 16 61509 0.9343202228048039
9 15 20 27 48144 0.9370517594288148
22 15 28 6 39459 0.9999772511576607
27 24 7 5 86711 1.0519302083286417
8 24 14 11 47185 0.9329165558100244
23 0 4 16 77674 1.0588057135368218
1 21 16 4 73210 1.0574099490201296
15 2 0 21 78527 0.9443197306447875
11 12 29 6 64510 0.972302643310831
11 29 22 6 77458 0.9907231339909977
17 13 20 6 23176 1.0405444581480556
28 11 19 5 40174 0.9714655631613565
15 16 6 0 67577 0.9652068204247175
25 10 19 29 56785 1.03884538419396
9 10 9 25 37460 0.9177362732979504
8 0 8 21 67565 1.0873247627958984
12 25 22 22 34186 1.003269957646609
12 15 22 29 51169 1.0975792103540305
11 13 13 25 42971 1.0636522999791238
16 15 23 7 31801 0.9868101898607315
17 19 28 23 47084 0.9258759972872821
21 29 17 7 53466 0.9605770153771414
22 0 6 11 61040 0.9918377474914957
2 1 29 15 96504 0.9936548660242424
18 16 2 4 70442 1.0190759368263567
23 12 17 16 24518 1.0887486415183707
10 12 22 27 57546 0.9890509144540993
24 17 0 19 60326 0.9840227544644661
16 8 9 13 28921 1.0282999211884865
8 5 27 1 82392 0.9860533656814631
9 9 25 26 72241 0.9225554543223432
4 2 27 12 83586 1.0967022650434164
2 12 25 29 91948 1.0688810112236933
24 25 9 9 71213 0.9281674217372271
29 14 21 1 49629 0.9091710779509206
4 14 11 29 51260 1.0478666481279484
29 26 3 2 119173 1.0769995137929795
19 13 0 0 82538 1.0648213721613933
17 28 19 8 55956 0.9302602671549246
2 23 2 6 47763 1.0925411926322854
12 13 28 2 79133 1.028019827718002
14 16 5 7 43909 0.9712070574598015
3 11 24 12 65040 1.0218510413789963
21 11 16 18 22684 1.0230910015223849
15 0 14 10 29805 0.9852941790192313
4 27 20 7 81499 1.0922333194308878
7 10 11 2 29054 1.040183496165989
19 21 29 13 47936 0.9459506885028641
26 12 0 9 78192 1.0550913470346275
12 8 0 21 59978 1.0158564101123886
24 0 2 28 120055 0.9924131637989775
4 1 16 3 63068 1.0362990986990601
9 14 12 22 31199 1.0741956978199811
9 16 17 0 62742 0.9926514412741984
6 12 12 19 33851 0.9023028225148366
14 18 2 23 42504 0.9125764968304666
28 28 5 17 86791 1.0461174101156134
28 6 22 16 41366 0.9273298671158309
21 6 5 21 69198 0.916593401022231
8 17 14 2 55612 1.0689902233823072
10 7 6 1 32080 0.9957410831898295
9 1 25 29 98451 0.9194231469865322
12 19 18 24 29647 1.0287742838104008
1 21 10 29 38480 1.0563822707482773
14 23 8 29 35140 0.9511790827842875
4 18 17 1 74733 1.0986660646218627
21 9 18 28 50957 0.9572196026884433
15 5 25 12 38355 0.9655089531744454
1 7 21 15 60870 0.9853737815535101
19 22 2 11 71005 1.0140181841904405
9 17 18 13 34050 0.9721853627028719
7 28 25 6 89253 0.9262639771679823
10 24 16 4 62928 0.9152027299848841
8 26 18 18 42407 0.9100276758252611
26 19 17 15 28775 0.9381114601347209
25 13 6 22 67738 1.0578961674346052
26 15 14 22 44049 1.0427889438519966
27 5 9 13 67072 0.9474031124077233
27 0 20 12 55606 0.9653903061595381
3 2 22 27 103196 0.9204749109939941
20 1 22 29 57771 0.9995687314475366
0 13 19 3 77044 1.0775996641064451
12 18 17 9 38540 0.9731605366943433
7 26 10 3 59213 0.9876604358327257
11 16 27 7 60017 0.9649454745464608
25 24 15 14 44363 0.9551914972672334
0 24 10 10 52252 0.9140653264155284
23 1 19 28 68754 1.0066127840397305
11 13 28 23 73267 1.079440794088894
8 14 28 1 94678 1.0381379648303464
7 12 20 1 54524 0.9904348981593913
1 14 24 9 72096 0.9593410455215923
27 12 6 2 81238 1.0621588092965353
20 7 12 12 32018 0.9633851726354823
10 10 3 6 31342 0.9952770367485464
12 14 4 23 44878 0.9052162721603468
18 11 6 22 57719 0.9053590855063937
25 1 7 28 102912 0.9667856047362942
25 23 5 14 66136 0.9034789090430567
8 20 15 23 33414 1.0506117559344497
29 16 21 4 41541 0.9671929109328413
0 15 23 1 80874 1.0142831862659643
11 19 5 25 32360 1.0932774458773142
15 27 12 11 48057 0.9699948381227244
11 28 8 10 55951 1.0516980104145044
7 10 19 10 46479 1.0243080603485415
1 11 21 23 67054 0.9494002882650528
14 17 9 24 32523 1.0056333886345576
6 17 24 3 73714 0.9977872137617796
24 19 29 25 33157 1.0662351755595412
20 5 29 14 40131 0.9515350629629857
22 16 8 26 54485 0.9812827972252339
21 22 9 7 57123 0.9773545290373553
27 26 19 0 76084 0.9861149717845161
1 11 14 3 56973 0.9257669858132267
4 15 26 17 54841 0.9034526424330734
16 25 3 5 83477 1.046283040347894
9 1 12 22 61742 1.0637192149820334
20 20 9 5 56241 1.0503397865320532
6 0 3 13 56807 0.9183452744672452
26 22 19 17 34947 0.9260873258703287
23 27 5 23 54382 1.0070711947225945
29 3 23 14 54922 1.0685955497046893
23 24 23 3 48112 0.9105474179049073
0 14 4 6 35233 1.016488382627716
5 14 19 18 39292 1.0754612950565314
12 22 0 15 49089 0.9768224098060729
13 9 5 15 38339 0.9463100187395774
19 0 29 8 45931 0.9448713270490536
2 14 15 0 64176 1.077767602075765
6 29 5 20 33591 0.9075567130190343
29 5 18 24 71902 0.9205230973974218
3 8 25 12 60836 1.06294591845114
13 17 3 29 60643 0.961512964150401
10 20 3 14 32575 1.0817261353949397
29 28 14 21 64082 1.0411413863801584
18 10 16 18 31737 1.07796337737287
6 29 14 8 72608 1.0636002287014135
4 8 20 10 42263 0.9535927923892096
12 18 2 28 48970 0.9928663919207764
0 24 2 0 62471 1.0703722736889314
19 1 5 9 58482 0.952774408105862
14 0 15 26 69440 1.022624393331499
12 22 29 18 57900 0.9699521420517129
13 3 23 9 42469 1.0672319174384066
10 25 5 7 53420 0.9217489585859023
3 20 12 17 34979 1.0392106336073734
11 23 2 21 33983 0.9199852046018767
8 16 19 4 59479 0.9572126482007135
23 1 9 6 55476 1.069333068649341
12 27 16 17 40835 0.9917521745542806
19 4 23 28 62374 0.9783482046256275
26 3 29 14 49295 1.090287291816598
10 9 0 8 26788 1.0000332060642856
15 4 22 19 44976 1.081772357265833
19 23 26 7 51013 1.0865779274505383
7 15 3 28 51361 0.9810008782341362
3 18 29 13 69796 0.9803869555696374
20 23 1 8 73742 1.0494209076757945
27 24 18 10 53985 0.964219281546341
11 2 4 24 68786 1.0909757293265343
10 15 9 5 25017 0.9619386995959365
22 27 18 17 31680 0.9836252699439405
14 14 4 12 35488 1.0647507079572038
3 23 12 27 39615 1.0731384517977216
14 5 22 11 33324 0.9928989849112719
20 18 15 12 23964 0.9283925609006007
4 6 17 0 64656 0.9952507358815043
3 19 20 6 65439 1.0948740998085946
10 17 19 26 43960 1.047685159640746
22 29 4 25 56418 1.0256541973506967
10 16 0 2 56483 0.9011085696816189
3 15 14 28 61920 0.9339076827921224
5 11 24 22 75452 1.0547352525016724
10 12 29 4 72346 0.9677024167316395
1 11 24 6 73608 0.9702198197867349
16 12 2 3 58708 1.0233468687268152
14 11 20 17 27529 0.9012041721715612
6 8 26 28 88627 1.0945015210337787
11 26 25 14 58856 1.0196036922832827
19 15 4 19 42749 0.9663778461763427
5 10 28 16 72865 1.0113663677931277
14 21 22 16 33091 0.9481192644506474
20 29 28 1 90829 0.90588552002829
15 2 23 11 37792 1.025378580398945
15 27 27 15 51627 1.061038245256171
25 19 6 2 84762 1.0194336957089905
25 18 7 25 57252 0.9239300962872642
9 3 26 5 60511 0.9184583928548734
7 3 27 4 80093 1.0483916208209125
20 21 12 24 25534 1.0517253553428763
13 13 3 3 56572 0.9873431392810219
28 18 8 23 59319 1.0142315952775445
17 9 22 15 27554 0.9268230332819836
12 7 1 24 65519 1.0510806523634764
0 8 18 20 72934 0.9677349077830351
4 21 0 10 39033 0.9835821154515765
4 1 4 15 42529 0.9342117040867242
26 25 12 19 53257 0.9454206995255142
8 12 20 24 52187 1.0391752721402727
4 5 26 17 77873 1.0658950140895946
15 23 8 5 61382 1.0911136507680255
21 2 13 16 50821 1.0924333488188287
22 18 16 4 47864 1.0230921497361831
11 5 5 26 67061 1.0768852639476887
23 6 5 16 63638 0.9804423963932564
27 9 4 15 69786 0.9608464670399814
17 15 13 27 43260 0.9410194789201369
3 20 23 11 67946 0.9370147860029266
27 28 28 16 56193 1.0116069883855225
29 2 9 16 87250 0.9730517545047717
5 23 26 20 70069 1.0877185965554
0 18 23 3 79362 0.9983173192329905
9 17 23 14 40138 0.9664776101704327
19 6 9 3 45768 0.9930278702555498
26 0 23 19 59029 0.9053509822778805
25 20 12 1 82677 0.9600210830947108
25 12 22 5 20781 0.9258814103841388
26 11 9 11 49705 1.0956795841725502
18 13 28 13 40602 1.0226078313996452
8 20 22 21 46409 0.944638052268744
1 5 7 11 26719 0.9827270131346191
2 16 0 3 36396 1.0062929664465483
9 24 5 2 68967 1.037294821900161
6 29 26 15 79789 0.9116716279304676
17 4 6 25 81649 1.067004179057509
10 6 23 13 44580 0.9759818930003921
27 27 6 1 115970 0.925395862245482
25 1 14 16 62167 1.0029650119459907
0 26 22 3 93934 0.9444698702000082
8 14 28 18 54471 0.9267496618939716
20 14 29 22 47296 0.955744701582941
21 6 5 12 53677 0.9182299228328336
18 20 19 1 55917 0.9670627545540021
6 8 0 26 56393 1.0937572358544962
8 0 18 22 89251 0.925892116909219
27 10 16 17 50390 0.940919644047169
14 9 27 6 45381 0.9470314309511074
14 9 22 14 35947 0.9847746263543797
21 25 0 24 52137 1.0596475541896193
7 29 16 20 48525 1.0509069634024584
7 5 3 13 35665 0.9520611458885898
16 25 28 4 86498 0.9163393317591867
29 12 8 28 93210 1.0798463069358375
28 4 3 20 107271 1.0503931396300497
24 16 14 4 56314 0.9706868937342518
6 23 19 10 70508 0.9326182600866966
21 7 0 6 59395 1.0406009477660354
21 0 27 22 67199 1.017878974747142
20 19 24 9 37487 0.9202388726999634
22 3 12 29 80478 0.9352733334839656
14 18 16 8 28903 0.9894449890515937
8 27 25 8 81265 0.9603295608040571
10 24 15 1 63639 0.9896265127402308
26 16 3 19 59413 1.0211959140771003
17 11 27 8 30134 1.0107911450620137
12 23 2 0 84358 1.0322023334337653
5 24 17 22 34918 1.0838576276490675
11 21 6 29 41437 0.9131502399462865
2 12 18 9 55547 0.9140451459244096
8 24 20 21 36303 0.9706989168617032
10 4 0 16 50308 1.0513052592144747
18 8 14 28 60924 0.9449110199150903
25 22 13 6 67843 1.0526668954048655
14 14 18 23 41207 0.937008296691974
11 21 15 4 55040 0.9605619019633187
3 16 25 28 82936 1.044767719151456
5 28 15 4 82207 0.9902868700898009
26 26 29 1 95891 0.913821247867651
7 22 25 20 57289 1.0366545611125106
17 18 7 27 46330 1.003767551179831
11 2 23 0 68730 1.0224230321685632
29 5 6 16 82964 0.9016709751637046
14 15 22 12 24953 0.960905835116311
4 6 18 21 76958 1.0816766892507097
4 26 16 16 55611 1.0684451603050316
12 28 17 0 97679 1.017113274295744
28 13 17 12 40328 0.9236474278843086
1 23 17 16 54400 1.0362044005209428
11 27 27 1 105812 1.0919643559590593
18 4 23 12 38204 1.0228396391716852
14 18 27 25 48347 1.0023496295023064
15 29 3 15 58135 0.9365500101872105
21 7 10 14 41482 0.9661718443402738
20 9 9 14 36753 1.035002752028862
16 1 14 29 76334 1.0894072861597628
5 1 11 16 57952 1.0836504853808568
1 12 10 1 45621 1.0949358960721969
15 25 16 13 33433 1.0297275889829793
5 24 18 20 48671 0.9182663026969947
9 20 6 12 29847 0.9470176392080748
11 9 20 16 42465 1.0484946754426903
29 5 16 20 69104 1.0337924333889172
17 19 29 25 47839 0.974307905535481
0 24 18 11 68331 1.0057162678545708
18 11 26 1 47603 0.9463847429733462
13 6 15 23 51903 1.085197424878434
3 28 16 27 50126 0.9714580694010135
7 22 24 3 81743 0.9798421281624594
25 10 18 2 42271 1.047808853954825
5 10 19 24 69749 0.9180527649801674
20 26 17 13 39561 0.9135262552115394
28 1 19 24 84360 0.9457770818696439
20 26 7 27 39618 1.0124138137072796
28 10 10 12 61910 0.9358767179659231
11 14 18 4 55950 1.0785788898497128
15 12 24 15 27250 0.9193492093819418
5 5 25 7 58588 0.9434874171306723
4 13 13 18 31143 1.0754064886583556
20 10 8 4 48218 1.0797281247081014
13 4 7 0 42312 0.9837254520674303
28 22 3 18 75014 1.0953343102377613
11 22 20 29 39607 1.0806393955258777
17 3 0 11 64337 1.0059232269975054
1 12 11 18 32869 1.0451087845816098
23 12 12 28 70842 0.9450198847131766
10 21 19 22 42296 0.9766419785651286
21 17 28 7 40226 1.0962237639631356
29 7 13 5 55188 1.007339399565
2 8 7 18 37855 1.0373802619227046
24 2 21 28 63943 0.9121620557992451
19 0 15 27 76278 0.9486601396968671
13 22 7 18 34811 1.0442408102843412
23 26 9 25 41019 1.0941414085475716
23 11 12 9 36663 0.9830102614113675
13 7 25 9 36860 0.9819837654846088
10 11 0 24 50207 1.0189672397144567
25 4 24 17 42144 0.9753808546709055
4 25 26 4 99467 0.9880741359904442
11 0 5 11 43458 1.068592516396702
23 10 26 20 35110 1.0575664306192727
0 16 20 15 49405 0.9270806562161946
6 11 24 24 70437 1.0470756400638517
24 5 24 28 67432 0.9997537067922044
25 3 3 2 87796 1.0607962965573077
11 26 16 14 43668 0.9532018828993395
19 0 28 17 62657 1.0271607719477225
5 14 19 12 44587 0.9219769649626804
13 9 21 26 57266 0.9040745156858414
21 29 18 20 34446 1.0091160507196564
24 20 5 13 63646 1.0249371352376682
18 9 10 11 30833 0.961694916265361
22 21 13 3 61473 0.9592664986672654
11 7 18 10 31334 1.0834254090368738
29 13 0 14 77594 0.9277667342393157
1 25 5 18 24336 1.0786717292956605
16 8 29 10 40739 0.902144305738701
11 7 1 21 55021 0.9712451280112412
23 11 11 10 38732 0.9646271075839468
25 27 20 4 57847 0.923356318857393
28 14 6 7 72055 0.9105355452918603
23 20 6 18 42818 0.9692359304675838
28 25 25 2 76146 0.924617856445592
16 1 15 10 27006 1.0228227017402811
7 20 4 3 57140 1.028546255364595
27 14 12 3 69957 1.0074377301344581
0 11 5 19 29727 1.0655389937246933
5 3 29 18 88310 1.0425787218212748
4 10 19 7 49231 0.9887415172763941
29 21 9 1 93201 1.0816783290553127
1 2 16 11 54968 0.9735686952715236
18 25 18 12 44644 1.0934297874043835
10 17 17 10 33828 1.007162804718962
4 29 24 29 74798 0.9486816949699081
3 0 29 7 95752 0.9529862036118537
19 14 28 1 70091 0.9718468118423084
8 25 25 2 93536 1.0740150794558976
0 21 29 21 88833 1.089318121195926
25 2 4 20 86229 1.0059886394243749
9 5 16 19 48670 0.9452709001785711
0 3 21 21 85558 0.9881939707160404
24 29 1 22 72521 1.012281051329274
26 10 7 28 88703 0.9379749490114199
0 26 16 27 48392 0.9809613213095371
5 28 21 19 63658 1.033260796217521
28 18 8 2 81850 1.070639011415501
1 14 22 19 54966 0.954320659354301
27 2 27 25 85727 1.0073728115439968
11 20 29 11 68514 0.982956005769801
24 17 2 8 70888 0.992752073948511
24 20 10 29 59974 1.0929333991692238
16 25 25 13 49170 1.0962029224018413
8 16 9 27 36390 1.0425469400401748
11 5 25 5 53646 0.9644758779233966
2 16 25 5 73813 1.053511982424969
17 20 23 9 40019 1.081115692698552
23 23 8 28 54562 0.9161950373674883
0 13 13 0 76085 0.9722371322624941
0 6 5 27 65392 0.9715144811387553
5 20 20 8 60730 0.9303541679870084
10 24 0 3 70725 1.039118967485386
7 24 27 22 60009 1.0381185784828189
1 7 28 19 86269 1.0055871667701801
0 14 1 0 37058 0.997621275758407
9 28 10 7 53019 0.9611082693730615
9 29 16 9 67431 1.0251021143050765
22 28 1 10 82003 0.9057305661902018
4 5 10 0 37865 1.010231452149747
3 6 18 12 56224 1.0507011165371014
23 5 5 16 64192 0.991862744555961
9 24 20 2 71278 1.0823830137820414
3 8 29 14 74688 0.9691307815072037
22 6 28 14 35404 1.054784881076333
28 21 20 9 52716 0.960147401211654
26 27 9 19 61438 1.0056488677908813
18 29 0 3 106815 0.975584119563353
10 0 8 19 44903 0.9247056936837961
27 10 14 7 46963 1.0705185369072452
5 28 18 20 62993 0.9772669984671734
13 4 5 19 66690 0.9771920002869025
14 5 12 23 60955 1.0946558291964208
1 19 28 7 87377 0.9444397706531006
29 27 11 28 63750 0.9936656814635352
22 2 17 16 37879 0.9393788385717583
20 13 0 24 67128 0.9744387320772911
23 0 28 10 50670 1.0660034627304644
25 3 12 8 43493 1.0325534066534814
21 20 12 29 47926 0.9256686719958936
17 10 17 20 38687 1.0039000319509843
12 24 8 13 36863 1.0519443596569247
3 9 19 24 80522 0.9533498323738567
2 18 22 23 53855 1.0846329113494677
25 6 21 25 46381 0.9865075850687901
13 16 5 24 44551 0.9213591881595129
13 26 4 17 44193 0.9776807878701418
19 1 21 10 24916 1.071723709947426
16 1 13 28 81678 1.0582767820605088
7 27 22 8 74788 1.0436564011694849
8 17 6 26 32148 1.01093315384607
29 2 12 14 84685 0.9878820234873781
14 28 2 8 81772 1.0678378111579425
11 4 22 7 46437 1.0479683772986457
24 7 18 29 65223 1.0412184412847703
0 14 7 2 53082 1.005446619499526
19 7 10 28 73835 0.9398801976981822
11 7 22 22 55822 0.9184676550165798
5 7 29 4 78311 0.9706235685185172
16 15 19 26 37339 0.9982992133763002
17 18 3 1 79675 1.0462497918109133
11 0 22 12 58671 1.051905982692501
18 21 15 29 32837 1.0743260977433406
29 4 19 6 49060 0.9971417066282424
28 2 22 7 41202 0.9206682840951547
25 10 4 19 68023 0.9708946531127844
15 2 24 29 78201 1.026591601716071
5 29 25 24 66774 1.0504442497678366
24 15 8 22 55798 1.0786192369334378
28 24 16 29 46732 1.0673183429868662
25 3 24 25 63984 1.0197485990999824
5 8 28 10 67655 0.9331119562224218
14 24 29 26 41043 0.9613496299607734
1 21 12 1 72874 1.0637283299004108
17 1 14 12 40352 0.9106387217950844
26 1 12 27 99026 0.9331201315891234
6 26 11 10 54237 0.9655383512610336
20 9 4 5 49470 1.0034562246160867
9 20 21 4 58556 1.0003778667651908
24 14 1 10 69273 1.036370557703283
19 4 21 20 38166 0.9485319660449694
9 18 29 12 60709 0.9914510688273955
28 0 0 4 116774 0.9774664274349358
29 28 15 2 91206 1.0996244472103596
26 28 17 26 31873 0.9382864683354264
3 27 29 26 78823 0.9986542949864654
6 2 19 3 65399 1.0999682910176085
23 0 28 17 58278 1.082427087218625
16 23 8 17 36591 0.9413546411821756
25 0 20 13 42495 1.0121461748140372
27 22 22 6 51133 1.0149709633693522
20 29 0 5 96601 0.9609444580253041
22 19 5 7 62780 1.0460145479094922
6 20 5 8 40914 0.96801040934124
21 13 4 14 44173 0.9396025992586639
9 12 15 28 50225 0.9894077649345643
18 4 1 18 78081 1.0243534746953047
6 24 17 7 67791 1.0617031387038898
15 23 13 1 65640 0.9319913042911961
25 11 15 0 48483 1.0991340152013696
15 4 10 20 45750 0.9342383194196798
8 1 20 1 61260 1.0349307508063004
1 5 18 21 81632 1.078820337048032
15 27 0 12 67415 0.9957311326892551
2 5 25 3 77550 0.9401148880238491
15 25 9 9 49183 1.0813478650135087
28 17 24 27 44930 0.9433522940472556
1 0 0 22 53279 0.9595450344088262
8 16 26 3 74369 1.0805668924456064
6 17 12 4 55582 1.0293719039667915
29 2 18 22 87295 0.996192396390571
12 8 1 6 31126 0.9927377948936849
21 28 11 11 59414 1.0796760615334975
20 18 7 19 31395 0.9041778855721412
23 29 1 22 68279 1.093435340398043
5 22 26 6 85469 1.0305726376940427
21 4 8 18 55059 1.0629954367345895
5 10 20 9 44071 0.9945146371610873
17 29 2 27 54155 1.062330028581406
4 28 21 29 60912 1.010865081460633
14 7 2 13 47582 1.0447416444129263
5 28 6 10 65211 0.9257379299315823
21 17 16 29 43536 0.9188350148717972
10 1 0 3 49399 0.9422149201620869
20 21 5 8 59775 1.0441012005645964
24 24 15 2 66143 0.9014543446954822
16 11 0 15 43953 0.9351187530075461
19 18 1 4 68391 1.0595764042027247
27 27 12 5 93357 0.9097689766848578
15 15 2 19 38017 1.013111478171134
3 4 14 2 62494 0.9683176094662543
26 11 12 2 66230 0.9747367075671834
0 10 6 15 27194 1.0088200510590764
29 16 13 6 61638 0.935705451603246
7 21 29 5 91756 0.9282137394083712
13 26 5 2 81403 0.9359775871171908
10 6 27 16 59082 1.0281119539027648
12 10 17 5 35323 1.048454469972594
27 13 11 6 60466 1.027143984432123
17 13 10 20 35523 0.9273573968483438
23 20 21 10 25551 0.9805140610182431
27 17 3 10 81118 0.9595233387921718
20 19 13 25 33344 0.9752755392518508
22 25 14 17 33875 1.0793382615671716
1 26 28 15 81470 1.0686846764739308
3 5 23 2 74216 1.0324434802103757
10 11 11 26 39440 0.9233572824378624
21 24 0 22 57236 1.027443025028139
29 26 29 11 66875 1.032009247433359
10 25 1 17 39495 0.917461259361909
19 11 8 14 39378 1.050486344483638
17 1 11 11 47680 0.9954896839934794
13 15 26 26 54976 1.0477319716425324
14 16 21 25 36778 0.9151573353380845
9 29 26 18 64288 1.0254857724125304
11 29 23 12 70470 1.078650557578963
19 6 12 12 39092 1.0809736884400363
10 25 4 7 56313 0.9537971138209599
19 6 8 20 64722 0.9547383348303533
0 21 20 3 84340 1.0200061928087059
27 2 21 26 71781 0.9784124898119669
21 13 9 22 47095 0.9872808385923716
17 9 5 0 59484 0.9269053998826201
8 25 8 0 77681 0.9546090199203303
25 29 15 10 67639 1.0508227576994411
0 27 7 12 53575 0.9442779318003289
19 21 24 13 37736 0.9292592107680037
16 27 5 10 71538 1.0693406988872365
9 1 3 7 36719 1.0456752670449048
7 1 11 13 42375 0.9930848444233518
2 24 16 11 62354 1.0822927449369182
18 2 0 9 73631 1.0468395804232988
13 27 14 14 46016 0.9681605016104403
28 29 2 8 110661 1.0541227365013812
15 5 2 23 71262 1.0568975793786126
23 0 24 21 60746 1.0750212627288223
11 15 27 14 40989 1.036018709269329
10 1 18 16 51582 0.9259073987675431
24 16 23 4 37512 0.9942134793477082
27 29 10 4 94072 0.904508292774388
5 4 17 2 60883 1.033144733722603
14 18 27 7 52543 0.9465758188275748
25 4 25 17 38768 1.0699466536511038
23 0 15 8 40122 0.988054211028468
1 29 14 4 91685 1.0963805074950352
9 28 1 4 72942 1.0623761373446254
10 25 16 19 29224 1.0997083036909392
19 10 0 3 71022 0.9216559649033674
6 27 8 1 79765 0.9893032083646106
5 13 25 4 72654 1.028407017764274
16 11 15 23 32685 0.9778216763563558
22 3 21 17 28172 1.0766016549755109
8 10 0 18 42529 0.9301219815186876
6 27 16 21 44047 1.0913536142692992
20 15 28 4 54647 0.9290023763690521
18 27 6 27 42947 1.05902254355703
27 29 5 2 118439 0.9869232750093642
24 9 17 23 58224 1.0077002207172074
11 2 28 24 90146 0.9538354195803109
0 14 16 10 53334 1.0146347168051868
21 11 8 28 70815 1.0946101880955423
25 4 3 8 62259 0.9068329301803054
9 17 3 0 63562 1.0342687146670142
26 1 16 3 53268 1.0165459106806651
15 27 26 24 35555 0.9252527014597177
2 5 13 22 77636 0.9036438130079826
29 10 20 25 60857 0.9440169443168746
11 16 6 9 34985 1.0521283100969057
10 18 23 13 39630 1.0049293912270156
26 20 21 9 34172 1.013961077303759
18 5 6 0 70811 0.9473112210501344
10 22 19 19 35524 0.9526654472464078
29 18 6 15 55651 0.9692159659892008
26 18 27 0 68955 1.0730598435773473
25 20 5 28 75059 0.9075765220494543
22 3 27 24 53083 1.088793587778846
29 4 25 25 77314 1.0477956440960827
11 15 0 27 52929 1.0951944112078258
26 21 20 1 54807 0.9650536247565511
2 24 24 21 65558 1.062612258396832
27 0 21 11 51508 0.9376329265259692
22 14 6 9 52362 0.9962490950257953
5 27 15 7 71904 1.0136966782705148
12 8 4 4 30971 1.0299157987517689
9 10 21 27 59811 0.9728797894245712
26 5 23 25 56462 0.9780341222396693
26 22 9 14 58732 1.0625819093737157
22 9 8 15 41199 1.0479141786005872
27 7 2 11 73575 1.0779793154518669
15 23 4 27 36363 1.0776454021827508
3 14 18 13 49287 1.0393556951641152
8 28 13 14 52207 1.0681171753782905
28 13 23 6 38166 0.9816928178129858
4 22 23 1 88757 1.0212964210234203
13 18 25 22 37111 0.9165317971405094
7 9 23 29 79693 0.9194861770606407
16 13 25 12 32588 0.9288255053094785
18 15 10 11 28001 0.9389755168729276
26 24 13 0 91786 1.0124446539724483
16 24 13 8 45450 0.9954221593450852
26 26 5 5 94599 1.085597596351875
19 11 3 21 66817 1.0498251744385247
26 3 19 26 68250 1.0271673135456272
4 2 22 17 76832 0.9949651711391132
15 29 3 15 58135 1.0662793170968463
21 0 9 1 61964 0.9200983528879146
29 16 22 22 31453 1.0120754823420182
4 24 16 28 40642 0.9823610567695422
22 23 26 8 38826 0.9023857441712724
3 12 27 20 79105 1.0944226661851728
27 9 23 1 36522 1.0802347669077017
20 28 23 11 40565 1.0078031457518528
24 22 0 12 79237 0.9312000530149901
7 18 18 22 44991 1.007122464844676
21 17 28 29 49595 1.0233469564828332
18 23 25 12 45230 0.9960913728684271
18 3 15 26 68290 1.0804211818322322
16 23 15 8 40543 1.008600831870296
6 4 2 13 40939 1.041911214982971
19 24 29 20 44960 0.9997309797296957
4 4 8 27 75870 0.9829894701664957
16 21 0 4 81462 0.971136390619614
29 18 4 7 78529 0.9363360671284771
26 21 15 22 43437 1.0767427448989157
22 22 14 1 64684 0.9018473045598386
27 8 13 3 49171 1.0225265628131741
28 11 11 12 52791 1.06759424418228
28 25 20 6 59874 1.0001739128436047
17 10 16 27 53088 1.0305329541634438
11 23 22 9 58020 0.9715128345942708
10 26 5 3 68643 0.9459765665900399
9 3 3 23 65828 1.087878558231162
6 7 24 17 65177 1.0531047665579516
16 13 10 24 41156 0.9504527578685587
22 0 25 14 36936 0.9346007468718531
8 14 29 15 50595 0.9473723196251309
19 22 24 16 35559 0.9290809864443195
21 24 10 15 41941 1.0557927048702727
14 22 23 2 65926 1.092044821157003
3 0 11 5 53513 0.9126776851604735
0 29 3 19 31797 0.978149976513904
9 12 19 15 28306 1.0273003487342405
13 12 27 12 44378 1.0567008776688778
11 26 18 18 35894 1.0685644827894996
2 10 13 6 43074 1.0453655174196477
16 8 27 21 57710 1.0727720113073667
11 8 24 16 48220 0.9303947960822232
19 15 0 1 77081 0.9710704693186365
19 18 0 19 44894 0.929869204850643
3 13 28 1 108293 1.0841669135841399
28 3 0 27 123797 1.0325653094491936
0 25 12 21 53224 0.9113336501516853
12 6 9 27 64589 0.911452211463976
26 29 24 12 55947 1.0091977766537634
12 4 18 9 42240 1.021348795416449
22 4 8 24 70820 0.9037844905652781
16 1 22 10 44081 1.0310537593184588
2 4 15 26 84057 1.0413817918559092
10 1 18 20 64765 1.0996129469290497
28 20 4 9 87684 0.962710790658613
16 9 3 22 67700 1.0358677571429622
26 9 11 14 54602 0.9421452279756426
10 12 3 20 39594 1.081678535546722
16 19 22 27 34115 0.9830746310900725
12 18 29 19 41468 1.085088349004058
15 7 21 12 22178 0.9670447598338957
8 11 24 25 70372 0.9935741632373984
7 2 29 8 70138 0.9032857700126428
13 1 2 23 88039 1.0121382156885639
6 12 19 27 71165 0.9040226015434056
2 21 10 12 40103 1.011006545997682
9 22 15 9 44756 1.078052260988513
27 16 17 10 40339 0.9450850469930865
3 3 0 15 38005 0.9412094295497173
19 0 4 8 62047 0.9136198331919937
22 6 5 20 66873 0.9158807463170909
14 9 23 19 46316 0.9856143400025779
16 20 2 17 41837 1.0656384455596482
2 14 17 28 69457 1.0160117556595891
17 18 16 0 54162 0.9585239343490926
15 4 7 26 69105 1.0670627055035276
5 20 15 6 55266 1.061244616914541
5 0 24 29 114856 1.0792026642229273
14 2 5 29 97085 1.0482155279670569
27 13 5 2 85901 1.0189213089696751
25 6 7 0 70262 1.003377097028535
21 1 28 18 50428 0.9571910221127587
