4168 4698 4770 4410 4404 4343 4392 4516 4253 4154 4774 4069 3927 3764 4718 3887 3785 4716 4411 4562 4436 4569 4771 4790 4261 4433 4454 3988 4086
3645 3189 3728 3209 3236 3481 3559 2902 3485 3571 3746 3612 3428 3563 3830 3470 3046 3823 3601 3560 2993 3383 3804 3631 3789 3673 3282 3172 3328
4838 4359 3975 4605 4812 4376 4765 4636 4097 4457 4198 4210 4608 4780 4592 4619 4522 4129 4690 4369 4023 4068 4084 4782 4433 4801 4825 4402 4922
5017 5283 5318 5066 5712 4892 5143 5861 5405 5461 5658 5217 5755 5131 5477 5075 5223 4951 4901 5310 5712 5111 5639 4849 5761 5277 5095 5181 5072
4556 3984 4323 3533 4310 3800 4304 4033 3544 3657 4316 3957 3537 4050 4454 3883 4142 3751 3849 4047 4549 4334 4008 4435 4479 4403 4559 3837 3858
3572 3257 2988 3386 3838 3542 3494 3616 3238 3919 3346 3440 3394 3174 3395 3616 3463 3341 3046 3116 3913 3747 3571 3739 3328 3516 3844 3158 3349
6315 6311 5888 6140 5902 5818 5602 5550 6449 6348 6040 5970 5833 6064 6233 6186 6208 6297 5906 6397 6407 5511 5523 6066 5956 6134 5568 5790 6102
3079 3157 3452 3651 3655 3908 3668 3399 3131 3791 3375 3919 3461 3368 3977 3298 3437 3886 3813 3492 3113 3086 3286 3701 3741 3014 3142 3976 3455
5262 5676 5687 5628 4952 5237 5564 5193 5455 5751 5292 5984 5990 5409 5120 5139 5191 5980 5086 5127 5136 5657 5403 5746 5309 5791 5363 5285 5712
1714 2315 2231 2104 2284 2337 2314 1313 1358 2159 2307 1874 2015 1750 1912 2340 2017 1705 1926 1913 2106 1700 1680 2015 1822 1659 1372 2337 2267
4914 4524 4905 4910 4103 5038 4769 4257 4932 4861 4993 4684 4446 4210 4086 5021 4899 4042 5041 4187 4879 4680 4369 4869 4243 4038 4084 4439 4039
1985 1930 2061 1366 1501 1988 1841 2167 1683 1501 2050 1687 1497 1526 1613 1914 1533 2111 1423 1676 1821 1766 1969 1434 2192 1409 1967 1654 1253
7501 7688 8018 8353 7699 7868 7569 7794 7999 7495 7976 7399 7448 8074 7712 7319 7974 7999 7588 8383 7539 8280 7466 7689 8354 7782 7481 8072 7674
4009 4270 3891 4631 4316 3828 4186 4250 4608 3926 4474 4469 4602 4678 4310 3742 4364 4126 3875 4388 4267 4753 4225 4338 3980 4301 3839 4693 3773
6512 6507 6745 6469 5727 6081 6281 6697 6398 5744 6366 6324 6693 5825 6621 6231 6410 6323 5818 6066 5985 6156 6731 5887 5794 6402 6303 5748 6010
6508 7227 7072 7313 7466 6570 6796 7197 7128 7050 6939 6758 7463 6896 6973 7585 7247 6888 6698 7019 7589 6987 6819 6710 6566 7477 7449 6559 6558
8156 8541 7765 8213 7533 7900 8495 8309 7770 7981 7634 7791 7505 7626 7788 7662 7850 8177 7943 8105 7530 7925 8320 8082 7525 7673 8154 7492 8477
8427 7641 7727 8606 7787 7617 7964 8263 7881 7912 7870 7688 8247 8529 7871 8088 7733 7631 7711 8509 8098 8051 8338 7964 8593 8397 7791 8588 7842
2743 2642 2748 3002 2593 2374 3016 3231 3083 2788 2776 2658 3300 3144 3070 2962 3052 2864 3177 3227 2889 2530 2386 2767 3066 2572 2823 2954 3208
5417 4632 5307 5430 5468 5410 5258 4501 4482 4774 5516 5333 5070 5456 5045 5281 5165 4912 5251 4952 4847 5354 5331 4967 4528 5111 4489 4604 4775
6140 6056 6352 5959 6509 5780 6642 5745 6455 6564 6281 5661 5806 5753 5816 5710 6282 6054 5976 6651 6067 6047 6075 6011 6341 6181 6628 6123 6336
5517 4842 5652 5711 5143 5588 5303 4956 5675 5512 5337 5411 5326 5442 5080 5740 4977 5439 5622 5136 5125 5629 5265 5641 5323 4951 4935 5887 5656
6432 6721 6038 6244 6154 6899 6499 5968 6567 6610 6604 6610 6571 6391 6419 6960 6958 6205 6244 6481 5983 5986 6260 6933 6846 7015 6739 6084 6968
2821 2841 3185 3267 3406 3007 3429 2760 3288 3052 3435 3544 3169 2801 3431 3546 3026 3309 3272 2745 3022 2846 3011 3020 3180 3494 3697 3581 3067
2874 3093 2658 3012 3139 2673 3379 2957 2630 2680 2728 3009 2757 2802 3542 3332 3670 3186 2902 3617 3210 3387 3515 3545 3075 3620 3353 2919 2619
3420 3289 3350 4050 3212 3641 3886 3311 3794 3653 3198 3968 3843 3298 3216 3700 3611 3233 4038 3051 3046 3890 3113 3149 3574 4074 3932 3802 3601
7232 6645 6905 6867 7293 6617 7405 7430 7444 7475 7356 7344 6717 6586 7037 7523 7227 6642 6594 7544 6757 7514 7437 6846 7398 6692 7540 7580 6879
6643 7024 7161 7136 7559 6737 7084 7098 7418 6797 7537 6941 7074 6825 6703 7414 6783 6912 7217 6900 6756 6890 6942 7159 7047 6618 6800 6904 7598
6931 6601 6786 5922 6236 5979 5976 6539 6184 6019 5855 5886 6863 5880 6069 6873 5916 6523 6865 6596 6208 6241 6184 6573 6475 6342 6540 6771 6378
6921 6689 7708 7217 7378 6954 6870 7703 7753 7255 7528 6938 7387 6715 7040 7304 7431 7755 7188 7130 7392 7217 7189 7037 7055 7352 7228 7072 6990
4876 7093 7383 3650 2717 7481 3305 1575 7208 6433 6680 3592 6437 2217 2345 3222 6591 2557 8298 2477 8441 4111 6201 2230 3314 1614 7384 5841 5722 6971
4505 7526 7419 3137 3058 7774 3255 2251 7222 6904 6580 4087 6351 1796 2013 2714 6793 1801 7757 1699 8963 4712 5676 2570 3286 1702 7973 5713 6141 6940
4441 6833 6567 4114 2703 7828 3559 1288 6750 6911 6301 4030 6781 2315 1994 3081 6345 2222 8286 2353 8955 4920 5957 1821 3311 1923 8307 6115 5782 7354
4730 6669 6720 3823 2176 7196 3215 2266 6807 6683 6265 3746 6905 2619 2169 2897 6786 2141 8110 1906 8366 3976 6204 2630 2886 1380 8042 6222 5763 7336
4964 7046 7190 3819 2211 7377 3197 1968 7557 6761 5814 3832 6479 2596 2435 3200 6766 2279 7888 1968 8438 4723 5238 1967 2339 1829 7818 5707 6009 6544
4101 6710 7270 4162 2146 7492 3649 1975 6903 6832 5811 4610 7193 2082 2347 2878 6592 2616 8180 1993 7923 4891 6209 2165 3306 1937 7489 6008 5179 7126
4356 6984 7080 3517 2926 7223 3230 1613 6660 6302 6407 3872 7302 1855 2904 2371 6909 2803 7812 1700 8562 4097 5270 2150 2740 1292 8394 5687 5621 6631
4332 7721 6580 3452 2843 7761 3566 1418 6692 6870 5824 3683 6836 1701 1882 2708 6776 2106 8044 1665 8944 4205 6236 2344 2978 1515 7850 5852 5430 6399
4702 7019 7022 3471 2822 7534 3335 2131 7142 6367 6517 4163 6585 2084 2691 3271 6521 1768 7990 1558 8049 4600 5764 2676 2665 2049 7511 5287 5897 6798
4946 7644 6487 3283 2934 7610 3469 1807 7176 6234 5981 4108 6547 1926 1909 2864 6226 2731 7824 2396 8617 4316 6276 2437 3049 1992 7769 6172 5650 7184
4629 7398 6515 3388 2813 7113 3103 1590 6815 6289 6666 4401 7245 1854 2949 2460 6583 2703 7698 2080 8311 4600 5548 2157 2618 1214 8350 5732 6129 7043
4543 7452 7026 4091 2689 6954 3222 1276 7682 6367 6087 4152 6389 2267 2443 2849 6346 2212 7985 1572 8517 4540 5553 1879 2434 1771 7905 5271 5793 6427
4361 7016 6458 4195 2967 7606 3728 1381 7566 7160 5776 4126 6411 2612 2300 2735 6911 1995 8438 1998 8239 4445 5853 2022 3235 1994 7884 5375 6178 7449
4793 7399 7036 3535 2199 7809 3769 2237 7609 6413 6267 3847 6545 1799 2320 2478 6279 2313 8507 2363 8758 4766 6044 2221 3243 1989 7981 5747 5292 7263
4428 6772 6974 3793 2505 6898 3475 1572 7257 6976 6282 4163 6619 1621 2407 2600 6429 1991 7562 2012 8120 4888 5579 2218 2636 1135 7789 5864 5189 7170
4053 7213 6777 4097 2929 7689 3116 1280 7492 7217 6811 3927 6837 1688 2882 2702 6602 1921 8487 1754 8768 4507 6052 1997 2584 1885 7702 6274 6184 6848
4942 7563 6497 3783 2205 7123 3284 1612 7432 6763 6026 4649 7216 2269 2733 3003 7004 2734 7536 1540 8584 4970 5611 1928 2757 2074 7778 5701 5913 6656
4277 7301 6558 3803 2886 7289 3519 2048 7266 6704 5970 4407 7099 2001 2614 3227 6283 2784 8182 2005 8414 4792 5432 2416 2637 2069 8457 5859 6181 6857
4350 7579 6741 4090 2401 7280 3354 1335 7513 6335 6574 3892 7109 1819 2909 3253 6285 1814 7698 2214 7965 4872 5330 2508 2649 1239 7420 6317 5393 7385
4480 7111 6619 3914 2622 7585 4059 1512 7120 6984 6323 4576 6589 2186 2441 2883 6474 1750 8322 1531 8483 4283 5324 2402 3150 1171 8360 5921 5353 6990
4899 7019 7176 3465 2868 7582 3863 2224 6712 6818 6403 4302 6857 2211 2206 3140 6946 2625 7696 1567 8256 4980 5257 1687 2979 1961 7821 5932 6218 7043
5101 7319 6976 3656 2456 7277 3193 1323 7065 6822 5844 4389 6656 1644 2227 2760 6861 2577 7608 2330 8291 4169 5398 2034 3118 1748 7564 6244 5516 6566
4492 7334 6874 4114 2770 7894 3949 1490 7392 6659 6188 3680 7045 2599 2082 3030 6235 2111 7881 2349 8079 4146 5774 2503 3246 1304 7983 6019 5599 6800
4593 7442 6844 3421 2193 7064 3392 1992 7491 6737 6073 4401 6425 1978 2850 3187 6923 2476 7627 2529 8531 5030 5724 1837 2243 1910 8328 6310 6040 6484
4465 7174 6464 3802 3037 7728 3997 1317 6734 7147 5921 3625 6403 1865 2626 2375 6967 2393 7872 1505 8795 4596 5880 2059 2912 2060 7628 5294 5968 6669
4260 7279 7313 3849 2553 7474 3785 2262 6830 6196 5811 3931 6461 2527 2162 3202 6617 1728 8549 1791 8219 4089 6120 1825 3068 1954 8280 6003 5362 6493
4942 7626 6921 3208 2993 7117 3685 2313 7416 6270 6728 4607 6682 2171 2733 3070 6896 2715 8203 1833 8594 4717 6251 2719 2872 1675 7448 5581 6185 6746
4146 7474 6705 3308 3005 6954 3596 1634 7339 6865 6753 3851 7231 2432 2087 2669 6705 2805 7603 1580 8914 4079 6147 1872 3082 2049 7391 5513 5935 6988
4171 7690 6827 3442 2373 7624 3714 1533 6810 6892 5724 3712 7371 1879 2267 3218 7015 1792 7691 1911 8878 4107 6093 2324 2364 1815 7734 5635 5418 7023
27 11 5 20 69251 1.0376380489037054
20 3 7 26 71718 0.9807416682914127
6 20 27 6 70456 0.9691159133551493
9 9 17 21 46407 1.026960447906255
17 26 25 9 73318 0.9094763415269886
1 3 19 8 49034 1.0081321270557355
15 13 3 8 39513 0.9675560336996433
19 21 25 6 60903 0.9971801106609328
16 5 4 24 71370 0.9798841550982631
29 19 19 21 28725 1.0185884923399307
17 20 12 8 45968 0.9405208228249202
16 28 22 5 93205 1.0509336268168161
13 9 3 25 54048 0.9557773134288471
19 29 23 23 31363 1.0486039896084391
0 7 24 21 73178 0.9261486273992152
27 20 2 29 82732 0.9912329903026045
25 24 7 17 49831 0.9022393184135314
23 26 17 5 76566 0.9820434360580181
18 6 24 17 42999 1.0439234909017734
22 23 9 28 35512 0.925532576920772
17 2 7 14 52385 1.0638816352268983
17 19 26 15 33192 0.9396621231222391
14 1 24 14 67668 0.9447283051711518
20 27 27 0 108265 0.9746182240431156
20 4 27 20 67702 1.0091613472712
9 22 28 26 45053 1.026275187269881
29 24 2 9 95179 0.935882943228678
27 21 21 26 33908 1.084561841478527
29 2 21 8 47281 1.0010345531584723
20 24 2 25 36799 0.9487586967549664
3 12 29 2 91859 0.9570043848786739
21 19 9 21 27051 0.9680898068996104
28 15 18 25 52182 1.0462006022227137
21 21 9 0 68218 1.061357226306235
20 16 26 9 45258 1.022056897470291
6 14 8 29 43046 0.9000367874492553
20 20 6 14 44569 0.988995144788724
15 1 8 12 55602 1.0325021454682146
29 21 6 29 80372 1.0838154895913856
0 17 24 9 69546 0.992753340506527
22 0 8 27 88825 0.9887221821246633
5 8 10 2 27980 1.0165004218215632
1 29 14 8 73442 1.0442643859011622
16 0 15 10 54652 0.978349766066654
16 13 14 25 36719 1.0355813568922583
27 29 18 25 40041 0.9888296221840944
26 12 3 6 66242 1.0048659559072601
14 15 19 2 53574 0.9419852295538668
8 1 0 26 74190 0.9497997459280109
18 29 1 26 44980 0.9730702871893889
26 12 3 5 71134 1.0780931525391098
13 23 3 3 62360 0.9836841231201781
14 12 29 27 80732 1.0968206593436742
21 19 3 8 59890 0.9805329999310111
0 1 26 6 75180 1.080938959416845
8 8 19 21 54987 1.0894819934963857
0 15 12 16 39926 1.098565712422236
6 12 17 21 49525 0.923912619523452
12 20 17 5 54745 1.0288416401798723
7 1 17 7 35326 1.0271375787958843
7 9 17 6 30798 0.9439161428034731
11 28 5 17 32396 1.0713618789837753
22 18 12 26 47302 0.910260973385074
9 29 19 8 59646 0.9737793860138337
19 23 12 4 53145 1.0448791833523094
8 1 9 28 59884 0.9184811300048144
5 13 12 23 30733 0.9763479888246951
20 8 14 2 40314 1.0537913205720706
10 15 28 14 44438 0.9072737743428448
21 27 27 5 88296 1.0276314018813695
22 25 21 2 84192 0.9365397696183344
1 0 9 29 80504 0.9835219338128118
3 9 14 5 42727 0.90101908381522
6 26 20 18 48019 0.9559307583806598
11 7 6 22 43365 1.0844843939320759
27 2 7 9 64981 1.0859236419981269
0 28 11 13 52300 0.9969109890443429
13 0 1 17 61696 1.071153865724055
18 21 8 16 34426 0.940136296309608
13 2 3 7 33641 0.9884320499566777
23 29 22 3 87519 0.9495642686330232
25 29 2 23 62515 1.07645686037357
19 6 6 27 67952 1.0839972412518164
29 29 8 3 107915 1.0160702912734587
6 18 23 27 52802 0.9032743361589337
28 21 20 28 52882 1.0941746616327879
25 10 24 21 38850 1.052349396357174
24 14 4 26 66705 0.9023086677513978
14 17 9 3 36127 1.0793405214148948
1 17 10 26 38633 0.9195828482088884
24 9 13 26 66498 0.9027904033632503
28 8 25 0 37596 1.005934653962377
3 15 9 8 30101 1.0143226588703518
29 12 28 1 72747 1.032512513773717
20 19 24 25 25980 1.028427491501633
26 8 1 2 67811 0.9855457920893521
24 18 18 10 37501 0.9833430139650242
4 8 16 1 59180 1.0921715955044262
0 2 25 2 80849 0.9919380094616307
28 10 17 23 71753 1.0250052129708773
5 29 12 15 44554 0.9578496032822037
5 18 22 19 35324 1.0828642053424928
3 19 21 21 44083 0.9676521000975116
22 17 10 6 46831 0.9891771403320562
9 21 19 15 37047 0.9619725445225101
0 10 16 2 66977 0.9430992534308161
9 19 24 0 67291 0.9610386653151659
27 14 4 6 64143 0.9257383079330411
27 11 20 19 45538 0.9335084615851762
1 25 15 6 61658 1.0746522997866166
5 7 18 14 38520 0.9097965393171692
9 21 29 0 93294 0.931353218132885
12 12 23 29 63043 0.9375544841538717
9 14 9 26 22795 0.9481615043151485
25 6 9 20 53579 1.0879125650646035
2 9 7 18 46906 0.9907913923113989
3 12 26 27 81769 0.9171891671714303
28 13 14 3 60609 0.9075959530871945
2 21 23 11 67560 0.9574571859273059
3 21 23 5 72363 1.040961931521684
13 16 14 7 27944 0.9018812541640063
12 25 13 8 40241 1.0640885895887908
23 5 8 5 40009 1.0932974298251634
18 1 28 14 55157 1.0855005932482025
4 6 3 28 72876 0.942714598965037
10 3 15 14 31665 0.9416320667124314
12 6 9 18 29152 1.0938156817594522
3 27 17 27 47751 0.9449713896000875
13 21 3 28 45107 1.0462927077648163
16 29 3 26 56472 1.052952308642278
18 17 7 27 43069 1.011706258006397
23 28 5 26 44627 1.040169786025877
25 0 5 28 98655 0.954167303676581
19 10 1 10 54763 0.918007837810561
17 17 11 12 21249 1.005043947388031
17 4 9 7 24221 0.9400695328168498
19 4 13 19 46065 0.9403906488646828
25 24 12 5 70230 1.047803603233
16 3 25 19 66147 0.996527595088625
3 11 20 1 74269 1.0852443921327959
20 18 11 5 46568 0.9935184592162755
24 6 1 25 73057 1.0282322967072175
0 26 29 21 76264 0.9970982105253352
5 13 2 5 35616 0.9593635946300318
17 3 27 23 80008 0.9986536687158025
2 14 15 3 54169 1.0456503671361617
16 5 27 0 53238 0.9010391723777044
12 6 26 7 29924 0.9051647316805046
29 24 0 27 66161 0.9426280739866995
6 11 25 14 50674 1.0320019252432377
26 14 14 8 47171 1.0419995937535504
29 0 12 25 97428 1.0968885780765307
21 14 29 0 68661 0.9677986634734311
0 21 20 19 46971 1.0909346687501673
4 22 19 9 68524 0.954028003615232
8 22 19 22 34435 1.0268430077107475
20 26 20 10 64432 1.047464871547734
12 12 20 6 36372 1.016227384524048
25 17 29 6 48380 0.9543502044088338
7 4 19 10 42495 1.0076570354759562
27 23 20 14 43163 0.9608867912795185
24 17 4 19 45212 1.0154118411721254
19 29 22 14 60290 1.0330151512846433
0 27 13 2 77770 0.996988978592648
25 11 12 27 65710 0.948179452076069
10 24 16 12 38896 0.9314821558198015
8 11 2 16 33983 1.0287571361065437
29 5 28 22 84832 1.092243935702852
19 12 4 7 44233 0.9808553502869269
27 19 20 24 31517 1.0986781726543433
13 5 7 14 31359 0.972665909060228
26 8 0 21 82978 1.0393921645697142
26 3 12 14 55690 1.0515896142451333
28 5 8 25 77581 1.0602716765235662
7 28 19 11 61987 0.9439850013129233
5 11 20 29 77662 0.9136000400051382
18 8 6 20 51138 1.0653078634151307
17 21 4 20 41559 1.0101725726286854
6 1 15 17 58634 0.930014549328344
29 5 3 6 64076 1.0447895780498833
7 6 21 26 64416 0.9255991767195536
0 2 29 12 95752 1.077328350086749
11 17 0 18 29740 1.0409608409177697
4 26 5 9 57732 1.0401752388368337
3 14 15 20 42844 0.9141086638716256
22 9 16 18 56241 1.0183027788030854
18 19 17 9 36495 1.0293860746115793
6 4 12 15 35496 1.0662594076784602
15 17 29 7 56023 0.9880276762436679
16 21 3 12 57926 1.0923143571335343
16 27 4 15 61459 0.9774226655170452
15 14 7 17 23838 1.0013025545280876
1 22 8 26 28593 1.086824657385801
26 29 24 10 71158 1.0219779954056836
14 18 20 4 54426 1.0239399064062231
5 4 2 29 82459 0.9003583185630899
23 17 26 26 37021 0.9918312046952763
13 28 11 6 50002 1.0311714381410946
0 24 28 9 95802 1.078820819118076
25 24 15 7 65913 0.9006909380368882
20 21 8 26 43424 0.9266547983438145
9 26 25 4 69766 0.9508120684556012
10 3 23 14 48186 1.05064995535267
17 29 0 5 91511 1.0002225766958015
19 26 0 19 51028 1.0092351282521124
4 22 24 20 55671 1.0285190580692884
27 8 24 27 76507 1.0752649381951946
16 24 4 6 60309 1.0964206924239122
14 2 17 13 48103 1.0055292182783817
1 28 12 27 35607 1.0068155128179133
0 2 16 14 64675 0.9867445309511473
20 19 27 10 52737 0.9998384627637569
18 24 21 1 81983 1.0293084721798484
29 14 27 6 43846 0.9841001449743556
9 25 18 9 49963 0.9444289881231197
21 27 19 13 51210 1.0168310873251478
21 23 26 6 63273 1.0666849050416767
25 6 2 18 68933 0.9576050129551742
26 1 9 24 85751 1.050298427648147
21 4 7 28 75745 1.019816810071375
16 23 3 18 37736 0.9757661669765121
6 3 24 20 72962 1.0739054945704376
4 25 4 0 78373 0.9700526293702045
2 14 20 18 51908 0.9635043847754327
14 27 25 29 46670 0.9769931512998139
14 7 6 3 27770 1.0701795473685922
7 29 6 15 44725 0.9228617297412066
21 25 0 0 96081 1.0368081331210453
28 7 8 1 52809 0.9660036419815899
12 25 19 0 68208 1.052754463745289
8 19 22 22 42838 1.0038902890285442
4 27 22 7 70153 1.0405026440129514
12 23 6 18 24416 0.9139895319612489
13 3 0 11 50585 0.9326562584478604
27 6 11 22 59923 1.098524110181076
16 28 18 0 92531 1.0292065067188692
20 0 23 14 57881 0.9679571793384646
9 10 23 10 36617 1.0049446514323863
27 0 18 3 43616 1.056244749174659
2 20 1 9 41758 1.0648396165859744
4 5 19 19 56769 1.0604093989180805
16 23 0 23 35484 0.9012363226335505
4 19 28 17 54853 1.0311756317131304
29 29 17 27 58782 0.9973490299908728
15 4 0 25 65700 1.048268743641223
11 16 8 8 25688 1.0896592818103472
14 2 29 7 50657 0.9086484262790994
8 8 20 20 54395 1.0022402723159327
27 28 18 23 40581 0.9371901840229777
4 16 19 1 71099 0.9773321868794578
5 16 1 4 49187 0.9913451534094324
14 6 27 12 52768 1.077266433714873
8 26 21 6 64389 1.0495348831150682
16 6 26 28 89284 1.09127189420132
16 27 1 16 63456 0.9025560605326765
4 18 12 16 28622 0.9861133943441438
18 15 8 16 33328 0.9370604074456391
2 14 2 29 61338 1.051485950279965
25 5 16 13 40826 1.0448831584654432
6 25 12 3 50412 1.0670191085255203
29 25 12 12 60667 1.086190472226302
5 19 5 9 34134 1.05710719749502
5 21 11 15 25402 1.0080874563304643
16 10 3 23 66911 0.9583661371375742
8 26 1 23 24789 0.9611786628864011
7 3 28 7 48167 0.9678881697224798
14 4 7 25 51518 1.0168346124833891
0 18 12 16 37619 1.0951498925857015
12 17 21 21 34563 0.9905178032407842
23 7 15 20 54959 0.9198047397465079
7 7 5 15 28866 1.0870040676549855
8 19 6 9 37841 0.9599733505343193
29 29 21 20 65602 1.0189581343276704
3 13 10 7 25770 1.0614481269079625
19 23 13 18 27089 1.0562648011670253
25 26 5 12 64258 0.9494046970595242
9 6 29 8 43755 0.9875093625044917
8 16 15 9 47228 0.9254180345578623
5 15 1 3 48780 1.0304923736510392
1 19 24 1 79259 1.0082883772463516
14 11 5 16 36996 1.0084642780497295
11 12 29 19 46001 0.9955232592225471
17 29 5 11 70645 1.0448809223069635
14 26 29 22 47013 0.9147008555474142
13 4 13 16 34036 1.0799138085542586
8 11 25 19 49221 1.0452065805702522
27 5 24 28 85846 1.0807899860415373
9 15 17 12 27945 0.9609303474288257
29 22 16 15 59725 1.074353101600596
13 13 1 16 35466 0.9114816909543224
17 13 18 27 42530 0.9430971008009652
16 16 22 5 57734 0.9459989917857001
19 10 13 27 62448 1.0391432449379556
3 9 5 27 69507 0.9585222616359377
15 11 17 23 49089 0.9780171575897667
23 2 10 9 45723 0.9973235800965754
11 17 6 26 28588 1.030206588923707
16 8 5 20 51268 1.0771242184399645
9 27 8 14 26858 0.9427943260113608
23 27 29 2 100659 0.9782798366316787
21 13 3 26 59936 0.953045773198002
10 20 3 17 23927 1.034903657530599
8 1 1 22 68058 0.999013190751505
25 13 18 16 23478 0.9575995687010171
0 15 16 5 65065 0.9362907932819211
29 21 18 8 68536 1.0303828556350276
6 12 29 3 76932 1.0946641393217023
16 28 7 22 47442 1.0334380624111068
16 21 26 6 70847 1.0329574610409982
28 4 14 16 69906 0.9045243741669478
6 4 28 6 53707 0.9089787569331017
10 27 3 1 80841 0.9766317430073158
3 17 20 25 47113 1.0085993333958418
13 20 8 9 36580 1.0845508425830215
26 21 28 6 61388 0.9706355701288576
2 3 24 21 86060 1.0291321785964094
12 17 27 8 53655 1.0368747748927725
1 7 6 19 42509 0.9203048120088443
15 17 25 7 48281 0.9434649532885491
5 6 15 1 50637 1.0072239877992102
28 19 18 22 27875 0.9131052168444237
0 12 13 2 56430 1.0822532044825242
21 3 1 26 85060 1.092017047213552
18 11 9 5 31332 1.0938537933598889
7 4 10 19 37672 0.9459888116979587
2 19 6 29 48161 0.9273431009708719
17 15 20 29 57578 0.9524846443040939
14 14 20 0 58528 1.0984445465440351
12 13 24 11 30193 0.931206543051961
9 27 13 17 24836 1.0162040301819222
8 13 10 23 23570 0.9964011236875734
21 5 1 18 70992 0.9338212699047825
25 6 21 15 35964 0.9070468993141206
19 10 22 22 57955 0.9040234033600345
8 29 6 9 61952 1.0604470518858842
7 10 20 18 50474 1.061886467092501
20 4 8 24 61623 0.9525119448320449
1 10 27 7 55439 0.9655101125685728
7 2 29 12 78351 1.0028484644304194
2 12 7 3 45590 0.9010543187805892
29 22 21 27 38963 0.9207409636918764
14 16 3 6 47928 0.9163576427136866
1 26 2 8 68507 1.084206189185846
15 15 0 29 63909 1.0164742866502146
24 13 25 22 30926 0.9902087628049617
3 5 28 26 92696 1.0749249778543
24 8 27 1 40204 0.9960054562948796
9 22 23 15 46583 1.066977773125387
16 29 15 1 106159 1.0347124619144974
12 26 27 19 51065 1.0381700934688365
0 22 22 2 97274 0.9500426861813464
12 17 2 7 35439 1.0672189211889984
17 20 4 20 37155 1.0966847129226431
4 12 22 1 73979 1.0209900316602196
10 26 25 2 77452 1.0297019556694236
26 21 29 0 90698 1.088529423253307
22 16 9 26 50732 0.9683251361069414
18 16 1 20 45215 0.9453150104387948
26 20 3 22 67647 1.0139773906803509
24 26 26 0 89717 1.0231253292423321
14 7 21 20 49291 1.0124527590977364
16 4 23 23 70794 0.9974731008321401
25 5 13 18 55630 0.9771972201895213
17 7 3 9 35392 1.0073756747409643
27 0 11 13 66362 0.9425637099574358
2 28 17 12 70640 0.9136181487484714
0 1 12 6 49670 1.0826613021197558
2 12 7 22 44424 0.9339677930711864
14 4 14 17 36876 1.013920290036638
1 0 8 26 80709 0.9796117262907857
3 23 28 26 57305 1.02817520475541
3 1 3 24 86100 1.0409142517809473
17 2 22 22 80774 1.0979179574171927
23 26 10 6 60341 1.0327853146875867
2 24 26 1 102332 0.9865498024434144
9 13 24 28 56900 0.922030505745935
10 13 5 20 23608 0.9911808466928641
17 10 21 17 33121 1.014925460861783
28 29 9 19 70461 1.0901778896970384
4 18 0 5 54878 0.9845420171047655
8 0 11 27 58337 0.9110112794857691
5 28 12 6 57143 0.980942657599254
14 10 16 23 49364 1.035030402679964
25 9 8 5 43987 1.0561741057588894
22 15 24 24 33070 1.065641639450018
10 21 4 9 45770 1.0465718919935436
3 9 22 13 58365 1.0704715525941588
17 25 23 10 56849 0.9624729717835993
29 0 13 15 83402 1.0177679947987397
12 25 17 13 35005 1.0835288404886763
3 24 15 8 63778 1.0290263963473678
8 27 17 22 35753 0.9934888165485107
3 8 17 0 55430 1.0791797204962366
21 25 5 12 53162 0.9640171584515914
14 0 1 29 88220 1.0031175468189637
14 15 5 19 26435 0.9719623637152353
10 13 0 10 33961 1.0403094893888047
19 26 12 4 58849 0.9705141878187505
21 20 5 1 75097 1.079003550874517
26 6 4 5 50876 0.9059003972545193
29 15 3 28 93007 1.0659732235132104
18 16 6 6 47862 1.0439065618061258
8 5 21 12 50667 1.0658698739403243
1 15 17 15 44811 1.046474891021596
6 10 22 24 71423 1.047851902938418
4 13 25 8 50593 1.089391512633715
10 24 25 19 38553 0.9636025465369353
14 6 3 26 60660 0.9922926268191181
9 12 12 1 30547 1.0455679110683904
16 23 23 10 54252 0.910389012154058
15 8 5 13 35750 1.0690955888627682
19 17 15 26 38225 0.9894243416155596
19 28 11 15 44498 0.9114428740827644
27 4 17 23 77031 0.9034682992539385
29 8 0 9 66695 0.9148412341950022
21 12 1 18 58838 1.052623338001594
0 15 22 19 56467 1.0251563823434648
20 12 18 2 39740 0.9622833611314329
19 29 27 1 118358 0.9345924414408806
6 25 29 24 46889 1.0723328992634786
28 2 20 7 40185 1.0224119628648003
10 16 22 1 66964 1.0326528555568522
22 11 8 10 50249 1.082296757421414
23 29 7 27 47105 0.9738603858280338
12 29 20 27 40846 1.034569006727687
17 12 19 1 45589 0.9393300399387072
24 23 16 4 72631 0.9783168763158252
4 16 24 4 66212 1.0858508430144789
1 17 15 9 60911 1.0934846879423128
12 2 5 13 37870 0.9116681612726267
10 28 8 18 28898 0.996784583578667
29 2 12 16 80786 1.0827634903287788
12 22 5 28 31665 1.038104384352145
27 7 1 2 62694 1.009922766016286
8 11 19 6 32473 0.9959294320577086
11 7 23 19 43940 1.0155810765802982
15 23 24 29 34018 0.9259878787976762
27 24 11 19 44682 0.9275002633979202
0 25 24 6 74671 0.9475760994808962
12 15 17 1 51655 1.0146517539843767
23 11 12 17 40227 0.9021851090287923
29 2 2 25 105496 1.061485511758966
14 3 21 15 58303 0.9472131100109576
24 19 11 11 39068 0.9930754291291427
3 13 17 13 28973 0.9885002696372952
9 3 28 18 72479 1.091735730560736
7 15 26 1 75211 0.9209557954951496
20 12 5 25 55045 1.0015294602837261
21 1 6 26 89244 0.946991790975908
8 25 27 2 88323 1.0246789109084073
14 0 11 25 57932 1.0918858274880665
18 4 29 28 101491 0.9573750390960543
20 19 9 3 50130 1.0558634535657383
15 8 17 21 58520 0.9916803363180859
11 17 29 13 44154 1.027596172184891
14 21 8 1 61697 0.9317436031365589
26 24 13 0 84091 0.9017165017313942
26 12 5 19 59315 0.9465263204141374
28 26 15 18 52275 1.0327773669371274
16 20 11 26 30071 1.0380799316532117
7 4 11 27 50936 0.9648790197307869
0 21 6 0 76871 0.9544105350248608
21 16 18 8 35835 1.0222374589873469
10 25 27 17 50760 1.0902734489574024
26 15 4 18 61640 1.0603307352875968
26 10 7 3 58527 1.0242194372889464
5 27 21 19 46773 0.9492454420080538
13 7 1 16 43829 1.0564083312798802
5 0 20 3 59049 0.9822143275143942
29 18 22 24 36227 1.023800832113773
26 1 2 18 93653 0.9577394371977976
9 24 19 3 61027 1.092464467096262
21 17 12 25 38103 0.9772416456163373
2 9 1 26 65435 1.0017233313922755
18 15 23 29 50182 1.0760618154243018
8 15 29 3 72392 0.907221624990495
24 11 23 26 48447 0.9821186638969033
14 8 20 23 59119 0.9575610511594084
25 2 28 26 88898 0.9023956959976347
22 17 28 13 25888 0.9735786263866003
11 0 29 8 50716 1.0974683920655852
9 9 17 28 60560 0.9256753755029
8 28 17 21 42486 0.9468933604288242
4 13 25 26 63460 1.0663042122614552
26 20 8 15 52180 0.9808552820568136
18 8 17 21 43782 1.088704023338823
7 7 29 29 98954 0.9605606567253299
22 10 23 28 64317 1.096858834356183
13 23 11 2 40595 0.9283242513417737
8 15 21 20 39268 1.0630992259425192
28 22 19 9 74237 1.0061522368883424
8 11 25 8 40607 1.0478998276308316
9 25 24 5 62103 0.9175874840505588
18 24 17 11 42433 1.0745922952015319
22 13 1 20 55115 1.01198653846951
5 1 18 13 55542 1.0467963286942186
7 3 17 27 75093 1.037658060943352
5 9 22 10 51966 0.9922299263728084
22 23 28 6 65753 1.058167435232105
26 20 5 6 71337 1.03695415459742
12 24 14 1 62347 1.0289671071052984
3 13 21 7 43779 1.065891947384375
4 5 17 25 63017 1.0340339635454305
27 4 5 23 80750 0.9364758893200288
4 3 20 22 80062 0.9495787089699419
16 18 17 4 54628 1.0870634376026895
20 13 20 28 58234 0.9240034364648056
19 4 9 23 54321 1.0193677038874442
8 2 27 21 84471 1.0775205359111153
19 13 24 28 56178 1.0619586110988664
5 20 16 7 42959 1.0452812222347208
26 27 7 3 89241 1.0465866527706524
22 4 26 16 49611 1.070156836409871
24 7 19 25 62132 0.9204127004190129
29 12 24 4 44213 1.0387077316449347
21 26 0 11 74258 0.9951970013933771
26 10 2 7 55224 0.9375608746025781
5 10 6 22 47200 1.0269890285484862
24 19 3 10 66880 1.0782815361523248
26 19 10 1 67850 1.0046722784567972
27 20 8 14 53936 0.9157907849029278
21 28 15 24 31188 1.0728675178067553
26 22 10 13 55350 1.0219704924035953
23 14 10 11 35102 1.0787867778397122
23 2 14 24 73867 1.066913598090385
1 27 27 3 99695 1.0700617034265685
16 10 3 3 62328 0.9456820637083346
6 24 6 0 69162 0.9430467915655115
9 6 10 27 45429 1.0847557375005228
28 7 19 15 43067 1.0699040127707362
20 3 7 28 78836 1.0426128532528622
16 27 5 21 48297 1.0615979018023416
7 15 24 28 60551 1.0282575663563018
0 23 3 8 67419 1.085399593130386
27 17 14 23 45035 1.0195293369481486
18 13 4 26 51466 1.0774793184381808
15 12 20 2 56574 0.9196827790990643
26 17 8 14 46033 1.0783418478629225
5 24 25 8 70800 1.0769304700923203
14 28 23 13 67584 0.926741362444094
9 29 17 21 38856 0.929235446539894
21 26 26 0 93504 1.0805003843013026
4 13 19 25 49232 1.0382401731530313
9 22 11 0 43572 1.0574360848825148
27 11 1 2 79960 0.9779859089184612
17 12 8 19 36657 1.0467311382774005
6 17 11 29 31033 1.0148747100250088
14 1 10 24 62531 0.9361513690180518
27 8 21 21 65196 1.0186103543495342
8 0 5 15 45318 1.057122269952219
7 10 17 12 38823 0.9733471384160266
26 26 1 20 65800 1.0755013880803581
2 18 3 4 56620 1.011271290597993
23 26 25 14 42528 0.9986313533370162
8 11 20 12 35900 1.087150302637675
2 8 6 18 49314 1.0214012084124966
0 11 7 17 37556 1.0136999787894296
0 28 5 1 89331 0.9184310766766551
22 3 10 21 64782 1.0383209534262705
7 23 11 29 18346 1.0908749734676817
6 10 27 27 87062 0.916814314594277
10 29 11 5 48718 0.9765354488919313
25 14 27 0 56419 0.9552153886564265
16 2 21 25 83023 0.9627028070340893
29 26 21 9 81655 1.0856549190804028
10 10 0 2 47626 0.9077823024292391
18 18 8 16 31207 0.9682066380436593
13 26 16 16 40740 1.0570799632747623
27 7 25 18 41576 0.9096461206549151
2 13 21 26 62249 1.0463450654853181
29 28 26 20 53717 0.9301628506312555
17 1 12 6 40145 1.0579777557806471
19 7 8 26 55350 0.9304930940821976
21 9 2 3 59872 1.0365408393923874
22 12 3 26 68151 0.9320841697334821
15 9 12 17 40174 0.9522858671758863
19 4 2 20 64483 0.9454092291214151
5 1 23 13 66001 1.0043897956312762
6 15 23 16 46974 1.0146277675893347
6 3 23 1 59081 1.0204836266799506
0 8 15 18 56968 0.9050115469850163
14 29 12 16 49693 0.9377197448078991
16 4 25 0 36503 1.078533808031567
11 3 25 20 57721 0.9734173242868556
16 12 6 27 57083 1.0838889565022112
21 0 12 8 50771 0.9244093740613305
20 9 9 17 48837 1.0453542528553912
2 6 11 12 29909 1.0679072550271298
19 6 1 19 57799 1.012058782826407
22 7 11 19 38505 1.0503054516920542
23 3 8 19 59138 1.076636743903157
4 20 9 15 20919 1.063785662669461
20 1 27 26 105615 1.089747757120066
2 28 2 7 72524 0.9528865490196189
2 0 0 8 34643 0.9180648080078149
23 22 27 14 34718 0.9232898352521315
21 15 29 26 55582 0.9653685074369466
28 14 5 10 60521 1.0023726831431843
17 14 15 4 39597 0.9473012463389515
27 20 4 19 51153 0.9946258624091262
4 24 13 29 35825 1.0916730726815518
4 15 29 12 66226 1.0891194059510036
28 20 19 23 36084 0.9249821628969769
2 19 17 14 41298 1.0078812455202832
23 0 5 29 96675 0.9100069207712561
28 20 8 3 75681 1.0066534439123116
21 20 25 7 49256 0.9067518544223513
18 1 24 27 85651 1.03386344190719
7 4 14 19 42635 1.085193233735437
13 18 20 24 33147 0.9309225909958021
6 23 14 6 50313 1.059745435975023
14 24 17 6 55605 0.9297876565392771
27 15 6 20 63297 1.0317740412520644
4 10 24 5 51070 1.0352713541591407
29 28 2 10 106481 1.0354784696613761
8 28 7 9 52482 0.9649776115613828
9 0 29 11 70699 1.0542844414666097
6 13 22 10 50472 0.9244324259091615
8 4 26 6 43424 0.982831717325914
24 10 18 19 39200 1.0095164311758142
21 28 28 12 73870 0.9376198498124778
3 20 11 12 32193 1.0501804372470875
4 27 24 7 73635 1.0738818018435243
0 16 29 13 71794 0.9008270094143213
19 23 0 5 73743 1.086360311473235
10 9 19 14 33334 0.9352283284362822
13 5 1 15 48373 1.0944826176464775
11 20 22 4 52117 0.9719663063277221
20 28 23 6 83378 1.0491002682597115
9 7 12 19 25674 0.9341308701338854
20 18 26 22 32363 0.9209158251582609
4 17 18 21 39039 1.0966733156916844
6 24 19 14 51426 0.9360722032430658
26 15 7 28 72191 1.0776135665997617
20 14 1 28 69461 1.0882141819372828
16 14 5 27 49163 0.9921625006550063
25 22 24 4 56878 1.050569879456535
13 13 2 13 23911 0.9897853714736906
8 26 3 11 52284 1.0476118952917433
20 1 5 4 57946 0.9599485573431362
25 1 21 9 38080 1.0872843468314493
26 2 21 27 95554 0.9251108552252697
14 11 20 2 54341 0.9915750344056218
28 24 20 17 41585 1.015168589647545
23 13 3 28 74455 1.0447271393435948
21 13 3 11 45811 0.9948386689620836
25 29 15 29 58720 0.946744029839052
19 4 29 5 34248 0.908872363096622
29 13 21 3 49956 1.069660653564191
9 19 12 10 25917 1.0840525319690504
14 25 28 11 75170 1.0795247099473273
8 25 13 6 43661 1.0529521326374112
15 12 4 9 45327 1.0123950148157628
9 14 13 8 23022 1.0779692360064244
0 27 5 17 45136 0.9423772909957344
27 25 18 27 20417 1.0434599814672514
9 29 26 6 72674 1.004187289435321
7 2 16 14 47274 1.0505808506575636
20 20 2 9 69134 1.0870812507325145
13 5 25 8 31267 0.9966026870725434
27 10 7 19 69641 1.0300601603027397
16 17 25 19 25584 0.9559700803311635
15 13 27 2 63893 0.9895731945134197
20 9 3 13 53755 1.0889193765672551
25 21 7 27 50365 0.9408703726468972
18 5 10 29 61685 1.0721257841650988
1 2 6 21 68724 1.063414769814597
16 27 4 12 63214 1.0950891021237872
29 19 14 2 80351 1.0405339703179006
10 15 5 10 24428 1.0831304413236584
21 14 4 12 42592 1.0932107661245578
0 20 7 7 48106 1.034943724133306
0 19 25 10 71198 0.9941158603018831
0 28 16 29 69309 0.9889237242058835
11 25 21 26 22239 1.0119582551130974
11 3 20 12 41349 0.9441351274707717
28 20 2 26 69859 1.0620840760073367
21 17 8 10 45218 0.9064220589788433
25 3 18 11 37759 0.9918216944200389
29 16 23 11 36533 0.9068784844053365
3 6 27 15 71841 0.9125668037252415
1 9 29 16 89721 0.9803977185883348
20 10 10 22 55895 0.9141311400340143
11 7 27 8 34272 0.9995096862090711
22 17 16 28 52115 1.0704695083762847
17 20 28 13 50215 1.0673588527452007
24 23 2 5 80786 1.0173574897242852
18 13 3 6 44753 0.9257847442835446
27 2 11 12 60593 1.014128243618939
0 26 1 11 55580 0.9132164904799337
18 19 6 22 35904 1.0626692096626962
16 18 20 5 59028 0.9147780465044212
19 12 10 15 26745 1.0782836303340328
21 17 28 26 45083 0.936868702520831
1 17 29 22 78715 0.9592070334128137
13 22 25 9 65767 1.0503058995644128
20 6 7 0 48625 0.9470853057417591
26 7 2 14 56720 1.0683525848796864
19 13 9 21 34691 1.0435595906749195
19 28 23 1 93731 1.0131086030561138
19 11 16 26 56800 0.9484366940866678
2 4 23 9 53497 1.008192340363833
26 5 5 27 85809 1.0013469118163851
5 23 0 0 83243 0.9783602215336125
15 6 22 24 70543 0.9320788064900516
8 5 9 23 40961 1.0340893481047282
15 13 23 9 29617 1.0129067150283873
15 11 29 22 78650 1.0134389352174806
5 9 22 21 68707 1.0404743073662241
14 9 0 6 42202 0.9831093844253909
16 21 28 19 35107 0.9068164364698548
24 20 21 10 45104 0.9389092269284592
10 12 4 25 37880 0.9215425403665043
0 16 16 16 47794 0.9658063232698794
19 18 28 23 34964 0.9719887087258736
1 12 8 2 49699 1.054872142454782
0 26 20 17 56587 1.086577076920336
12 25 28 3 80986 1.030668239719275
17 10 29 23 67224 0.901393279122201
21 11 8 10 47703 0.9065992261902102
8 2 25 14 64036 1.0478884053774982
29 2 18 18 80324 1.0377907142536758
15 16 26 21 44938 1.073403105728859
14 7 4 12 33114 1.0188546687246354
23 10 6 13 44284 0.9718586928677301
5 1 20 5 56027 0.9899850234809587
28 6 7 8 45129 1.0066829203963512
26 4 1 6 57757 1.048709603808896
18 29 26 21 40168 0.9454656285444718
4 1 26 6 65390 0.9941239674849095
5 12 5 1 38064 0.9591930410255995
17 6 26 19 55902 1.0300145869220647
25 5 6 1 63078 1.0773034310165612
9 17 15 0 53181 0.9459530082365609
8 17 7 6 28030 1.0808227921650684
19 11 16 2 42106 0.9920554965981702
3 4 13 27 68924 1.0073359080452047
9 17 28 2 76822 0.941479159107018
2 22 6 0 76968 1.0828778586208259
6 16 16 21 46326 0.9389815387353875
2 13 10 4 36147 1.0332139786905672
10 17 2 1 59477 0.9214495192978546
12 25 22 21 34772 1.0722449752090606
0 4 24 8 55539 0.9264012713455178
3 29 9 7 64539 0.956840387851916
1 11 4 2 39773 0.9337620528309488
7 27 25 27 45242 1.004341386666142
16 24 3 10 63914 0.9230021504025964
1 2 15 5 51395 1.015683543783058
19 4 7 3 35555 1.0611331752309971
12 6 23 29 70805 1.0609286583360822
23 0 4 29 101294 1.0492089280300538
1 22 19 24 46689 0.9578884587306208
24 22 27 0 80904 1.074906437634672
18 8 4 28 70827 0.9266344054874547
15 3 6 4 31318 1.061415513074767
16 8 26 19 61336 0.9806657248735794
4 2 2 13 48248 1.0721219320818622
24 15 6 9 61451 1.076513556129153
11 17 29 10 66007 0.9293247813509162
9 21 1 16 28432 0.9327979883538178
27 12 16 29 85317 0.9771892163349879
12 7 3 4 26732 0.9223116140071601
26 9 22 1 42629 1.0605398426619974
13 2 26 2 54033 1.0276216291488198
21 29 10 5 80262 0.9650304311943967
19 18 19 8 41072 1.0278319451291182
5 11 11 20 30132 0.9612151535724106
18 3 3 13 49693 1.048133745152916
1 7 9 19 37586 0.9135607865968974
18 5 25 24 69215 1.0839315665805422
13 26 26 23 32797 1.0685200590039436
21 29 16 20 53841 0.914673658952787
22 15 18 1 52461 1.0025988866244209
26 18 2 23 63233 0.9153083420492085
25 0 26 25 84770 1.0912753706694045
19 8 15 25 55694 0.996639547023591
21 25 10 2 63840 1.0057376457107727
16 8 1 17 56175 0.9179473777991417
22 14 2 23 63655 1.0731745539111295
14 8 16 20 50100 0.9912575107575364
28 8 9 6 41058 1.0341559382733214
8 1 18 9 41721 1.0695359343180761
17 23 27 10 69282 0.9243071989939705
27 26 1 1 104829 0.988291711478587
14 16 11 4 33347 0.9871088653812445
26 9 11 17 53071 1.0339747237235064
17 27 28 14 64693 0.9585026567767122
1 13 24 0 73523 1.0729267144890642
11 0 8 19 39411 1.0409753373516164
21 13 29 8 39744 1.0382592453646189
7 26 11 0 54019 0.9026934729652263
21 15 1 11 57615 0.9866217298505849
1 12 12 6 39904 1.0975341722397984
24 13 12 26 56986 1.0849092177766606
26 7 25 28 72910 1.09751299567688
24 1 26 13 39107 0.9386969816512681
13 23 2 25 22658 1.0469817472488852
29 27 7 2 100757 0.9519904893811645
3 3 29 21 100133 1.05796457383452
2 29 28 26 70411 0.9358528346815895
0 25 24 10 74613 1.0604060551814063
1 28 29 14 89044 1.037902208582127
23 27 1 6 80960 1.0772058082217777
9 24 27 4 73430 1.0303745263916515
29 27 22 0 107586 0.9469136150510113
20 7 13 25 49581 1.0888182961519546
0 1 28 2 99348 0.9053604456552619
17 5 27 22 82048 1.064980767224502
18 16 12 3 44805 0.9209228529744437
15 22 13 4 54082 1.0391683623665011
4 10 19 7 36477 0.9795648991743381
23 19 17 28 39777 0.9963878045597243
29 18 6 12 66945 1.0277623602489478
20 1 0 7 62353 0.9403822747865908
11 29 1 1 76555 0.9510355581807555
27 7 6 4 46097 0.9024908282420326
14 3 8 26 61126 0.9522836695773371
2 15 18 4 55840 0.981861170168258
7 25 24 15 56482 0.9909110201607388
14 0 23 13 61670 0.9178683338814113
7 22 26 6 68365 1.0690979066215753
17 28 20 13 53669 0.9509478194360828
28 3 9 12 60060 1.095688371295978
10 5 24 2 46125 0.9740942297148596
19 5 3 24 73301 0.9915853227788524
21 16 7 24 49935 1.0795442673017754
10 17 25 13 37848 1.084027293008968
6 11 19 13 34893 0.9324356477248726
2 2 29 8 74783 0.9563098790501281
29 28 29 9 108181 0.971474971352333
8 22 18 11 46294 0.9757858937868527
18 20 27 15 37484 0.9475538775636694
0 25 10 7 50960 1.0384615636999703
28 2 13 22 90501 1.0343552418952981
18 21 28 9 70440 0.9361709101847644
23 3 29 15 51950 1.0217893074149413
12 16 5 26 35786 0.9992213511389566
11 15 22 25 36875 1.0516183545067084
15 4 18 22 58285 0.9716985464195766
2 13 25 5 59743 0.9812430260278157
19 5 14 29 82171 0.9967507515447669
18 19 11 10 28598 0.9066645490751655
23 13 11 2 44058 1.017027169887967
28 23 19 0 90560 0.9259399425669734
1 1 8 25 71273 0.9262171091477894
9 18 16 28 48461 0.949637636667691
0 11 0 1 43899 0.9075675197084816
23 22 4 8 69088 0.9246356426754855
20 23 22 14 36514 0.9477872374586219
27 21 20 27 43727 0.9938304196844342
25 16 14 2 70438 0.9471292132607756
23 11 1 18 64468 1.0939261759137529
20 7 19 21 49940 0.9712757989812635
4 26 13 29 36390 1.0189136043033922
12 21 19 11 42264 1.0269670368129686
7 19 6 8 36611 1.0434190368587637
28 16 0 15 77768 0.9483508873891663
4 6 20 3 47177 0.9439890028878624
4 18 4 3 57249 0.9276452648488548
21 2 6 25 78268 0.9244452256078434
14 15 25 17 33292 1.0127185861459833
9 26 1 16 37308 0.9551259325526296
3 7 25 19 62742 1.0404972039914477
2 11 8 19 37278 0.9711391698370306
26 24 15 26 31540 1.031999538079718
14 8 19 26 62421 0.9760410369397405
18 5 22 12 36099 0.9386156037127058
11 23 18 12 34909 1.0925366968271215
25 18 8 23 45809 1.0932119327546206
28 3 13 13 63116 1.0756695474886828
3 9 29 26 96381 1.0209672433127273
28 26 6 3 90769 0.9088410389349375
14 19 10 29 30117 0.962071821607277
23 26 16 21 31428 0.9413626348713937
23 18 17 2 63536 0.9750233361589518
20 18 8 2 64333 0.9118536521803561
8 28 11 14 33923 0.9984122725053415
15 15 25 22 44999 0.9888775133058949
5 17 20 28 59378 1.0502856556921394
3 18 17 9 62770 1.0864733918867666
11 4 23 14 43432 0.9924261284801223
14 13 25 25 51966 0.9948323688475091
28 3 2 20 90345 1.0519546474515833
17 22 11 15 34303 1.0498324392822553
20 13 11 8 26680 1.0012715886764016
6 2 21 15 69096 0.9859596924803536
13 16 8 10 28958 1.0728357428802537
11 29 8 6 46892 0.974630659914679
27 29 4 4 107801 1.0710554807196215
2 1 4 26 84638 1.066285630998488
25 7 12 11 34152 0.9271341245795935
18 7 23 14 29933 0.9169682935841529
8 6 13 28 57207 0.916288764679044
17 3 4 13 50877 0.944442794648689
22 6 7 5 38821 0.9797739432541057
4 4 23 0 62306 1.0429090061253774
9 0 10 11 26544 0.924751112144169
13 10 11 1 26128 1.084128990329105
29 23 7 26 48960 1.0570642073872742
15 22 7 24 27411 0.9032836237314621
19 20 11 24 29076 0.9928991471138172
11 17 5 21 21955 0.9936159451169015
8 22 10 5 44980 1.0607958098163253
3 15 17 0 69554 0.9325459806037891
26 29 25 0 104718 0.959372777068286
28 3 26 23 78995 1.0750644206226156
21 22 9 22 32817 1.008609733608298
11 9 18 21 36215 1.0065739176397885
1 3 9 1 30744 0.9634426494242174
7 6 17 23 50816 1.0360812840025635
8 21 18 25 27940 0.9191158423932789
19 3 29 11 55672 1.0144561048738026
17 14 19 0 47062 1.0792245677590235
24 21 4 27 56069 1.0913011689600451
8 11 18 20 38423 1.004964338007353
22 12 20 20 41452 1.0867466717523737
0 22 24 6 79917 0.9897496535458707
21 26 21 9 70843 0.947445826289914
28 1 4 2 90807 1.0384116624312476
20 13 9 13 22042 1.0159980643939255
6 14 19 1 58952 1.0092139323764613
1 13 29 25 73609 0.9464953008333556
20 14 23 28 51695 0.9993238257067124
12 26 29 6 78088 1.0941810697681364
4 20 24 25 49623 1.0346527940739159
3 6 16 25 60248 1.0196230412516694
29 1 15 3 65013 1.0870901320159954
15 16 25 22 44739 0.9106844440136446
0 23 25 3 90371 0.9252454866868239
9 29 27 20 59492 0.9831650497339154
3 3 28 9 72053 1.0990034236783077
12 29 12 14 34605 0.9464449220259034
29 4 0 27 103159 0.9270638567905619
15 11 16 20 47396 1.0344262660600008
11 17 7 0 44901 0.9137692046666006
23 11 4 4 55105 1.0564842168785358
23 5 19 12 35423 0.9444095517889766
8 14 12 24 27243 1.0717711190718064
7 18 3 11 35739 0.9947778870889792
9 27 2 8 54238 1.001425623761696
7 4 3 14 39126 1.0504827916337542
17 12 0 16 54729 0.9778023225726061
4 1 27 5 75812 0.904642857249502
3 12 8 29 56011 0.9172405566703102
7 13 11 4 23480 0.9359911367171563
28 0 22 13 59979 0.9430353026916127
27 7 7 26 68521 0.9305286019239182
4 26 23 1 86219 1.0611799683701002
8 4 4 15 38274 0.9653074045934003
28 10 9 15 61735 1.0115584624514704
7 20 23 2 67480 0.9768441969747581
18 21 27 12 50459 0.98209932239564
1 15 22 26 68376 0.9660466739644905
18 20 5 7 47710 0.914210456425367
29 2 22 27 106678 1.024149204718431
18 4 28 15 51940 0.9299339438326599
6 19 20 21 37914 1.0038147179127332
10 26 25 27 37568 1.0607016596416898
22 15 26 9 33678 1.0964192898206189
9 18 15 22 28793 0.9085559257059785
13 24 23 9 60378 1.0561307344785662
22 2 3 5 66821 1.017273044933959
8 5 20 16 57185 1.0413673773090317
9 18 27 23 47889 0.9349169403745601
4 28 19 9 77719 1.068464804059982
1 10 4 20 42124 1.0463237675329204
1 23 24 28 56395 1.0699731781089226
23 18 2 23 54086 0.9383758205848682
15 29 8 19 49637 0.9083511163012407
24 28 7 18 53620 1.0510523131027103
9 12 23 10 40659 1.0205735567527536
13 12 20 3 49441 1.0342413548845306
26 11 9 28 69568 1.0426638504085564
10 9 1 1 44217 0.9792322839760818
1 3 21 12 68176 0.9615126754332832
14 11 0 5 48143 1.090856438512409
7 3 25 7 41958 1.0630355203559645
16 22 5 1 77294 1.0596121154407396
1 0 15 21 84938 0.966648374974954
10 10 19 12 33046 0.9525773374972406
17 15 6 22 46008 1.0363105468569014
15 13 22 18 33157 0.9393285048984563
0 2 19 18 80059 0.9852892208068359
3 17 29 3 87191 0.9512436678020055
5 2 16 5 43680 1.0968373686420898
22 21 14 9 69381 1.030593704489329
3 25 5 4 61586 1.02228247221113
26 29 20 9 93270 1.057056843149531
16 14 2 24 51368 0.9853638928432517
4 27 25 15 72877 1.0828378981000604
5 29 22 21 60409 1.0230394959839155
15 4 10 12 32023 1.0646039721668186
12 16 6 23 30409 1.0556715780065449
27 0 24 19 70690 0.9561240178079191
17 2 25 22 77854 1.014392505023483
24 25 6 8 67922 1.0803623323625402
20 6 9 7 24292 1.0713442398699549
1 2 29 11 87523 0.9558507053923619
18 3 10 10 34408 1.0612500049972804
