3565 1928 3830 3467 2997 2539 3719 2072 2555 2397 2977 2528 3690 2972 3841 2317 2067 2854 3273 2961 2906 1635 2372 2981 3024 3800 1577 2625 3015
4920 5051 4325 4001 5236 3732 3849 3601 3755 4902 3041 4688 4918 3543 4904 4956 3834 3215 3814 3065 4419 2903 2910 5271 5019 4637 4609 4230 3856
5784 4660 5894 4993 5572 4458 4352 5872 5310 4452 3629 4699 4771 3923 5357 4724 5370 5209 5839 3475 4090 4248 3550 4597 5227 3653 4527 5874 4101
3622 3847 4013 4520 4221 4375 3899 2791 2132 4102 4154 3388 3522 4361 3645 3116 2174 2663 2785 3750 3530 2809 2165 4127 3038 3010 3740 3341 2264
3634 2357 2863 2511 2869 1975 1575 2878 2079 2244 3124 1526 2910 2215 1944 1395 3229 3334 3562 3196 3582 2349 1546 2509 2360 3404 3100 3094 3387
7302 6613 7349 6357 6991 5539 6455 5773 5330 5617 5783 6986 6437 6756 6102 5502 5179 5131 5924 7198 5441 5340 5274 6544 5201 6480 5439 4922 7009
1416 3614 2012 2941 1542 2880 2148 3150 2411 3389 2472 2932 3245 2450 2379 2594 2339 3509 2625 2319 3032 3544 2636 2255 3389 3028 1484 3605 3289
2863 2849 3382 3255 3032 3576 2879 4536 3077 3982 4898 3619 4938 2576 4953 4335 3674 4091 3301 2606 3097 4336 4582 4048 3962 4840 3170 4199 4806
3420 2897 4427 3114 3103 2561 2665 4064 4376 4115 3436 3217 3879 3799 4246 2411 3243 3579 4150 4505 4152 2802 4212 4280 4430 2297 3585 2619 2333
4082 5075 5605 3774 4938 5776 3662 5099 4200 4942 5367 5424 5761 3781 4825 5796 3698 3561 5831 4944 4318 4932 3792 5588 4213 3414 5652 4603 4895
5622 5303 5448 5998 6174 5712 7584 5619 5307 7325 6644 6468 6114 7099 5739 5838 7587 5635 5974 6077 7091 7283 6683 5325 6397 5198 7098 6950 6811
7121 5349 4708 6327 6150 5153 6188 5645 6671 6117 5420 6346 5597 6866 6356 5088 5316 6111 5194 5053 7078 5323 6076 6204 5073 5142 6523 6059 5621
4029 3817 3820 4388 3482 5261 3583 4365 3316 3815 3335 5380 4587 5474 4672 4931 4499 3395 4400 3360 4558 3604 3909 3458 4457 4894 5414 4165 4388
6228 7851 7179 7310 5982 6164 7914 7192 8284 6624 7224 7556 6980 7117 7465 7903 5994 8319 6246 8099 6318 6287 7465 8195 7698 6494 6026 8110 8344
6539 5780 5310 6336 5385 5916 5036 5766 6878 6238 7468 6026 5706 5518 5822 6530 6661 5968 6892 5113 6698 6351 5195 5480 7325 7011 6917 6902 6664
6239 5301 5751 6563 5636 7148 5709 5360 6847 6064 6091 6929 5171 6592 4949 6248 5061 7292 5245 6621 6381 5322 5830 6803 7330 6953 6499 5427 5365
2036 2265 3389 2482 2413 1938 1257 1542 1391 1184 3241 2064 2882 3416 2098 2399 2450 1433 2584 2142 3037 1884 2162 1064 1887 3285 1276 3077 1916
7615 6597 7273 7603 5512 7072 7767 7831 7409 6166 6875 7750 7682 7309 6405 7355 7620 7460 7655 5684 5836 7032 6717 7389 5672 7114 5838 6695 6047
2660 3647 2438 2820 4040 2544 4206 4375 4097 4436 2971 4269 2464 2283 3375 4074 2980 2185 3438 4165 4241 2159 2249 3179 4296 3333 3397 2515 2938
3595 4329 5189 4189 4341 4704 5006 3492 4591 4941 4645 3018 4487 3381 3500 3694 3907 2947 4613 3821 3783 4232 4912 3092 5048 3318 4995 2953 3335
3474 3744 4096 3062 2355 4386 4422 2644 3633 3824 3766 3596 3489 3644 2180 2592 2808 3153 2045 2345 3383 2115 4039 3007 4357 4127 3241 3029 2502
3551 5144 5400 4463 3703 5537 3797 4695 5473 4997 4027 5753 4438 4781 5468 4546 4203 3799 5810 4425 3658 5774 3848 4941 5702 5729 4847 5128 3953
7155 5700 6984 6131 6468 6580 5277 5833 6377 5204 6832 6994 7012 6056 5881 7015 5053 4940 5323 7173 6928 6313 5009 5779 7325 7053 6815 6815 6842
5856 5261 5159 4504 5909 5330 4189 4250 4414 5181 4703 6245 5264 6205 5959 6091 5875 4952 4509 6297 5057 4868 6320 4605 5819 5691 5612 3983 4581
8628 7925 7274 6804 8901 6841 7394 7033 6736 7909 8315 8337 8300 8384 7516 8818 6966 7083 7370 7283 7989 7711 8614 7103 7624 6499 7141 8567 8401
3391 3955 3570 5244 4170 3494 4663 4817 3525 3160 4297 3951 5087 4014 4922 3115 5347 3534 4476 4069 5056 4324 5322 4315 3170 4081 3387 3418 3806
8127 7152 5927 6808 7928 7319 6804 6672 8003 7323 6584 7372 6330 7696 8047 8128 8018 6829 6482 6596 6367 7858 6674 7460 6273 7963 6744 7910 7068
7669 7986 8550 7832 7328 6728 6192 7311 6637 6910 7899 6612 8567 7635 8547 6684 8520 8530 6873 7436 8010 7503 7558 7955 6872 7755 6963 8121 7200
8292 6854 6212 6092 8292 7748 6532 8323 6906 8204 6457 7301 7684 8294 8229 7509 8242 6138 6149 8325 6155 7747 7422 7919 6618 7949 7010 7198 7308
7477 8001 7977 7864 6783 7221 7322 7475 7331 6191 7663 6050 7140 7911 6262 6986 7954 6184 7826 6590 7282 6348 7549 8083 6434 6508 6849 8112 7943
7496 6023 6045 5684 6055 4864 3936 3337 5860 8688 6945 6955 6792 5308 2262 3350 7933 7577 3197 4610 6474 3433 7046 6843 5499 4482 4158 6951 2835 5339
7319 6354 5419 3594 5336 5942 3984 2282 5731 7051 5993 6829 8271 6502 4143 5382 7690 8684 2420 4415 5288 1407 6109 6738 5052 4461 4329 6963 2711 5248
7274 4588 6376 4878 5784 6259 3171 1934 6820 8652 6298 6956 7693 7066 4092 5191 6883 6875 3457 5104 5904 1936 6964 7232 5415 5056 3962 7587 3163 5014
7747 6415 6534 3766 4991 6774 3878 3255 5817 6758 6717 6030 7266 6521 4042 5137 8231 8126 3156 6169 6965 2906 6408 6292 5229 4135 4623 7219 1684 5363
7449 4581 5098 3947 5775 5478 2774 2864 7252 8768 6374 5852 6364 6211 3363 4559 8327 7126 2051 5036 6883 3708 7837 6745 5931 5164 4050 6613 1806 4208
7060 4821 4925 5468 5860 4767 5087 1460 7701 6821 6423 5722 8227 6591 1905 5034 6633 8670 2623 5072 5984 1614 6194 7583 5703 3182 3705 7611 2274 5775
6729 4648 6127 5684 6630 4802 4182 2542 5778 8351 7356 6412 6813 6114 4006 5474 8691 7087 2687 5956 7198 1507 6609 6683 4878 4592 3748 7626 2336 4326
7833 6737 6880 5213 5797 5417 3276 2096 6107 8273 7677 7128 6070 6715 3431 3809 6920 8087 3038 4549 5792 3175 6543 7526 5168 5139 4447 7688 3626 5789
6347 5500 4953 3955 5256 5097 4443 2345 5572 8398 7083 6120 8313 5882 2013 3342 7249 6878 2585 5681 4942 2814 6029 5824 5030 5247 2422 6368 3246 4610
6708 5065 5618 4493 4735 4914 3770 1229 7501 8767 5801 7337 7122 5188 3984 4494 8967 6941 3845 5571 5713 2095 7096 6267 4721 4486 4664 7671 3147 5167
7067 5599 5631 5410 5283 6878 4832 1833 5850 8035 6102 5854 7976 5075 4254 4060 7407 7632 2112 4141 5887 3330 7119 7411 5502 4298 2755 8654 3134 5600
6504 4610 6887 4910 5822 6776 4282 1273 5614 7921 6413 6362 6828 7137 3946 3574 7542 7838 3485 5403 6093 3481 8092 6260 6930 3484 2475 7799 3565 5236
8214 4557 4758 4042 4878 5737 3833 1714 6070 6529 7390 6899 6094 7027 2746 4678 8632 8733 2240 5805 5071 2121 7031 6975 6558 3300 3084 7853 3169 4179
8383 4640 5153 3955 5182 7095 2781 2651 7893 8733 7184 6025 8008 7109 3048 5272 7853 7993 3983 4067 5228 2919 7245 7724 5256 3880 3881 7629 2302 5871
7782 6458 6380 4185 5238 5233 3998 2070 7141 8754 7560 5717 6566 6275 2186 5676 6962 6883 2396 5585 6029 2306 7927 7387 5942 2986 2729 7403 2687 4020
7645 5919 4868 4585 6577 7041 3190 2716 6749 7339 6455 8087 6158 6045 1897 4671 7429 8311 2529 4810 6280 1854 5851 6098 5064 2962 4810 6484 2640 4174
7271 5646 6213 5276 6212 4903 3202 1445 5747 8549 5612 7031 7198 6758 4001 4789 8617 7662 3455 4045 6894 2052 6848 7130 5917 5233 4230 8054 2333 5433
7995 4765 6291 4540 6499 4835 4444 1286 6011 8500 7442 7968 6227 6699 2855 5352 6727 7025 2686 4009 5411 1819 8016 7740 5949 5250 3897 6232 2725 5550
6695 6070 6288 4327 5425 5707 3040 1209 7564 8670 5573 6784 7428 5680 2425 3501 6877 8208 2981 4098 6379 1718 6996 8068 5987 3565 4628 7790 3182 4301
8358 5147 4687 4324 5631 6367 3651 3405 7516 6500 6035 6161 7878 5480 2064 4742 8779 6556 3480 5246 6295 2164 6025 7365 6697 3344 4587 6622 3610 3860
6757 4743 5842 5711 6482 5761 4323 1062 6280 6503 5863 7963 8447 5526 2106 3585 6578 6383 3829 5116 7165 2029 6834 7766 7084 4400 2619 7359 2339 5387
8433 6548 6710 5142 5480 5128 2917 1386 5775 6807 5906 7860 7810 5655 2217 3675 8304 6821 3376 5705 5369 3609 7138 5976 6576 5190 3634 7792 2017 5419
8404 4911 5645 3858 6010 5628 3272 2108 6265 8142 6969 5932 7204 4718 2578 4261 7563 7725 1810 5147 7145 2371 7885 7286 6075 4793 3177 7962 2274 4630
8299 6356 5762 5537 5381 5350 2924 2809 6614 7694 5948 7191 7053 5973 3412 4990 7982 7384 2944 5986 6060 2586 6513 5878 5674 3604 3584 8216 3373 4403
7859 6021 6647 5300 5341 7088 3465 2756 7244 7948 5401 6316 7649 6372 1906 4759 6556 6496 2921 5376 6542 1572 5960 7956 4882 3245 4705 7773 3233 3698
7308 6829 4846 4245 4719 4986 4808 1495 7325 8241 6445 7276 8001 5479 4258 5746 7641 8257 3864 3945 5027 2446 7642 7335 5662 3793 4727 6573 2102 3708
8273 6707 6829 5735 4405 5815 4111 3332 7096 7150 5962 6113 7700 6000 2182 4923 7728 7423 3454 4508 5896 1293 6651 7099 6062 4866 4836 8586 3849 4513
7162 5501 6164 4907 4553 4729 4966 1665 5561 7770 6281 7129 6170 6922 3281 5207 8992 8264 3068 3842 6830 2932 7813 7513 4857 4076 4604 7254 3129 5823
6471 5214 5902 4435 4942 5919 3829 1927 6921 7023 6632 6562 6208 6000 2277 4938 7928 7866 1845 3859 5545 3582 6780 6429 5759 3870 3876 7854 1938 4447
10 4 14 19 67644 0.9734691113385192
21 27 8 27 45826 1.0059263404149457
17 7 18 22 39338 1.08822897055762
12 0 8 8 39124 0.9403957764091508
8 6 15 19 49990 1.0046270712689984
6 12 16 9 37756 1.0606643060591945
14 15 10 6 45466 0.9268697249170852
11 24 29 0 133254 0.9133727189217676
12 29 25 0 107637 0.9965018888327956
3 23 14 25 51749 1.0427360235893919
4 23 0 8 50915 0.9041041684336125
10 23 7 2 78983 0.9528367874633519
10 25 0 24 47987 0.9545879808398822
12 9 18 23 56890 1.0571217270065678
24 28 28 0 137047 0.9263621459355214
5 24 27 10 107974 1.0277005273087534
19 13 8 11 47631 1.0793160359567529
8 2 13 25 80389 0.9410073575796895
23 28 5 13 86175 1.0103482111136912
1 6 21 4 57557 0.9532136245199986
27 3 6 13 83085 1.0208233925732078
25 25 12 8 82430 1.0798739165353206
15 6 10 0 47211 1.0245813224635087
11 6 3 3 33253 1.0413539490226669
11 21 11 10 58485 0.9274086675769695
11 6 25 11 49877 1.001236636616917
14 16 23 21 41079 1.0221699497483185
1 25 16 20 56313 1.0159720606971607
2 8 25 4 65647 0.9926969696751597
2 14 5 3 37987 0.9518492690655607
13 5 21 15 50220 1.0497846937585789
25 29 1 6 111503 1.0820770700920892
11 20 21 25 45430 1.0982060747847033
27 26 15 9 86964 0.9168975305045515
25 15 14 21 46562 0.9026000226539261
9 14 16 19 33025 1.0661446431188055
11 23 23 28 53421 0.9732900588969088
21 22 10 24 48159 0.9837424290534572
15 25 26 2 85275 0.9320002781312036
22 22 11 25 43313 0.9785286584774202
22 6 19 13 34157 0.9724598081205701
10 23 11 8 77023 0.9257120580113284
28 18 12 26 65578 0.9160899571214031
1 14 19 18 64875 1.0455760005675692
19 16 12 1 64689 0.969075452275309
15 7 19 25 53898 0.9957086507115159
1 12 22 19 89344 0.9902111283584901
1 3 17 18 73516 1.0066375670019754
3 10 11 17 51446 0.9760064664457504
2 5 2 29 77610 1.0080330761204124
16 9 4 25 68618 1.095374747433465
5 19 14 1 83433 1.0676358048537207
11 20 1 18 38221 1.051702268157408
6 8 29 13 82812 0.9695236621602132
12 19 7 3 68217 1.0278634108987352
21 10 3 17 77449 1.0441114578691788
0 5 11 0 67592 1.0628345655276712
7 18 23 23 60049 0.9309065607380568
16 8 9 26 65001 1.05799191552746
16 6 25 21 53040 1.005505038983971
4 5 28 26 115505 0.9268490530050829
21 25 27 13 62718 0.9555520416524284
20 7 5 0 51427 1.0302669233284383
25 7 9 2 54120 1.0004134542871432
17 2 4 10 49686 0.9335761163794528
8 13 26 6 64683 1.0032273082613854
17 24 16 0 58670 0.9963452203958048
19 5 18 21 49384 0.9179017853643562
7 22 16 19 33610 1.044206319035993
4 22 25 14 71751 0.9196151337165246
5 12 29 6 76215 1.0982244765706457
8 28 22 24 61780 0.9335249147714219
12 12 3 15 44044 0.9349447548329223
20 28 12 12 62566 1.0112085033296123
1 17 19 8 71351 0.9263728238560788
28 7 19 5 29390 1.0510150129762232
15 21 26 17 42953 0.9923726348581658
12 13 28 21 58085 0.9802209657836272
15 11 3 15 60309 1.081753293102112
14 28 16 7 51825 0.9818071873816244
7 19 27 6 82099 0.9808863419436062
0 6 23 1 81573 1.0180094768332584
14 12 10 20 52163 1.033475052879851
4 16 11 25 53216 1.0557692459017476
8 0 24 1 86601 1.0872653497383467
1 18 26 19 78510 1.052125291304387
7 5 18 20 62226 1.0573707396712775
19 2 14 22 67441 1.039679900440365
11 1 26 14 80646 1.0727729780200104
26 19 10 4 91730 1.084362730247777
25 5 18 25 73240 1.0882937147946783
22 16 12 24 52895 1.008353544323783
13 23 21 16 48188 0.9687667763985733
28 26 22 12 83443 0.9564075627600958
11 10 21 1 61213 0.9249521666777055
27 28 13 13 76063 1.025563859334138
1 1 0 12 37032 0.9427277378543446
23 19 7 12 69525 0.9274599632757342
4 25 25 1 113337 0.9954294525841609
16 3 25 11 41355 0.9867895698303669
28 1 16 2 71509 1.0024895921941679
14 21 5 1 76450 0.9993931465750662
16 10 0 7 39718 0.9748965913773028
29 27 1 14 119282 0.9440500495640942
4 24 27 25 83038 1.008826015933676
15 7 25 20 59555 0.998645880839043
29 0 26 24 135817 1.0905831664959558
9 0 10 19 81118 0.952664207051736
10 0 27 6 76810 1.0262820831137858
18 3 15 13 34690 0.9373756286820483
5 12 5 23 42371 0.9460275208402529
3 17 24 17 71037 1.0845712990960048
23 19 24 2 83931 1.0396746742747185
11 20 0 7 66874 1.0403404510555772
1 6 25 18 87695 1.0931580409316473
6 24 28 1 127499 0.9517448554480186
28 23 3 29 94275 0.9921008160077037
6 17 26 19 68312 0.912278261957362
23 6 3 21 80982 1.020315528568167
20 7 22 22 55053 0.9615085555199601
14 6 27 24 85913 0.9146837718206997
29 27 4 21 89775 0.9704405280893561
27 25 20 10 70958 0.9681558439768213
19 13 19 26 44131 0.9821106803147112
11 9 28 3 72302 1.0111029163616818
22 7 13 14 32644 0.9571316475605766
12 17 14 5 53004 1.0326264656233075
1 13 10 22 55246 1.0666615107281565
25 5 15 17 56601 1.0030788732034495
4 27 8 10 61155 1.0222343349735226
20 7 1 12 59596 0.9486200188506658
5 13 29 21 83233 0.9235191262111341
25 2 14 16 70762 1.0246430871659877
16 27 2 9 84585 0.9447346642197931
10 3 27 17 102607 0.9083084036038374
22 1 3 11 81849 0.9700255322663819
13 17 14 27 49728 1.0935821504449856
0 13 19 9 63843 0.9160162272709363
1 6 13 13 58787 0.9355926542938362
19 16 8 22 47461 0.9016474367025136
16 26 28 12 74459 1.0126942447867615
22 2 25 21 85941 0.9841406858358037
3 8 26 10 66252 1.0150725847699322
8 19 19 5 65075 1.0313257124221438
12 1 17 15 55101 0.9393197586978386
20 29 22 11 69308 1.0660101865195086
3 15 7 7 30923 0.9944530102964436
11 20 0 4 76129 0.9992932439552328
12 8 2 5 33089 0.9141327971659952
20 16 26 25 46825 1.0051044297007479
26 16 1 0 115219 0.9393994588025909
26 7 16 19 45645 1.0367611970994484
4 17 0 11 30297 0.9327185741986653
18 19 18 9 32475 1.082150302384439
24 17 9 24 66986 1.043289460652026
22 26 3 25 70080 1.0359539354452059
12 24 5 6 71250 0.9769160326320148
9 16 23 26 70440 1.053608401663436
21 1 27 5 49741 0.9513478308123204
21 4 2 26 103326 0.9342586623587548
14 5 13 21 53303 0.9215957299638607
7 21 21 20 37535 0.9387966249414735
17 21 0 29 63687 1.0425500638157306
11 21 25 11 64211 1.0589125091232974
28 12 7 27 108896 0.9691079747245958
17 21 0 22 44293 0.9011574347749923
19 9 2 19 74739 1.0789651053873661
21 25 25 5 79298 1.0483304382432552
9 15 12 24 45786 0.9207098009827758
22 1 6 26 113018 1.0630911828531038
13 8 15 20 49735 0.9813593127519414
6 15 28 8 75178 0.9394423179439144
22 11 9 27 90526 1.030105772958044
21 21 5 15 56836 1.0513912565937606
8 22 18 6 62522 0.9581935783554536
25 3 8 22 90622 1.0543454222486899
7 22 13 29 47891 1.075009575151021
15 26 25 19 44137 0.9127266509505157
11 2 4 24 82593 0.9094524780475135
23 21 4 23 50581 0.9879344419301843
25 20 23 1 90231 1.0431568378073504
9 7 21 3 39393 0.9090888612421412
2 10 4 19 36254 0.9100297180642233
27 9 11 29 102723 0.9606933876658545
2 26 20 7 89227 0.9866735000462687
2 19 13 27 61858 0.9168214490011488
11 9 19 17 58842 1.0901861674256814
11 22 27 25 63714 0.9478500013213652
17 7 24 12 42302 1.005954827371231
2 5 11 20 69148 1.03436106869534
6 8 18 14 46195 1.0334424444948342
22 23 28 7 76675 0.9078099472656489
11 22 2 25 41521 1.005408974929738
1 24 19 16 71996 0.9976095565323644
11 15 26 3 73125 1.0285425985757954
4 0 19 12 67204 0.9891305054974018
29 18 9 17 63864 1.0204524717648527
9 22 26 13 71009 1.0426765914690699
18 8 29 7 27529 1.0631691811555313
26 6 11 8 41834 0.9340485354892174
1 1 13 2 67493 1.033214012974377
8 7 12 13 31478 1.0177240407335928
9 26 22 8 82169 0.973761034921547
4 3 12 21 64860 1.0181157306076516
3 18 19 19 50407 0.9162292058132061
29 9 16 13 52995 0.9815269204308655
25 8 7 4 49697 1.0809670335955786
17 4 26 6 37585 0.9370950515464636
14 2 18 11 40780 0.983836353982216
26 18 26 29 52996 1.0197376376308498
29 0 5 4 107189 0.9476318969926996
12 0 0 18 83130 0.9632643710774008
9 2 2 8 40846 0.928102556505558
13 24 19 10 61931 1.0478536595600734
14 22 0 28 60811 1.0905841444636226
27 3 5 2 81934 0.9120765619314191
14 6 7 22 65408 1.0966518146585889
23 2 19 16 63501 1.0183471701190354
16 0 27 13 69139 1.0712439646823615
24 8 1 18 82447 1.0292425128870828
4 16 20 27 73454 1.0017264898396807
21 18 2 1 90468 1.0542517004463794
11 23 26 28 62129 0.9003220516589633
28 11 4 27 117670 0.9016817527872736
7 23 23 17 62506 0.9517297198561903
14 11 16 3 29252 0.9442226071457143
2 17 9 12 43506 0.9468365522336074
5 27 22 22 69253 0.9558028356780456
19 3 27 27 106324 0.9169792721661107
26 24 17 9 77022 0.9512975387245358
25 26 12 22 53936 0.9462977844344942
22 28 14 5 77065 0.9721509849002614
11 27 2 22 53080 1.0115950071648465
14 24 24 0 101791 0.9438667073654499
0 21 10 29 50196 1.015449354058624
9 22 1 28 43233 1.0797376317363114
19 2 18 20 62911 1.0364686656816358
26 16 11 13 59931 1.0076759747084727
2 15 19 25 73871 1.041534387245872
28 13 22 24 71479 0.973673964364252
6 29 9 19 39988 0.9301244311416744
5 26 22 17 71830 1.0386387115505935
21 29 19 20 36154 1.0189510308765346
26 22 10 26 60240 0.9910651234975668
1 6 0 22 48231 0.9357799690866331
13 28 24 23 55092 1.0558698211505106
10 5 20 25 78687 1.0026701913350373
5 29 28 12 117728 1.058378517343395
15 0 9 19 73946 1.0913771361023632
1 10 8 17 51051 1.0892633475037081
26 12 5 27 103850 1.0223083131919934
12 11 28 29 97570 1.0807550529756493
6 25 8 14 38058 0.9783737099295609
17 9 24 18 52104 0.9095340197281309
7 2 14 15 59676 1.0011231276819148
12 28 29 0 131586 0.9688356658083022
28 16 5 2 101660 0.9111647276797777
22 18 2 23 66295 0.9473793703373629
24 12 29 6 43140 0.9719048587709582
6 10 16 24 60608 0.9196387211625819
13 14 28 10 66732 1.0247962007688973
3 22 5 0 68141 0.9427698619740931
28 12 2 24 112149 0.9694325575496944
1 20 5 12 37303 0.9539504559073537
16 2 15 21 45196 1.0227254996774193
5 3 20 20 76540 0.9475220773793616
2 6 3 19 41443 1.0786039881245968
11 1 17 9 48586 0.9686516527521724
0 9 21 6 52432 1.0002285215833624
2 4 12 15 65744 1.071289523794235
0 1 21 16 91457 0.9306772393544198
9 11 1 19 52433 1.0466746476469855
25 11 14 7 38051 0.9898951295474899
20 18 0 27 71521 1.0369444187593975
21 26 14 14 48243 0.9675224840542391
25 28 2 18 84586 0.9055018457109133
28 28 25 3 114038 1.089438698694772
1 2 21 19 94149 1.0316124925019874
11 22 19 1 78363 1.0327047412247525
15 0 10 11 59623 1.020638654956289
3 12 10 2 53418 0.9628759662156019
18 3 7 4 43755 0.9698189110581887
16 13 19 5 25954 0.9363287284735784
6 25 16 0 85069 0.9342368493099055
7 17 24 15 67858 0.9615047038002426
16 6 4 25 72032 1.033636073082582
5 0 1 22 71578 0.906486370718887
21 21 3 1 86994 1.0540809030373965
16 22 17 9 39363 1.0179693483087604
26 14 7 20 68322 0.9574075136354814
23 2 1 7 69256 0.970081503570251
27 10 17 25 80464 1.0483607762567995
17 14 25 2 58328 0.9790850754832274
14 4 2 3 53918 1.0112018484012364
2 8 5 17 40429 0.9256061999120068
23 3 21 26 87854 1.053264347698182
0 8 29 27 128387 1.0593828287971716
24 23 10 29 71771 1.0897676066379731
6 6 5 21 42608 1.0731484772070723
14 27 12 11 66199 1.0057541671115138
5 19 25 10 85890 1.0178965246801954
16 29 29 2 110090 1.0886110150916324
17 26 8 0 84393 1.0009371401723208
5 8 20 23 73472 0.9036066502298836
0 14 29 21 90998 1.037121221558819
9 9 25 9 48593 0.9942077132845278
23 16 3 14 71117 0.9057888133040104
24 4 22 19 73222 1.0657338115323205
6 0 14 15 62647 1.0342230369755985
29 26 17 15 78009 1.069350226508834
14 8 1 22 72118 0.9061566923655966
4 10 27 20 89598 0.9642509911495749
26 26 17 23 48697 1.0217565845370116
11 3 28 19 97884 1.0456329615681834
26 13 11 5 69547 1.0997777322471394
9 19 21 0 88225 1.014236569887498
21 3 3 28 107964 1.0650169846055686
15 0 28 22 89626 1.0843564870484634
6 21 9 2 64307 1.00837974508319
3 8 11 5 31756 1.0159720261303664
20 12 28 21 44477 1.0964655342542085
3 3 13 12 54643 0.9979792911781737
14 26 21 17 40975 0.9160518767598568
19 10 8 23 68493 1.097349773802586
5 6 5 24 53902 0.9670415205548846
8 19 16 1 65169 0.9242815490914328
2 12 27 16 98842 0.9433840319710054
9 20 25 4 84080 0.9398755579434359
11 13 8 0 60802 1.0706180981657178
13 24 2 16 61457 1.0261547947029692
25 8 16 0 38063 1.0358136652052021
2 18 12 21 35665 1.0836784675476658
29 22 2 22 76535 0.960694872750242
13 21 17 11 38615 0.9177287211604288
16 2 10 28 75474 0.9538659378320056
2 14 23 21 72050 1.0327250414584996
29 15 12 28 82171 0.946715859956663
13 24 0 14 69154 0.930479527282112
9 22 23 18 47579 0.9383997252867221
5 11 22 20 77557 0.9175346135760831
21 0 14 14 57507 1.0394013059476557
18 20 18 2 56623 0.9619270429597269
25 17 14 13 46549 0.9577546147757424
28 29 19 22 56417 1.0800511431370754
29 6 23 27 101651 1.084888648228812
0 9 8 24 65763 0.9835136280530172
4 28 19 3 101041 0.9506331013334388
5 29 16 7 85414 0.9026291976458874
25 3 19 21 72489 0.9176376751881273
7 13 28 26 101523 1.0733497656339361
5 25 0 7 61954 0.9515039458636109
17 15 25 19 40408 0.9055736442688397
23 23 20 0 87838 1.0066227160752423
25 22 17 12 50460 1.0686583764768613
20 4 9 7 31994 1.0349326622697723
13 22 21 24 37364 0.9838032321896916
0 17 14 28 68643 1.019966764554085
18 24 7 24 48519 1.0340960654276308
11 29 5 17 56781 1.045178954914764
7 18 21 23 52503 0.9046520277305432
0 24 12 2 90039 1.0639816683671417
12 19 19 3 60316 1.0430749816026361
9 22 21 7 63308 1.0858722907717238
8 2 28 11 85484 0.9978950193838041
2 13 3 25 41817 0.9428845177302607
0 15 26 29 104219 1.065579372879726
21 10 26 23 68009 1.0189788386446765
14 22 23 24 42066 0.9821987302780694
13 7 5 15 40494 0.9146172748156725
9 28 0 13 64523 1.0988033957774466
1 7 21 3 58171 1.0271307208251392
10 9 29 17 93180 1.0536674811698807
26 10 13 6 46639 0.9492602608944283
3 22 0 3 61717 0.9348538086797042
3 8 13 20 65074 0.9533117697247966
7 8 20 3 44033 1.0808018022560488
11 19 20 27 51160 1.0163019156571265
13 3 10 29 91621 0.9313246021162594
8 6 14 13 43120 0.9519583925809803
13 27 20 6 71358 0.973888512573192
20 28 22 4 85272 0.9966713760427531
9 28 22 28 36850 0.9981745467021903
13 4 0 1 62134 0.9316122470059677
9 18 22 18 40397 1.0070215204384
29 25 1 7 117783 1.0125105632809133
25 19 22 28 46022 0.9932580493785936
3 21 16 5 68087 1.0248389141280516
23 8 29 2 54025 0.9054734865493254
15 18 21 28 39116 0.9328141997287688
2 6 10 8 26779 1.0966653991508644
24 4 19 13 51797 0.9814587461558419
16 19 4 16 42721 1.0086065153129622
23 2 5 23 106685 0.9776273238877776
20 29 12 1 93344 1.095017932288294
27 1 16 7 56098 0.9163872478594334
11 6 9 26 80204 1.031600670774833
9 3 28 17 99335 0.939306570579265
25 10 1 19 93486 1.0070924035000648
4 29 20 22 61822 0.9531432695164462
8 8 0 26 73713 1.0954746838253524
17 2 22 22 69259 1.0671689420859822
16 25 4 24 44325 0.9430858706048844
7 13 29 29 104906 0.9564255113531259
0 4 9 1 52896 0.9191715886306687
2 8 16 12 45276 1.0416115663344696
16 0 5 13 60439 0.9917953964618698
16 26 7 10 69961 1.0085739268016622
26 2 19 24 92761 1.0705584291270815
6 1 6 24 62418 1.0650806404517255
22 24 4 20 64998 0.9782178612810167
8 6 13 1 38253 1.0190818311664818
21 21 27 14 39194 0.9512532649382404
8 25 25 17 70584 1.0718154698792253
14 16 0 17 56362 0.9500080257463741
22 21 8 20 38463 1.0243914875404707
22 18 2 22 62745 1.0003284851708447
6 23 8 9 50860 0.9478323180647749
15 17 22 22 37211 1.092897176300054
1 28 7 9 72476 0.9320731108933442
14 10 0 28 100381 1.053401967598014
13 19 24 16 53764 0.9700831581955417
13 22 13 8 59858 0.9017587350143245
2 7 24 29 103944 0.9170264243375345
13 17 6 13 41582 0.937460287297757
6 10 26 25 96342 0.987099877455357
4 6 13 3 37973 0.9012395050614189
25 29 19 0 107171 1.0301272632932372
15 10 29 25 87857 0.9186209130994955
25 27 0 14 103964 1.0686987819332143
8 29 28 12 105035 0.9382187272829733
0 0 21 19 101509 0.9800386205088389
11 24 0 0 102905 1.0552702893945647
3 0 18 4 62492 1.059216512183622
15 8 29 3 62073 1.0453374969868263
20 22 12 11 51329 1.0030450041714922
24 1 26 18 80750 0.9269845817306283
16 18 16 1 37844 1.0861649946664769
24 8 13 29 84214 0.9750867599375306
13 24 26 16 68300 0.9689986221858988
14 4 27 23 88006 0.9126587874272489
4 20 25 6 80558 0.9647012270346628
17 27 7 5 75857 1.0176929775243508
13 4 25 9 48413 1.0180559485011724
23 2 24 26 103408 1.0611955428219397
28 23 7 0 113386 1.00177957268308
2 4 28 3 91549 0.9058235632118651
24 9 12 26 84908 0.9547615568390768
14 10 8 27 82448 0.9299449583441362
14 8 17 28 59383 0.9029709954431873
11 4 27 4 66216 1.0734557267053169
15 3 25 24 78419 0.9871924991415018
28 7 9 14 61739 0.9511926136530066
25 0 8 8 65848 1.0240797314163648
0 15 23 17 79611 0.9810632490064202
25 6 3 3 59618 0.9370638469458278
25 6 7 5 46511 1.0965587613143386
5 6 0 16 40506 1.0659904295838074
6 13 7 1 37384 1.033844943796387
24 28 9 11 89658 0.9844461231423783
23 24 26 10 74264 1.0699863400402219
20 24 13 19 36555 0.9461453780414538
20 17 9 29 58853 1.0344803798187658
13 29 10 5 88024 1.0952398419838778
13 3 23 6 36905 1.0391860439331677
2 24 13 5 83488 1.0750741101624335
14 27 27 26 53683 0.9376952403806077
9 6 2 27 76585 0.9467936612964931
16 28 21 9 65073 1.0944066366694754
3 5 26 8 60254 0.9489185554415844
21 20 5 17 54772 1.0376894759462179
13 8 29 22 83013 1.0492028909723286
23 20 7 5 77064 1.0265174124965286
8 2 22 4 58625 0.9853312727224897
16 2 7 10 41001 0.9364171685566657
1 27 18 21 63604 0.9906266659125303
6 14 23 20 65218 0.9218219263807655
1 18 21 1 94857 0.9495376515183707
0 2 25 23 113582 0.973264103558561
16 22 19 5 47397 1.070804879264234
22 0 16 18 70237 0.9156826548360167
18 18 14 6 38686 0.9739045917310212
21 18 24 28 45520 1.0654342437196418
6 5 28 18 87465 1.0928364437009122
24 2 11 8 58823 1.0084324781208376
2 20 24 11 97702 0.996335031815259
19 20 13 27 37100 0.968972790184664
8 23 2 18 30959 0.9796802701433149
22 25 2 2 110602 1.0289883065300847
25 21 12 28 45353 0.9527173150396292
12 28 7 8 79759 0.9016561433486253
29 24 6 20 80787 1.0638373979261229
5 13 28 22 87398 0.9515434781495059
5 10 16 28 76556 0.9554274686744315
26 6 16 5 28960 0.9142471617797501
4 12 22 1 77345 1.0400199703420008
4 27 11 13 62881 0.997156125953971
2 22 29 0 145366 1.0420975700572108
4 14 27 19 83887 0.9296681545773805
2 15 21 16 70707 1.0726388109388245
20 5 0 16 77103 1.0251028139923362
3 17 21 2 85447 0.9884260326380927
4 11 15 4 47303 1.0644755195325728
2 14 0 29 47653 0.9237818586491405
22 5 2 27 108059 0.9170311839479024
5 18 20 10 65743 0.9746713072499543
11 29 6 11 68475 1.052710758471078
29 10 1 24 126201 1.0294137780023978
14 24 11 0 91006 1.0210627850309542
7 13 13 18 33753 0.9250282681773895
2 20 27 12 100976 1.0678127867070013
19 3 15 12 36248 0.9489734032616737
17 27 11 21 32293 1.0742719991561407
10 4 17 18 59282 1.024980524569376
26 25 10 26 62669 0.9777492167488491
4 12 16 0 52424 1.0112992910154464
26 27 7 0 121338 0.9007201722818711
24 18 3 8 79500 0.9752369829186334
8 18 19 17 35244 1.0796813156601446
11 4 18 26 77571 1.0743357155567783
16 21 1 6 67976 0.954047345607934
24 22 25 4 80980 1.0311613783374887
21 6 0 11 57806 1.0345386422187595
4 5 15 15 50832 1.016368758219241
10 24 3 14 52321 1.0362092304710642
4 16 24 4 77818 0.9462715223396513
25 10 11 0 71995 1.062574068726547
20 4 11 9 41248 1.07034372068665
11 15 23 7 45744 1.0390524594554564
12 10 3 16 54311 1.0235523802002402
0 12 25 21 87407 0.9354527346881636
23 15 2 28 89014 1.0912454595331371
4 19 23 5 76653 1.0710354585758957
1 3 10 24 86423 0.9696454996364605
4 9 29 19 101389 0.9373997525750747
23 19 21 29 49570 1.0331287610593396
9 14 22 28 69045 1.0157078268149167
29 20 8 21 58375 0.9551905730366312
29 0 3 18 129117 1.0652086046908473
1 25 25 2 122945 0.9086970781899079
2 18 14 24 57731 1.0166504714230056
2 22 10 25 44117 1.0984083493215708
7 22 21 10 75048 0.9620224468245591
18 14 2 25 71878 0.9027985535771854
26 11 16 24 63916 1.0651829276779132
12 19 0 18 39056 1.091633941533976
19 17 29 25 60103 0.9072189954399322
7 0 10 26 91283 1.0575875572137643
24 2 23 22 91388 0.9308343367347183
17 0 20 18 59753 1.0768192348104733
9 24 5 7 61312 1.0752498780918016
26 15 27 2 72335 0.9664707068954935
26 10 1 6 71526 1.008216569802599
0 4 13 10 54591 0.9892221691313889
29 2 5 2 98593 1.0445036799607645
7 26 17 12 71188 1.0742892431379487
2 2 27 21 103400 0.933459246043087
29 21 9 19 57541 0.9444967159171967
25 19 4 11 82085 1.0880778384227308
3 12 15 18 52872 1.018646966422024
24 5 8 6 44351 0.9600387057811541
2 15 21 3 79948 0.9748741702418202
28 25 15 14 67826 1.0193555612588303
29 14 14 7 56068 0.9544818949140244
16 29 20 19 30032 0.9050010266688686
21 11 11 26 70598 1.0131686093132042
18 24 16 3 51411 0.9863194129489548
26 11 15 8 48617 0.9791463908989178
17 2 27 14 63416 0.9381022259396533
17 11 11 6 31001 1.075271873462573
8 28 9 1 93654 1.0727132229308949
4 19 11 7 44809 1.033586278049396
14 4 16 23 53332 1.0871642042480545
10 17 26 24 69686 0.9398632583322091
8 25 13 11 78547 1.0579304620939105
23 14 2 28 86574 0.9037186922234739
5 6 14 0 58640 0.9518484520550885
2 2 14 2 66542 0.9378022624393413
26 29 13 12 84606 0.9331259748448268
28 29 18 20 61662 0.9157808641721199
6 3 21 8 43082 1.007695578041391
0 5 4 15 35986 0.9003407621386535
13 8 22 24 76984 0.9107869396433297
12 24 17 6 56493 1.0836255137426745
15 13 4 28 73199 0.902586934401923
3 2 21 27 106229 1.0596890518758504
20 27 28 4 100113 0.9231896899103195
7 21 1 14 36336 0.9090745578439122
19 10 8 12 52003 0.9258828072738453
20 27 8 6 78998 1.0342550890317936
19 24 7 1 86208 1.0885127547632616
13 26 26 29 48373 1.0288492389805761
26 13 29 5 53278 0.9491448743226032
15 29 27 17 66979 0.9612128277682795
11 18 13 0 75722 1.0753240835152131
20 14 7 1 63965 1.027987086092528
12 11 14 26 59282 0.9300425500651657
9 7 4 29 70274 1.0173076113795032
6 2 1 18 51758 1.0273256907969492
12 25 16 2 63467 1.028525384990943
27 20 9 9 86317 1.0019109999494122
14 28 22 13 56600 1.0096215185845436
16 4 19 28 60346 0.9469357512047893
22 16 3 12 76504 1.00268868391196
10 14 1 25 59905 0.93416112659647
18 15 15 24 33317 0.9771945428216012
9 4 25 28 99446 0.9643144557256916
23 26 8 26 53592 0.933991078586908
7 9 13 18 51190 1.068419815319252
9 22 11 14 44283 1.0506315554816388
24 3 24 15 61144 1.024706717378567
6 25 18 0 94375 1.087317524573421
1 16 20 10 81352 1.0779020836910684
16 27 10 0 91746 1.062198527209463
23 26 3 25 73257 1.0370237406419556
26 13 9 13 58899 1.0175509581734639
11 20 28 15 74774 1.035671031120613
26 11 1 7 72805 1.0827932415068235
7 3 22 29 100215 0.976418297812609
29 8 14 3 50220 1.074269165033484
11 1 5 25 93421 0.9922672435826501
25 16 8 28 77812 0.9005555951947575
11 8 2 23 69847 0.9607451854073313
3 25 28 26 91765 1.089340494540425
24 12 15 23 61826 1.0264762240680594
18 24 1 11 85038 0.9650607161711344
2 11 23 18 84730 0.9929380437076973
10 6 26 11 60382 0.9925313187827567
21 0 24 15 72784 1.0478285675080439
26 16 11 15 57365 1.0378304253097903
29 5 0 18 104329 1.0313121766270124
10 24 26 9 98102 1.0733477489098882
29 5 15 24 82465 1.0845950288806558
11 19 3 12 45962 1.065257852946106
14 1 1 25 108735 1.0184927668480124
23 16 25 1 71315 0.9509436125669528
27 14 22 19 36356 0.9822615841461387
4 12 24 26 91691 0.9756929976953119
0 2 17 17 82482 1.0343683039672233
20 10 17 23 49031 0.9126898029458314
17 22 28 29 61073 1.0375259572147848
5 27 13 5 87691 1.0633540005076794
3 23 17 26 53316 1.0657958987748124
22 14 6 6 54005 0.9960473252368344
1 10 28 9 83709 0.9927831908058115
24 11 9 16 75405 1.0301340226390676
0 18 21 23 69150 0.9003118017045109
23 15 12 10 52858 0.9765483032679484
6 24 18 29 49354 0.9558698174886644
11 0 20 1 53735 0.9031307573403472
27 2 2 14 100185 1.0000995234908379
24 20 5 16 72396 1.045778001342594
28 0 5 16 120820 0.9123879935550508
29 19 3 8 102478 0.9249335548996578
17 27 2 13 79823 1.0826342420980588
28 20 1 21 69919 1.0915670917737044
29 6 4 28 113580 0.9880977083219519
23 26 0 16 89495 1.0909983612729652
17 26 11 5 68140 1.0877144385182633
25 14 15 22 45654 0.9986564381721962
15 7 1 15 56234 0.9303957687364796
3 3 23 8 53640 1.0562895917296111
29 25 26 3 114922 0.9621167608628438
4 16 18 14 46974 0.9163750275845443
10 8 15 17 48854 0.933599396956555
0 27 10 7 74800 0.9084651242789533
6 22 7 13 28923 0.9074832328202087
28 20 9 21 50852 0.9922746954064742
2 29 21 21 67297 0.9545455742866402
25 2 7 13 81584 1.0937765579899457
12 1 3 15 64050 1.0493768818584233
18 3 23 12 47573 0.983903415514995
26 28 2 17 91897 1.0023814675011247
25 9 10 8 43684 0.9671854566345768
29 16 10 9 87713 1.026359989970257
5 5 20 8 40253 1.01849953996612
19 1 7 18 78809 0.9680833496064275
11 21 23 28 45796 0.9498295394870683
11 15 23 16 48419 0.9701955253994042
14 26 26 4 84196 1.0079579496591515
12 6 17 26 59109 1.033720717375507
13 2 5 16 68265 1.0011055375938838
14 22 20 2 68040 0.9725084985896305
29 1 9 28 133955 0.9510015969351056
17 9 26 8 37115 0.9784527509227232
26 26 6 23 77641 1.0776472768687433
24 7 10 22 69867 0.9376666080750329
6 4 14 25 71847 1.0958758662194878
6 28 28 12 108664 0.9426084797211955
24 22 17 2 75614 1.0761876976417661
6 2 26 15 81944 0.9316484726361804
17 27 9 8 70060 0.9780366907350352
0 24 17 7 80101 0.9029626138643773
16 11 8 6 25854 0.9882761306333432
7 3 8 13 37925 0.9891400849625054
6 7 0 15 38164 0.9199200671363352
7 1 19 25 88082 0.9236430142142777
16 5 15 23 45202 0.9979600128808874
5 4 10 13 50898 1.0587622580479534
24 11 29 2 66325 0.9501352606929724
3 19 26 23 78008 0.9936982505339766
17 19 23 15 33982 1.0089287836479428
29 1 28 14 87919 0.9653092781310436
1 27 2 12 57658 1.014735950094264
21 11 6 17 67246 0.997939513744222
17 17 1 7 62593 1.061004559953249
6 18 17 29 55562 0.9393487401254514
15 7 24 18 51377 1.0659741520007153
14 1 21 19 69984 0.9262186478523816
2 14 17 21 58340 0.9965390527107609
1 2 6 28 84962 0.9476034833398349
21 24 12 12 60079 0.9276240566200923
22 28 19 2 87771 0.9772022100363673
6 10 8 2 29458 1.0742935493770198
1 16 23 27 91432 1.0588050084388627
3 21 27 19 71328 0.9698839938412116
7 16 24 27 85919 0.9570931198289764
21 5 4 11 52859 1.0273780028831088
11 11 6 3 42022 1.0279013815888582
14 14 29 15 45907 1.0891392637899877
18 24 27 2 93603 1.0895511503856006
8 14 0 17 35469 1.0398628407966395
21 10 8 26 83719 0.9836643814043551
9 25 23 5 85676 1.0960450450218007
7 10 14 22 65045 1.0720101756349054
23 4 27 28 104864 0.9654646825134976
7 24 12 17 40430 1.0461600443263785
1 21 8 29 36986 1.011880040304072
9 9 13 0 48770 0.985357244490509
6 5 25 25 94411 1.0562210335508577
28 28 26 18 54562 0.9651514121440734
27 29 11 27 57535 1.0553642318174121
22 0 7 18 96450 1.0152813996855947
29 19 19 0 101073 1.0899579982639656
14 10 25 26 82893 1.048497655428956
14 2 4 24 89285 0.9570345811141003
3 17 14 16 47097 1.0193412028128652
21 1 11 18 72886 0.9574791869843838
20 9 5 5 43886 0.9308988953316387
15 20 7 3 65775 1.0486426732695526
1 22 25 4 100931 1.002851899667347
6 22 28 9 100196 1.0113559894134443
25 8 6 8 45902 1.0527626107904084
9 20 26 28 64247 1.0981483473860583
2 17 9 2 66007 0.9571814950501469
26 17 17 3 74291 0.9621844667795505
29 21 8 21 51093 0.9472520343490656
14 6 26 21 62674 0.9163452847640794
9 2 3 23 74858 1.0200120107123691
7 11 18 12 50241 0.9131916772165631
6 23 5 1 64439 1.081844949193494
24 9 0 28 117941 1.0459728239829322
2 29 16 14 73658 1.0916364778928584
11 5 1 4 45998 0.9086679693917064
28 19 4 0 110694 1.07892979233974
20 15 5 5 59509 1.0863411063200445
28 13 5 19 86556 1.0221351224980861
8 16 18 26 56169 0.9130082936189536
12 20 19 17 30977 0.9875392376078952
14 8 13 27 70143 0.990442351560517
27 27 13 7 93093 1.0500919708019274
5 4 26 24 104305 0.9430568586945329
28 6 7 21 86448 0.9352630155264985
28 8 6 4 59320 1.0335395493909334
9 18 3 25 34355 1.0452976033278079
28 27 15 18 66291 1.04107213388024
9 2 8 22 71791 0.9992394059521296
26 23 10 21 52909 0.9672026584974208
4 7 21 13 58616 0.9989886627717176
20 15 6 18 50055 0.9316745509400166
11 22 4 7 57772 0.9992226063569613
21 13 7 15 50361 0.9915357502185708
20 14 7 23 59272 1.009885383070211
17 12 0 9 56848 0.922803894480077
18 16 2 15 61180 1.068737696559596
7 12 19 23 65895 0.9781471340102115
23 14 19 21 27571 1.0376023182845977
0 4 25 17 97524 1.0250576651003689
24 18 21 0 77647 1.0566571719281084
28 7 25 0 34979 0.9009561868901448
25 25 20 17 40224 1.001600114682424
28 16 8 12 80775 1.0250155521645528
6 20 15 25 38593 0.9656781012194409
12 22 24 19 45906 0.901844569802276
12 12 1 0 71317 1.0502652221662734
2 2 15 24 89915 0.9060218938819079
26 17 9 21 59205 1.0102286503801508
29 28 11 12 93168 0.9059287702225763
17 29 16 0 69627 1.0701781123270364
5 16 28 2 107898 1.0002478371905974
19 16 5 24 63479 0.9044476191292147
27 4 6 28 115267 0.9890683577179328
21 3 27 20 85580 1.0875946609316873
29 25 28 1 137239 0.9889932975228468
24 22 3 27 76632 1.0559766839168039
28 11 0 8 91456 1.0196141632714422
5 11 17 18 57525 0.9633292064012756
3 17 1 3 50515 1.0997025806750182
13 5 0 3 52752 1.0983281062740764
28 23 16 2 85102 1.0805452709819394
1 3 29 8 79321 0.9418989621981448
25 1 6 16 88053 0.9172667826361391
21 11 26 27 78923 1.0022120403081844
24 22 9 5 80846 1.0146349545891709
26 17 8 10 83610 0.9416664150930135
22 25 10 6 82565 1.0775545597667355
2 11 14 23 75177 0.9290050178895334
3 21 24 2 107646 1.0633460688429808
21 9 10 25 78345 1.0680112031148434
3 24 9 19 33713 0.9157144055857361
15 10 16 22 36085 0.9880028949494566
23 29 16 9 66626 1.0812867034558422
13 24 14 14 41598 1.0332465510425375
0 7 16 18 59701 1.0232202323001205
20 7 1 17 71264 1.051809106342656
19 15 8 19 46206 0.9190840950530068
24 28 5 28 53979 1.0723407125516387
8 29 26 1 122112 1.0510090262763612
2 17 8 7 45184 0.9046288424731784
12 27 28 6 91951 1.0432482250569044
4 14 24 28 84642 1.0265403180888715
16 23 13 16 35030 0.9072435535245219
9 25 21 25 47188 1.0523699315213275
1 20 26 8 93216 0.9989642820436238
0 6 22 24 101675 1.099487708546948
9 23 22 7 68486 0.9921208812745084
26 3 8 9 63553 1.0988066600765043
24 12 7 13 66849 0.9589150168040246
26 25 11 19 63365 1.0019208183798567
17 28 27 17 63222 0.9159368401424616
28 10 17 13 61727 1.0752929592096134
3 6 23 6 46336 1.0815869175443378
7 12 2 4 42685 1.0987770653514963
0 22 18 25 57995 0.9077676766645294
21 1 21 11 46799 0.9989601932837244
23 3 0 3 80156 0.9261539201260851
9 12 27 17 83313 0.9633520578551303
8 2 1 27 90859 1.029678455826531
10 4 19 9 43750 0.9144623198100917
11 10 23 20 72028 1.0319618579759338
15 29 13 14 43999 1.0957259685388763
0 2 27 14 97877 0.9559486593612808
10 1 17 14 62424 0.9829374226609017
18 4 15 14 31138 1.0614660972680066
20 28 12 3 83205 1.0164600947573619
8 5 24 7 35767 1.099480463808006
25 3 16 4 40645 1.0682795433108723
14 13 2 16 55210 0.9129733799524232
15 25 20 7 49167 1.0338323444970379
7 18 1 7 41710 1.0009921353412992
29 17 18 20 47359 0.9468157230408346
15 3 22 24 75030 0.9395444394786149
9 5 19 4 40915 1.0833474412853623
18 29 6 22 51777 1.09990399075407
19 14 8 20 49491 1.0770482101508982
6 9 0 4 29948 1.0890615454788592
17 29 19 15 48628 1.0118919187481659
9 2 15 10 47226 0.9319394617216287
26 19 4 19 70692 0.9000304875125985
1 2 7 20 65639 1.0177036912908013
9 3 27 11 77883 0.9640082078478474
16 13 24 25 58817 0.9079293770094227
28 15 12 6 69968 0.9623850034466149
26 15 3 18 79342 1.0311352307456367
20 13 16 2 39776 1.0398220700515455
27 18 15 16 46112 1.0716268662255448
10 18 29 4 88056 1.089738891347481
4 18 28 12 91217 1.0668786573668538
6 14 9 25 44016 0.9071454834867024
1 3 23 13 86132 1.005414154615286
6 18 28 14 70565 0.9984769417748348
4 1 6 14 36394 0.956569152823006
2 22 27 23 78734 1.0934345870141384
9 1 0 10 51061 1.036832654480705
19 18 5 1 73649 0.9459613036567749
17 2 10 28 81687 1.0299726138163456
17 7 29 3 52552 1.0478208999544874
25 28 23 2 108576 0.9124160188965373
25 27 9 24 64882 0.997111895634468
26 16 4 19 81140 0.9058153408068259
29 1 27 19 108045 0.9490761549507041
16 21 9 9 54648 1.0741116438697889
4 0 3 16 44957 1.0487527764786226
18 6 5 24 78540 1.0702709518096212
18 15 3 9 58922 1.015251336687103
7 27 20 15 68798 1.0619358167234376
7 16 18 9 59743 1.0836278201953982
0 8 24 2 80427 0.9000801097872756
2 29 22 12 101165 1.063678820508383
12 5 7 20 59626 1.0931637914764105
8 14 28 27 96216 1.0142038588585756
20 17 6 11 59063 0.9035207760326179
22 16 9 26 67404 1.0886668203034506
5 0 24 26 114357 1.088994181582003
3 17 12 6 48572 1.0446662154148216
5 16 15 0 75549 0.9372019842978091
4 19 3 5 40268 1.016412527913151
19 23 14 17 33389 0.9515407605378862
29 11 22 17 58944 0.9636744000707459
10 10 10 21 58410 1.066706574313797
10 14 25 0 79750 0.9336212517024829
7 12 14 29 75907 0.9994907262810137
13 10 3 18 64562 1.0655391700428851
13 18 4 20 31424 0.9740331447412646
2 20 28 16 95028 1.043825950709654
21 4 13 9 44357 0.9913622302596958
25 24 17 27 42831 0.9223578801218847
21 24 20 10 49246 0.9730120524358714
28 15 2 23 99992 1.056407100488824
8 11 26 4 66334 0.9504539325979902
4 14 26 24 87697 0.9369068504181991
19 6 8 16 55397 0.9383112428145539
1 13 16 26 74256 1.0388260162479437
7 14 25 27 86787 0.9118791759120833
6 24 28 27 82722 0.9873086680366187
15 13 5 29 78183 0.9856412165520763
7 26 22 28 50747 1.0503624479621703
8 27 7 7 67676 1.0532884508635791
13 11 22 25 74362 1.01413258622208
24 6 14 10 37146 1.0124096960488207
5 10 5 25 50319 1.0680648343276515
2 26 23 7 93783 1.0776171419575167
16 11 9 16 40835 1.0401634623679736
8 18 26 10 78913 1.0512288787202828
11 9 0 20 72027 0.9901854475966685
28 28 29 11 100715 1.0241388263858802
23 20 16 4 58290 0.9753951943261343
13 17 5 14 41037 0.9125255793870357
0 20 24 17 78080 1.0849350843842702
2 8 24 14 73232 0.9035821591566173
14 21 18 6 42960 0.902733144704837
4 5 29 18 92156 1.0132662723835453
14 17 18 0 60079 0.9550034556564346
7 20 7 6 44885 0.9721752205481355
22 16 17 23 41001 1.0583601434659498
0 11 23 25 105669 0.9126822265845823
21 23 13 15 49068 1.0295138850195993
1 12 8 29 71361 0.9500624708929464
28 13 7 9 82839 0.9675522481057135
2 23 15 26 58549 1.0345256119714077
21 28 12 23 42870 1.0597039167361852
21 4 27 0 50797 0.9272693594560346
16 4 5 11 43221 1.0334244851135892
9 19 13 9 61890 0.9199978448150429
13 27 5 4 92490 0.901884771454331
29 26 8 16 96935 1.0376191109002115
8 14 28 1 101393 1.0638323008469013
3 7 4 26 52641 1.0675166665255769
23 16 2 18 72631 0.9555136802650559
26 18 26 7 51128 0.9770531612001465
17 24 7 8 65353 0.9141735506238485
1 2 6 14 47737 1.0766969165413367
19 0 5 9 64632 1.059193803831114
20 24 19 13 33112 1.0444102385647285
18 28 25 5 77179 1.087034636271733
8 5 19 23 67653 1.000110496929576
23 26 2 15 89380 0.9215473786047372
28 16 5 18 83771 1.0006674488444856
13 11 29 11 81732 1.0401898995054835
1 29 23 8 107938 0.9753942708193475
12 9 22 24 79103 0.9897627503679086
28 23 10 17 71903 1.0926009204656086
20 8 22 24 63197 0.9473649015669698
10 28 9 16 53269 0.9845527834675168
14 26 19 21 23410 1.0671917721130364
21 19 1 11 88665 0.9170081147325323
7 1 21 10 60209 0.905021319392778
29 29 28 3 138444 1.0958647721738775
9 3 19 1 53551 0.9557073871148367
15 28 21 20 30715 1.0692480682127126
5 21 7 0 63108 1.00123276808059
4 21 27 0 123545 0.901210012863051
13 19 28 3 88816 0.9602270870550679
20 20 0 4 85948 1.080888768648646
6 22 11 6 58623 1.0405647996574334
26 1 4 9 79141 1.0635775896915942
9 14 14 26 56025 1.0001715013461911
25 15 17 20 46186 0.9533262402025499
1 11 27 12 100480 1.0545053075040551
12 2 4 9 41133 0.9999074138781494
14 27 25 27 40733 0.9547401657041286
8 11 2 23 55091 1.0444262727003693
8 6 4 22 51194 0.9244899104983643
8 1 10 19 71536 1.086552822984459
21 19 8 22 41587 1.075677947275032
24 21 15 8 55418 1.082339808018956
14 26 3 24 45808 0.9321344267977457
19 27 2 15 80380 1.0539246825301485
7 7 22 21 63181 0.9098525991181229
13 20 2 25 48118 1.0305460829251798
26 6 2 5 63640 0.9203694192652264
1 4 21 4 66525 1.085276802308387
0 0 28 17 125752 0.9848904583243034
5 13 24 2 87413 1.085333903920325
11 2 14 26 84159 0.901521086498212
20 16 11 18 33196 1.0528406166279016
13 1 12 27 92222 1.0018151504784427
17 6 26 1 53850 0.9047897257624515
1 9 11 23 78675 0.9177862435741277
1 20 11 22 34234 1.03658547448484
28 6 25 25 89525 1.0164384632749568
