5362 5982 5574 4621 4610 5147 6632 5128 6427 4230 5887 5553 5440 4592 4142 5712 4271 6532 5453 4404 4828 6720 4427 4287 4886 4465 4422 6242 5010
4380 5021 5035 4141 5989 3813 5586 3848 5784 6070 4846 4724 3800 5634 5805 5963 5001 3451 5617 3976 3623 5144 3611 4775 4248 5943 4721 5162 3538
4136 2519 1994 2474 3288 2563 2862 3330 2636 4092 4236 2014 4265 3125 2377 3824 3069 2278 3868 4235 3238 2038 4184 1888 2520 3833 3859 2900 2895
4112 3617 5007 5322 4497 5537 3020 3600 3690 4290 3174 3333 4948 3593 3168 4580 5356 5102 3658 5077 4536 4514 5637 5622 3072 3211 5215 4961 3043
5157 4586 5593 3710 5173 6232 5406 3985 4254 5670 3870 5320 5965 3829 6341 5471 6297 4197 6138 6219 5008 6357 5149 3739 4566 6056 4252 3862 4358
4626 3950 5628 3917 5466 4443 6432 4413 6043 4118 6193 5078 6096 4189 6337 5883 5647 6270 5153 5048 4839 4995 4738 5264 5932 5999 4388 4777 4179
4842 5783 4983 7101 7272 6152 6890 7258 4928 5479 6132 7494 6630 7386 5814 4992 6570 6118 5203 5005 6648 7169 5729 6699 6760 5714 6563 6965 4918
7315 7058 6871 7761 7989 7389 7702 7127 5577 5712 8017 6155 5533 6178 5872 5627 7647 7487 5835 7854 5689 7507 7362 6718 5752 7208 7396 6731 6364
5034 5962 6117 5184 5841 5948 5448 4771 4875 7116 6207 6323 4934 6315 6673 6945 5508 6367 4724 5018 6460 6000 6219 6317 5140 6981 7162 6004 5736
5682 5204 3888 5949 4625 5119 5635 4187 4235 4560 5273 3606 5755 4616 5661 4291 5227 3589 4230 5265 5642 3586 5157 4585 5709 4007 3726 5336 4939
5251 5026 5703 6610 5476 6074 4670 5615 7163 5117 5246 6620 5419 6426 6344 5323 6232 5627 5264 4648 4887 5353 7147 6658 4702 4869 5695 6402 5290
5008 4091 5189 4816 4334 2734 2921 2749 3384 4413 3274 4844 4553 5201 3530 2658 2833 5154 4109 3287 4552 2610 3224 3024 2920 4784 4885 3675 4263
5517 4941 5212 4826 5812 5701 3875 6057 5132 5384 3978 5606 3652 5148 5036 3744 5937 3923 4996 4989 4034 3631 3881 3714 5778 4927 3871 4415 5159
3419 3270 3339 2888 2266 3560 2799 2714 1716 1610 1769 4037 3548 2681 1509 3596 1723 3964 2541 1939 3175 2325 2557 1986 3597 3906 1613 3166 3691
2290 3768 2568 3336 3832 3417 4891 3113 4148 4125 3556 3381 3651 2393 3887 2875 2832 3185 4302 4253 3201 3465 4249 4822 3931 4760 3666 2865 2386
5702 5662 5771 5425 5464 4290 4886 5573 4562 4208 3493 5313 3727 3418 4639 4420 3328 3881 3401 3436 3226 5475 5382 5832 5774 5835 4588 3343 3717
3667 4549 4530 3413 3744 5128 3663 4803 4686 4422 3423 3525 4446 4426 5192 5321 2895 5311 3893 4890 3925 4019 3356 4128 4329 3058 5190 3716 3351
5053 6324 5444 5473 5836 5724 3995 3975 4439 5569 5756 5900 4435 6551 5459 6376 5750 6428 5689 3936 5935 4938 4554 5932 4371 5670 5601 4432 6071
4027 5046 3404 4769 4150 4865 4429 3845 4864 3762 4150 3213 4834 3080 2958 2874 4714 3021 3803 2636 3562 3355 3456 4652 3787 4468 2878 2653 2776
2291 3671 2007 2435 3715 3388 3326 3017 1867 3974 2639 2230 3344 3388 3853 2011 3478 3116 3781 4173 3789 2522 3326 3365 4476 3431 3807 3867 2590
5547 5400 5231 5611 5054 4627 6922 5369 5856 5329 5917 5795 6373 6252 6824 4871 5823 6070 6426 5251 6559 5820 6936 5740 6527 4876 6845 4360 6537
2456 3424 1837 1401 1659 1624 2298 2162 1508 3274 1526 1968 2832 1590 1437 3513 2329 3403 2501 1418 1864 3762 1605 2009 1844 2898 2779 2392 2613
5382 6010 5868 6872 4612 6049 6033 4963 5260 7016 5674 6704 5416 7127 6269 6057 4529 5040 5024 5163 4924 5999 4735 6278 5173 6362 6806 5969 6296
4038 5402 5457 6471 4191 6053 5208 5079 5697 6620 4498 5565 4220 5332 5132 4932 5334 6227 5471 4481 5372 5433 6539 5642 4239 6226 5232 5152 5191
3502 5158 5135 4435 4715 3276 3638 3507 3940 4001 3278 3322 3218 5433 5111 3606 4918 5279 3519 4449 5304 5764 3991 3968 3752 5744 4137 3336 4976
4421 3258 3420 4272 5303 4296 4452 2943 3265 2968 5279 3995 2938 4679 3438 2909 4335 4935 2773 2869 4984 4125 3068 3796 3006 4178 5122 3590 3758
5107 4100 3566 5186 2932 3662 3370 2920 3943 5279 2952 3884 3364 5262 2908 4785 5330 3179 4343 4036 3514 5223 4243 3205 3535 4402 4923 5251 4732
7761 7098 5372 6358 7787 5971 5588 6501 5655 6044 6335 6870 5702 6581 5883 5842 6952 7333 6939 5314 7640 6196 5706 6935 5958 6322 6352 7327 5504
6685 7579 6954 7865 6061 7084 6234 5995 7945 5919 6612 6727 8069 7598 7941 6722 5647 7986 6136 6726 6960 6124 6434 6304 5649 7288 7262 7506 7252
4030 2760 4178 4262 2875 1902 3656 2106 1938 3942 2068 2971 3528 2608 3570 3878 2024 2470 3565 2590 2089 3216 3901 2086 3808 3589 2560 1828 1828
7312 7094 5318 2919 4567 5834 4180 3966 5741 4185 4712 3862 5525 6035 3598 8412 4206 3990 4320 4770 3689 4857 4967 3099 2539 4533 7471 3583 2898 6656
6263 6403 2695 4308 3919 5010 3174 2612 6095 2926 4379 3813 4516 7886 3902 6455 5590 2729 3562 3435 2929 5281 5293 2449 3057 6082 5135 3378 3756 5488
7601 5806 3834 3646 3930 6756 3665 3310 6237 2918 3627 1372 4799 8235 3933 8270 3445 4323 5226 4903 3516 5167 4960 4940 2555 5432 6376 2536 2716 6436
5660 7145 3272 3571 5986 5927 3466 3447 5804 5078 6049 3754 3666 6691 3991 7232 5090 3078 4911 4034 4997 4169 5129 2611 2192 6704 5858 2555 3763 5003
8021 6621 4778 3594 5867 5891 4014 2162 6379 4775 4488 2545 4071 6265 3134 6824 4038 4257 4002 4355 4935 5152 7303 4046 2197 6400 6186 1940 2928 4691
5966 6644 3378 4138 4129 5150 3216 4062 5666 3684 4195 2713 3591 8161 4467 7765 4496 3366 4986 3672 3243 4110 6296 4145 3634 5477 6559 2381 2712 5100
6348 5894 3267 2957 4668 5485 3132 3713 6561 4194 3608 3113 4094 6548 2303 6974 5761 4687 3392 3900 4347 6182 6499 4934 4147 6036 6828 1933 4129 7042
5680 7111 3952 2608 3725 6964 4473 4490 6646 5275 4617 1632 3904 6102 2867 7081 4688 3472 3004 3055 2984 4493 7157 3326 3976 4814 6109 3520 4290 6078
7937 8253 4761 4303 4609 5797 3148 4375 6359 3278 5712 1961 4294 5845 4093 6417 4555 3375 2869 4403 4090 5426 6451 2976 1767 6579 7412 1967 4098 6781
5861 6412 3506 3228 4949 6009 5711 2696 6847 2950 4813 1769 5296 6451 3405 6612 3370 3273 3473 3994 3240 5145 5321 3955 3784 6461 5954 2435 2273 5943
8104 6238 3687 4600 4413 4891 5273 2822 7491 5185 4568 3258 4180 6636 3307 8424 5638 2647 4638 3193 3189 5708 7004 2936 2255 4675 6699 3710 2817 4900
6832 7812 5138 3285 3733 5888 3495 3442 6257 5131 4246 3328 5336 7571 3094 8397 5248 2665 3227 4278 4198 4974 7003 2467 3148 6317 6447 3133 3010 5980
6018 6207 5141 4198 5119 6718 3352 4005 5813 4748 4176 2033 4209 6964 3448 8274 4901 5082 3217 3489 3121 5572 4659 2800 3005 4586 6320 4178 3163 6931
6146 7121 3779 2755 6212 7023 5276 4006 7020 5142 4921 3361 4033 8091 2397 7842 5271 3524 3587 3364 4987 6327 5214 3609 2230 4713 5111 2894 2735 4975
7250 7151 3129 4241 4493 4759 3466 3435 6662 3038 5588 2243 4271 6261 2963 6671 3699 4848 4404 5349 4972 5938 6001 4233 1927 4268 5478 3756 4273 5262
8027 6847 2866 4217 4296 6712 4217 4226 5566 3464 4503 2906 4692 7517 4944 7626 4725 3137 4790 3623 3887 5833 6175 2781 2888 4920 7416 2698 3023 5256
5547 7852 4902 3777 4161 5633 5494 2714 5711 5111 5028 1723 3159 6816 3106 6573 3804 4049 3928 4129 3616 6373 6798 4504 3496 6414 7214 3657 2876 6525
6480 6152 3101 3078 5493 5878 4924 2667 5698 3699 4881 2088 4694 6843 4348 8426 5947 3715 3195 4207 2689 5440 6440 3074 2438 5153 7241 3909 1991 5928
7811 6282 3669 2530 3740 6300 3332 3093 6876 3779 5513 1611 5425 8227 4848 7791 5515 2868 4940 4024 3897 4257 5748 3373 2741 4628 5632 4236 2216 6646
6056 5721 4813 4443 5477 5126 5244 2480 7339 3905 4990 3656 5324 7759 2394 6320 4977 3421 5152 4669 2498 6311 5413 4162 3576 6438 5652 3535 3912 6558
6082 7630 3790 3907 5126 5314 4153 2389 7303 4621 4773 3403 4102 6852 4731 7658 5873 4759 5292 3335 4102 4262 4970 4532 3761 6743 4950 2186 1847 7202
7218 7263 3222 3194 5482 4905 3498 3063 6620 4334 4557 2742 5330 5721 4845 6308 4121 4732 4088 4510 2728 5790 5411 2416 3975 5783 4894 4183 3858 6936
7863 6675 5302 4127 5815 6417 4042 2083 6066 4780 4194 3765 4480 6368 3146 7747 4991 3900 3668 3506 4570 4115 5871 3086 2701 4664 5150 4265 2992 7114
5541 7745 5222 3414 6171 5284 3696 4584 7926 3727 5015 2830 4580 8108 2709 6357 4915 5095 3441 4084 3692 5137 5410 4111 2208 4164 5491 2446 4136 6002
5785 7535 3095 3047 4315 6641 5664 4129 5873 4342 5835 3035 3858 6268 3366 6449 3425 4320 4075 4017 3431 4555 5448 3854 3046 6018 6314 3163 2806 5897
6894 6462 3014 4522 5244 7330 4157 2286 6366 3669 4769 1990 4801 6723 3399 6897 4646 4757 3990 5197 3337 4136 5692 4053 3552 5256 7085 2596 1960 6523
7132 6561 3508 3890 5939 6121 4625 3171 6882 3100 4624 1567 5599 7967 2972 6304 4575 4155 3959 3813 2969 6295 7193 4186 3253 5441 6403 3905 3518 7213
6390 7645 4055 4084 4209 6242 3114 4310 5559 5422 5609 1804 4405 6926 2360 7764 3514 3552 4177 4710 5132 4030 5563 4088 3855 6331 5085 2014 3262 5131
7973 7385 3747 1979 5906 7157 3193 4584 6224 4156 5459 1596 5758 6807 4066 6813 5020 3358 5152 3346 3254 6311 7226 3743 2507 4935 7223 2792 4049 5879
21 8 3 29 104468 0.9123274544644843
14 1 11 20 61270 0.9786072352813734
20 0 14 12 50262 0.9677868213291463
9 19 14 28 41811 1.055903409439442
19 25 17 5 70862 1.082074961596807
3 1 26 15 110158 0.9238499100898442
18 12 3 6 59414 1.0286256972893264
23 6 16 16 52254 0.9026916620942879
2 10 15 12 42631 0.9615055018858543
11 2 3 4 37574 1.0570051717944677
8 28 21 29 40847 1.0166947897160543
13 17 28 27 71637 0.9835075609634716
23 9 7 26 98097 0.9953489877485538
25 27 3 17 97118 0.9324630890073143
10 5 19 21 72175 0.9976367877232931
23 20 5 18 71232 0.9893922843764082
11 5 23 18 66008 1.0481395761320462
11 3 0 7 50410 1.0935749994864925
8 8 4 27 89033 1.0782906708336644
20 6 0 24 106031 1.0286926463109598
17 10 9 13 35738 0.9024486442890834
2 2 9 22 93870 0.9649376990829388
29 25 5 26 86029 0.9160179563270806
2 28 4 19 37087 1.0195299077142275
24 16 0 22 100498 0.9797946568976658
16 21 29 7 71101 1.0399688073923863
15 18 10 3 59612 1.063373725596572
9 1 15 16 66849 1.0758842608602364
6 10 10 1 60043 1.0443616734230656
2 8 22 17 77834 0.9071450830970959
0 13 20 15 75955 0.904983196530296
21 25 3 20 72425 1.0153127806066924
0 13 25 21 105230 1.0294742050621408
3 15 0 2 51902 1.0510216231495126
17 15 11 24 48508 0.9614321703951775
23 10 23 29 62462 0.9989469786253178
2 9 6 21 58866 0.9530702179540373
1 27 21 21 73215 1.0332732381089231
25 21 1 1 124056 1.0460433978479267
20 12 9 3 56119 0.9815728273641359
29 11 19 29 67822 0.9120800199203375
4 29 17 15 84888 1.0600132833091442
2 8 15 27 89789 1.017287884984569
11 16 29 4 79998 1.0903386241965571
9 22 21 13 67789 0.9348672415884385
29 3 22 10 44263 0.980047389344693
15 20 23 8 60375 1.0171577367227198
1 11 9 22 70208 0.903052993251794
21 24 2 20 67065 0.9939596069390783
20 15 25 10 33136 1.0271098653210666
9 28 8 16 59715 1.0021707692386932
22 12 24 28 54492 0.9284871898284245
21 26 17 16 41817 0.9757809664202755
25 2 16 7 37527 1.0263091099948058
13 17 18 27 42599 0.9992178355517192
6 13 14 1 59273 0.9437992343259534
21 20 19 8 36184 0.9135293205991482
12 28 29 7 95563 0.9670099234240723
6 24 10 17 44536 0.9795196888253284
14 20 24 10 59267 0.9972170260546471
17 12 6 18 53705 0.9224836636906444
26 15 8 7 72903 1.0612044952518378
24 3 3 13 81565 0.9533614967952073
22 21 0 3 109820 1.0007374858232516
13 29 5 2 104416 0.9680865499084923
24 11 11 18 56025 0.900897351998524
5 17 21 10 66373 1.0766582471272328
14 13 29 23 80345 1.0285157873571054
7 10 27 12 65788 0.9643873323869155
23 22 4 22 73908 0.9434300789942109
10 20 16 25 31925 1.0475421900981987
27 20 15 21 44642 0.9186513165057496
14 16 14 26 35048 0.9083934185186167
23 7 21 26 48589 0.930244257615236
15 29 11 12 63612 1.0544821317929811
20 24 2 5 102074 0.9055436948359942
12 21 9 11 43081 1.0268778944695758
21 8 6 4 66250 1.0940449048149774
8 1 19 18 84596 0.9190718192458673
9 12 2 21 52989 0.9283157706943985
13 5 18 18 51183 1.0039041345260489
27 16 4 2 114655 0.9766059564813525
29 21 2 29 102556 1.055326784321729
12 13 14 4 33937 1.044862138643048
8 1 12 8 46250 1.0705885767723957
18 8 22 27 62212 1.0303359208871554
23 8 4 19 94726 0.9370180342869916
5 21 19 6 85739 1.0637147194385468
0 21 9 22 48159 0.9454198264798382
22 20 18 13 32382 1.0100373408030672
0 28 27 27 87271 0.9323950163948818
6 24 20 16 69903 1.0732171389465222
7 16 15 25 53750 0.9633258240217534
24 17 19 0 59167 1.0371859319747034
10 15 27 3 83291 1.0275170352363794
3 17 0 28 45818 0.9563325270960716
29 21 8 28 82447 1.0032857900973065
11 1 20 28 99067 1.0126967228044244
27 19 9 20 70003 1.0832172607572357
8 5 22 16 71957 1.0495128377058376
24 1 16 3 38476 0.9982051617356773
18 3 20 18 48696 1.0581277341682327
21 1 3 20 101753 1.0641177580098276
19 18 11 13 43828 0.9868927995825332
25 6 20 18 49145 0.9439667492648789
11 8 14 25 58174 1.0465113380646542
25 19 6 5 99422 0.9251200760822954
12 16 19 20 38663 0.995533024716679
18 20 1 11 74745 1.099511185923335
21 7 28 23 62486 1.0848555936413016
8 12 27 25 93968 0.934217914957743
7 10 18 26 78813 1.0220065581268631
23 11 29 27 61275 1.0612554674023764
21 15 19 28 38076 0.9112729276582056
13 23 6 26 36542 0.9348290194469621
25 2 2 22 115454 0.9399183689779396
13 1 24 29 103028 1.087628739175126
8 12 4 18 45615 1.0230869160012637
21 0 17 16 53311 1.067485097871784
20 5 18 18 45444 0.907247513169677
5 17 20 28 78041 1.0687967849238091
24 16 17 5 54185 1.021625495696344
26 5 2 18 101068 1.0160069181649212
16 29 15 3 87382 1.057374580533143
25 9 2 6 86244 0.9448078054215849
29 16 18 16 51572 0.9902754990167755
20 11 17 18 31044 0.9542255936373228
17 6 10 2 42876 0.9152043867562948
25 11 10 28 84379 0.9786907998243588
21 14 10 21 60398 0.9825116552856518
2 15 0 5 41438 0.9220106356621944
14 3 7 6 36921 1.0356902485800001
27 0 4 1 108407 0.9920018358641933
9 12 23 20 63274 1.0464663665749365
2 26 13 8 79329 1.035004202139523
0 10 12 27 89680 1.057898469907758
11 29 17 1 100165 0.9925571019005689
23 5 17 26 76502 0.9934391912162089
24 24 1 27 74723 1.0352648737211354
8 26 13 10 63430 0.9682666148419495
7 27 20 3 100706 1.057658856551313
5 17 18 23 61363 1.0802123365267606
21 10 21 21 24381 1.0189108955629127
9 21 6 3 89429 1.0909668759525744
7 6 25 12 71388 0.9461578797128443
5 1 29 5 101832 0.9816435951114247
7 27 22 4 100880 0.97882194825973
28 7 29 25 56942 0.9744510427232961
10 18 4 28 59491 0.9544818507862008
1 4 19 27 117419 0.9567169945688347
3 10 6 0 52242 1.0532944388774705
1 10 5 20 51118 1.0218752303439587
10 15 0 10 54143 0.9776521003729635
24 9 23 22 54515 0.915683509682847
3 26 27 22 88024 1.065085833219294
10 15 18 27 62234 0.9313202968224685
15 17 5 1 82278 0.9420423877463099
19 0 2 19 98560 0.9930508714292067
1 27 14 16 66909 1.0172473155059245
11 25 4 7 84230 0.9956466980321305
17 19 26 23 41873 1.0589263275414207
29 11 22 18 40489 0.9815646367075158
11 15 2 10 44481 0.9692575309509899
4 23 29 25 83614 1.063604854052938
14 4 29 6 62385 1.0532125171471098
14 11 1 9 42093 0.9611658523027198
23 11 4 10 53720 0.9173766805192557
7 8 7 24 86185 0.9002650515416345
2 2 5 26 86753 1.0022253477723642
12 13 4 17 42340 0.9309871398113889
17 1 10 14 61981 0.998339258977065
25 19 0 27 95952 1.038707776524805
9 22 21 14 66199 1.0042070918885322
5 9 28 27 111433 0.9872583522817264
1 15 17 12 60908 1.0370569807968109
2 26 24 4 122130 0.927113848509776
27 25 24 2 85724 0.901381573903324
23 13 18 1 50522 0.971868612539645
12 15 6 25 57697 1.0806007733122887
16 25 7 17 48469 1.0817310716908375
7 21 23 17 73113 1.0203348743941736
21 3 2 25 103920 1.0544320555646636
29 15 11 11 58358 1.0852879200552001
1 21 18 8 88182 0.9972875693547079
29 7 0 2 112938 0.9348164678898402
20 25 12 20 38987 1.0937003155948235
21 0 10 23 84153 0.9483752512427055
19 17 20 0 51100 1.0192572961088222
8 27 15 10 67412 0.9634029223107505
13 5 28 9 62899 1.097802578791356
6 28 13 2 94304 1.0676134747157013
1 11 20 18 71795 0.9503537296366015
1 26 10 22 47019 0.9440538190684002
2 14 16 7 56358 0.953718384647054
20 25 12 8 70717 1.0339278435595043
12 29 25 8 95223 1.0204406988743795
23 28 19 19 35425 1.0237449504953178
19 23 8 17 52708 1.0755801655022454
23 27 17 20 38395 0.9278843450978097
17 28 28 23 46840 0.9720565711946553
29 15 15 21 67242 0.9482597006390965
25 1 5 2 82948 0.9820055132175662
29 25 2 4 130612 1.0737468424544732
0 23 29 23 90336 0.9616063792174986
20 10 24 17 33695 0.9512080031235928
10 2 21 19 76245 0.9359692525678843
25 19 8 2 99390 1.0233861231267083
4 6 11 27 96204 1.0350961563108476
19 14 26 27 55140 1.0897436694131988
16 10 18 19 35731 0.917797022804595
7 3 29 21 111157 0.9277484668016736
27 11 17 12 32506 1.0094574880489784
4 17 25 19 84593 0.9687229010756027
20 12 17 23 45497 1.0855513000919712
19 3 14 8 32112 1.084103352106596
17 29 19 3 79983 0.9719238931744762
16 21 8 27 43087 1.0238521505859204
0 12 8 20 61104 1.001512643123679
23 15 21 26 37677 1.0556461827238797
11 16 29 9 67521 1.097729931831159
2 21 13 9 63150 0.9271887972044921
17 5 8 3 43617 1.017117625144521
10 16 28 12 72280 0.9468719579312904
27 8 9 23 96287 0.9835261394710215
25 28 24 15 53812 0.9658093318724709
5 19 21 25 66867 0.9420821504283476
3 17 24 10 84081 0.9075317540330996
4 16 14 6 65162 0.9289872912589614
4 22 4 12 50871 1.0770196085025032
8 5 12 22 71202 0.9436122498948905
6 12 28 9 74716 1.07135147015841
6 26 1 15 58129 1.086354274511559
28 4 18 4 47286 1.0075316249322794
26 15 7 26 98166 1.0021596634313812
22 7 10 7 38342 0.994963952915844
27 26 19 14 60788 0.9162637522055529
28 9 4 24 110696 1.0456315013898008
27 6 23 0 40281 1.0329745509121468
7 29 21 0 112201 0.9719683902993996
25 2 29 14 48389 0.9042848792852836
14 1 28 0 71720 0.9753174017471691
0 9 29 3 105986 1.0366280792432871
1 12 21 24 85230 0.9406208433029908
22 18 11 16 48392 0.9215376069487788
2 2 21 13 80744 1.0172582895575153
2 29 27 23 91129 1.0448685340254151
26 19 15 21 45709 1.00738184117939
18 16 0 19 78563 0.959134133404562
24 29 7 28 58486 1.0539111753188084
10 12 17 16 41341 1.0190308552682303
3 13 24 5 80492 0.9973381258613206
14 2 8 16 61204 0.9748857531739898
13 11 1 29 85179 1.0119068157035747
4 4 13 1 43230 1.0974040987183473
9 17 17 21 43602 1.0682303865048273
7 22 10 13 57054 1.0471491098778531
16 24 21 3 61695 0.9486472387268807
11 5 15 23 61626 0.9213808485246856
10 2 27 21 105230 1.0076816953382433
2 3 15 0 58759 1.0007946353565824
29 5 14 26 94690 1.0165874155799592
5 2 17 12 68056 1.018557172380404
7 2 0 7 38288 0.9338401560241474
15 9 19 29 71581 0.908296681210793
26 9 29 22 45707 0.9947857055543307
4 21 21 22 69829 1.0513352452471514
6 3 17 20 87048 1.0572759754849614
20 6 10 29 92218 0.9888135366277597
10 11 21 27 67362 1.087540495058606
22 18 18 11 29830 0.9640590635521653
24 6 6 17 83319 0.9053617078264362
16 18 27 16 50194 1.0264527660152778
5 25 24 0 124631 1.0249894917640867
10 25 7 4 90910 1.0171959443962144
5 28 7 8 93480 0.9250294999112697
28 7 2 21 112858 0.9284225035641942
29 14 0 26 121368 0.9777753758537239
7 8 29 22 106116 1.0784281897332835
9 0 24 6 74953 1.04821210698046
6 26 25 16 93956 0.943092007604098
17 6 9 22 74699 0.9640126320394375
4 19 22 10 82114 1.04355568670439
26 19 13 4 77739 0.9164874076563175
20 5 2 4 74476 1.038416857233995
8 12 21 0 62448 0.9834038442759249
10 18 19 27 53039 0.9588730862475957
11 15 2 27 67017 1.0135139779790037
26 15 4 21 103731 1.0844542207508958
28 24 7 19 80041 0.9531421525055652
28 22 4 24 84365 1.0121482164830913
23 28 5 18 83149 1.0314375800994555
19 12 10 18 46497 1.0902518451574077
9 29 29 26 69391 1.0692132936218324
0 17 0 4 56886 1.0818928074020695
4 25 25 26 74650 0.9742598557803273
4 10 7 25 69876 0.9624172034898695
28 2 3 11 90328 0.9992154948565175
29 3 7 22 120681 0.9080820036982988
14 14 26 29 81166 0.9068204572480701
19 0 1 26 124186 1.0310498787261246
29 11 10 26 90596 0.9053638971148318
9 16 21 22 61706 1.028909004196252
20 13 2 29 100539 1.010152917054569
28 0 9 20 115967 1.0252060388938529
12 7 20 29 81333 1.031818952392685
21 21 3 19 72824 1.0518879586581833
1 28 9 0 122343 1.009308788015785
17 1 27 13 67404 1.025637494435577
12 1 3 17 82613 1.0179746146761566
26 11 3 26 104038 0.9665776510420864
18 6 28 14 49184 0.9416279382399263
29 4 9 29 117035 1.0866470378887647
14 8 7 16 53362 0.9669453695116871
10 0 7 27 109598 1.0432867593737463
15 14 25 7 50172 1.0116360079912887
22 28 7 2 112227 1.0977746683566
21 26 5 17 72947 0.9375472829417276
29 5 9 15 83308 0.946469179179648
1 25 6 20 35344 1.0138689216999819
16 20 4 13 62612 1.0626512772004135
4 10 17 26 82385 1.0711821469215228
16 28 1 4 112117 1.016441978572779
29 1 9 5 88961 0.9792271807000088
26 6 1 0 108326 0.954502779212704
7 12 2 7 33946 1.088462080224355
18 6 20 19 42905 1.043293504453645
17 19 12 12 39532 0.961061034234112
5 29 28 8 127189 1.05577013879097
17 26 25 11 65160 1.0995694751692162
2 21 15 10 68868 0.9265740831429099
28 16 2 2 115482 0.903694944849511
16 9 18 17 33329 1.0134483385358573
25 5 7 18 90486 0.9042020572464876
21 24 1 16 85176 1.0708558201932976
29 19 6 11 82028 1.011593798123444
23 24 19 13 41030 1.076294323468577
8 12 22 11 42021 1.0523941968830814
27 18 1 23 96434 1.0154149012789335
4 26 2 3 80580 0.9994928137436992
22 17 0 23 84447 0.9436327066131831
22 26 21 0 63036 0.9775894681568661
22 5 25 27 69106 0.9772705253238883
1 21 14 16 62496 1.0795403836053177
11 9 26 21 76302 0.9168013214741738
2 24 26 1 125716 0.9367477366167272
12 8 24 16 57266 1.074225478691668
12 0 19 12 51530 0.9741791528272198
14 7 28 13 62003 0.94399684737576
28 2 10 2 71433 0.9667597551763748
29 23 0 21 100849 1.0856256140370857
7 14 15 12 32719 0.9965020430226582
0 22 0 10 57918 1.0802892998204332
17 23 22 29 36611 1.0333794568477461
7 16 20 24 63115 1.0317290282397134
9 17 23 16 55429 1.0765152325575786
13 29 14 19 31319 1.0750849335694124
26 24 11 14 70396 0.9598437395384927
25 25 11 10 74793 1.023343898815344
11 0 16 7 44951 0.9136090588270213
24 0 10 27 113120 0.9595406208722034
22 26 4 16 87526 1.0701725617706417
0 1 0 27 99046 1.0548473712210433
3 19 9 9 56646 0.9127264724968402
9 7 7 22 79791 1.0301243250666883
10 4 27 15 82637 1.0289472249438771
20 5 19 20 45297 0.9385135912382232
16 26 26 2 89298 0.9463700781739997
0 21 27 23 96539 0.9985719435629605
11 25 14 7 56469 1.0130817996707333
12 26 9 9 68912 0.9703103346843798
28 13 5 15 93447 1.092559653576438
11 14 3 16 35315 0.9564883078026277
1 12 22 2 75510 0.9602407282839409
4 27 8 15 72668 0.9261706544829255
16 12 8 20 50307 1.0311373504848698
2 6 19 7 61527 1.074224387822047
14 20 26 1 86420 1.0533511728862706
4 18 23 28 87151 0.9125799653390786
20 14 7 25 74002 1.0844731188829628
23 16 25 27 49581 0.9453015716417121
6 11 1 1 45575 0.9933800935793706
11 17 19 22 44644 1.0184669290129384
10 21 19 22 41206 1.0650992873245997
8 17 7 2 81370 0.9901117419435019
24 8 3 6 76481 0.9472486540770853
17 10 13 20 39722 0.9558571632310731
25 7 10 17 69003 0.9557022114827328
29 24 13 22 52697 0.9369017479970163
3 9 20 22 86148 0.9234950253508941
18 2 22 10 32509 1.0211890342270629
29 25 21 5 71528 0.9778720673069008
8 7 27 17 86190 1.0926628600163546
16 23 3 10 73498 0.9361218565895807
17 23 29 12 65663 1.0047813847576463
28 1 7 26 134993 0.9825881349947501
7 2 28 24 121046 0.9671561433479908
8 12 13 25 56831 1.040072046752772
15 3 25 16 64207 0.9988895666573918
23 16 22 3 39098 0.9137111942896378
18 11 12 20 39175 0.9616369651721175
6 10 12 5 42887 0.9028674920920705
11 14 17 5 48717 1.0598587864766589
24 20 28 7 57897 0.9116726108235327
28 17 27 27 38038 1.0123227361626785
2 23 21 11 86984 0.9216332081751646
15 12 23 7 34314 0.9656408429081391
27 19 9 4 99003 1.0876827531596236
20 8 10 23 69744 1.01275623650749
10 4 23 12 61705 1.0260687410477674
2 21 19 11 73703 0.9517088641855176
29 12 3 19 100492 0.9724227295724566
23 3 0 15 92288 1.0194732594767766
17 19 6 29 69427 0.928157210238319
18 19 5 13 64098 0.9168160013137548
21 7 17 19 44218 1.0589876883014173
4 6 15 17 69858 0.9053974129216253
10 29 9 19 48255 0.9551226657274192
6 7 9 0 47266 0.9009356205002552
3 26 6 6 79083 0.9919733531677251
28 12 1 14 86235 1.0669983804272682
26 1 14 20 86420 0.9957806453353162
28 18 7 13 91130 0.9415719974941823
18 21 5 17 58818 0.9393693633748859
10 17 28 12 71134 0.9644518113691495
2 1 23 29 130648 0.9571881409552134
22 15 26 21 39303 0.9159474396914318
5 20 8 28 49993 1.0521782416402745
19 26 13 4 75642 1.0519968833090994
16 20 9 12 52290 1.0490246108535073
15 11 28 8 48888 1.0152349404106182
3 8 0 15 33572 0.9652961361050587
28 1 15 15 83292 1.045120924359472
10 16 21 17 46539 0.9646168662902003
18 12 22 5 29180 0.9590067764387843
26 16 14 22 64017 1.012709857689111
9 20 14 5 58587 0.9618634576463563
3 20 26 7 105655 0.9434529323375855
0 26 28 14 117302 0.9821777405088754
4 27 21 24 57370 0.9640875628354191
13 1 28 6 68553 0.9864827764827073
13 0 12 19 56438 0.9910504821286549
0 13 10 21 67982 1.0767714840796405
12 0 29 21 104981 0.9226389267733498
19 26 26 21 42049 1.020561640133495
21 18 13 15 39043 1.0071773468394372
26 20 8 13 82962 1.0263217918269614
0 20 16 19 62753 1.0473385117819605
14 29 20 9 72089 0.9068464486153792
21 23 3 19 75421 0.9111767252760431
14 11 3 26 73525 0.9733892739012255
22 28 19 21 30290 0.9423924406540289
7 11 2 5 33216 1.008225438212496
6 22 26 21 80971 1.0116880767019854
26 2 16 20 73461 1.0715230781645497
9 22 1 7 83301 0.9301195821776618
23 13 2 17 83141 1.0901562789140105
28 28 11 12 93872 1.0829531134200445
1 8 17 13 64145 1.0214425689470694
11 7 16 2 29800 1.0885388597021644
12 24 0 2 101552 1.0514779363741562
14 1 12 17 50589 0.923734000099845
10 26 5 4 103847 1.0621810198772728
24 3 17 17 54619 1.079777539939268
5 22 14 15 55205 1.0227622149727638
21 12 3 27 88188 0.9835701248666465
12 21 0 27 55530 0.9278417501046995
0 14 14 23 72480 0.9213530414591394
1 15 21 3 82157 1.0706415753251721
16 7 2 7 50191 1.089314207523325
25 7 28 18 47613 0.9072793252759513
18 11 29 5 43611 0.9732262696300759
10 29 8 6 91700 1.0659978198428082
23 23 11 15 60387 0.9954459376857865
2 19 23 4 98637 0.9095457127319916
20 16 16 6 42689 0.9040559310809839
11 24 14 14 33865 0.9431314298095181
14 27 0 11 82744 0.9750477433171638
15 13 17 29 65172 1.091282343139732
26 11 14 22 67680 1.006527319381666
8 3 28 22 118639 0.9907124180405504
10 5 25 19 81188 1.0570720004049474
4 6 28 9 93123 0.94201247834287
14 6 29 25 92295 0.9450376664768473
20 14 0 20 88439 1.060213826917812
27 11 9 26 91125 1.0583000579235446
11 10 2 11 25391 0.9933048244358232
6 23 13 12 52952 1.0068359397268392
15 4 24 17 66040 1.0260508974458644
18 12 13 1 41465 0.9022369752050458
24 16 16 8 50379 1.0151998154094495
4 26 7 0 114809 1.0868866590348896
22 8 10 23 73912 0.9472706410910638
27 26 0 12 120577 1.0279338111558807
4 17 15 7 65168 1.0951590124791508
17 11 6 25 72851 0.9265327469401445
27 13 20 16 37841 0.9427003830689122
4 0 8 14 74332 1.074702566245379
28 17 17 3 70676 1.0395854904912294
19 21 3 28 66762 1.0174268773751445
4 6 23 5 76837 1.0031480929835002
1 13 24 2 89834 0.9336516776422881
3 10 17 10 45269 0.9705341704942738
4 6 2 19 47432 0.9893576857125701
24 1 21 18 53265 0.9174197602932629
8 18 29 9 81744 0.9176349153790518
15 28 3 25 45723 1.0263355642923015
17 20 0 5 99682 1.0014350041401185
23 11 20 26 46430 0.9756167448711349
9 24 18 6 77059 1.046645665732329
14 13 5 28 67255 0.9510218735338113
29 27 19 2 88925 1.0069107820007073
26 19 13 1 87236 0.9094072533056506
6 18 5 3 75552 1.041880997223217
10 14 2 18 39741 0.9130965746410042
1 27 16 22 57311 0.924296429840494
9 19 24 15 71026 0.9068993238063437
6 9 18 5 60476 1.0046728959472717
19 1 4 22 112416 0.955506185325562
10 25 19 15 58391 0.9737194152932319
12 27 14 12 47050 0.9108234838264535
16 13 4 27 74358 0.9759719387435645
12 7 26 25 82053 0.964004650316855
3 19 4 7 49296 1.03465585737538
10 12 0 16 50880 0.9390613423883353
10 7 23 11 45576 1.016863254793078
15 24 29 23 46083 0.9909824542037723
27 25 25 2 87343 0.9257218580829604
11 5 14 18 43992 1.0789008176225496
1 22 23 1 119308 0.949137203272839
22 1 9 24 92001 1.095171969965337
7 2 18 16 76514 1.033826464876355
6 17 22 24 68814 1.0009159166604262
29 29 25 9 67313 0.9080607454209312
12 27 4 11 71227 1.0492334889725543
0 2 24 22 125783 0.9475568062885595
5 0 24 20 114410 0.9902911678980835
17 17 25 28 55030 0.9203275570973195
24 19 16 17 36816 0.9227264882256183
23 7 21 29 56373 0.941120383741282
2 28 7 0 113225 1.0507992889232434
20 19 16 4 57256 1.0379012150247398
1 21 1 8 52645 0.9308781416331875
4 19 0 1 75227 0.9466149197233669
29 12 4 15 87098 1.0342212086346247
13 7 24 12 41459 1.0259008493766113
4 17 23 15 79518 0.9743718833586654
11 25 23 11 68868 1.0569686090888664
1 22 22 25 71292 0.9098415361527019
3 21 20 28 77307 0.9216447440221257
16 9 8 21 64386 1.0757669033882507
19 12 28 2 52520 1.010133705820413
5 10 20 9 50450 1.0353956886078528
5 24 21 11 79004 0.9581251595189839
22 18 19 5 41213 1.0127102670768884
9 27 27 3 113506 0.9999467862921001
24 13 1 13 74676 1.0393121904676135
0 4 21 14 86352 0.9929257453965168
13 4 22 5 39801 1.0273592401147762
7 24 10 16 46213 1.0360272413188216
6 13 2 19 38327 0.9108231185140562
26 21 9 6 89663 1.0253537409782094
10 17 2 5 68102 1.0510011163995012
6 20 1 3 75535 1.0611775034971105
22 5 28 19 64586 0.9215115196469855
24 17 2 0 109995 0.9169525050246584
19 9 8 21 68576 1.077727321060215
27 25 20 29 42195 0.9788815705715257
22 5 29 28 82241 0.9403283484707594
9 28 19 18 60221 0.9521871919071894
18 4 6 12 62531 0.9126471840984415
1 16 2 5 40914 1.0468746949790368
9 10 23 5 60366 1.0657636678684859
22 21 11 29 56388 1.0913625397641136
14 14 8 27 52251 1.0543136137696383
12 24 21 11 56293 0.9808989819321008
0 2 13 9 64148 1.0411571006407074
13 16 23 5 58271 0.9132254690509385
0 14 24 9 81989 1.023289654151415
20 23 1 12 87753 0.9953216026065955
7 17 2 6 55541 1.024633587554828
12 12 28 2 71861 1.0934745350359774
2 23 28 7 119080 0.9037075774006134
2 18 20 10 69991 1.0332006340068662
2 3 28 4 101837 1.0255944156001844
8 17 18 23 49838 1.0359389605073246
11 0 25 8 74503 1.0514339509275237
18 27 27 21 50578 0.9783729837113448
3 22 23 22 77007 1.0552391469646627
29 29 21 20 45781 1.060432024930351
24 15 12 2 70994 0.9600055238513736
11 3 15 22 69058 1.0005502755808675
22 4 6 11 57618 1.0290919782777932
0 14 9 8 48062 0.9719989134105871
23 3 8 3 55883 1.0522580989887333
12 12 28 14 57817 0.9350109797811007
9 25 17 13 63177 1.0876634114642856
21 26 21 9 39773 1.0876352612754572
16 6 1 6 59078 0.941527532738016
6 11 22 19 62168 1.0877929306085687
18 27 28 29 40412 1.0685176444053124
11 8 17 17 49084 0.9834851084710141
16 21 4 11 65208 0.9033038187359289
24 5 18 27 72823 1.0998910756112072
14 13 6 16 38113 0.9622410347470333
22 11 9 23 67681 0.9345457220624611
5 10 26 25 96239 0.9375378435888205
1 13 29 25 117935 0.9324336663585736
28 22 0 5 136838 1.0370117024292853
18 22 0 1 119319 1.0353026653567832
25 10 24 20 41581 1.0874576915363379
15 20 3 7 75904 1.0993122549839178
28 28 19 8 77869 0.9764875903771457
0 28 20 22 76782 0.949554782564331
1 27 25 23 81315 0.9957996251041079
23 23 2 22 69300 0.9925240186660562
17 23 16 14 40907 0.9775313908764007
29 29 6 21 97876 0.9269301168688405
6 28 17 1 113509 1.0571243137503765
19 16 8 12 47046 0.9253096506390542
15 5 26 18 70317 1.0652285096435667
18 18 26 8 54274 1.0006830788813639
23 16 10 22 68396 0.9434943134731962
17 19 24 15 42041 0.9331581459170495
16 0 1 23 107298 1.0786510243236145
29 25 12 23 56748 1.0804829330177717
22 29 27 4 90211 1.0556513439225232
23 5 18 0 37481 0.9182357319546463
11 28 18 21 42897 0.919699170438555
20 0 18 21 64301 1.0369754920973593
11 18 26 5 78335 0.976069405999025
5 17 0 1 71802 1.0599311114590955
4 11 16 15 48114 1.044648392732954
29 10 3 28 116514 1.0592289310572625
18 27 7 16 67931 0.9417366344182364
18 22 1 27 63869 0.9294154202386984
1 29 7 3 104196 0.9778568639557755
16 24 26 22 38942 0.9252898903720413
0 21 13 7 75751 0.9089661980109344
29 24 8 7 101468 1.0613935355551096
13 27 6 16 57468 1.0369306365488553
10 3 17 8 41952 0.9964764061994746
0 15 25 12 85882 0.9629954351194555
10 21 25 26 60966 1.0385309195047925
4 16 25 4 103775 1.0415344445869104
15 22 20 15 43030 0.9308258447592281
16 21 6 26 53104 1.0613432927583089
29 27 13 7 91916 0.920224886832913
25 28 4 25 74707 0.9447131797165707
2 1 7 21 85776 0.9549923844355399
7 17 21 11 56794 0.9296182207710221
23 15 8 11 52853 0.9193298346659501
13 17 20 6 49288 0.9560696837093989
3 18 26 11 89009 0.9652658382299408
8 2 8 19 85225 1.0891935037956975
3 3 26 9 95420 1.0107235432091837
28 17 7 27 94423 1.039200085761667
9 27 28 28 61398 1.067978342393588
5 3 16 22 95514 0.9599475412489928
26 16 14 29 73367 1.007465060719927
9 11 13 2 33049 0.9636510706282827
8 18 24 21 68846 0.966521529498444
1 12 9 28 75285 0.9510451373913731
3 29 0 22 30734 1.0104826235630688
23 29 17 24 34470 0.9668249506829029
13 10 12 23 38164 1.0954621359179688
19 23 15 9 55040 0.9179239851916718
16 28 21 12 51018 1.061337154601704
22 28 2 7 106765 1.0870227592297892
26 11 16 5 44966 1.0953319284125598
29 14 19 25 62517 1.0683886653392114
16 10 11 0 53026 0.9118855670616199
11 8 22 19 61506 0.9693530237838816
5 15 19 23 75763 1.0767216917040003
10 24 29 11 81025 1.0343503873576463
24 24 0 4 119077 0.9140730230149756
28 3 18 20 73218 0.939706174159394
27 14 16 3 60014 0.9259141463479991
6 10 25 12 60584 1.06000007375625
11 20 10 7 50935 0.980748176101991
15 27 11 20 33128 0.914656832412489
22 20 13 2 67371 0.9426439333763172
26 20 16 14 51786 1.0664079307879455
7 21 25 23 71339 0.9421413399776786
4 29 19 15 87814 0.914212788701597
19 18 22 10 31048 1.04552568867703
3 14 8 4 59559 1.0908504424733994
1 10 19 23 89036 0.9097291338405363
13 6 24 6 41177 0.9916693141340152
3 19 11 2 85654 0.9112573739756447
7 0 22 19 105032 0.9043244603933945
9 4 5 28 106616 1.0169780141870959
18 21 28 0 92545 1.0594655152112602
11 21 14 2 62054 0.9611453055794749
28 4 19 7 41126 1.0482523545391533
14 27 14 1 76004 0.9338555449285788
2 1 27 15 111173 0.9056519702013885
23 11 20 26 46430 1.015216174136989
2 23 11 22 34643 0.9303442347678048
2 2 21 23 104166 1.0782019605062994
11 19 6 24 32626 1.0273503883935948
13 16 17 26 40792 1.0815905460455333
15 2 16 29 88838 1.0379505608179829
23 3 9 9 60700 1.0674706349900376
16 22 12 3 70395 1.0747051398780243
0 5 14 5 64139 0.9542342043773506
0 7 27 5 99410 0.9854200654572902
26 16 28 26 49670 0.9969473512216005
22 10 8 2 70356 1.033439321148368
29 7 20 21 56500 1.05355988837295
4 15 0 0 70410 1.0883637601955007
18 27 8 18 56059 1.0797112000064855
3 16 28 8 100220 1.0214088241391583
9 2 14 7 34718 1.0892909079731097
19 13 17 29 60304 0.9396313433506506
15 22 18 12 46813 0.9785230443064767
4 12 27 21 97221 0.9948651946619075
23 11 3 21 92083 0.9417143698832208
14 15 17 28 52010 1.014164739532717
3 25 11 9 75834 1.091987030793344
5 7 24 14 75495 0.9918594135588488
21 4 4 23 98417 1.0944275182049152
20 29 3 1 131923 1.0340636639961331
1 20 18 22 68024 0.9582867499235335
24 2 4 7 79342 1.001058277229103
8 3 16 12 50971 0.9574514429125287
9 25 13 13 45897 0.912412754641714
23 23 18 1 68248 0.9894941294516844
10 15 21 13 47514 0.9456538488218924
26 6 12 27 94567 1.0525667562540895
25 26 25 15 40978 1.0005384443479937
19 19 8 9 62632 0.911756312445069
1 17 22 5 87169 0.9999513572643524
5 29 15 12 79149 1.0187580934809874
24 3 20 12 32257 0.959570133149529
9 21 7 2 92162 1.086769123686858
25 20 11 14 65295 1.005334581181914
0 27 7 24 31898 0.9236727856273528
27 13 11 23 81169 0.9122038238109111
8 0 3 19 90675 0.9380047090654888
11 9 2 16 45409 1.0853165183288231
27 19 7 25 81591 0.9931918445352191
2 14 17 25 78269 1.0165679117352004
2 18 20 16 73099 1.0331876582154291
11 8 8 23 65161 0.9928258111343823
18 12 25 4 45389 0.9115511672217703
16 28 0 2 120679 1.0697096097446712
29 22 7 2 120063 1.0094916427766716
15 22 0 17 70197 0.9008377913708998
29 13 4 20 103899 0.9371096729612891
17 24 13 16 30751 1.034574836800463
6 8 23 14 69005 0.9352513118576509
13 10 24 11 32097 1.090622626207462
24 16 15 22 53068 0.9373001871815585
25 24 10 5 88232 1.064172334026046
13 10 20 3 41939 0.9960481146822019
20 19 16 28 36748 1.0919942994503349
6 22 7 0 117417 0.9610952278388419
11 2 3 9 55051 0.9102413033793281
11 17 28 2 87258 0.91618599579713
27 14 0 9 90735 1.072042750765186
2 29 21 18 81415 0.9314568992134064
10 6 25 24 85880 0.9032733475230253
24 8 29 19 45825 0.9488471328629606
23 9 25 25 59081 0.9427613474175502
6 6 1 17 51245 1.0328552827921649
24 27 26 3 82402 1.0950088532655442
9 26 2 2 98062 0.9626406411374414
23 17 0 4 102263 1.0908127565013073
29 21 8 28 82447 1.0561245394676027
24 2 19 20 58626 0.9558815506470524
5 2 23 15 93366 1.0868409222486661
18 9 10 19 52987 0.9388617749582107
15 17 29 8 62895 1.003654040611032
8 18 23 12 68183 0.9095342503995505
18 15 14 2 51051 1.055632675157361
29 15 3 0 119513 1.0001931997403222
6 24 15 22 37292 0.981590974037715
29 8 16 11 39758 0.986263818518107
8 23 27 14 84455 0.9541658913794274
0 15 28 17 110781 0.9065616806794107
22 23 22 10 36721 1.0007592434921944
7 1 2 22 87393 1.0325391065474467
29 5 7 16 95374 1.086796751514516
18 6 8 1 61363 1.0217854984958683
16 28 10 24 30540 0.9038231204164051
12 9 15 20 43171 1.0154185602109984
16 17 29 0 85527 1.051571507250008
8 4 21 1 59007 1.0086749899782999
13 4 26 18 73759 1.0005722402226616
3 20 19 12 76211 1.0960005078969357
3 0 15 4 59802 1.0604840211174698
7 11 1 25 61205 0.9903989816029528
20 0 3 7 80872 1.0210887625517953
10 29 23 11 83804 0.9965829962693624
7 26 27 12 106982 0.9546803684473053
17 12 22 22 48605 1.0349005986852333
1 9 23 11 66230 1.0268358404878444
27 10 11 22 81143 1.0180066696137096
18 9 20 20 41395 1.0446104880278713
19 6 28 26 81803 0.9819331744477708
23 27 24 18 40325 1.0068691096398021
23 1 22 18 52375 0.9021186208382954
10 19 2 29 61251 0.9308784693964284
7 27 19 6 90590 1.0074501178019468
6 24 26 7 99985 0.9398016714868758
19 0 8 15 78743 1.003105419629278
4 28 17 14 76900 0.9259290767502871
6 14 4 5 50938 1.0444021973702564
14 2 6 21 82000 0.9013071487088443
24 17 14 13 50733 0.9880633018051008
18 27 6 18 62455 1.0392649087330312
23 25 0 18 93965 1.0843629929701943
14 26 18 15 51513 1.0067650475405594
4 10 13 27 70919 0.9825128293574392
16 9 21 22 46943 0.9662374100311257
14 22 8 18 32618 0.9270701363350928
17 13 7 1 73921 0.9278170930911442
29 27 24 5 80085 0.9002582420552884
26 4 16 5 48190 0.99739489308071
27 24 1 6 117765 0.9891490660680464
10 22 7 14 48672 1.0829007034906917
12 22 29 17 76738 0.9288517865626652
23 15 16 11 31994 0.930417383043167
14 17 1 13 57930 1.0315148599462758
28 0 27 25 92506 1.043054648047045
3 17 24 0 111161 0.9049457666820143
7 9 21 5 58872 0.9170463570326979
2 17 23 21 89178 0.9446650826627477
2 0 3 12 38835 0.9301850304457254
18 19 25 15 40562 0.9174135951628322
6 22 20 5 98182 1.0371869973629304
2 16 15 14 49603 0.9304222630232266
2 4 4 25 72723 1.0769606072779445
20 15 22 27 41339 1.0325519454080914
21 6 6 8 60109 0.9374805776873498
3 1 21 14 89785 0.9411871435270439
12 3 2 10 55234 1.009535247621352
29 2 15 21 91162 0.9816625655310096
8 20 21 11 62562 1.0432422273312005
3 0 27 19 131634 0.9506039692694993
19 11 15 1 46568 1.0400197416621006
22 3 12 6 41337 0.9586740740767997
10 16 0 5 74046 0.9057880870114751
22 13 17 26 53709 0.957140116418409
24 12 20 3 32018 0.9348176902668578
19 0 8 1 55603 1.015956294870259
4 10 14 4 48868 0.96596713079837
25 1 18 29 86807 0.9244993372156552
18 21 27 8 66398 1.0862411588256549
21 7 26 29 69098 1.0545598249394015
19 18 4 29 79209 0.9647169238079596
11 21 24 1 92788 0.9208679223375329
25 6 15 22 77162 1.0655799132880137
17 1 16 18 70778 1.0075865555298227
15 1 3 15 74584 0.9195760272385481
28 22 27 1 81017 1.0825243429054996
25 23 24 4 71518 0.9438296595157093
17 17 22 8 41360 0.9527358442394536
17 27 27 15 71548 1.0443320759858095
7 12 19 18 55488 1.050680022912104
18 27 2 4 110178 1.0348469602416275
21 19 10 25 46825 1.0981854573526113
15 7 7 11 29231 1.0542187771639866
9 16 24 12 63849 0.9724115230807171
28 3 7 14 91396 0.9946062698332896
4 16 29 14 98451 1.0026508602218982
22 21 26 3 62399 1.0047688956491199
7 20 28 17 85537 1.0947596028218525
29 18 19 14 45930 0.9287757502603811
2 3 16 7 61378 0.9197262711206823
19 22 24 1 70095 1.006640267153022
5 5 7 16 65274 1.006690321118338
14 3 8 9 38455 1.0920140944768542
22 25 29 13 58292 1.0997948056032933
26 28 11 11 82248 1.036893758221338
6 23 2 0 88387 1.0321475785697387
14 14 6 9 41368 0.9952943454650602
11 9 20 29 82567 1.0355441279832034
12 3 25 25 89678 0.9643841434995293
22 8 4 17 82032 0.9500206873651318
28 1 25 10 45320 1.003921825333752
28 2 29 29 82783 0.9222621742509463
0 18 28 2 120534 0.9866594403618485
19 10 14 5 32095 0.9391566590382951
26 1 15 29 99494 1.0396086525965396
29 9 11 1 82415 0.9470961658751821
0 27 25 15 108674 0.9420441294565849
9 28 24 12 86702 0.9018406639126417
29 19 22 1 70464 0.9749855148914318
15 4 26 15 65407 0.9976801466885968
29 28 7 26 78330 1.0842240057786328
3 16 22 17 76311 0.906367295269343
26 15 19 23 50899 1.0432117278497306
22 28 16 0 89699 1.0691555312449172
25 1 13 1 53418 1.023846770790639
7 27 29 20 87505 1.0630387151513707
4 29 29 29 85060 1.062598121680745
12 1 28 18 97599 0.9063211443164848
29 13 23 23 53946 1.0189114370522536
14 29 3 19 67616 1.063024137241436
6 13 17 2 66402 1.0520438343973604
6 9 12 26 77396 1.0304718265629014
5 5 0 27 88645 0.9531665444745532
13 24 5 8 71742 0.9544684105238361
5 28 13 21 44018 1.0612285602352949
5 26 1 20 33152 0.9845648234232544
11 18 2 12 52904 0.9512890187629086
1 26 20 11 95512 1.0298954497145774
29 23 14 7 85213 0.9060259858994143
18 16 27 1 70469 1.0825879807190888
10 26 7 4 95779 1.0767643730112937
27 8 20 29 79876 1.063007995750732
3 1 27 9 107144 0.9705372791774775
13 10 14 29 54611 0.9771697619262906
0 3 25 11 93549 1.0726719462948742
27 23 7 29 81674 0.905347109151596
25 4 9 15 81873 1.0347952127426292
18 16 19 3 42931 1.045797010429508
5 7 29 12 80705 0.9633462279846216
27 20 21 16 30378 1.0005271555512423
22 22 21 2 49317 0.9379987137490695
29 19 25 2 63896 0.9032844884175458
15 29 19 1 89206 0.9078930193145479
0 18 9 25 53510 0.900855723066514
7 19 26 22 80381 0.9847661428091034
26 15 15 19 56360 1.0169792326814944
0 26 20 21 78851 1.0074501938229232
22 14 28 3 52518 0.9428002073937709
28 19 8 3 107216 1.039642612218961
16 12 11 18 34433 1.0023596830505237
27 10 5 1 99741 0.9575060275483745
12 10 19 7 30357 1.0936230602917971
6 2 15 16 72608 1.0185797875579918
6 22 20 17 70470 0.9221228119793841
8 15 29 15 84184 0.9798789064690651
12 22 17 29 39746 1.0571244760528853
17 22 9 26 42139 0.9625698105144862
11 18 15 12 29741 0.9111523453205795
7 2 13 7 39425 0.9187008523545539
18 4 20 21 54625 0.9779773701237412
25 17 2 2 107082 0.907930380436682
1 25 4 15 46109 0.9864634471978064
17 3 16 24 75653 0.9486756039275197
20 26 4 20 72669 1.0693088490119866
18 15 5 5 71227 1.0530326805958097
8 1 12 18 73519 0.9298693140280191
20 20 20 2 46172 0.9280759011356698
21 2 6 14 69258 0.9174279234401889
2 20 22 15 91659 1.0615794943756094
0 11 18 12 50687 0.9936299980089938
15 12 23 7 34314 0.9759264952221106
24 19 8 23 62935 1.0424643340336421
6 13 15 9 42419 1.0788452775870216
2 0 12 14 73939 1.097260830340677
20 7 7 9 52561 1.0653078936674196
20 25 7 8 93096 0.9124733997392155
13 11 8 29 68960 1.0443603421072085
4 2 28 17 119897 1.0455791753166357
6 19 22 29 80813 0.9594784894187267
16 27 7 10 76043 0.9669245918371248
29 25 14 19 67308 0.9555553602117892
28 23 20 29 45258 0.9022849580433788
13 28 18 10 62529 0.92097740053489
1 28 26 11 113710 1.0827923262205768
27 9 3 28 120810 0.9150877575255837
3 9 26 3 88317 0.9825525117265952
15 11 24 9 32003 1.0528013278153678
26 10 6 17 78795 0.977296973059984
28 27 16 6 85800 0.9503944944414613
6 10 12 15 40593 0.9796332152278293
10 23 13 14 31532 1.0728699218988251
16 18 15 28 42829 1.079363826270156
6 3 1 13 50760 1.0956655499377337
18 0 8 9 64094 1.061810672364217
18 9 3 15 61381 0.9785165856777399
8 0 24 14 92359 1.0519405769116523
24 19 14 12 52684 0.940007793884472
1 11 22 5 69579 0.9805377647317254
4 0 14 12 74125 1.0022489130163545
20 3 25 15 43253 0.9187927328529828
9 16 9 5 52938 1.0619088448508232
21 2 8 12 56568 1.017916970735751
15 2 18 12 43308 1.0206230299017025
13 15 20 22 49082 0.9308689090035708
0 4 5 18 65767 0.9751734199239285
10 28 29 1 121023 1.0431118577471985
27 17 19 1 69530 1.023379784509195
28 28 5 10 109667 0.9482117953345804
6 17 19 18 50458 0.95409490628802
24 22 19 7 55165 1.080212257332066
18 9 8 7 42224 1.0443971225107387
20 3 28 8 40510 0.9989964745856147
11 17 5 8 54419 1.062188141544961
2 13 26 23 100490 1.0635915811662575
4 5 24 5 84469 1.022643084200453
9 16 0 22 57702 0.9339323741849896
0 18 10 15 50638 0.9245031236324198
24 23 13 11 58826 0.9582637846080108
2 11 17 5 59387 1.054995330766361
20 24 13 0 84227 0.9878223627144558
