7688 7338 7972 8015 7587 7844 7840 7888 7304 7318 7915 7462 8005 7441 7686 8108 7492 7842 7995 8129 7803 8081 7955 8042 7546 7946 7275 7636 7878
4672 4638 4370 4592 4115 4505 4470 4348 3850 4114 4358 4327 3959 4422 4612 4435 4406 3850 4063 4658 3942 4235 3865 3907 3978 4254 4561 4127 4452
5858 5915 6082 5221 5296 5587 5635 5422 6023 6081 5708 5544 5524 5820 5640 5271 5735 5676 5276 5835 5876 5816 5654 5580 5773 5759 5879 5300 5384
3307 3623 3615 3673 3761 4003 3753 3671 3786 3760 3611 3507 3953 3859 3977 3793 3592 3864 3311 3468 3701 3291 3889 3529 3906 3555 3774 3950 3755
6012 6076 5628 5873 5934 5901 5820 6024 6435 5975 6338 5953 6306 5890 6307 6081 5924 5693 6121 6221 5933 6404 6204 6076 6371 5648 5895 5793 6065
6021 6276 6201 6322 5983 6092 6625 6328 6732 6313 5997 6014 6388 6702 6031 6649 6020 6703 6291 6441 6412 6605 6585 6213 6420 6070 6172 6352 6690
4620 4768 4047 4451 4460 4731 4734 4684 4150 4715 4653 4696 4868 4672 4438 4295 4019 4095 4384 4112 4470 4324 4352 4124 4801 4678 4578 4213 4800
8546 8141 8557 7868 8121 8209 8500 8077 8303 8556 8538 7825 8467 8028 8521 7866 8408 8638 8416 7798 8563 7881 8003 8008 8005 8446 8103 8213 8222
3009 2772 2384 2520 2827 2452 2394 2752 2603 2963 2912 2785 2598 2469 2943 2863 2969 3099 2614 2954 2925 2697 2978 3062 3035 2859 2485 2597 2517
2718 2032 2824 2298 2482 2605 2837 2493 2182 2607 2439 2489 2073 2199 2875 2556 2168 2430 2234 2468 2434 2050 2599 2665 2603 2207 2257 2712 2348
3538 3461 3963 3667 4180 3564 4210 3475 4210 4151 4153 3987 3615 3610 3734 3790 4072 3906 3997 3496 4012 3420 3811 3792 3844 3618 4204 4243 3503
3731 3070 3693 3507 3638 3796 3584 3135 3863 3148 3559 3588 3488 3110 3002 3800 3681 3702 3103 3143 3413 3271 3125 3720 3132 3684 3366 3783 3432
4453 4434 4382 4647 4273 4173 4149 4676 4172 4856 4333 4103 4727 4859 4723 4665 4317 4504 4081 4682 4515 4267 4700 4719 4179 4269 4025 4445 4241
7462 7490 8072 7766 7742 7425 7612 7642 7613 7242 7529 7368 7260 7480 7939 8072 7516 7899 7444 7443 7307 7915 7670 7617 7712 7528 7563 7879 7334
2871 3010 2391 2974 2903 2492 2574 3103 2715 2372 3064 2846 2816 2437 2554 3144 2812 2536 2832 3023 2453 2447 3017 3088 2728 3096 2797 2821 2541
3100 3113 3281 3838 3556 3373 3741 3586 3085 3258 3434 3453 3672 3056 3434 3549 3222 3703 3244 3108 3830 3346 3128 3526 3132 3412 3867 3722 3840
7852 7232 7931 7745 7847 7588 7932 7097 7355 7178 7312 7956 7084 7681 7881 7719 7621 7760 7277 7409 7358 7158 7636 7645 7701 7802 7252 7474 7712
7150 7024 7464 7470 7071 7432 7343 7663 7740 7648 7018 7765 7778 7800 7390 7213 7721 7818 7576 7549 7781 7061 7028 7513 7109 7114 7625 7404 7621
3620 3119 3002 3733 3401 3716 3762 3474 3560 3712 3135 3176 3216 3779 3337 3065 3655 3812 3159 3350 3410 3039 3528 3774 3752 3505 3627 3008 3756
6826 7465 7210 6940 7155 7447 7475 7010 6942 6961 6807 7566 6840 7105 7260 7138 7018 7593 7561 6849 6771 6779 6753 7108 7462 7019 7152 7148 7041
4593 4382 4695 4639 4421 4723 4209 4814 4243 4486 4629 4342 4720 4911 4253 4598 4541 5025 4660 4635 4389 4878 4607 4668 4963 4526 4417 4653 4651
2221 2435 2254 2708 2663 2391 2621 2719 2551 2310 2587 2090 2519 2499 2344 2520 2244 2566 1904 2156 2036 1994 2717 2504 2186 1942 2573 2562 2411
7943 7857 8412 8432 7941 8385 8015 8131 7848 8569 7953 7746 8362 8077 8319 8571 8435 7910 8611 8556 8022 8278 8526 7803 7895 8181 8040 7880 8060
4228 4291 4033 4338 4147 3974 4543 3942 4087 4418 4183 3952 3909 4116 3890 4030 3896 3858 4469 4066 4716 4702 4615 4531 4418 4356 4192 4088 4339
3889 4437 3803 4210 4150 3853 3748 4080 4266 4042 4132 4118 3977 4016 3977 4084 4297 4166 3645 4103 4151 3996 3929 3969 3715 4476 3642 4066 4180
5115 4778 4820 4670 4845 4411 4826 4665 4717 5152 4492 5163 5161 4538 5175 4750 4584 4324 4649 4449 5059 4986 4464 4837 4440 4616 5131 4597 4877
6044 6201 5808 5861 5748 6351 6030 5888 6235 5721 5730 6347 6235 6021 5786 6384 6247 5862 6487 6307 6140 6411 6456 5770 6405 6392 6399 5805 5614
3236 4096 4074 3919 4086 3882 3369 3396 3293 3913 3626 3485 3577 3332 3345 3929 3888 3789 4075 3330 4071 3694 4093 3695 3986 3493 3403 3261 3881
3038 3071 3348 3060 3691 3834 3826 3770 3797 3816 3841 3126 3716 3822 3533 3808 3637 3159 3551 3855 3740 3810 3777 3586 3074 3119 3754 3162 3250
7703 7981 8173 7823 7787 8047 8359 8290 7709 8174 8288 8045 8141 7677 8299 8007 7662 7631 7654 8288 8198 8102 8179 8150 8023 7909 8106 7953 8348
4559 8183 1817 6558 2243 3223 7135 3771 1964 7986 8010 6569 6929 3968 5139 3405 4101 3901 5431 8330 3400 4892 3662 2393 6542 7511 5343 4455 2558 5782
4383 8391 2281 6483 2875 3265 7851 4095 2147 7602 8109 6248 6601 3752 5227 3285 3615 3750 5723 7769 3681 4585 3433 2403 6624 7359 5203 4064 2468 5118
4384 8354 2227 6201 2922 3329 7213 3601 1806 7436 7544 6341 6817 3740 4692 3354 3663 3715 5745 8086 3854 4706 3346 2251 6517 7034 5176 4138 3059 5684
4916 8516 1856 6137 2873 2736 7264 3722 1901 7373 7386 6464 7014 3911 4704 3198 4366 4276 5536 8001 4047 4606 3273 2075 6355 7034 5403 4038 3171 5373
4126 8770 2113 6553 2444 2838 7710 3587 1893 7279 7413 6588 7104 4015 4746 3787 4098 4289 5609 8221 3240 4323 3098 2577 6321 7374 5161 4471 2599 5793
4281 8348 2406 6753 2908 2556 7267 4151 1386 7746 7439 6287 7142 3779 5134 3129 4132 4009 5776 7992 3760 4919 3521 2440 5754 7102 5479 4605 2392 5497
4192 8416 1974 6875 2369 2512 7249 4109 2185 8149 7539 6833 6763 4553 4559 3509 3610 4553 5944 8154 4013 4511 3551 2580 6373 7531 5011 4021 2392 4979
4747 8727 2461 6679 2230 2630 7230 3838 1549 7468 8027 6461 6430 3893 4474 3940 3588 4411 5357 8028 3575 4297 3185 2036 6009 7168 5667 4306 2379 5731
4544 8033 2481 6094 2578 2587 7171 3763 1360 8148 7983 6642 7152 4028 4958 3677 3722 3807 5939 7917 3241 4837 3576 2186 6234 7332 5539 3801 2757 5519
4569 8218 2620 6640 2390 3137 7395 4161 2145 8014 7887 6620 6896 4331 4538 3942 3634 4360 5769 7950 3437 4603 3221 2500 6333 7217 5014 4595 3017 5221
4707 8443 2088 6398 2682 3031 7275 4184 2123 7462 8264 6097 6353 4000 5034 3181 3581 3854 5716 8196 3259 4862 3353 2365 6367 7421 5425 4330 2388 5764
4926 8792 2598 6900 2680 2514 7265 3748 1595 7798 7628 6729 6991 4203 4783 3174 4311 3858 5979 8350 3558 4998 3244 1836 5778 7643 5022 4527 3210 5293
4824 8475 2274 6245 2705 2562 7842 3436 1988 8073 7672 6402 7009 4300 4569 3963 4122 4242 5898 8300 3450 4177 2941 2525 6622 6859 5337 4565 3170 4996
4712 8335 2227 6337 2849 2893 7413 4204 1709 7655 8222 6066 6653 4525 4551 3963 3801 3871 5869 8103 3492 4210 3216 2252 6234 7163 5139 4650 2602 5001
4152 8074 2023 6498 2834 2547 7282 3598 1833 8015 7898 6414 6859 4457 4707 3113 3956 4315 6127 7826 3868 4264 2954 1939 5825 6934 5387 4447 2734 5203
4390 8718 2202 6046 2391 3239 7488 4261 1562 8072 7529 6636 6557 3918 4477 3965 4285 4233 5388 7955 3625 4442 3340 2418 6237 7430 5181 4336 2334 5321
4541 8796 2313 6761 2237 2701 7706 3410 1667 7967 7933 6700 6990 4272 4541 3321 3766 3811 5615 8128 3409 4632 3113 2107 6453 6917 5230 4518 2850 5834
4539 8667 2533 6482 2430 3244 7464 3967 2108 7983 7694 6174 6871 4497 4922 3191 4374 3982 5496 8188 3775 4241 3360 1959 5946 6987 5496 4512 2573 5222
4715 7981 1741 6201 2921 2903 7822 3611 1535 7630 7553 6685 7192 4574 5324 3651 3732 4256 5565 7848 3336 4612 2905 2595 6197 7434 5053 4407 2797 5385
4431 8062 2610 6759 2252 2563 7321 4173 1447 8128 8084 6498 7180 3770 4763 3111 4262 4125 6072 8004 3996 4302 3519 2565 6326 7112 5088 4102 2637 5098
4879 8392 2344 6097 2521 2615 7153 4177 1733 8073 8236 6373 7135 4031 4961 3213 3652 4162 5853 8514 3696 4578 3260 1739 6428 7253 5304 4631 2948 5088
4535 8732 2508 6772 2446 3366 7219 4253 2177 7943 8035 6434 7069 4162 4734 3400 4010 4352 5643 7846 3761 4723 3178 1864 6179 7516 5363 4487 2517 5310
4666 8790 1985 6310 2559 3231 7375 3661 1900 7490 8135 6777 6956 4205 4995 3479 3570 4193 5372 8047 3462 4699 3670 2124 5941 7606 5828 4391 3115 5237
4378 8558 2091 6297 2379 3294 7834 4192 2002 7919 7552 6723 7053 4304 5227 3356 4069 4091 5387 8079 3458 4248 3290 2356 5756 7172 5295 4434 2540 5078
4926 8064 2004 6229 2998 3328 7892 4021 1630 7736 7757 6580 7029 4524 4580 3634 4086 3846 5282 8493 3300 4302 3471 2134 6227 7499 5479 4161 2383 5421
4555 8181 1861 6273 2861 3204 7528 3608 1920 7375 7752 6822 6530 3802 4579 3923 4173 3874 5817 8058 3482 5039 3204 2308 6373 7039 5716 4558 2396 5171
4777 8062 2575 6484 2369 2993 7347 3835 1626 8016 7983 6682 6647 3797 4557 3822 3741 4411 5404 7824 3183 4675 3353 2531 5971 7515 5335 4612 2382 5529
4433 8406 1751 6556 2397 2676 7406 4179 2169 8051 7613 6146 6853 4514 4814 3277 4272 4119 5931 8347 4019 4468 3576 1949 6463 7637 5839 4568 2965 5321
4687 8274 1973 6865 2329 2692 7856 3555 1939 7283 7901 6469 7121 4117 4846 3476 3841 4324 5430 8025 3489 4692 3105 2121 6046 7070 5520 4087 2891 5009
12 26 3 20 44643 1.0827077979656368
15 21 8 11 50241 1.0793033285176061
5 19 17 22 50896 1.0926789442854459
20 6 26 18 58638 0.9410387935740245
11 24 10 1 66008 1.0735225109330642
21 0 12 19 73355 0.9997671549458177
6 11 14 26 66428 0.9171203881902951
1 6 19 13 61148 1.0866855235458972
1 24 22 29 68743 1.0040666360881232
23 24 16 9 59401 1.0054166992566884
27 24 17 19 45212 1.0576436220909833
11 25 4 14 55005 1.025411646147852
8 24 16 10 66316 1.0174014579527675
25 4 15 8 30828 1.0931800433610048
26 8 19 28 62018 1.0203210495988573
15 16 10 10 39629 1.050532393553877
4 3 6 29 88184 1.040478872419539
21 14 28 24 39333 0.9338485673229666
29 14 5 0 96626 0.910083359853805
15 15 26 0 71494 1.0081503051941134
23 8 17 18 46980 0.9080387594915905
13 14 23 13 43880 1.025884521717703
1 9 16 23 69715 0.9430302899846453
14 13 9 29 53525 0.9026118986632131
26 13 15 1 65158 0.9198767856134269
25 29 11 24 52854 1.0875290824466015
24 10 18 14 39680 1.077461623254405
4 6 10 23 58520 0.9919444501994278
29 2 12 7 52362 1.001882109181688
13 0 7 14 58720 1.0052295321986582
11 11 5 6 34271 1.0495683950619925
1 26 23 5 102263 0.922699777218245
22 19 11 19 49350 0.9662159240206717
12 4 16 19 60216 0.9716496316003902
24 14 23 28 49748 0.9007840108847834
13 23 20 2 70311 1.0406490492491955
14 1 19 9 35094 1.0578217044014306
5 3 0 22 87492 1.0540875342411007
12 5 16 12 35244 1.0864129065120212
26 27 25 12 69495 1.047870130405602
4 19 12 1 80049 1.0776532076660945
23 26 6 21 59571 0.9150022619314545
9 24 24 25 43493 0.9023743630141116
0 21 29 17 99822 1.0951773033114827
14 6 19 27 70537 0.9100420165130673
8 12 24 26 75930 0.9108252387509564
3 8 12 0 42006 1.067404714644871
6 5 8 22 50880 0.9702521923413907
7 26 5 0 87405 1.0250617687613321
4 1 1 8 34361 0.9133003499673209
24 26 11 18 56494 1.0622163832467675
7 28 8 1 72844 0.9475303873504385
14 13 22 4 38538 1.0333958371850274
21 28 8 23 40753 0.9694507472647667
6 9 28 14 66231 0.9510999755156406
16 3 17 25 85944 0.924538190756993
8 28 1 17 54735 1.0892551422793657
7 3 15 12 45607 0.9410162180447517
26 15 14 16 44501 1.0258857033873403
1 3 4 15 55228 1.002704150001692
7 7 18 1 42872 0.9140528660478237
17 21 27 16 51198 1.0928370640633243
17 10 14 18 43961 1.0557061750286802
28 13 11 14 69653 0.9958078433436963
11 23 0 7 63014 1.0314931778236374
2 28 14 15 64935 1.0574904422421347
27 26 24 18 37971 1.0227960353187642
15 28 24 6 76850 0.9798702352578894
22 18 7 12 70371 0.9123237018463551
4 0 2 28 104727 0.9464836856313337
17 29 28 24 47979 0.9194483119011179
20 1 23 10 34664 0.9324922111374198
12 25 4 0 89133 1.0243891182954294
25 4 12 14 58031 1.0161454162123753
0 12 22 14 78540 1.0090066340771509
14 15 20 5 41035 1.020765212455687
9 29 1 26 32253 0.9517740015876628
29 2 21 12 41642 1.0055941284428036
7 8 13 12 30119 0.995765436948024
0 7 9 22 55550 1.03033393201661
23 9 0 14 74005 0.9116179328014345
8 14 16 10 42955 1.0791585930189067
21 18 6 19 59631 0.9415921111231469
10 20 23 16 55914 0.9588864212309846
22 3 24 21 62996 1.0587769845572639
7 1 5 14 56428 1.046296140882901
29 15 8 2 80685 0.9273091938189763
10 25 26 11 88495 0.9388974991262873
8 5 15 1 27134 1.0505661706068665
10 14 0 26 62382 1.0025363557112854
21 23 9 20 33883 1.0924323082428806
0 0 5 9 51379 1.0038370878200116
15 12 26 28 73469 0.9274891791615806
24 25 0 22 66903 0.9639302755339221
1 28 17 5 95680 1.0979836619304912
12 14 8 23 36033 1.0680836291512272
0 11 1 1 49929 0.9135215996605891
29 15 8 13 79217 0.9730732023397559
24 17 22 0 58847 0.9629991031959927
12 6 26 23 70230 0.9868581791967078
25 28 12 2 90182 1.0094375573365664
8 8 26 15 57497 0.9466601365100039
8 11 10 3 26312 0.9474801807939164
19 24 12 7 66707 0.9303422528934532
29 12 23 17 44130 1.0225356777848484
22 16 22 27 33319 0.9621601701420155
7 7 26 20 75148 1.04049059372623
5 21 8 0 71083 1.0390064096221474
28 20 14 5 73009 0.9777410739224833
18 5 17 19 56746 0.9022008045823027
19 14 6 18 62064 1.022684317746239
15 26 28 28 42026 1.0772549012869639
0 17 22 24 82267 0.9038678744189483
11 14 3 2 50730 0.9414420580935149
25 22 9 19 49293 0.9861797064927922
27 5 3 26 104034 0.968289131101413
8 29 29 9 98038 1.0974203150648563
14 18 3 6 54554 0.9009558389509073
29 24 22 28 34936 0.9549521848811148
0 9 9 13 35285 0.9235011832262099
29 24 28 0 92258 0.9041937196231511
27 15 10 29 84476 0.9403530020587699
13 9 26 14 58245 0.9556456173353981
2 26 18 24 53735 1.071090298396129
29 9 17 8 29895 1.081260188498475
16 23 27 9 60550 1.04332016473906
12 13 27 19 72747 0.9217919214477227
21 21 5 26 57395 1.0659350942180335
7 10 28 9 53619 0.9235849044814403
14 29 24 11 76139 0.9936959274789758
15 1 1 11 57682 0.9276669355261293
0 4 8 11 39767 0.9560236771037841
2 16 17 12 72335 1.0040595942340116
6 4 18 15 57029 0.9071664150959192
3 29 24 26 68585 0.9256099725659672
25 23 14 1 74847 0.9877945508604148
2 3 15 21 82180 1.0130325988429116
6 23 29 22 55750 1.0044383182606038
2 16 0 6 53645 1.0200171589402551
8 18 25 19 67869 1.0779866371303781
14 16 14 4 33020 1.0889562053223831
8 18 26 10 71524 0.9962454523435719
10 4 15 24 65553 0.906163415363424
19 20 20 0 60873 0.9834804869460149
4 13 7 1 56032 1.0772612852884054
23 26 0 12 110488 1.0481400410087645
3 10 29 25 103298 1.0801050078251153
11 14 6 22 36777 0.9073190215273643
16 24 28 27 47409 0.9445108980775196
2 6 29 24 104517 0.9885397246360562
2 21 26 12 102792 0.9388481970433894
25 19 1 5 95715 0.9195752338592819
22 8 17 19 50931 0.9386655681919985
19 18 3 14 73127 0.9424423108858884
13 29 3 18 61850 1.0465887860422067
16 16 29 29 73727 1.0268885391681146
5 12 20 24 76370 1.0062133361610799
19 19 7 0 89401 0.9162965463852957
23 24 7 24 46576 0.996951723892532
27 6 5 25 97143 1.0823503674436206
22 9 7 16 58200 1.0917307041432927
25 22 3 5 89075 1.0102031052669145
20 22 16 8 44070 0.9619599357263516
13 18 28 18 68962 0.9379577791497352
0 8 0 25 80456 0.9767331590094326
6 10 14 25 67056 0.9987615898099136
21 2 0 20 98332 0.9785467992289525
21 26 1 21 60080 1.0014785095121574
6 13 18 5 51349 1.0796780002364708
18 11 7 29 83876 0.9653683832439457
19 11 11 18 55412 0.9994824143297341
25 6 1 26 105135 1.0887877474339962
27 25 18 17 46914 1.0498220440979107
2 27 2 1 104240 1.0808199550432813
7 26 14 17 44595 0.9633607513343472
0 2 27 29 121287 1.028127705246679
14 23 8 19 24756 1.0038471786927696
17 28 28 7 74953 0.9895198726507367
11 10 5 4 30571 1.0966899232293759
17 29 3 21 62621 0.9872963700269354
27 21 17 2 77591 0.9005019666425962
0 17 14 15 58214 0.9464296056915958
13 12 26 5 53689 1.0063334537584558
18 0 21 28 75594 1.0300199796549119
4 12 11 4 47441 1.0602868621321417
10 9 8 1 25816 0.9437593034201461
4 6 26 28 101417 0.9988937508328952
3 1 3 23 80819 0.9071376177830949
13 5 3 25 76311 0.9336882352600351
12 27 26 11 92805 0.9556161019923355
23 2 23 21 59597 1.0914681002048683
22 28 25 17 44139 0.9340725079106988
21 5 2 0 59803 0.9652445650788705
22 1 16 22 74198 1.0191771707344
1 0 10 16 64371 1.0970602857281189
24 19 8 11 73394 0.9340741723280798
25 12 4 23 83955 1.0996520830471535
18 12 9 15 42145 1.049111902318706
14 18 19 10 46278 1.0855657165248918
23 4 6 1 49224 1.0608943447731989
18 25 23 20 28395 1.0678098649181111
0 7 26 2 69596 0.9649773382604516
4 10 16 15 56225 1.037476607715789
29 24 12 18 63842 0.9386821776271356
2 0 9 14 52802 0.9226250629894627
18 11 17 23 42485 0.9805441886809821
17 29 21 22 31844 0.9306698215327562
18 10 19 22 43038 0.9640689427036603
3 23 17 23 31836 0.9875934401034333
28 20 17 27 52662 1.022479494938365
10 2 19 7 38934 0.9003309810941854
22 4 29 18 67949 1.0868616123441097
19 5 25 12 40142 1.0292151229284228
28 28 25 5 86052 0.9929899117512315
3 12 2 27 59600 1.0628414935731283
26 6 29 26 85717 0.9019576836431938
20 18 11 19 44947 1.0685632320562093
25 16 10 21 62883 0.9338666983972742
27 17 10 29 81094 0.9261409412317989
10 1 0 2 25697 1.083858167538238
19 6 16 13 40128 0.9925274744673228
1 12 27 4 78309 1.026913068905515
17 2 11 17 59506 0.9440915039590487
21 7 19 24 49168 0.9476768759510179
29 27 20 7 74470 0.9422940393295871
19 2 7 13 55923 1.0309372823939245
6 28 6 3 76610 1.0908234389518963
1 17 17 20 68040 1.006156497495405
5 10 19 22 80069 0.932228246385762
7 19 4 12 47531 1.073977239113999
21 9 23 18 31516 0.9973892947377919
0 28 23 17 84937 1.0692526716352526
28 14 7 1 84278 1.0752829543659228
0 25 21 16 76361 0.9652624645872792
15 8 24 6 23959 1.0759377721086725
27 21 17 25 42516 1.0656706162639438
25 4 6 22 85737 1.0888913789772239
28 22 8 12 76469 1.0847587858416168
5 1 7 19 67292 1.0943830799806173
12 10 24 28 79586 0.9482265163568644
16 23 8 13 43863 0.9809443326914116
22 21 17 12 45327 0.9475597303063037
3 4 15 5 34158 0.9006439117399206
20 3 29 27 85477 0.9009367592139254
1 9 16 9 38387 1.0845782703415028
1 9 16 22 71982 0.928793237242826
7 26 22 0 98604 1.047595522786903
9 25 4 8 49444 1.0745792976177113
25 29 29 2 94340 0.9093588762945958
17 11 10 4 45739 0.900401739453981
16 20 13 8 42353 0.9270123632779175
22 28 8 26 43616 1.0029785753070648
15 4 8 23 61455 1.0256513789952664
4 20 22 17 69437 0.9256256115101151
9 14 14 1 42996 0.9968087098341176
23 8 24 26 57618 0.9031808924911089
15 12 26 5 47436 0.9917514082299701
19 14 29 28 63161 1.082122132452093
29 24 13 1 97974 1.058592572087197
21 2 7 6 47446 1.0880307393208615
7 2 3 23 68847 1.0012323327321901
22 0 2 26 111855 1.0332335371974508
23 19 18 13 38727 0.9602166785700486
15 15 13 23 27629 0.9497492427946759
23 3 16 17 61125 1.0706811686399655
7 11 4 0 51310 1.015238547684738
6 14 28 13 79888 0.9543034752144265
12 10 22 18 54483 1.0898022457333727
20 4 29 17 63759 0.9729660558159183
10 29 16 22 37810 1.0890451709555395
17 10 3 3 58292 1.0468884647782415
2 25 27 20 79473 0.9801938592451667
15 12 15 23 37292 1.0143058267498086
7 16 18 8 43460 0.9333225002587084
11 19 22 6 67780 0.9601487989594006
16 28 28 4 88878 1.0133261875069985
6 12 8 26 50781 1.0955388961587795
7 17 20 10 58247 1.0656396382126099
10 5 15 14 39621 1.0877620019067984
12 23 2 1 78145 1.0540021108650963
18 16 5 0 78503 1.0303500836815966
18 9 29 3 46469 1.079380900519234
5 4 28 25 97700 0.9761354544912068
11 5 29 21 89079 0.9307526935966316
22 5 18 12 29395 0.9058976138705402
5 14 21 8 53302 1.0648344830327363
29 26 10 17 75940 0.9462253335686663
21 25 9 18 43275 1.088075101923462
26 23 18 12 49230 1.0971784315188589
12 3 3 15 59543 0.9376011960720423
10 0 0 12 62663 1.037205193151946
19 29 23 22 32967 1.0061041283606107
21 11 13 20 50039 0.9646751229029037
29 17 11 3 85542 1.0300628864363688
3 13 3 23 36745 1.0715974672477009
25 14 12 2 66147 0.9962888321248001
25 5 29 22 73329 1.027643239661528
12 4 8 14 35859 1.0512146977577757
29 14 15 27 78727 1.0846894574686579
2 16 21 13 75327 1.0450147505386662
14 29 24 25 41770 0.9388724888696302
25 5 10 8 40250 1.052087204346669
21 19 2 14 80931 1.0983526982665495
18 8 3 5 38431 0.9693104085596377
25 16 11 25 60139 1.047297395854935
28 0 11 16 80975 1.07901879738221
21 8 14 28 64889 1.0832572088729417
19 26 13 22 30740 1.0769402811832605
18 14 2 2 67034 0.9206870879513943
0 10 18 27 100563 1.0443447909296633
3 2 11 22 67277 1.0040138401207541
5 17 17 26 64893 1.0314355174847278
27 2 17 28 86139 1.096133667413537
12 27 27 8 82538 1.0352826422833
29 23 22 3 72298 0.9686167131276746
18 18 6 15 53471 0.91254723159212
8 8 22 14 42095 1.034684057709249
21 21 12 19 39365 1.0325368678301863
23 15 6 1 71116 1.0601016281972806
26 1 21 14 46562 1.042481329969958
22 18 22 5 40970 1.092334220486254
14 1 29 23 83756 1.04421935026483
6 19 26 15 84753 0.9633256813504975
25 22 5 5 84030 1.0862713845410048
12 29 7 20 39199 0.9831788267798394
21 3 6 17 68906 1.0558213204704712
23 13 23 27 49430 0.9678226406478435
5 9 16 11 41018 0.9994139780911299
1 3 16 24 93981 1.0525680645219053
29 21 2 7 100334 1.0353322081336973
8 13 1 17 37825 1.0412750437046976
18 6 13 11 28623 1.0383683893526252
16 10 27 5 44925 0.9347458123549549
21 10 18 3 26682 0.968675449731587
11 28 14 9 61865 1.0102928693519353
20 17 9 28 56779 1.0089942607768827
13 8 29 0 54521 0.9175791960256912
24 4 17 27 78884 1.0229768100888568
24 12 17 21 51560 0.9723917177269331
17 11 10 16 47980 1.080309152489837
20 18 12 3 63241 0.9067592324333923
16 12 8 15 41577 0.9258515655434464
6 19 11 26 37425 1.0389148109173805
6 19 2 3 73224 1.0714054286260537
16 24 2 14 72028 0.9256928923289022
17 5 11 13 39594 0.987428868110738
16 18 22 4 61358 0.9701048313218296
14 21 0 12 78961 1.0783367918788644
1 3 23 21 96191 0.9961057301368053
29 17 20 14 43965 1.0993023733479954
7 19 27 29 79087 0.9448351575300736
4 5 27 29 106957 0.9066137963457689
28 7 11 16 61929 0.965556582052825
16 23 6 12 57177 0.975245343023992
20 29 13 12 71312 0.9640168987597012
3 1 11 24 75510 0.9894962666757179
27 28 19 3 84244 0.9437777799822943
25 6 7 5 50233 1.0368626645591597
29 19 23 28 52465 0.996414004198556
24 5 19 21 56828 0.9904360249778196
27 3 13 16 67541 0.9726632295137829
8 0 5 18 64334 0.9310796897503718
29 20 22 23 28218 1.0824412914901111
20 0 6 17 80695 0.9317589770412287
23 2 1 24 99552 0.9515702480340278
27 16 20 25 50636 1.0217715381101866
8 18 13 28 40121 1.0582596171195873
21 0 25 13 49264 0.9234413182011469
19 12 18 23 44520 1.0849321117700144
4 25 2 9 73481 0.981431677039349
16 19 0 16 76293 1.0623990443112392
9 13 15 25 44088 1.0847965380555598
23 19 29 1 78621 0.9095494875187691
4 18 18 15 63299 0.9503265667985669
24 25 2 19 75292 1.0768138025604421
18 3 26 25 79819 1.0835103032278843
9 29 18 24 38467 1.0983778470578718
12 5 1 28 86081 1.0306814816363346
26 13 8 8 55751 0.9361745169883886
20 24 14 0 75647 0.9650856087937265
10 25 5 15 43330 1.0893004624845108
15 14 2 4 58048 0.9019122664195067
0 4 10 26 80941 1.0199036191087933
3 24 14 21 34365 0.9448546913750039
29 0 9 10 67161 1.0530451227988804
8 11 25 15 62052 1.0987224911870555
6 15 18 8 44720 0.9254760326407457
16 13 2 12 63177 1.012689396788307
27 8 13 22 64407 1.0022891960203442
18 3 9 10 39046 1.0343874014434356
27 21 7 15 74460 1.054378239605735
4 2 17 14 65178 1.018497938297326
21 4 2 21 90842 0.9014266835594168
27 27 1 15 101512 0.9240408899766654
12 20 10 28 32798 1.0200127294117363
10 22 19 6 67715 0.9424266965123823
21 14 22 23 22345 0.9507205594205081
16 4 8 18 54351 0.9798787183849476
24 0 5 11 76610 1.096568849132854
5 17 18 8 55098 0.9428358947709856
26 2 5 9 60462 1.074005075403985
2 15 27 0 97238 0.9515802047530356
29 3 15 0 44877 0.9691325313739012
25 26 26 8 67037 1.0519000536265568
10 8 6 2 23269 0.900886711811382
29 28 2 11 117210 0.9021972378442678
20 12 8 22 63695 0.9776522568402012
18 17 1 26 70886 1.0438277487827956
19 27 26 22 34084 1.0398575591810928
26 10 11 4 52776 1.0942776392027027
19 4 7 2 34927 1.0072973510627168
5 28 22 11 83187 1.0998874710012183
8 5 20 14 49920 1.009416207324156
15 18 22 7 50890 1.054182717596344
5 2 29 14 85363 1.0329106333489502
17 27 21 3 74208 0.9057211416675437
13 18 28 23 50229 0.95262405733402
2 0 19 15 83109 1.0512390007235883
1 11 13 13 54447 1.00670922735875
7 17 22 4 64091 0.9108516776685193
22 6 25 13 41811 0.9244929013718839
8 0 18 24 81948 0.9177407448225217
13 18 28 7 62244 0.9053200771038665
12 0 9 7 29239 0.9147704760475168
22 1 3 16 87686 1.0435965787838195
4 14 5 2 53625 1.0021474646640152
19 15 26 5 47378 1.0043246978616693
29 4 26 20 66108 0.9598425882739059
26 4 23 23 62662 1.066664903543367
2 5 13 3 39893 0.9884442344076891
17 26 16 8 66883 0.9440546090981871
6 14 20 7 51249 1.0097498833935226
9 23 19 8 54068 0.9583198039806295
8 22 12 2 59625 1.0021155820640264
23 0 28 15 65981 0.9474974721237558
16 28 6 7 76657 0.9049637503184496
24 25 8 15 63444 0.9812589628594662
8 0 25 26 101323 1.0892182218312787
3 16 9 12 32180 0.904588115041621
13 1 27 12 63611 1.0943552086660366
25 24 3 22 57898 0.9646875212901305
24 10 9 25 76903 0.9282060079363873
24 11 2 13 72595 1.010783915357158
25 24 21 13 36295 0.9659906221305824
7 17 21 1 69042 1.0427960350913812
27 6 5 22 86502 0.9295506814650166
8 14 25 22 65301 0.9307194359259479
3 7 29 29 108751 0.9935175773990841
22 5 25 19 57817 1.0796118673126718
24 14 17 19 46066 1.058498880271748
1 19 7 6 70506 1.0177729186207145
0 1 19 23 99461 1.0574964454256006
11 8 28 4 45446 1.0528347796767514
8 20 25 1 82128 1.0478651383444721
16 19 3 19 57442 1.069242770963725
9 28 13 0 84803 1.0845595998539457
12 26 23 13 64613 1.0778292459767047
21 22 28 28 32782 1.0041298269052394
0 15 29 20 107105 1.0169439443899326
18 23 15 14 37048 1.0549239151542653
23 15 28 1 56981 1.0848009055852939
9 7 24 9 34283 1.0075930925764447
1 15 11 20 46431 0.954720144241372
1 6 7 1 38195 0.9177393466532138
16 11 29 16 68897 0.904414110750844
13 11 26 0 64152 0.9734268437599645
29 29 4 14 108412 1.0808822487143883
20 2 23 23 56725 0.9367234740094794
5 13 12 1 54725 0.9160109025681846
23 5 19 12 38181 1.0774412337283241
4 16 25 19 87510 1.0944215113716584
28 16 16 23 51760 0.9223139472112386
3 26 1 10 67871 1.035638650748363
16 19 10 29 52222 0.940588018849799
18 27 7 14 64592 1.0771953850993061
22 29 10 24 47580 1.0122824751720962
9 21 26 20 55659 1.0902267607360845
14 27 8 13 51215 1.0980095723391246
16 5 24 10 35999 0.9551902596005183
4 7 27 16 75597 0.9925685075545723
26 6 5 26 104679 1.0299722726391998
7 27 24 18 69815 1.0914348484943082
5 14 15 1 62990 0.9254663833851254
15 15 12 8 25614 0.9356824746602515
24 26 6 14 79807 1.0433260867789966
3 8 13 15 41398 1.027616615363557
18 24 8 18 39567 1.0892958520202771
13 18 9 26 38594 1.0899816767381798
6 21 1 9 61771 1.0369292544358863
29 3 25 19 76585 0.9229453223732704
16 0 16 22 73408 0.9794904067287682
9 2 21 15 53884 0.9667881830254856
17 2 24 6 29577 0.9939934725451034
4 23 26 10 90652 0.9153602432088509
5 18 4 4 63600 0.9782511781213001
21 13 17 21 34912 0.9094472904762207
10 26 6 0 78804 0.9619299043624279
8 22 2 29 38392 0.9401361760586702
2 23 27 26 67436 1.0113671760458152
12 4 10 13 34290 1.0401169291078745
24 28 13 24 44583 0.9503469622103758
15 10 7 18 51587 0.9621141315744739
21 22 28 0 68560 1.0247518169820256
15 22 27 21 37615 0.9924004594103716
2 16 0 7 45811 1.0243232221702967
16 24 18 16 35664 1.0024069821474964
10 25 24 11 75682 1.053074679456647
15 5 0 11 53394 1.0679048530555812
15 12 26 21 65607 1.0399391566808387
29 22 4 20 73860 0.9305906133287011
7 13 28 10 61596 0.9355513582525995
28 5 26 13 35014 1.0391268612747782
9 5 19 27 82355 1.0258659150319953
21 0 28 20 72967 1.0898919204661355
18 17 10 10 53277 0.928238305976674
18 17 12 22 35694 0.9570001602427121
13 20 1 12 66087 0.9358741243742879
25 16 7 23 62374 1.0378847524194492
23 29 1 27 68575 1.0560503775238033
13 6 0 6 51767 0.965123319226056
23 12 15 26 58709 1.0234668390794657
14 27 27 4 88056 1.06956557584064
24 21 14 13 54778 1.0209984320762024
20 1 5 22 90564 0.997822558232711
18 14 5 5 53964 1.0860576060962903
25 0 9 23 91085 1.0778574305040598
20 4 3 28 98297 0.9061069381023179
11 27 14 6 67260 1.0644211287496763
28 21 8 24 54901 0.9311998239845202
26 26 25 6 80324 1.0251046378163795
2 23 17 5 78164 0.9412611025078997
0 0 18 19 100212 0.9582045308854157
22 6 17 28 70318 0.9599287110618802
7 27 24 24 54952 0.9301276758278432
14 15 4 25 58008 0.9558426759202516
15 6 27 18 64811 1.0974975545504702
18 12 9 28 69695 0.9152231179489679
19 12 2 15 73931 1.0432794613700787
24 11 4 10 60747 1.0087561148714645
11 29 29 24 67164 0.9517327086698528
14 16 26 21 56999 1.064310397558864
0 12 26 14 96288 0.9944650286053524
5 4 28 11 65615 1.058403694083911
17 20 27 15 47807 1.0829999861486612
13 24 4 26 46757 1.0972597868505103
8 18 23 16 63518 0.9535802702178131
28 25 20 28 31281 1.0318512303817822
16 22 6 25 35612 1.08532351105688
23 4 22 19 49379 1.0772088075061146
29 5 16 8 35760 1.0099363664973904
26 13 1 13 89226 0.9686407264759789
22 27 28 14 60253 1.0954196850288542
5 27 15 2 90288 1.0258633148784289
11 27 13 11 59498 0.9522820960779079
8 13 11 28 45877 1.0998661635673774
4 0 24 22 101634 1.001350356663773
22 14 7 14 59960 0.9849730740210252
11 27 23 19 53873 1.0195771208025484
8 18 16 22 35562 1.0412783703868935
15 1 11 23 69254 0.9819116000760206
24 24 10 29 55038 1.0087826880930948
12 29 1 23 43848 1.0348028679107484
23 1 8 28 96589 1.0961088992075576
29 22 18 18 45533 0.9406999288448212
9 25 18 8 57801 0.9260220327114813
12 14 5 0 62807 0.9964088908665977
11 23 6 16 32168 1.0105679991972834
18 11 3 10 44957 1.0042593950185084
3 11 26 23 88699 1.0933545206797828
5 4 3 25 76424 1.0083648825193008
11 1 0 14 67713 1.056218182303312
21 22 6 2 74889 0.9979821266675556
28 4 22 28 77590 0.9088409730927083
17 24 2 7 78760 1.0017179415730444
14 4 4 29 87463 1.0011451593314824
25 2 9 21 76543 1.061435187465253
20 16 0 16 78719 1.0433690992474711
15 14 17 4 38842 0.939331719184191
0 21 9 17 45377 0.9217906804876617
7 19 2 7 54988 0.987625192381984
26 13 5 16 85236 1.0878498048925775
0 24 15 27 56337 1.0758391722171363
7 29 9 8 59252 1.0162901517429708
8 15 19 27 61582 0.9431522460145046
6 15 6 29 54157 1.0828387502065648
6 15 19 29 75705 0.9233202044194728
8 29 22 12 77086 1.0932793094431323
7 6 2 20 68186 1.0465437625288994
27 29 3 4 112072 1.0921645409231622
27 21 4 24 65799 0.9882101596592513
17 5 0 19 94036 0.9307246756838405
4 10 13 17 58685 1.0973361360511669
18 14 27 27 59343 0.9017851223858742
16 23 6 5 65738 1.0738485674039182
10 9 25 26 80918 1.0169325014580193
29 5 15 15 60714 1.000256814086278
4 2 5 14 54780 1.0606795703431873
8 10 15 6 25646 0.9414109818003654
12 29 6 14 59803 1.04554352188669
15 5 7 25 71530 1.0564832740251047
11 26 16 8 61612 0.9966386471003673
23 13 10 19 66459 0.9048001485959621
26 25 12 20 53142 1.0471130770339987
15 9 23 0 41505 1.0059531553428307
11 10 26 0 62238 0.9428170693184383
7 11 26 26 94759 0.9684905725108672
14 28 4 1 93530 0.9793025260653194
2 4 23 26 101306 0.9009018270246935
27 20 29 3 70521 0.9972716043657769
22 23 10 13 57008 0.9828676907266232
7 9 16 19 64362 0.9115623575548737
22 6 18 18 49966 0.9170319603838043
9 10 19 21 62094 1.0519769330240434
10 8 23 4 34699 1.0402652414806068
5 14 26 22 82171 0.9682303115245179
19 14 6 22 66734 0.9523327976715777
7 29 18 15 70368 1.0059209795045474
27 14 11 7 52793 1.0972870467652953
8 15 12 0 52273 1.0472870937432714
25 13 10 4 63125 0.9411108473117545
17 9 20 1 36645 1.020717732185803
20 27 9 2 85857 0.9208834408808958
6 28 3 0 90204 1.031388654445351
14 22 22 4 62776 1.0613209056660913
7 13 15 23 45338 1.0542371647089974
26 1 12 28 102667 1.0742685112293626
28 9 11 5 44913 0.9363899052389055
21 4 7 21 71022 1.0612247220374986
2 2 6 19 70198 1.0746106892586706
22 2 17 22 63228 0.9709450273214492
18 28 1 8 86529 1.072615176692217
27 1 3 5 68156 1.0092427518056537
2 27 1 10 75783 1.0132779774426324
12 0 7 12 50785 0.93732345667949
15 16 4 29 65582 1.0027252682115109
7 8 9 25 43980 1.033741479966395
23 6 14 8 24447 0.9366468319217166
26 6 14 16 55380 0.9732971501746155
1 12 13 3 59516 0.9349790444330769
6 7 21 9 33774 1.0880014087736776
7 24 23 11 77265 1.0018919308494498
6 24 15 26 34413 1.0713505706113584
14 14 5 25 58171 1.0727090958216812
1 26 23 26 74780 0.9322407737909588
7 13 15 19 48036 1.0822498663717308
12 14 23 9 45419 1.0681532403834642
25 2 13 1 34071 1.0030050716283283
6 7 3 17 43702 0.9884602972186389
2 17 26 7 84789 1.0474860915604858
17 8 6 0 45134 0.9741033786654114
10 8 22 9 29325 1.0279549752933053
3 4 8 16 45385 0.9347804184889408
15 21 6 23 26693 0.9188585381749238
26 17 2 22 81658 0.9315782159328003
7 16 1 27 56886 0.911496960290839
2 3 25 23 97712 1.0502352997176572
0 5 7 22 70738 1.0047248206589916
27 28 23 7 70156 0.9040502917580951
0 27 10 21 48943 1.0471924573150189
0 16 6 23 43587 1.0664118129313012
15 3 0 18 88162 0.9182606118208901
21 5 10 27 79306 1.0807065413512387
2 0 18 4 51669 0.9870245817476827
25 4 25 29 83012 0.9036347094199472
5 15 1 29 64587 0.9971042251660991
29 7 2 21 101197 0.9474928273779185
22 26 5 9 81689 1.0182211624037913
14 7 1 23 67014 0.9472648282824538
24 23 3 8 73100 0.9339636983166996
19 4 21 13 27224 1.0910305894706047
2 12 20 8 51467 1.0223836931355796
8 8 20 21 57709 1.0340866385544765
6 10 20 12 51371 0.9056971319903323
4 17 7 26 49152 1.0949186475975237
5 10 17 25 87892 0.9174899932765149
2 25 14 16 58096 0.936120475585565
29 27 24 9 78268 1.0057971609493734
28 23 13 29 52660 1.0554829463557862
6 4 7 29 75636 1.0360641889266438
20 13 0 18 92644 1.0613648895070915
23 3 11 13 54560 0.9309776503018025
3 28 21 1 103173 0.9172742726167026
10 4 22 20 65924 1.0097327690996833
23 2 16 19 73760 1.0024194822712587
23 9 7 20 65145 1.0531278378694315
26 14 0 23 89249 1.046090892907558
16 20 22 25 36266 1.0962450824888128
27 25 22 1 81756 1.053220062680506
8 16 18 6 47108 1.0245759534483678
15 14 24 3 51998 0.9466477999926494
14 12 29 8 38245 0.9940832729341268
1 19 23 19 80084 1.0880024310418894
23 15 7 3 66208 1.0762762473150678
18 29 22 3 78816 0.9424597883894232
16 17 1 14 64831 0.9334275220223736
20 22 27 5 57482 0.9735494278221566
2 8 8 19 41538 1.011591872561222
20 12 8 2 54101 1.0077930993891984
17 5 22 11 32793 0.9623228795141462
0 1 23 13 83031 1.0514028655102974
7 6 13 19 61527 0.9169042420190142
25 22 29 8 61292 0.9120200574925664
4 15 22 23 65645 0.9016836214035802
8 4 26 8 42859 1.0870150411097113
0 10 27 0 87358 0.959855073567183
4 7 11 1 37714 1.0759191116850242
4 15 25 8 64060 0.9889497776026415
24 17 16 8 42790 1.0186423386747405
24 12 10 16 63127 0.9616251605627153
26 11 19 23 60863 1.0508290230390085
18 13 8 13 42531 1.0435742461281503
22 14 10 11 51104 1.0846012318446525
0 19 8 6 71606 1.0629192168879364
5 19 26 26 83000 1.082591496339168
25 27 7 24 64364 0.9998944093712414
8 15 8 26 32055 1.0405304382461673
27 6 29 19 56765 0.9020906783348416
4 20 11 8 50817 0.9030261225811511
0 9 28 26 105022 1.0315170259633843
17 10 27 4 45669 0.9049444521223379
6 7 20 1 52595 0.9957015647532437
28 25 22 11 55949 1.0652151868280482
26 15 14 3 60623 0.9396853678564256
20 21 6 26 54951 1.0675214604492158
21 7 3 1 55286 1.0497425874837696
4 29 16 2 97053 0.9233557362645634
1 13 4 22 43621 1.092993756301404
2 16 10 28 58134 0.9970003743607734
22 20 2 27 70104 1.08891392945737
22 12 14 23 47890 0.9937645421387555
22 16 26 24 36183 0.9204766574371634
29 29 8 2 111495 0.9810646920757267
6 14 2 5 47690 0.952383688313298
29 17 2 27 101078 0.9506104158661526
10 1 8 14 39310 0.9548601327579743
29 2 3 28 117486 1.0332199186756166
18 12 28 10 39335 0.9632977945481148
9 23 21 2 72604 0.9065663599293031
0 5 18 12 61086 0.9252253504482525
23 7 2 26 95327 0.9403674787643495
14 27 27 12 77036 1.067831290066557
5 27 18 23 46366 1.0534704393973335
12 3 12 15 48003 0.9147818787283876
18 1 13 11 42844 0.9005913275103112
5 17 6 27 47927 0.9737005331440634
22 6 12 29 87461 1.0321426617078404
26 2 6 14 73973 0.95439145842574
25 16 1 16 92354 1.0583337545235194
6 23 7 8 45514 1.018637046955614
0 24 17 16 71588 0.9949626143679315
2 3 27 1 66293 0.9510593902303061
28 25 27 6 70582 1.0232595176091976
23 22 11 19 43490 1.0467485160339054
14 6 1 24 73495 1.0788796394731321
24 16 27 27 49837 1.0069945318831792
4 26 7 18 47253 0.9353796155295119
9 16 27 22 60593 1.0619993256849385
16 23 26 13 54942 0.9943699150386642
15 29 5 23 41824 0.9979071069438163
22 12 2 16 82235 0.9506218520172645
27 10 17 27 79567 0.9433696443713475
2 5 7 11 38609 0.9718116008645346
21 5 6 3 45183 0.9494257880642273
19 2 15 22 68254 1.0059073478332528
23 25 12 16 55302 1.0358605953763718
4 15 24 15 70065 0.9627576078586537
1 28 20 25 65125 1.0936340059519303
26 2 4 13 78711 1.0944389985700467
0 28 13 20 57006 1.005171251533969
29 21 2 11 110604 0.9625644190341927
26 21 1 5 100888 0.9316711260163227
2 0 2 11 51288 0.9925870992347554
20 20 29 25 39439 1.0458445193130956
26 9 8 29 90830 0.9300804728632267
19 19 15 27 40583 0.9348882764028776
12 0 23 12 62427 1.0244364191233926
23 2 12 6 38155 0.9706003399310467
26 24 4 28 68319 1.0819193704909575
14 27 13 1 78931 0.9008095319166465
16 2 18 26 79864 1.0149659410891996
19 10 10 1 51080 1.02747443403332
9 24 22 13 56607 1.0302969619312008
20 12 10 15 48051 1.051965305808597
29 1 24 23 81466 1.0946381950047133
23 19 12 26 51302 1.0112642203777285
14 0 3 13 60769 0.904985985812499
3 19 25 29 82242 0.9570875328022315
26 1 15 28 94949 1.0905554147780536
23 23 12 28 39612 0.9453445888010517
15 23 26 25 36344 0.9512306310494248
26 23 7 5 78856 1.054184792121129
26 24 21 15 34693 0.9759912879811777
2 1 25 5 68830 1.0738883421949486
11 24 10 7 50008 0.999997414136208
2 2 0 19 82249 0.9496369484935985
29 6 15 29 95659 1.0195706546314636
8 29 15 5 73797 1.0534888500840438
9 18 29 27 71471 0.9481404025056779
22 20 6 15 67373 0.9783606240520792
29 27 1 2 121375 1.087240086244965
11 0 2 10 51232 1.0094501003475427
17 23 9 20 25025 1.0130171524221796
4 16 22 4 72855 1.0367512067775642
28 17 4 15 92166 0.9777969476249581
13 5 25 25 75739 1.0664140306053027
25 3 21 16 44866 0.9760848193626744
5 1 4 18 75790 0.9385185475457009
17 25 28 0 92689 0.9560328914451864
20 18 2 19 77924 1.089626462811324
15 23 17 13 41810 1.0652497297782528
28 4 26 21 69342 0.9584560567135444
7 10 17 21 70254 0.9573007421669035
20 1 3 17 87639 0.9877900136095459
15 20 25 8 56613 1.0708466365623248
12 19 0 7 64591 1.0883116874069432
5 22 6 7 56815 0.9912439178771564
20 0 21 11 32339 0.9431306816210725
11 14 23 16 47767 0.9094025140891685
5 27 16 2 92490 1.091951962843482
7 23 4 12 53093 0.9952717477283647
13 3 22 4 29343 0.9193834150574958
7 17 24 5 68873 0.9045759976554826
9 19 28 1 80899 1.011632681307683
22 24 11 27 44520 0.9712795231959688
9 14 1 26 52501 0.9738967656417744
9 3 23 19 72696 0.9689092562074545
22 25 9 12 65092 0.959566987650923
0 2 14 8 43384 1.0289161703044685
3 28 11 24 35060 0.9274953776897463
2 4 12 15 54692 0.9847666919850011
3 24 17 9 75588 1.0365520255690783
9 6 25 19 73495 0.9295521541173466
25 11 6 18 81969 0.9532666334096246
4 2 28 12 75092 0.915607784870841
28 0 26 15 57924 0.9083682842842273
24 3 1 4 63685 1.0444694246645494
20 17 24 11 34535 0.9434294880109094
13 10 19 26 68710 0.912445977586999
4 20 26 1 100000 0.9632020337861121
16 15 26 26 62711 1.0341264727435617
16 1 27 13 63278 0.9848211231047608
3 12 5 4 35169 1.0496127998580853
1 17 15 18 61013 0.9554421083614686
29 7 0 11 75312 1.0959745670493972
6 14 10 4 39530 0.9486843480517779
1 27 6 20 41592 1.038717622830769
27 10 15 9 31598 0.9547667454672089
19 15 28 3 54553 1.069501413871575
26 11 5 10 68285 0.9030138732296086
5 29 6 5 78957 0.9346161923054694
19 8 3 14 51015 1.0960975166895872
14 20 12 1 58523 0.9204367862408238
25 2 29 8 29655 0.9179128246850056
16 26 8 17 46690 1.013153266242797
6 8 9 16 24514 0.9153315273561582
28 20 15 7 66593 0.9783578690053109
19 4 25 0 28216 1.0088848336840264
8 6 6 22 50022 1.0494337412321713
29 20 29 10 47438 0.9481744010018022
6 6 6 23 57117 0.9566414749336826
4 22 9 4 60552 1.0349220335587455
27 4 14 26 85259 1.0092275891522164
22 8 11 20 57713 0.9912601824288534
1 3 4 22 80323 1.0211735787248712
17 20 19 28 34215 0.9102550868102056
3 17 9 2 59651 0.9025837632137748
4 5 9 14 33483 0.9146212148027851
9 5 9 26 51213 1.0274038379547514
21 27 9 23 36005 1.0924244573017106
10 8 7 28 55528 1.0579330634031272
15 8 7 10 26346 1.0558492960927413
3 27 24 20 72886 0.9257622784346214
8 29 23 14 73424 0.9333332453332275
18 7 5 28 78371 1.0929898820381008
20 12 20 26 43667 1.0879361648202877
4 23 18 22 35248 1.0083036747436238
16 22 9 29 34677 1.0029635517588116
20 15 2 19 81867 1.0714615316386484
3 1 14 25 84219 0.9640847237148811
10 16 9 25 25285 0.9058683424006866
18 16 9 1 61281 1.0472490557562135
0 2 20 25 101676 0.9970268239730994
1 8 20 13 51760 1.046238414699154
21 20 14 14 37509 0.9423264441729677
4 9 18 27 85170 0.9775075139935286
14 21 24 28 40725 1.0714404111573652
18 22 4 29 54457 1.0196520833228186
3 29 14 10 79348 1.0206393195098966
19 1 26 24 79368 0.9099360718540015
24 22 5 19 65186 1.0023287687158016
19 13 1 25 84014 1.0213406262501912
27 18 16 3 77932 0.9510368300278131
11 18 25 4 72894 0.9593403593373657
18 5 4 5 38991 1.011565309347019
24 14 23 24 40868 1.0396039745181231
26 5 1 17 97176 1.0747073739787711
12 20 2 1 74615 1.071575490217454
15 14 20 19 38697 0.9170812891084276
23 24 5 12 81960 0.9383146692859715
17 10 0 2 63834 0.9777490433627289
28 29 27 5 87749 1.0528559000078463
14 14 15 29 45922 1.0204484654397836
27 10 19 17 48412 1.0957662054755513
7 11 8 26 49311 1.067617163904553
22 16 12 10 48040 0.9699669860832123
24 8 27 22 56523 1.0324069635968902
20 6 7 20 64271 1.0559632535119237
23 24 26 10 65141 0.9409821654744803
6 22 11 29 32435 1.0884877707576435
28 13 9 17 74753 0.9417552074839131
28 0 8 3 53322 0.9820691303863711
16 19 4 18 62269 0.9633043614761144
5 24 19 6 82548 1.0609429660083458
28 1 14 15 63891 0.9857435573735412
22 29 23 0 82893 1.0860324165704474
10 9 13 28 65864 1.096308382169018
9 3 15 22 63280 0.9819613848217839
11 17 20 3 65970 1.0157696432512449
24 15 14 13 38791 0.9663462445125213
16 28 13 0 87696 0.9674756342275481
1 18 13 3 84067 0.9120658061369599
18 12 24 3 40286 1.0507761366492847
4 28 16 16 63802 0.9760630542787465
5 29 4 12 78136 1.0787874054502495
21 4 1 15 75205 1.079205363719294
0 0 11 16 72511 1.0939377039904967
10 3 21 20 65830 1.0536416441527885
25 14 21 6 38664 0.923373705715441
25 3 17 8 32269 1.0468076473988088
24 20 19 25 35910 0.9395225781956047
1 7 24 13 64748 0.9706003725005717
19 26 29 11 80718 1.0906188645023822
3 14 27 12 79767 0.9575461975591281
8 4 11 20 47201 0.9338625881035444
4 17 8 8 41651 1.0885783401650835
10 17 3 2 53447 0.9439878303643396
0 24 15 5 85062 0.953703247741186
14 13 3 3 51655 0.9368143760980314
14 17 7 20 32403 1.005850293749813
16 0 8 8 39983 0.9950061736502847
18 0 6 7 50601 0.9783505523937325
20 12 29 10 45611 0.9616767660509942
2 18 13 20 48104 0.9760392384738245
1 13 21 23 82307 1.0682196382019256
13 20 0 9 65919 0.9669243289134233
10 20 10 2 50316 1.0453029621087395
9 14 20 22 51482 1.0350242056975691
1 11 0 0 52591 0.9092987927666653
17 5 12 17 49529 0.9702736812164232
4 11 9 1 44692 0.9581484488765516
13 28 26 27 40231 1.004299211249684
25 1 20 20 60708 1.022680941586772
24 29 8 7 84713 0.9272955458055304
12 29 4 20 50212 1.008723667936537
29 7 23 0 40115 0.9232449745806571
24 12 3 24 83851 1.0437145014572031
2 4 13 19 75322 0.9372285064678406
9 24 0 5 69241 1.00667868289155
1 6 24 16 75559 0.9217414040987916
13 28 28 5 92069 0.9951872168330962
29 11 6 5 66892 0.9923014263692586
20 2 12 13 52223 1.0287104959978715
4 19 0 4 72242 0.9363887988927988
26 5 4 2 62036 1.0664769957457974
1 16 11 13 45546 1.0474884320836664
25 10 21 1 35369 0.9374276609696094
27 29 20 2 83718 0.929485287509779
29 22 25 15 39687 0.9136332548271949
29 18 10 15 78771 1.072281612624246
22 10 24 2 34836 1.0614571505844683
3 12 13 15 47289 1.024022060124816
18 0 5 20 85116 1.0807071948729488
2 17 25 0 103109 1.0993092979534014
10 22 5 7 49233 0.9752441647722372
19 6 23 28 70101 0.9101413119221937
4 6 14 23 67498 0.9653625542664792
7 0 1 4 33040 0.936429558095058
18 28 24 12 59777 0.9988695994150885
18 18 26 8 47036 1.0401176691086638
25 23 9 5 72895 1.0276987527958545
4 20 19 26 60897 1.0464385918988244
25 17 5 9 72803 0.9653417675236883
14 3 16 14 39480 0.9480157754293601
25 20 9 22 50127 1.0336204343236353
10 8 19 6 29145 0.9519078948770321
10 2 4 26 83876 1.0563153097408617
8 28 28 15 85029 0.9053054629533742
11 28 1 29 31074 0.9797816099716402
16 15 19 22 32907 1.0709785394146376
18 2 21 13 34108 1.0840037495454655
26 28 29 1 99840 0.9263932401260692
6 24 26 0 106224 0.9886656281166182
23 4 5 0 58125 0.990666737790303
12 2 15 24 67471 0.962227464837497
27 12 24 25 55780 0.9542815098449694
7 29 27 6 98717 0.9713979941146368
25 21 29 4 74649 0.9287977556278659
26 7 14 28 80406 1.062820596426001
29 2 29 18 65187 1.0850282703394107
19 8 1 8 32492 0.9314025494193677
