6144 6646 6552 4146 4584 3957 3403 2717 1689 2439 1712 2082 1565 4094 2528 4109 3251 3359 3990 3570 2548 3506 1649 4373 2775 2467 2164 2117 2474
5637 5309 4460 5625 4468 4479 3999 3290 5591 4417 3974 3732 5479 5774 3724 4592 5616 4060 4359 4666 3731 5078 5194 3671 3849 5711 4841 1438 3392
5902 5849 5798 6266 7094 7624 7438 5523 5022 6684 6268 5073 7345 5520 7962 5535 6484 5248 6479 5463 7098 5649 5188 7786 5709 7861 3743 3594 4126
4963 6495 4896 3983 6225 4237 4541 6331 3883 4292 4911 5605 5376 5008 4372 4747 5424 5362 6101 6092 5221 6528 5686 5209 3984 6252 5543 6489 6606
4379 3264 5371 2513 3790 3049 3107 2455 3329 2397 4597 3704 4688 3602 2600 4187 3852 4908 2652 3843 3281 4216 3548 2705 4050 4315 5152 2959 3258
3789 5591 3950 7485 7095 8409 8190 6945 6279 6039 7335 7731 7963 6901 7322 5451 8376 7088 8382 8332 5879 5949 6877 7383 6660 6427 6367 7583 6401
4880 7096 5723 7459 4897 6816 5917 6625 7520 6523 6126 7415 7247 5748 7492 5064 6069 6363 4461 5314 6349 4465 5910 4260 4263 3885 6349 3394 3838
5331 7095 4938 6465 7492 6393 7242 6542 5018 7226 5362 6774 6168 6250 6282 5503 6051 7058 5277 6395 6780 6300 7419 5264 7131 5636 6339 6757 7566
5129 3511 4700 5211 5970 5860 5269 7734 7041 6086 7144 6277 7014 6949 5667 5950 6435 7339 5697 6092 5927 7333 6756 4954 7458 7811 6468 7906 6079
5802 5492 6135 4729 6077 4541 4312 6638 4421 4924 4889 5856 6692 6116 4508 5379 5958 6024 4158 4462 4771 5844 4304 6414 7138 4478 5473 5972 5700
6200 7132 6978 8360 7680 7269 8120 8721 7732 8650 7137 8641 6394 8324 8942 7265 8686 7377 8642 6442 6897 7826 7883 6909 8163 6965 7488 7693 7389
7795 6448 5028 4973 6592 5296 6862 5315 6556 7355 5228 7532 7596 1600 1573 3426 2575 2999 1712 2369 2095 1941 2365 3273 3937 1284 3826 2216 3349
5370 4562 4336 4988 6393 5565 5480 4621 5707 6358 6262 5509 5189 4171 4602 6115 5908 6361 7062 7050 4450 5384 4908 4969 6933 5771 6659 4519 5800
2066 2202 3190 3921 3273 3596 2291 4414 2294 2284 3502 2320 2473 3933 4405 4517 3945 2815 1972 5714 4753 4279 5640 4119 4556 6554 6070 6960 5007
5894 5663 6102 7894 7825 5569 7361 7491 7277 6322 7495 7177 7480 7503 5613 7961 7146 8224 5590 6317 8073 8190 5613 5951 5727 4625 6011 4668 5496
7930 7798 7834 5163 4519 2654 3016 3875 3603 3911 4231 3107 2890 4755 3415 3932 5137 4330 5199 2935 4341 4224 5125 3550 2613 3184 3789 5157 4454
2931 3659 4054 2415 2248 3900 3338 3731 7055 6895 6584 4722 6061 5785 4448 5967 5298 6284 4707 4913 6260 4555 5353 4745 5459 4769 4525 5805 6375
4339 5121 3083 2409 4889 3529 3621 3921 3926 3407 3564 5762 3432 5560 4964 3710 5630 5722 3625 3905 4721 5100 5223 4457 3541 4474 5249 5102 5071
7338 5720 6334 5418 7617 6345 5845 5751 5756 5868 7772 5339 7561 7606 7567 7331 7453 7709 5554 5339 5489 5103 7032 7403 5258 7728 5069 6484 6885
7837 6522 6134 6033 4705 4048 4159 3399 4008 4771 5774 3390 5837 3980 3848 4514 3694 6074 4555 5797 4789 5813 5493 4478 4707 5973 6064 4015 4571
7412 6105 8028 6824 6653 5843 6588 7046 8161 8401 5921 8524 8071 7689 7226 5891 7814 7633 6365 8456 8265 8441 5078 5004 5642 5774 6362 4393 3376
3515 2661 4911 3253 4002 4025 3416 3284 5398 4672 3340 4188 4025 2688 4553 3135 2667 4440 4611 3287 5041 4858 4036 3784 3363 3353 6792 8484 8618
4260 3570 6316 4898 4744 6031 4007 5245 4079 5773 6325 6556 6285 5707 5711 5659 5849 5164 6614 5992 6794 6680 4816 4051 4944 6769 6188 5077 3842
4950 6434 6241 6699 4033 6335 4927 5101 4489 4986 6048 4624 4910 6059 4919 4529 5216 6319 6404 4690 7732 6642 5440 5284 6640 5393 7941 5412 6691
3482 3845 2552 1824 3965 3829 4337 1606 2051 3775 2863 1504 4355 2754 2549 3988 1736 1912 2154 3982 1972 5220 3818 4713 5664 5292 5026 3355 4103
3156 3702 5133 4682 2879 4527 3727 7634 6048 6582 7916 5948 6931 5614 6223 6854 5935 5908 7055 8063 7720 5310 8040 5420 7156 5430 8025 7752 6695
2454 2083 1341 2790 2080 3438 2207 3065 3479 3765 2292 4032 1884 2683 4001 4593 4960 5139 6524 6173 5905 6040 5612 4578 5428 6523 5210 5744 4605
4825 4199 5507 5702 5262 3997 5321 4891 5033 5201 4226 5578 3374 5392 4480 3437 3636 5957 3563 5067 3918 4342 5721 3506 3725 4648 4777 4245 3440
5615 5588 6619 6950 4157 3272 2874 3139 4853 3277 3731 3278 3852 5315 4268 4468 5357 3423 3337 5133 2823 3547 5228 3006 3563 3018 3411 3630 4916
6615 5057 7330 5375 6572 7453 6739 6272 5193 6235 5820 6873 5758 6800 5612 5179 6287 4587 7118 5392 6819 4704 6800 6984 5899 5419 5823 7291 4590
7387 6276 3719 4409 6976 5798 6357 2671 5667 5772 7362 5447 4965 7864 2180 4972 4582 6839 3084 5841 5382 4382 3313 7808 1982 4862 5712 4374 2707 2879
8795 5172 4333 4361 7155 5437 7070 3079 6444 4922 6160 6614 6818 7288 3273 3880 4557 5174 3630 7258 7219 4416 4825 7809 2393 3027 4317 3976 2412 2841
8792 6136 2324 6659 7269 7417 7618 4150 6530 5197 7204 5490 4264 5312 2500 3152 5475 6579 3407 5457 4812 4744 5095 7723 3278 2685 3983 4195 2701 2664
6701 8204 3855 6792 5391 6186 8142 4103 4310 6395 6625 5822 4252 5867 2808 4893 6696 5146 2689 6168 5590 4817 3539 8525 1910 2894 4772 5233 4917 4816
8521 7561 5253 7164 5280 6759 6654 4101 4459 5005 6908 6924 6401 7675 4034 7297 5936 7001 2240 5349 5784 3452 3702 2713 1706 4462 3998 5903 2715 4185
7245 7028 3882 7121 5035 6432 8239 1898 4116 6643 7322 6522 6422 7957 2279 6271 4300 5325 4231 7820 4104 5889 3624 2946 3493 3204 4401 5332 4914 4113
6362 7240 4553 5881 4393 7800 7648 2163 3953 7568 6460 6856 7007 5925 3059 5580 6445 6003 2618 6402 6022 5378 4903 4697 1612 5420 3947 5739 4724 4738
7780 6386 4088 8670 4014 7227 6321 3759 1946 6054 7354 5426 5445 6137 2292 4736 5834 5828 3228 6698 5769 5505 4318 3378 1771 3468 2592 6085 2791 4431
7780 6738 4110 8576 5042 7118 7311 4229 2757 5818 6879 6769 5781 6495 2498 6288 4699 5910 2059 6218 4927 4697 5187 4881 1497 3573 2813 6272 2645 2747
8107 8179 4406 8496 3187 5856 8198 3469 2817 6968 6866 6179 6570 5728 2796 4656 4091 7551 2210 7347 3358 4215 4235 3352 4284 3586 2769 6222 2520 4882
6382 7635 5388 6090 5897 6194 6939 1534 4524 7544 6761 7263 6985 5620 4024 6324 4323 7676 3582 6597 4147 3922 5116 5091 3883 2974 3774 4510 5089 4737
6676 7239 6153 8788 4945 7887 7139 1923 2317 5559 4778 6512 5009 5547 3171 6744 5322 7258 3223 6200 3950 5982 5823 3432 2267 3907 3272 5298 4778 2542
5949 7981 3288 7752 4300 7466 4184 2170 4193 5493 6359 4525 5351 8098 3661 5331 6388 4776 2426 5665 5071 7367 3275 2414 3648 3496 2261 4475 2398 3664
6283 6611 4635 7280 4133 6371 6574 3300 3671 7266 6664 4833 5128 5121 2237 5853 4415 5328 2008 6968 5959 5842 5450 3190 3949 4749 2248 5941 2949 4181
6341 7681 4389 6898 4079 6374 4359 2342 4170 7650 5224 6234 4353 5572 4251 7158 6459 5520 1798 7758 4348 4640 3816 4663 3105 6642 4454 5592 2387 2892
8355 7835 5118 8374 3474 6768 3844 3452 2562 7480 6908 7232 5544 3273 3559 7412 5712 7704 4052 5441 5528 6172 5428 3766 1464 5934 2658 5409 2513 2671
7333 6025 4303 7842 3548 7634 6132 2291 4082 7467 5932 5760 6498 5643 3670 5632 4741 6047 2450 7617 5874 7063 4590 4590 3114 4777 2702 5206 2535 8449
6521 5769 4155 8791 3739 7785 5315 4259 3946 5026 7433 6451 3746 3660 2043 5015 6422 7418 3652 7044 4744 5272 4856 4238 3092 6192 3832 4735 3329 7467
5977 7345 3746 7713 5287 5712 5575 3576 2019 7409 6420 5218 4144 5160 3698 4559 6852 7225 3719 8242 4154 6820 3523 4524 4000 6467 3054 5464 2499 7986
6437 7609 3584 6792 4454 6997 4999 3823 1669 4884 6510 6320 3633 5646 2212 5845 6686 6030 3440 6139 3879 6510 4382 2188 3166 4827 4410 5571 5132 7372
4489 8004 5676 6293 5722 6204 4773 2966 4249 4589 6761 4985 4792 5584 2306 6507 6893 4872 2753 6361 4339 4563 4502 3659 3671 5966 3535 7390 2564 8199
5504 5871 4493 7842 5740 4740 5127 3886 1618 5028 6677 5905 3751 5141 2947 6368 4449 7117 2226 7864 5814 6662 3245 4352 1586 6351 4861 6970 5332 6229
6073 6324 3375 6324 6024 4986 5042 4358 3960 4190 6041 6650 5388 3684 2895 4681 6448 5694 2143 7989 3707 6851 3805 2934 4050 6685 2955 8446 3165 6080
4966 6492 5085 6597 3894 7026 4895 3913 2015 5333 4503 6965 2903 3699 2427 5881 6754 7306 4321 5316 4314 6291 4536 3050 1562 5847 2404 6371 2881 5554
5175 8399 4449 7606 5588 5242 6519 3201 3668 3598 7448 5643 5424 4948 3522 6734 4988 6089 2347 6735 5651 5369 5140 2778 3460 5547 4899 7318 4463 6625
5589 7821 4473 7788 3468 5043 6456 4481 2233 5383 4993 4927 3867 2896 1998 6967 5855 5978 2268 3504 5716 4563 4143 2485 2243 5978 4928 7231 3379 6191
4903 5710 5233 8329 4850 7040 6053 2572 3014 3903 5647 4646 3624 5383 2251 5308 5220 5578 2707 1676 5640 7014 2423 2787 4347 6678 2343 7005 2655 7717
4053 6764 4196 6903 4259 7517 4583 4783 2250 4369 6896 6681 5016 4026 2157 6075 7333 5205 2882 1578 6118 7557 2056 3224 2795 7180 3275 6870 2886 8066
6454 5674 5960 7247 5531 5337 5639 4981 2973 5338 5893 6191 4989 5350 1955 5125 4551 6187 3085 4260 3266 5971 1886 5147 3372 7627 2782 6948 5214 8528
27 11 13 3 67946 0.94726176246341
10 22 29 28 81109 1.0289078504928266
11 8 26 8 46372 1.0119032888381199
29 4 11 8 70609 1.0274170006471686
15 12 0 19 68506 0.9240359096657699
17 21 6 15 59401 1.0798986394585586
20 2 21 28 114406 0.9987683110061487
11 9 12 19 47796 1.0265622569882453
6 7 16 4 37827 1.064092907034997
9 2 4 9 45500 1.0618816338182824
2 14 8 21 50855 0.9816057103011808
15 19 21 2 85928 0.9559102988480347
12 7 28 28 109487 0.9365110905408
28 13 0 20 104177 0.9864059257735515
4 23 15 25 36533 0.9815850221644311
16 1 9 29 105319 1.0731943630131897
23 14 26 7 28695 0.9965333598882778
12 28 29 4 125632 1.0453270232474017
25 22 17 10 65499 0.9324495257618755
0 17 12 6 68745 1.0768094835893736
28 19 0 2 131930 0.9464147245611862
27 19 12 24 65118 0.9645885289194726
27 15 8 21 77573 0.9249376679853956
1 10 10 6 52369 1.0109533532601933
6 11 19 7 63779 1.0997859316155416
21 2 10 4 53029 1.0441654791380395
7 20 15 27 49120 1.0707092517460377
25 3 16 18 72813 0.9774812040173847
19 24 9 28 43353 1.03997914362007
14 10 28 7 53162 1.0088690579031743
15 23 4 8 78053 0.9996349655460556
25 1 23 18 58072 1.088900879677117
3 19 11 15 37958 0.9620257039152462
19 10 15 28 88882 1.0030482776188698
7 26 24 1 118580 1.0051841667824133
29 5 10 19 99794 1.0567643075004378
1 29 5 6 87821 1.0099063315699344
24 29 0 23 90010 0.9401784369910584
27 4 15 13 65403 1.0061477218954304
11 23 13 8 44693 0.9022496525667544
24 15 12 4 68093 1.060534070171388
27 0 15 8 56382 0.9594275736919984
28 2 6 24 122751 0.9052665672180732
28 15 11 19 63375 0.9990218356313536
2 23 29 6 133490 1.0388941260904057
11 29 25 16 75214 1.0115677657153572
23 26 15 29 41170 1.032903445595635
3 15 6 29 65013 0.9237406127062852
15 6 21 22 79468 0.9277898759225617
14 20 27 6 85584 1.024962620798875
19 23 16 4 91667 1.0202990943767913
17 14 5 5 72681 0.9193877509869274
17 21 7 23 49026 0.9826828423658645
15 22 17 3 77746 1.0892879431001246
10 28 9 6 82140 0.9483001120541489
16 19 8 12 52068 0.9283196819568245
27 14 18 22 55277 1.0576147571613665
12 2 5 6 48894 0.9909905102340474
12 21 2 9 74293 0.9025702575121487
22 8 4 13 75223 1.0223146310501487
16 19 12 25 39813 1.0130108974595906
29 18 27 9 43568 1.0088098974979165
1 24 24 23 68924 1.028736421728119
18 14 29 9 50271 0.9580345093914593
16 10 13 25 70010 1.0642865637981962
0 18 24 21 79297 1.0599200143821486
0 6 10 19 70326 1.0539281252688204
9 2 23 21 111558 0.9189092066128124
8 26 17 5 85492 0.9016210160065059
22 23 2 7 115232 0.9283231812683927
6 22 1 13 51220 0.9488106042459085
24 2 17 24 88296 0.9566904674823169
2 15 15 19 55814 1.062128372274243
8 28 6 5 105877 1.0240556317595093
0 16 6 6 48854 1.0583530673214916
28 13 26 2 39176 1.0297795303794652
10 10 4 19 62110 0.9371811587377818
0 3 12 3 61550 0.9459876444758443
8 19 1 13 47916 0.940930392543821
2 4 28 12 108938 0.965886988410936
1 0 5 14 66998 0.9990558594063449
24 9 10 8 47046 0.9331827940796553
18 26 2 4 119336 1.0563042458492269
19 11 22 25 64667 0.9513136198621828
11 21 23 29 65114 1.0682235613137299
27 10 2 29 129669 0.9596551089914696
3 5 21 25 117263 0.9404380785580785
19 6 1 15 84718 1.031002856340804
21 16 6 21 66449 0.9475806440858111
20 20 2 20 73329 0.9428863923878213
8 25 23 29 63731 0.9993744111830192
16 14 5 16 46600 0.992657358082882
14 6 26 10 49660 0.9070532573962966
1 15 16 13 54635 1.0797133586434922
12 20 27 24 62348 0.9365163048496934
3 8 14 5 44269 0.9895017869224354
6 20 21 10 79094 0.9084392781638578
24 0 16 3 45798 1.0586173697882293
11 23 22 2 98381 1.0571623205326075
0 14 5 20 38336 1.0341220162519875
27 29 12 2 131365 0.9378581459405615
17 13 26 2 60389 0.9411251297648424
0 18 22 22 83541 1.0494558898187945
12 2 28 20 99424 1.0106514818115653
15 9 5 25 77056 0.9581982544422145
17 28 5 1 127560 0.9433237958678744
18 11 12 25 70798 1.044567337662201
9 13 1 19 49910 1.0895343827068262
2 21 14 11 70469 1.0733914399177824
22 15 2 1 108958 0.9342664912849902
21 19 7 0 118809 0.9349010158965104
29 24 5 20 92671 0.9335388132312227
20 7 29 20 62192 1.0731976252299036
16 22 16 10 60832 0.9390085525177693
18 18 2 23 64584 1.0998918581357962
1 29 2 15 54083 1.0186197093145204
16 21 8 24 38750 1.0101980967971154
22 15 10 4 78156 0.9349155433824993
6 8 7 18 55528 0.9364152125854841
22 2 8 2 63444 0.9912810624058814
5 19 26 13 82577 1.0294887809383224
28 27 27 7 78403 1.0764191256678675
9 10 7 29 86110 1.04615894337466
6 14 22 19 63603 1.0311984444896503
28 6 3 17 110324 0.9503593028152354
6 27 9 15 60587 1.0956814934076589
6 6 26 21 105473 0.9375049070041317
14 20 16 28 38844 1.0424074286974727
9 20 22 19 49947 0.9595902543177429
1 26 8 29 36945 1.0624502809326224
8 2 12 22 91544 0.9794533351346287
28 7 29 27 83221 1.0589042511243705
16 28 7 7 95752 1.0256522316963232
16 25 5 9 89195 0.9784832627607974
11 9 23 23 88190 0.919020994600497
25 6 7 3 82863 0.9636460440339325
10 19 25 0 103427 1.0790003929101788
14 17 28 6 78241 0.9172314105236913
3 21 20 16 74543 0.9202934177282456
1 8 15 4 55699 0.9238245126431014
22 26 20 2 101821 0.9589457903718743
5 19 20 23 69465 1.0739562083954295
26 3 10 2 73651 0.9722383054584604
18 2 24 8 43490 0.9950191172029206
24 1 14 17 83021 1.0036211019677237
0 12 14 20 67036 1.0758438560557604
10 5 29 9 75129 1.0350343403805502
5 27 9 4 108290 0.9069713089034975
2 21 24 18 77716 0.9488283549438523
24 29 9 13 95092 1.0249101627467672
10 16 25 14 51921 0.914488801436113
3 17 27 22 90642 0.9444294819901284
6 10 1 17 53334 0.9875170144436476
27 11 21 21 50579 0.997083437332337
7 14 25 7 72796 0.9937680901107268
19 15 29 28 77082 1.0564014023263462
3 12 3 25 54228 1.0336202255206972
16 11 15 26 65896 1.0634641449454185
11 14 25 2 78941 1.007410424344917
27 5 16 1 60249 1.098929474767679
15 0 4 0 65656 1.0235604643731762
25 26 3 26 76611 0.9761584797191555
18 20 4 0 110031 1.0496886340523977
13 4 20 29 104699 0.9164781249676989
5 2 27 5 103967 0.9621993684771951
28 16 17 13 42752 0.966110141751075
5 11 19 15 69681 1.0876617650781466
15 22 6 6 82571 1.0128191860972557
12 19 11 28 29506 1.0315645055979152
8 27 14 12 63739 1.0771885550455846
17 26 6 9 94872 0.9769327229220465
2 25 25 17 86792 1.0418188619041573
5 21 8 8 65566 1.0154869337833914
1 11 22 12 85820 1.029650056422386
13 29 26 12 92632 1.0329959139233666
11 12 24 11 56886 1.0751814290744337
0 7 15 11 60511 0.9125963694325475
3 5 16 6 50020 0.9940850475985692
27 14 17 21 52461 1.0753918117415526
27 0 18 20 86709 1.0966945666077828
2 14 27 21 94944 0.98799982070326
18 13 12 9 38546 0.9291873066951064
16 9 29 27 104517 0.9528156942560884
0 0 10 17 98723 1.0275731563193782
1 18 12 14 43638 1.0032436020530557
17 16 8 2 82590 0.9400976196337089
19 20 6 7 82885 1.0573465580436403
16 11 1 17 74726 0.9333021686116239
7 3 25 13 93825 1.0913115589871725
21 3 20 22 79385 0.9905209808316465
27 27 1 18 105523 1.0936439800858537
15 17 25 21 46563 1.0447209256004752
25 3 28 17 55576 1.0750569675562007
28 16 13 2 87019 1.0463113086054752
26 12 29 3 43180 1.0206159785039763
2 4 21 14 93048 1.0006736515799406
9 26 3 7 85949 0.963884637316618
23 18 1 28 87684 0.9159417387232986
5 19 18 1 102098 0.9716366658711634
17 5 9 12 54359 1.0747506152715676
1 9 23 5 88635 1.074552570346582
10 23 23 10 79948 1.0150877954520854
10 15 25 22 72003 0.945762062357892
3 11 29 28 133481 1.0217229424350724
6 29 23 10 111000 0.9666352571344938
1 25 16 0 113695 1.0314935032205246
27 11 18 25 73812 0.9159162849303919
5 17 4 0 67885 0.9460489534571577
1 2 19 4 83004 0.9333727705476244
11 11 19 9 43575 0.9058939665074385
0 13 20 18 73178 1.0800472118763509
10 21 29 20 69171 1.05382961249779
6 25 2 1 99884 0.9054151318204796
0 2 8 23 94922 1.098298476827366
5 3 23 10 86931 0.9666870803878889
26 25 11 15 72560 0.9978070899468006
0 3 9 17 73156 1.0991746019703272
23 3 6 12 105732 0.9839852953466626
16 14 5 25 61721 1.0023075721566619
20 17 8 20 50914 1.0556102986106592
10 20 1 1 97110 0.9281416914670788
9 10 0 12 53394 0.9169003106341328
20 17 20 3 63811 1.0901888186010167
13 6 1 8 42159 0.97237691786451
27 5 14 19 84487 0.9459744155758809
2 14 15 21 58793 1.0300888866001783
20 7 0 23 107100 0.9529994672082412
26 1 9 15 90612 1.081813553275774
0 20 21 7 102363 1.00221950287872
13 3 16 15 48796 0.947464288789532
26 25 27 7 71440 1.0214442009600881
9 28 1 14 72763 1.0902592188039932
22 26 6 13 87253 0.9756752964472387
22 16 13 20 43114 1.0981844208277451
24 16 17 1 69888 1.0332088848093266
0 25 18 16 78070 0.973314520662514
8 6 26 18 85478 1.0482706622651843
8 22 14 3 81641 0.982280182686242
24 27 14 9 100312 1.0468086727834651
4 5 2 25 75299 1.0311234988301783
2 19 18 18 52352 1.0100418492621346
3 11 19 1 85889 0.9757416907561847
24 8 1 17 99652 1.0475574418888356
24 11 13 28 86151 0.9757537638279552
28 17 17 5 71661 0.9296334974820213
0 21 5 6 63417 1.0205039170658818
7 19 21 24 61587 1.0422043636518161
28 2 14 14 77561 0.9373020116299945
19 28 20 12 76657 0.9174521414401512
23 11 28 0 49969 1.0083896475406493
22 21 18 12 52875 1.0878789297914966
26 26 18 8 81955 1.0350896908288574
25 4 28 28 88475 0.902360918891659
12 8 28 18 73633 0.9226587279005867
5 17 13 23 41344 0.9888110932712831
18 13 28 11 43932 0.9758884309617932
3 20 2 1 82262 1.0091759149572272
24 13 12 18 47927 0.9396660614513186
27 9 28 24 63198 0.9726913843924795
18 20 9 26 53398 1.0703280067050396
28 18 0 4 118973 0.9372979833306586
2 17 28 20 87319 1.0963698979126324
13 12 5 9 43302 0.9989718311857363
15 21 24 14 51416 0.9266248876641431
3 19 10 29 61356 0.9345433214239798
27 11 1 18 97055 1.0680553352038396
24 20 7 29 85358 0.9249754136595295
29 17 26 2 56497 0.9918637253007068
16 27 25 18 59888 0.9726180745809091
9 25 17 3 87414 1.0050760151761355
8 15 1 9 45756 1.037639245466846
14 25 9 12 59176 0.9766432429961429
25 27 17 18 67413 1.0007127908564895
24 17 9 21 54436 1.0791044395282425
15 8 3 1 62943 1.0633152443046228
23 3 14 27 112097 0.924024412610095
4 16 28 11 88851 0.948085930861147
15 26 12 17 40795 1.011118348593254
7 29 27 9 117639 0.9709663485959215
13 25 3 14 58589 0.9834264380114393
22 1 8 7 66169 1.0613073863401463
15 28 12 12 60439 1.0481256168795712
12 19 17 24 35790 1.068335978357912
20 27 0 27 73165 0.9549608718162528
3 23 3 13 46580 0.9128482941753291
3 13 14 19 52618 1.044935303472726
7 19 27 4 103595 0.9754041714947
11 13 21 28 68275 1.02817039896674
3 20 16 28 63874 0.9884577038958713
24 7 9 21 81617 0.9123344424755746
0 14 23 20 87300 0.9795774927381317
9 16 13 24 33658 0.9118421337094543
27 11 14 17 62526 1.0166235299603792
20 14 29 15 28070 0.969312154937415
19 14 27 22 47184 1.0459913544254507
3 25 19 6 99899 1.0581868363521965
0 10 21 4 83546 1.0672339301779457
9 3 8 19 80928 0.9738776935708033
23 23 4 21 68762 0.9320698349995239
5 1 26 27 160275 0.9854546133889528
28 14 26 26 52789 0.9295820444926359
3 3 2 22 80183 1.0312778442481265
6 26 16 9 85138 1.0576270117954945
23 2 2 20 125961 0.9477683461489864
14 12 23 16 44776 1.049378014561352
23 4 3 23 122449 0.9691482047752471
26 27 21 18 52838 1.0102304341715265
11 26 28 0 118989 1.0110987763151764
27 2 8 27 126553 1.0945041030637728
10 3 27 6 81109 1.046951738524111
18 11 16 23 65267 0.9494885680097949
11 2 17 26 100908 0.9787481126403612
1 14 24 28 107616 1.080070937168602
20 25 5 18 65130 0.9295298342101056
21 4 6 11 82011 0.919941082232952
16 14 8 6 49861 0.9003323680960043
15 14 12 23 37807 1.0374559212717143
9 16 29 11 80686 0.9070896941182535
17 0 17 18 76589 0.9762127691687694
6 0 22 13 112621 1.00785021576745
2 3 10 27 109549 1.0083933557546505
12 24 18 18 35631 1.021192624463246
7 2 15 17 83259 1.0882695485011145
12 23 0 1 101816 1.0375293407085808
15 14 28 28 80990 0.9425078003335561
18 1 3 16 98456 1.0936565054298721
18 29 12 21 52598 0.91425757968298
22 28 14 4 113352 1.034525916026281
0 14 18 20 70547 1.0138097866599924
28 4 29 26 87701 1.0867210993044256
22 0 29 25 102587 0.9347206877996697
21 21 13 25 42499 1.0288524406838995
3 28 25 24 81773 1.0688583865765497
11 25 23 24 41049 0.9033974124601231
15 17 3 23 52905 0.9326653418992878
11 13 22 10 53326 0.9222672782138942
13 3 16 23 79379 1.0485449801426496
25 17 23 0 62070 1.0698962660813
8 29 9 8 88795 1.0576240660481926
0 1 13 11 76447 0.9065360944927078
25 25 6 16 89174 1.0201895108748091
6 17 21 29 84780 0.9158615909018464
12 20 14 8 45913 0.9424811683662445
6 19 24 29 89741 0.9822267442886934
18 15 23 25 61440 1.0377476535685815
10 16 20 18 36665 0.969516213051502
28 8 6 0 105543 0.931174779333391
9 11 12 0 56456 0.9084783298547008
18 0 12 6 47760 1.0818210196338143
29 19 17 13 50996 0.9504509113860913
23 19 1 18 70188 0.9619085635497767
21 13 26 18 25757 0.904774377609736
18 15 1 3 98699 1.0088547480714483
29 13 13 24 83196 1.0313930036131056
27 14 14 2 76223 0.985439549195643
29 25 17 28 53527 1.0896448756600094
11 0 18 17 89823 0.955192353183129
5 24 29 1 137046 0.9962172598611092
26 17 14 5 77560 0.9255808916687401
8 17 18 29 67982 0.9327376420832496
23 3 6 16 105762 0.9555818982083685
7 26 26 13 87523 1.0687996981978773
6 1 4 14 58833 0.9758742780883918
15 12 14 2 45201 0.9222843743486804
28 29 27 1 104026 1.09073021353977
5 0 20 16 113416 1.0857168348562247
4 13 9 28 67784 1.0196536689273994
29 29 12 20 88569 0.9022697948122294
20 7 16 27 97496 1.03458476633908
28 8 5 27 122502 0.9704156129949894
13 8 25 12 49578 0.9805613601878014
18 24 23 10 65768 0.9733207612247721
22 12 10 6 62285 1.0359660325619966
29 5 23 17 58668 1.0912468449783352
17 27 10 3 109913 1.0147277052988466
28 21 15 4 86554 0.9021365687732328
14 14 24 17 38281 1.0389004121944267
12 4 26 23 98138 1.032249645043836
19 1 10 14 74119 0.9281651146672185
18 26 0 19 70103 0.9270027717722932
12 17 28 23 68573 0.9197497947357943
10 23 24 12 71078 0.9486098910561053
6 21 7 3 90555 1.0394480957757573
5 25 15 7 78536 0.9890966413259318
0 5 18 21 99454 1.0222718419264782
15 2 26 12 66230 0.9348941561311699
19 3 13 24 95482 0.9525715691025015
17 29 24 10 86067 1.045744359931998
11 27 6 15 53995 1.0422861042060627
0 21 29 12 115198 0.9598521851818876
20 24 15 14 57024 1.026681307690461
3 16 26 15 81507 0.9514820984150489
7 8 20 15 64256 0.958646546980573
16 23 26 6 85341 0.9591611165191154
10 27 22 23 50512 1.044853161721246
22 17 15 8 57457 1.0062183318842401
9 28 27 17 84117 0.9929097317918814
14 4 4 15 64927 0.9105185298043051
10 17 27 4 93170 0.9855939513234611
17 14 29 8 49968 1.0017799892300954
0 24 28 19 92238 0.9928637480512136
11 6 9 17 58378 0.958039375006623
24 2 28 13 48098 1.073522463048415
0 19 7 27 48842 1.0463438088696213
21 22 7 0 131995 1.054190147440967
6 11 21 15 70440 1.0986308465707872
1 25 25 14 95349 1.0629903785011094
14 15 6 27 63999 1.0101770760767588
26 6 1 0 110489 0.9937711538788258
15 16 16 25 41764 1.0874599111269627
10 20 4 25 36117 1.0837098323994185
3 29 8 3 117444 1.0649955038435968
2 24 15 4 91645 1.0923725191200586
23 21 11 6 87623 0.9398966790387981
6 1 27 7 101036 0.9611866804891995
0 4 6 14 45316 0.9530758303482756
7 0 7 15 84370 0.953526416096429
23 21 9 0 122852 0.9321015984775407
6 16 10 4 76062 1.0888170432572306
16 7 10 24 65357 1.018294603367491
21 17 10 2 86651 0.9443834757089518
2 16 13 5 70788 1.0390364363375086
27 20 12 16 61662 1.0335523536383384
0 28 14 7 93012 1.0683249947090419
25 6 18 2 43329 0.9940682935118847
4 18 14 23 39686 0.9928472269698844
6 23 10 14 45659 0.9732527815174876
3 27 20 21 80759 0.9225979643380936
16 23 27 12 70577 0.9446457813560021
11 12 20 17 53572 1.0944681165426402
1 17 10 20 40140 1.0699734003976622
18 21 11 12 53249 1.0094754806891733
15 2 18 19 81711 1.007428859883323
4 23 18 13 75048 1.0637819134426874
15 19 18 3 72994 1.0273612396577299
14 16 23 1 85315 0.9992848510879748
2 15 29 22 105223 0.902926168395488
17 23 11 14 43110 1.0111078569990357
20 27 5 20 78254 1.029106178214736
3 6 18 10 63962 1.053289472100322
0 12 19 6 73267 1.0629881367902654
29 6 8 1 100089 0.9314260713451826
13 21 19 26 39135 0.9756592433550866
21 9 14 28 94666 1.0716402733532133
18 1 18 24 107049 1.0809294094382762
0 21 19 6 102281 1.072287007532502
20 9 27 22 66168 1.0547635109734521
5 28 26 15 104996 1.0142909636903816
13 5 3 4 46470 0.950280282781164
16 7 8 3 43373 1.0507921526753063
27 26 16 6 93588 0.919098945238104
4 8 16 27 92266 0.939346508360939
3 27 12 26 37881 1.0691384667174486
18 12 2 3 86867 1.028988765135037
20 12 20 25 61230 1.0434300641767986
24 5 29 26 78048 0.9616025713139906
18 29 6 23 56344 1.0125373348708961
22 11 11 2 70696 0.9261709031261329
27 8 12 10 53813 1.040661055389639
14 12 16 1 45112 1.0473240407533009
16 28 26 18 66485 0.9397586413156094
6 7 26 12 73498 1.0377618821962207
28 3 0 23 143192 1.0849773652135908
2 1 18 7 70748 1.0690814725572158
29 29 17 29 53160 0.9261085486607296
5 11 19 16 74195 0.9890530715226035
3 14 29 22 98426 1.0772545929491548
27 23 6 2 135085 1.0083153275982906
17 19 25 2 75928 1.0426791162876712
13 26 10 5 84150 0.9670853989771604
18 23 28 11 70043 0.9480711127252299
2 8 16 23 92659 1.0278517743590418
5 0 22 2 85347 1.0476104504891526
18 23 18 0 109922 0.969626910766287
2 20 27 13 98624 1.0338104571148037
15 19 1 18 44548 0.9826718348573321
14 16 28 12 58290 1.0011338271213126
29 16 2 24 98935 0.979571134846329
5 4 17 24 102855 0.9334981739161295
11 19 26 6 78583 1.0843383453639144
28 10 29 21 50956 1.020309385570604
29 26 8 2 142037 1.0159612443737969
13 5 24 9 42720 1.0332310763759907
22 5 8 2 73634 0.9803589955131516
12 23 11 7 56632 0.9661326904953809
20 17 8 0 106383 0.9374705643631362
19 28 9 20 51830 1.0667028114669987
8 17 6 25 46255 1.0707694071336793
14 8 1 8 47953 1.0231551128300274
15 27 18 9 85754 1.0749899941330112
8 27 19 11 84870 0.9811676523824989
6 5 12 18 71308 1.0655363673319165
14 7 21 4 34152 0.9937990852604276
27 28 24 18 46097 1.0507203898502973
18 26 8 15 65040 0.966213129382966
20 26 4 26 53185 1.0393070253103833
0 15 5 20 35808 0.9572441569772663
16 3 7 16 72442 0.9943339934040348
18 9 2 10 71514 0.9794758033221811
26 29 6 21 93854 1.059711888701988
13 10 8 20 46146 0.9490189401438259
7 10 24 6 70702 1.0079522155463607
9 20 29 28 87534 1.0911163657698237
1 28 20 8 110124 1.009497996065828
28 23 14 21 58564 0.9702264133517814
19 1 1 12 96896 0.9820590894771755
20 9 20 23 63789 1.026413746426907
17 16 5 16 57738 1.0497670594292443
13 13 25 3 67456 0.9051725554763081
15 5 3 26 94084 0.9671300752476187
18 22 10 17 48839 0.9992802730391377
11 23 22 26 45781 0.9423321284067624
22 28 19 2 114473 0.9340800426743361
26 23 21 13 43551 0.9136963342434095
12 25 22 8 83796 0.9462762717110519
3 18 16 25 56504 0.9960573740300579
29 4 5 14 103465 0.9051144556579063
6 20 14 15 46251 1.0817723893384275
24 12 20 28 67067 0.9048104133832638
25 9 5 2 88760 0.9759227959097039
15 18 26 27 72904 0.9369922815566888
21 5 14 10 41990 1.0749102222896854
24 19 14 22 51425 0.956161770469566
25 17 8 29 86945 1.0388365376815276
3 22 16 13 69620 0.9836631459308586
3 3 12 27 103678 1.0250124865849075
0 7 18 3 70534 1.0779576327998797
1 7 13 7 36578 1.080962189041279
10 2 16 29 114042 1.0606578162257938
28 11 13 3 70889 1.0247735002804101
20 24 4 9 92103 0.9000504437458902
17 23 13 6 72075 1.0007632337421664
14 25 16 3 88595 0.9308182610143968
23 28 2 8 129311 1.0781779688554096
23 29 11 11 98591 0.9099121236195568
22 29 9 16 79264 1.0366203181837053
5 10 17 4 62463 0.9462233388321726
9 1 7 17 93448 0.9458407520170209
10 1 20 25 124059 0.9658100681583597
13 25 27 27 60515 1.0414332587842405
27 29 3 0 169226 1.0480889909858093
29 21 2 9 126736 1.010712312570048
13 15 0 28 68013 0.9648894338806095
17 12 10 6 45712 1.0154391180972309
29 14 0 17 92591 1.0687121040584449
10 15 29 22 79387 1.0184094523987122
0 27 19 27 67655 0.9398887284363869
28 24 12 5 105735 1.0206343409804943
23 2 3 27 138586 0.9516144846792789
2 27 17 6 105504 1.0634379351275964
8 2 17 8 54285 0.9428147503845045
15 10 27 9 46917 0.9158654624148945
20 16 20 0 72448 0.9199188445265168
29 12 17 28 93236 0.9282236819306895
11 6 25 23 93148 0.9652207044253112
7 12 21 29 99321 1.0195882976885113
8 11 0 7 50924 0.966237535954944
1 15 2 6 35390 1.0083530150802582
12 20 2 10 67733 1.057757507606957
7 29 26 19 94514 0.9669693016118593
7 4 24 12 78057 1.0458793243320657
22 19 13 12 54017 1.0377305925100178
27 10 0 11 100619 0.985268659915869
18 27 18 15 64024 0.9033726182513476
17 29 14 17 60086 1.0282810793502455
7 11 2 18 50207 1.0264686073839382
11 5 13 17 50338 0.9517653546329423
8 27 22 29 58418 1.0615909502957408
0 3 17 25 109547 0.9642119342653934
6 14 3 6 39729 1.079297768364374
16 3 29 3 69894 0.9303851696413766
0 2 16 14 87562 0.9400890980761308
23 19 11 12 60063 0.9965568431731086
23 8 4 1 79107 0.9040468559564366
9 18 23 26 65010 0.9420053139348541
15 12 21 7 36663 0.9173178928204414
11 3 8 10 51248 0.912713888606629
15 5 5 1 61301 1.0971415536137226
28 9 5 9 82881 1.054663684177891
2 12 12 0 76732 1.0722992319580384
25 15 9 26 78100 0.9825262194293889
11 10 0 0 85230 0.9627540325672717
12 24 17 29 35564 0.9960539516510154
27 15 29 25 47179 0.999755190178461
8 0 28 19 122351 1.0222592815020712
20 11 29 3 61501 1.0999023498456026
29 27 0 9 134668 0.9734267399563017
2 10 25 6 90572 1.0907681764736352
9 0 0 14 81311 0.9696993200254334
7 3 26 11 89766 1.0826572085962398
28 11 7 13 78942 1.066707744311718
0 21 16 10 88870 0.943064717962096
29 29 21 6 96632 1.0366106917800362
7 19 10 5 75997 1.0886332314567542
27 13 27 27 62169 1.0848993205506707
16 18 1 29 69947 1.088157147665629
8 22 0 5 80254 0.9774107415608765
1 24 16 4 96787 0.9775692389132824
6 29 16 15 76891 0.9897249701991452
14 23 25 28 56500 1.09725857659948
24 6 18 18 52032 1.0713976340873437
7 2 21 19 107669 1.0422219174390053
29 16 18 22 60856 0.9953026244799565
15 2 14 24 87539 1.0725702829024568
2 13 18 26 82786 1.0538182737557835
8 22 19 0 110858 1.0559432220274458
20 25 7 23 50146 1.0036850977478748
3 1 10 20 92735 1.077912602391864
28 0 19 18 76685 0.9107708829176694
23 15 20 22 42732 0.9538675076072443
22 28 11 3 123437 0.9924915592393032
23 5 29 9 36112 1.019922754107629
15 20 24 19 39044 1.0383196130572356
8 17 19 22 56877 0.93707870281958
25 10 4 5 78415 1.0358571181543303
12 1 12 13 49475 1.0981227571966121
29 3 6 13 112309 1.0847091093942671
27 26 23 10 63239 0.9485023780203246
17 6 0 18 83800 1.0368103765691536
3 23 11 18 39120 0.9403543492494107
19 16 7 15 52544 1.0438795405693566
6 5 23 21 108648 1.0299636432800612
14 27 0 27 54228 0.9828084087884346
2 5 7 20 79702 1.0332341478636218
17 5 28 26 96041 1.0243471363785648
27 18 21 12 32489 0.9374734415109087
7 10 19 11 65801 0.9094414804797303
16 1 7 20 89615 0.9600789515695975
18 5 11 9 41984 0.9442687737672009
28 19 2 3 125888 0.9432918993107643
27 14 17 19 43835 0.9634957950387778
19 11 24 18 36179 0.9877615395594403
9 8 6 17 59372 0.9025141333845913
24 25 19 20 38588 1.0780971304126852
29 25 0 15 118242 0.9948384874542063
27 14 20 10 37042 1.0796598263576958
23 29 26 4 94946 1.017210512204904
27 6 28 21 61951 1.0467333319350272
8 11 20 18 66899 1.0001194009918317
23 3 6 19 106014 1.0580792949237114
25 21 8 22 74343 1.0146401145785513
20 21 18 7 69501 0.9755319101326179
26 13 11 12 56476 0.9912630149294798
18 10 20 25 79644 0.9792716463437401
13 11 29 20 72018 1.054806159367186
12 28 1 28 40206 1.0099374556501532
15 18 24 12 46050 0.9287550016127415
7 29 20 2 122894 1.0689769673845144
14 23 27 27 57118 0.9526230065701842
10 10 5 21 72686 1.0121070771699987
12 14 13 24 33414 0.94871262054735
0 14 20 18 69084 0.956464189753166
22 0 3 15 112675 0.9558198856989489
27 15 11 2 90047 0.9331956580955052
19 28 11 20 44325 0.9980896345039197
20 24 10 4 104487 0.9809639567726981
11 7 17 18 51303 0.957451278397252
27 10 2 19 103197 0.9614994674608173
3 5 3 18 55350 1.053367757800552
21 4 0 26 122112 1.0450468737460459
7 24 9 11 61247 1.0455340741672707
9 15 27 12 64116 1.0381905473195643
19 28 26 17 63261 1.0914043331024645
22 7 8 19 80990 0.9434837642604118
26 25 25 6 68436 1.0544129640176092
11 14 27 14 46848 0.9936789315477648
28 13 5 11 93863 1.0662250397004263
17 19 27 11 54829 0.9864264474156067
25 22 15 2 92716 0.9662444092052768
0 15 4 24 39918 1.0895993708761578
20 15 13 23 59783 1.0603322020725496
24 24 8 4 113196 1.0045251497835146
14 25 1 5 98738 1.060483620593969
17 14 7 1 83813 1.0893248819508372
10 17 3 13 44048 0.9380124310531255
15 28 29 6 112321 1.0156099534765
28 19 15 8 66070 1.0867967340603524
10 7 8 18 52103 0.9607361478160621
14 0 6 28 108234 1.092489914349221
16 2 5 0 59390 0.9788270322787606
2 14 20 24 78423 0.9834174101776586
25 12 9 13 64546 1.0677522019867765
20 16 22 29 66301 1.0539195038213605
23 0 25 11 44738 0.9650256868795322
6 29 21 11 98907 1.0807943487183673
28 12 29 29 73183 0.9437739762365622
13 9 7 17 50054 0.9762722844144432
17 21 28 6 79170 0.9326965406210393
7 29 29 8 125000 1.0866104293906942
22 25 1 0 146280 1.062174584198107
27 23 11 10 90991 1.0884448635889659
5 10 20 29 111968 1.0662420959540857
16 22 9 2 97725 0.9647219846188873
21 26 2 27 69218 1.0095447801214976
23 12 20 29 73346 0.9676034242720409
29 6 20 20 71231 0.9286190580027494
5 29 1 10 79080 1.0799567388000286
18 29 6 0 148060 0.9530734995908037
23 8 8 21 85167 1.0220188507563996
25 10 8 10 75927 1.0703517540649128
2 9 21 10 78350 0.920373980545998
3 23 25 0 134238 0.9080209369930755
21 29 3 20 88551 0.9028596672847763
22 28 8 11 101565 1.0504777146086814
16 23 26 19 54766 1.0561259543092232
9 23 14 15 41704 0.9472570252834579
9 4 13 24 82321 0.9478870794133916
8 2 3 8 42371 0.9419581568446611
28 27 20 24 33706 1.092691013110321
10 5 22 11 66000 0.9575149384966538
12 3 9 14 53320 0.9896345408980687
27 2 13 12 70416 1.0661090598234035
5 10 17 12 70085 1.0955746940949904
9 18 0 16 33796 0.9336758226078622
28 16 13 26 78757 1.0578709596320093
8 1 27 3 94007 1.0402434326227301
26 27 6 2 154037 1.0471397964973983
10 12 25 0 91126 0.9118365896854356
28 6 15 20 81555 1.039067793217109
3 13 7 20 44124 0.9701860891302936
19 17 22 27 55649 0.9240188121416568
17 15 22 7 46397 0.964501595395401
17 9 22 21 66380 1.0852427186525377
20 28 13 5 98050 1.0006804550936679
9 10 23 3 78987 1.076495399839231
19 27 2 11 102955 1.0250789925045303
22 19 0 3 113065 1.07479754433786
29 22 2 11 117497 0.9032555203250104
21 14 8 26 69713 1.0918801540758702
17 22 27 19 50490 0.9714725955642725
23 23 1 27 79636 1.0070148236538485
4 14 15 7 54676 0.9596914832411492
26 25 28 12 61327 1.0968764223494292
5 3 11 8 46091 0.9358333001391245
7 4 29 13 103370 1.0095427735478908
18 9 12 4 37718 1.0169192854907305
19 10 3 16 78180 1.0635988326133388
15 2 27 2 53690 0.9437581102326406
19 23 15 16 47192 0.9634236372774961
17 3 28 5 58295 0.9747571548365663
19 26 14 6 90947 1.0709381140118388
19 17 21 9 35487 1.0285454727372731
26 7 18 27 88004 1.03301527413309
7 5 4 28 98837 0.9553580630257795
8 15 24 27 91285 0.9508827188760585
4 23 25 1 126668 0.9294598561938155
0 0 1 10 49639 0.9977736456189749
1 15 16 2 86388 0.9960009996085113
27 13 1 10 100762 1.0705669883819318
4 26 21 27 63512 0.950351988820537
27 9 25 27 79423 0.910337337113014
1 19 7 1 89604 1.0191109980454842
4 18 23 1 114316 0.973899796012537
4 26 25 21 83976 1.0313917442083655
5 22 20 9 99053 1.0802896954306234
13 26 27 21 60267 0.9633017832499683
10 29 27 23 70338 1.0128090770001192
22 1 13 2 43669 1.0684499476776115
6 13 22 15 59883 1.0028877244521561
28 27 22 1 99048 0.9205918665561154
22 5 27 17 56541 0.908452359201422
29 8 4 13 95101 0.9806157299801432
19 8 14 16 48912 0.9316709768912399
11 0 26 18 100048 1.0790925494737618
9 13 17 18 39466 0.9572540474490807
1 28 3 16 52773 0.9380954719865235
10 10 18 1 64385 1.0282613724253495
3 24 18 23 46398 1.028083496326223
8 29 5 11 90807 1.0236231771907385
14 12 19 20 51742 1.063275881044282
0 5 10 16 62559 1.0126946380947126
26 0 8 1 88874 0.9062368567177935
29 14 4 15 74542 1.062554871091439
21 20 1 27 88488 1.0841081252332454
8 26 12 4 80417 0.9967421087778289
25 23 13 10 74582 1.0531491851135601
22 27 5 6 128539 0.9235141541129036
20 28 0 20 79668 0.9421638313264327
1 13 22 26 102173 0.9020439454092216
27 20 5 28 98443 1.0253399880627148
17 18 25 16 30890 0.9317931549951763
2 22 2 11 54801 1.0170904906588567
27 20 9 12 84364 1.0165088473376773
4 15 28 12 81386 1.0524858985791663
13 13 21 8 39241 0.9713371135878898
11 18 29 28 84110 1.0056484253197464
21 4 8 29 116039 1.0894975982372572
12 22 28 11 84341 1.0785183179146238
21 17 9 6 68959 0.9183451781928892
25 25 9 25 59787 1.0769709594605195
28 10 15 23 86368 0.9138131690139398
12 23 16 2 77588 0.9337581749409092
27 21 13 4 91299 1.0565433838037808
27 18 1 21 88183 0.9577810307499355
10 23 6 8 72291 0.9047493103723232
26 23 17 10 69440 1.0637106659407278
3 5 15 21 90599 0.9896340484669007
11 12 28 22 81946 1.0915517756278188
0 15 9 4 63909 1.053857236234315
17 3 6 11 69096 1.0906296280819523
12 3 16 22 81283 0.9198905381413892
11 11 17 6 38537 1.0135028811247664
7 28 16 23 43328 0.9214785878246873
23 20 18 0 91500 0.9756867081728577
29 4 11 18 95836 1.0648356327353943
9 9 5 17 59754 0.9415765546257028
18 12 19 29 88202 0.9270683039774196
5 25 18 23 46756 1.0846908165761198
10 20 18 10 65101 1.0519101765503822
7 5 22 27 131795 0.9013950986612159
12 9 4 24 69411 0.9524135849347573
7 5 15 1 58482 0.9332481753842251
4 28 6 5 95772 1.0314953869289418
26 21 11 28 71117 0.9066997342277053
7 7 29 4 82004 1.0272038366245113
14 15 28 26 83813 1.0602507232630096
15 18 21 6 64538 1.0316722201120694
25 5 18 13 52290 1.026421821709031
14 10 25 12 54475 1.0612413948209602
21 11 10 6 54346 0.9250072167864986
2 4 24 14 99936 0.9101551562570505
16 2 18 11 39515 0.960576793032936
22 9 19 2 37848 1.0721434742022797
12 1 6 20 86218 1.035171518560044
3 3 7 20 80331 0.9333931334499672
22 22 17 1 95205 0.9264344653949493
24 25 4 14 89648 0.9174988923871384
8 2 28 18 111452 1.0433810525668614
28 0 16 8 57873 1.0033931366434858
12 3 2 11 67784 1.0587047370777087
23 20 28 4 62544 0.9098952390808205
17 19 2 9 81717 1.0897329459498286
17 4 11 28 85771 0.9660571209252683
22 26 8 22 62684 0.989338515549393
23 6 10 16 74934 0.9648683740953272
13 18 4 7 61976 0.9852579405989402
11 5 20 3 51375 0.9586294044283165
22 10 7 18 73378 1.0269984945032984
28 2 16 28 119608 0.9151815051994311
20 8 5 9 55021 1.080670888796682
8 29 23 4 124062 1.0154659783563156
10 19 8 27 39685 1.0425594592018619
22 27 1 0 156970 1.0080904256457104
1 4 2 13 42888 1.07166346895441
13 29 5 12 76958 0.9279913569601741
8 1 9 20 92701 0.905956037003801
29 22 13 9 82794 0.9525632442712728
22 15 22 0 62738 1.0296597866634458
17 25 21 13 60274 0.952168406129972
9 26 9 5 82093 1.0475975506158948
27 26 22 18 43539 1.0534027102732957
25 15 6 6 86531 0.956200475559727
3 26 18 21 67578 0.9593452813993453
5 9 1 19 53625 1.0733730937357726
1 20 11 27 52548 0.9610720603766383
27 22 3 2 133412 1.0214995121960875
0 8 22 21 105019 1.0543860532575986
6 13 21 4 85150 1.0977521261470609
21 28 24 14 60944 1.005884978462316
24 11 9 25 81261 0.9384401664146094
26 15 0 20 97833 1.0991101959081009
19 28 16 17 59959 1.0261377234054907
8 13 27 4 94187 1.0892265617409007
6 27 1 21 41220 1.0564897337567496
18 26 21 0 110629 1.0216935015372688
27 11 14 25 85056 1.0084429366997312
20 21 11 5 91188 0.9344416066266761
16 26 0 2 115125 0.959145875451286
9 1 27 17 111790 0.9931304881522225
19 11 26 17 45068 0.925732198296704
3 0 7 27 116371 0.9379410466122353
0 14 25 19 89416 1.0416283615347397
6 17 13 24 39730 0.9421472236861721
9 19 22 15 56081 1.0192733269681709
1 17 4 2 64243 1.0493641864552423
11 28 9 7 72739 1.0309670799562967
2 1 0 28 93845 1.0267797842178046
10 25 2 8 85378 1.021944252608801
27 14 23 6 35519 0.9159768215353061
17 25 9 16 48831 1.0162921513194587
23 5 25 14 37605 1.0733519565209415
26 8 15 15 52375 0.9898926766812248
6 29 22 21 81321 1.02300228058145
24 0 12 12 75152 0.9856421624781537
16 29 7 26 37289 0.92142798757856
14 18 12 7 41080 0.907770684887116
18 17 1 17 61272 0.945440914584929
15 0 7 24 96978 1.0040722480300297
21 23 3 6 112117 0.970774649913577
10 1 16 26 110726 0.9011610053238711
7 0 28 2 105483 1.0226293427247661
8 17 2 7 62525 0.9156668278568524
22 9 13 16 56839 0.9707718427515609
4 29 21 25 70477 0.9105733231596631
26 4 7 28 120452 1.093899178871031
5 14 27 24 90000 0.9661195639836585
14 26 2 1 112942 1.065767184290599
18 0 9 15 82981 1.0552968175778779
2 18 24 15 72111 0.9575526532788544
6 23 29 11 107654 0.9998505391907928
9 28 9 8 80689 0.9302998258066655
8 11 28 15 82831 0.9990321340368618
20 12 9 29 88299 0.9086860021701855
22 7 18 20 66239 1.0715344766536137
25 17 10 7 72073 0.9414758631445554
26 5 14 11 58710 1.0912829557141526
26 5 15 16 65017 0.9916822756173905
5 27 21 14 87020 1.031791256704996
19 27 13 1 106619 1.037124009746364
4 21 25 23 74590 1.014294730015681
21 10 13 13 42150 1.046778236268952
3 0 12 17 92760 1.003351937617157
5 3 5 27 98917 0.9824684422867258
22 17 8 1 105158 0.9264177880970398
8 24 20 0 114666 0.9851057809509968
25 14 12 22 65858 1.074240542354434
0 26 7 13 64508 1.0748707302014247
26 23 16 12 66612 1.0224625922269035
22 18 14 6 68256 0.9313700085380253
21 15 12 18 36540 0.9098916065321426
27 27 14 10 98001 1.0094756238080527
29 10 5 19 106003 0.9727707819499725
4 19 29 4 118656 1.0767567302348526
23 4 23 20 55568 1.0746134876059696
3 9 28 24 122212 1.034408928410914
24 0 29 25 93624 0.9725909412801483
5 19 19 8 80639 1.0560895737358198
28 27 21 24 30035 0.9362971662444753
17 4 23 29 113691 1.0065678518140169
29 13 13 27 94711 1.0768878407604745
16 27 0 25 55223 1.0676339468345644
28 26 19 1 111760 1.0180103925695754
11 21 22 14 50504 0.9628981938455656
10 13 6 23 48855 0.941567095135777
0 5 18 5 72929 1.0554728595003766
17 15 2 1 95005 1.0150179569301676
2 22 20 3 123851 0.9485058132024682
29 20 4 20 85736 0.9452757004978418
27 22 7 28 80545 1.0441973562693616
22 21 13 22 46472 1.001949932453333
2 6 15 6 49595 1.0106131409321273
29 29 6 10 140478 1.0948798043548533
0 19 15 0 105947 1.0659192166387699
23 14 7 17 65360 1.0711973700159276
14 21 5 15 58540 0.9263880828912049
14 18 23 28 68984 0.999968245120085
25 13 1 1 113175 1.0301402896340721
7 10 9 1 54871 0.9559145034769968
3 13 25 5 98238 0.9464110400216454
11 3 15 17 63570 0.9305688104763548
23 26 6 5 129468 0.9610847830173422
2 2 20 12 92102 1.094598945802321
16 29 25 1 121996 0.9634917808103095
23 28 2 18 90863 1.0992721301054962
14 4 3 6 47183 0.9522861288176014
1 9 23 1 104542 0.9900573709755643
16 5 25 6 41460 0.99098631790197
17 5 6 14 61256 0.9630592052326526
26 7 21 0 39907 0.965550236523514
24 6 18 26 79912 1.076342425324391
1 18 0 1 61917 1.0012351640210957
26 13 11 16 52279 1.0188939855079022
18 20 3 4 99895 0.9493183626401
25 25 20 6 79028 0.9562111755484609
6 8 10 2 45494 0.9272531221393353
5 25 2 4 89882 0.9921732200066438
0 1 22 28 149336 0.9107350635170306
0 23 14 6 92922 0.9480016512726114
1 20 18 4 103411 0.9308544802540679
22 16 13 12 42519 1.0219778979941512
16 10 10 25 66450 1.078118111125131
18 15 22 28 73493 0.9963455363208759
2 23 5 8 70137 0.9340747149271763
7 1 14 5 49997 1.0171893653254076
24 12 19 4 40015 0.9806334510832633
24 29 28 7 87090 0.9622933552896917
6 3 29 17 124481 1.098104355132966
28 25 24 16 38637 1.014098690743911
22 18 11 6 73172 1.0584163397018123
12 7 5 4 38302 0.9351480522139807
15 19 17 2 69329 1.0146297475625756
19 13 6 10 71475 1.072684852803308
21 4 17 12 43269 0.9447252286600876
28 25 2 19 101580 0.9320969060700128
21 5 12 27 99404 1.0145355208535456
20 27 20 10 78027 0.9102406708077038
20 18 12 20 33876 1.064699750287112
0 8 20 8 64906 1.0462182738918908
4 3 26 14 95309 1.0540999548588805
2 16 28 20 93803 0.9048508311295707
2 19 27 27 108372 0.9378058907682661
7 1 20 28 141039 1.0970448974010802
27 24 6 21 76406 1.0191477644402906
11 7 8 21 61728 0.9247558403171546
27 17 18 27 64830 0.9735275215691149
3 19 28 13 92597 1.0860637030584706
7 19 5 2 77768 1.0993877066946223
14 27 2 6 104570 0.9377021166219173
7 22 19 4 96752 1.0674772701069946
12 9 11 29 65777 0.9135995512626883
