7213 5035 7374 3455 5107 3974 4874 2781 5507 3098 5035 5208 3965 3998 4501 3766 4496 3394 5125 5533 4029 2972 3196 4144 4735 5144 3791 4053 5263
6448 5847 3947 4602 5674 3664 6514 6657 4157 5056 6128 3892 3793 3912 3499 3554 2768 4324 3340 2972 3146 3013 4058 2169 3025 2660 3682 4574 4765
7667 7440 7778 7546 7155 6095 6580 7644 5708 6753 7517 6197 6700 6712 5988 7182 8085 8350 6459 6710 5704 6503 6984 8110 2154 2681 2736 2248 1804
7142 6161 6548 5388 6850 4940 7037 4889 7966 8072 5421 6915 4919 6496 7247 6901 5047 7504 7918 6807 5080 7965 5050 1972 4363 2523 3305 3048 3949
4960 4668 5796 4593 6193 5603 4699 6850 5901 6437 6210 6612 4234 4129 6077 6470 4452 4674 4948 7294 4384 6727 4429 6217 7248 6810 5637 7116 6815
5039 2041 4197 1355 3874 3226 3607 4232 1746 3026 4424 2703 1972 2951 2589 2419 2462 2715 1745 2540 3797 4484 2306 3972 2869 3003 1514 4457 2595
4345 2124 4778 3014 3599 2449 4370 3493 3107 3782 3639 4087 3528 2526 3894 2480 3935 7223 7170 6593 7280 6656 6652 6250 5764 6312 5419 5852 6259
4580 3828 5332 6517 4062 6679 4788 6677 5314 4238 4623 5391 4982 6608 6508 4472 4063 4661 6219 5859 3979 4251 5394 5401 5182 4850 3553 4027 3718
6380 6197 8268 8205 7848 6547 5988 5811 7128 8319 8013 6166 8579 7750 6621 7258 7956 7142 7647 7185 7264 5923 5524 5569 7310 6103 7797 6993 7368
1886 2729 2332 2150 4931 1945 3461 3707 2987 1158 1792 4096 1334 2037 2618 3728 3633 2918 2504 3159 3618 3368 3506 3060 3538 2594 1854 2387 1073
6413 6295 6700 8255 5517 6051 6264 5856 6647 7193 7574 6402 7440 7409 7627 8261 8280 5877 7680 8105 7712 7982 5560 7850 6701 8597 5590 7125 8162
4556 2005 1626 3318 4082 4232 2860 2955 1854 4459 1751 2722 3503 3906 2746 2014 3024 1918 3812 2948 2357 2948 3970 2678 2376 3007 7281 7179 4465
4434 4943 4984 5089 6212 4011 4459 4664 6493 3852 4693 6113 4926 6516 6295 5593 6131 6980 5017 3544 4423 5940 6328 3904 6199 6460 5990 5110 3736
7333 6580 6241 4230 4853 7357 4785 6065 4281 5422 4587 6554 5704 4838 6404 7348 5887 4196 1942 2112 3874 2924 3876 4504 3696 3226 3270 2714 4197
4080 1684 1794 1693 2150 2700 1324 2911 3471 3794 3531 3303 3631 3886 2721 2104 4009 2839 4117 7570 6448 5883 5402 5715 5369 4520 5509 6378 7329
6242 6220 4828 4742 6981 5177 4614 5509 6825 6886 6535 7076 5796 5556 7921 5199 6780 7219 7904 8007 6343 5519 5371 5616 7490 5512 8179 6801 7142
3053 5223 4318 5601 4358 4601 5835 3552 5578 5943 3073 5458 4065 3522 3104 4689 3926 3637 6034 5767 5451 6384 7513 7661 6885 6429 7404 6965 7487
7358 7920 8664 6513 8929 7984 6779 7306 6510 5991 8052 8895 6120 7395 6237 7097 8706 8427 6031 5841 6764 6441 7258 6156 7746 8314 8581 6566 7163
5285 4053 7236 4257 6726 4208 6086 5697 4638 6525 4498 5295 1802 3772 3519 2395 1838 4062 1511 3329 3913 2098 1820 2505 4616 2085 2555 2989 4462
3417 3094 3613 5239 3334 4230 6058 5641 5431 4804 3388 6033 4856 5877 4332 4236 5571 5106 4345 3529 4648 3414 3743 3683 4758 4392 5003 3804 5028
1995 3653 1200 5034 4640 4563 3711 5163 4233 2259 5327 4112 3142 3551 3488 2208 4251 3198 3234 3389 5061 3604 3202 4905 2453 4298 4686 4233 5221
6884 7525 8264 5667 7472 5077 5771 7254 7570 5492 5096 5721 6380 5329 7129 6039 6319 6929 5188 6538 7013 8143 5528 7840 6397 6925 6494 4956 7214
4475 4036 4194 3742 4305 3268 3631 4318 6340 4143 5163 5580 2304 2085 3869 1951 3101 4294 1795 2557 1796 3703 2004 2052 3056 3031 1841 2086 4554
3575 2657 2591 5047 3796 4229 2302 3154 3268 4247 3273 4886 3751 3789 4129 2063 2329 2824 4248 2586 2381 3428 3050 5060 4287 3458 4307 3509 6024
2991 3484 3626 2974 3515 5741 3763 5660 5580 3938 3403 5955 5654 6122 2970 3021 5701 3179 5719 6202 7174 6294 5865 5639 7924 7237 5592 6442 7224
5061 5618 5494 7577 7628 6410 5317 5142 7842 6155 7758 5910 6289 7042 6882 6942 7996 8247 5757 7074 7056 7471 6698 7297 7817 7765 6993 6840 7922
2397 3762 2889 2410 2454 1512 1794 2045 4404 7835 6871 7301 7780 7474 7061 7657 7855 6244 4776 5819 5102 7279 6633 6903 7590 4886 7819 6875 6966
3714 6167 6101 3225 4567 6031 3926 5497 5606 6097 3304 4471 3288 5451 4364 6482 5655 4026 5185 5150 6554 6200 6377 5477 7025 5076 4769 6542 4396
4594 2957 2337 3426 2605 4539 4716 2054 2308 5720 6175 6469 5445 4470 5103 6599 5210 5429 7419 5613 6063 4721 5783 7227 5121 4948 6251 6889 5097
6420 6080 6462 7808 7360 6108 8427 6172 6337 7771 6418 4458 4437 3621 3579 4757 5126 4190 3536 3053 4698 5673 5904 5217 4530 6035 3332 3044 3336
2756 2973 4010 8046 4689 3518 4320 6296 2623 3432 4704 4489 4133 4254 1582 5683 7089 3228 5971 3381 3907 5961 4837 6871 4809 6638 4679 3627 6552 7822
2103 3788 2189 6542 7334 7007 4854 4399 4304 5136 4806 5376 3300 3103 3053 3511 6567 3376 5189 2547 3692 8116 3204 4521 4562 6632 3969 4004 6248 7894
4364 5054 3231 6014 5699 6139 3974 4107 3208 4470 6592 4448 5148 1711 2495 4791 5039 3822 4702 2173 3181 5440 5753 7052 4192 5598 4090 2545 2365 5180
2367 3345 3498 6725 5734 6445 2222 6029 3375 3662 3624 3533 3451 3968 4125 6064 7442 5307 4746 4127 3892 6579 5393 6075 3320 8268 4723 2627 2883 7162
3543 5673 4839 5767 5727 8345 4162 3988 1819 4686 4455 5509 5178 2168 2997 4307 5876 4028 6617 2687 3473 8329 5829 4660 3473 8312 5696 3983 2715 6158
3205 4060 4935 5653 6852 7281 3676 6010 1612 2370 6657 7848 5211 4072 3712 3104 4815 6289 5288 3220 4217 7825 5117 4653 2728 6936 5999 2280 2666 7204
4615 2581 5019 6088 4801 6803 4907 6667 3734 4042 6733 5740 3602 1449 4454 5414 5269 3504 5258 4679 6276 8203 4829 4937 4850 8129 4795 1578 2774 5766
4642 3479 3192 6634 4850 6846 3137 6281 2806 2759 4812 7697 4860 4144 1758 5907 7155 6222 6585 3550 4528 7472 3255 4567 5405 6258 6905 2112 4048 6130
4823 3347 2447 8032 5353 7503 4693 7542 3655 4890 5779 6055 5139 2421 3190 4826 4812 3467 3557 4616 4964 7753 3412 5405 3900 8372 4822 3483 3375 6200
3948 3563 4055 8428 6111 7620 2953 6276 3557 5222 4262 7245 3439 1620 4335 4428 6180 4590 6604 3946 4959 5528 4761 5659 5093 7350 5610 3402 2936 5789
2970 5170 3257 7424 4178 8146 2110 5747 3879 2885 4247 7171 4083 1541 2716 4164 6291 3510 6171 3508 3563 6543 4904 4598 4076 7473 4402 1763 3275 6420
3276 4902 2065 8763 5794 8396 3527 6487 4440 4489 5903 5948 3391 3235 3105 4795 7370 3476 4221 2058 6157 6214 3352 4384 4286 5849 5915 8394 4058 5444
3771 4244 4763 8078 4472 8053 3549 5807 1481 2861 4560 7560 4586 2174 4442 5050 5724 2865 4430 3046 6399 8023 5587 6313 3284 6597 5982 5502 4007 7985
4367 3022 3280 7347 6310 5938 4422 6740 1762 5045 5629 8368 3777 2220 2373 4890 5032 4164 6458 4631 3942 7681 4716 4671 3061 7587 6717 5876 3962 7108
3023 3938 4119 6190 6234 6857 1941 5602 2807 4392 4944 5948 4242 2528 2900 3112 7390 4882 5718 4669 4879 8305 4064 7714 5608 6226 5384 7953 3272 7334
4699 4489 3858 7651 6099 7199 4601 5496 1487 5280 5605 5992 3527 3916 2789 2973 5509 4113 4637 4333 5806 7317 5395 7493 2977 5979 5356 5724 2253 4880
1808 5461 3733 7504 4643 8244 2709 7820 2246 4596 5677 5957 4389 1471 3581 4157 6434 2175 6225 3241 4617 7922 5185 7168 3354 5791 4788 7486 3078 5503
3150 5063 1645 6511 3659 6025 4553 6801 3433 7046 3526 8309 4661 1581 2221 5944 5203 3950 6233 2684 5289 6577 4740 6507 5136 7828 6857 5532 4375 4354
1627 3951 2261 8367 3620 7044 4727 5021 1962 7101 5203 8215 5145 4363 3795 5538 6799 3538 3844 2639 4215 7245 5072 7533 5872 5572 5740 7098 1461 2793
7089 4436 4362 8337 6458 7307 4048 6878 2501 4281 3614 6587 4368 2119 4663 5555 6144 4270 5367 3387 6964 7937 6135 4733 3012 5643 6391 6071 2704 2412
6072 6353 2766 6922 6097 6299 4668 5900 2809 4941 3467 8101 3383 4118 4301 4625 6584 2761 3718 2973 6332 5754 4930 6518 4738 5297 2454 6994 3457 2329
6152 3967 2274 8449 3984 7541 3644 7737 2465 6255 4140 7941 5165 4401 4828 4717 5863 1833 5294 3942 6768 7970 3089 7641 5665 7247 2980 7615 2641 3836
7643 5409 2125 7808 6093 6806 4557 7659 2737 6288 3827 6927 4918 2863 6063 5775 5955 3990 3914 5972 4496 8063 4417 6127 5294 5469 4422 6913 1655 3974
5638 4707 1273 8265 3749 6511 3845 5148 4044 6717 6156 6420 3189 3865 5193 6433 6624 3439 4662 4043 4562 8086 4569 6372 2968 5033 2648 8188 1769 4507
7156 6717 1598 5837 5324 6042 2731 7904 2275 7257 5792 5870 4941 4412 4226 4679 6332 2863 4539 6055 5650 7525 3354 4731 4783 5659 4701 5255 2144 4432
6033 5539 1680 7231 4940 8104 2282 4981 2359 6412 3382 8356 3192 2075 4703 5975 5150 2528 6282 5994 4685 6886 3510 4693 6922 6574 3576 6666 1598 3714
7041 4685 3817 8575 4277 8259 1662 6208 2293 7170 4424 8217 4257 3705 6446 5622 6699 3351 4117 3477 5639 5366 2662 5484 6508 5674 3113 7617 3471 4292
8032 4507 3531 8035 3826 6041 3981 6013 2316 4998 3706 5964 2275 1482 5719 4022 5175 3169 4255 3980 5865 7711 3500 7287 5831 7384 2902 7358 1905 3325
5633 6574 2822 6719 6282 6005 2953 7639 3372 6477 3157 5799 5008 2986 6606 4117 7979 1981 4518 3173 5937 6971 4949 5704 5566 5040 2954 7864 4619 4103
9 12 23 12 43235 1.0723736152578272
28 21 10 29 86956 0.960246882544639
3 8 26 27 114836 1.0711000992876933
4 25 15 20 67248 1.0250176825678938
21 3 25 12 51041 1.020847392971195
28 13 8 9 66959 1.0440375937904633
7 1 26 20 111611 1.08514770669603
1 10 20 24 96781 1.03829866695289
2 27 0 6 81024 1.082953958713458
15 25 8 16 58371 1.05704845249149
10 14 24 9 60665 0.9926570083374135
25 26 6 7 105326 0.9347064951474684
2 5 8 25 89161 0.9285493483335548
8 13 18 18 38293 0.9620041144592698
13 3 7 17 64963 0.9540467958638369
8 13 7 29 57896 0.993609984283499
27 0 19 21 89827 0.9306353119095078
29 18 24 28 55604 0.9250846363505854
16 17 10 21 36249 1.071689387940139
29 20 7 8 94140 0.9784908498059631
17 16 5 23 71279 0.9229629955268186
11 21 29 28 74436 1.089764042447566
16 15 2 1 83247 0.9503828401884296
26 11 19 27 76722 1.0100807232477194
10 24 25 12 83267 0.9047971434526099
23 23 25 6 62284 0.9709595350734772
22 13 1 22 82134 1.0393027361961922
16 18 17 6 55091 0.9839144228208356
3 0 15 5 55422 1.0138926367534502
17 12 8 14 30052 1.020554019275135
10 13 2 23 57046 1.033074627132987
10 5 21 4 57056 0.9131919215646479
14 1 5 29 97108 1.061535518686738
14 11 25 24 71602 0.9987370650869355
13 0 2 28 109906 0.9916710064906162
17 29 22 12 60604 0.9875669040436938
9 23 8 5 59072 0.9176117573459799
4 11 2 28 60953 0.9153806605090683
26 9 3 17 91719 0.9127103892427602
24 22 11 11 70407 1.0449184812271852
22 29 2 10 112837 0.9148739531110274
26 18 28 9 50584 0.9667507535455494
15 0 24 25 104270 0.9768317017285728
22 24 8 6 85641 0.9406118077319785
3 6 9 14 39434 1.0261462132189008
27 29 12 14 81708 0.9318985849060248
5 17 8 27 34915 1.0614326368447051
23 17 7 13 54767 1.0798707736247364
5 13 11 22 40920 0.9937556969018704
21 4 29 22 91316 0.9345412698998898
29 6 27 24 93441 0.9796461984522908
22 26 21 2 83100 0.9598148825383832
20 4 10 9 44935 1.0666747233193703
17 0 5 29 110396 1.0215814359741626
22 11 14 20 58319 1.0923807445721363
13 9 11 26 57489 0.9108600005216235
11 18 8 8 31791 0.9897084005949536
21 28 16 22 34117 1.0065138570075778
23 5 12 14 60563 0.9936852567377694
11 4 2 24 85845 1.0228482596310462
3 6 19 0 67444 0.9161383224505903
21 10 19 23 54699 1.0331444064250328
25 5 29 18 63331 1.0585008144439922
12 16 21 17 38849 0.9188972664715125
22 29 25 8 72382 0.9507883515621914
8 12 15 17 34865 0.9083228750720708
14 17 28 12 58581 0.9960258704846612
5 4 6 28 75299 0.9300850909592138
4 29 28 24 98014 0.9290361472154633
21 5 12 18 72856 0.901050503639472
4 17 22 27 88378 1.0799898582838734
1 13 11 29 72832 1.0574768223398627
0 10 28 15 103507 1.073436543299442
9 4 20 23 84076 1.0421012671819856
23 21 7 3 100599 1.0037489084585065
26 5 13 15 65703 0.9186567661621271
21 29 7 16 88430 0.9581760894254692
16 4 1 27 107310 0.9496934444657568
14 12 19 6 36865 0.9439548154834008
13 26 2 7 87261 1.0776812282931603
5 28 1 14 53542 1.0325729683803304
9 13 24 5 62622 1.0218991726421915
5 3 26 7 76390 1.0884975626926978
2 3 7 28 95922 1.0155408367938423
10 12 17 26 69031 0.938379188723475
0 8 29 16 107135 1.063374584649934
6 7 22 28 97482 0.9700301536770285
21 5 9 25 95875 0.9610274409290374
21 3 27 21 92068 0.9188179196970683
14 5 10 23 63148 1.0508163709434264
0 5 14 11 64680 0.9906939725144513
23 28 26 5 77193 0.9516345357141786
26 28 25 16 52123 0.9425611986676147
10 26 5 14 53332 0.9954996405074902
2 22 0 5 69842 1.0613785323198552
2 26 21 0 128019 0.9878892269804217
26 18 20 23 40469 0.96218693253142
13 11 19 6 38818 1.0224858891983772
20 18 13 25 46757 1.0005149283987975
2 3 17 18 99920 1.0253527166496637
15 10 8 19 48253 1.0945001313914935
11 19 26 16 62389 0.9015745197382189
29 25 5 8 122025 1.0715314551172765
24 18 14 17 38130 0.922717654587316
17 26 18 13 44320 0.937899844705023
19 1 9 15 61070 0.9850765893998614
4 24 29 9 116406 0.96190668281305
9 22 0 11 62793 1.0918885597891663
4 12 22 1 85247 0.9617597065931555
10 18 27 28 80349 0.9389379251045575
15 4 2 13 60385 1.0127115564414808
0 22 24 11 102641 0.9889657556715898
21 15 12 19 46146 1.0956349597229225
1 19 6 11 37317 0.9829385827617059
7 19 14 0 69073 1.0738461727638036
15 26 10 3 97298 0.9323492984877553
8 24 21 26 58864 1.055242993011591
14 17 28 17 46862 0.9403576345707539
28 28 25 19 49291 0.919031238543866
14 28 28 25 53039 0.9733861536230296
13 2 28 10 59614 0.957318661529887
6 4 1 15 47755 1.0366155673775348
16 0 11 17 59398 0.9920526367170409
28 25 18 4 111869 1.063239675451965
19 25 15 8 69606 1.0452191921532745
13 22 7 2 70127 0.9733568622867123
29 1 9 3 67696 0.9617928289065867
8 24 6 1 79990 1.0265263109117462
18 0 8 16 69022 1.0339540163731724
6 27 26 23 84378 1.0728049753300213
19 3 11 13 53773 0.9774183112846071
23 9 19 0 42425 1.0576513015396067
28 0 2 6 98262 0.9451640382341115
13 16 6 13 32547 1.005985987335771
8 22 23 7 81729 0.929563733574049
14 23 3 3 95102 1.0371052584174343
27 19 22 7 60182 1.0793608558297443
8 3 19 14 63446 0.9657994356227451
18 11 4 29 91260 0.9110857537051597
18 11 24 16 39934 0.9342331689274641
2 4 24 24 125296 0.9397341510942536
21 24 29 3 91891 1.099360919918987
13 6 26 28 95190 1.0211390204703477
27 14 19 19 47085 1.0801850370704251
17 3 1 0 69194 0.9777366520947789
2 20 4 8 43657 0.9959085131149258
19 2 19 18 69809 1.0036297827219232
5 22 7 14 30917 0.9283479230388008
26 23 5 24 94044 0.9437703454155457
24 1 10 2 45265 1.0503220607086825
23 17 21 0 69642 0.9626990349276702
13 0 18 8 32676 0.9191500668175826
25 27 3 23 81878 0.9531053994764943
0 28 28 10 137097 1.0946577237276551
27 24 0 12 119685 0.9093671502881085
29 17 20 8 57077 1.0511370593782225
15 1 16 27 98456 0.9829519108314376
21 10 12 0 50351 1.084099590648187
29 18 19 18 38670 0.9747877450786753
13 20 26 5 79340 0.9761187321156317
7 17 20 24 69776 1.0310107923154583
26 28 20 17 39975 1.0084601999519438
24 7 12 28 101021 0.9402158502852691
12 0 9 29 90297 1.0791669415041487
25 4 5 26 118156 0.9815889897293666
28 8 14 5 42669 1.0764001645844767
9 10 5 23 46531 0.9263225449377503
17 12 3 4 74012 0.9775821415014174
2 1 16 16 87936 0.9054648849366466
3 0 21 8 72672 0.9664054194732546
9 5 4 18 50904 1.099581243124714
16 18 29 26 67415 0.9218232752254915
0 5 28 24 143511 0.9161789600630336
9 18 18 2 65994 0.9508124461303029
8 0 16 27 111664 1.0637935405372518
24 0 21 23 84923 1.0348100259374127
18 24 22 5 72808 1.0901231173879604
11 15 23 20 55424 0.9603440178412556
29 10 23 21 56332 1.0099100930272313
12 29 3 23 41996 1.027621373675275
24 28 9 19 70607 0.9651174522721001
13 4 24 9 47466 1.0375295596738006
4 20 20 28 72639 0.999378812062981
2 29 19 15 94722 0.9889656814884819
19 6 16 22 72781 0.9325624153255008
10 17 26 9 72701 1.077531580677095
2 28 23 14 101485 1.0817500120793828
23 23 21 14 35361 0.9181367308079558
5 12 26 27 100526 1.0375945941991604
6 27 26 29 65171 0.9028439374392664
22 15 14 22 50828 0.9058980564414343
27 26 28 2 105172 0.9267167838492509
21 10 6 12 54358 1.0533050858972262
0 28 17 27 66086 1.041038389325413
9 7 24 29 98149 0.9376530366582494
21 23 5 4 103296 0.9012230713582475
5 9 18 28 85734 0.9868467725913872
10 23 1 14 59975 1.0436700368744631
20 16 17 27 45162 0.9671171611565692
27 27 3 1 144330 0.974014002342334
5 6 11 20 54542 0.9394705936314365
18 17 28 1 77177 1.0858649090972445
20 15 28 1 66210 0.9136860511345947
14 5 8 21 64036 0.9712016625906739
23 17 16 10 43564 1.06162408643511
27 18 19 0 86730 1.0676575666081767
3 28 0 7 80763 0.9054606511976457
19 8 20 19 41504 0.9148416603289301
13 7 5 21 61955 0.912425007679503
3 25 14 25 53208 0.9575645004020907
22 8 26 24 72704 0.9378904731673575
13 13 15 22 42932 1.0742224582165356
9 26 24 14 87413 1.0714723330555855
20 5 22 25 71859 0.9196814542858757
20 18 3 2 94818 0.9030868304623213
3 1 16 22 103494 1.0430768365054237
2 16 24 8 88663 1.0376878435009504
11 1 3 16 71106 0.9053718497355211
16 11 29 10 57219 1.0664463333503762
21 16 18 4 59010 1.039797623193338
13 17 29 17 53007 0.9425537067493832
28 23 17 0 114514 1.0373444469422008
4 6 13 16 59708 1.0561796443767724
3 5 29 28 131925 1.0423474199369698
17 6 28 17 75895 1.0588109076051238
17 0 1 6 71495 1.0788424369092486
10 25 13 11 59837 0.9500987889909993
22 29 0 11 112191 1.0055741096860609
21 2 8 25 105808 1.0424082981751688
21 18 27 8 53027 1.095310015157102
5 24 3 4 71864 1.0864561624418798
2 17 28 2 111589 1.0369369214749256
27 17 24 8 47960 0.9527512543794108
19 28 2 5 112220 0.9367408005582081
14 19 1 15 58774 1.064314018945258
27 16 2 16 103077 1.0062813503582817
6 10 13 0 54190 0.936109556630084
17 28 12 4 94475 0.9203214778973842
26 0 14 5 43490 1.0677421772290494
9 3 1 14 54483 1.06532624672995
26 13 4 12 66990 1.0795163356035977
2 11 23 13 68401 0.9323322681436494
28 21 17 21 54634 1.0817487393419716
9 23 0 14 55898 0.9086091836646714
5 19 17 12 51007 0.9248584798087384
26 29 9 15 91214 1.0897730159365764
5 11 29 5 85790 1.0661245656309801
21 6 20 16 41862 0.9403921203724723
8 11 2 18 49315 1.0457523761646383
17 11 10 14 36175 0.97788298544946
0 3 27 18 123103 0.9410474834717486
27 19 2 11 99845 1.08098728263891
10 19 8 8 36406 0.9068472885447821
29 4 4 4 95379 1.0621241138677266
16 23 23 0 102532 1.0031691358779178
26 8 8 12 60954 0.9135970214524941
23 19 11 29 66384 1.0891961589237706
4 24 6 14 36214 0.9551358407875017
27 18 12 20 63397 1.0996763932684297
14 26 14 10 63727 0.9175300754543328
22 15 11 11 44305 1.0553626517389285
17 29 27 14 78420 0.9869523838220269
6 5 29 11 87084 1.046675093488618
2 24 19 20 79294 0.9908787332225348
21 10 1 25 98915 0.9897956227107629
16 1 2 23 103242 0.9380854296789982
10 28 14 5 79526 0.9502207544876462
28 22 9 9 88749 0.9204315368489925
1 0 13 20 89665 0.901496867444504
3 17 0 3 65603 1.0524011786481633
27 19 20 1 84695 1.035699267405019
14 3 2 26 95012 0.9917562855980435
0 27 13 14 79356 1.0009031268239061
3 27 22 28 59929 0.9313368999591367
16 6 5 29 93629 0.9413261637802605
17 6 6 12 50161 1.055242640659469
11 8 18 3 39978 1.034314883618168
10 20 27 29 78228 1.0488694455784264
9 18 23 22 60034 1.07730897349868
12 5 13 29 84559 0.9749252261702958
21 26 10 3 105126 1.0890317739760191
24 0 21 7 34797 1.0728816951070388
12 24 21 18 50063 1.0623380356526857
11 6 17 0 34807 0.9465532463380406
26 7 8 12 62999 0.9238035101529435
24 26 3 5 117907 0.9084037294392903
7 22 0 16 47689 0.9276398411389543
1 25 28 28 84381 0.9860639894149712
27 7 3 26 121008 1.0337921962264296
9 6 1 17 55278 0.9629949482898267
2 18 15 14 57448 1.0374366706157814
23 7 18 15 44011 1.0672674364492485
14 14 23 9 46284 1.0928766621012378
0 18 10 28 59301 1.0879745197419464
29 15 19 19 45617 0.9292857400924032
22 19 7 22 61869 0.9751850733609143
8 24 11 14 41484 1.0370304086084055
27 0 7 11 90406 1.0815941618905371
29 1 18 26 108744 0.9031945803541891
27 20 4 5 115522 1.0056647070250087
13 3 23 13 59997 0.9646110504332466
1 11 14 3 65751 0.9861878558518664
16 24 5 4 92734 1.0286117278796059
17 23 20 5 73756 1.0615582020219967
16 18 27 0 88795 0.9205234497595548
25 5 0 0 96724 1.0924179299704235
5 25 7 17 34221 1.0787257229895246
18 29 15 10 68722 1.075548697667462
1 7 18 10 66651 0.9634148462175576
13 15 20 27 64868 0.922079808219158
20 15 6 13 41821 0.9776518642490041
25 10 13 14 54590 0.9714252641798836
12 8 26 1 51234 0.960657780635467
20 2 13 5 31553 0.9433739245434841
3 0 29 16 124033 1.0255466239861917
18 11 16 0 51370 0.9161686527184033
26 2 18 9 38894 0.9053724376612535
3 9 19 22 82402 1.0056463341697275
24 23 2 0 131961 1.0207276557818432
3 2 28 24 145381 1.0308244815817906
5 16 1 1 61925 1.0443923541233455
8 12 23 19 61747 0.905995992295643
25 15 11 27 88610 1.0634617586410158
10 10 20 19 52471 1.0066440933696075
1 4 9 2 37899 0.9352824681150758
29 27 5 10 113817 0.9890395251480764
28 25 3 15 122022 0.9895826195122733
22 4 20 14 43420 0.9928142957598287
25 0 0 17 118369 0.9264031539392004
28 16 0 22 115197 0.9382446750723175
15 25 19 9 70891 0.9675357895903136
23 17 10 11 58437 1.090578097337941
24 7 0 19 96979 1.011951193709077
0 9 16 11 66109 1.0734088201622178
9 1 14 7 29810 0.9576206034424124
10 24 27 8 91787 0.9785977081353785
20 9 8 11 45318 0.9609918472275157
3 1 5 10 36322 1.048731189150781
19 2 16 20 80363 0.9128550401592456
18 21 9 19 39358 0.9567196651386066
5 19 27 5 93972 1.0774766799559314
21 22 23 10 43013 0.9664977324113869
17 6 20 29 91002 0.924133956073104
7 19 14 8 50737 0.9114474812123661
27 18 7 18 79384 1.0832685294422544
23 7 29 14 44725 0.9078208971084042
16 26 2 15 94106 0.9960275694925983
17 18 28 28 55353 0.9320665215377336
27 24 4 24 98227 0.904297232324804
25 4 7 21 103071 1.0086034572326277
18 6 6 7 46846 1.039536859422549
23 23 25 10 52917 1.0298052258675081
10 28 4 12 60544 1.0114874857515055
5 4 9 10 30891 0.9128827028322832
4 11 19 4 71961 1.0608131839545456
16 15 23 28 56606 0.9882666588723444
22 19 11 5 71476 1.0748082186612022
18 3 10 7 47932 0.9750827520232723
7 15 6 3 46466 0.9904532083280778
28 1 17 5 50921 1.0485258181966026
3 22 19 28 65718 0.9901866681505039
10 16 27 0 93319 1.0224721737449365
26 11 20 27 70651 0.966758322582033
25 29 27 12 72919 1.0885455444570116
11 25 3 4 87045 1.0776536824772027
27 16 21 29 56885 0.9202218243619631
28 5 15 26 110412 1.0023014530685672
10 1 2 13 56118 0.9176477021485309
16 29 14 7 87463 0.9083310269196091
1 24 5 10 50872 0.9685868851962341
6 1 22 7 65995 0.9360960497873729
23 27 3 2 129231 1.0586236227219281
27 29 7 15 100953 0.9027384985937619
25 11 4 17 81691 0.9332872144843045
4 27 8 21 36771 1.0474704548235172
8 2 13 28 88221 1.0873343164883227
29 10 2 28 132203 1.014409503290045
6 11 23 29 95735 1.0041000113380694
24 20 12 5 84619 1.0757335663230674
8 26 28 4 117269 0.9588547550006525
2 20 16 19 55342 0.9615345547579723
24 19 0 13 86607 0.9699952104126423
29 6 28 20 69816 1.0311741840642012
28 10 23 26 71405 0.9147517453125297
2 13 28 6 85673 0.9877830396957599
29 17 1 25 116471 1.0054763241562712
25 9 13 6 45265 0.911991660637966
1 21 27 20 106363 1.0828345562643737
18 25 0 26 71224 0.9921024171207048
27 12 6 21 95714 0.9327706949854239
28 14 8 27 103777 0.9880860438895368
3 26 24 20 91861 1.0484202330325858
9 3 17 21 78763 1.0874050144464418
18 9 29 0 59426 0.9423309435833773
7 5 15 7 37625 0.9197437687741302
2 26 3 2 90499 1.0224084463401084
18 1 0 24 112996 1.0701879622697714
11 6 5 25 69415 0.9483147354131203
1 27 17 24 62337 0.9568757723598929
16 5 14 25 81850 1.019967514925371
8 8 27 19 84616 1.0799754802430568
27 27 6 22 87093 0.9238910758547626
4 1 7 12 47431 0.9664731759096447
0 17 5 23 35553 1.0348128527907248
6 28 22 8 99374 1.0204156854567892
2 13 7 27 51071 1.0079711287270638
4 17 15 21 54387 1.0661295746130532
10 22 22 10 74372 0.9062107300494456
9 26 20 19 60890 1.015419363829832
28 1 9 23 110756 1.0343698091060072
12 10 1 13 40076 0.9404509117657393
27 26 18 15 59383 1.0770634566440016
22 22 11 20 48607 1.0577375916944463
24 7 8 21 87850 1.0582915657355858
6 2 29 6 77633 1.0300692980029191
12 11 9 29 60929 0.9623838723608267
23 12 13 5 50994 1.0653068783644002
6 19 5 6 39811 0.9935867438365706
15 23 18 6 81669 0.925194879680247
6 8 20 3 59064 0.9117341348108042
0 6 1 28 82832 1.0076329110360989
2 16 13 24 69794 1.0700928114485133
29 4 8 6 76569 0.9367866652863054
1 3 0 21 82209 0.9480099140369883
19 16 10 27 68200 0.9477915746454658
21 21 17 15 35980 0.9072836241133831
5 12 12 23 51246 1.0483534551914127
0 6 20 14 76477 1.0789499167101515
19 3 9 15 61589 1.070958782834928
22 9 1 3 89266 0.9343686489851117
19 3 2 24 111200 0.9693570129375932
26 5 6 20 94548 1.0452245600939676
15 7 29 20 84994 1.0363134346807015
22 5 2 19 91229 0.9614742216121319
1 20 0 5 60479 1.0378817283524362
8 1 10 26 81236 0.9576797028927595
2 27 8 7 76355 1.0071294146021235
17 10 28 5 49545 1.0775527328129169
29 26 12 19 78060 1.0674964394677342
3 5 15 21 85298 1.0517824967003302
9 10 19 25 68458 1.0435710586413105
17 10 6 9 47462 0.9643176903625316
3 7 14 0 55345 1.049730348339289
12 6 15 26 81779 1.037016282097505
0 29 1 0 117902 0.9608104933823487
25 12 2 2 103331 1.0831222884429026
15 20 2 19 48543 1.0039754584278417
18 29 23 7 79388 0.9148027407461291
23 17 4 16 73338 0.9667734426031119
9 28 17 22 52526 0.9349191352468808
4 24 24 9 103958 1.0026990755726943
28 26 19 17 54514 0.907589255831215
1 15 27 6 92180 0.9908447198740867
11 25 28 8 92403 1.0160783094202843
19 28 24 12 57826 1.0732836857462054
14 23 9 28 35888 0.9517927203643605
12 14 26 14 54768 1.014381076492803
16 10 6 12 41372 1.075136900118784
17 12 8 17 40308 0.9977190400982964
20 14 24 2 53027 0.984104328527003
10 14 27 7 67509 0.9997100020449569
17 6 3 20 74706 1.0202960907452363
15 22 5 0 92866 1.0531421512923484
25 15 3 4 103968 1.0152366893428566
29 15 18 14 47361 0.9447654108219413
24 14 15 29 71484 1.0070266863516444
17 25 10 4 92927 0.9587316407748684
19 25 25 14 56758 0.9492579540454656
29 2 17 29 112540 0.9743377580296387
13 21 6 24 41835 0.902261312422942
21 12 28 6 43917 1.0135113538623535
24 1 15 28 107354 0.9086092836113286
18 23 0 10 88788 1.0262676182356851
22 12 17 29 60604 0.9905751047949451
19 18 0 28 92365 1.0126716947018002
13 0 20 8 37139 1.0928569175423377
14 25 4 9 78532 1.0506270390708887
9 10 23 28 81304 1.0300646293200475
13 22 6 19 34313 1.0148270348226425
6 7 1 21 51509 0.9092182690008008
15 11 27 1 68968 1.0081277704674811
2 23 11 9 71022 0.9866352167451655
3 4 16 8 57233 1.0198604128901465
9 8 22 24 73780 0.9464783732322629
19 25 28 29 36941 0.9447126129867877
16 26 14 16 55291 1.0559905552068607
2 29 2 2 98503 0.9849861071626247
5 6 27 4 77972 1.068294348531486
2 4 4 24 80771 1.0621369449152556
12 11 21 20 57563 0.909076969989562
13 0 19 9 40069 0.9827532246307358
11 2 20 23 88285 1.0525675284110254
3 29 25 29 77379 0.989489576100068
10 12 22 15 45666 1.0431754129857371
22 7 5 24 92442 1.0882645448967518
23 18 10 28 66378 1.0592904619495587
29 2 24 15 61530 0.9865897057506292
6 24 1 1 88674 1.0780581879773163
1 25 11 12 62763 1.0667908998343743
27 7 25 23 77823 1.0010641168270034
0 19 26 12 94320 0.9531845440822548
8 0 26 11 89592 0.9643162057390393
0 8 8 24 74163 0.9898395474198955
25 26 11 17 73303 0.9096355430043725
9 0 5 6 30046 0.9831247208752875
18 29 21 15 52709 0.918626792055266
23 17 28 12 31930 1.095012554860053
21 6 29 4 35410 1.0481865976544364
9 27 3 9 69292 1.0920141995815484
7 24 2 1 90033 0.9788802277383422
3 18 28 2 111880 0.9735897054581412
8 10 16 15 36470 1.0072908853540412
10 8 1 19 52640 1.091190664211265
17 5 4 5 59974 0.997598109470198
5 29 6 4 75812 1.0554653657386295
19 17 17 7 48559 1.0640178446107118
3 27 4 11 56160 1.0463482050253812
14 7 8 20 53605 1.0733699453430017
24 8 9 17 63640 0.9712009852201373
21 15 2 21 83404 0.9388131767259901
22 10 17 5 40578 0.9864624916976757
4 2 15 19 83489 1.0546260099939646
4 29 15 10 90076 1.0463519111567363
9 1 16 15 56091 1.0542030030425718
23 29 25 7 80649 0.9236071335814532
16 12 28 10 53807 0.9040823390927353
8 25 20 22 63617 1.0329101803243264
12 27 25 20 69696 1.036870270202296
15 13 28 6 58694 0.9789388851117642
24 23 14 5 86006 0.9487835960897312
3 5 10 9 39179 1.0991516429535424
19 29 24 24 31407 1.0963772602161714
13 22 26 6 84626 1.0689421544402888
5 25 12 20 46887 0.9683093642016493
11 17 2 28 58642 0.9345570202009703
18 12 25 7 44144 0.9594595563865149
27 28 28 5 94845 1.022844745143429
4 4 26 26 127687 1.0071675833221185
23 7 0 25 113352 1.0128367053595702
25 15 4 16 79917 1.0103871679673762
10 22 22 21 55113 0.9204616185404562
4 26 29 7 125260 1.0114677196627664
7 1 18 15 66937 0.9899253637291154
4 27 2 4 88667 0.95262049781796
4 16 10 21 41168 1.0242282664402693
26 3 24 12 33725 1.0708474118728928
22 15 14 12 34082 1.0034013112895754
29 15 17 13 45170 1.0816660531355393
8 15 24 29 92556 0.9476627817350448
11 11 25 21 77686 0.9818273141002273
23 20 7 22 68922 1.0288389208846775
2 25 18 8 91526 0.9282784539653011
29 21 2 17 115564 1.0951809778880326
3 6 16 2 55672 0.9224521879785562
8 9 17 6 36020 1.0193766904282895
24 0 25 17 66904 0.9920761449356824
14 12 7 8 32249 0.9006292742057905
7 25 24 0 121232 0.9942686231770037
17 10 19 18 34551 1.0324669479489745
19 21 25 27 42372 1.022030949699801
8 27 20 3 104501 1.0657955412938946
13 15 4 2 68162 0.9042513229955691
15 22 23 4 88487 1.060436049762915
4 17 20 3 84633 1.0043322318492351
15 25 0 10 97876 1.067406490593238
9 23 26 29 69044 1.0042695322913557
15 10 8 23 62693 0.9260229298267277
16 19 21 11 41750 1.086387506784134
21 1 17 7 45550 0.9031641244925931
27 6 6 28 116290 1.0202972936827903
27 22 18 15 49292 0.9892337621616343
4 14 13 18 41483 1.0455430476801157
5 4 27 2 74076 1.0825601795048458
15 12 26 17 47390 1.0296651024987944
10 17 29 18 67048 1.0452140151980114
24 22 17 19 32667 1.055505304590216
12 22 18 5 73244 0.9213452553970441
15 16 25 24 59208 0.9034352896312436
17 0 0 26 116115 0.9003506885018806
3 26 15 7 90409 1.0545591987074296
15 7 25 20 76754 1.0346359396355895
18 6 26 19 75842 0.9422607661783929
4 17 17 27 78220 0.9742345395897194
16 4 2 10 66105 1.059263592879966
21 4 2 11 88222 0.9987089364782181
21 8 18 25 63742 0.9889660095355851
17 3 28 29 117297 0.9372392944062568
3 22 2 11 52546 1.0062192396479197
11 13 25 10 57079 0.97450879385163
21 13 4 19 59755 1.0249415175714023
15 25 7 12 68964 0.9354611363449904
5 27 20 0 113513 0.9173996599426647
19 15 23 28 46478 1.0876312223660427
4 29 4 13 54744 0.9067449761950575
12 11 9 2 36248 0.903498355099195
0 1 15 3 62345 1.059657645208826
7 17 22 22 68224 0.9027727636929911
23 1 18 26 94488 1.0853677985912251
22 8 27 25 82360 0.9060098747285491
27 22 11 1 108429 0.9252842782107317
7 12 10 3 44654 1.0474246393008229
21 25 2 23 86209 0.9625994967339212
11 26 1 28 38970 1.0760328366194238
17 16 7 26 75965 1.0369295508484702
16 27 21 3 108432 1.0579101663753274
29 4 28 20 80289 1.053353187061683
13 4 29 2 51661 1.002338349849093
7 25 0 12 63616 0.9381778697166264
28 25 12 14 89058 1.0392131094673007
1 29 2 17 45104 1.005346160168477
20 20 6 28 75173 0.9010238540902448
10 17 3 5 58943 1.0934543432122654
23 13 9 14 40187 1.062474349318229
3 3 5 11 37982 0.9569707934120387
4 11 29 14 82566 1.0044957663069165
29 16 19 23 55000 0.9154474454942827
10 29 24 4 116194 0.9651996668141931
20 28 29 13 66707 0.9597535911795285
20 24 8 15 69413 1.0863062568269806
21 22 23 5 60213 1.0200325081916382
12 16 6 5 51071 1.0541883273734887
12 14 21 23 59431 1.0520448448955795
28 1 3 3 89897 0.9664547672286894
19 27 15 8 75772 1.060064351929418
21 23 14 20 46668 0.9925615793106577
8 27 19 14 73471 0.9546446827272428
10 21 7 8 47571 0.9396169506556661
10 17 21 15 48027 0.9838622871255467
10 29 12 9 71469 0.9763566033710744
18 21 29 18 49805 1.0664148549853292
10 7 1 2 49925 0.9147389653038344
27 8 20 11 30801 0.9670716072430291
6 25 24 12 96863 1.0999945170116094
23 2 20 17 59007 0.9803662833394001
23 6 29 23 81106 0.9168232888479103
4 13 14 23 57396 0.9691046565099658
19 6 15 20 71014 0.9068746959828828
2 15 13 2 70842 1.0162509709499505
1 16 17 26 96357 0.9583409956613939
12 9 4 15 41233 0.9367934976478717
11 24 21 2 89609 1.092259916794548
15 11 5 18 48109 0.9082008254686776
1 23 17 19 70220 0.9524543565572302
24 22 18 17 35533 0.9330049418911996
18 27 24 6 82568 0.9726136329730974
9 24 1 20 44816 0.9883193284554326
17 6 9 25 76306 0.9348653368601035
29 7 29 28 101501 0.9620783655859961
11 23 18 2 77542 0.9192314831465147
1 9 25 18 99396 0.9538715124020936
13 15 0 6 65816 1.0626562072678825
25 18 7 6 85724 1.0490706153273368
11 10 2 13 31070 1.0386081313495379
26 0 12 28 120660 1.0342304087107677
16 22 0 27 73156 0.9818353375305868
26 2 1 0 81089 0.9132785721789877
20 20 8 2 79138 0.9369821560104113
24 22 18 5 80236 0.9408442571226348
7 25 13 10 70236 0.9506765255832239
17 7 7 14 45964 0.9132913481714584
29 6 27 24 93441 1.0231146818069095
16 15 8 8 38491 1.0236024567105833
4 2 15 0 43588 1.0893935085521684
1 23 9 15 52385 1.0124043035111554
5 1 9 22 73289 0.9876161358450541
12 28 29 5 119940 0.9540453126534982
14 18 6 15 40783 1.012539993684823
10 29 19 18 67155 0.9065728075546297
7 22 19 7 76959 0.9285488291320265
6 11 20 27 86998 1.0129752580452052
29 12 16 8 53501 0.987853018342584
5 21 24 5 95141 1.0411566834044519
10 0 21 19 84838 1.0960447224389518
23 27 18 12 58745 1.0467130660718904
8 27 8 1 81587 1.0201863265826718
1 7 10 15 50846 0.9632928234627314
3 11 25 20 93369 0.9416143497020885
27 28 4 15 102089 1.01325984527927
9 29 29 7 116006 1.0923023790628805
18 18 19 6 52005 0.9416122645599125
24 27 24 7 78546 1.0574267604666083
28 7 3 21 104088 0.9376248502232104
18 7 13 20 58534 0.9737238837267455
3 13 18 11 45605 1.0960208945507153
25 2 2 23 123145 1.0740217512262986
25 2 3 13 85941 0.916355940243288
21 3 9 15 70460 1.0154099807089707
13 21 6 24 41835 1.0805171751050673
20 6 8 18 66934 0.9247133042048473
19 2 9 20 73918 1.0117655191132062
18 22 1 0 108591 1.0225427957292395
7 16 29 11 83535 1.0707750557716937
11 4 22 11 55510 0.93714334212377
2 1 11 14 66845 1.0422817866326302
10 20 18 2 71830 0.9785426015554995
1 10 16 17 68933 0.95290241342747
16 12 8 28 69196 1.0115644803209936
23 22 11 22 56682 0.9395197983437322
12 15 5 21 45419 1.083131191990282
28 3 8 29 127387 0.9535608747430413
15 17 20 22 33891 1.0887900684272864
9 15 20 12 34565 1.0036300958094848
21 23 8 13 67604 1.0817602654466516
5 19 17 28 63166 0.926125796372097
13 16 29 16 63010 1.0882546175006294
19 12 19 2 47771 0.9273007436781023
6 9 27 14 77729 0.9137455669822534
9 16 21 24 68458 1.085207290359234
15 14 8 0 56907 1.0174117525348747
4 28 2 6 78606 0.9908159818695255
24 27 4 11 103432 0.9243258580567998
9 9 26 23 89220 1.069541292126568
1 18 29 13 97731 0.9746200066229149
16 2 7 0 39444 1.0633592001388867
12 7 26 6 42871 0.9823162306035089
28 12 20 3 50066 0.9981515399303545
8 4 17 18 72710 0.9950087704908479
8 7 23 20 78187 1.070710832053473
6 7 19 12 52288 1.0263174103074462
24 23 6 21 91785 0.9304927082868699
8 1 10 15 45052 1.011625928297927
14 19 10 26 34421 0.9505169352421243
12 24 13 6 63787 1.076222670664608
14 19 25 22 48264 1.08240820660464
29 14 11 7 74379 0.9997106115063557
6 16 21 3 82719 0.9448155141958803
20 20 9 27 66133 1.0891029968311818
15 2 14 20 61667 0.9989820637257285
10 23 22 2 93803 1.0273643561150287
4 11 24 20 84186 0.9792251647674958
12 26 23 29 46848 1.0987485724716886
19 0 2 2 61601 0.9928484222967681
21 22 27 27 34338 0.99425961736215
17 15 22 24 40780 1.0745224288743402
0 27 1 7 79432 0.9839151087160801
23 24 10 21 66857 1.0427388311479742
15 26 15 14 57660 1.0304954855808255
14 4 29 24 112399 1.0573348110884937
16 4 23 1 31742 0.9604623305229822
28 28 3 16 109188 0.9050219084279584
22 25 4 29 70053 0.9403976165475644
18 5 0 9 69468 1.0573079721251037
19 23 11 8 66484 0.9076961038018134
3 28 22 17 88155 1.0117595202964813
26 10 6 1 85331 1.0059656739361547
10 1 19 23 91541 1.0039533163836898
5 23 19 23 67285 1.0483087338868666
21 28 13 7 85682 0.9792227735635815
23 10 26 18 39294 0.9308982274274884
12 13 23 29 73710 0.930971985261285
14 27 2 8 90619 0.9888462702325213
17 16 6 17 51153 0.9846736939224645
6 22 28 11 103318 0.9100354288734115
25 26 25 12 61809 1.038556361547117
22 3 4 28 121946 1.088403891678845
22 17 9 3 71773 0.9554905611862684
21 23 0 2 126615 0.9105413214176082
20 6 26 14 54136 1.0010698039166759
20 22 5 12 69521 1.0618044568520193
12 15 7 0 58548 0.9200256445318433
5 16 27 21 100462 0.9662425519846605
21 23 9 17 65338 0.9002896148472024
21 13 6 25 82659 0.9366685952090454
24 28 6 7 100906 1.055493336907217
3 26 16 4 101829 1.0237880824660897
12 22 16 4 70733 0.9337808066883819
13 8 2 26 82472 0.9682030754520226
12 5 14 24 70517 0.9276044686220362
25 19 10 22 66830 0.9984653960948615
6 3 9 20 59084 1.022974539727495
27 3 6 7 75239 1.0033222647855458
7 6 22 7 50419 0.9578007214364506
8 26 21 11 84117 0.9208206938895849
25 15 12 1 80025 0.9885964642245261
6 29 14 16 70126 0.9092882765933018
16 26 6 0 112951 0.954069928018348
4 27 11 15 56260 1.0276129767573878
3 27 25 12 107308 0.9150597125780582
14 2 0 17 77676 1.0150665848623306
29 27 14 18 74316 0.917030465521988
21 0 21 11 51086 0.9656592843381038
3 9 25 24 106247 1.0919392215337709
1 0 13 1 47213 0.9547509160999081
0 9 26 10 90585 0.996053804187627
27 4 5 15 85181 1.0866911010762843
13 23 3 0 93872 1.0863782586536987
1 14 11 27 63703 1.0228527107326557
3 25 0 12 54702 1.0066709656513797
11 0 5 11 51062 1.0379100027736736
13 19 6 0 71971 0.9944155728137414
2 9 9 5 35030 1.0375329224944259
24 11 10 2 65349 0.9656684691620885
16 4 1 26 103628 1.0122206675520933
21 12 13 1 51028 1.0362422594851943
2 14 0 26 46260 1.050956244203591
9 27 20 16 73427 0.9611725422179338
14 16 20 9 38410 1.0858508295901221
22 27 2 17 97507 0.9444220789514208
29 25 11 17 91883 1.0112736338625228
7 11 3 20 39895 0.9232725586966771
28 6 4 4 88199 0.9625642041233363
21 4 5 27 114410 1.0124008518494667
22 11 2 0 93489 0.9373839297155356
23 15 3 27 94980 0.9680108983575959
25 14 7 14 58343 1.0857520250793975
27 3 4 18 101989 0.9412221094128226
16 19 17 7 56519 0.9525456420249139
12 24 20 17 49543 1.0828695069726826
5 25 3 16 38810 1.0361963952644662
17 0 9 21 76892 0.96794228975177
16 12 25 5 56647 0.942015105557596
21 16 1 23 93504 1.084871121900507
8 11 28 3 77108 0.9757770320000403
8 23 16 10 66324 1.0659458852279544
7 4 12 27 88384 0.9094604561243846
7 16 22 13 53252 1.0423137789473256
10 25 20 17 61870 1.0795519388731882
0 5 13 15 69790 0.9248699123391494
18 14 8 0 63389 0.9011336706195575
29 24 20 22 46101 0.9935610903225339
22 3 14 21 90398 1.0813353351859076
12 28 22 15 64477 0.9403334054796615
0 27 25 13 112495 1.0647581576593166
9 17 27 22 77047 0.9503366978531589
17 12 27 1 67573 0.9050335089796965
24 17 10 14 51710 0.932409206200369
0 22 0 3 79949 1.0759152663962823
9 16 29 23 95033 0.9028335252334122
2 5 14 5 52127 0.9885086653611854
7 28 3 12 57104 0.9142130645026082
3 11 22 9 71214 1.0398286182984635
25 2 1 6 86537 0.9370884591683198
20 27 18 13 51083 0.9834551326724884
24 20 11 20 52166 0.9793718969737103
21 1 1 2 76269 1.0299478504880641
18 16 10 9 42131 1.053030571244808
0 20 21 21 86824 1.015099385194953
0 25 21 19 93616 0.9854274827813567
0 19 14 9 66146 1.0296913836498234
3 14 18 0 77201 0.999870289621022
2 6 29 11 98460 1.0694814718735974
26 18 9 20 69408 1.0012850381919387
6 24 17 29 55958 0.9717653294322248
9 19 17 11 50152 0.9676136159868047
10 0 27 10 77323 1.0752473288334892
14 4 0 17 74189 0.9808232675666531
29 12 22 2 46450 1.024670220723527
7 3 19 8 52825 1.0686663373732472
13 8 29 14 65780 1.0393497804069467
26 12 0 17 93194 0.9080873029625459
7 29 27 18 99486 1.0233453959106704
0 13 26 10 90912 0.9562469249554792
20 15 3 7 67064 0.913114806712477
19 3 9 16 65317 1.0903351113435562
6 8 16 12 42861 1.041009110393098
18 17 7 7 56315 1.056854337850713
16 10 11 0 45047 0.9042674182553148
27 5 13 0 55406 1.0580388262244225
4 0 18 27 113338 1.0499869183351378
24 13 11 11 45079 0.9668451383814833
20 11 24 26 56704 0.9471792141268133
2 8 5 23 50281 0.9039106786588018
7 4 11 10 34270 1.059796212902035
20 3 8 21 90851 0.9046649792016014
19 20 10 25 52106 0.9622109025232078
0 7 14 8 45036 0.9394772659827261
25 0 16 6 51594 0.9827234413715673
29 11 16 6 58430 1.0376961615816658
8 28 23 16 77842 0.9763071612226571
14 22 28 28 58759 0.9408022826677037
16 2 10 12 43101 1.0075977226856685
6 22 1 0 84638 1.0119739748221785
18 27 18 13 40018 0.9163362119270739
27 2 19 6 35018 1.0310285999598585
17 0 8 11 54193 1.0555704548878408
0 8 12 5 46905 0.9059734055440466
26 16 23 7 49034 0.9421082094516801
5 18 1 28 42578 1.0408611551325968
22 18 0 6 94664 0.9050122349980201
13 12 11 26 48817 0.973185659907824
19 22 14 11 47757 0.9789529391606194
24 16 24 26 42755 1.062150452181623
23 8 1 8 62079 1.0079817079541824
18 29 12 2 95310 0.9739118635168782
11 15 18 25 53711 0.9027970292916188
28 10 21 21 61107 1.0648905030170805
26 13 28 21 47704 0.9432969261028148
2 18 17 22 72339 1.0113066066710628
21 20 2 21 82508 0.9606396303521066
12 8 14 18 36532 1.0285872498249073
25 11 9 3 72869 0.9076305888656532
9 20 12 13 26993 0.9954211532780635
19 18 8 24 57987 1.0072292833480718
22 28 12 11 77070 0.9233978151082483
6 11 27 20 90373 1.0388457528928627
22 4 5 4 71519 0.940630680063693
21 3 23 24 82549 0.9119208542788577
6 22 27 6 100838 0.9441211142069059
23 22 12 13 56378 1.0953566622133921
19 13 1 13 47685 0.9983497468524044
0 21 10 26 52241 0.9896247217988796
5 26 28 2 125863 1.0943993785024573
10 12 28 5 67698 1.0642623679379375
9 12 15 2 41381 0.9440082874319273
4 12 22 22 76845 1.0468405720878904
5 18 13 14 37845 0.906652875966511
2 4 3 19 67013 0.9145474286850499
6 26 1 9 73670 1.0554985223913187
2 25 28 24 102810 0.9885263735502636
19 20 9 21 45061 0.996660109206733
27 8 6 7 62225 0.9883124230999799
15 17 12 4 55199 1.0513080365940246
29 27 7 2 128164 0.9534309685151727
0 22 21 8 93974 0.9344761226343363
15 5 14 23 69562 1.009777491194909
18 12 27 29 68976 0.9118319192652328
8 29 15 10 77994 0.9160299329991671
17 16 8 11 46077 0.994983483513961
5 6 24 0 76202 0.9154698680649229
10 29 19 8 88452 1.0285510024532505
28 0 5 23 123570 1.0187962836214572
13 12 25 20 64184 1.0004935177179062
23 27 29 13 65411 1.0465602906839968
22 27 28 12 59618 0.9788252497711518
18 5 17 28 86131 1.0034273154453959
8 22 0 8 68103 0.9410054926828694
28 22 20 17 40751 1.0893022343113696
5 14 26 28 93845 0.9539393018266227
0 21 22 7 97785 0.9996925815683899
14 8 25 19 71096 0.9299784616192693
1 16 20 7 78707 1.0976940572633906
4 19 11 2 65392 0.9842991699639786
16 9 12 0 35828 1.0333516920277912
11 8 4 20 49645 1.024531610202176
1 13 26 17 80068 1.0540559116851287
8 11 26 3 67989 1.0079101670873407
14 13 5 28 65914 1.0651791936186863
22 25 4 9 92596 0.924284227060603
6 11 19 13 40278 0.9239696313674287
25 2 9 8 57705 1.0159079079346003
28 13 16 19 52385 0.9704594302688526
27 4 16 23 95941 1.0899438483520947
15 5 0 29 111870 0.9881568526702591
15 22 24 23 48385 0.9266322444501702
18 2 25 18 77799 1.069717534608565
19 8 28 14 49946 1.0662671504287622
0 1 8 29 114038 1.0482113745052637
29 1 5 28 140736 1.031837543852407
10 18 21 17 44283 0.9554237010050474
16 12 8 10 34300 0.9862091404710808
3 25 7 13 47872 0.9982999509831659
24 22 19 9 60344 1.032337652671997
0 6 8 10 40192 0.9265925092710641
5 14 19 8 51320 1.0882590208416456
19 18 5 20 56076 1.0198589387071477
14 11 6 18 45796 1.0365184877154319
13 11 20 17 42790 0.9541182832049278
18 23 4 18 66976 0.9852990637504587
15 23 5 23 51674 1.0201674423124918
6 24 25 2 113728 1.0559178593272545
16 28 6 29 40219 1.0298779523667387
9 29 8 4 76359 1.0600577514863585
1 6 9 26 86506 0.9710658212285004
27 7 22 16 46661 1.0231528667926735
0 12 27 15 92984 0.9824957896665676
22 2 2 5 82782 0.9172469854732961
6 12 25 26 91813 0.9648147891289611
8 1 28 12 91166 0.9367882228634574
4 19 29 17 89241 1.07520371701202
29 29 28 8 95293 1.0961963474072698
6 0 7 11 44182 0.9876123142821395
24 3 3 18 102954 1.06522726623473
7 27 26 11 108254 0.9669753249289978
21 29 8 19 73872 0.9566150524513011
20 20 7 19 49697 0.9120216119400546
0 2 1 12 49421 1.0468507182626754
15 1 1 13 66363 0.9692284760581567
5 29 21 9 104268 1.0130105278511805
29 29 11 20 80129 1.0574128807346592
20 9 10 29 92992 1.0428414558697034
19 3 9 18 71868 1.072183674146115
10 0 25 22 109153 1.0707537933366953
1 28 14 23 60605 1.0599396188004637
2 9 15 9 48899 1.0892497324542263
10 22 0 16 57893 0.91339688008954
26 3 16 1 31829 0.9431752590544014
18 9 26 18 61110 1.0084972150323037
3 27 8 20 42565 1.0634073088951208
5 9 6 28 58614 1.060665274620283
6 12 15 10 37741 0.9353846679725234
26 28 10 27 51376 1.036401083997422
28 26 27 5 99154 0.9754480416368724
25 5 1 14 92944 0.9253952709095381
26 5 2 1 87047 0.9646829755554562
16 2 18 19 64872 0.9991848842663866
16 10 23 15 41430 1.0288294245393415
3 24 28 27 86929 1.099014667487216
4 3 3 29 88905 0.933552626605731
0 22 22 19 86536 1.0225235978778828
1 19 27 27 106517 0.9595282762577827
