3737 5213 4686 3314 6369 6652 4641 4469 4363 4181 3273 5176 6012 6574 3542 3675 4578 4667 3858 3891 3711 6657 3281 4602 5326 2928 4762 2977 4776
3950 3511 4680 4527 1637 2851 3094 1851 4536 5252 4152 4957 4518 3180 3888 2684 4966 4298 4664 4820 3615 2873 2842 4843 2121 4531 2677 2785 2938
5919 6555 3922 3537 4426 5392 5407 6416 4379 4518 5512 5869 6060 5835 6174 7168 7019 4043 3996 5124 7264 5356 6787 6268 5026 7081 4747 6393 4813
5279 6584 6161 6200 6953 6599 8797 6964 5237 6288 5838 5661 6234 6307 7842 8820 7783 8564 5223 6434 5664 6151 6492 5476 5970 5350 5173 8103 5504
5379 5813 6171 4005 4678 6484 6398 6979 7320 7208 3625 6205 4302 4169 5277 6165 5010 6094 4250 3683 3930 4864 7361 6776 7017 6070 3955 3641 7033
3592 4686 4923 2397 3110 2734 3810 3992 5617 5374 4024 3885 4921 4351 2563 3878 2912 6030 4850 2641 2375 5598 4296 3052 4002 3568 2614 4713 4693
8668 5150 6330 7765 6589 5623 6706 8070 7886 5478 5375 7969 7496 5492 6313 6774 7064 8135 7658 5855 6410 5576 7392 7190 8480 5600 6473 6357 6512
5073 4120 3364 2544 1454 1875 3216 3355 5031 2443 3647 4405 3605 4471 4855 3438 1706 4278 4984 3434 3873 4132 4415 4469 2089 2441 2334 2018 4320
3916 5794 6630 6552 6071 5785 6001 5957 3793 4699 5515 5680 5052 4596 3607 6959 6348 3713 4278 5536 6796 5489 4827 3698 4521 6961 5506 6115 4495
2678 2908 2936 5378 3748 4820 5098 3147 3477 3378 3756 3477 4490 4866 5466 2809 4239 4569 3386 4655 2669 4731 5602 2178 4547 3640 4247 4670 2349
1947 2670 2134 2013 4021 3567 2137 2589 3336 2426 2048 4806 1976 4037 2186 3674 2268 1705 2570 2369 3024 4150 4476 4974 1770 4129 4930 1639 4966
5638 5729 3745 6196 4599 4618 4711 2924 6183 2935 5207 3782 6130 5448 2893 3699 2919 4722 5137 3675 4559 4132 6190 3003 3602 3770 3367 6021 5621
2089 1871 2175 3797 2416 3991 5078 3661 4968 2873 5524 4054 1737 1859 3085 2450 3510 2107 1865 3153 4496 3939 2843 4087 4530 5451 3488 3485 3348
6399 5444 4812 6424 5545 5740 6692 5991 3984 3512 4129 6245 4877 5626 5798 3062 6342 4457 5831 6623 5871 5011 5312 3719 3252 5440 4463 2970 3420
2817 4141 3812 3720 5177 2547 3815 3447 4633 4677 4294 5664 3285 5261 4689 3822 4398 3544 4589 5207 3752 5433 3025 3098 2829 2763 2860 2648 4604
4153 1680 1742 2161 4534 3938 4632 4203 1958 4612 4118 4629 1405 1758 3330 1954 3054 2104 4831 1775 4894 3416 4184 4093 3592 3336 1716 1442 2477
7450 4822 8009 8048 7694 4590 7494 4411 5422 5220 4575 7494 6733 5859 6842 5880 7040 7613 6562 7858 7472 5744 5445 4454 5154 6535 4960 5418 7114
4277 5229 5344 4559 2967 5403 5033 5764 4821 2629 5116 4286 3086 3037 4553 4541 5689 4830 6126 4079 3766 4774 6140 4290 2542 4322 5599 5517 4274
8468 6448 8519 5426 5676 8147 7851 8679 6160 5615 6690 6828 7376 6475 6220 7236 6032 7450 7569 5657 5597 5347 7644 5783 7538 7023 6720 8677 6927
1910 1747 2254 4981 4467 2237 4395 4956 2168 2351 2508 1597 2490 1640 2682 4217 2912 2519 3967 2971 4445 2007 2637 2796 5045 4231 1808 1729 1548
5584 7233 6415 7319 5111 7331 7745 7289 6763 7946 4948 4379 4617 6124 5860 7133 7076 4770 6695 7492 8183 8094 8060 7717 6629 6533 4936 6795 6796
7590 5321 6860 7463 6670 5528 5660 5871 8803 5990 8431 6881 6387 6798 5337 5235 8123 6788 7967 7995 7800 8935 7816 6036 8414 5879 8255 8879 6760
4244 6417 2922 5790 5843 4761 4881 6418 6513 4225 3693 5753 3522 4572 4346 5737 5998 3496 5810 5283 3249 3493 5772 5781 5672 5067 3995 3867 3273
7271 8519 5955 6983 7320 5590 6712 7943 5056 7387 7383 5020 4717 5459 4845 8423 5277 7931 7615 5716 5465 8253 4788 6906 6342 8177 6271 4824 6679
2746 2427 4341 3638 1239 3008 2923 3310 3809 3066 1934 1853 3085 3053 1870 3188 3745 4696 3194 1703 4177 4255 2373 3498 4810 4745 3336 2443 3837
6103 5761 3167 4084 3103 4435 2997 5384 4907 6642 5206 4650 5180 4360 6433 3288 6387 3025 5206 5212 3702 4293 3992 4219 3415 2841 5360 6235 5462
4871 3824 4551 6401 5241 5768 6880 4107 3884 7357 6564 3959 4681 6083 5192 4717 5448 5259 4230 6068 5409 5341 4404 7279 6580 6783 4899 6333 4038
3993 2157 2820 2414 5093 3253 4329 3015 1636 3513 2536 2715 1793 1780 3172 2824 3771 4518 2766 2837 2492 2188 3640 2659 4836 2167 4447 2016 3784
5445 3211 5638 4979 2559 2717 4080 2284 5049 5376 2988 4376 6019 4747 5703 3205 3369 3165 3537 5056 2441 3731 2783 4940 5167 2737 3018 2545 3670
3639 6429 4372 4443 4088 4071 4002 4349 6011 5853 2826 4941 3793 5809 5838 4692 4321 5140 5780 3274 5477 3338 3697 3022 4950 5704 2762 6031 4452
4740 1552 4539 5980 4290 3628 5617 4264 3915 4478 2310 3747 4123 5842 3159 3141 3954 3736 6967 4938 4945 4351 5512 6527 7251 6709 3836 6262 6259 5000
7359 4849 4678 5546 2737 5647 6829 5018 5321 5316 4794 2849 6634 6569 3541 3667 5405 5468 6592 3125 4517 2081 6371 5261 5578 6709 5457 8069 4782 3970
6134 3674 4151 4509 4644 5083 3949 3781 4881 4467 3456 5664 4869 7428 4674 4679 4487 2397 4214 2183 2526 4155 5204 7831 4839 6387 3565 6265 5480 6558
4586 3478 4548 2577 2682 7251 5881 3558 4777 7083 3057 4783 4134 5141 3973 5298 5616 4718 7653 3065 1760 2778 4009 8279 4794 7412 5518 6402 8305 4747
7478 2922 5113 4022 3341 5731 5402 3698 6558 6160 4796 2489 3928 7511 1840 3950 5125 2653 6694 1938 4130 4138 6497 6648 5715 6963 5106 5909 6331 6382
5602 3998 5286 3148 2722 6600 5050 2485 3265 6225 3711 5133 5319 5709 2359 2949 3992 2353 5409 2048 1641 3355 6230 5717 5637 6355 2684 6931 6805 6933
6159 1823 3942 4349 1540 4243 3997 5654 4484 6046 2360 3574 4311 8324 4828 3837 5651 5420 7725 3318 1682 4212 7593 5502 5873 8859 5402 6926 6654 3401
5302 3646 6278 5644 1592 4071 6779 2818 6028 6059 2860 3911 7002 4872 3335 5783 5580 4678 6663 1478 2288 4284 5645 7652 7077 7117 5714 7262 5524 6039
6395 1475 3268 3791 1910 6556 6616 2037 3362 5621 5051 4838 5329 7792 4466 3974 5299 5678 4222 1306 3920 3356 4972 8241 5347 8846 4794 8007 7951 5571
5591 1943 4550 4419 4544 7023 3954 4773 3183 5798 2862 3510 5711 5310 2717 4063 4039 5365 4276 4358 4395 3858 4765 8492 6002 8503 4898 5458 8322 3358
4543 4385 6065 4981 5066 3966 3320 4091 4890 7247 4143 4617 3697 4961 2060 3986 6402 3836 7507 3828 2458 5216 4459 6539 4460 6275 3684 4948 8328 3557
5936 3553 4631 3520 2823 3651 6025 2353 3924 6163 2799 4292 5464 8374 3088 2937 5490 4271 5546 3607 5379 2573 6213 6794 7947 8827 5040 7285 4977 6560
4429 2131 3361 5784 1895 3791 5168 3854 6374 3712 2721 4388 5966 6023 4661 2380 4906 4518 5428 1562 3375 4807 5219 5175 7204 7558 4122 7546 7125 3309
5573 2272 4693 4980 5275 7117 6919 3821 3179 6619 5064 3066 5562 7319 2250 6049 4420 4265 5861 3254 3872 2545 5777 6144 7934 7106 5749 7706 7874 6770
6379 2744 5840 3621 2324 4925 4572 2607 4321 5785 4499 3255 7402 7136 2021 4079 4642 2223 5942 2360 4676 4084 6913 6506 5752 7548 5007 6105 8162 6809
6287 2130 4437 2990 2312 5056 5214 4252 3457 5859 4236 3337 4001 6549 2787 2584 4910 5676 6028 3931 1739 2976 4723 5645 4958 6221 3306 5976 6568 4893
5987 2380 5178 5110 2158 6277 5732 5680 5039 5640 3844 4929 4787 6682 3847 4424 5188 5647 7039 4902 2894 5221 5393 7902 7828 6683 4219 7792 6262 5288
5604 3160 3944 3322 2152 4374 5399 5014 6523 4642 1574 5247 5606 4964 4758 3062 7498 2922 7185 2799 5111 3540 4729 6324 7028 5764 4435 8563 8178 5918
7589 1986 3949 5324 1756 5215 6740 2561 4522 5091 1425 4779 3818 7878 1349 4772 6072 3513 5082 1633 4008 3939 5255 6302 7118 8741 6199 8447 4934 6320
6333 1766 6445 3454 3511 5752 6463 2283 6518 6478 3287 5621 6467 6920 2631 5284 4423 2216 6554 2480 3410 3510 6797 7966 7621 8896 5523 6486 5384 4775
7531 1841 5333 4815 1859 4215 4697 4145 4528 6668 4952 4646 4970 5667 1069 3445 4619 5687 6224 4295 3764 2353 5952 7094 7487 7379 3138 7101 8106 5445
6083 2825 4779 4978 3855 5190 3704 3911 4033 3788 3502 3491 5569 6056 3419 5564 7584 5478 6779 1884 5045 5423 4004 7046 6121 7657 4955 6224 6057 4597
7555 3135 4749 3416 4820 4849 5636 2156 6693 4893 4886 3912 6028 7385 2624 4214 6705 4905 4326 2849 3654 3274 6729 7648 6514 7806 4818 7392 7827 5621
7397 2857 6261 2612 4030 3786 3714 5505 5841 6925 4071 3038 4831 6571 4049 3678 6421 2585 6806 4225 5354 3918 3981 6345 5509 6990 2671 5130 7770 3880
4421 3616 6171 3215 4126 5185 6632 2594 5727 4018 3336 6146 7215 4944 1902 4284 4116 3503 5099 2764 5377 3806 7526 8251 7675 5153 2538 5193 7659 4550
4129 3898 5584 4046 3828 6305 3899 3482 4340 5857 3020 3049 6080 7616 4443 5227 5751 2559 4213 2835 5268 5076 5926 5107 5483 8331 3514 7588 7971 6784
4889 3978 4534 5471 2051 4657 3843 5347 4200 7041 4596 2620 5734 7496 1143 3516 5892 4371 5237 3303 4729 5604 6213 5555 6407 8280 4297 5100 7131 6524
4178 4478 6899 5275 3040 3440 3525 5178 6709 5370 4866 4222 6489 6000 2123 3122 4167 4317 6433 1671 3513 3695 5336 6311 7643 7394 3152 8442 6129 5993
6693 4417 3235 4836 3744 3829 5520 3641 3940 7025 3451 4663 4912 6788 2429 3115 7433 5631 5245 1682 3406 2895 6055 5180 5850 5964 3486 5919 5531 4568
10 29 0 7 107102 0.9239136877830338
14 28 22 4 98559 0.9408888651030302
18 15 15 26 47303 0.936772863974747
21 2 7 12 73763 1.0208272894614008
8 20 25 12 75142 0.9122388666635685
29 2 0 8 105263 0.9939284968432147
23 12 12 14 41592 0.9275632427364496
22 15 5 7 75091 1.04556481087918
10 1 2 13 65208 0.9207518242784308
20 3 18 14 38593 0.9364829149698402
5 5 1 22 79853 0.9342309543854186
8 16 23 22 69653 1.0935446793837942
7 0 5 20 74621 0.9201182931524209
19 12 9 12 42675 0.9115583418283075
6 27 27 23 104923 1.0806857336666378
22 5 5 6 58981 1.0025333685958717
25 13 29 21 38683 1.0349182242460113
22 1 23 22 74487 0.9874648163243168
15 27 6 17 63441 1.0692066554028175
6 1 17 11 62159 1.0936938291508997
23 8 1 2 91711 1.0359059756514246
28 13 10 28 98835 0.909236767122593
29 11 2 0 113844 0.9055220380707064
17 16 21 6 44855 0.9726890066261299
2 4 11 20 68518 0.9436803961855726
3 8 18 9 70717 1.0563783802371902
29 16 19 25 62861 0.9598131662974407
2 6 1 16 44941 0.9300200237362289
6 5 7 21 62859 1.0730128582950194
11 8 1 20 62754 0.9182237558736807
7 17 15 19 31015 0.9053316528356391
7 14 28 6 83461 0.9211623111217286
23 14 10 12 42577 1.096117604080534
4 16 14 10 53817 1.0478805584892534
2 14 10 6 51547 1.0530941074803406
16 7 25 26 86718 0.9755743676527383
29 13 9 29 110650 1.0770543712543108
6 23 20 11 79070 1.0123831077381145
18 14 27 8 36602 1.0471159437571806
26 28 29 4 85326 0.9296077851845571
14 9 20 16 39812 1.084217822419799
8 6 17 27 95836 0.9402651795549317
2 25 24 15 103700 1.0879638404430558
29 3 18 2 44700 1.0924586573082198
23 8 2 14 89163 0.9678162740587632
21 0 18 17 62312 1.0440335522507314
10 16 6 23 35041 0.9586857225027549
28 3 0 28 153812 1.015998531133111
1 25 21 23 94073 0.9587122935490457
20 11 0 6 88286 1.0576635254161064
8 11 27 3 82850 0.9454348225385213
1 13 26 17 90391 0.9900864596188887
20 18 18 8 34073 1.0130491059604894
16 9 10 18 44837 1.0521269012267134
4 24 3 6 91167 1.0215093214474993
18 12 5 3 68379 0.9239444397522713
5 28 23 11 106738 0.9424592656009925
20 29 6 15 84225 1.0886312891509298
12 14 5 23 43719 0.9005125850616602
24 9 9 26 95797 0.9312169803620277
1 15 20 29 98271 0.9400318754396326
17 19 10 6 57186 0.9039043648733589
3 12 23 27 116222 1.0880943338878328
15 6 5 2 45483 1.0746264983747325
10 27 17 23 46912 1.0137485893246447
19 5 3 26 110980 1.031927835696775
29 0 26 13 54560 0.9959562300606436
7 26 15 21 48269 1.0328341883666803
27 11 11 16 58921 1.0043099531563346
17 18 4 3 84629 0.9682978225191918
12 2 5 24 84550 0.9621545143438767
25 28 2 18 106298 1.0885230583632213
25 8 3 6 88419 0.9455733705759027
3 12 12 19 49972 1.053885370043218
26 3 29 13 47909 0.9207481304543924
28 11 29 23 46282 1.0377102570517034
15 29 9 11 70252 1.0369587645928766
4 8 15 24 88781 0.9728321312643492
19 9 4 22 75086 0.9048419370965546
9 29 18 10 87390 1.0100062804410896
0 9 13 11 53230 1.0720687655556502
24 11 8 19 66671 0.9408254415513218
5 0 24 22 114952 1.0051637934935092
9 12 2 28 81007 0.9681041346954252
17 13 14 1 51902 0.9901229918898651
16 17 2 15 62289 1.078306901621239
17 21 12 1 73964 1.0941922641746185
5 0 15 4 37145 0.9680928271386655
0 21 9 14 48897 0.9273771113163595
4 21 16 15 49550 1.0360392886253729
4 24 24 29 107941 0.9673856927992667
29 23 29 3 74077 1.0887895643990122
21 7 2 4 66263 0.9044626662585414
8 3 21 21 89680 1.0677911082525045
13 9 11 22 46778 0.9564782095486988
19 22 28 9 64707 1.012807902703298
10 27 27 9 102663 1.0257701360737561
14 13 29 11 56476 1.0831332306675907
15 25 1 1 112520 0.9529604033369296
3 7 27 14 92162 1.0126855945308688
19 20 22 1 63491 1.060153007206516
29 26 28 14 46631 0.9978760362018244
24 12 25 2 31162 0.9781235443223251
8 28 6 17 49411 0.9670473221161747
7 24 17 13 63619 1.071776291614447
25 27 2 17 104801 0.9423705742254934
3 12 22 10 74861 0.934718042030215
2 22 0 2 84690 0.9634972297312487
10 26 1 23 54633 1.0875307861440318
28 13 10 24 86367 1.0550361437497133
19 13 7 12 47055 0.9278560517534032
27 8 4 8 93906 0.9291356608927994
15 6 25 1 39751 1.0373356496855293
18 7 3 13 75947 0.9286208901342051
8 5 18 2 47370 0.9921802349034575
8 26 21 3 114647 0.9174228974141739
2 13 20 28 102315 1.0689346125578862
23 1 27 10 39965 1.0714362959726378
5 28 26 20 99393 0.9426499809072865
4 9 21 19 86283 1.032211618758228
7 0 24 16 88842 1.0722450871473048
4 17 25 0 110903 1.0603293516393568
22 7 9 17 68167 0.9382683838388537
13 26 2 7 97720 0.9951599859409699
29 25 19 3 98814 1.084649932277012
29 6 10 1 69547 1.0934981020428556
9 2 21 11 67246 0.925777339338229
14 19 6 5 61786 0.9817326874792941
22 26 27 20 35820 1.0201427314824345
25 4 28 12 37852 1.0097806799721183
3 26 13 10 80860 1.0285344372704401
29 16 12 8 74820 0.9643481771987812
18 11 9 0 61528 1.0116686670854562
11 29 25 5 123136 1.0377915037072978
27 4 13 14 67955 0.9442237505529821
25 6 8 13 78093 0.9924802202750737
3 10 18 12 62925 0.9435604154207472
1 25 29 1 148558 0.9981279973369656
19 15 10 23 55351 1.039995068324294
21 5 10 29 109960 1.0934860066433143
4 6 15 27 99169 0.9165696699975562
3 7 12 15 53099 0.9771479648602457
13 23 25 6 90230 0.9268816932121972
13 17 3 23 51702 0.9973343834799421
20 11 15 21 45683 0.9091288033441597
21 24 0 9 117504 0.927870872980169
21 14 28 11 28090 1.0433049695972783
3 8 10 0 44946 1.001929344457735
16 13 6 8 55427 0.9516012451873888
16 2 8 28 109063 1.0058401675589073
22 13 14 19 42065 1.089759175109916
21 12 8 3 72100 1.0249731671392361
22 14 22 4 42803 1.0159019712338435
5 9 27 14 82038 1.0187703934839327
12 17 22 3 74542 1.0186692951587384
10 18 13 11 27019 1.0845347812178747
8 27 6 19 37767 1.0176707448330322
24 26 17 1 97510 1.0882266613921594
20 26 12 24 48541 1.0953755490096533
6 18 17 18 47688 1.0013777615205295
26 29 10 1 133776 1.0303207667090248
5 27 14 19 51655 0.9626199630016561
10 24 16 10 61180 0.9825711313758229
21 22 29 28 54735 1.0800035888590542
26 28 12 8 112183 1.0760418670632088
9 21 8 12 38485 0.9669111025325026
5 8 12 27 87563 0.9003042129380413
6 24 16 16 62848 1.0962774966528128
10 1 20 0 32091 0.9442759444487263
12 6 28 9 70913 0.9552551758397265
4 10 15 21 66174 1.0997919714413924
2 23 20 16 81185 0.9545855121235066
16 28 27 26 54365 1.0665612513101397
2 26 24 8 120795 0.9787681363656479
14 20 4 25 55296 1.0602543741469996
9 24 4 4 78127 1.07608931734722
0 18 20 7 90832 0.9212101916789163
2 10 8 19 51017 1.0839801368422886
17 20 28 20 39496 0.9721201442006593
18 3 7 1 36993 1.0113594207982575
0 27 6 5 103644 0.9110247253971014
7 3 17 14 59617 1.0064460389053134
4 0 22 10 82547 0.9594484819264599
15 22 29 23 64810 1.0335644773940293
21 4 27 26 85343 1.0241258876898989
18 9 19 28 59241 0.940025873502228
10 4 27 12 75789 1.0379815125476255
29 0 15 25 120488 0.9192662075527496
13 10 7 5 31701 1.0202270820967865
26 4 29 20 55392 1.0218603543161004
25 24 18 21 38727 0.9087845098025243
11 8 24 24 89854 1.049194174154911
5 14 12 23 48849 1.0239324582448917
3 27 9 7 89077 0.9008588138601804
5 13 4 26 55222 1.0504246679489386
15 11 12 25 52789 1.0505176878468843
4 6 7 17 54307 1.0560117264076687
25 19 8 1 94522 1.0187028621025522
6 9 25 25 111079 1.0005702675593684
11 7 29 24 102796 1.0113128315122557
0 16 10 12 48122 0.9335566402243992
28 7 4 24 117605 0.9258390524447583
27 23 7 1 114407 1.0695091603079487
28 6 18 4 38152 1.0920985626355486
3 0 2 20 90481 1.0977919813872767
26 24 6 7 117137 1.0575682263998458
12 16 10 2 45430 0.9096111794562179
18 16 20 2 55460 1.0441433440081864
25 9 1 26 116661 1.0223991345780246
24 1 13 5 40807 0.9390921016193814
21 9 8 17 68260 0.9204146536041283
18 1 8 20 82702 1.0723551949234713
21 4 17 19 54908 0.9076690214618676
27 17 20 12 39157 1.0968012110603256
29 9 13 17 71649 1.0560736812152829
24 14 3 12 72763 1.0292128587350333
9 1 23 3 45871 1.0430738828023187
10 8 4 19 45478 0.9400174469062761
9 1 17 22 79649 1.0538146361147094
13 9 6 16 49017 0.9569475109037812
18 23 2 10 92723 0.9933824931268272
9 27 24 11 95044 0.9489350498871542
28 23 11 20 67663 1.0161759270586264
25 28 7 2 135262 0.9141843327971672
15 16 10 5 46286 0.9429229893531449
5 12 21 14 57498 1.0376690463306397
12 6 26 26 107545 1.0328805509200323
10 3 8 27 85449 0.9777382246937967
29 28 17 17 72621 0.9455992467152912
5 12 24 2 85614 1.0179633241311041
0 9 1 22 55106 0.9354275634507794
4 9 24 7 84742 1.0309284136359416
20 19 6 11 67316 1.050138877352454
25 7 5 11 81242 0.9582858277797315
15 15 19 23 34240 1.0174448148344788
18 15 29 11 43907 1.0425291114406705
27 17 15 9 54973 1.064741542258833
16 3 8 21 76610 0.949086829769147
15 2 26 22 91480 0.9175097439208668
0 24 29 15 115607 0.9964778473299362
19 0 18 20 62977 0.9652188660188838
27 2 3 21 118591 1.0549165803463763
7 5 0 11 43677 0.9588450793419135
16 15 15 3 43862 0.9818482910377947
23 6 25 27 76899 0.9323925041810208
23 11 15 19 51411 1.0292845283217784
13 11 24 9 44840 1.0185039136549667
24 16 13 12 46365 1.0961870789759525
8 23 25 7 98643 0.9941756150662566
29 1 12 6 63864 0.9680194601096311
14 1 2 19 81298 1.0436675887638356
16 3 27 3 44023 0.9512005834343118
25 21 5 3 106700 0.9400941999257673
3 1 26 12 98849 0.9672436205606127
26 3 4 6 77619 1.0397160418857216
29 26 11 25 79939 1.044449894250801
5 4 16 17 68715 1.0626899122196534
18 7 4 4 55070 0.9183292743000507
1 10 23 28 134486 1.0478270977737603
5 4 21 6 55637 1.0538990146235063
9 26 1 24 44892 0.9523014192007306
29 2 24 24 82864 1.0772176515856227
3 3 14 6 44087 0.935035196155078
9 10 5 1 37251 0.9979869733035647
10 16 26 0 91181 0.9492708113745276
8 15 28 8 79006 1.0755963535571487
15 10 25 1 55156 0.933526439760556
7 20 24 13 66645 0.9531667888840355
0 10 27 23 122179 0.9740628401162399
15 29 6 22 64217 0.9586185042588425
8 3 3 27 105284 0.9385932890021926
15 25 22 28 42973 0.9939176099856162
2 1 25 28 150298 1.008562220812868
13 17 3 17 43490 1.0567892581015816
1 18 14 6 78866 1.078709287228863
7 0 0 26 111194 0.9072088456094978
16 29 12 17 46966 1.0717927099027962
5 28 16 8 92537 1.0446184823160976
18 0 29 27 114367 0.9412802930703548
19 26 25 4 85627 0.925792608074371
18 15 6 6 64507 0.9916291601868272
23 18 15 12 46918 1.0540977741363975
10 24 7 13 46385 0.932255559617503
8 24 22 8 93678 0.9242489676010928
3 15 7 23 45302 0.9713206069938213
5 17 1 10 39931 0.9041008559382524
2 4 23 19 101059 0.9297528652495748
13 14 4 7 51460 1.0636402750535408
0 1 5 14 63705 1.0981443775020987
12 24 8 4 72628 1.0489439876896314
25 11 17 24 71707 0.9532295640719188
5 19 5 1 73978 1.0031193959651683
29 3 24 10 38587 0.9592268990815467
9 20 17 0 79899 1.0779188822315464
14 5 18 26 83602 1.0921133492447368
3 6 16 5 56408 0.9510586113656619
18 17 3 14 60181 0.9576675465386921
16 28 0 29 88009 0.9951961856415728
2 9 12 18 61495 0.9588679682673367
14 29 23 11 88526 0.9864596959261676
17 15 6 25 71975 0.9943473709123212
8 19 19 10 53123 1.0042391369440349
7 28 29 1 142800 1.0226865751262029
26 14 13 9 52526 1.0022314560023904
27 24 13 13 74785 0.9802356965258502
19 28 17 9 57829 0.9332436328058423
14 20 28 21 51246 0.9668757280954885
12 24 4 1 88798 0.9362698765859007
13 5 27 29 115570 0.9620694315285956
19 7 3 17 78960 1.0974423268255338
1 14 22 10 78530 1.0032689037601072
8 11 22 11 56135 1.0741491180085372
22 23 6 23 80999 1.025914986281154
7 27 11 12 56442 0.9622855467146786
4 5 22 29 127909 0.9875687974308224
28 13 19 26 68579 0.9539743184479591
2 4 5 27 97722 1.0163650127507635
15 0 6 23 96999 1.0835247557638932
22 5 14 0 34590 1.021976976802728
29 28 8 19 93240 1.0510923807594141
16 0 9 20 80692 0.9223906673454689
29 3 6 20 111067 0.9625247582396291
3 8 10 2 40329 0.9540084356261711
3 3 1 24 86304 0.962273197584199
0 6 18 8 78481 1.0042806383918215
28 22 2 25 113847 1.032940600839282
18 8 7 29 97167 1.0435135290811874
6 28 26 13 108445 0.9453298352124548
10 8 29 15 74991 1.0099674012193958
4 1 24 0 55718 0.9792254485723525
3 16 13 25 66303 1.095877905789853
28 6 8 15 83166 1.0424221939805935
28 26 21 9 75157 0.9651986915099108
25 24 12 25 68387 1.0439596317695443
9 9 7 27 65839 1.0897275126956034
17 8 21 19 41756 0.9234824029337089
11 21 11 10 38799 0.909495064094826
20 6 1 6 69128 0.9519331966977688
19 10 1 28 99557 1.0862819739920304
24 13 29 8 33622 1.0856277291535337
1 6 26 6 88794 0.909668156392859
20 24 14 9 67264 1.024924017577784
11 6 19 24 76766 1.0492943911112955
7 9 0 4 36887 0.9090378431225116
6 24 28 17 94222 1.034617198066344
7 20 27 11 77368 0.9916235164198516
5 24 12 9 62818 0.9458461516310064
19 16 29 26 61490 0.9226700216882785
16 7 1 12 70800 0.9698651176416727
0 1 13 13 77024 1.0816572526107053
2 23 24 11 100495 0.9526266343388966
11 10 24 9 49926 1.0976669376136752
7 3 20 16 75898 0.9418367159322978
10 14 25 8 62529 1.0242250474783643
20 12 5 26 86611 1.014926730518645
7 4 25 4 56008 1.0025875458168367
8 6 10 29 81827 0.9099432139140674
19 20 25 11 47197 0.9090242852412097
0 0 24 25 142253 1.0083172639687117
22 14 0 12 77494 1.0605428981235647
3 0 22 23 125172 0.9355490258612362
16 7 28 12 59476 1.05611553875872
28 28 5 3 135450 0.9420360320384782
7 10 29 25 113231 0.9412095228181959
27 28 19 18 55884 1.0410974984469237
16 3 6 24 97341 1.080471639993379
24 0 11 6 50501 1.0657012511861024
20 27 12 12 66452 1.061701244341173
20 15 11 18 43793 1.0090704976224705
21 16 9 26 76042 1.0801877866685339
13 10 21 3 49196 0.952747285908599
20 15 7 29 87347 1.047148610269946
5 13 7 21 34421 0.9204965280285364
26 10 12 6 64266 1.0118007688242783
3 13 9 22 49744 1.0839506734416455
10 22 6 6 58973 1.0180657226179581
5 13 15 3 63865 0.9936724972913349
24 4 17 18 62148 0.9360135783720012
1 1 22 25 139869 0.9887936135393884
13 1 28 16 78565 0.9307130385677715
0 21 15 12 63423 1.0158173363753171
19 24 20 5 61247 1.0171002059745895
29 22 4 7 119573 0.9863872195952036
10 8 27 3 66692 1.0994302978149735
27 23 24 0 76128 0.9633707968563561
4 26 2 9 81173 1.0872261741016742
9 8 4 16 49532 1.0814075623824815
25 1 4 1 56588 1.0641492097761558
24 28 8 26 78337 0.9503179117598064
1 17 11 11 55786 0.925489275251282
2 18 12 29 66820 0.9583089427500324
27 15 23 27 53513 0.9386315562461249
8 17 1 27 51640 0.9997522165036675
1 11 20 26 109278 1.081705005875917
20 20 7 7 73749 1.0596944105937451
19 6 13 29 93724 1.0310452239302987
6 15 6 3 49087 0.9077506063627911
28 29 22 16 63484 0.9076581850473012
23 3 1 9 83873 1.0068528329959419
17 20 0 27 76253 1.0325046259789747
25 21 15 28 59739 0.9904315138536124
17 12 2 25 87248 1.012625059084627
7 28 29 23 107579 1.0690209929193117
27 12 8 10 71306 0.9637504583021175
2 28 7 19 49738 1.0004579679282817
2 8 14 9 56454 1.0836352730640104
29 14 4 27 110369 0.9800805107550877
24 6 29 23 66293 0.9149227154926171
0 13 16 12 61999 0.9314623533541551
25 11 22 23 53167 1.0582524617250244
19 11 9 9 39053 1.072827043361352
28 7 27 24 53033 0.9339186549552616
25 23 11 23 70576 1.0484141865506316
10 28 27 19 83908 0.9042326653902562
17 9 8 25 79802 1.0840364806516056
25 12 9 9 67997 0.9603286283359138
16 3 0 1 50857 0.9182151618314282
14 18 29 23 63570 1.0006701719465818
29 18 14 1 88072 0.9972679192882454
16 24 26 10 78713 0.9802850926716296
12 22 5 26 46491 0.9033574285258104
26 19 4 22 74484 1.0949762457740704
4 10 18 12 59868 0.9259750075279267
15 12 7 24 57111 1.0208398934973977
0 25 15 20 65200 1.086757282678217
2 17 4 8 52920 0.9706020655306544
3 28 9 12 81386 0.979130157764562
5 2 24 22 112072 1.0174623453313072
17 12 18 22 43205 0.9618341519171343
14 6 25 9 53066 1.045539616084509
26 27 10 23 84690 1.079225892276441
3 12 18 4 71467 1.0510164172931984
25 21 18 13 47995 1.0960963289642143
18 20 19 11 29003 0.9278751282500113
18 3 5 4 41739 1.0697119317705681
5 3 15 14 57098 0.9261724921920428
6 7 1 27 92808 1.0557584027709952
27 5 25 27 75611 0.9098532094934825
15 5 23 3 31343 0.9291809172242183
0 27 2 9 80277 0.9532593205996263
23 15 4 13 65123 1.037586351850093
6 21 3 4 74567 0.9789434863050264
6 27 7 9 71945 0.9751634159447906
12 18 4 22 34576 1.0462628808487482
4 17 14 1 78912 0.9440852125090231
10 18 2 12 46852 1.001174911256907
8 26 7 0 96884 0.9163727331470145
20 3 7 16 82073 1.0791481374811556
5 26 25 10 103067 0.919964885561974
13 29 13 13 63028 1.0904612857048037
0 21 17 10 79808 1.032588909132012
27 11 22 23 52806 0.9585374014583792
22 25 1 8 129893 1.0822898921388853
17 24 5 28 68810 1.0248610058307182
20 19 13 23 36920 0.9134560607498119
27 26 29 8 62492 0.9097272783897487
11 23 22 23 60558 0.9164207963451603
9 9 21 25 90518 1.0429062800657567
17 27 19 4 85050 0.9738599794199446
7 27 8 7 73728 1.0450594605445636
3 8 23 22 113248 0.9773987775952052
7 27 14 23 45025 1.0581796940345582
1 16 23 28 115032 0.9779858997878876
20 22 20 9 49581 1.0551316986571087
5 29 14 20 63921 0.9863611930731978
8 28 19 8 93849 1.0866479385431502
28 18 6 1 104055 1.0265359994365524
24 9 23 26 57916 1.0594205975989008
22 2 27 19 64407 1.068322892455766
17 17 11 11 40535 0.9201104215448122
24 4 15 16 59097 1.0558171736384057
3 21 12 25 48206 0.9433460118985864
15 27 4 10 86511 0.9766238693811282
14 22 2 20 44717 0.9306419244247439
16 22 28 3 95118 0.9863764853109004
13 25 17 9 67492 0.9744754018052436
10 9 27 15 65418 0.9746802796874586
12 24 14 10 50933 0.9323559602460478
17 14 9 23 52701 1.0455675650651615
26 21 3 8 117847 1.0646742587527238
18 24 27 11 65839 1.0918023545361544
24 22 5 0 114952 1.0098433119577448
7 12 27 0 92744 1.0623710656710879
25 13 11 0 76379 0.9964835630171025
11 13 5 22 41783 1.0160639043612525
15 2 29 20 86048 1.0300130005861705
16 21 9 28 54484 0.9415842007503716
3 1 26 10 90117 1.0668808322387073
3 25 9 16 53535 0.9895554984804895
29 29 9 29 102564 0.9432136195182127
27 5 19 11 46569 1.057863208938427
12 28 25 23 74128 1.0348077934197217
12 24 22 28 64496 1.0768610057845749
14 3 26 24 101127 0.9407676594959713
9 7 18 1 43170 1.095613336681452
27 20 21 3 69300 0.9844499225769975
1 9 26 9 101931 1.0201086817388123
13 3 14 20 67253 0.9477377271556351
14 17 0 24 65884 1.0767270320848386
22 19 3 14 70440 1.0284800155071527
29 8 9 8 80830 1.0769134255578872
1 0 25 8 94027 0.9437180331177863
13 8 20 20 56062 0.9474097084676055
4 16 27 3 109449 1.0682723784329986
29 29 8 29 108135 1.066117902232661
16 21 14 0 71849 1.0174505877225937
20 13 4 25 87969 1.0159517211314713
27 13 2 23 101772 0.9137414075323254
4 6 11 0 36861 0.9937817092356556
14 21 4 2 84651 1.0739155660578021
24 4 15 21 75407 1.0262319857249844
13 9 13 28 71874 0.9731707838472323
8 10 4 18 44212 1.0983799218043213
7 27 27 4 124496 1.053568173637084
3 25 29 5 137591 0.957578500610541
12 16 4 20 32946 0.9396671199511468
13 26 12 1 89038 1.0189915195829866
12 7 15 26 70159 0.9258293781611685
2 13 16 7 73073 0.9783977799134728
9 18 29 2 104887 0.9369177717648498
28 26 17 10 73536 1.0260573687828096
22 13 5 18 68273 1.0180153163700107
20 12 4 7 69661 1.0781272452211275
1 10 18 2 79778 0.9013521450144503
14 2 1 3 50982 1.0618995134381295
10 5 3 13 52179 0.9267871891721091
5 29 19 3 121021 0.9339005407789116
27 25 0 7 139822 1.0173698329509204
11 17 1 17 39892 0.9769211950914137
28 28 12 21 82259 0.967370607923077
6 2 19 5 47550 1.0022680743875072
16 12 29 21 67034 0.9226790424331225
21 8 3 0 77008 0.9628188177970948
14 18 21 9 49310 1.0065919098232328
1 11 24 27 127281 0.9687323593747793
27 27 16 5 103400 1.0006983953590327
0 12 4 4 40043 0.9270015166914098
5 2 29 27 141058 0.9899585785205454
3 28 11 0 113912 0.9480638352511745
0 0 5 13 63091 0.9976681514290617
16 22 19 11 44468 0.9774867190260076
15 28 12 9 64688 1.0205909469714087
19 20 2 10 81545 0.9973461787724255
1 23 26 3 126336 0.9849691034674473
26 0 13 26 122277 1.0497888149303736
9 0 20 24 100093 1.0608192522222522
5 9 0 0 50168 1.055703842610839
12 12 3 0 64468 0.9277933847910861
29 18 12 9 77029 1.012427727553763
28 0 28 29 95480 1.057229059240153
19 14 1 28 91322 1.0913679759473784
3 10 29 27 130681 1.0726286510603922
24 9 4 28 114961 1.0582288518108312
4 2 15 6 50596 1.0216004365542857
16 24 16 5 74902 1.0886267986793676
26 7 24 16 31244 1.0956512643448044
15 20 6 18 34504 1.0744928142194414
18 28 10 22 62556 1.0960485615240998
11 13 14 1 50125 0.9667654262546048
22 28 10 17 74733 0.9538378506330212
18 20 16 5 63079 1.0760259346779801
3 23 4 11 60398 1.077572326815418
8 2 11 24 78022 0.9080943262636897
11 13 12 25 44258 1.0294094834823175
26 16 26 29 54537 1.0668906311496875
8 25 2 16 54303 0.955161416697131
20 10 24 28 73347 0.9223660616057935
10 23 29 22 81490 0.9953581539200445
2 20 8 3 75884 0.9180328503132068
9 6 23 20 82796 0.9336512344971568
14 28 1 1 119821 1.0209532040908564
14 3 17 19 63698 1.0364753536455582
6 8 10 22 57544 1.0022749386758512
6 26 21 14 80321 0.9601185849826146
6 7 15 14 49548 1.0642140486573899
10 17 20 16 44206 0.9051567455693452
2 24 16 28 79738 1.0242040695808947
25 10 20 5 37492 0.9821715271564361
29 14 20 29 76121 0.9345321919424174
6 24 25 16 92698 0.9466713201954373
15 11 3 22 63560 1.0702407041037616
9 11 27 25 95879 0.9968810245050721
20 9 16 25 70067 1.0148567011746243
26 28 27 13 53244 1.0073065245811172
9 26 21 7 93152 1.0903328910612262
11 23 22 27 66063 0.9265340692193587
9 12 4 27 69440 1.065323701832089
14 2 17 9 38052 1.0678286952072358
1 12 8 29 80263 1.0163396989931273
1 1 23 2 70147 1.076009877311232
5 21 23 14 65241 1.0205975313011357
15 26 15 8 59043 1.0298025812105196
25 25 16 5 95893 1.0852085769968491
16 23 6 27 64017 0.923407331389596
10 17 1 10 53942 1.0136369186278702
14 29 3 13 87712 0.9589006724383868
7 28 19 10 83806 0.9868932000094782
27 2 13 4 48911 1.033280707828383
5 1 20 18 87537 1.0232942736257273
21 27 9 27 66301 0.9860618952898687
24 15 5 2 89276 0.9549880448652537
21 4 14 0 24892 1.0915651330463132
9 10 28 7 77243 0.922723554461842
19 22 5 21 50545 0.9530426273775647
15 10 20 21 46537 0.9253839453478264
7 4 15 24 79719 1.0962853141374054
18 15 11 1 60924 0.9765917593242901
17 18 5 19 42078 1.0116013070763867
10 2 17 23 81176 0.9404925476614153
14 19 27 2 86551 1.088029413639675
29 0 11 15 98522 1.0641569032174327
28 28 4 13 116146 1.0415738784056678
25 20 16 21 38686 1.0772908299066115
3 6 27 21 121273 1.0383233039237412
27 23 4 6 121220 1.0338331439573174
8 17 23 2 96488 0.9329185268598281
20 3 26 25 97368 1.0201224123368013
13 23 8 18 33858 1.0394756825435243
20 8 27 24 71419 1.021270382976408
17 11 22 26 69798 1.0318016877059248
20 10 24 27 70904 0.9828589570501254
13 9 26 9 57793 1.0108200871725554
22 8 27 27 79139 1.0679310366272396
24 26 8 7 106553 0.9379367599606598
26 0 19 12 57381 0.9988198185728614
13 24 23 29 61810 0.9684098287122638
16 9 29 11 54061 1.0772731019573385
13 6 28 2 63811 1.026782671512656
10 6 12 21 47717 0.98685323470259
5 15 16 2 75057 0.9762911056458758
21 2 2 7 73290 1.022669079328713
12 8 21 26 84238 1.0060422148116066
23 5 6 12 83461 0.933359763470245
5 12 17 1 65617 0.9217859851811949
26 15 3 18 87131 0.9563661705134097
5 19 15 13 40749 0.9242042135419032
11 23 6 10 58111 1.0713704127669241
12 3 8 22 71251 0.9206253460985189
13 26 13 14 49695 0.9922568312972865
0 7 25 1 84961 0.978216077839437
19 22 29 8 71622 1.0530549904538216
23 2 22 17 55778 0.94306507567444
2 26 23 18 97650 1.077960758996148
16 27 25 16 75008 0.9116161152773642
2 11 25 12 94943 1.0450676456323755
25 9 12 22 77079 0.9522242829563966
27 25 7 27 93122 1.0916663329367375
20 3 28 19 72949 0.9088741575498273
13 15 22 18 47222 0.9345425112239717
17 18 1 9 88443 1.051762198193672
0 4 20 2 69443 0.9537552496782934
7 11 29 20 92524 0.9956303749440698
18 4 6 7 44250 1.0394700986480756
14 7 23 4 36286 0.9232990813272046
5 28 28 17 105001 0.9918524553103384
12 17 21 4 64897 0.9680404791275765
9 1 6 18 70224 0.9186973999230778
6 25 13 9 75371 0.9949419186293215
10 13 29 24 88678 1.0719850838615292
25 11 27 27 54274 1.0130831266008546
27 14 1 23 95645 0.9491072000079736
16 21 16 0 75868 0.9595443286050966
0 14 18 17 71555 1.0750076302523788
13 28 8 16 59641 0.9562795548511943
17 12 13 5 43529 1.02349980350001
10 11 18 2 53092 1.0759158428451454
24 19 11 20 43456 0.9114122822235358
10 7 1 13 54340 0.9474940487085373
19 7 5 22 78806 1.0776775565365386
21 8 13 14 40812 1.086871994426535
14 27 5 26 44947 1.0071390177372859
15 15 13 3 48859 0.9331912970731085
5 9 23 15 75346 1.0249470317510614
14 12 22 7 43488 1.0425661234357912
21 8 26 19 55659 0.9165654994401368
28 20 8 9 93976 1.0690722480238302
23 7 6 1 61527 1.0724220254168881
21 7 20 19 42915 0.9605290302634917
11 4 21 9 52064 1.0393805124062498
8 5 3 18 68531 0.9108608186515919
25 11 0 25 115967 0.9380245598760466
26 14 0 2 112125 1.0562688290884186
8 17 28 28 95700 1.065223870717685
15 20 5 17 39774 1.0803671258534262
21 3 19 11 35915 1.0639780660788296
24 21 3 23 85266 0.960941002408443
26 19 20 8 55356 1.0319549644871762
25 13 2 29 118284 0.9261497312780175
9 5 8 15 42352 0.9006557509553414
3 18 23 28 101019 0.9408078528766484
22 17 4 18 64537 0.9865124383887626
14 25 25 29 59882 1.077491052448404
14 0 19 21 72044 0.9423334528185706
11 15 23 15 42242 1.0275623185875071
23 9 25 22 50588 1.0657886163582186
18 19 6 22 50480 1.081071193532347
21 16 6 0 89682 1.0726536855073334
22 22 19 2 73025 0.9730541568228979
27 19 5 1 109071 0.9887463869399037
10 16 28 15 60255 0.9748067676447244
4 15 27 29 115861 0.9906208933404657
3 22 25 16 88645 1.0989820262471428
22 4 4 28 125409 0.9393960505849887
4 24 29 15 104848 1.0505905296974294
14 23 10 17 32044 1.0590216349502248
0 3 26 8 94505 1.0895326587624248
26 14 11 9 57469 0.9093348916419499
4 28 10 16 55497 1.019008039268299
8 22 2 4 81787 1.0941032595221967
7 8 19 26 90481 1.0492996237909242
14 22 1 8 92268 1.0489092464491323
3 8 27 23 123144 0.9070777760210452
5 23 27 25 97331 0.9385973067654197
9 22 6 6 63412 0.9361946782600433
0 24 24 2 133969 1.004073679746737
25 15 8 18 65098 0.9779062835306105
21 25 29 4 99401 1.0629874296406676
20 14 9 24 63617 0.9181269159644162
8 10 28 25 109090 0.979431101298975
29 19 22 9 50751 0.9790283052489739
8 14 27 22 77598 1.0176582323340932
28 0 5 8 89145 0.9120423015586743
21 25 9 27 65446 0.9432991186649975
5 17 13 28 67148 0.9256426628481307
2 4 19 14 76961 0.9845430070129475
17 23 17 6 68969 1.0188926544636254
18 8 17 19 38005 0.9228756003422347
18 3 27 9 48446 0.9436112878901756
8 22 6 11 52396 0.9691851724107522
19 23 13 5 74530 0.9303969254033598
2 16 13 17 50677 1.0571596185960759
10 26 1 20 48490 1.0422377883453713
29 7 28 16 35306 1.0370394657515418
17 8 2 8 64645 0.9485591786298284
14 12 20 8 34711 1.0172200226458772
14 1 3 8 55145 1.0908293767429684
27 15 13 29 93836 1.0369238316187799
21 9 28 0 55462 0.9791765635466004
13 25 22 6 90638 1.0763366431778676
25 15 6 7 81087 1.0688960938970895
28 13 6 29 111442 0.9330081262775808
29 13 13 15 54451 1.0444021530295298
17 1 18 22 73912 0.9427714449338497
22 2 23 21 66359 0.9086162668815788
9 12 16 16 35998 1.038895401358996
4 28 15 7 98120 0.9616995864881612
15 20 23 6 66358 1.0348428408457666
18 23 19 1 72450 1.0691787865182882
5 23 12 5 73110 1.025000452069036
23 21 13 6 79969 1.0951105153128349
24 19 12 1 80402 0.9158563501417164
9 9 22 11 51979 0.9925146201275202
6 16 20 4 82800 1.0985542526063126
0 19 22 2 112924 1.019089266380056
21 2 28 15 58429 1.0744873400039558
25 16 24 26 41312 0.9951521438007693
7 12 10 5 32767 1.0982438588370016
11 5 8 22 61387 1.0348480676963059
28 27 27 18 29755 1.0937792645811744
29 13 6 10 83314 1.0821333242764524
3 2 13 21 84947 1.0530772913738802
8 10 20 2 63553 1.0458423155733962
25 12 21 18 38010 1.0338976579986736
25 13 16 5 59857 1.008574890303104
11 16 17 3 62589 1.0895276958030806
16 9 26 14 39640 1.0198489559655335
0 19 19 20 57895 1.0068513856005326
27 25 12 6 102430 0.9362474825264921
18 29 8 23 66282 0.9090007923909503
29 0 15 25 120488 1.052719571427203
5 22 10 28 44856 0.9023172763150031
23 12 18 27 70603 0.9098259026171941
18 25 27 29 54673 0.906170343884885
16 23 9 17 44165 0.9887806388550523
14 20 4 14 47390 1.0506054809668806
27 23 3 1 126628 1.0021122568150789
0 23 28 2 142331 0.9571419870961593
19 9 2 25 98624 0.9927165989296557
10 28 3 3 93481 1.06929371881998
9 22 1 12 58081 0.9299055498667114
20 14 26 24 55527 1.0315270935501277
24 18 5 21 63077 1.0994379026666066
27 14 5 20 74403 0.9984065835359754
1 4 2 14 39569 1.0979442998641729
12 16 13 3 50015 0.9892502332239832
22 0 29 17 73832 0.9890098387388425
19 7 26 14 37847 0.9091107267223285
15 25 0 13 87707 1.0480318816543863
24 9 12 9 50000 1.0016130129866316
16 26 26 10 84934 0.9952168878704332
25 2 24 22 64128 1.062821749009486
7 3 6 16 49990 1.04359660455281
26 18 19 21 32978 1.016805056408451
14 22 0 25 71216 1.0719081386438325
21 16 20 6 42010 1.0433763588804288
1 16 3 5 51693 0.9519324867296742
3 14 3 25 60487 1.0761112575481924
25 16 6 0 98376 1.0240320377525924
26 11 17 17 46434 0.9257270442887814
15 28 28 17 72825 1.0883018593627247
22 3 15 8 40700 1.0777556505443187
23 1 26 28 99495 1.0605692365815145
12 28 10 11 63004 1.0000968638947245
17 15 9 7 49377 1.0324896319250443
5 25 17 5 99511 1.085774421566914
11 16 17 11 34670 1.089863593689816
7 8 1 18 59613 1.0331936973498284
6 26 29 19 93261 0.9777495860402541
4 25 8 4 87398 0.9833173613995236
20 19 12 4 65458 1.0389745928762966
27 6 4 18 100517 0.9230491788266074
7 9 12 25 65844 1.059290285831568
0 14 10 27 75936 1.0935479185983934
4 24 9 7 72297 0.9856674602292461
4 2 21 24 118253 1.023647360317274
15 8 10 20 47332 0.9718895357583652
13 15 3 27 71235 0.9652548879380113
10 13 29 14 56690 0.9775860937699162
0 4 15 16 77679 0.960904954888844
7 9 14 24 69236 1.0429552775349635
21 0 20 14 51619 0.905212493512517
1 18 9 2 79526 1.0378583595111253
24 27 3 26 100318 0.948166265788086
28 1 24 14 49020 0.9037923907963307
5 8 0 23 78110 0.9499516219792056
20 17 7 3 76603 1.0815739807988343
8 28 13 11 71460 1.0558239301665762
23 19 29 4 62268 1.065280045614588
20 7 5 3 53848 1.0368703466069715
5 20 27 7 91391 1.0331958480318009
15 12 7 14 27761 0.9154081377951293
14 24 23 10 74287 0.9914937126695771
12 3 21 5 33709 1.0708852742928632
16 22 0 18 61034 1.0559627740038349
9 27 19 19 61849 1.0718422975567579
27 10 8 7 76084 0.930703611068468
9 3 24 19 91371 0.912299877569965
22 22 2 13 91457 0.9616040227552936
3 22 4 4 82509 0.9287346630639313
15 25 23 22 52469 1.0397110421241436
17 29 11 24 43106 1.0566636886345628
18 1 5 21 88292 0.9655197673936946
20 28 11 15 63335 1.0823306969048276
13 19 16 7 47235 1.045017668277049
29 11 29 23 50945 1.0789499819360782
10 15 25 1 79827 1.0895967603700727
2 4 13 8 47391 1.0487404224842978
28 2 16 11 68201 1.0743272254896294
1 9 26 24 132523 1.0207358625634533
27 21 10 11 79046 1.0750147862307575
20 9 18 27 67748 0.9080062303439409
24 25 12 0 103307 1.0669588250647084
8 12 13 2 47785 1.0659808633814358
25 21 8 24 78413 1.0958580998844685
15 28 26 23 60542 0.9056529790100624
14 6 22 21 69997 1.0066064523378875
25 3 2 1 70107 0.924060972153943
1 27 23 23 107873 0.9852103161720388
3 26 21 3 127477 0.9650039183917445
18 25 0 10 106806 0.9693511353478739
23 22 23 2 70294 1.0289737720624992
0 23 26 24 112374 1.0441346386658785
20 21 0 12 89715 0.9571451908350275
0 5 16 21 93933 1.089685173735538
17 1 26 15 66637 0.9449596777088198
27 21 14 12 66966 0.9864303065766254
2 21 16 8 75765 0.9927724470843841
10 19 2 14 40595 0.9742376256208792
19 23 3 26 84322 1.048234103541847
10 20 17 8 55828 0.9005834752160858
3 19 7 0 78233 0.9082154581073618
23 10 14 21 62731 1.0970482458081094
13 18 4 6 68550 0.9993043044787338
18 24 24 2 87322 1.0825659732669726
6 8 9 18 49707 0.9842048236968105
28 14 26 26 44290 0.979844956446258
9 11 22 6 60558 1.088580461860835
2 1 17 24 111095 0.9392434911001317
12 16 24 23 56164 0.9967756164911633
0 21 15 29 78536 0.9593817279340002
0 10 13 24 88162 0.9372454016286514
9 6 2 22 72413 1.071614822741266
27 6 9 1 66337 1.021055668928404
5 6 23 20 97250 0.9062051322406084
24 23 17 14 49100 1.0378296601610066
12 7 8 27 80155 0.9836962325668439
20 2 20 12 44826 0.9975630730161381
6 9 21 16 71423 0.9865467760488942
28 13 9 27 101411 1.0328464113875417
26 6 22 15 39362 0.9664972501063356
4 29 27 19 107703 0.9099773064080537
15 26 29 11 89409 0.9226312507214248
12 24 25 28 77561 0.9603918194634384
25 26 22 10 63426 1.0348256229468196
17 13 9 7 47843 1.0461821891491003
0 21 20 7 92994 0.9200589891045831
28 26 13 12 89817 0.921449609044992
1 20 11 0 83485 1.0854567686068437
11 16 2 14 36844 1.0438031309203573
15 24 8 12 60191 1.0562167977757033
13 15 4 2 63324 1.0731428731832693
19 18 26 11 42518 0.9688200405026679
28 6 6 14 88289 1.0429253750389411
3 0 22 23 125172 0.9450353798781272
1 6 9 19 70501 0.9556556119452312
8 9 20 24 82440 1.0309527640140996
22 8 7 7 60193 1.052798749156416
13 0 1 1 42264 0.9330035546671304
4 6 22 20 99370 1.0854201460540511
25 27 15 21 61395 0.9593491660785929
28 1 5 8 85452 0.9894682491639905
8 17 26 5 94956 0.9173668509221876
28 25 7 26 94510 0.985564814056888
15 1 3 11 64494 1.025410042023263
23 28 6 25 97474 0.9813657381512585
23 11 2 4 88072 0.9420336313128389
2 29 15 13 87247 0.9038751233203103
22 2 19 28 90712 1.0311037833659582
7 22 27 20 73929 0.9364873337354885
25 15 13 18 51970 0.9359899768476334
4 22 11 29 56358 1.062074978883936
14 16 5 27 63647 0.9692158902479827
25 10 7 26 98272 1.0105548554107853
26 0 29 14 50455 1.0305085067937734
7 7 2 16 55750 1.027307533380824
18 0 1 24 118723 1.0730847449551002
18 25 10 13 62719 1.0120427809836157
11 24 7 17 39115 1.0838618190113831
19 9 22 23 53339 1.0729801434262347
1 18 17 22 57042 0.9160630125749876
28 14 18 10 33063 1.0133364252904804
24 6 14 21 74694 0.9895120057620979
19 1 0 9 74786 1.0015457594451433
21 16 11 3 68270 1.068245122555421
1 17 1 4 47566 1.0781809865871224
27 1 18 9 54781 0.9731831962195518
16 1 13 26 91873 1.0989910453300427
22 10 14 24 69401 0.940672402877825
21 28 6 23 88695 1.0638299035240102
19 21 29 29 65123 0.9166228654788382
4 21 23 16 76435 1.044571653451586
3 10 20 20 81499 1.0694165136539187
23 14 9 3 70745 1.0012542498121935
7 2 4 18 64634 0.9075965556806413
7 7 12 2 27280 1.0926160342462417
13 16 17 1 59011 0.9254777867081384
7 12 1 29 75231 0.9579402885078994
9 28 4 20 45945 1.0331595378235963
7 13 24 7 75712 1.0922277881474722
26 26 23 19 35838 1.018996711381791
18 11 22 23 53259 0.964360378569075
4 19 15 14 40929 1.0846688547757408
2 3 18 29 124898 1.0724500197916955
6 9 4 23 67982 0.9919933038366304
10 16 11 6 32535 0.939087540998428
23 8 18 16 47121 1.0535659356576628
3 29 11 27 47984 0.9605882714874919
25 28 5 4 133616 1.056076825870457
18 18 11 0 75354 0.9037706778539051
25 16 20 21 36599 0.9063015081036424
2 16 15 11 61246 1.0673541545299237
19 1 4 18 92700 1.082394811161109
11 11 3 15 43008 0.9019183983177304
29 0 17 28 127946 0.9208223196612801
7 27 22 6 106483 1.0056697949470077
3 14 16 10 53302 1.095696963491672
7 2 20 24 99979 0.9368645133703255
20 18 9 17 46691 0.9643606311974762
25 24 7 6 109216 1.0742551022481412
5 28 25 16 103477 1.0199787555023239
29 23 16 17 61924 0.9059080704650482
19 7 5 11 60648 0.9249417463756029
23 23 3 6 121993 0.9991089031300241
25 21 14 26 59192 0.9699236261747326
27 8 29 27 61243 1.0052437372012388
3 13 10 18 38688 0.9195812049091777
5 14 7 5 39172 0.9681373251757286
2 8 25 27 137372 1.0760301608039222
16 3 4 29 119195 1.0606660186065455
10 9 1 5 40369 0.9972989457414068
10 8 8 16 32986 0.9991360911923055
7 6 15 19 58028 1.0575434009624969
15 27 7 15 63165 0.9484692983661451
17 0 17 15 57730 1.0139062175470253
20 25 3 11 101843 1.058804064058235
27 10 20 17 42131 1.0748358133831022
19 26 10 22 54992 0.9911632861817203
26 29 12 12 98895 0.9987272687989018
23 12 29 16 32558 1.0079934372106074
24 22 7 3 103034 1.0573213074355474
4 19 8 1 68027 0.9036716336175273
28 18 7 28 94066 1.0438849390603235
5 18 23 19 56742 0.9373398478470848
13 12 29 14 53347 0.9289523969140125
12 23 19 28 46712 0.9142034742102657
14 18 6 1 72341 0.9260587874122911
28 19 1 18 81665 1.060154728159704
21 26 29 21 44873 1.0025420386669295
6 26 28 4 128019 0.9735092570426461
20 1 16 20 67259 0.9278645967665485
