3218 2179 3409 1756 2199 3361 6686 4827 4191 3861 3943 5276 4054 5807 3994 6358 6228 6660 5296 4797 5084 4731 5371 6221 4422 5448 4997 5009 4458
1861 2678 3210 2749 2835 4081 3672 3742 3367 1683 4312 2250 2236 2629 1913 4273 2831 1551 2973 2201 2874 2866 7892 6565 7961 6122 5489 8002 7537
2009 3145 2448 1747 1979 3225 3820 1084 3447 2421 2330 3925 1300 1745 3793 1060 1305 2277 1757 3980 1465 2345 2912 3554 2063 4463 4703 4028 1897
5354 6409 5262 6852 7625 6455 5565 4595 6132 5877 7914 8388 8533 6026 5917 7221 8374 6532 6839 7378 6878 5865 8096 5643 5714 8369 6135 7371 7236
7718 5031 5481 6857 7153 5816 5014 7123 6061 5572 5524 7051 6672 5411 7637 8069 7704 7696 5740 5553 6055 7961 6362 8019 7353 5962 7951 7587 7252
3200 1763 3955 2548 2150 4085 3153 1854 1511 2450 4131 2334 1726 3536 3323 1843 1802 4246 2995 2908 1820 4237 1430 1552 6348 5577 6010 7822 5334
7186 6112 6056 8109 6579 7942 8401 7720 7506 5630 6233 6691 8232 6399 6893 7138 5773 5698 6290 7082 7028 5035 6712 6686 4803 6344 7291 5652 5779
4393 4453 6658 5037 5990 4151 4140 5076 6579 5009 5988 6447 6352 4808 4403 5589 6658 5203 6129 6501 4856 5026 6085 5015 6762 6365 4706 7244 5732
2847 2174 3809 3801 3782 5468 6117 5161 6178 6171 4496 4623 5475 3691 4785 5993 3490 3621 3752 4478 5624 3433 4000 4865 3687 3858 3737 4346 6042
3721 2360 5075 3295 2726 4932 3523 4466 4311 3653 4419 2372 4264 3172 3057 3902 4071 4174 3689 3412 3011 2859 3057 6162 6124 4927 6665 7546 5399
6334 7533 7120 6105 5101 7042 5563 4124 6413 5247 6523 4219 6288 3579 4531 5491 6319 4571 4295 5813 5218 5497 6020 4946 6120 4065 4673 4601 4696
5414 6179 7611 7403 4904 6435 6636 4604 4341 4107 5599 5537 3215 3938 3500 5659 3390 4117 5569 3998 4719 6067 5334 4083 3135 6042 5782 5027 3384
4989 6308 7361 4990 5296 7007 5563 6638 6540 5368 5841 5676 6354 4811 5597 5109 5599 5702 6586 7659 5629 7280 6990 5651 7128 5675 6354 7045 7671
5357 5487 3905 5223 4685 4512 3372 8397 8179 7312 7906 6325 8068 5854 7530 7457 8289 5973 5844 7993 6668 8059 6054 6750 6641 6171 8787 5984 8495
7243 6183 8465 8148 8610 7033 5903 7367 7308 8068 7697 6395 7903 7181 7124 8067 6275 6007 7285 7556 6365 7701 6596 6628 6313 8173 8619 6277 7133
6241 7319 4929 5033 5054 6785 5668 7136 6945 5051 6107 6215 6351 5183 7387 5891 4640 6146 6328 6768 5047 5367 5472 6826 4815 4704 7399 5438 4590
5503 7411 5082 6007 5877 6441 5310 5679 5711 4912 5832 6277 4982 6170 4679 7631 4644 6761 6321 5331 5062 7160 4804 6988 5459 4121 5958 3630 5459
6031 5971 7303 7259 4902 5682 5316 5140 5980 4582 5045 6084 5574 5639 6323 4044 4340 4115 2377 4926 2591 4565 4478 4712 4935 2937 4759 4033 3681
4683 4207 5314 6285 4672 7084 5070 4943 4788 6292 4166 4489 4859 5377 6228 4601 6730 4944 6547 7053 4362 5433 5219 6219 4139 5400 4660 4125 5438
3188 2740 4543 2745 4263 5613 4579 3687 4285 6160 3760 4723 4382 6195 4167 3661 4684 5691 4320 5421 3799 4795 4619 6124 5246 4618 3653 5144 4434
1882 2823 1833 1719 1749 1802 1971 1809 4068 2396 6138 6186 5406 5400 5463 7197 5881 6491 5699 6087 5769 6451 5557 5498 6350 5399 4983 5600 5927
6866 4443 4761 4413 7030 5311 4282 3533 5182 3579 5103 4051 4674 5855 2984 3721 3332 3195 5081 3369 4425 3862 5369 3084 5583 4282 3063 5772 3295
5130 6022 3426 5798 5455 4259 5557 4867 4063 3749 4446 3734 4000 5334 4792 3851 5700 5507 4939 5278 3193 5040 5217 5560 5871 3929 4359 6716 5525
8361 5503 5739 5417 7293 5936 6041 7299 6282 7232 3486 2718 1437 3729 3902 1422 2865 3986 3370 4076 3687 2458 3442 2194 1069 3422 3703 4073 1262
6977 5753 4756 5509 6295 7102 7032 6440 6218 5694 4367 5661 6863 5255 6575 6801 7144 4652 6850 4554 7118 5518 6093 6272 6421 4282 4689 6456 4565
5956 6666 6848 7517 7334 5749 6731 7200 7173 5793 3958 5566 4407 5803 4315 4186 3891 5373 4245 3630 3787 4926 3957 4441 3798 5689 6253 4171 3597
5622 3236 4397 3604 6046 2122 1531 2364 2236 1513 4193 2015 3921 1855 3765 2183 2740 2581 2569 3966 4137 2169 1478 2471 3331 3682 3000 3192 4264
4194 2237 3747 3424 3813 2605 3594 4747 3140 3012 2537 3879 3869 3289 3066 2434 4276 3588 3117 3627 4854 3068 3025 4649 4505 5221 2919 5441 5588
6918 4797 7069 6200 6502 6659 6005 5127 6223 6373 5478 6040 6926 7915 6337 8755 7365 7862 6759 8468 6870 7454 8474 8828 8025 8800 8233 8574 5856
7363 6458 6400 7037 6717 6946 4420 5846 5225 6048 5435 5901 5405 6154 6847 5543 4459 6767 6600 3885 2271 3400 3177 2336 2342 2218 3596 1781 2687
5348 4311 5022 3856 3691 3775 2609 4581 3743 6111 5297 3471 6762 6860 3012 6765 5820 4314 5505 5748 3768 4129 2901 2316 1509 6574 6592 3865 4235 6709
5729 1485 6174 4721 5912 2778 4797 5243 2255 7224 4311 3724 6774 7501 2456 5787 6698 4927 7258 5284 4694 3479 1607 3693 1527 4007 7686 4539 6063 7134
4715 3177 6344 4366 5722 3389 4912 4909 3318 5333 5837 2550 8324 7125 3027 5528 5045 4030 6249 4302 5293 2570 1782 3308 3183 6688 7971 7276 4293 6406
6521 2631 7002 4076 5684 3397 4201 5011 3182 5993 5903 2301 7286 6502 2271 7649 6872 3518 8236 5597 4911 3688 1527 4857 3359 3878 5731 8548 5990 7381
4425 2831 7177 3204 5878 2138 4790 5025 4583 6250 6070 2304 7213 6942 3508 7397 4079 3212 7703 6056 4980 5138 2717 4604 1290 6099 8612 7613 4584 5069
7233 3286 5077 4471 5145 2136 4434 6404 4096 6548 6740 2677 6690 7130 5171 7055 4500 5399 5792 5355 4323 5254 3269 4115 1492 4146 7681 5846 3868 5552
6218 4216 7261 2877 3649 2699 2856 5065 4754 5591 5132 3490 6317 3790 2799 7000 4366 4632 6667 3797 3743 5143 3592 3444 3824 6664 7566 5891 6106 5578
4717 1493 6558 5308 4887 2200 3622 5893 4084 7097 5208 2528 8510 5179 4276 5735 6295 4151 6351 4363 3814 3548 3830 5039 1728 5395 6325 6716 6323 7728
4907 4161 4730 3771 4679 2480 4679 4029 4367 5655 6568 2355 8491 3252 4164 5833 6835 3271 6657 6208 4277 4805 1910 4608 3052 4342 5057 5686 4648 5016
6751 2462 5468 5567 5447 3517 4217 5142 2049 6798 7177 3681 5922 3633 2777 5913 6247 5388 8220 6532 3600 4213 1195 2666 2274 4086 6016 5905 6245 6587
6549 1965 6019 4965 5978 3317 5289 3868 3769 4836 5508 4194 7101 4384 2671 5173 6444 3598 5836 3790 4741 3657 2637 3762 1716 6829 5295 7234 4318 6535
4165 2688 5941 3401 3616 3289 3486 4611 2757 6987 5631 2193 6194 4824 3550 7642 6068 5426 6244 6630 4452 4228 2166 3408 1910 4358 4985 6473 4368 6733
4495 2628 4550 5553 6596 1396 3364 5591 3883 6814 5708 3802 6363 4305 2932 5852 6389 2899 7191 5205 4539 2897 3345 4823 3341 4819 5246 7698 4943 6907
4918 2106 8061 3712 4616 1549 5056 4828 1831 7387 6932 2817 6802 3418 5438 8171 5141 2928 6594 4658 3754 3472 2189 4889 4263 4653 4892 7287 5799 5459
6515 4247 8756 5966 6479 1467 4875 5618 3045 5819 5850 3039 7309 3957 4314 7420 6081 4186 5653 6725 4371 6857 2278 3385 4063 6090 7781 5837 4328 5280
6974 2595 7789 5196 6870 6403 5310 4054 3249 4487 6569 1763 6325 5307 5719 5121 5894 5176 8214 4957 4888 6543 1170 4292 3108 5936 6642 6505 5767 4962
5421 3659 6368 5243 5781 6659 3367 5294 1793 6690 5187 3864 6762 3067 4391 2005 5309 2989 6227 5069 2722 4477 1520 2849 1988 5317 6096 6513 3745 7130
5024 3734 8904 7732 6098 8697 2495 6644 2950 5367 4306 2591 8497 4196 3968 2907 4851 4283 7588 6444 3437 6570 3215 3740 4243 6804 6873 8068 5434 4487
6920 2186 8834 7664 5410 7897 5119 5283 2351 6223 5802 3274 6283 3263 5512 2066 3998 3687 7521 3973 5571 6526 3349 3236 4645 4276 6060 7005 6579 4184
4845 1967 7641 5343 4704 6096 3428 4976 3426 6835 4385 3494 7954 3876 4793 2234 4608 3267 7392 5775 3780 6853 1587 2870 3336 4987 6357 7060 6308 4030
7107 2494 6040 7648 5173 8754 4705 4812 2181 6044 4934 2000 3537 4597 4973 3067 4982 2975 5809 5154 5366 5874 3786 4822 4554 4922 6033 6451 6066 5864
6740 3485 7413 6337 5145 8152 5353 7990 1349 3889 2865 3908 2420 4214 4603 2405 5674 4946 6545 5260 4568 4701 2042 3351 2120 5785 7720 7840 5097 4741
4512 1510 6047 7567 6566 8578 2369 7083 2114 5080 3077 2088 3700 4783 2967 3110 5984 4262 7330 3195 5371 6388 3043 2779 4229 4718 6931 6938 6169 5855
4772 3223 8538 6032 6155 8890 3462 5858 3080 3849 3942 2691 1559 2489 5133 2962 4110 4836 8155 3213 4547 5454 2638 5009 4120 4897 6224 6559 5913 5906
7293 2657 8913 5953 5099 8003 3970 7793 3329 2993 4923 1379 3113 4714 4055 2000 6098 2767 7080 4064 3328 5036 3327 4513 3097 6852 5431 6876 5476 4027
5795 3040 8561 5347 6735 7667 5181 6841 4141 3109 2689 4097 2202 3247 3636 4720 6517 4319 5436 5223 5239 5708 1571 3793 3429 5724 6371 8460 5345 5150
6727 3166 7536 6503 4339 6720 3911 8580 3891 3915 4540 1433 4512 3877 3303 2018 5731 1975 7415 4880 3485 4593 3122 3481 4325 6141 7885 5664 6560 3528
6232 2179 7891 6937 6236 7314 3523 8242 3387 2214 4230 2982 4424 4544 3991 3475 4992 4642 2654 5405 4332 5585 2655 4757 2518 5765 7251 8350 5164 4526
5166 5674 6489 5793 4647 6044 3079 6241 1278 3519 4979 4118 4219 4902 5088 3526 6850 1982 2526 6020 5015 5491 1382 3320 4483 7863 6112 7523 4523 3923
20 18 24 2 78394 0.9795836659648061
8 0 21 3 48943 0.9041362379200506
15 7 5 3 41201 1.0418620175222633
27 11 2 21 93120 0.9812093696388092
4 0 10 17 72501 0.9847544305837446
7 26 1 19 36999 1.045855137223751
22 11 4 13 62672 1.0459511874776908
4 23 3 2 63468 1.0729697008333359
19 0 10 7 52039 0.9497213261000004
9 21 10 8 49556 0.9486685936315032
27 16 17 29 75766 0.9819801003247182
26 21 20 1 67574 1.0580552364485285
14 11 15 26 79678 1.003503324685343
26 2 1 0 75023 0.9725551824549087
3 6 22 0 76307 1.0501935790521606
22 4 8 11 63490 1.0144526252696413
28 26 20 29 53482 0.9180085117713247
5 22 27 27 73285 1.0901227902367032
16 7 11 20 73414 1.0464677345702451
23 16 25 3 48335 1.03383648827756
2 0 21 10 78689 0.9756704236643361
27 11 27 26 51334 1.0720807020769398
19 10 29 4 52150 1.0489493824428728
20 29 17 15 69194 0.900802710497123
3 12 11 26 61622 1.0890623523497245
29 29 18 13 79137 0.992195825446891
29 27 5 29 108560 1.0595051685424532
1 28 14 10 95327 0.9738029803717277
27 21 3 24 67480 1.0526706059083595
26 23 17 5 78019 1.0205854719989902
16 15 25 25 56309 1.070736620089492
29 9 12 1 64906 1.0474316075807144
4 5 2 27 65760 0.9474409689466509
3 13 9 22 45479 0.9805002865404937
17 15 3 13 62300 0.9940384912506486
6 12 27 26 106785 1.0145008418003556
2 22 27 19 73103 1.098438617655902
24 22 16 27 46376 1.045621745094594
29 2 4 1 79264 0.995144578950408
18 4 19 26 98710 1.0943821411961832
19 0 5 6 58514 0.9533231649757526
29 24 22 18 38563 1.0517205547922006
27 18 18 24 48591 1.019529470073468
23 12 2 16 75454 0.902606506406991
15 13 4 22 67460 1.005470345134282
25 0 2 13 99947 1.0589766036806278
29 10 26 25 52360 1.0127659527805675
1 20 13 24 35692 0.9338423730712062
6 14 28 20 92357 1.0972315015057208
0 3 16 2 59126 1.0311565710728576
4 26 14 21 49421 0.9455608652606435
17 7 11 14 48435 1.0794650473372713
6 23 23 13 77410 0.9246807409098533
28 22 4 12 95085 0.9700821940529327
4 11 21 20 82399 0.9328525278359101
15 17 6 8 66482 0.9168469023519114
9 0 18 6 49669 1.0104576512988577
4 5 8 27 71400 0.9842085305004378
16 9 23 12 34681 1.0295421251978538
6 20 6 5 48356 1.0066212378348296
25 0 14 2 43896 1.0125346726426203
28 8 18 5 42883 0.9430795898467051
27 0 14 6 58289 0.9984525365176529
19 11 23 2 41307 1.037117915392406
21 14 3 22 73561 1.0953747667830729
6 26 8 3 78193 0.9239883138702841
1 29 15 29 79434 1.0707876332277344
0 14 8 19 41998 0.9421829444800964
23 1 15 4 38911 1.0784643799069829
21 19 21 0 70190 0.9465986683536897
4 7 10 29 85248 0.9943420521364011
7 29 28 2 148645 1.0288433863437523
0 15 15 27 80330 1.00281679251622
4 12 18 19 82396 1.0673915058406513
6 3 11 24 74191 0.9777349933879294
8 13 29 14 80143 1.0504334644351907
1 25 12 11 65761 0.9582715898048573
0 20 9 21 32601 1.019365434600276
29 1 25 25 82504 0.9594353716240784
27 20 27 4 50952 0.9499175188964393
28 9 9 11 60071 1.0524353909926116
29 26 28 4 77535 0.9224065082399525
29 13 0 18 112818 1.061587536933149
19 6 8 12 55304 1.0162163461225255
28 21 4 19 80455 0.9377963218064902
6 13 20 23 73776 1.0828332088845742
9 10 27 5 65672 0.9022909685738748
18 10 4 9 55991 0.9421692753564491
10 15 17 10 42415 0.9343707299863924
28 22 17 28 56189 0.9895090395283774
28 4 3 12 101677 1.0619934658430084
4 9 6 24 48075 1.0955727130734925
2 28 7 15 58534 0.9785902699153807
29 23 9 19 60676 1.0380510472348417
9 6 15 14 51862 1.0380585557073174
29 13 22 1 60299 1.0835115324364994
25 26 4 28 100563 1.0953614864679773
0 17 9 6 58214 0.971176805286224
8 3 16 12 62469 0.9529356199590149
8 21 27 24 54675 1.0663697934378047
9 0 11 18 74403 1.059889075667615
26 23 14 8 74329 0.9723941120709819
9 19 6 27 43946 0.927439109735581
24 5 4 18 106779 1.0840721367244717
17 4 21 29 104830 0.9739291938977267
14 22 22 18 37397 1.0364963812394394
16 15 20 28 70501 1.0385712849712985
3 7 12 5 36912 1.0802874922206889
7 15 1 21 39975 1.0930276838261357
13 29 4 20 65115 1.0263878768379413
22 8 6 6 53779 0.9846906691390017
29 3 13 5 77735 0.9946180247970038
1 9 13 27 83220 0.9003075861053355
15 21 17 29 37592 0.9086063918353283
28 21 21 2 80284 0.9099395315390236
26 4 14 21 89133 1.0883475399913296
17 7 17 23 75803 1.045096502284108
14 12 7 0 69654 0.9165363336412718
29 28 28 2 91738 1.0133741054693397
10 7 24 22 87342 0.9252793820942546
17 20 17 7 64169 1.0016924546096162
19 16 9 22 47728 0.9828481351040499
17 29 22 23 43076 0.9248028070700067
29 6 19 22 72245 1.01751729614914
20 26 15 5 109333 0.9588402313735754
23 10 6 6 64668 0.9226100062306587
3 22 16 19 48554 0.9027419658279688
27 23 12 11 77077 0.9544717944464509
16 13 20 4 41571 1.0035147065839947
7 21 10 13 40025 1.074936190143824
25 9 13 24 84454 1.0211731373088668
20 3 2 13 75966 1.0831622057024315
19 12 7 21 72066 1.0354409800279767
16 15 1 7 74288 0.9237371200266795
17 4 21 28 104238 0.9558835612353866
8 29 14 23 44854 0.9958718077013567
7 8 1 18 43703 0.9174733422760653
19 16 0 24 74179 1.0957961848055746
26 1 17 10 49404 0.9556528517751415
9 4 0 25 75456 1.0522723009492476
15 17 26 2 78301 1.000758862925815
12 22 11 13 43123 1.0815614266457056
14 7 28 26 103562 0.9619943147318211
9 6 28 9 63651 1.0227018698315218
24 25 20 10 59386 1.0462181033700335
19 20 21 8 59272 1.0780540470746316
20 24 4 11 81039 0.9489193889786907
5 16 8 0 52204 1.0850737907688603
20 22 19 1 76070 1.057057793826904
5 7 10 12 28896 0.9625910445508228
21 13 16 8 33847 0.9650779602990549
3 19 29 22 78936 0.9505287796442159
9 18 4 13 37514 1.0093461428183104
0 28 8 17 63514 1.0968916418591204
27 8 16 18 62002 0.9427659541747305
24 29 14 3 122658 0.9773952540633126
11 22 2 12 43486 1.0346075544411857
3 20 11 22 31562 1.0913007554179983
21 18 20 2 53297 0.9846272043780507
20 24 12 6 101843 1.0976658673589905
5 12 26 22 82095 1.0538553370558996
19 7 26 2 36518 1.0843267914781458
4 22 18 9 82939 0.9878813755007956
24 0 15 20 97856 1.0439942498327992
6 1 10 16 64543 1.0873906021150905
28 28 11 25 76910 1.0548726491938114
24 5 11 20 103646 1.028196457572773
28 15 20 24 49913 1.0139787846316515
6 11 17 6 53588 0.989394292239184
26 10 17 21 60332 0.9316041067462203
13 6 29 18 81772 1.0290412441873107
7 17 18 28 72355 0.9626156325790863
15 1 0 13 78302 0.9363299249929975
26 17 21 9 37034 1.0976580214414748
6 27 13 8 89573 0.9454874486389663
19 24 5 0 106199 0.9697634989532593
10 6 9 24 71321 0.9493194762618873
18 12 3 22 77372 0.9515602996263284
25 28 29 11 62933 0.9197730317537004
18 26 21 19 40642 0.9626906775526742
29 25 26 15 35359 0.9215468698276859
20 9 2 1 69806 1.0782565022673223
14 7 24 21 78703 1.0378486793195199
25 20 5 27 81060 1.0546390161755232
1 12 24 8 76389 0.9516971005473007
19 28 14 0 129399 0.9229411015189346
16 25 24 7 92719 1.046900282623771
11 2 11 19 85378 0.9626968845954206
3 29 2 17 41850 1.0884410979325163
21 5 8 9 54865 1.0314958848301785
19 11 15 1 42456 0.9494939345829015
23 28 23 17 35480 1.052418662250017
18 9 6 15 65949 1.0815509346378194
5 20 22 28 76252 0.9252699861128807
23 8 13 27 108692 1.0407203470636772
11 22 20 14 52296 1.0839577645003724
18 24 19 13 55726 1.0759060572338726
23 13 10 11 43182 1.050154817043051
2 29 28 2 150520 0.9331037103478453
24 24 9 11 81261 0.9486657969089398
14 26 3 12 75400 0.9039468205029332
27 25 27 13 41497 1.0075943984759264
1 21 14 20 48698 1.0822128792269003
27 7 6 5 76235 1.0478205390351965
18 4 26 2 36134 1.0578688418194568
2 18 27 21 75422 0.943635606174634
14 28 25 27 63504 1.0614773050334891
11 4 14 26 109230 0.905347780133608
10 15 15 3 67042 1.0621915430981066
3 24 25 10 95432 1.0094911380582399
8 0 6 8 35446 1.0190471339710152
12 2 21 21 98425 1.091648087573371
26 3 11 29 125523 1.0959027516153983
8 22 24 29 60503 1.0589815818039638
7 4 19 27 115449 0.9028615519762434
2 8 15 27 86739 0.9355744076336767
17 26 12 13 73286 0.9775950827712006
21 21 28 17 38522 0.9810730821601927
22 27 8 14 85508 0.9347511299048269
8 26 16 8 89269 0.9086567598689027
16 27 18 11 77534 0.9157879980596808
20 22 27 7 63177 1.055391936499943
19 5 1 16 87756 0.9924328166149006
22 16 8 7 76221 0.9718459688507063
23 20 9 29 76117 0.9989629977031443
13 25 27 24 58161 0.9618155531385856
2 18 19 21 56033 1.084695436287255
27 29 10 20 75474 1.0092053768887135
21 18 4 23 63809 1.090596566592344
18 23 16 9 70033 0.9567015946511127
7 6 29 13 90156 0.989836122832988
10 10 2 0 56064 0.9557256021331219
23 1 12 21 104761 1.0227828829579186
10 1 18 6 46248 1.0231100957745904
3 11 29 11 75063 0.9878706768031641
29 24 0 26 90051 1.0507162750566985
21 22 22 0 81426 1.073865594473152
14 13 5 18 48826 0.947577329627626
18 21 12 5 93971 0.9538595716079774
27 18 2 5 106859 0.9420462130232243
22 27 5 24 65816 0.942056368209317
23 20 20 12 34444 0.967836327559516
2 20 18 4 93334 1.0752086312712736
22 8 3 26 110550 1.0903145100974614
20 27 28 7 89077 0.9537815458133145
5 6 27 23 102487 1.0595001257295706
11 5 3 20 67123 0.9629021940772257
11 9 6 27 82313 1.0956031826781971
14 4 27 25 109177 1.0357869031206866
13 12 0 25 77276 1.0976550739959385
21 16 23 8 37482 0.9861707096552892
29 11 16 13 46855 0.938679806382453
14 27 0 28 76404 0.9662612759033161
5 28 22 8 117575 1.0739853912922208
6 0 25 21 116207 1.0121800633233193
7 8 8 24 57738 1.0441897590100468
18 26 10 9 92325 0.9083792483319385
21 16 3 21 74411 1.0824305257624973
29 22 13 20 52946 1.096312876389866
28 25 14 15 78279 0.976649374423636
8 13 17 0 77029 0.961359104066581
5 12 26 21 84264 0.9160173038548558
12 24 20 13 68171 0.9537532917365628
28 20 4 29 106924 1.0203230851991145
12 17 5 0 75081 1.0553026604738331
9 28 6 16 52810 1.025568949689291
8 21 21 17 53712 1.0432046223427967
16 3 7 25 102347 0.9026755099527247
20 17 11 2 87889 0.9225780756281904
4 6 24 6 74397 0.9870028424486569
18 19 26 6 62588 1.0273553961517232
6 25 27 15 84551 0.9189508143977962
20 12 6 23 81327 1.0912320964595053
15 23 12 4 97923 0.983201791606977
27 1 17 20 85122 1.0391919758269932
19 20 12 6 87801 1.013437327863417
11 11 29 17 67488 1.021028732943777
15 17 15 6 66574 0.9941768589941045
8 12 16 18 57272 0.92844585524778
0 4 14 2 52812 0.9185978976325625
0 3 14 1 44873 1.0980133097405174
22 9 25 24 56786 1.0763295774318453
5 10 28 20 98584 1.0904969082723726
18 19 0 29 84931 1.0871704447874515
5 14 22 7 70529 0.9023404825631793
7 25 17 13 74685 0.9765679971302497
18 0 11 11 60494 1.0383101524226155
29 28 26 5 68469 1.0288514221064617
25 1 25 22 67754 0.9247451878944671
8 10 26 24 89841 0.9618564434114049
20 17 16 3 77226 0.9002510184080956
17 5 17 19 70241 1.0295292432160519
9 29 1 21 46200 1.037769054560692
28 15 7 2 95235 1.052862919877797
19 15 26 4 48778 0.981762556652048
2 21 26 27 75992 0.9184707903690383
21 28 8 25 64880 1.0587833692143027
3 1 23 9 74487 0.9171236666387798
22 28 28 18 50797 0.9356093807057895
23 5 28 15 47435 0.9910764828307448
23 17 4 5 89153 1.0726478528305718
8 20 1 15 40941 1.0335072906910678
17 27 10 20 47791 1.040455114009327
15 21 7 7 83070 0.9118772640705354
10 17 0 8 58627 0.9563134656986443
16 19 0 8 89484 0.932118712621854
22 6 29 20 64526 1.077440666362586
2 13 24 10 73196 0.9671088628489029
6 16 12 24 41486 1.002106621905934
28 2 3 0 80760 1.0808676559213215
12 29 27 23 81705 0.9632661382737584
15 29 21 9 103434 1.0988422081008682
18 6 4 1 55254 0.9430779006336504
1 7 4 16 37935 1.063062348390544
3 8 11 14 42163 0.9649228878558133
9 10 20 15 55519 0.9186458588216377
18 15 28 3 63366 0.932922747142217
16 23 4 19 47406 1.067370118535089
23 24 19 14 42483 1.0476159988291849
25 27 19 11 72405 1.0291002792497048
21 3 25 22 74189 1.0763006915683013
22 3 9 5 59120 0.9391092121292419
20 8 8 17 67595 0.9508678553058554
22 27 7 13 92947 1.0902127998584956
8 6 22 4 61420 1.0981950336266406
24 11 18 20 52661 1.010428870631878
29 10 13 11 50184 1.0139316956968196
2 17 18 19 64597 1.0554333610025513
10 18 18 26 58509 1.0675882618549102
19 6 0 8 70177 1.02621853541666
27 14 13 2 74917 0.9294488935988695
5 25 28 7 113526 1.0485414363587717
7 22 21 16 57441 1.0047707348308157
11 19 18 22 30667 0.9323172533401242
29 9 2 16 93618 1.0391800429947615
22 27 7 19 72157 1.03137948875103
8 0 12 8 40118 0.9566614210186787
25 5 3 4 89322 1.0932176633804254
4 16 1 26 43704 1.0336245753471411
24 28 4 29 109081 0.9092252589235169
0 10 19 14 75861 1.0319202478552212
28 12 13 2 73559 0.9999965598525058
8 27 27 15 85478 1.0561627083967768
22 11 6 20 80706 0.9048668784245762
23 3 1 0 74109 0.996638879077054
15 25 3 11 68988 1.0961729281889843
22 8 24 23 56447 0.9031162392403987
16 14 3 11 52864 0.9385434575194069
9 0 25 28 126200 1.09438059023806
4 22 17 24 38458 1.0523893815933885
5 4 21 26 109460 0.9964254630499617
8 15 0 28 71924 1.0375451610930821
28 17 4 22 78415 1.0785264036974316
10 24 22 27 53446 1.0752379095158497
25 1 0 28 143096 1.0761335103674283
14 25 5 27 47848 0.9723366304564851
19 13 14 21 53483 0.9165412070879737
1 7 14 29 104470 1.0720054820954883
24 0 11 21 112989 0.9898015032804091
27 26 1 13 100752 0.9267831403394305
14 23 16 6 90062 0.9424168222494741
29 13 11 18 79395 1.0207148189510502
19 8 25 22 60917 0.9667821240154273
15 14 4 2 73107 1.0941309202965348
5 14 12 8 39604 1.0507131456984522
9 24 13 14 49324 1.0070907422398063
23 14 20 28 61001 1.0165323471010628
23 20 8 22 41577 0.931733562732272
24 25 24 4 80636 0.9503194177238201
21 18 14 26 60260 1.0715087344262846
26 19 3 14 90966 1.060963660490795
29 17 10 23 69904 0.9504755659954721
20 28 27 21 48961 0.9386621188601768
22 3 20 16 63904 0.9802285073731669
29 16 22 20 39181 1.0392210386085023
14 7 21 25 92915 1.0262557100586378
22 8 8 1 51634 0.9945696936196115
27 7 8 28 114231 0.965595494449027
28 9 8 26 100475 1.0533175633999894
8 9 27 25 104842 1.0747664721562604
0 3 26 17 111804 1.0780181854815563
18 13 27 26 71841 1.0445510356560697
17 17 0 23 62622 0.9994542687432425
1 22 19 29 72390 1.0460916104405782
8 16 22 27 77075 0.9424024721923059
26 29 2 25 87954 0.990543337836967
9 0 29 29 128997 0.9778578741988095
19 23 11 7 88090 0.9379128759559564
25 14 5 0 94129 1.0573630589956293
29 20 8 0 112794 1.0988963055994114
28 18 12 10 70754 0.9927109896622497
27 2 12 24 108939 0.9860164894901935
2 26 21 1 115835 0.9395287360103228
6 28 12 1 106604 1.0361209272104006
11 10 19 3 48126 1.0735804582049107
1 14 9 28 56766 0.9448594854341738
20 13 25 22 46701 1.058965400163318
17 16 25 6 54808 1.0166333387599504
5 25 12 5 76922 0.9532234917416396
25 7 19 24 76459 1.0786045363422505
8 16 9 6 43974 1.048372432484853
4 23 12 0 89063 1.054545355455034
6 2 16 0 40176 0.9809473122448376
21 6 28 14 44855 1.0170477509762121
3 23 24 24 66770 0.9786276808963763
10 7 20 8 33178 0.9583196691682393
17 20 13 27 48716 1.0018636540161288
24 14 6 19 84602 1.008642369802295
22 28 5 16 88203 0.9900442347950151
4 8 19 28 105259 0.9059768910020881
25 6 21 29 86216 0.9928428276047858
10 6 16 19 84794 1.0983316045732174
16 8 23 13 32551 1.0145788199396857
29 26 22 20 36044 0.9704835424857378
5 24 27 5 106895 1.0702498735774675
1 23 13 10 71379 1.0394309569860885
7 18 21 21 57027 1.010313087802512
12 17 8 28 57960 0.9836452682287993
21 26 10 13 81286 1.040599775355795
22 18 25 28 47647 0.9110527537719519
16 26 28 15 71154 0.9534387201246208
9 24 14 10 71586 0.9133140394309011
9 8 21 27 100184 1.0428482399634085
11 9 16 19 67378 0.9985397899603224
3 25 26 11 98905 1.0178620449330629
28 18 1 5 112291 0.9136093073869946
16 3 28 13 72893 0.9669551109179849
1 15 15 7 66397 1.0368557556855904
19 11 3 3 71430 1.083062173204492
7 4 28 1 70823 1.0997611408402066
7 8 0 29 82885 1.0998687435427477
25 26 12 12 93281 1.0495048170489902
12 25 0 29 56781 0.9037991068335712
5 12 13 2 54365 0.9370639137352766
29 26 23 0 97656 1.0906724196242479
8 22 20 20 37348 0.9928798986402432
19 27 16 13 69931 0.9004124032986068
21 20 12 10 68747 1.0200650632692279
19 0 11 22 97536 1.0543029834629973
9 28 9 3 93792 0.9320950675748074
26 18 1 26 89506 0.9164309590505595
11 28 23 1 129273 1.013052801524068
5 10 27 5 78970 1.0424716960906746
1 26 16 27 66333 1.0850935717596204
3 26 21 1 123220 0.9285282803606556
4 1 13 2 31217 0.9950951669634267
7 22 4 7 52602 1.0916631835266177
16 22 21 7 71420 0.9488769210620874
23 29 26 13 52666 1.0283388480977358
0 15 20 11 69349 0.9436562200277141
11 9 26 14 59907 1.0789889138571225
11 22 20 27 48606 0.936471311184591
5 28 29 7 134932 1.0522786392951304
21 25 12 24 39124 0.9268241504745794
8 22 25 1 109151 1.0771711386838942
25 4 3 24 119931 0.9284164810540432
20 3 11 19 81927 1.0198109090509697
8 10 18 13 44143 0.9118158168162118
2 7 13 10 49104 1.0041243221355964
7 13 4 2 45547 1.0744206635259137
4 2 2 29 82548 0.9322632727524889
29 5 1 13 104943 0.9549889952220315
12 12 14 24 68869 1.0620671966305797
13 18 8 8 58853 0.9986142171758987
4 7 21 16 83909 0.9888699767721354
3 27 5 13 54559 0.9144362279013891
3 11 0 2 32794 1.0263773911439473
4 24 28 23 67647 0.9486098529298208
19 0 6 17 91576 1.0720978634393021
10 22 23 18 45918 0.9141063552690882
13 5 0 17 67742 0.9759898545475316
3 9 12 20 70902 0.944453402060384
19 5 4 26 113346 1.0061173865555162
18 8 29 28 84423 0.9774386753708878
4 6 21 5 68524 0.9624710328789903
16 22 18 8 67584 0.9034750307626329
8 14 25 24 78714 0.974383906146657
0 21 21 3 108604 0.9676870233808388
16 20 22 27 46547 1.0702544153051636
10 12 29 24 94549 0.953055935266395
6 7 9 15 40265 1.0101040882902752
29 3 13 25 121381 0.9698180545173793
29 26 21 14 55131 1.0045467185861987
4 16 24 29 93281 0.9289241680382752
18 18 29 22 49688 1.004821605084155
19 3 14 13 57017 1.0777397829259348
19 0 21 9 26224 1.0189257994248186
2 13 13 26 60884 0.9784433921507926
17 18 15 27 45663 0.9088783175300713
18 25 2 27 60202 0.9932096346627046
13 20 28 24 56579 1.0718587886496764
7 11 10 26 62474 0.9021594977921957
25 13 12 11 43998 0.9115578716896515
1 8 12 15 53061 1.038117242251466
20 26 14 8 95863 1.0828074349054666
17 3 9 5 35061 1.0751576143730743
8 16 6 2 58837 1.089573406485908
0 20 6 12 42203 1.052146620617558
29 13 3 12 93545 0.9000143542536542
24 29 9 3 126642 1.0314446990074146
26 11 12 0 65953 1.0568677419149357
16 21 11 6 89183 1.08028013718834
15 1 13 14 76594 1.0885617182488683
18 24 2 8 79160 1.0904545039313944
1 3 12 24 74645 1.0490152728193833
3 19 26 23 73255 0.9890414597394717
7 22 29 9 91414 1.000166985665321
22 2 12 8 46864 1.0230916082556643
18 16 23 4 64958 1.070763522430989
26 18 21 0 65891 0.9388422714769292
26 0 26 25 76045 1.027108123842922
29 1 18 26 112923 1.0592378516299388
28 24 12 23 52842 1.0342070993372796
1 6 14 9 59650 1.0789777188133267
25 2 13 2 46016 1.079783493607584
17 14 27 14 36878 0.9341740683317212
13 25 6 13 62800 0.9176606513435231
23 5 17 15 60650 0.9551227717792832
6 8 24 20 93380 1.000762746416006
26 19 29 6 43979 0.9078359032820207
9 8 25 7 50356 0.9793042952090107
17 29 11 6 113078 1.09012103064903
13 19 28 28 80912 0.9688616925428736
22 22 22 11 38781 0.925023227718418
24 0 12 7 60561 0.9175648637709067
15 2 10 21 94192 0.9169132370227671
10 14 18 27 75084 0.9620215412657782
13 24 0 13 57602 0.9173611847703904
22 23 29 6 68008 1.044782174957855
28 11 29 26 53548 1.0616217793846028
11 5 29 12 76076 0.9202053224464192
1 5 21 12 78073 0.9975787596294342
26 26 7 13 91798 1.026276550525052
14 23 29 7 88639 0.9937713358590442
18 15 16 26 50623 1.0062106910688033
13 27 14 2 132875 0.9980608151132006
14 12 15 2 62142 1.0781396880645464
5 4 21 15 84551 0.9118737992284106
6 19 28 1 117156 0.9026498334403918
7 19 20 8 79331 1.0550623940707344
3 20 11 8 62841 1.0937490457261778
26 0 18 20 93005 1.0336444495486667
3 0 20 20 111387 1.0980995733040668
13 23 16 4 104044 0.9226954752971978
2 7 17 17 78896 0.9250388411163871
4 10 9 15 31743 1.0267472922241372
28 16 21 12 31979 0.9431945064603936
17 11 11 21 61120 1.0319432427310253
20 26 28 12 72070 0.9076055807513638
19 15 19 2 52489 1.0787945747474328
26 28 23 12 53914 0.9805470859256377
15 10 9 29 100266 1.0524554064230025
21 17 9 5 83243 1.0709268112963877
3 4 26 2 82866 1.0747853263056082
12 10 24 18 64042 1.053242594517629
0 29 5 19 47149 1.0803616995249192
16 26 23 1 107960 1.012660674137278
3 20 28 29 98007 1.0833360690574563
8 1 0 8 41080 0.9623025232115952
2 6 26 21 99908 1.0794778550091282
24 8 15 21 77699 1.0003391992283814
18 20 24 9 62722 1.0811367818851674
0 21 19 26 67645 1.0745188638589682
15 27 26 26 62800 1.0452499156296027
13 17 5 22 47057 0.941346636474166
11 9 23 24 83825 0.943226142696191
3 11 29 25 102201 1.0116184860800967
8 18 24 28 75715 1.0313759559012783
18 20 13 4 92898 1.035140551333024
23 16 6 18 75937 1.0706062564861092
2 22 23 20 58294 0.9661445294975801
0 15 23 14 85229 0.9713367981094969
14 12 0 0 75627 0.92594877675919
9 0 18 17 93772 0.9552143660113769
0 27 10 13 73923 0.9143224640880031
24 27 29 7 78401 1.0337169654637728
10 24 20 4 97139 1.023938501664736
2 23 23 18 68652 1.0062929647255672
13 11 3 17 46214 1.0102945526182359
4 4 18 9 60578 1.0724613186190735
28 18 15 14 51014 1.0470062891498406
20 18 2 4 103480 1.0830029942964667
10 13 21 21 66830 1.0617928385923223
20 26 14 1 111143 1.0915869117180566
17 15 7 14 42525 0.9424374986207984
1 13 14 22 53226 1.0680921076195735
6 19 0 6 54791 0.9497439146923371
26 7 12 10 52994 0.9225353803407015
3 17 24 2 106001 1.0807200450239014
4 0 11 4 39294 0.9268099607660324
29 10 11 3 82075 0.9636383415669425
27 11 15 11 32582 0.9502118084334075
22 18 27 8 42135 0.9535771513750952
6 14 20 29 97132 0.9982416239975891
6 27 3 14 49947 0.9778609613479443
14 5 21 29 113038 0.9053207769376433
26 6 8 27 106853 1.0607337752322594
18 7 26 29 88175 0.9275973756863053
12 11 16 0 66514 1.0620336578271599
28 13 25 20 31843 1.0190659222843315
15 18 7 14 48022 1.0518431422931505
7 25 25 24 64549 0.9479557046807106
4 19 15 25 50481 0.9765923987262127
20 7 27 16 41953 0.9909078538418958
16 28 20 16 65291 0.971745430317636
7 22 15 28 54058 1.0235659585839154
20 4 22 25 70280 1.0374336165197675
8 8 22 13 58992 1.087692723601064
13 0 23 29 110248 0.9811240548404213
11 18 25 15 56856 0.920673253770185
17 16 18 29 56936 1.0867677433659306
19 26 15 15 60550 1.0396477757056275
0 19 18 7 89051 0.9002431732095193
1 29 2 10 58036 0.9468444898977689
5 17 13 0 69819 0.9146472932066411
25 12 28 29 61307 1.0953483337850882
19 3 25 23 75701 1.0459067406184386
10 18 22 29 77579 0.9972738597710821
29 10 2 26 116079 0.9561055169748954
7 26 23 17 75744 0.9903503774179518
0 26 27 18 93914 0.9383149760391178
7 5 16 11 51080 0.9735660831682754
12 9 12 25 79138 1.0024507037758663
1 21 0 6 45116 1.049668932039037
15 24 2 7 70905 1.0263126042336492
15 11 5 3 52658 1.0657704775755064
0 12 5 3 41508 1.0862147186951692
14 2 29 6 66574 1.0343094645170248
15 21 6 16 53744 1.0305395007869338
0 29 6 9 79072 1.064570520078896
13 23 15 8 83097 0.9739831671116874
0 6 28 3 103073 1.0218782213297506
0 13 18 28 93122 1.0437108319769328
9 21 15 13 50475 0.912872374661512
0 16 25 16 98700 0.9585081993655917
13 21 1 17 48874 0.9066120394390593
7 24 27 21 59751 1.0877001174213536
6 5 28 24 114541 1.0173496821284347
29 2 3 10 111084 0.9337718657578478
15 27 4 22 50280 1.090486505483764
15 10 4 23 73687 0.9410877528563257
22 22 15 15 46427 0.9651804330476071
0 6 5 1 27184 0.9509488871484791
12 0 18 4 39764 0.9386862670641472
24 13 23 0 53847 1.047522248962124
12 22 12 2 96164 1.0555636297286395
19 12 5 15 57910 0.9673179007372179
27 10 17 14 44039 0.9056246825054475
11 6 1 10 47142 1.036849234974774
23 20 7 22 45407 0.9459303872206588
29 24 29 12 53381 0.9191826378992572
19 15 7 22 54171 1.0590318818958258
23 1 10 19 96850 1.0671868550894363
26 23 19 28 46017 0.9993391864098031
11 7 19 3 44282 0.9108375979835304
10 21 17 29 50337 1.0306851827527324
12 5 29 26 107965 1.0140300557144175
2 19 10 22 27612 0.9763489469852664
8 12 24 11 52377 0.9399340262324056
2 15 24 2 102625 0.9215817930084478
3 1 9 25 77856 0.9975650640553262
26 26 6 7 111741 0.9006655277218182
25 13 28 21 36536 1.0040004355638432
11 26 16 13 71074 0.9833578885480855
13 16 21 7 69002 0.9162150083414211
3 1 6 13 44252 0.9898110678736176
12 3 24 6 57091 0.9317675807686441
1 15 13 11 43414 0.926027819803573
29 7 10 1 72077 0.90691652302965
4 26 19 16 77916 0.9507478434983585
3 4 13 20 88546 1.0658291762351095
4 6 14 10 53323 0.9878822192974929
22 7 29 29 82670 0.9367047792135667
15 23 4 28 63078 1.0037435898730491
21 28 1 26 88261 0.9200662789310978
11 16 18 9 52376 0.9732801079760688
1 13 23 19 85437 0.9055098265217991
6 15 0 25 45178 0.9996669271022225
18 14 18 27 63725 0.9298762719541028
22 0 29 28 101312 1.0114197239830256
20 7 15 14 45659 1.0375694994433424
26 28 16 19 56921 1.0881889447445077
19 14 7 10 57389 1.0564045308674321
4 12 0 18 35522 0.9020763005535108
2 25 16 19 57187 1.07682572054402
22 11 9 17 61458 0.9977640943007388
19 14 9 24 61817 0.9116613948049895
17 12 27 19 56175 0.9923525394773103
10 21 14 14 46529 0.9297349655183453
6 2 19 11 73182 0.9404032341519607
29 2 14 27 137217 0.9556312333409408
16 3 29 12 73123 0.9103953589079238
11 12 5 18 40225 1.047591547236556
6 27 10 5 83898 1.057890128703986
0 10 19 28 102807 0.9930386727867678
0 6 29 20 117943 0.9883974876071141
4 22 24 21 56752 0.9701843953811352
13 5 29 19 91258 0.9338717276723393
6 14 21 29 98299 0.9651515259298316
23 12 28 20 37977 0.9209269060200781
14 29 23 13 91753 0.9283060509349983
23 3 8 5 64904 1.00878418777154
21 13 12 10 41210 1.0849615067698224
1 20 15 20 50198 0.9317741801148036
6 23 22 10 88099 0.9572533550205657
14 0 5 3 37966 1.033911011058012
13 9 20 0 42412 0.9856888101441504
17 6 11 24 95583 0.9055243712319624
10 21 13 3 86068 0.9322928845199582
21 1 10 29 130163 1.0580195744079564
8 24 0 20 27167 0.9302768660706581
9 10 24 0 70462 1.074441080449211
28 26 17 20 55058 1.0375564326507338
6 22 16 11 66578 0.9651513804742788
21 23 2 10 79715 1.0832584684164517
22 21 1 11 81699 0.9929725610066399
10 12 21 4 58869 0.9685653371235765
10 5 22 27 112539 0.9741046034137891
27 4 22 21 63432 1.0663252837588904
5 15 2 0 45729 1.083440777017713
5 3 28 16 103373 0.9875198845402733
17 13 11 21 57655 1.05415092525172
2 1 26 23 111761 0.9840028279964516
28 9 14 23 77202 1.0575613643674373
1 11 14 5 50646 1.0168514527573231
23 28 4 3 119882 0.9415363035374916
0 3 5 28 86552 0.9513887878640422
14 20 6 18 44291 1.0002991008052233
28 17 6 12 88445 0.9424443120038204
8 13 26 19 76053 0.9775376893932554
12 7 5 22 68855 0.9381434312464507
10 26 29 2 134162 1.089742097183035
0 20 12 0 87829 0.9846043441768709
11 13 23 12 46303 0.9288771156119858
12 17 12 3 75897 1.0428444590336001
9 15 0 5 53950 1.0641900842069827
19 28 11 12 92103 1.0093415431649086
20 9 29 13 43324 0.9822534926993991
10 16 18 6 68939 0.9416623008992072
18 18 26 6 57235 1.0669661555895436
28 26 18 4 96826 1.0803824786343301
24 28 15 2 110508 0.9676158218450883
29 20 25 11 41804 1.0277788776675978
22 20 21 0 72473 1.0399860185387944
10 8 26 17 69669 0.934167870884512
19 2 1 9 75875 1.0925355124548173
22 28 28 2 100737 1.0588878077599693
12 10 5 1 52749 0.9039856677703751
3 9 28 25 113265 1.084899570935733
9 20 29 22 54087 1.0007097660751187
1 8 25 6 85381 1.007864907046461
7 29 28 12 116527 0.9214213669719555
12 22 24 4 98800 0.9632720364896481
7 14 4 0 50791 0.9932379733661707
0 19 19 2 106514 0.9868632565554933
0 9 22 20 96167 0.9580424686995145
14 21 8 27 41290 1.0606502648054568
15 8 8 16 53319 0.9065227666159168
19 20 24 26 34936 0.9781372368071828
28 11 15 14 50564 0.9952880320219948
10 2 21 11 63616 1.0467998324970584
4 9 4 19 40692 0.9825212088227234
12 0 1 8 53602 0.9337338545151582
11 16 25 13 66001 0.9379173285690721
27 1 2 0 73616 0.9280244391059072
16 20 3 28 69343 0.9052788796243141
6 24 18 24 35510 0.9076173855339578
4 2 11 13 56270 1.0463298049361949
1 11 3 1 32242 0.9203066819724536
21 24 9 0 111175 1.0783512298500508
11 3 25 11 70329 1.0031153918803406
10 20 27 9 89411 1.0233801623963246
2 12 11 10 35604 1.0527415224445698
5 16 27 21 77857 1.09169706954674
13 13 24 9 55675 1.0976730020177476
29 25 8 0 122002 1.0648572048716565
16 5 23 22 76156 1.0134823359087597
0 25 6 11 48708 1.0964711444389228
26 0 3 0 76240 0.968813498326856
10 22 1 3 69463 0.9206671430330471
29 14 18 24 66564 1.034659184722255
8 23 3 2 73851 1.0617865231892876
27 12 24 23 42371 1.067958254116185
16 6 7 16 71802 1.0015283388155307
11 20 20 26 54409 1.025667126076106
28 7 4 25 115821 0.9740731653838073
1 1 22 17 105434 0.9662109564647788
4 18 13 15 53746 0.9546695113088448
5 2 17 11 62240 1.0309593417708087
18 10 9 29 106543 1.0065109093910394
26 1 0 7 92872 0.9516068264806872
25 6 10 29 121433 1.0774103913234754
1 15 7 7 39909 0.9703593592504227
26 17 21 28 52127 1.0151950548730109
24 3 28 26 90154 1.051327825317208
5 7 18 29 101289 0.9415308227559488
13 24 20 14 59589 0.9998621352886043
10 3 11 16 61307 0.943928072669779
22 22 22 1 74254 0.9203444973348754
5 9 21 14 68923 1.001834456067953
25 5 0 6 94554 1.0204177216753247
1 23 26 12 96176 0.914016401423154
18 2 25 29 102690 1.0637905822515956
22 2 26 24 81607 1.051115202583593
17 8 8 9 32342 0.9164303099119931
27 3 18 21 84267 1.0287691139315873
2 8 19 0 70701 0.9822472906361055
15 9 4 14 53038 0.9106230896415941
10 14 0 4 55869 1.0950827430601802
2 0 2 22 52607 0.936251944868707
27 4 16 20 78436 1.0368482857714978
27 0 20 29 110830 1.0870531510803105
28 28 4 27 106329 1.0014379248650136
19 15 8 4 80432 1.0711983836742984
12 10 18 26 91305 1.0709970589509687
9 17 18 4 80304 1.0961588217919562
11 17 14 25 49714 1.08572707109825
5 5 7 18 46982 0.9422440899994702
28 12 18 3 55929 1.0432009997891067
10 6 29 27 115606 1.0898651237018253
14 3 25 18 92986 1.0581150435201825
18 18 11 13 49318 1.0285692211516138
29 7 22 26 75422 0.9598771273939513
8 20 27 11 84539 1.0044903982192073
26 15 14 4 76053 0.9474563126420872
13 22 3 13 54822 0.9287202966186564
18 4 17 28 109306 0.9461123684984744
22 20 1 28 83447 0.976687348739769
20 27 0 13 99013 0.9024676642603859
1 3 21 23 102074 0.9771836371132218
3 11 27 11 67963 1.0467559324669922
29 10 7 16 91901 1.0606285003525833
6 20 22 10 84766 0.9925045166642763
12 23 9 7 67406 0.9836653072137544
14 1 2 27 101806 0.9518632883059641
10 4 27 29 127386 1.0277856386560613
26 1 4 9 86280 1.012351501538345
0 7 11 16 61396 1.035449996845315
21 29 13 3 124495 0.9338116928706129
6 24 14 29 54823 1.0453049833076138
11 18 12 9 42758 1.0585217360422905
0 25 11 25 32511 0.93560738828972
1 15 28 6 98047 1.0971998176382711
10 20 28 9 91625 1.0266812689400155
7 26 5 0 82995 1.0898959264386139
29 28 26 13 48574 1.0891391204955172
17 25 12 6 101154 1.0030355256364603
0 8 14 4 53386 0.9504169792202299
22 19 3 16 80791 0.9015424894892077
12 1 21 11 51430 0.9058688612347323
10 17 21 8 68970 1.0568212457758674
23 23 8 4 105254 1.028654851619406
25 13 8 8 64704 0.9988328253334117
4 24 25 9 97866 0.9145213820758888
29 28 27 4 76676 1.0109426509341444
24 29 10 9 108096 0.9827439031442279
21 6 15 19 72436 0.9069264236959238
27 7 10 0 72647 0.9767273154007821
16 27 25 17 68918 0.902660064962405
10 5 25 3 74093 1.032864568177311
18 24 17 8 79618 0.9731835161257559
23 23 11 28 62535 1.0467890189985771
16 14 15 29 73598 1.037535267172066
0 10 17 14 70797 0.9198755058043543
7 14 26 0 97078 0.9031068709388603
6 21 25 28 76848 0.9534839886662808
24 3 13 7 61969 1.0326339767190957
5 16 29 10 87866 1.0007684491878321
7 20 22 9 88203 0.9610815658519257
9 22 3 10 51746 0.9335240753605499
13 9 13 20 68130 1.0634966541883988
9 9 3 29 81255 0.9719566105677286
13 28 4 24 44673 1.0657619693229525
29 26 19 1 88942 1.0128180655760781
3 8 23 0 85496 0.9175636840457827
7 10 9 22 48854 1.0844500749658592
0 13 24 1 101179 0.9540793315515622
7 26 24 4 129443 0.9877573477312371
16 28 9 15 71058 1.0185626027547994
14 27 19 3 117441 0.9116190335324791
3 10 25 9 80098 0.9582074451090834
2 25 28 5 124104 0.9502144451415615
24 29 0 24 85044 0.9498527702287197
7 16 21 21 62500 1.0187011266814325
27 6 2 24 112122 0.9414474919831188
0 12 5 17 29857 1.045765707719674
6 0 22 5 68650 0.9869788095010323
0 5 29 1 94644 0.9779825272398053
20 14 13 3 72802 0.924111132649713
9 28 12 21 44329 0.9449044878077779
7 6 6 27 74071 0.9806798885154829
0 6 20 28 119576 0.9641260496587067
7 6 10 22 64955 1.0184911877666205
17 2 13 11 59521 0.9992537061258805
28 11 8 9 68312 0.9972973201221482
11 10 2 1 54945 1.0970168945467063
9 18 10 28 43099 0.9844552857626254
3 28 18 22 62680 0.9777647255873451
22 22 17 29 43514 1.027093359782242
2 28 18 20 65765 1.0409136961193401
3 2 13 0 40127 1.0558513458697913
2 23 4 6 50079 0.9455614265431672
22 7 14 1 40491 1.075462084001029
10 29 20 0 129551 1.0724479225068484
16 12 5 11 38816 0.9391811295337202
28 7 11 13 70388 1.0599668154004933
19 21 12 28 57798 1.0987816052534387
22 27 23 12 50643 0.9120489232360742
28 19 6 18 88956 0.9624258500083989
24 23 3 21 64683 0.9953473262085997
13 25 5 23 27530 1.0122819816991102
2 21 3 5 42323 1.031783421668303
9 22 24 8 86142 1.0066498747767822
20 11 7 15 56970 1.004261989915147
23 17 6 14 65400 1.0185070881958085
22 4 24 17 55393 0.9539726208062406
10 14 23 13 54349 0.9459696190121905
13 12 0 18 63511 0.9823756387548832
13 9 7 22 71814 0.9950388944454729
23 1 26 14 47953 0.9687846191778565
17 27 26 25 49735 0.9471319586309531
11 7 19 0 48750 0.9204671282784238
19 27 13 8 103563 1.045672446885989
16 3 0 10 68988 0.9134087794876298
28 24 23 6 67143 1.0817733024292127
20 12 26 7 28609 0.9705956156320622
0 19 2 1 53840 1.0432248373044715
25 6 8 23 95887 1.090865250645084
18 23 3 25 50664 1.0219029714151913
26 6 0 18 104385 0.9123550460038888
10 8 2 24 64055 1.0332253575674222
20 27 11 16 76466 0.9383851911602533
11 22 10 8 56247 0.9620563452179659
11 29 5 23 39008 0.9410056714515331
20 27 8 17 72854 0.9757116229234261
28 8 3 17 96728 0.9486615651341429
4 16 21 10 69706 1.0410578344649604
26 19 3 19 82049 1.0417454698458446
15 21 7 4 90557 0.9890894747808752
17 20 7 22 29396 0.9920070387110475
12 19 26 24 59577 1.0451941092710775
4 7 12 25 70302 1.020029604085454
25 10 9 13 57372 0.9989378137121088
12 16 1 12 52241 0.9818272792287871
4 15 19 26 80265 0.9740763866245107
19 18 17 28 50753 1.012842389804373
0 12 17 19 79274 0.9524828154672862
17 18 12 7 71713 0.9982667813257036
6 29 12 7 103198 1.0371268259935658
13 17 17 26 50915 1.003793602063892
18 17 13 6 72167 1.0588912925023393
22 10 3 7 71636 0.9093276719137429
17 20 28 22 37491 0.9632388561140754
3 20 11 4 72027 0.9946943264217851
7 28 7 14 63121 0.9359880801901879
21 16 26 24 39834 0.9474798285527146
6 23 15 1 92566 1.0929647328218262
7 27 28 1 135485 1.0436824938645393
1 18 27 7 103555 0.9820956696791723
6 1 10 16 64543 1.0438048872174437
21 7 18 28 95722 1.0896401121652493
19 3 27 22 73552 1.0602131375204635
3 22 5 12 32680 1.0303008480566753
24 6 7 14 81010 1.0737883785133886
8 15 18 9 56766 1.0767221963916824
20 29 15 3 127246 0.9408437730386144
12 0 11 23 98013 0.9594440660251512
26 27 24 13 47888 1.0360870856086923
22 29 11 25 64319 0.9898656879703267
24 18 2 11 86474 1.0174970826301961
16 20 23 23 30342 0.9854759409802494
24 19 18 10 45572 0.9675424401879831
14 27 11 7 104366 0.9563759714372558
6 4 9 14 45337 0.9532142076858436
9 23 27 10 79986 0.9755947492498119
19 22 15 9 70556 0.9324187023252755
29 23 22 3 84568 1.079431567702116
23 5 12 24 106890 0.9576729181675632
15 7 11 21 76341 1.0171969012722866
24 25 27 10 52767 0.9602290816718937
14 3 22 0 43464 0.9596408378927742
27 23 17 10 66837 1.0585198851514934
28 26 6 27 99066 0.9494665193260741
21 18 15 28 64040 1.0703572417151954
29 24 14 3 114770 0.9063078906484389
14 26 29 16 84624 0.9692012867446342
12 13 22 8 51319 0.9794948836837284
26 18 7 6 90589 1.0721700359895547
25 15 16 24 55026 1.0198680384902947
0 19 23 27 81275 1.049794397829262
24 25 16 14 55939 1.032270584087599
2 19 12 26 44052 1.0438861815791487
24 4 26 28 80894 1.0503663251664463
14 12 26 8 46882 0.9125578932174442
27 29 11 14 98772 1.050194035052046
15 16 21 3 68764 0.9945009856146834
18 0 18 11 40425 1.0886637285705343
6 14 14 21 55022 1.0676889036477772
7 26 20 21 55747 0.9259579009322868
3 13 10 4 52376 1.0688883066041526
